Processando arquivo: albano_mod_pack.txt

Tempo de Inicio (hh:mm:ss.ms) 2026-04-27 10:05:40.581865
Tempo de Termino (hh:mm:ss.ms) 2026-04-27 10:05:41.638911
Tempo Total (hh:mm:ss.ms) 0:00:01.057046

Função Objetivo: 7103.163221467054

0.0 0.0 892.3595568980554 1206.7236250263793 d
158.06163434238806 2080.872918730221 2674.6976953472254 214.94634436630793 c
2674.6976953472254 214.94634436630793 3290.59142814067 700.7536886899911 d
3290.59142814067 700.7536886899911 2984.470474972488 970.2403643626949 c
3290.59142814067 700.7536886899911 3893.664483185357 1306.8043669490403 d
3865.890634194162 1233.5352197759062 3893.664483185357 1306.8043669490403 c
3893.664483185357 1306.8043669490403 3915.742612801858 1373.7017568291894 c
3915.742612801858 1373.7017568291894 4266.9086848041625 1097.3431449771444 c
4266.9086848041625 1097.3431449771444 4621.319043061224 816.1174100285236 c
4621.319043061224 816.1174100285236 4840.328929710972 421.1119643341798 c
4840.328929710972 421.1119643341798 5485.926825679108 842.87481770415 d
5485.926825679108 842.87481770415 5425.780713430636 1380.1219224521512 c
5425.780713430636 1380.1219224521512 5368.926007847302 1922.1172736122655 c
5368.926007847302 1922.1172736122655 5210.208387711744 2409.930084279547 c
5210.208387711744 2409.930084279547 5057.083573041098 2894.6205210579033 c
4714.177184441116 3434.7107844535653 5057.083573041098 2894.6205210579033 d
4714.177184441116 3434.7107844535653 4393.698651111819 3558.3178248407858 c
4393.698651111819 3558.3178248407858 3976.955177169627 4157.881592952095 c
3976.955177169627 4157.881592952095 3883.352461999323 4364.555260779118 d
3883.352461999323 4364.555260779118 3976.9551771696274 3500.4472971791592 c
3976.9551771696274 3500.4472971791592 3362.0252758996708 3434.7107844535653 c
3362.0252758996708 3434.7107844535653 3274.3608994990577 3500.4472971791592 d
3274.3608994990577 3500.4472971791592 2659.430998229101 3434.7107844535653 c
2659.430998229101 3434.7107844535653 2571.766621828488 4302.237407074142 c
2571.766621828488 4302.237407074142 2571.766621828488 4243.70550534169 d
2571.766621828488 4243.70550534169 1759.0354773366407 3434.710784453566 c
1759.0354773366407 3434.710784453566 1034.3620827217367 4245.449714004497 c
1034.3620827217367 4245.449714004497 353.2015793981909 4795.73815037959 c
353.2015793981909 4795.73815037959 316.79908403685704 5094.811221654226 c
316.79908403685704 5094.811221654226 0.0 5462.8028246459635 c
0.0 5462.8028246459635 339.61175730820514 5918.977477048552 c
339.61175730820514 5918.977477048552 765.0084455722906 6055.7539001930545 c
737.2220072714892 6055.7539001930545 765.0084455722906 6055.7539001930545 d
737.2220072714892 6055.7539001930545 416.74347394219194 6179.3609405802745 c
416.74347394219194 6179.3609405802745 0.0 6778.924708691584 c
0.0 6778.924708691584 768.9496416739009 8273.437965432531 c
768.9496416739009 8273.437965432531 839.3481264719661 8801.741703070755 d
1157.5826354080048 8740.508753731394 839.3481264719661 8801.741703070755 c
839.3481264719661 8801.741703070755 719.5925858362875 9377.083838771377 c
719.5925858362875 9377.083838771377 428.84325263801065 9519.671833636694 c
428.84325263801065 9519.671833636694 368.6971403895377 10056.918938384695 c
368.6971403895377 10056.918938384695 311.8424348062041 10598.91428954481 c
311.8424348062041 10598.91428954481 153.12481467064606 11086.72710021209 c
153.12481467064606 11086.72710021209 0.0 11571.417536990448 c
0.0 11571.417536990448 1068.3198035695582 11843.438150841474 c
1068.3198035695582 11843.438150841474 2137.6066186329376 12111.50780038611 c
2137.6066186329376 12111.50780038611 2674.6976953472254 12326.454144752417 d
2524.1927074933847 12111.507800386109 0.0 13978.12202693269 c
0.0 13978.12202693269 158.06163434238806 14192.38071911633 c
158.06163434238806 14192.38071911633 87.66437640061294 14329.191865625586 d
87.66437640061294 14329.191865625586 0.0 15196.71848824616 c
0.0 15196.71848824616 608.9915625002654 15259.036341951138 c
608.9915625002654 15259.036341951138 702.5942776705696 14394.92837835118 c
790.2586540711825 14329.191865625586 702.5942776705696 14394.92837835118 d
790.2586540711825 14329.191865625586 702.5942776705696 15196.71848824616 c
702.5942776705696 15196.71848824616 1311.5858401708351 15259.036341951138 c
1405.1885553411391 15052.362674124117 1311.5858401708351 15259.036341951138 d
1405.1885553411391 15052.362674124117 2174.13819701504 16546.875930865062 c
2174.13819701504 16546.875930865062 3333.0727944427363 16083.5710042513 c
3333.0727944427363 16083.5710042513 2869.135346195139 14473.840807558381 c
2869.135346195139 14473.840807558381 2142.4105626126284 14329.191865625588 c
2142.4105626126284 14329.191865625588 1821.932029283331 14452.798906012807 c
1821.932029283331 14452.798906012807 1405.1885553411391 15052.362674124117 c
1311.5858401708351 15259.036341951138 1405.1885553411391 14394.92837835118 c
1405.1885553411391 14394.92837835118 790.2586540711825 14329.191865625586 c
702.5942776705696 14394.92837835118 87.66437640061294 14329.191865625586 c
158.06163434238806 14192.38071911633 2674.6976953472254 12326.454144752417 c
2674.6976953472254 12326.454144752417 3290.59142814067 12812.2614890761 d
3290.59142814067 12812.2614890761 2984.470474972488 13081.748164748804 c
3290.59142814067 12812.2614890761 3893.664483185357 13418.312167335149 d
3865.890634194162 13345.043020162015 3893.664483185357 13418.312167335149 c
3893.664483185357 13418.312167335149 3915.742612801858 13485.209557215298 c
3915.742612801858 13485.209557215298 4266.9086848041625 13208.850945363252 c
4266.9086848041625 13208.850945363252 4621.319043061224 12927.625210414632 c
4621.319043061224 12927.625210414632 4840.328929710972 12532.619764720288 c
5057.083573041098 12834.678608884638 4840.328929710972 12532.619764720288 d
5057.083573041098 12834.678608884638 5826.033214714999 14329.191865625586 c
5826.033214714999 14329.191865625586 6984.967812142695 13865.886939011822 c
6984.967812142695 13865.886939011822 6521.030363895098 12256.156742318903 c
6521.030363895098 12256.156742318903 7136.559476376459 12235.175359754745 d
6984.967812142695 12357.171368649815 7171.010698839125 12657.5629007065 c
7171.010698839125 12657.5629007065 7357.656673065005 12964.800574213385 c
7357.656673065005 12964.800574213385 7456.731359042036 13305.327559034367 c
7456.731359042036 13305.327559034367 7570.951024497063 13647.630185844959 c
7570.951024497063 13647.630185844959 7754.11622042261 13614.814578253336 c
7754.11622042261 13614.814578253336 7950.516242996412 13582.966939563637 c
7950.516242996412 13582.966939563637 7834.6355429031155 13404.585305233008 c
7834.6355429031155 13404.585305233008 7714.509064765483 13232.12598109796 c
7714.509064765483 13232.12598109796 7664.0033376614465 13042.28264769882 c
7664.0033376614465 13042.28264769882 7616.06692821785 12845.179042379328 c
7616.06692821785 12845.179042379328 7392.376681153226 12514.051385307868 c
7392.376681153226 12514.051385307868 7342.486137036695 12316.18755487079 c
7342.486137036695 12316.18755487079 7282.366497123257 12111.507800386109 c
7282.366497123257 12111.507800386109 7136.559476376459 12235.175359754745 c
7136.559476376459 12235.175359754745 6984.967812142695 12357.171368649815 c
6521.030363895098 12256.156742318903 5794.305580312587 12111.507800386109 c
5794.305580312587 12111.507800386109 5473.82704698329 12235.114840773329 c
5473.82704698329 12235.114840773329 5057.083573041098 12834.678608884638 c
4840.328929710972 12532.619764720288 5057.083573041098 12134.4521494863 c
5057.083573041098 12134.4521494863 4982.074563246209 12119.997981366112 c
4982.074563246209 12119.997981366112 4907.878634039669 12111.507800386109 c
4907.878634039669 12111.507800386109 4691.973461080655 12454.483982996446 c
4691.973461080655 12454.483982996446 4481.784366987606 12812.2614890761 c
4481.784366987606 12812.2614890761 4175.663413819424 13081.748164748804 c
4175.663413819424 13081.748164748804 3865.890634194162 13345.043020162015 c
2984.470474972488 13081.748164748804 2674.697695347226 13345.043020162015 c
2674.697695347226 13345.043020162015 2702.4715443384207 13418.312167335149 c
2702.4715443384207 13418.312167335149 2724.5496739549217 13485.209557215298 c
2724.5496739549217 13485.209557215298 3075.7157459572263 13208.850945363252 c
3075.7157459572263 13208.850945363252 3430.126104214288 12927.625210414632 c
3430.126104214288 12927.625210414632 3649.135990864036 12532.619764720288 c
3649.135990864036 12532.619764720288 3865.890634194162 12134.4521494863 c
3865.890634194162 12134.4521494863 3790.881624399273 12119.997981366112 c
3790.881624399273 12119.997981366112 3716.685695192733 12111.507800386109 c
3716.685695192733 12111.507800386109 3500.780522233719 12454.483982996446 c
3500.780522233719 12454.483982996446 3290.59142814067 12812.2614890761 c
2674.6976953472254 12326.454144752417 2524.1927074933847 12111.507800386109 c
2137.6066186329376 12111.50780038611 2239.1688873301528 11614.879788140313 c
2239.1688873301528 11614.879788140313 2334.955839629273 11111.470666540392 c
2334.955839629273 11111.470666540392 2534.9283571267947 10608.369776038224 c
2534.9283571267947 10608.369776038224 2740.1099009451914 10098.933187392984 c
2740.1099009451914 10098.933187392984 3052.971600054331 10055.855795393789 d
3052.971600054331 10055.855795393789 2895.7841948192668 10516.167080461459 c
2895.7841948192668 10516.167080461459 2740.1099009451914 10987.011468408236 c
2740.1099009451914 10987.011468408236 3331.1126365966475 11168.949410069536 c
3331.1126365966475 11168.949410069536 3930.2069597818963 11355.246980258664 c
3930.2069597818963 11355.246980258664 4568.667388267259 8928.877187178452 c
4950.403702814199 9254.478079337769 4568.667388267259 8928.877187178452 d
4950.403702814199 9254.478079337769 4881.5290873764 10055.855795393789 c
4881.5290873764 10055.855795393789 4724.341682141336 10516.167080461459 c
4724.341682141336 10516.167080461459 4568.667388267259 10987.011468408236 c
4568.667388267259 10987.011468408236 5159.670123918716 11168.949410069536 c
5159.670123918716 11168.949410069536 5758.764447103965 11355.246980258664 c
5758.764447103965 11355.246980258664 6397.224875589328 8928.877187178452 c
6397.224875589328 8928.877187178452 6200.925359083554 8842.577768726871 c
6200.925359083554 8842.577768726871 6007.439079642847 8750.318772030823 c
6007.439079642847 8750.318772030823 5337.990052731744 8676.797015932543 c
5337.990052731744 8676.797015932543 5313.765287031267 8860.185367003915 c
5313.765287031267 8860.185367003915 5286.329835036995 9050.022744576836 c
5286.329835036995 9050.022744576836 5113.832218910473 9152.047662088013 c
5113.832218910473 9152.047662088013 4950.403702814199 9254.478079337769 c
4568.667388267259 8928.877187178452 4372.367871761486 8842.577768726871 c
4372.367871761486 8842.577768726871 4178.8815923207785 8750.318772030823 c
4178.8815923207785 8750.318772030823 4198.5928581172375 8540.020592788042 d
4198.5928581172375 8540.020592788042 4623.989546381323 8676.797015932543 c
4623.989546381323 8676.797015932543 6430.7477226375195 6864.7486210811785 c
6430.7477226375195 6864.7486210811785 5618.016578145673 6055.7539001930545 c
5618.016578145673 6055.7539001930545 4893.343183530768 6866.492829743986 c
4893.343183530768 6866.492829743986 4212.182680207223 7416.781266119078 c
4212.182680207223 7416.781266119078 4175.780184845889 7715.854337393715 c
3858.9811008090314 7527.213039370583 4175.780184845889 7715.854337393715 d
3858.9811008090314 7527.213039370583 3743.100400715735 7348.831405039952 c
3743.100400715735 7348.831405039952 3622.9739225781027 7176.372080904905 c
3622.9739225781027 7176.372080904905 3572.468195474066 6986.528747505763 c
3572.468195474066 6986.528747505763 3524.531786030469 6789.425142186273 c
3524.531786030469 6789.425142186273 3300.8415389658453 6458.297485114812 c
3300.8415389658453 6458.297485114812 3250.950994849315 6260.433654677735 c
3250.950994849315 6260.433654677735 3190.8313549358763 6055.7539001930545 c
3190.8313549358763 6055.7539001930545 3045.024334189078 6179.42145956169 c
3045.024334189078 6179.42145956169 2893.4326699553144 6301.417468456761 c
2893.4326699553144 6301.417468456761 3079.4755566517447 6601.809000513444 c
3079.4755566517447 6601.809000513444 3266.1215308776236 6909.046674020328 c
3266.1215308776236 6909.046674020328 3365.196216854656 7249.573658841312 c
3365.196216854656 7249.573658841312 3479.4158823096827 7591.876285651902 c
3479.4158823096827 7591.876285651902 3662.5810782352296 7559.06067806028 c
3662.5810782352296 7559.06067806028 3858.9811008090314 7527.213039370583 c
4175.780184845889 7715.854337393715 3858.981100809032 8083.845940385452 c
3858.981100809032 8083.845940385452 4198.5928581172375 8540.020592788042 c
4178.8815923207785 8750.318772030823 3509.432565409675 8676.797015932543 c
3509.432565409675 8676.797015932543 3485.2077997091983 8860.185367003915 c
3485.2077997091983 8860.185367003915 3457.7723477149266 9050.022744576836 c
3457.7723477149266 9050.022744576836 3285.2747315884044 9152.047662088013 c
3285.2747315884044 9152.047662088013 3121.8462154921313 9254.478079337769 c
3121.8462154921313 9254.478079337769 3052.971600054331 10055.855795393789 c
2740.1099009451914 10098.933187392984 2641.7854849800797 9970.217943612039 c
2641.7854849800797 9970.217943612039 2550.504135428438 9839.00208316965 c
2550.504135428438 9839.00208316965 2626.8661577407784 9559.26462090385 c
2626.8661577407784 9559.26462090385 2711.809117982424 9279.284023882356 c
2711.809117982424 9279.284023882356 2469.347976760084 9069.729767754918 c
2469.347976760084 9069.729767754918 2218.0773322356495 8866.944224420282 c
2218.0773322356495 8866.944224420282 2029.4519354339743 9018.981193696582 c
2029.4519354339743 9018.981193696582 1799.288005074997 8957.124830896068 c
1799.288005074997 8957.124830896068 1559.7155260505463 8899.363757999628 c
1559.7155260505463 8899.363757999628 1520.6426521479286 8784.503772444892 c
1520.6426521479286 8784.503772444892 1471.0270969804321 8676.797015932545 c
1471.0270969804321 8676.797015932545 1157.5826354080048 8740.508753731394 c
768.9496416739009 8273.437965432531 1927.8842391015971 7810.133038818766 c
1927.8842391015971 7810.133038818766 1463.9467908539998 6200.402842125848 c
1463.9467908539998 6200.402842125848 2079.4759033353607 6179.42145956169 d
1927.884239101597 6301.417468456761 2113.927125798027 6601.809000513444 c
2113.927125798027 6601.809000513444 2300.573100023906 6909.046674020328 c
2300.573100023906 6909.046674020328 2399.647786000938 7249.573658841312 c
2399.647786000938 7249.573658841312 2513.8674514559652 7591.876285651902 c
2513.8674514559652 7591.876285651902 2697.032647381512 7559.06067806028 c
2697.032647381512 7559.06067806028 2893.432669955314 7527.213039370583 c
2893.432669955314 7527.213039370583 2777.5519698620174 7348.831405039952 c
2777.5519698620174 7348.831405039952 2657.425491724385 7176.372080904905 c
2657.425491724385 7176.372080904905 2606.9197646203484 6986.528747505763 c
2606.9197646203484 6986.528747505763 2558.9833551767515 6789.425142186273 c
2558.9833551767515 6789.425142186273 2335.293108112128 6458.297485114812 c
2335.293108112128 6458.297485114812 2285.4025639955976 6260.433654677735 c
2285.4025639955976 6260.433654677735 2225.282924082159 6055.7539001930545 c
2225.282924082159 6055.7539001930545 2079.4759033353607 6179.42145956169 c
2079.4759033353607 6179.42145956169 1927.884239101597 6301.417468456761 c
1463.9467908539998 6200.402842125848 737.2220072714892 6055.7539001930545 c
765.0084455722906 6055.7539001930545 2571.766621828488 4243.70550534169 c
2571.766621828488 4302.237407074142 3180.7581843287535 4364.555260779118 c
3180.7581843287535 4364.555260779118 3274.3608994990577 3500.4472971791592 c
3362.0252758996708 3434.7107844535653 3274.3608994990577 4302.237407074142 c
3274.3608994990577 4302.237407074142 3883.352461999323 4364.555260779118 c
3976.955177169627 4157.881592952095 4745.904818843528 5652.3948496930425 c
4745.904818843528 5652.3948496930425 5904.839416271224 5189.0899230792775 c
5904.839416271224 5189.0899230792775 5440.901968023627 3579.35972638636 c
5440.901968023627 3579.35972638636 4714.177184441116 3434.7107844535653 c
5057.083573041098 2894.6205210579033 6125.403376610656 3166.64113490893 c
6202.238101251787 3434.710784453566 6125.403376610656 3166.64113490893 d
6202.238101251787 3434.710784453566 6056.431080504989 3558.378343822202 c
6056.431080504989 3558.378343822202 5904.839416271225 3680.3743527172724 c
5904.839416271225 3680.3743527172724 6090.882302967655 3980.765884773956 c
6090.882302967655 3980.765884773956 6277.528277193534 4288.0035582808405 c
6277.528277193534 4288.0035582808405 6376.602963170566 4628.530543101824 c
6376.602963170566 4628.530543101824 6490.822628625593 4970.833169912415 c
6490.822628625593 4970.833169912415 6673.98782455114 4938.017562320792 c
6673.98782455114 4938.017562320792 6870.387847124942 4906.169923631094 c
6870.387847124942 4906.169923631094 6754.507147031645 4727.788289300464 c
6754.507147031645 4727.788289300464 6634.380668894013 4555.328965165417 c
6634.380668894013 4555.328965165417 6583.874941789976 4365.485631766275 c
6583.874941789976 4365.485631766275 6535.938532346379 4168.382026446785 c
6535.938532346379 4168.382026446785 6312.248285281756 3837.254369375324 c
6312.248285281756 3837.254369375324 6262.357741165225 3639.3905389382467 c
6262.357741165225 3639.3905389382467 6202.238101251787 3434.710784453566 c
6125.403376610656 3166.64113490893 7194.690191674035 3434.710784453566 c
7194.690191674035 3434.710784453566 7296.25246037125 2938.0827722077693 c
7296.25246037125 2938.0827722077693 7392.03941267037 2434.673650607847 c
7392.03941267037 2434.673650607847 7592.011930167892 1931.5727601056794 c
7592.011930167892 1931.5727601056794 7797.193473986289 1422.1361714604393 c
7797.193473986289 1422.1361714604393 7698.869058021177 1293.4209276794945 c
7698.869058021177 1293.4209276794945 7607.587708469536 1162.2050672371058 c
7607.587708469536 1162.2050672371058 7683.9497307818765 882.467604971306 c
7683.9497307818765 882.467604971306 7768.892691023522 602.4870079498119 c
7768.892691023522 602.4870079498119 7526.431549801182 392.93275182237403 c
7526.431549801182 392.93275182237403 7275.160905276747 190.14720848773732 c
7275.160905276747 190.14720848773732 7086.535508475072 342.1841777640384 c
7086.535508475072 342.1841777640384 6856.371578116095 280.32781496352436 c
6856.371578116095 280.32781496352436 6616.799099091644 222.56674206708522 c
6616.799099091644 222.56674206708522 6577.726225189026 107.70675651234887 c
6577.726225189026 107.70675651234887 6528.11067002153 0.0 c
6528.11067002153 0.0 6214.666208449103 63.711737798849754 c
6214.666208449103 63.711737798849754 5896.431699513064 124.94468713821107 c
5896.431699513064 124.94468713821107 5776.676158877385 700.2868228388324 c
5776.676158877385 700.2868228388324 5485.926825679108 842.87481770415 c
4840.328929710972 421.1119643341798 5057.083573041098 22.944349100192085 c
5057.083573041098 22.944349100192085 4982.074563246209 8.490180980003288 c
4982.074563246209 8.490180980003288 4907.878634039669 0.0 c
4907.878634039669 0.0 4691.973461080655 342.97618261033654 c
4691.973461080655 342.97618261033654 4481.784366987606 700.7536886899911 c
4481.784366987606 700.7536886899911 4175.663413819424 970.2403643626949 c
4175.663413819424 970.2403643626949 3865.890634194162 1233.5352197759062 c
2984.470474972488 970.2403643626949 2674.697695347226 1233.5352197759062 c
2674.697695347226 1233.5352197759062 2702.4715443384207 1306.8043669490403 c
2702.4715443384207 1306.8043669490403 2724.5496739549217 1373.7017568291894 c
2724.5496739549217 1373.7017568291894 3075.7157459572263 1097.3431449771444 c
3075.7157459572263 1097.3431449771444 3430.126104214288 816.1174100285236 c
3430.126104214288 816.1174100285236 3649.135990864036 421.1119643341798 c
3649.135990864036 421.1119643341798 3865.890634194162 22.944349100192085 c
3865.890634194162 22.944349100192085 3790.881624399273 8.490180980003288 c
3790.881624399273 8.490180980003288 3716.685695192733 0.0 c
3716.685695192733 0.0 3500.780522233719 342.97618261033654 c
3500.780522233719 342.97618261033654 3290.59142814067 700.7536886899911 c
2674.6976953472254 214.94634436630793 2524.1927074933847 0.0 c
2524.1927074933847 0.0 0.0 1866.6142265465794 c
0.0 1866.6142265465794 158.06163434238806 2080.872918730221 c
892.3595568980554 1206.7236250263793 0.0 0.0 d
