Processando arquivo: art_3_hole_pack.txt

Tempo de Inicio (hh:mm:ss.ms) 2026-04-27 10:02:27.897162
Tempo de Termino (hh:mm:ss.ms) 2026-04-27 10:02:28.605170
Tempo Total (hh:mm:ss.ms) 0:00:00.708008

Função Objetivo: 186.1395225048182

0.0 0.0 41.628462390548464 24.034203967133354 c
41.628462390548464 24.034203967133354 41.628462390548464 10.821940076366877 c
41.628462390548464 10.821940076366877 55.198746022875014 0.0 c
55.198746022875014 0.0 72.12061292904721 3.862305695832436 c
72.12061292904721 3.862305695832436 79.65155218553899 19.500462198224167 c
86.70417803573409 25.16645936565593 79.65155218553899 19.500462198224167 d
86.70417803573409 25.16645936565593 86.70417803573409 17.512149037264066 c
86.70417803573409 17.512149037264066 93.98385975129646 15.146837065571294 c
93.98385975129646 15.146837065571294 98.48295047879515 21.339304201459996 c
98.48295047879515 21.339304201459996 93.98385975129646 27.531771337348694 c
93.98385975129646 27.531771337348694 86.70417803573409 25.16645936565593 c
79.65155218553899 19.500462198224167 72.12061292904721 35.13861870061589 c
72.12061292904721 35.13861870061589 79.651552185539 42.67860840292 d
79.651552185539 42.67860840292 79.65155218553899 0.0 c
79.65155218553899 0.0 116.61231126063574 21.339304201459996 c
116.61231126063574 28.598268501634912 116.61231126063574 21.339304201459996 d
116.61231126063574 28.598268501634912 145.21057976227064 0.0 c
145.21057976227064 0.0 173.80884826390556 28.59826850163491 c
183.9359343365543 35.081255220901554 173.80884826390556 28.59826850163491 d
183.9359343365543 35.081255220901554 173.80884826390556 17.540627610450777 c
173.80884826390556 17.540627610450777 183.93593433655428 3.552713678800501e-15 c
183.93593433655428 3.552713678800501e-15 204.19010648185179 0.0 c
204.19010648185179 0.0 214.3171925545005 17.540627610450773 c
214.3171925545005 17.540627610450773 204.19010648185179 35.08125522090155 c
204.19010648185179 35.08125522090155 183.9359343365543 35.081255220901554 c
173.80884826390556 28.59826850163491 145.21057976227064 57.19653700326982 c
145.21057976227064 57.19653700326982 116.61231126063574 28.598268501634912 c
116.61231126063574 21.339304201459996 79.651552185539 42.67860840292 c
72.12061292904721 35.13861870061589 55.19874602287502 39.00092439644833 c
55.19874602287502 39.00092439644833 41.628462390548464 28.17898432008146 c
41.628462390548464 28.17898432008146 41.628462390548464 24.034203967133354 c
11.164200883895479 19.336963156812317 0.0 0.0 d
19.300060622757528 24.034203967133354 11.164200883895482 28.731444777454396 c
11.164200883895482 28.731444777454396 11.164200883895479 19.336963156812317 c
11.164200883895479 19.336963156812317 19.300060622757528 24.034203967133354 c
41.628462390548464 24.034203967133354 1.7763568394002505e-14 48.068407934266716 c
1.7763568394002505e-14 48.068407934266716 7.865794909644878 57.196537003269825 d
7.865794909644878 57.196537003269825 23.597384728934657 57.196537003269825 c
23.597384728934657 57.196537003269825 31.46317963857954 70.8204934286914 c
31.46317963857954 70.8204934286914 31.463179638579543 75.57732729014495 d
31.463179638579543 75.57732729014495 42.075333858624944 57.196537003269825 c
42.075333858624944 57.196537003269825 63.29964229871578 57.196537003269825 c
63.29964229871578 57.196537003269825 73.9117965187612 75.57732729014495 c
73.91179651876118 75.43101623544652 73.9117965187612 75.57732729014495 d
73.91179651876118 75.43101623544652 79.25255183446046 62.53729231896911 c
73.91179651876118 75.43101623544652 57.84230457829152 75.57732729014495 d
57.84230457829152 75.57732729014495 54.280413979937684 80.47984911241542 c
54.280413979937684 80.47984911241542 48.51715392759248 78.60725240689617 c
48.51715392759248 78.60725240689617 48.51715392759248 72.54740217339373 c
48.51715392759248 72.54740217339373 54.280413979937684 70.67480546787448 c
54.280413979937684 70.67480546787448 57.84230457829152 75.57732729014495 c
79.25255183446046 62.53729231896911 92.14627575093789 57.19653700326982 c
92.14627575093789 57.19653700326982 105.0399996674153 62.5372923189691 c
105.0399996674153 62.5372923189691 110.3807549831146 75.43101623544652 c
110.3807549831146 75.43101623544652 105.0399996674153 88.32474015192393 c
105.0399996674153 88.32474015192393 110.3807549831146 81.62955738584552 d
110.3807549831146 81.62955738584552 134.8137753656903 57.19653700326981 c
134.8137753656903 57.19653700326981 159.246795748266 81.62955738584552 c
159.246795748266 81.62955738584552 159.246795748266 76.79473568376925 d
159.246795748266 76.79473568376925 170.5618210320841 57.196537003269825 c
170.5618210320841 57.196537003269825 193.19187159972037 57.19653700326981 c
193.19187159972037 57.19653700326981 204.50689688353847 76.79473568376925 c
204.50689688353847 76.79473568376925 193.19187159972037 96.39293436426868 c
193.19187159972037 96.39293436426868 170.56182103208414 96.39293436426868 c
171.99360550772644 106.06257776842122 170.56182103208414 96.39293436426868 d
171.99360550772644 106.06257776842122 182.8573045387588 124.87905644830605 c
182.8573045387588 124.87905644830605 171.99360550772644 143.69553512819087 c
171.99360550772644 143.69553512819087 150.26620744566173 143.69553512819087 c
158.3001452080687 129.7803467388558 150.26620744566173 143.69553512819087 d
158.3001452080687 129.7803467388558 158.3001452080687 119.9777661577563 c
158.3001452080687 119.9777661577563 166.78942901394487 124.87905644830605 c
166.78942901394487 124.87905644830605 158.3001452080687 129.7803467388558 c
150.26620744566173 143.69553512819087 139.40250841462938 124.87905644830605 c
139.40250841462938 124.87905644830605 139.40250841462935 126.62433456999788 d
139.40250841462935 126.62433456999788 118.8407516130527 147.18609137157455 c
125.8796342133083 126.62433456999788 139.40250841462935 126.62433456999788 d
118.8407516130527 133.66321717025346 111.80186901279711 126.62433456999788 c
111.80186901279711 126.62433456999788 118.8407516130527 119.5854519697423 c
118.8407516130527 119.5854519697423 125.8796342133083 126.62433456999788 c
125.8796342133083 126.62433456999788 118.8407516130527 133.66321717025346 c
118.8407516130527 147.18609137157455 98.27899481147604 126.62433456999788 c
98.27899481147605 129.12083219721836 98.27899481147604 126.62433456999788 d
98.27899481147605 129.12083219721836 75.22074038267891 152.1790866260155 c
64.79204800861817 158.225063722303 75.22074038267891 152.1790866260155 d
64.79204800861817 158.225063722303 73.58999301677696 173.46355147863102 c
73.58999301677696 173.46355147863102 64.79204800861817 188.70203923495905 c
64.79204800861817 188.70203923495905 73.58999301677696 179.0469263802303 d
73.58999301677696 179.0469263802303 94.41185567470427 158.225063722303 c
94.41185567470427 158.225063722303 115.23371833263158 179.0469263802303 c
115.23371833263158 179.0469263802303 115.23371833263158 178.2066440081018 d
115.23371833263158 178.2066440081018 126.77008908947163 158.225063722303 c
126.77008908947163 158.225063722303 149.84283060315175 158.225063722303 c
149.84283060315175 158.225063722303 161.3792013599918 178.2066440081018 c
161.3792013599918 178.2066440081018 161.3792013599918 172.94458157042038 c
161.3792013599918 172.94458157042038 179.8368929310493 158.225063722303 c
179.8368929310493 158.225063722303 202.8532578518658 163.4783988196617 c
202.8532578518658 163.4783988196617 213.0965038887847 184.74871838567856 c
213.0965038887847 184.74871838567856 202.8532578518658 206.0190379516954 c
202.8532578518658 206.0190379516954 188.78819319555694 189.7672475615308 d
188.78819319555694 189.7672475615308 182.99329485432835 189.7672475615308 c
182.99329485432835 189.7672475615308 180.09584568371406 184.74871838567856 c
180.09584568371406 184.74871838567856 182.99329485432835 179.7301892098263 c
182.99329485432835 179.7301892098263 188.78819319555694 179.7301892098263 c
188.78819319555694 179.7301892098263 191.68564236617124 184.74871838567856 c
191.68564236617124 184.74871838567856 188.78819319555694 189.7672475615308 c
202.8532578518658 206.0190379516954 179.8368929310493 211.27237304905412 c
179.8368929310493 211.27237304905412 161.3792013599918 196.55285520093673 c
161.3792013599918 196.55285520093673 161.3792013599918 178.2066440081018 c
161.3792013599918 178.2066440081018 149.84283060315175 198.1882242939006 c
149.84283060315175 198.1882242939006 126.77008908947164 198.1882242939006 c
126.77008908947164 198.1882242939006 115.23371833263158 178.2066440081018 c
115.23371833263158 179.0469263802303 94.41185567470427 199.86878903815762 c
94.41185567470427 199.86878903815762 98.39077509715726 211.27237304905415 d
98.39077509715726 211.27237304905415 120.12727144353306 216.23358649621977 c
120.12727144353306 216.23358649621977 129.8009223794002 236.32112964751985 c
129.8009223794002 236.32112964751985 129.8009223794002 226.27370178378956 c
129.8009223794002 226.27370178378956 148.6119936249982 211.27237304905415 c
148.6119936249982 211.27237304905415 172.06901579233508 216.6262852873739 c
172.06901579233508 216.6262852873739 182.50837275335462 238.3038333833873 c
182.50837275335462 238.3038333833873 172.06901579233508 259.98138147940074 c
172.06901579233508 259.98138147940074 156.74041375762306 244.33198658796596 d
156.74041375762306 244.33198658796596 149.65389465320118 242.02943695320852 c
149.65389465320118 242.02943695320852 149.65389465320118 234.5782298135661 c
149.65389465320118 234.5782298135661 156.74041375762306 232.27568017880867 c
156.74041375762306 232.27568017880867 161.12012342608125 238.3038333833873 c
161.12012342608125 238.3038333833873 156.74041375762306 244.33198658796596 c
172.06901579233508 259.98138147940074 148.6119936249982 265.3352937177205 c
148.6119936249982 265.3352937177205 129.8009223794002 250.3339649829851 c
129.8009223794002 250.3339649829851 129.8009223794002 236.32112964751985 c
129.8009223794002 236.32112964751985 120.12727144353308 256.4086727988199 c
120.12727144353308 256.4086727988199 98.39077509715727 261.3698862459855 c
98.39077509715727 261.3698862459855 80.95945843281453 247.46887507298982 c
80.95945843281453 247.46887507298982 80.95945843281451 225.1733842220499 c
75.51416194805098 216.71766953381768 80.95945843281451 225.1733842220499 d
80.95945843281451 229.86377815847632 75.514161948051 243.00988678313496 c
75.514161948051 243.00988678313496 62.368053323392346 248.4551832678985 c
62.368053323392346 248.4551832678985 49.2219446987337 243.00988678313496 c
49.2219446987337 243.00988678313496 43.77664821397018 229.86377815847632 c
43.77664821397018 229.86377815847632 43.77664821397018 234.28711899943278 d
43.77664821397018 234.28711899943278 27.055456509780953 257.3018649498114 c
31.497996102218757 265.3352937177205 27.055456509780953 257.3018649498114 d
31.497996102218757 265.3352937177205 50.96482827090166 292.1290895635423 c
50.96482827090166 292.1290895635423 31.497996102218764 318.9228854093641 c
31.497996102218764 318.9228854093641 3.552713678800501e-15 308.6885660838859 c
3.552713678800501e-15 308.6885660838859 0.0 275.56961304319873 c
0.0 275.56961304319873 31.497996102218757 265.3352937177205 c
27.055456509780953 257.3018649498114 0.0 248.51101423921077 c
0.0 248.51101423921077 0.0 220.0632237596548 c
0.0 220.0632237596548 27.055456509780946 211.27237304905415 c
27.055456509780946 211.27237304905415 43.77664821397018 234.28711899943278 c
43.77664821397018 229.86377815847632 49.2219446987337 216.71766953381768 c
49.2219446987337 216.71766953381768 62.368053323392346 211.27237304905415 c
62.368053323392346 211.27237304905415 75.51416194805098 216.71766953381768 c
75.51416194805098 216.71766953381768 80.95945843281451 229.86377815847632 c
80.95945843281451 225.1733842220499 98.39077509715726 211.27237304905415 c
94.41185567470427 199.86878903815762 73.58999301677696 179.0469263802303 c
64.79204800861817 188.70203923495905 47.19615799230057 188.70203923495905 c
47.19615799230057 188.70203923495905 38.39821298414177 173.46355147863102 c
38.39821298414177 173.46355147863102 38.39821298414177 174.8519776743991 d
38.39821298414177 174.8519776743991 28.79865973810633 191.47889162649523 c
28.79865973810633 191.47889162649523 9.599553246035446 191.47889162649523 c
9.599553246035446 191.47889162649523 0.0 174.8519776743991 c
0.0 174.8519776743991 9.599553246035434 158.225063722303 c
9.599553246035434 158.225063722303 26.081242976940885 158.225063722303 c
26.081242976940885 158.225063722303 7.6390192061719695 150.58604451613104 c
26.081242976940885 158.225063722303 14.286768135284422 171.28295494624177 d
21.075452780123506 169.07717759361967 25.27109062953857 174.8519776743991 c
25.27109062953857 174.8519776743991 21.075452780123506 180.62677775517855 c
21.075452780123506 180.62677775517855 14.286768135284422 178.42100040255644 c
14.286768135284422 178.42100040255644 14.286768135284422 171.28295494624177 c
14.286768135284422 171.28295494624177 21.075452780123506 169.07717759361967 c
7.6390192061719695 150.58604451613104 0.0 132.14382074536212 c
0.0 132.14382074536212 7.639019206171962 113.7015969745932 c
7.639019206171962 113.7015969745932 26.08124297694088 106.06257776842124 c
26.08124297694088 106.06257776842124 44.5234667477098 113.7015969745932 c
44.5234667477098 113.7015969745932 52.16248595388177 132.14382074536212 c
52.16248595388177 132.14382074536212 44.523466747709804 150.58604451613104 c
44.523466747709804 150.58604451613104 26.081242976940885 158.225063722303 c
26.081242976940885 158.225063722303 28.79865973810633 158.225063722303 c
28.79865973810633 158.225063722303 38.39821298414177 174.8519776743991 c
38.39821298414177 173.46355147863102 47.19615799230056 158.225063722303 c
47.19615799230056 158.225063722303 64.79204800861817 158.225063722303 c
82.24353608883936 129.12083219721836 98.27899481147605 129.12083219721836 d
71.70934252959869 135.2027516843416 71.70934252959869 123.03891271009513 c
71.70934252959869 123.03891271009513 82.24353608883936 129.12083219721836 c
82.24353608883936 129.12083219721836 71.70934252959869 135.2027516843416 c
75.22074038267891 152.1790866260155 52.16248595388178 129.12083219721836 c
52.16248595388178 129.12083219721836 75.22074038267891 106.06257776842122 c
75.22074038267891 106.06257776842122 98.27899481147605 129.12083219721836 c
98.27899481147604 126.62433456999788 118.8407516130527 106.06257776842122 c
118.8407516130527 106.06257776842122 139.40250841462935 126.62433456999788 c
139.40250841462938 124.87905644830605 150.2662074456617 106.06257776842122 c
150.2662074456617 106.06257776842122 171.99360550772644 106.06257776842122 c
170.56182103208414 96.39293436426868 159.246795748266 76.79473568376925 c
159.246795748266 81.62955738584552 134.8137753656903 106.06257776842122 c
134.8137753656903 106.06257776842122 110.3807549831146 81.62955738584552 c
105.0399996674153 88.32474015192393 92.14627575093789 93.66549546762323 c
92.14627575093789 93.66549546762323 79.25255183446048 88.32474015192393 c
79.25255183446048 88.32474015192393 73.91179651876118 75.43101623544652 c
73.9117965187612 75.57732729014495 89.1902088704137 80.55107426308605 d
86.23414198988951 75.43101623544652 89.1902088704137 70.31095820780699 c
89.1902088704137 70.31095820780699 95.10234263146208 70.31095820780699 c
95.10234263146208 70.31095820780699 98.05840951198627 75.43101623544652 c
98.05840951198627 75.43101623544652 95.10234263146208 80.55107426308605 c
95.10234263146208 80.55107426308605 89.1902088704137 80.55107426308605 c
89.1902088704137 80.55107426308605 86.23414198988951 75.43101623544652 c
73.9117965187612 75.57732729014495 63.29964229871578 93.95811757702008 c
63.29964229871578 93.95811757702008 42.07533385862496 93.95811757702008 c
42.07533385862496 93.95811757702008 31.463179638579543 75.57732729014495 c
31.46317963857954 70.8204934286914 23.597384728934657 84.44444985411299 c
23.597384728934657 84.44444985411299 7.865794909644888 84.44444985411299 c
7.865794909644888 84.44444985411299 0.0 70.8204934286914 c
0.0 70.8204934286914 7.865794909644878 57.196537003269825 c
1.7763568394002505e-14 48.068407934266716 0.0 0.0 c
