Processando arquivo: art_1_regular_sep.txt

Tempo de Inicio (hh:mm:ss.ms) 2026-04-27 10:07:36.741304
Tempo de Termino (hh:mm:ss.ms) 2026-04-27 10:07:37.508519
Tempo Total (hh:mm:ss.ms) 0:00:00.767215

Função Objetivo: 234.37266794473373

0.0 0.0 5.294495589294601 3.056778453702522 d
7.059327452392797 3.552713678800501e-15 21.17798235717841 0.0 c
21.17798235717841 0.0 28.23730980957121 12.2271138148101 c
28.23730980957121 12.2271138148101 37.237309809571215 0.0 d
37.237309809571215 0.0 75.1134078321204 21.867775389171417 c
83.1134078321204 21.875905931389212 75.1134078321204 21.867775389171417 d
83.1134078321204 21.875905931389212 95.7434680103749 3.552713678800501e-15 c
95.7434680103749 3.552713678800501e-15 121.00358836688389 0.0 c
121.00358836688389 0.0 133.63364854513839 21.87590593138921 c
133.63364854513839 21.87590593138921 146.63364854513839 40.318289220968566 d
146.63364854513839 15.483954459636434 166.049913307698 0.0 c
166.049913307698 0.0 190.26159944698801 5.526159365275387 c
190.26159944698801 5.526159365275387 201.03681347173196 27.901121840302498 c
201.03681347173196 27.901121840302498 190.26159944698804 50.276084315329605 c
190.26159944698804 50.276084315329605 166.049913307698 55.802243680604995 c
166.049913307698 55.802243680604995 172.37493625814227 64.80224368060499 d
172.37493625814227 64.80224368060499 195.03627128881823 69.97454552232568 c
195.03627128881823 69.97454552232568 205.12151416026416 90.91676813451177 c
205.12151416026416 90.91676813451177 195.03627128881823 111.85899074669786 c
195.03627128881823 111.85899074669786 172.37493625814227 117.03129258841855 c
172.37493625814227 117.03129258841855 164.73038187424353 135.65478527024055 d
164.73038187424353 135.65478527024055 175.79482255130628 138.18017165255705 c
175.79482255130628 138.18017165255705 180.71896189763476 148.40525236491183 c
186.71896189763476 152.11194850962656 180.71896189763476 148.40525236491183 d
186.71896189763476 152.11194850962656 191.53915341135695 140.47497678396275 c
191.53915341135695 140.47497678396275 203.17612513702076 135.65478527024055 c
203.17612513702076 135.65478527024055 214.81309686268457 140.47497678396275 c
214.81309686268457 140.47497678396275 219.63328837640677 152.11194850962656 c
219.63328837640677 152.11194850962656 214.81309686268457 163.74892023529037 c
214.81309686268457 163.74892023529037 203.17612513702076 168.56911174901256 c
203.17612513702076 168.56911174901256 191.53915341135695 163.74892023529037 c
191.53915341135695 163.74892023529037 186.71896189763476 152.11194850962656 c
180.71896189763476 148.40525236491183 175.79482255130628 158.6303330772666 c
175.79482255130628 158.6303330772666 164.73038187424353 161.1557194595831 c
164.73038187424353 161.1557194595831 155.8573893697329 154.07974405748286 c
142.8573893697329 155.46554650142426 155.8573893697329 154.07974405748286 d
142.8573893697329 155.46554650142426 123.04662813854921 175.27630773260796 c
123.04662813854921 175.27630773260796 103.2358669073655 155.46554650142426 c
103.2358669073655 155.46554650142426 91.2358669073655 161.32270861011736 d
91.2358669073655 161.32270861011736 81.32309819717037 181.90678493611034 c
81.32309819717037 181.90678493611034 83.17761166378895 198.99063194999417 d
83.17761166378895 198.99063194999417 102.4506227656364 218.2636430518416 c
107.45062276563638 220.42541425831266 102.4506227656364 218.2636430518416 d
107.45062276563638 220.42541425831266 119.82600010136508 198.99063194999417 c
119.82600010136508 198.99063194999417 144.57675477282254 198.99063194999417 c
144.57675477282254 198.99063194999417 156.95213210855124 220.42541425831266 c
167.95213210855124 234.80575205540805 156.95213210855124 220.42541425831266 d
167.95213210855124 234.80575205540805 167.9521321085512 198.99063194999417 c
167.9521321085512 198.99063194999417 198.96893595943044 216.8981920027011 c
198.96893595943044 216.8981920027011 167.95213210855124 234.80575205540805 c
156.95213210855124 220.42541425831266 144.57675477282254 241.86019656663115 c
144.57675477282254 241.86019656663115 119.8260001013651 241.86019656663115 c
119.8260001013651 241.86019656663115 107.45062276563638 220.42541425831266 c
102.4506227656364 218.2636430518416 83.17761166378895 237.53665415368903 c
83.17761166378895 237.53665415368903 63.90460056194151 218.2636430518416 c
50.90460056194151 224.4429322309649 63.90460056194151 218.2636430518416 d
50.90460056194151 224.4429322309649 25.452300280970753 249.89523251193566 c
24.83703474393016 260.89523251193566 25.452300280970753 249.89523251193566 d
24.83703474393016 260.89523251193566 40.18716639544105 282.0228761939276 c
40.18716639544105 282.0228761939276 55.18716639544105 278.9997353071718 d
55.18716639544105 278.9997353071718 73.2916691906772 260.89523251193566 c
73.2916691906772 260.89523251193566 91.39617198591336 278.9997353071718 c
100.39617198591336 281.138236550383 91.39617198591336 278.9997353071718 d
100.39617198591336 281.138236550383 100.39617198591336 265.673957533812 c
100.39617198591336 265.673957533812 115.1035753144296 260.89523251193566 c
115.1035753144296 260.89523251193566 124.193250457706 273.4060970420975 c
124.193250457706 273.4060970420975 115.1035753144296 285.9169615722593 c
115.1035753144296 285.9169615722593 100.39617198591336 281.138236550383 c
91.39617198591336 278.9997353071718 73.2916691906772 297.104238102408 c
73.2916691906772 297.104238102408 55.18716639544105 278.9997353071718 c
40.18716639544105 282.0228761939276 24.837034743930165 303.1505198759195 c
14.68835010714473 315.6137644469885 24.837034743930165 303.1505198759195 d
14.68835010714473 315.6137644469885 25.074582072348925 319.91588258892904 c
39.37670021428947 315.6137644469885 25.074582072348925 319.91588258892904 d
39.37670021428947 315.6137644469885 74.61385452770836 335.9579449753173 c
74.61385452770836 335.9579449753173 89.61385452770836 344.7665899704298 d
89.61385452770836 344.7665899704298 118.76668005114963 315.6137644469885 c
118.76668005114963 315.6137644469885 147.91950557459091 344.7665899704298 c
160.91950557459091 352.14857265560545 147.91950557459091 344.7665899704298 d
160.91950557459091 352.14857265560545 160.91950557459091 324.2384627291394 c
160.91950557459091 324.2384627291394 163.55251642523245 309.6137644469885 d
163.55251642523245 309.6137644469885 139.19325045770603 285.2544984794621 c
139.19325045770603 285.2544984794621 163.55251642523245 260.89523251193566 c
163.55251642523245 260.89523251193566 187.91178239275888 285.2544984794621 c
195.91178239275888 290.0734754217457 187.91178239275888 285.2544984794621 d
195.91178239275888 290.0734754217457 195.91178239275888 272.1009307981799 c
195.91178239275888 272.1009307981799 209.96328359952412 260.89523251193566 c
209.96328359952412 260.89523251193566 227.48521900597171 264.89449992714304 c
227.48521900597171 264.89449992714304 235.2832138687016 281.0872031099628 c
235.2832138687016 281.0872031099628 227.48521900597171 297.2799062927825 c
227.48521900597171 297.2799062927825 209.96328359952412 301.2791737079899 c
209.96328359952412 301.2791737079899 195.91178239275888 290.0734754217457 c
187.91178239275888 285.2544984794621 163.55251642523245 309.6137644469885 c
160.91950557459091 324.2384627291394 187.46359749067048 315.6137644469885 c
187.46359749067048 315.6137644469885 203.86874849530898 338.19351769237244 c
203.86874849530898 338.19351769237244 187.46359749067048 360.77327093775637 c
187.46359749067048 360.77327093775637 160.91950557459091 352.14857265560545 c
147.91950557459091 344.7665899704298 118.76668005114963 373.91941549387104 c
118.76668005114963 373.91941549387104 107.96062539525336 378.91941549387104 d
107.96062539525336 378.91941549387104 125.5819001587127 403.1730194939514 c
125.5819001587127 403.1730194939514 140.5819001587127 420.5750111012046 d
140.5819001587127 394.91695303416776 160.6421777345149 378.91941549387104 c
160.6421777345149 378.91941549387104 185.65693471645113 384.62887053845344 c
185.65693471645113 384.62887053845344 196.78954888907248 407.74598206768616 c
211.0573894379666 397.1677504475832 196.78954888907248 407.74598206768616 d
211.0573894379666 397.1677504475832 205.7895488890725 388.04358297072713 c
205.7895488890725 388.04358297072713 211.0573894379666 378.91941549387104 c
211.0573894379666 378.91941549387104 221.5930705357548 378.91941549387104 c
221.5930705357548 378.91941549387104 226.8609110846489 388.04358297072713 c
226.8609110846489 388.04358297072713 221.5930705357548 397.1677504475832 c
221.5930705357548 397.1677504475832 211.0573894379666 397.1677504475832 c
196.78954888907248 407.74598206768616 185.65693471645113 430.8630935969189 c
185.65693471645113 430.8630935969189 160.6421777345149 436.57254864150127 c
148.16787154799556 451.57254864150127 160.6421777345149 436.57254864150127 d
148.16787154799556 451.57254864150127 174.20380428077067 466.604401413372 c
180.20380428077067 462.72349004699805 174.20380428077067 466.604401413372 d
180.20380428077067 462.72349004699805 194.18664253086445 451.57254864150127 c
194.18664253086445 451.57254864150127 211.62295663081184 455.5522735522312 c
211.62295663081184 455.5522735522312 219.38284642736375 471.6658507498146 c
219.38284642736375 471.6658507498146 211.62295663081184 487.77942794739795 c
211.62295663081184 487.77942794739795 194.18664253086445 491.7591528581279 c
194.18664253086445 491.7591528581279 180.20380428077067 480.6082114526311 c
180.20380428077067 480.6082114526311 180.20380428077067 462.72349004699805 c
174.20380428077067 466.604401413372 148.16787154799556 481.6362541852427 c
135.16787154799556 469.88538404720043 148.16787154799556 481.6362541852427 d
135.16787154799556 469.88538404720043 128.09558527844183 484.57113780861346 c
128.09558527844183 484.57113780861346 112.20430227910354 488.1982194528996 c
112.20430227910354 488.1982194528996 99.46048277158027 478.0353625229293 c
84.46048277158027 470.918347650172 99.46048277158027 478.0353625229293 d
84.46048277158027 470.918347650172 50.952575975546914 490.2641466588427 c
50.952575975546914 490.2641466588427 50.9525759755469 451.57254864150127 c
32.96443198166018 451.57254864150127 50.9525759755469 451.57254864150127 d
32.96443198166018 451.57254864150127 43.9525759755469 470.60457231979586 c
43.9525759755469 470.60457231979586 32.96443198166018 489.63659599809046 c
32.96443198166018 489.63659599809046 10.988143993886728 489.63659599809046 c
10.988143993886728 489.63659599809046 0.0 470.60457231979586 c
0.0 470.60457231979586 10.988143993886716 451.57254864150127 c
10.988143993886716 451.57254864150127 32.96443198166018 451.57254864150127 c
50.9525759755469 451.57254864150127 84.46048277158027 470.918347650172 c
99.46048277158027 478.0353625229293 99.46048277158027 461.7354055714716 c
99.46048277158027 461.7354055714716 112.20430227910354 451.57254864150127 c
112.20430227910354 451.57254864150127 128.09558527844183 455.1996302857874 c
128.09558527844183 455.1996302857874 135.16787154799556 469.88538404720043 c
148.16787154799556 481.6362541852427 148.16787154799556 451.57254864150127 c
160.6421777345149 436.57254864150127 140.5819001587127 420.5750111012046 c
140.5819001587127 420.5750111012046 140.5819001587127 394.91695303416776 c
125.5819001587127 403.1730194939514 107.96062539525337 427.4266234940318 c
107.96062539525337 427.4266234940318 79.4488039028754 418.1625711156815 c
79.4488039028754 418.1625711156815 79.4488039028754 388.18346787222134 c
68.4488039028754 389.53610272289467 79.4488039028754 388.18346787222134 d
68.4488039028754 389.53610272289467 50.060162214138806 400.1527899519183 c
50.060162214138806 400.1527899519183 44.0601622141388 400.94949660094045 d
44.0601622141388 400.94949660094045 37.60770084796782 416.52711634183885 c
37.60770084796782 416.52711634183885 22.0300811070694 422.97957770800986 c
22.0300811070694 422.97957770800986 6.452461366170985 416.52711634183885 c
6.452461366170985 416.52711634183885 0.0 400.94949660094045 c
0.0 400.94949660094045 6.452461366170979 385.37187686004205 c
6.452461366170979 385.37187686004205 22.030081107069396 378.91941549387104 c
22.030081107069396 378.91941549387104 37.60770084796781 385.37187686004205 c
37.60770084796781 385.37187686004205 44.0601622141388 400.94949660094045 c
50.060162214138806 400.1527899519183 50.0601622141388 378.91941549387104 c
50.0601622141388 378.91941549387104 68.4488039028754 389.53610272289467 c
79.4488039028754 388.18346787222134 107.96062539525336 378.91941549387104 c
118.76668005114963 373.91941549387104 89.61385452770836 344.7665899704298 c
74.61385452770836 335.9579449753173 39.376700214289485 356.30212550364604 c
39.376700214289485 356.30212550364604 39.37670021428947 315.6137644469885 c
25.074582072348925 319.91588258892904 29.376700214289468 330.30211455413325 c
29.376700214289468 330.30211455413325 25.074582072348928 340.6883465193375 c
25.074582072348928 340.6883465193375 14.688350107144736 344.990464661278 c
14.688350107144736 344.990464661278 4.302118141940541 340.6883465193375 c
4.302118141940541 340.6883465193375 0.0 330.30211455413325 c
0.0 330.30211455413325 4.302118141940538 319.91588258892904 c
4.302118141940538 319.91588258892904 14.68835010714473 315.6137644469885 c
24.837034743930165 303.1505198759195 3.552713678800501e-15 295.0804780915955 c
3.552713678800501e-15 295.0804780915955 0.0 268.9652742962596 c
0.0 268.9652742962596 24.83703474393016 260.89523251193566 c
25.452300280970753 249.89523251193566 0.0 224.4429322309649 c
0.0 224.4429322309649 25.45230028097075 198.99063194999417 c
25.45230028097075 198.99063194999417 50.90460056194151 224.4429322309649 c
63.90460056194151 218.2636430518416 83.17761166378895 198.99063194999417 c
81.32309819717037 181.90678493611034 59.04930908899318 186.99063194999417 c
59.04930908899318 186.99063194999417 41.187117083787115 172.7460091587343 c
41.187117083787115 172.7460091587343 41.18711708378711 149.89940806150042 c
41.18711708378711 149.89940806150042 35.1871170837871 155.9700767905719 d
35.1871170837871 155.9700767905719 1.4210854715202004e-14 176.28536831090327 c
1.4210854715202004e-14 176.28536831090327 0.0 135.65478527024055 c
0.0 135.65478527024055 35.1871170837871 155.9700767905719 c
41.18711708378711 149.89940806150042 59.049309088993176 135.65478527024055 c
59.049309088993176 135.65478527024055 81.32309819717037 140.73863228412438 c
81.32309819717037 140.73863228412438 91.2358669073655 161.32270861011736 c
103.2358669073655 155.46554650142426 123.04662813854921 135.65478527024055 c
123.04662813854921 135.65478527024055 142.8573893697329 155.46554650142426 c
155.8573893697329 154.07974405748286 155.8573893697329 142.7307606723408 c
155.8573893697329 142.7307606723408 164.73038187424353 135.65478527024055 c
172.37493625814227 117.03129258841855 154.20195655332714 102.53882487712846 c
154.20195655332714 102.53882487712846 154.20195655332714 79.29471139189508 c
154.20195655332714 79.29471139189508 149.20195655332714 85.8870938978529 d
149.20195655332714 85.8870938978529 141.05913795732576 102.79583094085686 c
141.05913795732576 102.79583094085686 122.76239065533939 106.97194411510083 c
122.76239065533939 106.97194411510083 108.08953855139114 95.27073502319493 c
108.08953855139114 95.27073502319493 108.08953855139114 76.5034527725109 c
100.08953855139114 81.68223174677082 108.08953855139114 76.5034527725109 d
100.08953855139114 81.68223174677082 70.85254158963558 98.56221981293668 c
55.852541589635564 92.72851447542277 70.85254158963558 98.56221981293668 d
55.852541589635564 92.72851447542277 47.67312624708528 112.47536992769025 c
47.67312624708528 112.47536992769025 27.926270794817782 120.65478527024055 c
27.926270794817782 120.65478527024055 8.179415342550293 112.47536992769027 c
8.179415342550293 112.47536992769027 0.0 92.72851447542277 c
0.0 92.72851447542277 8.17941534255029 72.98165902315529 c
8.17941534255029 72.98165902315529 27.92627079481778 64.80224368060499 c
27.92627079481778 64.80224368060499 47.673126247085264 72.98165902315527 c
47.673126247085264 72.98165902315527 55.852541589635564 92.72851447542277 c
70.85254158963558 98.56221981293668 70.85254158963556 64.80224368060499 c
70.85254158963556 64.80224368060499 100.08953855139114 81.68223174677082 c
108.08953855139114 76.5034527725109 122.76239065533937 64.80224368060499 c
122.76239065533937 64.80224368060499 141.05913795732576 68.97835685484895 c
141.05913795732576 68.97835685484895 149.20195655332714 85.8870938978529 c
154.20195655332714 79.29471139189508 172.37493625814227 64.80224368060499 c
166.049913307698 55.802243680604995 146.63364854513839 40.318289220968566 c
146.63364854513839 40.318289220968566 146.63364854513839 15.483954459636434 c
133.63364854513839 21.87590593138921 121.00358836688389 43.75181186277842 c
121.00358836688389 43.75181186277842 95.7434680103749 43.751811862778425 c
95.7434680103749 43.751811862778425 83.1134078321204 21.875905931389212 c
75.1134078321204 21.867775389171417 37.23730980957123 43.73555077834284 c
37.23730980957123 43.73555077834284 37.237309809571215 0.0 c
28.23730980957121 12.2271138148101 21.17798235717841 24.4542276296202 c
21.17798235717841 24.4542276296202 7.059327452392806 24.4542276296202 c
7.059327452392806 24.4542276296202 0.0 12.227113814810101 c
0.0 12.227113814810101 7.059327452392797 3.552713678800501e-15 c
5.294495589294601 3.056778453702522 0.0 0.0 d
