Processando arquivo: art_9_irregular_sep.txt

Tempo de Inicio (hh:mm:ss.ms) 2026-04-27 10:07:17.235860
Tempo de Termino (hh:mm:ss.ms) 2026-04-27 10:07:17.428347
Tempo Total (hh:mm:ss.ms) 0:00:00.192487

Função Objetivo: 92.77192317065861

0.0 0.0 4.1662128260791675 6.141643650679319 d
4.1662128260791675 6.141643650679319 32.22566646724789 0.0 c
32.22566646724789 0.0 47.29502175539305 20.30969492862633 c
47.29502175539305 20.30969492862633 53.29502175539306 6.954108231487496 d
53.29502175539306 6.954108231487496 58.77372968094521 0.11474835357171642 c
58.77372968094521 0.11474835357171642 87.3451919006175 0.0 c
87.3451919006175 0.0 95.69771287925306 7.188723833172283 c
102.69771287925306 0.0 95.69771287925306 7.188723833172283 d
102.69771287925306 0.0 116.36784424989159 6.811053971681659 c
116.36784424989159 6.811053971681659 131.20771093018718 34.80376863050361 c
131.20771093018718 34.80376863050361 137.02253002585752 45.61349115892899 c
137.02253002585752 45.61349115892899 121.46450971134016 39.2219343214988 c
121.46450971134016 39.2219343214988 113.57461049751925 37.846374681912124 c
113.57461049751925 37.846374681912124 107.83473380030648 17.205324764820663 c
107.83473380030648 17.205324764820663 108.97675710610866 16.77107920704792 c
108.97675710610866 16.77107920704792 102.69771287925306 0.0 c
95.69771287925306 7.188723833172283 89.53377645031479 39.51134092628645 c
89.53377645031479 39.51134092628645 78.60219891766012 50.39848659835542 c
78.60219891766012 50.39848659835542 65.89814364843204 47.40657630561878 c
65.89814364843204 47.40657630561878 79.51541274982986 61.398486598355426 d
79.51541274982986 61.398486598355426 95.93311440493521 62.38216959147593 c
95.93311440493521 62.38216959147593 110.59830386972156 67.76921740314752 c
110.59830386972156 67.76921740314752 119.50149990329339 67.58493426278834 c
119.50149990329339 67.58493426278834 104.59799483274873 91.0501034334765 c
104.59799483274873 91.0501034334765 91.98677348022295 103.19460240837874 c
80.92223162424068 114.19460240837873 91.98677348022295 103.19460240837874 d
80.92223162424068 114.19460240837873 86.12523040898141 119.25695740704911 c
86.12523040898141 119.25695740704911 101.02260320904213 139.625697656502 c
113.02260320904213 135.4139830911997 101.02260320904213 139.625697656502 d
113.02260320904213 135.4139830911997 123.03937355385034 126.18876287524414 c
123.03937355385034 126.18876287524414 118.26684079920703 118.730528444492 c
118.26684079920703 118.730528444492 118.88434630170732 114.19460240837873 c
118.88434630170732 114.19460240837873 131.61495884939265 128.1357300397646 c
131.61495884939265 128.1357300397646 146.69248382166387 129.05924710066174 c
146.69248382166387 129.05924710066174 150.79532615749972 144.43546086904036 c
150.79532615749972 144.43546086904036 127.24009824562766 160.67534166980943 c
127.24009824562766 160.67534166980943 110.37413499972263 172.67534166980943 d
110.37413499972263 172.67534166980943 148.9727658404848 195.1283768680964 c
148.9727658404848 195.1283768680964 139.66961408321123 200.5647801546488 c
139.66961408321123 200.5647801546488 142.57288435471784 202.74319936674075 c
142.57288435471784 202.74319936674075 146.74883804228455 212.69420683583232 c
146.74883804228455 212.69420683583232 116.09846756235389 211.97453720006482 c
116.09846756235389 211.97453720006482 107.02829617915687 218.10999450842763 c
107.02829617915687 218.10999450842763 93.5148996218646 211.95384236975974 d
93.5148996218646 211.95384236975974 81.80471612238817 207.50172493185016 c
81.80471612238817 207.50172493185016 70.29602867157513 208.42757474441038 c
70.29602867157513 208.42757474441038 46.8303788225256 194.64277135322476 c
46.8303788225256 194.64277135322476 51.82610230719101 191.12394596884315 c
51.82610230719101 191.12394596884315 40.8303788225256 179.93157118219503 d
40.8303788225256 179.93157118219503 32.84461046716426 210.9346085145339 c
25.68607020698489 231.10999450842766 32.84461046716426 210.9346085145339 d
25.68607020698489 231.10999450842766 33.51560480997722 246.32331734414157 c
33.51560480997722 246.32331734414157 14.900519085461191 279.8360889989643 c
14.900519085461191 279.8360889989643 5.631737965190471 276.55562937774505 c
5.631737965190471 276.55562937774505 0.0 252.70288890457775 c
0.0 252.70288890457775 7.610879583850947 248.49005305441884 c
7.610879583850947 248.49005305441884 8.444961571083729 245.02965192584446 c
8.444961571083729 245.02965192584446 15.207333549106927 235.81558646565895 c
15.207333549106927 235.81558646565895 25.68607020698489 231.10999450842766 c
32.84461046716426 210.9346085145339 0.0 197.1363455683008 c
0.0 197.1363455683008 0.9407644234042642 183.4774972545211 c
0.9407644234042642 183.4774972545211 8.792305670952505 182.94631438160977 c
8.792305670952505 182.94631438160977 18.130112652443508 176.54405831020262 c
18.130112652443508 176.54405831020262 21.25677657830581 172.67534166980943 c
21.25677657830581 172.67534166980943 28.74448676178324 177.50126275335717 c
28.74448676178324 177.50126275335717 40.8303788225256 179.93157118219503 c
51.82610230719101 191.12394596884315 70.21934414158508 183.4630474423404 c
70.21934414158508 183.4630474423404 70.93793011119179 172.67534166980943 c
70.93793011119179 172.67534166980943 97.02829617915687 196.86453001181837 c
97.02829617915687 196.86453001181837 93.5148996218646 211.95384236975974 c
107.02829617915687 218.10999450842763 109.50361425848453 178.18298437956193 c
109.50361425848453 178.18298437956193 110.37413499972263 172.67534166980943 c
127.24009824562766 160.67534166980943 113.02260320904213 135.4139830911997 c
101.02260320904213 139.625697656502 83.69779307060378 139.99645674735726 c
83.69779307060378 139.99645674735726 82.14678656627083 150.7350621821644 c
82.14678656627083 150.7350621821644 53.06016758841984 160.44716350256607 c
53.06016758841984 160.44716350256607 59.36334602537957 141.22698166916754 c
46.060167588419844 144.34439888376008 59.36334602537957 141.22698166916754 d
46.060167588419844 144.34439888376008 26.405893077621602 145.4809068887479 c
26.405893077621602 145.4809068887479 12.414051370989286 153.50960265980882 c
12.414051370989286 153.50960265980882 14.214527232754183 146.61069010912607 c
14.214527232754183 146.61069010912607 15.891569091284339 142.91691084146316 c
15.891569091284339 142.91691084146316 0.0 131.63281896793364 c
0.0 131.63281896793364 26.57846891787488 114.19460240837871 c
26.57846891787488 114.19460240837871 32.62628045338089 115.50952542393517 c
32.62628045338089 115.50952542393517 46.060167588419844 144.34439888376008 c
59.36334602537957 141.22698166916754 75.31241745619471 127.03085558701461 c
75.31241745619471 127.03085558701461 80.92223162424068 114.19460240837873 c
91.98677348022295 103.19460240837874 82.41020847930788 87.04807794501994 c
82.41020847930788 87.04807794501994 73.51541274982986 82.93632082276821 d
73.51541274982986 82.93632082276821 51.37300110811614 92.97509743752346 c
51.37300110811614 92.97509743752346 50.99010699918928 91.54673852317408 c
50.99010699918928 91.54673852317408 40.563384172264314 86.17831067817232 c
40.563384172264314 86.17831067817232 34.33253844843398 85.85342622076442 d
34.563384172264314 82.84042120011155 34.33253844843398 85.85342622076442 c
34.33253844843398 85.85342622076442 32.57421363777703 91.5085985938863 c
32.57421363777703 91.5085985938863 29.66407441052208 94.31212948098143 c
29.66407441052208 94.31212948098143 10.461639584352906 84.56757951534554 c
10.461639584352906 84.56757951534554 0.0 61.39848659835542 c
0.0 61.39848659835542 27.59352020438363 66.40556844641273 c
27.59352020438363 66.40556844641273 30.636031438927887 71.9336440490662 c
30.636031438927887 71.9336440490662 34.563384172264314 82.84042120011155 c
40.563384172264314 86.17831067817232 50.24491294383248 65.8911983389549 c
50.24491294383248 65.8911983389549 52.03769010948022 61.398486598355426 c
52.03769010948022 61.398486598355426 55.510282013397344 62.837123498098194 c
55.510282013397344 62.837123498098194 68.57067872811042 79.22915707341006 c
68.57067872811042 79.22915707341006 73.51541274982986 82.93632082276821 c
82.41020847930788 87.04807794501994 85.2413797726484 80.57910812515163 c
85.2413797726484 80.57910812515163 79.51541274982986 61.398486598355426 c
65.89814364843204 47.40657630561878 60.611731020456745 41.60621233819688 c
60.611731020456745 41.60621233819688 53.29502175539306 6.954108231487496 c
47.29502175539305 20.30969492862633 13.968153506354117 24.63401917331494 c
13.968153506354117 24.63401917331494 0.0 21.041471166964165 c
0.0 21.041471166964165 11.586683356325498 14.03038880051324 c
11.586683356325498 14.03038880051324 5.237304307313883 11.755592586743333 c
5.237304307313883 11.755592586743333 6.940285525361135 9.580947066925429 c
6.940285525361135 9.580947066925429 4.1662128260791675 6.141643650679319 c
4.1662128260791675 6.141643650679319 0.0 0.0 d
