Processando arquivo: art_4_irregular_sep.txt

Tempo de Inicio (hh:mm:ss.ms) 2026-04-27 10:07:12.698905
Tempo de Termino (hh:mm:ss.ms) 2026-04-27 10:07:13.306035
Tempo Total (hh:mm:ss.ms) 0:00:00.607130

Função Objetivo: 164.63735550992905

0.0 0.0 0.0 11.351371088973 d
0.0 11.351371088973 13.42226706783296 15.245706342210285 c
13.42226706783296 15.245706342210285 17.126900798384415 0.0 c
17.126900798384415 0.0 32.59395118739806 10.837234574012037 c
49.63062115190965 12.925717438871342 32.59395118739806 10.837234574012037 d
49.63062115190965 12.925717438871342 66.81329091675717 11.880787303013799 c
66.81329091675717 11.880787303013799 62.23287793348815 0.0 c
62.23287793348815 0.0 70.90689449199944 9.08690896102295 c
104.56190248465673 0.0 70.90689449199944 9.08690896102295 d
101.37149238428619 20.9798134628351 104.56190248465673 0.0 c
104.56190248465673 0.0 123.8113162737144 32.28595921817447 c
136.8113162737144 15.672795518782035 123.8113162737144 32.28595921817447 d
136.8113162737144 15.672795518782035 143.29415673400308 0.0 c
143.29415673400308 0.0 150.70525012621752 5.0115723496204545 c
150.70525012621752 5.0115723496204545 159.57468032133835 5.237787312938472 c
159.57468032133835 5.237787312938472 161.68301375824709 10.884211346708693 c
161.68301375824709 10.884211346708693 165.44892793246552 24.949813192409106 c
165.44892793246552 24.949813192409106 164.44906166120194 25.533584783488244 c
164.44906166120194 25.533584783488244 170.3182612012643 40.8353424655402 c
170.3182612012643 40.8353424655402 136.8113162737144 15.672795518782035 c
123.8113162737144 32.28595921817447 119.45650056073208 29.520904798890335 c
119.45650056073208 29.520904798890335 117.63884778428933 41.3356877363393 c
117.63884778428933 41.3356877363393 115.71508981391192 35.89117658691052 c
115.71508981391192 35.89117658691052 119.89024100296756 49.78819316640173 c
119.89024100296756 49.78819316640173 105.55565536798703 67.54344623383233 d
105.55565536798703 67.54344623383233 109.24197204727963 68.13240491773759 c
109.24197204727963 68.13240491773759 129.63015204532275 87.26820422454483 c
144.63015204532275 79.39535271418042 129.63015204532275 87.26820422454483 d
144.63015204532275 79.39535271418042 156.1154536425667 83.41890735772496 c
156.1154536425667 83.41890735772496 155.45308159270698 68.58381722172646 c
155.45308159270698 68.58381722172646 160.11587059759836 75.47064565591357 c
160.11587059759836 75.47064565591357 161.9029936064903 72.70270922204625 c
161.9029936064903 72.70270922204625 169.25199887008654 65.54983209229076 c
169.25199887008654 65.54983209229076 184.1932988963768 86.48315272532005 c
184.1932988963768 86.48315272532005 155.8871492223303 106.32597593504426 c
153.91342040302513 122.43078889384188 155.8871492223303 106.32597593504426 d
153.91342040302513 122.43078889384188 161.86687151215207 133.64521141829405 c
161.86687151215207 133.64521141829405 171.84534842102522 126.28689388026167 c
171.84534842102522 126.28689388026167 174.56536083659182 142.7162430518367 c
174.56536083659182 142.7162430518367 163.08396621560885 156.5076578104785 c
163.08396621560885 156.5076578104785 157.69295535627145 158.58725952243404 c
157.69295535627145 158.58725952243404 154.20105133170108 156.51969983899005 c
154.20105133170108 156.51969983899005 137.0511218626255 142.41247341966243 c
137.0511218626255 142.41247341966243 129.11322139397637 140.0798612472458 d
131.05112186262548 148.68425868320165 122.53750174677766 162.24060780950012 c
122.53750174677766 162.24060780950012 110.29351602090179 163.8162543591115 c
110.29351602090179 163.8162543591115 102.79093188511177 160.80084817276494 c
102.79093188511177 160.80084817276494 97.98939198147883 142.829528217899 c
97.98939198147883 142.829528217899 100.46192605812966 128.10521667953265 c
91.04689289705118 122.43078889384186 100.46192605812966 128.10521667953265 d
91.04689289705118 122.43078889384186 91.98939198147883 153.28098303893202 c
91.98939198147883 153.28098303893202 79.50868740525033 162.70968508448766 c
79.50868740525033 162.70968508448766 91.95975070557277 176.8162543591115 d
91.95975070557277 176.8162543591115 94.98448544938478 190.72890702092246 c
94.98448544938478 190.72890702092246 93.56777777386557 193.2794329647535 c
93.56777777386557 193.2794329647535 97.89045424127482 206.7562493370847 c
102.89045424127482 200.03614585993057 97.89045424127482 206.7562493370847 d
102.89045424127482 200.03614585993057 128.01219341660914 176.8162543591115 c
128.01219341660914 176.8162543591115 147.52425173792662 180.63252951277147 c
147.52425173792662 180.63252951277147 153.27634651782975 186.57519422261964 c
153.27634651782975 186.57519422261964 150.59318949601098 188.27815962041555 c
150.59318949601098 188.27815962041555 155.2435240259058 189.05856561173482 c
155.2435240259058 189.05856561173482 138.98273558975387 206.31523952903765 c
138.98273558975387 206.31523952903765 123.2259023002877 216.48324644597508 c
123.2259023002877 216.48324644597508 102.89045424127482 200.03614585993057 c
97.89045424127482 206.7562493370847 88.18428942617066 222.3548868118078 c
89.51113810767461 232.22648379305144 88.18428942617066 222.3548868118078 d
89.51113810767461 232.22648379305144 97.5840094946048 237.24228927493724 c
74.44038716760002 240.14720673554234 89.51113810767461 232.22648379305144 d
74.51113810767461 241.0641418935368 63.543532837389584 263.5952467781278 c
63.543532837389584 263.5952467781278 54.68482784432369 259.75255394666505 c
54.68482784432369 259.75255394666505 42.728166713609596 250.02505966978558 c
42.728166713609596 250.02505966978558 34.728166713609596 243.17056885909014 d
34.728166713609596 243.17056885909014 22.320333101482593 273.4648792919476 c
22.320333101482593 273.4648792919476 8.398539382159148 265.1047223232431 c
8.398539382159148 265.1047223232431 0.0 265.4069911195763 c
0.0 265.4069911195763 1.7715791631728948 234.10670393395293 c
1.7715791631728948 234.10670393395293 5.183733581431856 236.5681554136389 c
5.183733581431856 236.5681554136389 3.4513074448863286 231.88101276320205 c
3.4513074448863286 231.88101276320205 4.2738442009347715 228.3548868118078 c
4.827861426687978 218.94739823623254 4.2738442009347715 228.3548868118078 d
4.827861426687978 218.94739823623254 0.0 218.39865574695006 c
0.0 218.39865574695006 3.5346118939911975 210.44289038465254 c
3.5346118939911975 210.44289038465254 17.056686239128304 182.70785933982657 c
17.056686239128304 182.70785933982657 27.568906158443216 176.8162543591115 c
27.568906158443216 176.8162543591115 33.22414883734411 199.72785844819867 c
33.22414883734411 199.72785844819867 39.94343781903633 196.89331282131653 c
39.94343781903633 196.89331282131653 42.70458482507813 222.13400828786484 c
42.70458482507813 222.13400828786484 4.827861426687978 218.94739823623254 c
4.2738442009347715 228.3548868118078 34.728166713609596 243.17056885909014 c
42.728166713609596 250.02505966978558 58.93333881845585 241.21216403507816 c
58.93333881845585 241.21216403507816 65.5601437982339 228.3548868118078 c
65.5601437982339 228.3548868118078 70.62991060632673 241.01476868917425 c
70.62991060632673 241.01476868917425 74.44038716760002 240.14720673554234 c
74.44038716760002 240.14720673554234 74.51113810767461 241.0641418935368 c
97.5840094946048 237.24228927493724 107.30769219034782 228.3548868118078 c
107.30769219034782 228.3548868118078 111.08449342475727 230.00391047660204 c
111.08449342475727 230.00391047660204 107.89186482778946 240.37492570100846 c
107.89186482778946 240.37492570100846 121.53180224012863 256.98796956407944 c
136.53180224012863 242.39221133477272 121.53180224012863 256.98796956407944 d
136.53180224012863 242.39221133477272 148.86452150453175 228.3548868118078 c
148.86452150453175 228.3548868118078 187.74897992171884 238.62632515710794 c
187.74897992171884 238.62632515710794 185.68414881121532 244.73331395142478 c
185.68414881121532 244.73331395142478 185.1659601337145 247.7337901470102 c
185.1659601337145 247.7337901470102 177.45462920554957 252.42991559045961 c
177.45462920554957 252.42991559045961 153.8812036502561 271.9041121916616 c
153.8812036502561 271.9041121916616 142.99146935092313 267.8383326609296 c
142.99146935092313 267.8383326609296 136.53180224012863 242.39221133477272 c
121.53180224012863 256.98796956407944 119.08183311232278 268.3772640148075 c
119.08183311232278 268.3772640148075 90.29740443139694 275.8459277810594 c
90.29740443139694 275.8459277810594 91.18370290316676 290.8459277810594 d
91.18370290316676 290.8459277810594 135.14232017897538 304.5882171818398 c
135.14232017897538 304.5882171818398 134.42999410269928 307.0789559505859 c
134.42999410269928 307.0789559505859 125.80806979678513 310.8234358495719 c
125.80806979678513 310.8234358495719 125.72569278427409 322.0691066967839 c
125.72569278427409 322.0691066967839 123.71734843610339 317.95060413140857 c
123.71734843610339 317.95060413140857 94.1549527144251 312.76312066401283 c
94.1549527144251 312.76312066401283 85.18370290316676 313.69004217087416 d
85.18370290316676 313.69004217087416 77.21865785438371 325.79373414139604 c
77.21865785438371 325.79373414139604 75.15637013435784 323.0529475471782 c
75.15637013435784 323.0529475471782 63.32488266630589 328.1241307906164 c
63.32488266630589 328.1241307906164 56.43823218611342 322.0867623029933 c
40.54969352005608 307.14337267526747 56.43823218611342 322.0867623029933 d
40.54969352005608 307.14337267526747 25.463705901887256 324.3026814466023 c
25.463705901887256 324.3026814466023 15.720655709221774 324.92709458575104 c
15.720655709221774 324.92709458575104 0.0 306.1126244708017 c
0.0 306.1126244708017 5.442687021318902 301.35524387458867 c
5.442687021318902 301.35524387458867 11.788414205224228 295.03449862593334 c
11.788414205224228 295.03449862593334 20.091468463863723 290.8459277810594 c
20.091468463863723 290.8459277810594 21.474311587481633 299.535357952785 c
21.474311587481633 299.535357952785 40.54969352005608 307.14337267526747 c
56.43823218611342 322.0867623029933 51.54969352005608 329.14146382526434 c
49.979910908888215 345.1361072550913 51.54969352005608 329.14146382526434 d
49.979910908888215 345.1361072550913 52.249709635073586 354.3223897192271 c
52.249709635073586 354.3223897192271 43.07808169355584 361.9834031378349 c
43.07808169355584 361.9834031378349 0.0 370.556470434106 c
0.0 370.556470434106 4.851176926301651 342.14146382526434 c
4.851176926301651 342.14146382526434 13.855505967688067 348.8556527425933 c
13.855505967688067 348.8556527425933 16.540315393299473 342.9115761628445 c
16.540315393299473 342.9115761628445 20.246151716482558 346.804122762575 c
20.246151716482558 346.804122762575 49.979910908888215 345.1361072550913 c
51.54969352005608 329.14146382526434 59.90214335893642 290.8459277810594 c
59.90214335893642 290.8459277810594 77.12004319512396 300.74601191542416 c
77.12004319512396 300.74601191542416 85.18370290316676 313.69004217087416 c
94.1549527144251 312.76312066401283 93.54796945160177 296.82229266974275 c
93.54796945160177 296.82229266974275 91.18370290316676 290.8459277810594 c
90.29740443139694 275.8459277810594 89.51113810767461 232.22648379305144 c
88.18428942617066 222.3548868118078 64.82069663999741 201.61999680862488 c
64.82069663999741 201.61999680862488 59.59234183403977 199.34598889214826 c
59.59234183403977 199.34598889214826 55.70458482507813 196.10088430608803 c
55.70458482507813 196.10088430608803 91.95975070557277 176.8162543591115 c
79.50868740525033 162.70968508448766 67.44308155824548 146.6268367444931 c
67.44308155824548 146.6268367444931 60.09094682458973 145.70186892982625 c
60.09094682458973 145.70186892982625 57.30950849472079 146.51778318885798 c
44.30950849472078 156.55891683144597 57.30950849472079 146.51778318885798 d
44.30950849472078 156.55891683144597 24.86199166813779 156.9385011981807 c
24.86199166813779 156.9385011981807 0.0 140.24297702147138 c
0.0 140.24297702147138 9.315880842363805 135.7353208296269 c
9.315880842363805 135.7353208296269 34.118914283625074 122.43078889384185 c
34.118914283625074 122.43078889384185 24.92017548446809 138.40018725130633 c
24.92017548446809 138.40018725130633 27.14798961685061 135.75879588310866 c
27.14798961685061 135.75879588310866 41.3142816171822 145.59944212689362 c
41.3142816171822 145.59944212689362 44.30950849472078 156.55891683144597 c
57.30950849472079 146.51778318885798 67.66303741367676 142.2874214184123 c
67.66303741367676 142.2874214184123 81.07873932667952 128.53439189665494 c
81.07873932667952 128.53439189665494 91.04689289705118 122.43078889384186 c
100.46192605812966 128.10521667953265 105.90786124715385 122.43078889384188 c
105.90786124715385 122.43078889384188 129.11322139397637 140.0798612472458 c
129.11322139397637 140.0798612472458 131.05112186262548 148.68425868320165 c
137.0511218626255 142.41247341966243 153.91342040302513 122.43078889384188 c
155.8871492223303 106.32597593504426 144.63015204532275 79.39535271418042 c
129.63015204532275 87.26820422454483 105.92280522768336 93.41659513825937 c
105.92280522768336 93.41659513825937 82.72844192815745 104.00900607316599 c
82.72844192815745 104.00900607316599 91.71987304274538 90.36741265568388 c
91.71987304274538 90.36741265568388 92.7167466156541 65.54983209229076 c
92.7167466156541 65.54983209229076 96.27261343882329 71.95502358772738 c
96.27261343882329 71.95502358772738 105.55565536798703 67.54344623383233 c
119.89024100296756 49.78819316640173 109.96535307013333 38.993679251633196 c
109.96535307013333 38.993679251633196 101.37149238428619 20.9798134628351 c
70.90689449199944 9.08690896102295 88.37149238428619 39.79047076624388 c
88.37149238428619 39.79047076624388 70.21652703964195 35.32833517256531 c
70.21652703964195 35.32833517256531 58.934298848343744 35.82769643552757 c
58.934298848343744 35.82769643552757 62.49914055448564 22.757452801443925 c
62.49914055448564 22.757452801443925 49.63062115190965 12.925717438871342 c
32.59395118739806 10.837234574012037 39.63062115190965 28.489806428044897 c
39.63062115190965 28.489806428044897 24.850509472728735 33.25669673906011 c
24.850509472728735 33.25669673906011 18.41648589272344 53.54983209229075 c
18.41648589272344 53.54983209229075 8.620001300136654 65.54983209229076 d
8.620001300136654 65.54983209229076 10.977060408468024 81.84143670943986 c
10.977060408468024 81.84143670943986 22.923802363100823 72.00195799106014 c
22.923802363100823 72.00195799106014 29.506136087149205 99.69875142256362 c
34.5061360871492 104.50591789466077 29.506136087149205 99.69875142256362 d
34.5061360871492 104.50591789466077 43.451219677909 95.2889702453712 c
43.451219677909 95.2889702453712 35.396353819257584 65.54983209229076 c
35.396353819257584 65.54983209229076 56.589618210126375 76.22089756573916 c
56.589618210126375 76.22089756573916 63.35328088632319 73.98985606610492 c
63.35328088632319 73.98985606610492 73.72844192815745 83.64798353821708 c
73.72844192815745 83.64798353821708 63.14132054135678 112.43078889384186 c
63.14132054135678 112.43078889384186 50.84555513681343 100.91186705601268 c
50.84555513681343 100.91186705601268 34.5061360871492 104.50591789466077 c
29.506136087149205 99.69875142256362 18.290923224213007 100.62029267047036 c
18.290923224213007 100.62029267047036 2.875157655412626 109.67915010455147 c
2.875157655412626 109.67915010455147 0.0 110.40007417706127 c
0.0 110.40007417706127 5.5853992695525925 70.70471843456275 c
5.5853992695525925 70.70471843456275 8.620001300136654 65.54983209229076 c
18.41648589272344 53.54983209229075 3.9615804477066874 40.95358693056083 c
3.9615804477066874 40.95358693056083 0.0 11.351371088973 c
0.0 11.351371088973 0.0 0.0 d
