Processando arquivo: art_19_regular_sep.txt

Tempo de Inicio (hh:mm:ss.ms) 2026-04-27 10:07:53.396794
Tempo de Termino (hh:mm:ss.ms) 2026-04-27 10:07:54.550532
Tempo Total (hh:mm:ss.ms) 0:00:01.153738

Função Objetivo: 254.25055975711348

0.0 0.0 10.620367682455473 6.131672140358468 d
14.160490243273957 7.105427357601002e-15 42.48147072982191 0.0 c
42.48147072982191 0.0 56.64196097309588 24.526688561433886 c
56.64196097309588 24.526688561433886 42.48147072982191 49.05337712286777 c
42.48147072982191 49.05337712286777 39.87933620507738 59.895476951144644 d
39.87933620507738 59.895476951144644 48.62299059597715 63.51721718455839 c
48.62299059597715 63.51721718455839 67.64196097309588 35.73815747918334 d
67.64196097309588 35.73815747918334 67.64196097309588 13.724987185001806 c
67.64196097309588 13.724987185001806 84.85255053801703 0.0 c
84.85255053801703 0.0 106.31380469342636 4.898391213200668 c
106.31380469342636 4.898391213200668 115.86496133049741 24.731572332092572 c
123.8649613304974 25.59086650538083 115.86496133049741 24.731572332092572 d
123.8649613304974 25.59086650538083 123.8649613304974 6.041184098392366 c
123.8649613304974 6.041184098392366 142.4578141751645 0.0 c
142.4578141751645 0.0 153.94882918099393 15.816025301886595 c
153.94882918099393 15.816025301886595 142.4578141751645 31.632050603773187 c
142.4578141751645 31.632050603773187 123.8649613304974 25.59086650538083 c
115.86496133049741 24.731572332092572 106.31380469342638 44.56475345098447 c
106.31380469342638 44.56475345098447 127.52463128774103 64.95084493078261 d
127.52463128774103 64.95084493078261 143.08345409303573 59.895476951144644 c
143.08345409303573 59.895476951144644 152.69933541164482 73.13060214747473 c
160.69933541164482 72.87295827151735 152.69933541164482 73.13060214747473 d
160.69933541164482 72.87295827151735 176.9725822701508 59.895476951144644 c
176.9725822701508 59.895476951144644 197.26498918896715 64.52708641003399 c
197.26498918896715 64.52708641003399 206.29595986856032 83.28009025802662 c
206.29595986856032 83.28009025802662 211.2959598685603 109.08560563237602 d
211.2959598685603 59.895476951144644 253.89586092193218 84.49054129176032 c
186.99228930632034 35.80127273226563 211.2959598685603 59.895476951144644 d
199.99786290467517 17.900636366132815 186.99228930632034 35.80127273226563 c
205.99786290467517 9.720171160850196 199.99786290467517 17.900636366132815 d
205.99786290467517 41.17530579029446 205.99786290467517 9.720171160850196 c
205.99786290467517 9.720171160850196 235.9134736649495 0.0 c
235.9134736649495 0.0 254.4023379090111 25.447738475572326 c
254.4023379090111 25.447738475572326 235.9134736649495 50.895476951144644 c
235.9134736649495 50.895476951144644 205.99786290467517 41.17530579029446 c
186.99228930632034 35.80127273226563 165.94882918099395 28.963838060655306 c
165.94882918099395 28.963838060655306 165.94882918099395 6.83743467161033 c
165.94882918099395 6.83743467161033 186.99228930632034 0.0 c
186.99228930632034 0.0 199.99786290467517 17.900636366132815 c
253.89586092193218 84.49054129176032 211.2959598685603 109.08560563237602 c
205.0109067919307 119.86581737003667 211.2959598685603 109.08560563237602 d
205.0109067919307 119.86581737003667 228.18757544645172 143.0424860245577 c
228.18757544645172 143.0424860245577 205.0109067919307 166.2191546790787 c
205.0109067919307 166.2191546790787 181.83423813740967 143.0424860245577 c
181.83423813740967 143.0424860245577 205.0109067919307 119.86581737003667 c
211.2959598685603 109.08560563237602 211.2959598685603 59.895476951144644 c
206.29595986856032 83.28009025802662 197.26498918896715 102.03309410601923 c
197.26498918896715 102.03309410601923 176.97258227015084 106.66470356490859 c
176.97258227015084 106.66470356490859 160.69933541164482 93.68722224453589 c
160.69933541164482 93.68722224453589 160.69933541164482 72.87295827151735 c
152.69933541164482 73.13060214747473 143.08345409303573 86.36572734380482 c
143.08345409303573 86.36572734380482 127.52463128774103 81.31035936416686 c
127.52463128774103 81.31035936416686 127.52463128774103 64.95084493078261 c
106.31380469342638 44.56475345098447 84.85255053801703 49.463144664185144 c
84.85255053801703 49.463144664185144 67.64196097309588 35.73815747918334 c
48.62299059597715 63.51721718455839 52.2447308293909 72.26087157545817 c
52.2447308293909 72.26087157545817 48.62299059597716 81.00452596635795 c
48.62299059597716 81.00452596635795 39.87933620507738 84.62626619977169 c
39.87933620507738 84.62626619977169 31.13568181417761 81.00452596635795 c
31.13568181417761 81.00452596635795 27.513941580763856 72.26087157545817 c
27.513941580763856 72.26087157545817 20.513941580763856 68.77827422149035 d
20.513941580763856 68.77827422149035 15.385456185572892 77.66107149183605 c
15.385456185572892 77.66107149183605 5.128485395190966 77.66107149183605 c
5.128485395190966 77.66107149183605 0.0 68.77827422149035 c
0.0 68.77827422149035 5.1284853951909595 59.89547695114465 c
5.1284853951909595 59.89547695114465 15.385456185572892 59.895476951144644 c
15.385456185572892 59.895476951144644 20.513941580763856 68.77827422149035 c
27.513941580763856 72.26087157545817 31.1356818141776 63.5172171845584 c
31.1356818141776 63.5172171845584 39.87933620507738 59.895476951144644 c
42.48147072982191 49.05337712286777 66.2447308293909 70.39387778457696 d
66.2447308293909 70.39387778457696 98.55548624111248 59.895476951144644 c
98.55548624111248 59.895476951144644 118.52463128774102 87.38064716059066 c
118.52463128774102 87.38064716059066 98.55548624111248 114.86581737003667 c
107.28570224351708 119.86581737003667 98.55548624111248 114.86581737003667 d
107.28570224351708 119.86581737003667 131.51567049748888 119.86581737003667 c
131.51567049748888 119.86581737003667 143.6306546244748 140.84958541086672 c
153.63065462447483 137.05201201692267 143.6306546244748 140.84958541086672 d
153.63065462447483 137.05201201692267 153.6306546244748 123.92292758124478 c
153.6306546244748 123.92292758124478 166.11715593001557 119.86581737003668 c
166.11715593001557 119.86581737003668 173.8342381374097 130.48746979908373 c
173.8342381374097 130.48746979908373 166.11715593001557 141.1091222281308 c
166.11715593001557 141.1091222281308 153.63065462447483 137.05201201692267 c
143.6306546244748 140.84958541086672 131.51567049748888 161.83335345169678 c
131.51567049748888 161.83335345169678 107.28570224351711 161.83335345169678 c
107.28570224351711 161.83335345169678 83.17071811653119 135.93765878648293 d
83.17071811653119 135.93765878648293 73.89163614837297 152.0095002029292 c
73.89163614837297 152.0095002029292 99.52908905884247 179.2191546790787 d
99.52908905884247 179.2191546790787 138.0416943926547 201.45441773574902 c
138.0416943926547 201.45441773574902 146.0416943926547 200.29464108375703 d
146.0416943926547 200.29464108375703 167.11718079733302 179.2191546790787 c
167.11718079733302 179.2191546790787 188.19266720201134 200.29464108375703 c
194.1926672020113 202.17921451873747 188.19266720201134 200.29464108375703 d
194.1926672020113 202.17921451873747 200.91751303259844 185.94400050966584 c
200.91751303259844 185.94400050966584 217.15272704167006 179.2191546790787 c
217.15272704167006 179.2191546790787 233.3879410507417 185.94400050966584 c
233.3879410507417 185.94400050966584 240.11278688132882 202.17921451873747 c
240.11278688132882 202.17921451873747 233.3879410507417 218.4144285278091 c
233.3879410507417 218.4144285278091 217.15272704167006 225.13927435839622 c
217.15272704167006 225.13927435839622 200.91751303259844 218.4144285278091 c
200.91751303259844 218.4144285278091 194.1926672020113 202.17921451873747 c
188.19266720201134 200.29464108375703 167.11718079733302 221.37012748843534 c
167.11718079733302 221.37012748843534 176.02364534495786 242.07238496462364 d
176.02364534495786 242.07238496462364 188.66455389109365 254.71329351075943 c
202.66455389109365 242.0723849646236 188.66455389109365 254.71329351075943 d
202.66455389109365 242.0723849646236 237.91972691426028 262.4269685998757 c
237.91972691426028 262.4269685998757 202.66455389109368 282.7815522351278 c
202.66455389109368 282.7815522351278 212.42334666651027 307.50391423537224 d
225.5412805969635 302.0702880910643 238.65921452741674 307.50391423537224 c
238.65921452741674 307.50391423537224 244.09284067172467 320.6218481658255 c
244.09284067172467 320.6218481658255 238.65921452741674 333.73978209627876 c
238.65921452741674 333.73978209627876 225.5412805969635 339.1734082405867 c
225.5412805969635 339.1734082405867 212.42334666651027 333.73978209627876 c
212.42334666651027 333.73978209627876 206.98972052220233 320.6218481658255 c
206.98972052220233 320.6218481658255 192.98972052220233 328.5884007323129 d
192.98972052220233 328.5884007323129 185.22274515384933 347.3395380052085 c
185.22274515384933 347.3395380052085 166.47160788095374 355.1065133735615 c
159.13795655857086 362.1065133735615 166.47160788095374 355.1065133735615 d
159.13795655857086 362.1065133735615 200.20809748765726 385.81837029462537 c
212.20809748765726 384.94768134674683 200.20809748765726 385.81837029462537 d
212.20809748765726 384.94768134674683 225.3954519655813 362.1065133735615 c
225.3954519655813 362.1065133735615 251.77016092142935 362.1065133735615 c
251.77016092142935 362.1065133735615 264.9575153993534 384.94768134674683 c
264.9575153993534 384.94768134674683 251.77016092142935 407.7888493199322 c
251.77016092142935 407.7888493199322 225.3954519655813 407.7888493199322 c
225.3954519655813 407.7888493199322 212.20809748765726 384.94768134674683 c
200.20809748765726 385.81837029462537 159.1379565585709 409.53022721568925 c
159.1379565585709 409.53022721568925 159.13795655857086 362.1065133735615 c
166.47160788095374 355.1065133735615 147.72047060805815 347.3395380052085 c
147.72047060805815 347.3395380052085 139.95349523970515 328.5884007323129 c
139.95349523970515 328.5884007323129 147.72047060805815 309.8372634594173 c
147.72047060805815 309.8372634594173 166.47160788095374 302.0702880910643 c
166.47160788095374 302.0702880910643 185.22274515384933 309.8372634594173 c
185.22274515384933 309.8372634594173 192.98972052220233 328.5884007323129 c
206.98972052220233 320.6218481658255 212.42334666651027 307.50391423537224 c
212.42334666651027 307.50391423537224 225.5412805969635 302.0702880910643 c
202.66455389109368 282.7815522351278 202.66455389109365 242.0723849646236 c
188.66455389109365 254.71329351075943 176.02364534495786 267.35420205689525 c
176.02364534495786 267.35420205689525 163.38273679882207 254.71329351075943 c
163.38273679882207 254.71329351075943 153.38273679882207 264.571336527844 d
153.38273679882207 264.571336527844 146.7929464555425 280.48049774778474 c
146.7929464555425 280.48049774778474 130.88378523560172 287.0702880910643 c
130.88378523560172 287.0702880910643 114.97462401566095 280.48049774778474 c
114.97462401566095 280.48049774778474 108.38483367238138 264.571336527844 c
108.38483367238138 264.571336527844 114.97462401566094 248.6621753079032 c
114.97462401566094 248.6621753079032 130.88378523560172 242.07238496462364 c
130.88378523560172 242.07238496462364 146.7929464555425 248.6621753079032 c
146.7929464555425 248.6621753079032 153.38273679882207 264.571336527844 c
163.38273679882207 254.71329351075943 176.02364534495786 242.07238496462364 c
167.11718079733302 221.37012748843534 146.0416943926547 200.29464108375703 c
92.52908905884246 189.03808955423068 99.52908905884247 179.2191546790787 d
92.52908905884246 189.03808955423068 86.86012436551808 198.85702442938265 c
86.86012436551808 198.85702442938265 75.52219497886931 198.85702442938265 c
75.52219497886931 198.85702442938265 69.85323028554492 189.03808955423068 c
69.85323028554492 189.03808955423068 75.5221949788693 179.2191546790787 c
75.5221949788693 179.2191546790787 86.86012436551808 179.2191546790787 c
86.86012436551808 179.2191546790787 92.52908905884246 189.03808955423068 c
138.0416943926547 201.45441773574902 99.52908905884249 223.68968079241932 c
85.76302503364633 242.0723849646236 99.52908905884249 223.68968079241932 d
85.76302503364633 242.0723849646236 97.38483367238138 262.2019480027556 c
97.38483367238138 262.2019480027556 85.76302503364633 282.3315110408876 c
85.76302503364633 282.3315110408876 62.519407756176236 282.3315110408876 c
62.519407756176236 282.3315110408876 50.89759911744119 262.2019480027556 c
50.89759911744119 262.2019480027556 41.89759911744119 260.2145775612639 d
41.89759911744119 260.2145775612639 31.42319933808089 278.3567701579042 c
31.42319933808089 278.3567701579042 29.35381284938684 302.0702880910643 d
9.784604283128937 302.0702880910643 29.35381284938684 302.0702880910643 c
29.35381284938684 302.0702880910643 39.138417132515784 319.0177198413997 c
52.138417132515784 314.8362541622687 39.138417132515784 319.0177198413997 d
52.138417132515784 314.8362541622687 68.14643225775386 302.0702880910643 c
68.14643225775386 302.0702880910643 88.10810061492646 306.6264086315293 c
88.10810061492646 306.6264086315293 96.99187878725498 325.0737640887717 c
107.99187878725498 311.14693426716815 96.99187878725498 325.0737640887717 d
107.99187878725498 311.14693426716815 113.23228290036751 302.0702880910643 c
113.23228290036751 302.0702880910643 123.71309112659259 302.0702880910643 c
123.71309112659259 302.0702880910643 128.95349523970512 311.14693426716815 c
128.95349523970512 311.14693426716815 123.71309112659259 320.223580443272 c
123.71309112659259 320.223580443272 113.23228290036752 320.223580443272 c
113.23228290036752 320.223580443272 107.99187878725498 311.14693426716815 c
96.99187878725498 325.0737640887717 88.10810061492647 343.5211195460142 c
88.10810061492647 343.5211195460142 113.85429450736996 369.9951211712592 d
113.85429450736996 369.9951211712592 138.13293285757652 362.1065133735615 c
113.85429450736996 369.9951211712592 104.85429450736997 372.89899450910394 d
104.85429450736997 372.89899450910394 98.62325261854056 383.6914756446464 c
98.62325261854056 383.6914756446464 86.16116884088177 383.6914756446464 c
86.16116884088177 383.6914756446464 79.93012695205236 372.89899450910394 c
79.93012695205236 372.89899450910394 86.16116884088176 362.1065133735615 c
86.16116884088176 362.1065133735615 98.62325261854056 362.1065133735615 c
98.62325261854056 362.1065133735615 104.85429450736997 372.89899450910394 c
138.13293285757652 362.1065133735615 153.13795655857086 382.7591567118516 c
153.13795655857086 382.7591567118516 138.13293285757652 403.4118000501416 c
138.13293285757652 403.4118000501416 113.85429450736996 395.52319225244395 c
113.85429450736996 395.52319225244395 113.85429450736996 369.9951211712592 c
88.10810061492647 343.5211195460142 68.14643225775387 348.07724008647915 c
68.14643225775387 348.07724008647915 52.138417132515784 335.31127401527476 c
52.138417132515784 335.31127401527476 52.138417132515784 314.8362541622687 c
39.138417132515784 319.0177198413997 29.35381284938684 335.9651515917351 c
29.35381284938684 335.9651515917351 52.96167687011455 362.1065133735615 d
52.96167687011455 362.1065133735615 66.93012695205236 376.0749634554993 c
66.93012695205236 376.0749634554993 52.96167687011455 390.0434135374371 c
52.96167687011455 390.0434135374371 38.99322678817674 376.0749634554993 c
38.99322678817674 376.0749634554993 26.993226788176738 376.29769251259364 d
26.993226788176738 376.29769251259364 16.68273162112738 390.4888716516258 c
16.68273162112738 390.4888716516258 16.56039465952359 422.53022721568925 d
16.56039465952359 422.53022721568925 37.21086902946118 427.2435632336885 c
37.21086902946118 427.2435632336885 46.40119471634007 446.3274711639609 c
54.40119471634007 442.78280225072996 46.40119471634007 446.3274711639609 d
54.40119471634007 442.78280225072996 60.33303660761412 428.46206910696327 c
60.33303660761412 428.46206910696327 74.65376975138079 422.53022721568925 c
74.65376975138079 422.53022721568925 88.97450289514747 428.46206910696327 c
88.97450289514747 428.46206910696327 94.90634478642151 442.78280225072996 c
94.90634478642151 442.78280225072996 88.97450289514747 457.10353539449665 c
88.97450289514747 457.10353539449665 74.65376975138079 463.03537728577066 c
74.65376975138079 463.03537728577066 60.33303660761412 457.10353539449665 c
60.33303660761412 457.10353539449665 54.40119471634007 442.78280225072996 c
46.40119471634007 446.3274711639609 37.21086902946118 465.41137909423327 c
37.21086902946118 465.41137909423327 16.560394659523595 470.1247151122326 c
16.560394659523595 470.1247151122326 0.0 456.91824106187227 c
0.0 456.91824106187227 0.0 435.7367012660496 c
0.0 435.7367012660496 16.56039465952359 422.53022721568925 c
16.68273162112738 390.4888716516258 1.7763568394002505e-15 385.06832356095396 c
1.7763568394002505e-15 385.06832356095396 0.0 367.5270614642333 c
0.0 367.5270614642333 16.68273162112738 362.1065133735615 c
16.68273162112738 362.1065133735615 26.993226788176738 376.29769251259364 c
38.99322678817674 376.0749634554993 52.96167687011455 362.1065133735615 c
29.35381284938684 335.9651515917351 9.78460428312895 335.9651515917351 c
9.78460428312895 335.9651515917351 0.0 319.0177198413997 c
0.0 319.0177198413997 9.784604283128937 302.0702880910643 c
31.42319933808089 278.3567701579042 10.4743997793603 278.3567701579042 c
10.4743997793603 278.3567701579042 0.0 260.2145775612639 c
0.0 260.2145775612639 10.474399779360288 242.07238496462367 c
10.474399779360288 242.07238496462367 31.42319933808089 242.07238496462367 c
31.42319933808089 242.07238496462367 27.92661514277246 235.0723849646236 d
27.92661514277246 235.0723849646236 8.179516199731133 226.89286876489248 c
8.179516199731133 226.89286876489248 0.0 207.14576982185116 c
0.0 207.14576982185116 8.179516199731125 187.39867087880984 c
8.179516199731125 187.39867087880984 27.926615142772455 179.2191546790787 c
27.926615142772455 179.2191546790787 47.673714085813785 187.39867087880984 c
47.673714085813785 187.39867087880984 55.85323028554492 207.14576982185116 c
55.85323028554492 207.14576982185116 47.673714085813785 226.89286876489248 c
47.673714085813785 226.89286876489248 27.92661514277246 235.0723849646236 c
31.42319933808089 242.07238496462367 41.89759911744119 260.2145775612639 c
50.89759911744119 262.2019480027556 62.51940775617622 242.07238496462364 c
62.51940775617622 242.07238496462364 85.76302503364633 242.0723849646236 c
99.52908905884249 223.68968079241932 99.52908905884247 179.2191546790787 c
73.89163614837297 152.0095002029292 55.33347221205653 152.0095002029292 c
55.33347221205653 152.0095002029292 46.054390243898304 135.93765878648293 c
46.054390243898304 135.93765878648293 38.05439024389831 138.89301249198581 d
38.05439024389831 138.89301249198581 32.481453819639 152.34727118967567 c
32.481453819639 152.34727118967567 19.027195121949156 157.92020761393496 c
19.027195121949156 157.92020761393496 5.572936424259311 152.34727118967567 c
5.572936424259311 152.34727118967567 0.0 138.89301249198581 c
0.0 138.89301249198581 5.572936424259307 125.43875379429596 c
5.572936424259307 125.43875379429596 19.027195121949152 119.86581737003667 c
19.027195121949152 119.86581737003667 32.481453819639 125.43875379429596 c
32.481453819639 125.43875379429596 38.05439024389831 138.89301249198581 c
46.054390243898304 135.93765878648293 55.33347221205651 119.86581737003668 c
55.33347221205651 119.86581737003668 73.89163614837297 119.86581737003668 c
73.89163614837297 119.86581737003668 83.17071811653119 135.93765878648293 c
107.28570224351711 161.83335345169678 95.17071811653119 140.84958541086672 c
95.17071811653119 140.84958541086672 107.28570224351708 119.86581737003667 c
98.55548624111248 114.86581737003667 66.2447308293909 104.36741653660437 c
66.2447308293909 104.36741653660437 66.2447308293909 70.39387778457696 c
42.48147072982191 49.05337712286777 14.160490243273975 49.05337712286777 c
14.160490243273975 49.05337712286777 0.0 24.52668856143389 c
0.0 24.52668856143389 14.160490243273957 7.105427357601002e-15 c
10.620367682455473 6.131672140358468 0.0 0.0 d
