Processando arquivo: art_7_regular_pack.txt

Tempo de Inicio (hh:mm:ss.ms) 2026-04-27 10:02:03.450373
Tempo de Termino (hh:mm:ss.ms) 2026-04-27 10:02:03.714612
Tempo Total (hh:mm:ss.ms) 0:00:00.264239

Função Objetivo: 121.45600382878581

0.0 0.0 5.25533434774503 5.25533434774503 d
10.510668695490057 0.0 21.02133739098012 10.51066869549006 c
21.02133739098012 10.51066869549006 21.02133739098012 6.774912076733056 d
21.02133739098012 6.774912076733056 41.872372755351236 0.0 c
41.872372755351236 0.0 54.75902131115864 17.73695008767927 c
54.75902131115865 14.340277491458314 54.75902131115864 17.73695008767927 d
54.75902131115865 14.340277491458314 69.09929880261696 0.0 c
69.09929880261696 0.0 83.43957629407527 14.340277491458313 c
83.43957629407527 14.340277491458313 83.43957629407527 23.804064647327095 d
83.43957629407527 23.804064647327095 107.24364094140236 0.0 c
107.24364094140236 0.0 131.04770558872946 23.804064647327092 c
131.04770558872946 23.804064647327092 131.04770558872946 12.96994289924972 c
131.04770558872946 12.96994289924972 147.31149956613862 0.0 c
147.31149956613862 0.0 167.5921189350308 4.628919027540125 c
167.5921189350308 4.628919027540125 176.61784366138767 23.371029541392076 c
176.61784366138767 23.371029541392076 167.59211893503084 42.113140055244024 c
167.59211893503084 42.113140055244024 147.31149956613862 46.74205908278415 c
147.31149956613862 46.74205908278415 131.04770558872946 33.772116183534436 c
131.04770558872946 33.772116183534436 131.04770558872946 23.804064647327092 c
131.04770558872946 23.804064647327092 107.24364094140236 47.608129294654184 c
103.53156609607993 47.608129294654184 107.24364094140236 47.608129294654184 d
103.53156609607993 47.608129294654184 111.42252430534691 61.275669833507315 c
111.42252430534691 61.275669833507315 111.42252430534691 47.608129294654184 c
111.42252430534691 47.608129294654184 132.0038232680094 59.49074779101953 c
132.0038232680094 62.99065767350395 132.0038232680094 59.49074779101953 d
132.0038232680094 62.99065767350395 151.29290374805797 47.60812929465419 c
151.29290374805797 47.60812929465419 175.34599368114326 53.098090110800314 c
175.34599368114326 53.098090110800314 186.05062575403397 75.32648765259239 c
186.05062575403397 75.32648765259239 175.34599368114326 97.55488519438447 c
175.34599368114326 97.55488519438447 151.29290374805797 103.04484601053059 c
151.29290374805797 103.04484601053059 149.5837780405755 107.496648697704 d
149.5837780405755 107.496648697704 158.26415143907835 125.52162978993246 c
158.26415143907835 123.52184105958574 158.26415143907835 125.52162978993246 d
158.26415143907835 123.52184105958574 158.26415143907835 107.87880881703424 c
158.26415143907835 107.87880881703424 173.14155918797215 103.04484601053059 c
173.14155918797215 103.04484601053059 182.33630284127958 115.70032493830999 c
182.33630284127958 115.70032493830999 173.14155918797215 128.3558038660894 c
173.14155918797215 128.3558038660894 158.26415143907835 123.52184105958574 c
158.26415143907835 125.52162978993246 149.5837780405755 143.5466108821609 c
149.5837780405755 143.5466108821609 130.079156061488 147.99841356933433 c
125.6982814748584 155.6639320361212 130.079156061488 147.99841356933433 d
125.6982814748584 155.6639320361212 140.17496904342312 170.14061960468592 c
140.17496904342312 170.14061960468592 125.6982814748584 184.61730717325065 c
125.6982814748584 184.61730717325065 111.22159390629369 170.14061960468592 c
111.22159390629369 170.14061960468592 125.6982814748584 155.6639320361212 c
130.079156061488 147.99841356933433 114.43766367384924 135.52473962778575 c
114.43766367384924 135.52473962778575 114.43766367384924 118.21868603906869 c
114.43766367384924 118.21868603906869 105.67704304873246 133.39252606760678 c
105.67704304873246 133.39252606760678 88.15580179849889 133.39252606760678 c
79.3951811733821 129.3543890233259 88.15580179849889 133.39252606760678 d
79.3951811733821 129.3543890233259 53.0856381605868 155.6639320361212 c
53.0856381605868 155.6639320361212 42.55338554905886 155.6639320361212 d
42.55338554905886 155.6639320361212 56.737847398745146 180.23214063780026 c
56.737847398745146 180.23214063780026 42.55338554905886 204.80034923947932 c
42.55338554905886 204.80034923947932 14.184461849686292 204.80034923947932 c
14.184461849686292 204.80034923947932 18.555092247104977 211.54882960318085 d
18.555092247104977 211.54882960318085 41.69291382434099 216.82988638978856 c
41.69291382434099 216.82988638978856 51.99021315850324 238.21244878408655 c
51.99021315850324 238.21244878408655 55.74329622442412 233.42340074601967 d
55.74329622442412 233.42340074601967 51.990213158503245 224.3626567075607 c
51.990213158503245 224.3626567075607 55.743296224424114 215.3019126691017 c
55.743296224424114 215.3019126691017 64.80404026288309 211.54882960318085 c
64.80404026288309 211.54882960318085 73.86478430134207 215.3019126691017 c
76.18287139457583 211.54882960318088 73.86478430134207 215.3019126691017 d
76.18287139457583 211.54882960318088 56.73784739874516 196.0419404203261 c
56.73784739874516 196.0419404203261 56.73784739874515 171.17082121897596 c
56.73784739874515 171.17082121897596 76.18287139457583 155.6639320361212 c
76.18287139457583 155.6639320361212 100.4304197111734 161.19827670934447 c
100.4304197111734 161.19827670934447 111.2215939062937 183.60638081965104 c
111.2215939062937 183.60638081965104 100.4304197111734 206.0144849299576 c
100.4304197111734 206.0144849299576 76.18287139457583 211.54882960318088 c
73.86478430134207 215.3019126691017 77.61786736726293 224.3626567075607 c
77.61786736726293 226.31479907123958 77.61786736726293 224.3626567075607 d
77.61786736726293 226.31479907123958 92.38383683532166 211.54882960318085 c
92.38383683532166 211.54882960318085 107.14980630338039 226.31479907123958 c
107.14980630338039 226.31479907123958 92.38383683532166 241.0807685392983 c
92.38383683532166 241.0807685392983 77.61786736726293 226.31479907123958 c
77.61786736726293 224.3626567075607 73.86478430134207 233.42340074601967 c
73.86478430134207 233.42340074601967 64.80404026288309 237.17648381194053 c
64.80404026288309 237.17648381194053 55.74329622442412 233.42340074601967 c
51.99021315850324 238.21244878408655 41.692913824341 259.59501117838454 c
41.692913824341 259.59501117838454 18.555092247104984 264.8760679649923 c
18.555092247104984 264.8760679649923 3.552713678800501e-15 250.0788756696678 c
3.552713678800501e-15 250.0788756696678 0.0 226.34602189850528 c
0.0 226.34602189850528 18.555092247104977 211.54882960318085 c
14.184461849686292 204.80034923947932 0.0 180.23214063780026 c
0.0 180.23214063780026 14.184461849686274 155.6639320361212 c
14.184461849686274 155.6639320361212 42.55338554905886 155.6639320361212 c
53.0856381605868 155.6639320361212 26.776095147791487 129.3543890233259 c
16.54853688733628 131.1988985710429 26.776095147791487 129.3543890233259 d
16.54853688733628 131.1988985710429 1.7763568394002505e-15 125.82195299251055 c
1.7763568394002505e-15 125.82195299251055 0.0 108.42179158906293 c
0.0 108.42179158906293 16.548536887336276 103.04484601053059 c
16.548536887336276 103.04484601053059 25.72267959752863 99.05348848971144 d
25.72267959752863 99.05348848971144 0.0 73.33080889218282 c
0.0 73.33080889218282 25.722679597528625 47.60812929465419 c
25.722679597528625 47.60812929465419 51.44535919505726 73.33080889218282 c
51.44535919505726 73.33080889218282 25.72267959752863 99.05348848971144 c
16.548536887336276 103.04484601053059 26.776095147791487 117.12187229078674 c
26.776095147791487 117.12187229078674 16.54853688733628 131.1988985710429 c
26.776095147791487 129.3543890233259 53.08563816058679 103.04484601053059 c
53.08563816058679 103.04484601053059 79.3951811733821 129.3543890233259 c
88.15580179849889 133.39252606760678 79.3951811733821 118.21868603906869 c
79.3951811733821 118.21868603906869 88.15580179849887 103.04484601053059 c
88.15580179849887 103.04484601053059 105.67704304873246 103.04484601053059 c
105.67704304873246 103.04484601053059 114.43766367384924 118.21868603906869 c
114.43766367384924 118.21868603906869 114.43766367384924 115.51851995207917 c
114.43766367384924 115.51851995207917 130.079156061488 103.04484601053059 c
130.079156061488 103.04484601053059 149.5837780405755 107.496648697704 c
151.29290374805797 103.04484601053059 132.0038232680094 87.66231763168084 c
132.0038232680094 87.66231763168084 132.0038232680094 62.99065767350395 c
132.0038232680094 59.49074779101953 111.42252430534691 71.37336628738488 c
111.42252430534691 71.37336628738488 111.42252430534691 61.275669833507315 c
111.42252430534691 61.275669833507315 103.53156609607993 74.94321037236045 c
103.53156609607993 74.94321037236045 87.74964967754596 74.94321037236045 c
87.74964967754596 74.94321037236045 79.85869146827898 61.275669833507315 c
79.85869146827899 61.814795431265054 79.85869146827898 61.275669833507315 d
79.85869146827899 61.814795431265054 65.65202533166813 76.02146156787592 c
65.65202533166813 76.02146156787592 51.445359195057264 61.814795431265054 c
51.445359195057264 61.814795431265054 65.65202533166813 47.60812929465419 c
65.65202533166813 47.60812929465419 79.85869146827899 61.814795431265054 c
79.85869146827898 61.275669833507315 87.74964967754596 47.608129294654184 c
87.74964967754596 47.608129294654184 103.53156609607993 47.608129294654184 c
107.24364094140236 47.608129294654184 83.43957629407527 23.804064647327095 c
83.43957629407527 14.340277491458313 69.09929880261696 28.680554982916625 c
69.09929880261696 28.680554982916625 54.75902131115865 14.340277491458314 c
54.75902131115864 17.73695008767927 41.87237275535124 35.47390017535854 c
41.87237275535124 35.47390017535854 21.021337390980122 28.698988098625485 c
21.021337390980122 28.698988098625485 21.02133739098012 6.774912076733056 c
21.02133739098012 10.51066869549006 10.51066869549006 21.02133739098012 c
10.51066869549006 21.02133739098012 0.0 10.510668695490061 c
0.0 10.510668695490061 10.510668695490057 0.0 c
5.25533434774503 5.25533434774503 0.0 0.0 d
