Processando arquivo: art_19_hole_pack.txt

Tempo de Inicio (hh:mm:ss.ms) 2026-04-27 10:02:59.694485
Tempo de Termino (hh:mm:ss.ms) 2026-04-27 10:03:00.324700
Tempo Total (hh:mm:ss.ms) 0:00:00.630215

Função Objetivo: 167.3306077227863

0.0 0.0 10.472844459751686 10.472844459751679 d
20.94568891950336 0.0 41.89137783900673 20.945688919503365 c
41.891377839006736 22.978336216918454 41.89137783900673 20.945688919503365 d
41.891377839006736 22.978336216918454 64.86971405592519 0.0 c
41.891377839006736 22.978336216918454 59.772089375716824 22.97833621691845 d
64.86971405592519 17.880711536710088 69.96733873613354 22.97833621691845 c
69.96733873613354 22.97833621691845 64.86971405592519 28.075960897126812 c
64.86971405592519 28.075960897126812 59.772089375716824 22.97833621691845 c
59.772089375716824 22.97833621691845 64.86971405592519 17.880711536710088 c
64.86971405592519 0.0 87.84805027284364 22.97833621691845 c
87.84805027284364 18.6928429902284 87.84805027284364 22.97833621691845 d
87.84805027284364 18.6928429902284 98.6403682051714 3.552713678800501e-15 c
98.6403682051714 3.552713678800501e-15 120.22500406982697 0.0 c
120.22500406982697 0.0 131.01732200215474 18.692842990228396 c
131.01732200215474 18.692842990228396 120.22500406982697 37.38568598045679 c
120.22500406982697 37.38568598045679 98.64036820517141 37.3856859804568 c
98.64036820517141 37.3856859804568 101.13540435282724 49.32671169561734 d
101.13540435282724 49.32671169561734 123.50181109531701 71.69311843810712 c
123.50181109531701 71.69311843810712 123.50181109531704 70.33158270207466 d
123.50181109531704 70.33158270207466 144.50668210177435 49.32671169561734 c
144.50668210177435 49.32671169561734 145.25671714000663 49.32671169561735 d
145.25671714000663 49.32671169561735 131.01732200215474 24.663355847808678 c
131.01732200215474 24.663355847808678 115.98933162723362 18.692842990228396 d
115.98933162723362 18.692842990228396 111.45880101991898 24.928583408277554 c
111.45880101991898 24.928583408277554 104.12824851021219 22.546742513604258 c
104.12824851021219 22.546742513604258 104.12824851021219 14.838943466852538 c
104.12824851021219 14.838943466852538 111.45880101991898 12.457102572179235 c
111.45880101991898 12.457102572179235 115.98933162723362 18.692842990228396 c
131.01732200215474 24.663355847808678 145.2567171400066 7.105427357601002e-15 c
145.2567171400066 7.105427357601002e-15 173.73550741571034 0.0 c
173.73550741571034 0.0 187.97490255356223 24.663355847808674 c
187.97490255356223 24.663355847808674 173.73550741571034 49.32671169561735 c
173.73550741571034 49.32671169561735 145.25671714000663 49.32671169561735 c
144.50668210177435 49.32671169561734 165.51155310823165 70.33158270207466 c
149.82362958707304 70.33158270207466 165.51155310823165 70.33158270207466 d
149.82362958707304 70.33158270207466 141.84820835912498 74.93619429493113 c
141.84820835912498 74.93619429493113 141.84820835912498 65.7269711092182 c
141.84820835912498 65.7269711092182 149.82362958707304 70.33158270207466 c
165.51155310823165 70.33158270207466 144.50668210177435 91.33645370853196 c
144.50668210177435 91.33645370853196 134.34790518793773 94.0595251805969 d
134.34790518793773 94.0595251805969 162.54178461706348 110.3372690585025 c
162.54178461706348 117.22027710221413 162.54178461706348 110.3372690585025 d
162.54178461706348 117.22027710221413 185.7025365386807 94.0595251805969 c
185.7025365386807 94.0595251805969 208.86328846029792 117.22027710221413 c
208.86328846029792 117.22027710221413 185.7025365386807 140.38102902383133 c
185.7025365386807 140.38102902383133 191.8201058796206 147.99188884619429 d
191.8201058796206 147.99188884619429 205.19031165822204 171.14976456238298 c
205.19031165822204 171.14976456238298 191.8201058796206 194.30764027857168 c
193.64682154871 196.30955031824408 191.8201058796206 194.30764027857168 d
193.64682154871 196.30955031824408 201.81810794475737 210.46263351939456 c
201.81810794475737 210.46263351939456 193.64682154871 224.61571672054504 c
193.64682154871 224.61571672054504 191.27628754969962 210.46263351939456 d
188.37591135118112 215.4862324562921 182.57515895414406 215.4862324562921 c
182.57515895414406 215.4862324562921 179.67478275562556 210.46263351939456 c
179.67478275562556 210.46263351939456 182.57515895414406 205.43903458249702 c
182.57515895414406 205.43903458249702 188.37591135118112 205.43903458249702 c
188.37591135118112 205.43903458249702 191.27628754969962 210.46263351939456 c
191.27628754969962 210.46263351939456 188.37591135118112 215.4862324562921 c
193.64682154871 224.61571672054504 177.3042487566152 224.61571672054504 c
177.3042487566152 224.61571672054504 169.1329623605678 210.46263351939456 c
169.1329623605678 210.46263351939456 177.30424875661518 196.30955031824408 c
177.30424875661518 196.30955031824408 193.64682154871 196.30955031824408 c
191.8201058796206 194.30764027857168 165.0796943224177 194.30764027857168 c
154.6962172096612 196.30955031824408 165.0796943224177 194.30764027857168 d
154.6962172096612 196.30955031824408 169.1329623605678 221.31472641553793 c
169.1329623605678 221.31472641553793 154.6962172096612 246.3199025128318 c
154.6962172096612 246.3199025128318 142.67884518172968 228.76079124640265 d
142.67884518172968 228.76079124640265 133.92547099133785 225.91664756344755 c
133.92547099133785 225.91664756344755 133.92547099133785 216.7128052676283 c
133.92547099133785 216.7128052676283 142.67884518172968 213.86866158467322 c
142.67884518172968 213.86866158467322 148.08872794763795 221.31472641553793 c
148.08872794763795 221.31472641553793 142.67884518172968 228.76079124640265 c
154.6962172096612 246.3199025128318 125.822726907848 246.3199025128318 c
125.822726907848 246.3199025128318 111.38598175694139 221.31472641553793 c
111.38598175694139 221.31472641553793 111.38598175694139 222.4323277129974 d
111.38598175694139 222.4323277129974 85.26320436218808 248.5551051077507 c
85.26320436218808 248.5551051077507 59.14042696743477 222.4323277129974 c
59.14042696743476 221.91810639047247 59.14042696743477 222.4323277129974 d
59.14042696743476 221.91810639047247 44.35532022557608 247.52666246270087 c
44.35532022557608 247.52666246270087 14.785106741858696 247.52666246270087 c
14.785106741858696 247.52666246270087 0.0 221.91810639047247 c
0.0 221.91810639047247 14.785106741858678 196.30955031824408 c
14.785106741858678 196.30955031824408 44.35532022557608 196.30955031824408 c
44.35532022557608 196.30955031824408 59.14042696743476 221.91810639047247 c
59.14042696743477 222.4323277129974 85.26320436218808 196.30955031824408 c
85.26320436218808 196.30955031824408 85.35533213849098 196.30955031824408 d
85.35533213849098 196.30955031824408 85.35533213849097 147.99188884619429 c
85.35533213849097 147.99188884619429 127.1996544247427 172.15071958221918 c
127.1996544247427 172.15071958221918 127.1996544247427 147.99188884619429 c
118.66204934679826 137.23898195431997 127.1996544247427 147.99188884619429 d
118.66204934679826 137.23898195431997 93.28180145320351 128.99243951841729 c
93.28180145320351 128.99243951841729 93.2818014532035 102.30606761649958 c
93.2818014532035 102.30606761649958 118.66204934679824 94.05952518059689 c
118.66204934679824 94.05952518059689 134.34790518793773 115.64925356745843 c
139.50789945369777 113.4163312584025 134.34790518793773 115.64925356745843 d
139.50789945369777 113.4163312584025 139.50789945369777 107.2582068586025 c
139.50789945369777 107.2582068586025 145.36462379228374 105.35524176558928 c
145.36462379228374 105.35524176558928 148.98427849626862 110.3372690585025 c
148.98427849626862 110.3372690585025 145.36462379228374 115.31929635141572 c
145.36462379228374 115.31929635141572 139.50789945369777 113.4163312584025 c
134.34790518793773 115.64925356745843 118.66204934679826 137.23898195431997 c
127.1996544247427 147.99188884619429 151.70948854381626 162.14264817263447 c
151.70948854381626 162.14264817263447 127.1996544247427 176.29340749907465 c
127.1996544247427 176.29340749907465 127.1996544247427 172.15071958221918 c
127.1996544247427 172.15071958221918 85.35533213849098 196.30955031824408 c
85.26320436218808 196.30955031824408 111.38598175694139 222.4323277129974 c
111.38598175694139 221.31472641553793 125.82272690784798 196.30955031824408 c
125.82272690784798 196.30955031824408 154.6962172096612 196.30955031824408 c
165.0796943224177 194.30764027857168 151.70948854381626 171.14976456238298 c
151.70948854381626 171.14976456238298 165.0796943224177 147.99188884619429 c
175.43735742476645 165.9318875871438 165.0796943224177 147.99188884619429 d
175.43735742476645 165.9318875871438 184.47498545352457 171.14976456238298 c
184.47498545352457 171.14976456238298 175.43735742476645 176.3676415376222 c
175.43735742476645 176.3676415376222 175.43735742476645 165.9318875871438 c
165.0796943224177 147.99188884619429 191.8201058796206 147.99188884619429 c
185.7025365386807 140.38102902383133 162.54178461706348 117.22027710221413 c
162.54178461706348 110.3372690585025 134.34790518793776 126.6150129364081 c
134.34790518793776 126.6150129364081 134.34790518793773 94.0595251805969 c
144.50668210177435 91.33645370853196 123.50181109531704 70.33158270207466 c
123.50181109531701 71.69311843810712 101.13540435282724 94.05952518059689 c
101.13540435282724 94.05952518059689 78.76899761033746 71.69311843810712 c
78.76899761033746 71.69311843810712 101.13540435282724 49.32671169561734 c
98.64036820517141 37.3856859804568 87.84805027284364 18.6928429902284 c
87.84805027284364 22.97833621691845 64.86971405592519 45.9566724338369 c
64.86971405592519 45.9566724338369 73.2080583538993 54.88765095205551 d
59.782763381473345 49.32671169561735 73.2080583538993 54.88765095205551 c
73.2080583538993 54.88765095205551 78.76899761033746 68.31294592448147 c
78.76899761033746 68.31294592448147 73.2080583538993 81.73824089690743 c
73.2080583538993 81.73824089690743 59.782763381473345 87.29918015334559 c
61.78999479082564 94.05952518059692 59.782763381473345 87.29918015334559 d
61.78999479082564 94.05952518059692 82.78453256574421 94.05952518059692 c
82.78453256574421 94.05952518059692 93.2818014532035 112.24132823438842 c
93.2818014532035 112.24132823438842 107.59021449234604 118.59676893721381 d
107.59021449234604 118.59676893721381 107.59021449234604 112.70173819770305 c
107.59021449234604 112.70173819770305 113.19672189091798 110.88007351683152 c
113.19672189091798 110.88007351683152 116.6617340214132 115.64925356745843 c
116.6617340214132 115.64925356745843 113.19672189091798 120.41843361808534 c
113.19672189091798 120.41843361808534 107.59021449234604 118.59676893721381 c
93.2818014532035 112.24132823438842 82.78453256574421 130.42313128817992 c
82.78453256574421 130.42313128817992 61.789994790825645 130.42313128817992 c
61.789994790825645 130.42313128817992 51.29272590336636 121.02570701339559 d
51.29272590336636 121.02570701339559 31.700647983912567 147.99188884619429 c
36.42527655580213 147.99188884619429 31.700647983912567 147.99188884619429 d
36.42527655580213 147.99188884619429 60.560838899821285 161.92656226255673 c
60.56083889982129 147.99188884619429 60.560838899821285 161.92656226255673 d
60.56083889982129 147.99188884619429 85.35533213849095 162.30699619196056 c
85.35533213849095 162.30699619196056 60.5608388998213 176.62210353772684 c
60.5608388998213 176.62210353772684 60.56083889982129 147.99188884619429 c
60.560838899821285 161.92656226255673 36.425276555802135 175.86123567891917 c
36.425276555802135 175.86123567891917 36.42527655580213 147.99188884619429 c
31.09091830750259 153.32624709449382 31.700647983912567 147.99188884619429 d
31.09091830750259 153.32624709449382 36.42527655580213 166.20452712409536 c
36.42527655580213 166.20452712409536 31.09091830750259 179.08280715369688 c
31.09091830750259 179.08280715369688 18.212638277901064 184.41716540199644 c
18.212638277901064 184.41716540199644 5.334358248299537 179.0828071536969 c
5.334358248299537 179.0828071536969 0.0 166.20452712409536 c
0.0 166.20452712409536 5.334358248299534 153.32624709449385 c
5.334358248299534 153.32624709449385 18.21263827790106 147.99188884619429 c
18.21263827790106 147.99188884619429 31.09091830750259 153.32624709449382 c
31.700647983912567 147.99188884619429 3.552713678800501e-15 137.6917239328751 c
3.552713678800501e-15 137.6917239328751 0.0 104.35969009391607 c
0.0 104.35969009391607 31.70064798391256 94.05952518059689 c
31.70064798391256 94.05952518059689 51.29272590336636 121.02570701339559 c
61.789994790825645 130.42313128817992 51.29272590336636 112.24132823438842 c
51.29272590336636 112.24132823438842 61.78999479082564 94.05952518059692 c
59.782763381473345 87.29918015334559 46.357468409047385 81.73824089690743 c
46.357468409047385 81.73824089690743 40.796529152609224 68.31294592448147 c
40.796529152609224 68.31294592448147 40.796529152609224 70.24955565302817 d
40.796529152609224 70.24955565302817 32.71627621733953 87.02837376283215 c
32.71627621733953 87.02837376283215 14.560112678910297 91.17239961043899 c
14.560112678910297 91.17239961043899 3.552713678800501e-15 79.56109720987874 c
3.552713678800501e-15 79.56109720987874 0.0 60.9380140961776 c
0.0 60.9380140961776 14.56011267891029 49.32671169561735 c
14.56011267891029 49.32671169561735 32.71627621733952 53.47073754322419 c
32.71627621733952 53.47073754322419 40.796529152609224 70.24955565302817 c
40.796529152609224 68.31294592448147 46.357468409047385 54.88765095205551 c
46.357468409047385 54.88765095205551 59.782763381473345 49.32671169561735 c
64.86971405592519 45.9566724338369 41.891377839006736 22.978336216918454 c
41.89137783900673 20.945688919503365 20.945688919503365 41.89137783900673 c
20.945688919503365 41.89137783900673 0.0 20.945688919503368 c
0.0 20.945688919503368 20.94568891950336 0.0 c
10.472844459751686 10.472844459751679 0.0 0.0 d
