Processando arquivo: art_2_regular_sep.txt

Tempo de Inicio (hh:mm:ss.ms) 2026-04-27 10:07:38.089629
Tempo de Termino (hh:mm:ss.ms) 2026-04-27 10:07:38.998834
Tempo Total (hh:mm:ss.ms) 0:00:00.909205

Função Objetivo: 234.283244687653

0.0 0.0 4.543418672229304 4.543418672229308 d
4.543418672229304 4.543418672229308 15.512201650264455 0.0 c
15.512201650264455 0.0 26.48098462829961 4.543418672229304 c
40.02440330052892 0.0 26.48098462829961 4.543418672229304 d
40.02440330052892 0.0 67.5928544383332 15.916652685552346 c
67.5928544383332 15.916652685552346 72.59285443833322 31.97304647725754 d
72.5928544383332 0.0 100.28232492401881 15.986523238628768 c
100.28232492401881 15.986523238628768 110.28232492401881 12.827323759096362 d
110.28232492401881 12.827323759096362 126.36728015628411 0.0 c
126.36728015628411 0.0 146.42489125762748 4.578018845737052 c
146.42489125762748 4.578018845737052 155.35136796803442 23.1140387309017 c
165.35136796803442 21.99681593247627 155.35136796803442 23.1140387309017 d
165.35136796803442 21.99681593247627 171.79408619014444 6.44271822211001 c
171.79408619014444 6.44271822211001 187.3481839005107 0.0 c
187.3481839005107 0.0 202.90228161087694 6.442718222110006 c
202.90228161087694 6.442718222110006 209.34499983298696 21.996815932476267 c
209.34499983298696 21.996815932476267 202.90228161087694 37.550913642842524 c
202.90228161087694 37.550913642842524 187.3481839005107 43.99363186495253 c
187.3481839005107 43.99363186495253 171.79408619014444 37.550913642842524 c
171.79408619014444 37.550913642842524 165.35136796803442 21.99681593247627 c
155.35136796803442 23.1140387309017 146.42489125762748 41.650058616066346 c
146.42489125762748 41.650058616066346 126.36728015628411 46.2280774618034 c
137.25467689798307 57.2280774618034 126.36728015628411 46.2280774618034 d
137.25467689798307 57.2280774618034 155.09293938629338 57.228077461803394 c
155.09293938629338 57.228077461803394 164.01207063044853 72.67646593605512 c
164.01207063044853 72.67646593605512 170.01207063044853 57.228077461803394 d
170.01207063044853 57.228077461803394 201.7361498891349 75.54398316159899 c
214.7361498891349 75.07684424115133 201.7361498891349 75.54398316159899 d
214.7361498891349 75.07684424115133 214.7361498891349 64.08277038930892 c
214.7361498891349 64.08277038930892 223.33166294708386 57.2280774618034 c
223.33166294708386 57.2280774618034 234.05009241383337 59.67448904330007 c
234.05009241383337 59.67448904330007 238.82024228480535 69.57980731523013 c
238.82024228480535 69.57980731523013 234.05009241383337 79.48512558716018 c
234.05009241383337 79.48512558716018 223.33166294708388 81.93153716865685 c
223.33166294708388 81.93153716865685 214.7361498891349 75.07684424115133 c
201.7361498891349 75.54398316159899 170.01207063044853 93.85988886139458 c
170.01207063044853 93.85988886139458 170.01207063044853 57.228077461803394 c
164.01207063044853 72.67646593605512 155.09293938629338 88.12485441030685 c
155.09293938629338 88.12485441030685 137.25467689798307 88.12485441030685 c
137.25467689798307 88.12485441030685 128.33554565382792 72.67646593605512 c
115.33554565382795 83.22425905001325 128.33554565382792 72.67646593605512 d
115.33554565382795 83.22425905001325 89.3393640656181 109.2204406382231 c
89.3393640656181 109.2204406382231 63.343182477408256 83.22425905001325 c
63.343182477408256 83.22425905001325 54.343182477408256 80.75936573576786 d
54.343182477408256 80.75936573576786 40.75738685805619 104.29065400973232 c
40.75738685805619 104.29065400973232 13.58579561935207 104.29065400973232 c
13.58579561935207 104.29065400973232 0.0 119.2204406382231 d
0.0 119.2204406382231 22.20323226412396 132.03948276279485 c
31.20323226412396 119.22044063822311 22.20323226412396 132.03948276279485 d
31.20323226412396 119.22044063822311 59.89191660621444 135.78386026582524 c
59.89191660621444 135.78386026582524 74.89191660621444 144.36864010773948 d
74.89191660621444 144.36864010773948 82.25765369620385 126.58617772821252 c
82.25765369620385 126.58617772821252 100.04011607573081 119.22044063822311 c
100.04011607573081 119.22044063822311 117.82257845525777 126.5861777282125 c
117.82257845525777 126.5861777282125 125.18831554524718 144.36864010773948 c
130.18831554524718 149.10574862418903 125.18831554524718 144.36864010773948 d
130.18831554524718 149.10574862418903 160.07362353121312 119.22044063822308 c
160.07362353121312 119.22044063822308 189.95893151717905 149.10574862418903 c
204.9051148613434 143.2827255797857 189.95893151717905 149.10574862418903 d
204.9051148613434 143.2827255797857 197.95893151717908 131.2515831090044 c
197.95893151717908 131.2515831090044 204.9051148613434 119.2204406382231 c
204.9051148613434 119.2204406382231 218.79748154967206 119.2204406382231 c
218.79748154967206 119.2204406382231 225.74366489383638 131.2515831090044 c
225.74366489383638 131.2515831090044 218.79748154967206 143.2827255797857 c
218.79748154967206 143.2827255797857 204.9051148613434 143.2827255797857 c
189.95893151717905 149.10574862418903 160.07362353121312 178.99105661015497 c
160.07362353121312 178.99105661015497 130.18831554524718 149.10574862418903 c
125.18831554524718 144.36864010773948 117.82257845525777 162.15110248726646 c
117.82257845525777 162.15110248726646 100.04011607573081 169.51683957725587 c
100.04011607573081 169.51683957725587 99.24615149670913 187.991056610155 d
99.24615149670913 187.991056610155 114.1610702012676 191.39528947553003 c
114.1610702012676 191.39528947553003 120.79883348130932 205.17874695191884 c
127.79883348130932 201.66866507659023 120.79883348130932 205.17874695191884 d
127.79883348130932 201.66866507659023 131.80491225071367 191.99713537955935 c
131.80491225071367 191.99713537955935 141.47644194774455 187.991056610155 c
141.47644194774455 187.991056610155 151.14797164477542 191.99713537955935 c
151.14797164477542 191.99713537955935 155.15405041417978 201.66866507659023 c
161.15405041417978 194.05047855667232 155.15405041417978 201.66866507659023 d
161.15405041417978 194.05047855667232 179.8030335837745 187.991056610155 c
179.8030335837745 187.991056610155 191.32873903820877 203.85482921831434 c
201.32873903820877 200.7647503591308 191.32873903820877 203.85482921831434 d
201.32873903820877 200.7647503591308 217.34644436487443 187.991056610155 c
217.34644436487443 187.991056610155 237.32019620558313 192.549935126885 c
237.32019620558313 192.549935126885 246.20935203399546 211.00845740204886 c
246.20935203399546 211.00845740204886 237.32019620558313 229.46697967721272 c
237.32019620558313 229.46697967721272 217.34644436487443 234.02585819394272 c
217.34644436487443 234.02585819394272 208.05253357569526 254.40521923862678 d
208.05253357569526 254.40521923862678 216.43189462037935 274.6347863167239 c
216.43189462037935 274.6347863167239 208.05253357569526 294.86435339482097 c
208.05253357569526 294.86435339482097 187.82296649759817 303.243714439505 c
187.82296649759817 303.243714439505 167.59339941950108 294.86435339482097 c
167.59339941950108 294.86435339482097 152.31934903052806 312.2437144395051 d
152.31934903052806 312.2437144395051 184.88635540021377 331.04628433374336 c
184.88635540021377 331.04628433374336 192.88635540021377 341.3802027613502 d
192.88635540021377 341.3802027613502 222.02284372205884 312.2437144395051 c
222.02284372205884 312.2437144395051 251.1593320439039 341.3802027613502 c
251.1593320439039 341.3802027613502 222.02284372205884 370.51669108319527 c
230.92183322774144 378.5166910831952 222.02284372205884 370.51669108319527 d
230.92183322774144 378.5166910831952 245.75616662977066 381.9025308791362 c
245.75616662977066 381.9025308791362 252.35806607624843 395.6115163377664 c
252.35806607624843 395.6115163377664 245.75616662977066 409.32050179639657 c
245.75616662977066 409.32050179639657 230.92183322774144 412.70634159233754 c
230.92183322774144 412.70634159233754 219.02562148714406 403.2194293007007 c
219.02562148714406 403.2194293007007 219.02562148714406 388.00360337483204 c
207.02562148714406 389.69266647296274 219.02562148714406 388.00360337483204 d
207.02562148714406 389.69266647296274 203.7522540818551 397.59527445744135 c
203.7522540818551 397.59527445744135 195.84964609737654 400.86864186273027 c
195.84964609737654 400.86864186273027 187.94703811289796 397.59527445744135 c
187.94703811289796 397.59527445744135 184.673670707609 389.69266647296274 c
184.673670707609 389.69266647296274 187.94703811289796 381.79005848848414 c
187.94703811289796 381.79005848848414 195.84964609737654 378.5166910831952 c
195.84964609737654 378.5166910831952 203.7522540818551 381.79005848848414 c
203.7522540818551 381.79005848848414 207.02562148714406 389.69266647296274 c
219.02562148714406 388.00360337483204 230.92183322774144 378.5166910831952 c
222.02284372205884 370.51669108319527 192.88635540021377 341.3802027613502 c
184.88635540021377 331.04628433374336 152.3193490305281 349.84885422798163 c
152.3193490305281 349.84885422798163 152.31934903052806 312.2437144395051 c
167.59339941950108 294.86435339482097 159.214038374817 274.6347863167239 c
159.214038374817 274.6347863167239 146.214038374817 270.9534315909883 d
146.214038374817 270.9534315909883 138.9129211653477 288.5798877785646 c
138.9129211653477 288.5798877785646 121.2864649777714 295.8810049880339 c
127.16291196184653 312.2437144395051 121.2864649777714 295.8810049880339 d
127.16291196184653 312.2437144395051 145.31934903052806 330.40015150818664 c
145.31934903052806 330.40015150818664 127.16291196184653 348.5565885768682 c
127.16291196184653 348.5565885768682 109.006474893165 330.40015150818664 c
109.006474893165 330.40015150818664 98.006474893165 339.78182004265386 d
98.006474893165 339.78182004265386 89.940750503034 359.2542012556716 c
89.940750503034 359.2542012556716 70.46836929001623 367.31992564580264 c
70.46836929001623 367.31992564580264 50.99598807699846 359.25420125567166 c
50.99598807699846 359.25420125567166 45.56927455921293 378.5166910831952 d
45.56927455921293 378.5166910831952 66.04846287135297 390.3403559679943 c
71.04846287135297 386.2897967623077 66.04846287135297 390.3403559679943 d
71.04846287135297 386.2897967623077 94.97162225268083 378.5166910831952 c
94.97162225268083 378.5166910831952 109.75694786862236 398.86694594925643 c
120.75694786862238 401.4303042149865 109.75694786862236 398.86694594925643 d
120.75694786862238 401.4303042149865 133.98612857836903 378.5166910831952 c
133.98612857836903 378.5166910831952 160.44448999786235 378.5166910831952 c
160.44448999786235 378.5166910831952 173.673670707609 401.4303042149865 c
173.673670707609 401.4303042149865 160.44448999786235 424.3439173467778 c
160.44448999786235 424.3439173467778 133.98612857836903 424.3439173467778 c
133.98612857836903 424.3439173467778 120.75694786862238 401.4303042149865 c
109.75694786862236 398.86694594925643 94.97162225268083 419.21720081531765 c
94.97162225268083 419.21720081531765 85.04018198722632 438.34391734677786 d
85.04018198722632 438.34391734677786 93.78744107555421 450.38348660962953 c
93.78744107555421 450.38348660962953 85.04018198722632 462.4230558724812 c
85.04018198722632 462.4230558724812 70.88681947391035 457.82434962398037 c
70.88681947391035 457.82434962398037 59.88681947391036 452.462979961329 d
59.88681947391036 452.462979961329 49.62872002886838 466.5820425758801 c
49.62872002886838 466.5820425758801 33.03076646681403 461.18904054640956 c
33.03076646681403 461.18904054640956 33.03076646681403 443.7369193762484 c
20.03076646681403 447.0174936555451 33.03076646681403 443.7369193762484 d
20.03076646681403 447.0174936555451 15.023074850110522 455.6910699643123 c
15.023074850110522 455.6910699643123 5.007691616703509 455.6910699643123 c
5.007691616703509 455.6910699643123 0.0 447.0174936555451 c
0.0 447.0174936555451 5.007691616703503 438.34391734677786 c
5.007691616703503 438.34391734677786 15.023074850110522 438.34391734677786 c
15.023074850110522 438.34391734677786 20.03076646681403 447.0174936555451 c
33.03076646681403 443.7369193762484 49.62872002886838 438.34391734677786 c
49.62872002886838 438.34391734677786 59.88681947391036 452.462979961329 c
70.88681947391035 457.82434962398037 70.88681947391035 442.9426235952787 c
70.88681947391035 442.9426235952787 85.04018198722632 438.34391734677786 c
94.97162225268083 419.21720081531765 71.04846287135297 411.44409513620525 c
71.04846287135297 411.44409513620525 71.04846287135297 386.2897967623077 c
66.04846287135297 390.3403559679943 45.569274559212936 402.1640208527934 c
34.56927455921293 393.485626062534 45.569274559212936 402.1640208527934 d
34.56927455921293 393.485626062534 25.9269559194097 408.45456104187275 c
25.9269559194097 408.45456104187275 8.642318639803236 408.45456104187275 c
8.642318639803236 408.45456104187275 0.0 393.485626062534 c
0.0 393.485626062534 8.642318639803225 378.5166910831952 c
8.642318639803225 378.5166910831952 25.9269559194097 378.5166910831952 c
25.9269559194097 378.5166910831952 34.56927455921293 393.485626062534 c
45.569274559212936 402.1640208527934 45.56927455921293 378.5166910831952 c
50.99598807699846 359.25420125567166 42.93026368686744 339.78182004265386 c
31.93026368686744 328.2088462829388 42.93026368686744 339.78182004265386 d
31.93026368686744 328.2088462829388 15.965131843433722 344.1739781263725 c
15.965131843433722 344.1739781263725 0.0 328.2088462829388 c
0.0 328.2088462829388 15.965131843433717 312.2437144395051 c
15.965131843433717 312.2437144395051 31.93026368686744 328.2088462829388 c
42.93026368686744 339.78182004265386 50.99598807699846 320.3094388296361 c
50.99598807699846 320.3094388296361 70.46836929001623 312.2437144395051 c
70.46836929001623 312.2437144395051 89.940750503034 320.30943882963606 c
89.940750503034 320.30943882963606 98.006474893165 339.78182004265386 c
109.006474893165 330.40015150818664 127.16291196184653 312.2437144395051 c
121.2864649777714 295.8810049880339 103.66000879019508 288.5798877785646 c
103.66000879019508 288.5798877785646 96.35889158072581 270.9534315909883 c
96.35889158072581 270.9534315909883 103.66000879019508 253.326975403412 c
88.35889158072581 257.7802946492516 103.66000879019508 253.326975403412 d
88.35889158072581 257.7802946492516 67.99961042579105 269.5347311045604 c
67.99961042579105 269.5347311045604 55.99961042579105 270.2744008093262 d
55.99961042579105 270.2744008093262 41.999707819343286 294.5229434247097 c
41.999707819343286 294.5229434247097 13.999902606447767 294.5229434247097 c
13.999902606447767 294.5229434247097 0.0 270.2744008093262 c
0.0 270.2744008093262 13.99990260644775 246.02585819394275 c
13.99990260644775 246.02585819394275 41.999707819343286 246.02585819394272 c
41.999707819343286 246.02585819394272 55.99961042579105 270.2744008093262 c
67.99961042579105 269.5347311045604 67.99961042579105 246.02585819394272 c
67.99961042579105 246.02585819394272 88.35889158072581 257.7802946492516 c
103.66000879019508 253.326975403412 121.2864649777714 246.02585819394272 c
121.2864649777714 246.02585819394272 138.9129211653477 253.32697540341198 c
138.9129211653477 253.32697540341198 146.214038374817 270.9534315909883 c
159.214038374817 274.6347863167239 167.59339941950108 254.40521923862678 c
167.59339941950108 254.40521923862678 187.82296649759817 246.0258581939427 c
187.82296649759817 246.0258581939427 208.05253357569526 254.40521923862678 c
217.34644436487443 234.02585819394272 201.32873903820877 221.25216444496692 c
201.32873903820877 221.25216444496692 201.32873903820877 200.7647503591308 c
191.32873903820877 203.85482921831434 179.8030335837745 219.71860182647367 c
179.8030335837745 219.71860182647367 161.15405041417978 213.65917987995635 c
161.15405041417978 213.65917987995635 161.15405041417978 194.05047855667232 c
155.15405041417978 201.66866507659023 151.14797164477542 211.3401947736211 c
151.14797164477542 211.3401947736211 141.47644194774455 215.34627354302546 c
141.47644194774455 215.34627354302546 131.80491225071367 211.3401947736211 c
131.80491225071367 211.3401947736211 127.79883348130932 201.66866507659023 c
120.79883348130932 205.17874695191884 114.16107020126762 218.96220442830761 c
114.16107020126762 218.96220442830761 99.24615149670913 222.36643729368268 c
99.24615149670913 222.36643729368268 87.28531536106227 212.82798876672126 c
74.28531536106227 204.5123280480188 87.28531536106227 212.82798876672126 d
74.28531536106227 204.5123280480188 57.76404392319847 221.03359948588258 c
57.76404392319847 221.03359948588258 41.24277248533467 204.5123280480188 c
41.24277248533467 204.5123280480188 28.242772485334676 202.83916079819767 d
28.242772485334676 202.83916079819767 17.454993332467172 217.68726498624034 c
17.454993332467172 217.68726498624034 1.7763568394002505e-15 212.01579385490768 c
1.7763568394002505e-15 212.01579385490768 0.0 193.66252774148765 c
0.0 193.66252774148765 17.45499333246717 187.991056610155 c
17.45499333246717 187.991056610155 28.242772485334676 202.83916079819767 c
41.24277248533467 204.5123280480188 57.76404392319847 187.991056610155 c
57.76404392319847 187.991056610155 74.28531536106227 204.5123280480188 c
87.28531536106227 212.82798876672126 87.28531536106227 197.52950513711642 c
87.28531536106227 197.52950513711642 99.24615149670913 187.991056610155 c
100.04011607573081 169.51683957725587 82.25765369620385 162.15110248726646 c
82.25765369620385 162.15110248726646 74.89191660621444 144.36864010773948 c
59.89191660621444 135.78386026582524 31.203232264123972 152.34727989342738 c
31.203232264123972 152.34727989342738 31.20323226412396 119.22044063822311 c
22.20323226412396 132.03948276279485 8.881784197001252e-15 144.8585248873666 c
8.881784197001252e-15 144.8585248873666 0.0 119.2204406382231 c
13.58579561935207 104.29065400973232 0.0 80.75936573576786 c
0.0 80.75936573576786 13.585795619352051 57.22807746180341 c
13.585795619352051 57.22807746180341 40.75738685805619 57.2280774618034 c
40.75738685805619 57.2280774618034 54.343182477408256 80.75936573576786 c
63.343182477408256 83.22425905001325 89.3393640656181 57.2280774618034 c
89.3393640656181 57.2280774618034 115.33554565382795 83.22425905001325 c
128.33554565382792 72.67646593605512 137.25467689798307 57.2280774618034 c
126.36728015628411 46.2280774618034 110.28232492401882 33.40075370270704 c
110.28232492401882 33.40075370270704 110.28232492401881 12.827323759096362 c
100.28232492401881 15.986523238628768 72.59285443833322 31.97304647725754 c
72.59285443833322 31.97304647725754 72.5928544383332 0.0 c
67.5928544383332 15.916652685552346 40.02440330052893 31.8333053711047 c
40.02440330052893 31.8333053711047 40.02440330052892 0.0 c
26.48098462829961 4.543418672229304 31.024403300528917 15.512201650264458 c
31.024403300528917 15.512201650264458 26.48098462829961 26.48098462829961 c
26.48098462829961 26.48098462829961 15.51220165026446 31.024403300528917 c
15.51220165026446 31.024403300528917 4.543418672229308 26.48098462829961 c
4.543418672229308 26.48098462829961 0.0 15.51220165026446 c
0.0 15.51220165026446 4.543418672229304 4.543418672229308 c
4.543418672229304 4.543418672229308 0.0 0.0 d
