Processando arquivo: art_20_irregular_sep.txt

Tempo de Inicio (hh:mm:ss.ms) 2026-04-27 10:07:30.163185
Tempo de Termino (hh:mm:ss.ms) 2026-04-27 10:07:30.720654
Tempo Total (hh:mm:ss.ms) 0:00:00.557469

Função Objetivo: 161.28651169495217

0.0 0.0 0.0014953963013367504 0.14494370530638054 d
0.0 0.14495913343479305 14.050398479158375 0.0 c
14.050398479158375 0.0 41.79379223059781 7.912219081022741 c
41.79379223059781 7.912219081022741 56.7937922305978 27.695555215727918 d
59.10445364764346 26.411486272441 89.96842945235808 0.0 c
89.96842945235808 0.0 86.10345425422864 7.970934913516739 c
86.10345425422864 7.970934913516739 107.26689031220053 3.1602577205151015 c
107.26689031220053 3.1602577205151015 119.26689031220053 9.40562429407835 d
119.26689031220053 9.40562429407835 139.5208313804046 0.0 c
139.5208313804046 0.0 144.66344397209406 1.6553626744164518 c
144.66344397209406 1.6553626744164518 159.5059901751775 28.502642251512594 c
159.5059901751775 28.502642251512594 130.15526035594345 43.35992549584294 c
130.15526035594345 43.35992549584294 132.63623159322898 53.05351764897905 d
132.63623159322898 53.05351764897905 129.59251870124817 56.49666746349493 c
129.59251870124817 56.49666746349493 122.12087771305289 64.67878281977474 c
142.63623159322898 77.85586350076973 122.12087771305289 64.67878281977474 d
142.63623159322898 77.85586350076973 155.39160094703178 64.90549137501627 c
155.39160094703178 64.90549137501627 159.8872512636261 51.35992549584294 c
159.8872512636261 51.35992549584294 181.74532868421275 59.37387911776754 c
181.74532868421275 59.37387911776754 186.98342595556795 56.27471306097096 c
186.98342595556795 56.27471306097096 185.3262947037021 69.575608522275 c
185.3262947037021 69.575608522275 183.05980527953045 71.85400817798839 c
183.05980527953045 71.85400817798839 179.6495408492864 95.77168818488092 c
179.6495408492864 95.77168818488092 142.63623159322898 77.85586350076973 c
122.12087771305289 64.67878281977474 117.2769291685479 62.18989002995466 c
117.2769291685479 62.18989002995466 113.01527655500571 72.68619329048651 c
113.01527655500571 72.68619329048651 97.02303136113773 68.4143318035197 c
97.02303136113773 68.4143318035197 91.9349200934656 65.92529049309152 d
91.9349200934656 65.92529049309152 88.67626589215874 73.98563718176003 c
88.67626589215874 73.98563718176003 66.08805396472498 96.95109089657264 c
66.08805396472498 96.95109089657264 61.816079287159354 83.57534690607048 c
61.816079287159354 83.57534690607048 55.7203097000002 61.52603221167175 c
41.86671315451562 64.14495920499377 55.7203097000002 61.52603221167175 d
41.86671315451562 64.14495920499377 32.44169904912045 73.83280592032654 c
32.44169904912045 73.83280592032654 44.7203097000002 85.94876874955713 c
44.7203097000002 85.94876874955713 16.071686696632852 84.7780755815705 c
16.071686696632852 84.7780755815705 20.227044718842237 102.95109089657262 d
20.227044718842237 102.95109089657262 23.736980831249273 128.62333825836419 c
23.736980831249273 128.62333825836419 38.94237064665144 136.2631222262001 c
38.94237064665144 136.2631222262001 55.44331055079715 137.58792236310688 d
54.83890116895385 121.21223955045835 50.94237064665144 114.4636091501836 c
50.94237064665144 114.4636091501836 80.47760639151016 102.95109089657262 c
80.47760639151016 102.95109089657262 90.24117801270734 117.66044287059059 c
90.24117801270734 117.66044287059059 101.12791076855248 127.04998132446815 c
107.12791076855248 137.56359544083057 101.12791076855248 127.04998132446815 d
107.12791076855248 137.56359544083057 127.85335495905835 102.95109089657262 c
127.85335495905835 102.95109089657262 139.1926623522199 114.2394925197103 c
139.1926623522199 114.2394925197103 141.2489694599701 119.85365454108675 c
141.2489694599701 119.85365454108675 144.56472463009885 122.66501636237743 c
144.56472463009885 122.66501636237743 144.88156073273115 128.0033897794341 c
144.88156073273115 128.0033897794341 144.27844745968517 152.531678328332 c
152.00535467106027 167.531678328332 144.27844745968517 152.531678328332 d
152.00535467106027 167.531678328332 158.68688586631046 173.01760444351817 c
158.68688586631046 173.01760444351817 181.23189535259115 168.97595097743678 c
181.23189535259115 168.97595097743678 183.23168659366712 178.74396617786923 c
183.23168659366712 178.74396617786923 177.85881302875302 194.6597931769931 c
177.85881302875302 194.6597931769931 155.79506741044258 205.91504181469722 c
155.79506741044258 205.91504181469722 147.31672558895798 205.45547845312407 c
147.31672558895798 205.45547845312407 142.28531214761784 172.2639258384766 c
142.28531214761784 172.2639258384766 152.00535467106027 167.531678328332 c
144.27844745968517 152.531678328332 120.73947049408916 147.5994476138323 c
120.73947049408916 147.5994476138323 107.12791076855248 137.56359544083057 c
101.12791076855248 127.04998132446815 97.4266692607887 149.92059322192927 c
97.4266692607887 149.92059322192927 111.44501115084442 167.531678328332 d
111.44501115084442 167.531678328332 123.74239844714955 171.60642701618352 c
111.44501115084442 167.531678328332 95.84352140518519 178.84587340736647 d
95.84352140518519 178.84587340736647 86.85686758790497 187.32966263380038 c
86.85686758790497 187.32966263380038 84.92445211304185 204.4682574056243 c
84.92445211304185 204.4682574056243 56.06155993300854 204.92326588478974 c
56.06155993300854 204.92326588478974 62.76628909327229 183.979696473451 c
62.76628909327229 183.979696473451 54.441908048131864 176.62839399232433 c
54.441908048131864 176.62839399232433 49.441908048131864 180.28505560179988 d
49.441908048131864 180.28505560179988 48.34966616424901 186.12422252622065 c
48.34966616424901 186.12422252622065 37.3018101874631 188.11673790387061 c
37.3018101874631 188.11673790387061 28.131637694577808 188.68569514602495 c
28.131637694577808 188.68569514602495 21.353191543697942 200.21536919323947 c
21.353191543697942 200.21536919323947 10.996851674533879 180.31793662555808 c
10.996851674533879 180.31793662555808 0.0 182.0309924167441 c
0.0 182.0309924167441 27.08779582047594 167.531678328332 c
27.08779582047594 167.531678328332 49.441908048131864 180.28505560179988 c
54.441908048131864 176.62839399232433 67.092768875735 172.7703658501295 c
67.092768875735 172.7703658501295 84.74911329439537 167.53167832833202 c
84.74911329439537 167.53167832833202 95.84352140518519 178.84587340736647 c
123.74239844714955 171.60642701618352 123.1258846693785 174.18919128161428 c
123.1258846693785 174.18919128161428 128.28531214761784 197.58526464501213 c
128.28531214761784 197.58526464501213 116.28120854001385 222.62277889272562 c
116.28120854001385 222.62277889272562 112.12674077802758 243.5264814842796 d
112.12674077802758 243.5264814842796 145.31508210700082 235.6227788927256 c
145.31508210700082 235.6227788927256 150.9543057879164 270.3449267100905 c
161.95430578791638 272.3651693655273 150.9543057879164 270.3449267100905 d
161.95430578791638 272.3651693655273 170.85462475312073 243.05475418869992 c
170.85462475312073 243.05475418869992 170.31817131567098 238.30353733450386 c
170.31817131567098 238.30353733450386 192.0551275641709 235.6227788927256 c
192.0551275641709 235.6227788927256 181.6928853668157 248.2252715337238 c
181.6928853668157 248.2252715337238 186.68407226804092 253.0677184827754 c
186.68407226804092 253.0677184827754 181.93533159264913 261.47658142726686 c
181.93533159264913 261.47658142726686 176.91212844132113 269.3438043327092 c
176.91212844132113 269.3438043327092 161.95430578791638 272.3651693655273 c
150.9543057879164 270.3449267100905 136.4935320834399 286.4240219707425 c
140.64970814608836 294.4240219707425 136.4935320834399 286.4240219707425 d
140.64970814608836 294.4240219707425 177.03636754649156 296.2488873673073 c
130.8959080906499 305.4493774581546 140.64970814608836 294.4240219707425 d
130.8959080906499 305.4493774581546 123.02832215294436 319.27517775000837 c
123.02832215294436 319.27517775000837 101.33512540368703 348.5020570220463 c
101.33512540368703 348.5020570220463 84.32018090274497 317.58043681165054 c
84.32018090274497 317.58043681165054 89.08899817601112 304.26277239276783 c
89.08899817601112 304.26277239276783 90.58186350636277 304.97561882723187 c
90.58186350636277 304.97561882723187 111.17591367979625 294.4240219707425 c
111.17591367979625 294.4240219707425 113.12498772885061 307.14586004074306 c
113.12498772885061 307.14586004074306 130.8959080906499 305.4493774581546 c
177.03636754649156 296.2488873673073 168.74125657477597 306.25894634690144 c
168.74125657477597 306.25894634690144 171.46268468933846 319.1774776372464 c
171.46268468933846 319.1774776372464 152.41096078483923 326.03436458553176 c
152.41096078483923 326.03436458553176 146.15827062066296 330.5605072008018 c
146.15827062066296 330.5605072008018 149.65984648379498 319.29103902333054 c
149.65984648379498 319.29103902333054 137.8959080906499 319.15042688831716 c
137.8959080906499 319.15042688831716 140.64970814608836 294.4240219707425 c
136.4935320834399 286.4240219707425 123.37150035359352 285.21587569014514 c
123.37150035359352 285.21587569014514 115.6453388017122 269.7109804924431 c
115.6453388017122 269.7109804924431 107.29166530907287 270.39435037293964 c
99.29166530907285 274.0917684695041 107.29166530907287 270.39435037293964 d
99.29166530907285 274.0917684695041 89.02852527106221 281.85665429717244 c
89.02852527106221 281.85665429717244 57.52589695616089 259.47959372422787 c
57.52589695616089 259.47959372422787 72.64810611445228 257.31758812596706 c
72.64810611445228 257.31758812596706 70.31599637701022 256.6447121861984 c
70.31599637701022 256.6447121861984 66.23684336425612 254.73531477444863 c
66.23684336425612 254.73531477444863 58.471091311183194 246.57347246576614 c
46.52589695616089 248.88559210458718 58.471091311183194 246.57347246576614 d
46.52589695616089 248.88559210458718 37.25417792576204 249.26908957493973 c
37.25417792576204 249.26908957493973 37.163598118393644 252.42284497713197 c
37.163598118393644 252.42284497713197 25.616075930057352 276.96202598983183 c
25.616075930057352 276.96202598983183 19.80042035025759 294.4240219707425 d
19.80042035025759 294.4240219707425 0.0 319.4106673692539 c
0.0 319.4106673692539 0.2166847885306047 323.0963709785706 c
0.2166847885306047 323.0963709785706 16.54057674395849 322.1779987652836 c
16.54057674395849 322.1779987652836 10.911660229241589 312.79229349359883 c
10.911660229241589 312.79229349359883 16.341606990453737 314.4059710490023 c
16.341606990453737 314.4059710490023 17.013985665778975 308.07378205629226 c
30.800420350257593 309.59183912456297 17.013985665778975 308.07378205629226 d
30.800420350257593 309.59183912456297 36.03887915892783 295.4664116347101 c
36.03887915892783 295.4664116347101 54.38427828881726 296.2111564464433 c
54.38427828881726 296.2111564464433 55.08109569640759 294.4240219707425 c
55.08109569640759 294.4240219707425 56.35840352012705 303.6234050481244 c
56.35840352012705 303.6234050481244 64.53172858757702 309.32768060196923 c
64.53172858757702 309.32768060196923 69.32018090274497 330.41033575894807 c
69.32018090274497 330.41033575894807 53.09377343562084 344.52842052553814 c
53.09377343562084 344.52842052553814 30.800420350257593 309.59183912456297 c
17.013985665778975 308.07378205629226 19.80042035025759 294.4240219707425 c
25.616075930057352 276.96202598983183 23.77343389034164 264.37574099085543 c
23.77343389034164 264.37574099085543 15.737268332916472 270.62766950606675 c
15.737268332916472 270.62766950606675 0.0 255.04451738129626 c
0.0 255.04451738129626 11.526188166802786 235.62277889272562 c
11.526188166802786 235.62277889272562 46.52589695616089 248.88559210458718 c
58.471091311183194 246.57347246576614 91.26066689526655 235.6227788927256 c
91.26066689526655 235.6227788927256 99.29166530907285 274.0917684695041 c
107.29166530907287 270.39435037293964 111.37698071921035 251.83734029692607 c
111.37698071921035 251.83734029692607 112.12674077802758 243.5264814842796 c
116.28120854001385 222.62277889272562 103.84352140518519 212.75894487457822 c
103.84352140518519 212.75894487457822 109.5270692529545 205.39022648069738 c
109.5270692529545 205.39022648069738 103.89565820577398 201.92140581893932 c
103.89565820577398 201.92140581893932 111.44501115084442 167.531678328332 c
97.4266692607887 149.92059322192927 90.0119783393011 150.60421760514393 c
90.0119783393011 150.60421760514393 55.44331055079715 137.58792236310688 c
55.44331055079715 137.58792236310688 54.83890116895385 121.21223955045835 c
38.94237064665144 136.2631222262001 36.36355317156624 141.8275270950495 c
36.36355317156624 141.8275270950495 27.733971821567664 150.80080945958264 c
27.733971821567664 150.80080945958264 24.310281407798094 149.47116089510777 c
24.310281407798094 149.47116089510777 1.7968174668267345 116.00548208212662 c
1.7968174668267345 116.00548208212662 0.0 106.16691462436651 c
0.0 106.16691462436651 20.227044718842237 102.95109089657262 c
16.071686696632852 84.7780755815705 0.0 54.70292324215731 c
0.0 54.70292324215731 15.08616412763632 62.96452958514191 c
15.08616412763632 62.96452958514191 18.475226778323094 51.35992549584293 c
18.475226778323094 51.35992549584293 30.027664297551695 57.94368877861993 c
30.027664297551695 57.94368877861993 41.86671315451562 64.14495920499377 c
55.7203097000002 61.52603221167175 57.620244174528295 56.85410154015197 c
57.620244174528295 56.85410154015197 84.29879140429394 51.359925495842944 c
84.29879140429394 51.359925495842944 81.37013027855076 59.55611414577146 c
81.37013027855076 59.55611414577146 91.9349200934656 65.92529049309152 c
97.02303136113773 68.4143318035197 98.84045855367066 61.02522566256477 c
98.84045855367066 61.02522566256477 96.9349200934656 51.35992549584294 c
96.9349200934656 51.35992549584294 132.63623159322898 53.05351764897905 c
130.15526035594345 43.35992549584294 132.78757050403547 32.629576490689125 c
132.78757050403547 32.629576490689125 126.48934275648256 30.314381314071262 c
126.48934275648256 30.314381314071262 129.54892586208604 26.385648564770236 c
129.54892586208604 26.385648564770236 119.26689031220053 9.40562429407835 c
107.26689031220053 3.1602577205151015 81.0731301189739 29.081586441053275 c
81.0731301189739 29.081586441053275 64.34713275363173 30.95663287082337 c
64.34713275363173 30.95663287082337 64.6084911077457 29.281767599217737 c
64.6084911077457 29.281767599217737 56.7937922305978 27.695555215727918 c
56.7937922305978 27.695555215727918 59.10445364764346 26.411486272441 c
41.79379223059781 7.912219081022741 31.307446478683186 15.207367764552355 c
31.307446478683186 15.207367764552355 19.274419561114687 15.363376811304727 c
19.274419561114687 15.363376811304727 17.867552878343147 10.111626864967032 c
17.867552878343147 10.111626864967032 14.271567701131195 11.566570813269308 c
14.271567701131195 11.566570813269308 3.8447444499662744 1.4566310107796347 c
3.8447444499662744 1.4566310107796347 0.0 0.14495913343479305 c
0.0014953963013367504 0.14494370530638054 0.0 0.0 d
