Processando arquivo: art_7_irregular_sep.txt

Tempo de Inicio (hh:mm:ss.ms) 2026-04-27 10:07:15.894813
Tempo de Termino (hh:mm:ss.ms) 2026-04-27 10:07:16.091349
Tempo Total (hh:mm:ss.ms) 0:00:00.196536

Função Objetivo: 91.73005021466889

0.0 0.0 4.730368563007898 13.41299439045933 d
0.0 15.081256233453146 17.647304647614348 8.857570999805676 c
17.647304647614348 8.857570999805676 22.246668639553253 0.0 c
22.246668639553253 0.0 23.408828906441236 2.8391963945300915 c
23.408828906441236 2.8391963945300915 25.657699783357465 13.950285249337572 c
25.657699783357465 13.950285249337572 30.913513128822117 32.68753704006674 c
30.913513128822117 32.68753704006674 29.03032538257313 36.92800211627976 c
29.03032538257313 36.92800211627976 39.3330514888404 49.92800211627975 d
39.3330514888404 49.92800211627975 72.08865713737765 54.92070727436735 c
72.08865713737765 54.92070727436735 72.16511122253101 68.1548494835889 c
72.16511122253101 68.1548494835889 87.46535556488222 67.7118505785338 c
96.88530375979293 65.27843118626748 87.46535556488222 67.7118505785338 d
96.88530375979293 65.27843118626748 96.89210432065431 52.115037011553085 c
96.89210432065431 52.115037011553085 93.20642769735365 35.8405305527706 d
93.20642769735365 35.8405305527706 92.77410938467595 0.0 c
92.77410938467595 0.0 79.77410938467595 8.854242633170195 d
79.77410938467595 8.854242633170195 69.47022404584085 16.79813077876195 c
69.47022404584085 16.79813077876195 69.89402702694576 24.267690073792743 c
69.89402702694576 24.267690073792743 70.30105801936044 35.912880413049066 c
70.30105801936044 35.912880413049066 61.724005659386485 26.621664949676113 c
61.724005659386485 26.621664949676113 51.099880041674915 29.283498583260936 c
51.099880041674915 29.283498583260936 45.91351312882212 9.834046718673871 c
45.91351312882212 9.834046718673871 52.6798872251361 0.0 c
52.6798872251361 0.0 79.77410938467595 8.854242633170195 c
92.77410938467595 0.0 115.1840301228148 0.20774253734997927 c
115.1840301228148 0.20774253734997927 119.32419497606949 10.478070012842949 c
119.32419497606949 10.478070012842949 138.6980024415714 20.376411724973348 c
138.6980024415714 20.376411724973348 131.3011404335954 30.805162775990127 c
131.3011404335954 30.805162775990127 124.83777615984997 35.34167359352631 c
124.83777615984997 35.34167359352631 118.78947866244056 32.1968887756198 c
118.78947866244056 32.1968887756198 93.20642769735365 35.8405305527706 c
96.89210432065431 52.115037011553085 122.37730654526476 49.92800211627976 c
122.37730654526476 49.92800211627976 118.22993276929724 65.64492393496936 c
118.22993276929724 65.64492393496936 124.25100289553774 74.62214956442905 c
124.25100289553774 74.62214956442905 111.11717786421018 74.70470822283606 c
111.11717786421018 74.70470822283606 107.71947895219351 72.54665496257043 c
107.71947895219351 72.54665496257043 94.4653555648822 77.25942124267907 c
94.4653555648822 77.25942124267907 96.88530375979293 65.27843118626748 c
87.46535556488222 67.7118505785338 61.98793839262926 80.75262720976723 c
61.98793839262926 80.75262720976723 47.16480116400912 72.8041161934244 c
47.16480116400912 72.8041161934244 46.140188297548576 69.45723763533243 c
46.140188297548576 69.45723763533243 39.39418784168927 51.807819015670916 c
39.39418784168927 51.807819015670916 39.3330514888404 49.92800211627975 c
29.03032538257313 36.92800211627976 11.406856950829482 49.92800211627976 d
11.406856950829482 49.92800211627976 31.333051488840393 96.43965469613475 c
31.333051488840393 96.43965469613475 22.860035990680842 89.49430015997034 c
22.860035990680842 89.49430015997034 19.281178339792554 105.50007961724401 c
18.613217072381268 113.50007961724401 19.281178339792554 105.50007961724401 d
18.613217072381268 113.50007961724401 30.456921345796182 123.67718420954641 c
46.009428340199754 129.25227072092798 30.456921345796182 123.67718420954641 d
46.009428340199754 129.25227072092798 59.207110827098845 113.50007961724401 c
59.207110827098845 113.50007961724401 74.98092071542166 132.21072732190325 c
83.6794651693649 122.82777573546122 74.98092071542166 132.21072732190325 d
83.6794651693649 122.82777573546122 106.17201670649197 113.50007961724403 c
106.17201670649197 113.50007961724403 109.38215857119538 126.25245334935849 c
109.38215857119538 126.25245334935849 118.6010086708153 126.57635184496247 c
118.6010086708153 126.57635184496247 110.92938874545871 147.2005006501773 c
110.92938874545871 147.2005006501773 103.44963393840364 152.27479322965576 c
103.44963393840364 152.27479322965576 93.22310873038332 158.15987907218556 c
89.81557798116089 171.8235052187694 93.22310873038332 158.15987907218556 d
89.81557798116089 171.8235052187694 104.2825424998121 201.7885734743029 c
104.2825424998121 201.7885734743029 101.46805065296637 201.76430097901653 c
101.46805065296637 201.76430097901653 95.38741024074989 222.60246710702992 c
95.38741024074989 222.60246710702992 80.8086548163207 198.9399673423949 c
80.8086548163207 198.9399673423949 66.031042057127 193.9196670588424 c
66.031042057127 193.9196670588424 52.031042057126996 180.84990678498244 d
52.031042057126996 180.84990678498244 30.48268784760237 207.60897260525326 c
30.48268784760237 207.60897260525326 15.980170030233442 230.60246710702995 d
15.980170030233442 230.60246710702995 32.98293578238387 238.8265289382251 c
32.98293578238387 238.8265289382251 46.74741541849985 246.63461678370115 c
56.747415418499855 240.43838805043768 46.74741541849985 246.63461678370115 d
56.747415418499855 240.43838805043768 63.744343791975915 241.14114832698675 c
63.744343791975915 241.14114832698675 59.294215621793974 236.18018321911015 c
59.294215621793974 236.18018321911015 64.42750115550757 230.60246710702995 c
64.42750115550757 230.60246710702995 68.6642539995976 238.05901624743345 c
68.6642539995976 238.05901624743345 87.91439138273365 241.1489788029901 c
87.91439138273365 241.1489788029901 77.53122461508524 267.8689250784598 c
77.53122461508524 267.8689250784598 57.67169857274273 272.515546891881 c
57.67169857274273 272.515546891881 56.747415418499855 240.43838805043768 c
46.74741541849985 246.63461678370115 37.47190506480644 268.7524805342255 c
37.47190506480644 268.7524805342255 25.949599017924086 259.5346417759343 c
25.949599017924086 259.5346417759343 0.0 255.4228932136305 c
0.0 255.4228932136305 6.655793611237375 241.45318129993873 c
6.655793611237375 241.45318129993873 5.31709284823798 233.30314866218157 c
5.31709284823798 233.30314866218157 15.980170030233442 230.60246710702995 c
30.48268784760237 207.60897260525326 27.464545565040225 200.4121888368551 c
27.464545565040225 200.4121888368551 0.0 201.50291519831362 c
0.0 201.50291519831362 44.4950408433545 171.8235052187694 c
44.4950408433545 171.8235052187694 43.434155531938586 177.54568100272826 c
43.434155531938586 177.54568100272826 43.17775527989525 179.9799499393057 c
43.17775527989525 179.9799499393057 43.377722784881016 181.65773536509386 c
43.377722784881016 181.65773536509386 52.031042057126996 180.84990678498244 c
66.031042057127 193.9196670588424 84.77425479849477 180.82623527993385 c
84.77425479849477 180.82623527993385 83.09047430896668 175.10915695921454 c
83.09047430896668 175.10915695921454 89.81557798116089 171.8235052187694 c
93.22310873038332 158.15987907218556 87.30163835850598 127.34224976873597 c
87.30163835850598 127.34224976873597 83.6794651693649 122.82777573546122 c
74.98092071542166 132.21072732190325 77.67946516936489 142.70859528981214 c
77.67946516936489 142.70859528981214 68.40585567870019 138.13028269476996 c
68.40585567870019 138.13028269476996 64.05241855869836 133.12271868977356 c
64.05241855869836 133.12271868977356 58.15602470033094 137.6251680648486 c
58.15602470033094 137.6251680648486 57.471381149405225 135.74623832846027 c
57.471381149405225 135.74623832846027 46.009428340199754 129.25227072092798 c
30.456921345796182 123.67718420954641 33.00942834019976 143.86018652044996 c
33.00942834019976 143.86018652044996 20.903735306549745 146.07717591630134 c
20.903735306549745 146.07717591630134 22.432524572852955 159.8235052187694 c
22.432524572852955 159.8235052187694 19.88319863173719 143.64728865729478 c
19.88319863173719 143.64728865729478 0.0 142.78057952110117 c
0.0 142.78057952110117 9.232398849815658 126.88769293349661 c
9.232398849815658 126.88769293349661 18.613217072381268 113.50007961724401 c
19.281178339792554 105.50007961724401 15.388068072806586 94.91623323887598 c
15.388068072806586 94.91623323887598 0.0 84.66322528291778 c
0.0 84.66322528291778 0.09059095006092832 67.0009816308987 c
0.09059095006092832 67.0009816308987 12.532683259964521 66.11170507162038 c
12.532683259964521 66.11170507162038 11.406856950829482 49.92800211627976 c
29.03032538257313 36.92800211627976 19.244747527177005 31.526184720390468 c
19.244747527177005 31.526184720390468 0.0 15.081256233453146 c
4.730368563007898 13.41299439045933 0.0 0.0 d
