Processando arquivo: art_3_regular_sep.txt

Tempo de Inicio (hh:mm:ss.ms) 2026-04-27 10:07:39.613045
Tempo de Termino (hh:mm:ss.ms) 2026-04-27 10:07:39.970152
Tempo Total (hh:mm:ss.ms) 0:00:00.357107

Função Objetivo: 150.2257049330665

0.0 0.0 2.1890459737854817 6.737190755639342 d
0.0 7.4484549084815885 22.92398704922597 0.0 c
22.92398704922597 0.0 37.09179020331004 19.500308114075775 c
37.09179020331004 19.500308114075775 51.091790203310055 35.44667316788971 d
51.091790203310055 35.44667316788971 51.09179020331004 0.0 c
51.09179020331004 0.0 81.78950964634677 17.723336583944853 c
95.78950964634677 10.136814376078718 81.78950964634677 17.723336583944853 d
95.78950964634677 10.136814376078718 126.98741637100566 0.0 c
126.98741637100566 0.0 146.26878310469377 26.53852457422263 c
146.26878310469377 26.53852457422263 126.98741637100566 53.077049148445255 c
126.98741637100566 53.077049148445255 116.49512335757346 68.11662887608543 d
116.49512335757346 68.11662887608543 120.53470308521364 77.86903704084175 c
135.5347030852136 80.54993981364754 120.53470308521364 77.86903704084175 d
135.5347030852136 80.54993981364754 135.5347030852136 70.40334656351288 c
135.5347030852136 70.40334656351288 143.4676291279665 64.07704914844525 c
143.4676291279665 64.07704914844525 153.35982610107848 66.33487855494006 c
153.35982610107848 66.33487855494006 157.76226791975188 75.47664318858021 c
157.76226791975188 75.47664318858021 153.35982610107848 84.61840782222036 c
153.35982610107848 84.61840782222036 143.46762912796652 86.87623722871517 c
143.46762912796652 86.87623722871517 135.5347030852136 80.54993981364754 c
120.53470308521364 77.86903704084175 116.49512335757346 87.62144520559806 c
116.49512335757346 87.62144520559806 106.74271519281714 91.66102493323824 c
106.74271519281714 91.66102493323824 96.99030702806083 87.62144520559806 c
96.99030702806083 87.62144520559806 92.95072730042065 77.86903704084175 c
92.95072730042065 77.86903704084175 82.95072730042065 86.13949987445966 d
82.95072730042065 86.13949987445966 60.88827657440624 108.20195060047406 c
73.23060820473646 117.20195060047408 60.88827657440624 108.20195060047406 d
73.23060820473646 117.20195060047408 96.91839413510718 130.87810018387984 c
96.91839413510718 130.87810018387984 103.91839413510719 117.20195060047406 d
103.91839413510719 117.20195060047406 138.48953744463083 137.16160949642065 c
138.48953744463083 137.16160949642065 103.9183941351072 157.12126839236726 c
103.9183941351072 157.12126839236726 114.42108696682952 162.12126839236726 d
114.42108696682952 162.12126839236726 135.13780360641994 166.8497237761436 c
135.13780360641994 166.8497237761436 144.3576098767199 185.99484876867325 c
144.3576098767199 185.99484876867325 135.13780360641994 205.1399737612029 c
135.13780360641994 205.1399737612029 114.42108696682952 209.86842914497925 c
121.14081888121025 217.05707444815457 114.42108696682952 209.86842914497925 d
121.14081888121025 217.05707444815457 131.4197312597813 221.31473936180336 c
131.4197312597813 221.31473936180336 135.6773961734301 231.5936517403744 c
135.6773961734301 231.5936517403744 131.4197312597813 241.87256411894546 c
131.4197312597813 241.87256411894546 121.14081888121025 246.13022903259426 c
121.14081888121025 246.13022903259426 110.86190650263921 241.87256411894546 c
110.86190650263921 241.87256411894546 106.60424158899039 231.5936517403744 c
106.60424158899039 231.5936517403744 93.6042415889904 240.6659346993491 d
93.6042415889904 240.6659346993491 76.45140057876225 264.27479495054365 c
76.45140057876225 264.27479495054365 79.83712859308562 275.51462526552837 d
79.83712859308562 275.51462526552837 100.14217550400107 283.92525108065144 c
100.14217550400107 283.92525108065144 108.55280131912417 304.2302979915669 c
108.55280131912417 304.2302979915669 116.55280131912417 300.37742329417677 d
116.55280131912417 300.37742329417677 116.55280131912417 275.51462526552837 c
116.55280131912417 275.51462526552837 138.08461602109537 287.94602427985257 c
143.08461602109537 293.4130382763002 138.08461602109537 287.94602427985257 d
143.08461602109537 293.4130382763002 143.08461602109537 275.51462526552837 c
143.08461602109537 275.51462526552837 158.58509637584967 284.4638317709143 c
158.58509637584967 284.4638317709143 143.08461602109537 293.4130382763002 c
138.08461602109537 287.94602427985257 116.55280131912417 300.37742329417677 c
108.55280131912417 304.2302979915669 100.14217550400107 324.53534490248234 c
100.14217550400107 324.53534490248234 79.83712859308562 332.9459707176054 c
79.83712859308562 332.9459707176054 85.50536998482703 344.94597071760546 d
69.07742670265408 344.94597071760546 85.50536998482703 344.94597071760546 c
85.50536998482703 344.94597071760546 93.7193416259135 359.1729869318971 c
104.7193416259135 371.8183005105169 93.7193416259135 359.1729869318971 d
104.7193416259135 371.8183005105169 112.59006479597596 352.81669388766795 c
112.59006479597596 352.81669388766795 131.59167141882492 344.9459707176055 c
131.59167141882492 344.9459707176055 150.59327804167387 352.81669388766795 c
150.59327804167387 352.81669388766795 158.46400121173633 371.8183005105169 c
158.46400121173633 371.8183005105169 150.59327804167387 390.81990713336586 c
150.59327804167387 390.81990713336586 131.59167141882492 398.6906303034283 c
131.59167141882492 398.6906303034283 112.59006479597596 390.81990713336586 c
112.59006479597596 390.81990713336586 104.7193416259135 371.8183005105169 c
93.7193416259135 359.1729869318971 85.50536998482703 373.4000031461888 c
85.50536998482703 373.4000031461888 69.0774267026541 373.4000031461888 c
69.0774267026541 373.4000031461888 60.86345506156761 359.1729869318971 c
60.86345506156761 359.1729869318971 49.86345506156761 370.518864076447 d
49.86345506156761 370.518864076447 39.98738625147983 391.026732274615 c
39.98738625147983 391.026732274615 17.796061070302358 396.09175743528857 c
18.971857808494274 404.6906303034283 17.796061070302358 396.09175743528857 d
18.971857808494274 404.6906303034283 25.295810411325697 415.64403751618977 c
25.295810411325697 415.64403751618977 18.971857808494274 426.59744472895125 c
18.971857808494274 426.59744472895125 6.323952602831426 426.59744472895125 c
6.323952602831426 426.59744472895125 0.0 415.64403751618977 c
0.0 415.64403751618977 6.323952602831419 404.6906303034283 c
6.323952602831419 404.6906303034283 18.971857808494274 404.6906303034283 c
17.796061070302358 396.09175743528857 3.552713678800501e-15 381.8998723047963 c
3.552713678800501e-15 381.8998723047963 0.0 359.13785584809773 c
0.0 359.13785584809773 17.79606107030235 344.94597071760546 c
17.79606107030235 344.94597071760546 39.98738625147983 350.01099587827906 c
39.98738625147983 350.01099587827906 49.86345506156761 370.518864076447 c
60.86345506156761 359.1729869318971 69.07742670265408 344.94597071760546 c
79.83712859308562 332.9459707176054 59.53208168217017 324.53534490248234 c
59.53208168217017 324.53534490248234 51.121455867047075 304.2302979915669 c
41.12145586704708 299.2561088798373 51.121455867047075 304.2302979915669 d
41.12145586704708 299.2561088798373 1.7763568394002505e-14 322.99759249414626 c
1.7763568394002505e-14 322.99759249414626 0.0 275.51462526552837 c
0.0 275.51462526552837 1.7763568394002505e-14 267.51462526552837 d
1.7763568394002505e-14 267.51462526552837 0.0 217.05707444815457 c
0.0 217.05707444815457 43.69752082059 242.28584985684145 c
43.69752082059 242.28584985684145 1.7763568394002505e-14 267.51462526552837 c
0.0 275.51462526552837 41.12145586704708 299.2561088798373 c
51.121455867047075 304.2302979915669 59.53208168217017 283.92525108065144 c
59.53208168217017 283.92525108065144 79.83712859308562 275.51462526552837 c
76.45140057876225 264.27479495054365 48.697520820590015 255.2570127702337 c
48.697520820590015 255.2570127702337 48.69752082059001 226.0748566284645 c
48.69752082059001 226.0748566284645 76.45140057876225 217.05707444815457 c
76.45140057876225 217.05707444815457 93.6042415889904 240.6659346993491 c
106.60424158899039 231.5936517403744 110.8619065026392 221.31473936180336 c
110.8619065026392 221.31473936180336 121.14081888121025 217.05707444815457 c
114.42108696682952 209.86842914497925 97.80757013156597 196.61959157310676 c
97.80757013156597 196.61959157310676 97.80757013156597 175.37010596423974 c
83.80757013156597 173.32407085753823 97.80757013156597 175.37010596423974 d
83.80757013156597 173.32407085753823 77.33962911262131 184.5268733227092 c
77.33962911262131 184.5268733227092 64.40374707473198 184.5268733227092 c
64.40374707473198 184.5268733227092 57.93580605578731 173.32407085753823 c
57.93580605578731 173.32407085753823 47.93580605578731 186.08917142026093 d
47.93580605578731 186.08917142026093 40.915769789738846 203.0370381821061 c
40.915769789738846 203.0370381821061 23.967903027893655 210.0570744481546 c
23.967903027893655 210.0570744481546 7.020036266048468 203.03703818210613 c
7.020036266048468 203.03703818210613 0.0 186.08917142026093 c
0.0 186.08917142026093 7.020036266048464 169.14130465841575 c
7.020036266048464 169.14130465841575 23.96790302789365 162.12126839236726 c
23.96790302789365 162.12126839236726 18.04901868251615 153.29998796550638 d
18.04901868251615 153.29998796550638 0.0 135.2509692829902 c
0.0 135.2509692829902 18.049018682516145 117.20195060047406 c
18.049018682516145 117.20195060047406 36.0980373650323 135.2509692829902 c
43.098037365032305 134.67553829614263 36.0980373650323 135.2509692829902 d
43.098037365032305 134.67553829614263 43.0980373650323 117.20195060047406 c
43.0980373650323 117.20195060047406 58.23060820473646 125.93874444830834 c
58.23060820473646 125.93874444830834 43.098037365032305 134.67553829614263 c
36.0980373650323 135.2509692829902 18.04901868251615 153.29998796550638 c
23.96790302789365 162.12126839236726 40.91576978973884 169.14130465841572 c
40.91576978973884 169.14130465841572 47.93580605578731 186.08917142026093 c
57.93580605578731 173.32407085753823 64.40374707473197 162.12126839236726 c
64.40374707473197 162.12126839236726 77.33962911262131 162.12126839236726 c
77.33962911262131 162.12126839236726 83.80757013156597 173.32407085753823 c
97.80757013156597 175.37010596423974 114.42108696682952 162.12126839236726 c
103.9183941351072 157.12126839236726 103.91839413510719 117.20195060047406 c
96.91839413510718 130.87810018387984 73.23060820473646 144.5542497672856 c
73.23060820473646 144.5542497672856 73.23060820473646 117.20195060047408 c
60.88827657440624 108.20195060047406 38.82582584839184 86.13949987445966 c
23.825825848391837 75.98996207264118 38.82582584839184 86.13949987445966 d
23.825825848391837 75.98996207264118 11.912912924195918 87.9028749968371 c
11.912912924195918 87.9028749968371 0.0 75.98996207264118 c
0.0 75.98996207264118 11.912912924195917 64.07704914844525 c
11.912912924195917 64.07704914844525 23.825825848391837 75.98996207264118 c
38.82582584839184 86.13949987445966 60.888276574406234 64.07704914844525 c
60.888276574406234 64.07704914844525 82.95072730042065 86.13949987445966 c
92.95072730042065 77.86903704084175 96.99030702806083 68.11662887608543 c
96.99030702806083 68.11662887608543 106.74271519281714 64.07704914844525 c
106.74271519281714 64.07704914844525 116.49512335757346 68.11662887608543 c
126.98741637100566 53.077049148445255 95.78950964634677 42.94023477236655 c
95.78950964634677 42.94023477236655 95.78950964634677 10.136814376078718 c
81.78950964634677 17.723336583944853 51.091790203310055 35.44667316788971 c
37.09179020331004 19.500308114075775 22.92398704922598 39.00061622815154 c
22.92398704922598 39.00061622815154 0.0 31.552161319669967 c
0.0 31.552161319669967 0.0 7.4484549084815885 c
2.1890459737854817 6.737190755639342 0.0 0.0 d
