Processando arquivo: art_14_irregular_pack.txt

Tempo de Inicio (hh:mm:ss.ms) 2026-04-27 10:01:37.827490
Tempo de Termino (hh:mm:ss.ms) 2026-04-27 10:01:38.499932
Tempo Total (hh:mm:ss.ms) 0:00:00.672442

Função Objetivo: 166.11998486648343

0.0 0.0 4.4052535347903214 23.983041180726097 d
0.0 24.792207064216235 19.802114067460316 21.15491468187627 c
19.802114067460316 21.15491468187627 32.113301574536415 15.493052746057906 c
32.113301574536415 15.493052746057906 40.126000388801856 0.0 c
40.126000388801856 6.821874132936912 40.126000388801856 0.0 d
40.126000388801856 6.821874132936912 51.470692793882776 7.645182500341186 c
51.470692793882776 7.645182500341186 64.04631238532214 0.0 c
64.04631238532214 0.0 74.18118702723038 2.642429228954512 c
74.18118702723038 2.642429228954512 84.06850526859215 20.971655978989446 c
84.06850526859215 20.971655978989446 47.794262149498216 24.882721992508564 c
47.794262149498216 24.882721992508564 46.81269498504646 14.382865443276165 c
46.81269498504646 14.382865443276165 50.47820244201249 12.126918418642246 c
50.47820244201249 12.126918418642246 40.126000388801856 6.821874132936912 c
40.126000388801856 0.0 36.92682941173702 14.155626270567216 c
36.92682941173702 14.155626270567216 32.219755359815764 37.21625342566748 c
32.219755359815764 37.21625342566748 16.22328804506062 47.188716670796566 c
16.22328804506062 47.188716670796566 20.918783204160555 47.188716670796566 d
20.918783204160555 47.188716670796566 38.79986001726287 49.86521821507843 c
42.28868599553434 51.60878753915479 38.79986001726287 49.86521821507843 d
42.28868599553434 51.60878753915479 67.69914307586865 51.47814131397495 c
67.69914307586865 51.47814131397495 90.08447777780171 47.188716670796566 c
90.08447777780171 47.188716670796566 84.37676469099142 52.39651270558252 c
84.37676469099142 52.39651270558252 86.8299474498866 52.78706114621106 c
86.8299474498866 52.78706114621106 90.78267119805284 81.09340737557511 c
90.78267119805284 85.18362496863074 90.78267119805284 81.09340737557511 d
90.78267119805284 85.18362496863074 93.45307045821593 76.85209741420923 c
93.45307045821593 76.85209741420923 97.02541210389577 72.55533898453066 c
97.02541210389577 72.55533898453066 116.54396677291446 47.188716670796566 c
116.54396677291446 47.188716670796566 112.23627158101694 39.944738288798106 d
112.23627158101694 39.944738288798106 98.2674062180915 38.26977397480802 c
98.2674062180915 38.26977397480802 84.06850526859215 30.685130345761102 c
84.06850526859215 30.685130345761102 108.7899647081392 0.0 c
108.7899647081392 0.0 111.02656424741404 0.8290631562254553 c
111.02656424741404 0.8290631562254553 113.37786638226419 4.0691438252849395 c
113.37786638226419 4.0691438252849395 124.69235248111264 10.371178399492951 c
124.69235248111264 6.162350748263272 124.69235248111264 10.371178399492951 d
124.69235248111264 6.162350748263272 153.8091919704878 0.0 c
153.8091919704878 0.0 160.75905368267698 1.156697279876422 c
160.75905368267698 1.156697279876422 160.98236001357486 31.99472338731933 c
160.98236001357486 31.99472338731933 160.4220141673062 33.231828398134574 c
160.4220141673062 33.231828398134574 136.63847740318707 30.15011243702876 c
136.63847740318707 30.15011243702876 138.94261165315987 18.500539457713042 c
138.94261165315987 18.500539457713042 133.54981567030444 13.449672760202295 c
133.54981567030444 13.449672760202295 124.69235248111264 6.162350748263272 c
124.69235248111264 10.371178399492951 124.17840706373183 34.36527982364555 c
124.17840706373183 34.36527982364555 112.23627158101694 39.944738288798106 c
116.54396677291446 47.188716670796566 123.17738257691033 54.91211713760006 c
133.02868553110986 61.29577750568592 123.17738257691033 54.91211713760006 d
133.02868553110986 61.29577750568592 133.76811210349345 53.42460786505239 c
133.76811210349345 53.42460786505239 135.13937462941 47.90048867320744 c
135.13937462941 47.90048867320744 138.6567787316294 47.188716670796566 c
138.6567787316294 47.188716670796566 162.29678185244876 49.94518654692103 c
162.29678185244876 49.94518654692103 173.1243139071783 70.30292357159998 c
173.1243139071783 70.30292357159998 143.86910531858263 74.96819813393508 c
143.86910531858263 74.96819813393508 135.63702686130387 76.91529091477156 c
135.63702686130387 76.91529091477156 133.02868553110986 61.29577750568592 c
123.17738257691033 54.91211713760006 133.02868553110986 91.26316642078048 c
133.02868553110986 91.26316642078048 125.91036561701509 96.3183831103714 c
125.91036561701509 96.3183831103714 121.58867347266748 104.48310295578042 d
121.58867347266748 104.48310295578042 121.09550056949351 121.5827071614153 c
130.34557503750008 123.41280967020485 121.09550056949351 121.5827071614153 d
130.34557503750008 123.41280967020485 146.08677011696213 111.0183734348804 c
146.08677011696213 111.0183734348804 154.75103126259705 96.3183831103714 c
154.75103126259705 96.3183831103714 165.77080083057348 99.74540453790391 c
165.77080083057348 99.74540453790391 176.6202822094752 134.33103391945025 c
176.6202822094752 134.33103391945025 154.64113670354655 149.87445915657696 c
154.64113670354655 149.87445915657696 147.56963365149363 146.03437430770015 c
147.56963365149363 146.03437430770015 148.9278741889808 137.63278833920234 c
148.9278741889808 137.63278833920234 130.34557503750008 123.41280967020485 c
121.09550056949351 121.5827071614153 130.34557503750008 143.0842886729889 c
130.34557503750008 143.0842886729889 104.31833472012654 144.13109811153063 c
108.58253670144944 149.87445915657696 104.31833472012654 144.13109811153063 d
108.58253670144944 149.87445915657696 107.36731097527829 193.5171917607644 c
107.36731097527829 193.5171917607644 102.30184933696538 197.4955448264069 c
102.30184933696538 197.4955448264069 105.75723366944531 204.17030163611028 d
105.75723366944531 204.17030163611028 116.60618919236546 223.09809646888058 c
122.12161756559209 228.93737313560163 116.60618919236546 223.09809646888058 d
122.12161756559209 228.93737313560163 116.60618919236548 208.3578938730991 c
116.60618919236548 208.3578938730991 131.2587549520708 205.90247218713844 c
131.2587549520708 205.90247218713844 135.37126271005593 205.47287385814187 c
135.37126271005593 205.47287385814187 143.872598983589 204.17030163611028 c
143.872598983589 204.17030163611028 147.07151693792673 223.10337104423408 c
147.07151693792673 223.10337104423408 156.1915853641403 232.9652036157387 c
156.1915853641403 232.9652036157387 156.34958864640683 235.0458288046686 c
156.34958864640683 235.0458288046686 164.33814148709342 241.1651063255879 d
163.63309231955256 235.1316528022137 157.2711127576844 222.5853424631462 c
157.2711127576844 222.5853424631462 156.3495886464068 204.17030163611028 c
156.3495886464068 204.17030163611028 162.64252556880544 204.17030163611028 d
162.64252556880544 204.17030163611028 158.3665568172571 189.99822026581873 c
158.3665568172571 189.99822026581873 145.6388633456525 191.49100144003364 c
145.6388633456525 191.49100144003364 149.00849937953146 181.9893575417708 c
149.00849937953146 181.9893575417708 145.6388633456525 185.88729795595512 d
145.6388633456525 185.88729795595512 141.06779097292878 182.3046731432891 c
141.06779097292878 182.3046731432891 115.42878778041863 192.9044808632613 c
115.42878778041863 192.9044808632613 117.35122680404038 186.8224775508272 c
117.35122680404038 186.8224775508272 108.58253670144944 173.2261969899739 c
108.58253670144944 173.2261969899739 118.69098227701774 156.69024752081486 c
118.69098227701774 156.69024752081486 121.20282543234083 154.26916409377287 c
121.20282543234083 154.26916409377287 120.73306251564186 149.87445915657696 c
120.73306251564186 149.87445915657696 145.6388633456525 185.88729795595512 c
149.00849937953146 181.9893575417708 168.30099404529128 149.87445915657696 c
168.30099404529128 149.87445915657696 168.01217036648086 160.17053769463178 c
168.01217036648086 160.17053769463178 178.707066549807 164.38260029517681 c
178.707066549807 164.38260029517681 181.37825658111652 182.6987682320323 c
181.37825658111652 182.6987682320323 162.64252556880544 204.17030163611028 c
156.3495886464068 204.17030163611028 196.46913945716688 225.04022749112892 c
196.46913945716688 225.04022749112892 185.14329082529977 232.449322586116 c
185.14329082529977 232.449322586116 173.211996578666 239.54011915563535 c
173.211996578666 239.54011915563535 164.92793213782602 248.77672856666348 c
164.92793213782602 248.77672856666348 164.33814148709342 241.1651063255879 c
164.33814148709342 241.1651063255879 163.63309231955256 235.1316528022137 c
156.34958864640683 235.0458288046686 122.12161756559209 228.93737313560163 c
116.60618919236546 223.09809646888058 114.226097561427 237.71077769325152 c
114.226097561427 237.71077769325152 110.801919431609 241.61813181578026 c
110.801919431609 241.61813181578026 103.8378959740836 241.10979120040707 c
103.8378959740836 241.10979120040707 94.11445084275032 253.08523035555805 c
94.11445084275032 253.08523035555805 83.75985305406115 242.5574230499772 c
83.75985305406115 242.5574230499772 78.38284328479006 239.78073051205124 d
78.38284328479006 239.78073051205124 71.55518326278029 229.52530349650252 c
71.55518326278029 229.52530349650252 60.13435110186866 223.94187157796034 c
60.13435110186866 223.94187157796034 44.90436815092425 210.151541772613 c
41.32309607160492 215.84823665616935 44.90436815092425 210.151541772613 d
41.32309607160492 215.84823665616935 26.5910444964179 231.62291913441916 c
26.5910444964179 231.62291913441916 28.026920943219015 246.1466989010912 c
28.026920943219015 246.1466989010912 8.880882078017311 245.4730604303016 c
12.185511224316768 253.08523035555805 8.880882078017311 245.4730604303016 d
12.185511224316768 253.08523035555805 36.80972312415464 254.442791157979 c
36.80972312415464 254.442791157979 37.10846831215516 267.46631381773227 c
37.10846831215516 267.46631381773227 27.037045567902663 277.5021395055382 c
27.037045567902663 277.5021395055382 26.1499026604552 279.2330667209114 c
26.1499026604552 279.2330667209114 11.983012973409899 268.4594122343831 c
11.983012973409899 268.4594122343831 3.0272982547202076 272.75070385448 c
3.0272982547202076 272.75070385448 0.0 274.2655065133444 c
0.0 274.2655065133444 12.185511224316768 253.08523035555805 c
8.880882078017311 245.4730604303016 10.783326943122024 217.4280564431592 c
10.783326943122024 217.4280564431592 2.342328959377273 207.8588260851425 c
2.342328959377273 207.8588260851425 0.0 204.17030163611025 c
0.0 204.17030163611025 3.500833702492571 204.67386707595622 c
3.500833702492571 204.67386707595622 41.32309607160492 215.84823665616935 c
44.90436815092425 210.151541772613 41.32309607160492 206.62931980623432 c
41.32309607160492 206.62931980623432 63.37172387924236 204.17030163611028 c
63.37172387924236 204.17030163611028 76.01751728370122 205.0099460985734 c
76.01751728370122 205.0099460985734 83.75985305406115 234.74209631506628 c
83.75985305406115 234.74209631506628 78.38284328479006 239.78073051205124 c
83.75985305406115 242.5574230499772 89.7079505789934 229.9311465069546 c
89.7079505789934 229.9311465069546 105.75723366944531 204.17030163611028 c
102.30184933696538 197.4955448264069 96.95423525526616 189.518567876567 c
96.95423525526616 189.518567876567 96.28263712817487 189.64871954717137 c
96.28263712817487 189.64871954717137 78.55227760349189 195.3103219564677 c
78.55227760349189 195.3103219564677 75.08591682549883 180.35582576641295 c
68.70220274191934 173.04269110382012 75.08591682549883 180.35582576641295 d
68.70220274191934 173.04269110382012 62.16401794274037 184.89300474420014 c
62.16401794274037 184.89300474420014 42.06491742731265 162.0643416808129 c
31.424393378034296 173.03788471732508 42.06491742731265 162.0643416808129 d
31.424393378034296 173.03788471732508 42.06491742731265 178.56949608000247 c
42.06491742731265 178.56949608000247 29.2327439255968 189.94502084454277 c
29.2327439255968 189.94502084454277 7.621275858074725 186.10923619314121 c
7.621275858074725 186.10923619314121 5.275340547792842 162.41495559878888 c
5.275340547792842 162.41495559878888 0.0 149.87445915657696 c
0.0 149.87445915657696 27.328442264550212 151.44973735675777 c
27.328442264550212 151.44973735675777 25.167323020010073 161.27340028549554 c
25.167323020010073 161.27340028549554 31.424393378034296 173.03788471732508 c
42.06491742731265 162.0643416808129 56.27183363957522 149.87445915657696 c
56.27183363957522 149.87445915657696 69.8506031299894 150.5328143512251 c
69.8506031299894 150.5328143512251 72.50993746063315 151.47801964589297 c
72.50993746063315 151.47801964589297 75.08591682549883 161.49530150387127 c
75.08591682549883 161.49530150387127 70.50119915983002 167.76485771462123 c
70.50119915983002 167.76485771462123 68.70220274191934 173.04269110382012 c
75.08591682549883 180.35582576641295 91.38386510866317 164.87349440240402 c
91.38386510866317 164.87349440240402 108.58253670144944 149.87445915657696 c
104.31833472012654 144.13109811153063 91.0964106465733 123.55030416936239 c
91.0964106465733 123.55030416936239 91.0964106465733 127.75275379075545 d
91.0964106465733 127.75275379075545 81.92754278137467 145.56965693356716 c
81.92754278137467 145.56965693356716 69.02915756079021 142.9927143018876 c
69.02915756079021 142.9927143018876 50.43589876824831 100.47586872051427 c
50.43589876824831 100.47586872051427 63.67959028440204 112.82512917244652 c
50.43589876824831 120.3933970449961 63.67959028440204 112.82512917244652 d
50.43589876824831 120.3933970449961 33.45728531081624 131.59455979086002 c
33.45728531081624 131.59455979086002 23.753521446476135 134.4068146591463 c
23.753521446476135 134.4068146591463 5.363003207289944 120.55510878853929 c
5.363003207289944 120.55510878853929 4.0040186975715955 113.87173158019132 c
4.0040186975715955 113.87173158019132 0.0 104.02617464855031 c
0.0 104.02617464855031 19.20728723147045 106.71534569886892 c
19.20728723147045 106.71534569886892 31.82310172752753 96.3183831103714 c
31.82310172752753 96.3183831103714 50.43589876824831 120.3933970449961 c
63.67959028440204 112.82512917244652 64.27321225431959 96.3183831103714 c
64.27321225431959 96.3183831103714 69.0255992491888 114.03487498511545 c
69.0255992491888 114.03487498511545 75.96933510221211 116.53355177177676 c
75.96933510221211 116.53355177177676 91.0964106465733 127.75275379075545 c
91.0964106465733 123.55030416936239 95.82054516531377 119.39224991385078 c
95.82054516531377 119.39224991385078 102.18558008089578 99.72222661143985 c
102.18558008089578 99.72222661143985 106.22789344794067 96.3183831103714 c
106.22789344794067 96.3183831103714 121.58867347266748 104.48310295578042 c
125.91036561701509 96.3183831103714 111.38995329754144 81.38318021338314 c
111.38995329754144 81.38318021338314 90.78267119805284 85.18362496863074 c
90.78267119805284 81.09340737557511 56.96833724139198 79.37502795519748 c
56.96833724139198 79.37502795519748 52.022536792021924 74.93557893971838 c
52.022536792021924 74.93557893971838 42.28868599553434 51.60878753915479 c
38.79986001726287 49.86521821507843 27.769866638496353 63.30689414305063 c
27.769866638496353 63.30689414305063 42.28868599553434 59.12881005642373 c
42.28868599553434 59.12881005642373 42.282845866029405 73.16803198712411 c
42.282845866029405 73.16803198712411 26.633610430920598 79.37027456225094 c
26.633610430920598 79.37027456225094 16.647072207224724 81.3929482660492 c
16.647072207224724 81.3929482660492 0.0 64.4854020348653 c
0.0 64.4854020348653 20.918783204160555 47.188716670796566 c
16.22328804506062 47.188716670796566 12.289010978742184 25.917167399704976 c
12.289010978742184 25.917167399704976 0.0 24.792207064216235 c
4.4052535347903214 23.983041180726097 0.0 0.0 d
