Processando arquivo: art_13_irregular_pack.txt

Tempo de Inicio (hh:mm:ss.ms) 2026-04-27 10:01:37.193871
Tempo de Termino (hh:mm:ss.ms) 2026-04-27 10:01:37.364924
Tempo Total (hh:mm:ss.ms) 0:00:00.171053

Função Objetivo: 87.97228494409141

0.0 0.0 0.0 10.93570864110863 d
0.0 10.93570864110863 14.716571525069849 16.344478626133114 c
14.716571525069849 16.344478626133114 19.03820196177987 0.0 c
19.03820196177987 0.0 31.480149735013857 2.807605442604661 c
31.480149735013857 2.807605442604661 30.515714076755778 7.385975914243691 c
30.515714076755778 7.385975914243691 36.754942507467305 4.273620799491933 c
36.754942507467305 4.273620799491933 34.816381448995045 31.063326433400945 c
36.7549425074673 25.149020796537634 34.816381448995045 31.063326433400945 d
36.7549425074673 25.149020796537634 75.97257429645556 0.0 c
75.97257429645556 0.0 82.39537782146905 30.67576847919152 c
82.39537782146905 30.67576847919152 71.44786920247941 29.9414593771971 c
71.44786920247941 29.9414593771971 73.1312450726182 37.40827315981933 c
73.1312450726182 37.40827315981933 82.88310523807164 48.9908179849692 d
82.88310523807164 48.9908179849692 82.46444126101144 67.55770917763576 c
82.46444126101144 67.55770917763576 96.68735172726811 90.109706446491 c
96.68735172726811 90.109706446491 84.14270360869526 92.32847673647187 c
84.14270360869526 92.32847673647187 78.23109764042789 95.6670262449888 d
78.23109764042789 95.6670262449888 94.92544861715447 98.03433699156221 c
94.92544861715447 98.03433699156221 98.52874681079412 101.6063407230285 d
98.52874681079412 101.6063407230285 137.87296529565387 93.55944548598976 c
137.87296529565387 93.55944548598976 137.7222610663783 93.55944548598978 d
137.7222610663783 93.55944548598978 112.50085164712205 80.18315058231613 c
112.50085164712205 80.18315058231613 96.68735172726811 59.254678696768394 c
96.68735172726811 59.254678696768394 111.15787782824842 63.64208386004184 c
111.15787782824842 63.64208386004184 122.69677763273064 48.9908179849692 c
126.7066658332732 45.589640635095684 122.69677763273064 48.9908179849692 d
126.7066658332732 45.589640635095684 94.59524356477068 29.985700408822424 c
94.59524356477068 29.985700408822424 98.34970778667295 23.303227976653677 c
98.34970778667295 23.303227976653677 82.39537782146905 12.76124174319121 c
82.39537782146905 12.76124174319121 105.55967275984302 8.86051956315181 c
105.55967275984302 8.86051956315181 106.48660566196557 0.0 c
106.48660566196557 0.0 125.97120607098887 18.351009710059785 c
125.97120607098887 18.351009710059785 126.36671963855927 18.803202136791306 c
126.36671963855927 18.803202136791306 126.7066658332732 45.589640635095684 c
122.69677763273064 48.9908179849692 124.62866498433705 53.51427502416762 c
124.62866498433705 53.51427502416762 141.29107680456073 58.30808091964025 c
141.29107680456073 58.30808091964025 144.02221448152184 87.03075568159419 c
144.02221448152184 87.03075568159419 137.7222610663783 93.55944548598978 c
137.87296529565387 93.55944548598976 136.60461612242682 106.97543912688762 c
137.87296529565384 110.01169868421135 136.60461612242682 106.97543912688762 d
137.87296529565384 110.01169868421135 150.34909760175458 96.53205172195334 c
150.34909760175458 96.53205172195334 154.5732146459703 93.55944548598977 c
154.5732146459703 93.55944548598977 169.05190166271436 113.16586358046237 c
169.05190166271436 113.16586358046237 169.19648902222153 124.97354015070661 c
169.19648902222153 124.97354015070661 165.1091937167091 123.53722008216542 c
165.1091937167091 123.53722008216542 162.4550156815341 120.80513826341823 c
162.4550156815341 120.80513826341823 156.4485281865686 133.00362510697647 c
156.4485281865686 133.00362510697647 137.87296529565384 110.01169868421135 c
136.60461612242682 106.97543912688762 128.04883955684218 112.2298220898692 c
128.04883955684218 112.2298220898692 117.42386559122245 118.63593995895953 c
117.42386559122245 118.63593995895953 108.84871282146385 129.57895018894624 c
108.84871282146385 129.57895018894624 105.40650774881077 113.57930414088983 c
105.40650774881077 113.57930414088983 94.92544861715447 103.12816301627421 c
94.92544861715447 103.12816301627421 98.52874681079412 101.6063407230285 c
94.92544861715447 98.03433699156221 83.87152805539048 122.09971395873464 c
83.87152805539048 122.09971395873464 84.09120196267963 127.40820641760354 c
84.09120196267963 127.40820641760354 41.93257935696762 101.00469319934736 c
30.929542031741516 93.55944548598977 41.93257935696762 101.00469319934736 d
30.929542031741516 93.55944548598977 41.93257935696762 112.08992839509992 c
29.24414832430662 77.58531306143385 30.929542031741516 93.55944548598977 d
29.24414832430662 77.58531306143385 0.0 76.20717714922777 c
0.0 76.20717714922777 11.02183484465172 57.667959233521245 c
11.02183484465172 57.667959233521245 29.45996243616934 48.9908179849692 c
29.45996243616934 48.9908179849692 33.269896414966965 56.42304713727746 c
33.269896414966965 56.42304713727746 35.91790850575506 56.23350096674999 c
35.91790850575506 56.23350096674999 36.46121944158427 57.22505498355083 c
36.46121944158427 57.22505498355083 48.34798395919246 52.53779823188886 c
48.34798395919246 52.53779823188886 29.24414832430662 77.58531306143385 c
41.93257935696762 112.08992839509992 36.35638394159952 124.98280385684646 c
36.35638394159952 124.98280385684646 36.61737359822544 129.0104789691905 c
36.61737359822544 129.0104789691905 38.18322691716812 141.24236810483637 d
38.18322691716812 141.24236810483637 35.22413573578043 174.0379775689531 c
41.18090684001575 168.0492534181051 35.22413573578043 174.0379775689531 d
41.18090684001575 168.0492534181051 42.24967392132885 161.9827784605184 c
42.24967392132885 161.9827784605184 44.56013032146418 159.0595178766245 c
44.56013032146418 159.0595178766245 80.96746830032617 141.24236810483637 c
80.96746830032617 141.24236810483637 73.98775361625715 154.7108710287369 c
73.98775361625715 154.7108710287369 83.7401056082402 163.2284411884294 c
83.7401056082402 163.2284411884294 70.8609414151225 173.38081060986113 c
70.8609414151225 173.38081060986113 66.6905107527806 174.7025489332892 c
66.6905107527806 174.7025489332892 41.18090684001575 168.0492534181051 c
35.22413573578043 174.0379775689531 41.18090684001575 185.17687952193083 c
41.18090684001575 185.17687952193083 22.618831923497986 189.3550739508151 c
22.618831923497986 189.3550739508151 12.931931174964419 178.8124644162636 c
12.931931174964419 178.8124644162636 0.0 173.0418945151512 c
0.0 173.0418945151512 12.491217401180359 158.43373024394634 c
12.491217401180359 158.43373024394634 31.3833946002433 154.55581870563648 c
31.3833946002433 154.55581870563648 38.18322691716812 141.24236810483637 c
36.61737359822544 129.0104789691905 14.542137683146052 141.24236810483637 c
14.542137683146052 141.24236810483637 5.642376939222839 112.77170147292858 c
5.642376939222839 112.77170147292858 0.0 102.05665146664558 c
0.0 102.05665146664558 26.82182819086031 95.98894472650503 c
26.82182819086031 95.98894472650503 30.929542031741516 93.55944548598977 c
41.93257935696762 101.00469319934736 47.121816763846695 95.12715422284127 c
47.121816763846695 95.12715422284127 58.20303541861948 93.55944548598977 c
58.20303541861948 93.55944548598977 60.66028444125847 94.94375489790195 c
60.66028444125847 94.94375489790195 78.23109764042789 95.6670262449888 c
84.14270360869526 92.32847673647187 60.59297825906911 80.786849248498 c
60.59297825906911 80.786849248498 57.845016785560325 76.19504358280544 c
57.845016785560325 76.19504358280544 48.347983959192455 71.80117129555927 c
48.347983959192455 71.80117129555927 70.55964794320833 58.60504904599527 c
70.55964794320833 58.60504904599527 82.88310523807164 48.9908179849692 c
73.1312450726182 37.40827315981933 69.67444350530184 48.9908179849692 c
69.67444350530184 48.9908179849692 61.18473878999389 33.43555514383365 c
61.18473878999389 33.43555514383365 52.01285304216343 26.515087989188714 c
52.01285304216343 26.515087989188714 36.7549425074673 25.149020796537634 c
34.816381448995045 31.063326433400945 20.257524219467182 30.881459034988474 c
20.257524219467182 30.881459034988474 0.0 10.93570864110863 c
0.0 10.93570864110863 0.0 0.0 d
