Processando arquivo: art_10_regular_pack.txt

Tempo de Inicio (hh:mm:ss.ms) 2026-04-27 10:02:06.301338
Tempo de Termino (hh:mm:ss.ms) 2026-04-27 10:02:06.640748
Tempo Total (hh:mm:ss.ms) 0:00:00.339410

Função Objetivo: 154.4301487017695

0.0 0.0 8.591181548845285 8.591181548845288 d
8.591181548845285 8.591181548845288 29.332128560877067 0.0 c
29.332128560877067 0.0 50.073075572908856 8.591181548845285 c
50.073075572908856 8.591181548845285 58.66425712175415 29.332128560877074 c
58.66425712175415 29.332128560877074 50.07307557290886 50.07307557290886 c
50.07307557290886 50.07307557290886 29.332128560877077 58.66425712175415 c
29.332128560877077 58.66425712175415 29.062171103257477 65.69330139792613 d
29.062171103257477 65.69330139792613 37.8763138372522 58.66425712175414 c
37.8763138372522 58.66425712175414 48.86737005079813 61.17289397915131 c
48.86737005079813 61.17289397915131 53.75885023840732 71.33015724963145 c
53.75885023840732 71.33015724963145 48.86737005079813 81.4874205201116 c
48.86737005079813 81.4874205201116 53.75885023840732 86.39133686810253 d
53.75885023840732 86.39133686810253 81.4859299847557 58.66425712175415 c
81.4859299847557 58.66425712175415 109.21300973110408 86.39133686810253 c
109.21300973110408 86.39133686810253 109.21300973110408 68.26698645419204 c
109.21300973110408 68.26698645419204 138.7671717094981 58.66425712175414 c
145.8871181680621 55.505490396177706 138.7671717094981 58.66425712175414 d
145.8871181680621 55.505490396177706 126.5741080411508 40.10387876074956 c
126.5741080411508 40.10387876074956 126.5741080411508 25.664247352006495 c
126.5741080411508 25.664247352006495 82.12232768946055 51.32849470401298 c
82.12232768946055 51.32849470401298 82.12232768946052 0.0 c
78.68697279159619 3.435354897864313 82.12232768946052 0.0 d
78.68697279159619 3.435354897864313 82.1223276894605 11.729035283853182 c
82.1223276894605 11.729035283853182 78.68697279159619 20.02271566984205 c
78.68697279159619 20.02271566984205 70.39329240560733 23.458070567706365 c
70.39329240560733 23.458070567706365 62.09961201961846 20.02271566984205 c
62.09961201961846 20.02271566984205 58.66425712175415 11.729035283853184 c
58.66425712175415 11.729035283853184 62.099612019618455 3.4353548978643147 c
62.099612019618455 3.4353548978643147 70.39329240560733 0.0 c
70.39329240560733 0.0 78.68697279159619 3.435354897864313 c
82.12232768946052 0.0 126.5741080411508 25.66424735200648 c
126.5741080411508 25.66424735200648 126.57410804115081 25.664247352006488 c
126.57410804115081 25.664247352006488 126.5741080411508 25.664247352006495 c
126.5741080411508 25.664247352006495 126.5741080411508 25.66424735200648 c
126.5741080411508 25.66424735200648 126.5741080411508 15.401611635428154 c
126.5741080411508 15.401611635428154 145.8871181680621 0.0 c
145.8871181680621 0.0 169.9700478827094 5.496771551564876 c
169.9700478827094 5.496771551564876 180.68795990772458 27.752745198088853 c
180.68795990772458 27.752745198088853 169.9700478827094 50.00871884461283 c
169.9700478827094 50.00871884461283 145.8871181680621 55.505490396177706 c
138.7671717094981 58.66425712175414 157.03264832116542 83.80452889884214 c
157.03264832116542 81.55489002339144 157.03264832116542 83.80452889884214 d
157.03264832116542 81.55489002339144 157.03264832116542 67.45524315438752 c
157.03264832116542 67.45524315438752 168.05619613503447 58.66425712175415 c
168.05619613503447 58.66425712175415 181.80233541953345 61.80172371149912 c
181.80233541953345 61.80172371149912 187.91994292329403 74.50506658888948 c
187.91994292329403 74.50506658888948 181.80233541953345 87.20840946627983 c
181.80233541953345 87.20840946627983 168.05619613503447 90.3458760560248 c
168.05619613503447 90.3458760560248 157.03264832116542 81.55489002339144 c
157.03264832116542 83.80452889884214 138.7671717094981 108.94480067593013 c
138.7671717094981 108.94480067593013 149.0507479343573 114.11841661445092 d
149.0507479343573 114.11841661445092 161.30007509808425 135.3348736205596 c
161.30007509808425 135.3348736205596 149.0507479343573 156.55133062666826 c
149.0507479343573 156.55133062666826 124.55209360690337 156.55133062666826 c
124.55209360690337 156.55133062666826 129.62976409626197 163.7785368475511 d
129.62976409626197 163.7785368475511 174.0506448054417 189.42494428263626 c
174.0506448054417 189.42494428263626 129.629764096262 215.07135171772143 c
129.629764096262 215.07135171772143 122.78903981864418 220.16212069717986 d
122.78903981864418 220.16212069717986 130.95262390374523 234.30186310443554 c
118.74229536043032 214.57839055683226 122.78903981864418 220.16212069717986 d
118.74229536043032 214.57839055683226 94.27837517490504 220.1621206971799 c
94.27837517490504 220.1621206971799 74.6598344124146 204.51685651038906 c
74.6598344124146 204.51685651038906 74.6598344124146 180.23838842903302 c
74.6598344124146 180.23838842903302 46.150535188244945 196.69824001051495 c
46.150535188244945 196.69824001051495 46.15053518824493 163.7785368475511 c
39.87317817035931 163.7785368475511 46.15053518824493 163.7785368475511 d
39.87317817035931 163.7785368475511 39.873178170359296 114.11841661445091 c
31.975806221280834 118.16865040630361 39.873178170359296 114.11841661445091 d
31.975806221280834 118.16865040630361 39.873178170359296 134.56771223525521 c
39.873178170359296 134.56771223525521 31.975806221280838 150.96677406420682 c
31.975806221280838 150.96677406420682 14.23057252873108 155.0170078560595 c
23.07526759412246 163.7785368475511 14.23057252873108 155.0170078560595 d
23.07526759412246 163.7785368475511 46.15053518824493 186.85380444167356 c
46.15053518824493 186.85380444167356 23.075267594122465 209.92907203579603 c
23.075267594122465 209.92907203579603 0.0 186.85380444167356 c
0.0 186.85380444167356 23.07526759412246 163.7785368475511 c
14.23057252873108 155.0170078560595 0.0 143.66850495583552 c
0.0 143.66850495583552 0.0 125.46691951467493 c
0.0 125.46691951467493 14.230572528731077 114.11841661445091 c
14.230572528731077 114.11841661445091 31.975806221280834 118.16865040630361 c
39.873178170359296 114.11841661445091 82.88010384721366 138.948476731001 c
82.88010384721366 138.948476731001 39.87317817035931 163.7785368475511 c
46.15053518824493 163.7785368475511 74.6598344124146 180.23838842903302 c
74.6598344124146 180.23838842903302 74.6598344124146 179.42380103434192 c
74.6598344124146 179.42380103434192 94.27837517490502 163.7785368475511 c
94.27837517490502 163.7785368475511 118.74229536043032 169.36226698789872 c
118.74229536043032 169.36226698789872 129.62976409626197 191.9703287723655 c
129.62976409626197 191.9703287723655 118.74229536043032 214.57839055683226 c
130.95262390374523 234.30186310443554 130.95262390374523 230.13697636648976 c
130.95262390374523 230.13697636648976 161.65207298287956 220.16212069717983 c
161.65207298287956 220.16212069717983 180.62537594968123 246.27663187230775 c
180.62537594968123 246.27663187230775 161.65207298287956 272.39114304743566 c
161.65207298287956 272.39114304743566 130.95262390374523 262.41628737812573 c
130.95262390374523 262.41628737812573 130.95262390374523 234.30186310443554 c
130.95262390374523 234.30186310443554 122.78903981864418 248.44160551169122 c
122.78903981864418 248.44160551169122 106.4618716484421 248.44160551169125 c
106.4618716484421 248.44160551169125 98.29828756334105 234.30186310443554 c
98.29828756334105 229.444381292451 98.29828756334105 234.30186310443554 d
98.29828756334105 229.444381292451 82.22094060323693 238.72664188772214 c
82.22094060323691 246.71261119173045 82.22094060323693 238.72664188772214 d
82.22094060323691 246.71261119173045 74.44448198121202 265.48664306425616 c
74.44448198121202 265.48664306425616 55.67045010868632 273.26310168628106 c
55.67045010868632 273.26310168628106 36.89641823616062 265.48664306425616 c
35.58132340403027 279.3678916480462 36.89641823616062 265.48664306425616 d
35.58132340403027 279.3678916480462 41.68611336579543 294.1061583691788 c
41.68611336579543 294.1061583691788 35.58132340403028 308.84442509031135 c
35.58132340403028 308.84442509031135 20.843056682897714 314.9492150520765 c
20.843056682897714 314.9492150520765 6.104789961765155 308.84442509031135 c
6.104789961765155 308.84442509031135 0.0 294.1061583691788 c
0.0 294.1061583691788 6.1047899617651495 279.3678916480462 c
6.1047899617651495 279.3678916480462 20.84305668289771 273.26310168628106 c
20.84305668289771 273.26310168628106 35.58132340403027 279.3678916480462 c
36.89641823616062 265.48664306425616 29.119959614135723 246.71261119173045 c
29.119959614135723 246.71261119173045 36.89641823616061 227.93857931920473 c
36.89641823616061 227.93857931920473 29.119959614135723 234.72210050424772 d
29.119959614135723 234.72210050424772 14.559979807067863 249.28208031131558 c
14.559979807067863 249.28208031131558 0.0 234.72210050424772 c
0.0 234.72210050424772 14.559979807067858 220.16212069717986 c
14.559979807067858 220.16212069717986 29.119959614135723 234.72210050424772 c
36.89641823616061 227.93857931920473 55.67045010868631 220.16212069717986 c
55.67045010868631 220.16212069717986 74.44448198121201 227.93857931920473 c
74.44448198121201 227.93857931920473 82.22094060323691 246.71261119173045 c
82.22094060323693 238.72664188772214 82.22094060323691 220.16212069717986 c
82.22094060323691 220.16212069717986 98.29828756334105 229.444381292451 c
98.29828756334105 234.30186310443554 106.46187164844208 220.16212069717986 c
106.46187164844208 220.16212069717986 122.78903981864418 220.16212069717986 c
129.629764096262 215.07135171772143 129.62976409626197 163.7785368475511 c
124.55209360690337 156.55133062666826 112.30276644317641 135.3348736205596 c
112.30276644317641 135.3348736205596 112.30276644317641 128.82974791243228 d
112.30276644317641 128.82974791243228 97.59143514519504 143.54107921041367 c
97.59143514519504 143.54107921041367 82.88010384721366 128.82974791243228 c
82.88010384721366 128.82974791243228 97.59143514519504 114.11841661445091 c
97.59143514519504 114.11841661445091 112.30276644317641 128.82974791243228 c
112.30276644317641 135.3348736205596 124.55209360690336 114.11841661445092 c
124.55209360690336 114.11841661445092 149.0507479343573 114.11841661445092 c
138.7671717094981 108.94480067593013 109.21300973110408 99.34207134349224 c
109.21300973110408 99.34207134349224 109.21300973110408 86.39133686810253 c
109.21300973110408 86.39133686810253 81.4859299847557 114.11841661445091 c
81.4859299847557 114.11841661445091 53.75885023840732 86.39133686810253 c
48.86737005079813 81.4874205201116 37.8763138372522 83.99605737750876 c
37.8763138372522 83.99605737750876 29.062171103257477 76.96701310133678 c
29.062171103257477 76.96701310133678 29.062171103257477 75.44330943145481 c
29.062171103257477 75.44330943145481 1.2434497875801753e-14 92.22236174115547 c
1.2434497875801753e-14 92.22236174115547 0.0 58.66425712175415 c
0.0 58.66425712175415 29.062171103257477 75.44330943145481 c
29.062171103257477 75.44330943145481 29.062171103257477 65.69330139792613 c
29.332128560877077 58.66425712175415 8.591181548845288 50.07307557290886 c
8.591181548845288 50.07307557290886 0.0 29.332128560877077 c
0.0 29.332128560877077 8.591181548845285 8.591181548845288 c
8.591181548845285 8.591181548845288 0.0 0.0 d
