Processando arquivo: art_12_regular_sep.txt

Tempo de Inicio (hh:mm:ss.ms) 2026-04-27 10:07:48.845855
Tempo de Termino (hh:mm:ss.ms) 2026-04-27 10:07:49.046691
Tempo Total (hh:mm:ss.ms) 0:00:00.200836

Função Objetivo: 121.78089836446826

0.0 0.0 5.386389628042523 3.109833501710556 d
7.181852837390026 3.552713678800501e-15 21.545558512170096 0.0 c
21.545558512170096 0.0 28.72741134956013 12.439334006842238 c
28.72741134956013 12.439334006842238 43.72741134956013 11.73585969238519 d
43.72741134956013 11.73585969238519 58.44371393218557 0.0 c
58.44371393218557 0.0 76.79464309485418 4.188479830375005 c
76.79464309485418 4.188479830375005 84.96157488734056 21.147288441819832 c
84.96157488734056 21.147288441819832 93.96157488734056 8.973265959972778 d
93.96157488734056 8.973265959972778 121.57844780704386 0.0 c
121.57844780704386 0.0 138.64661393440704 23.492315273301177 c
151.64661393440707 17.62784375155388 138.64661393440704 23.492315273301177 d
151.64661393440707 17.62784375155388 156.80968983154028 5.163075897133222 c
156.80968983154028 5.163075897133222 169.27445768596095 0.0 c
169.27445768596095 0.0 181.7392255403816 5.163075897133217 c
181.7392255403816 5.163075897133217 186.90230143751484 17.627843751553876 c
186.90230143751484 17.627843751553876 181.7392255403816 30.09261160597453 c
181.7392255403816 30.09261160597453 169.27445768596095 35.25568750310775 c
169.27445768596095 35.25568750310775 156.8096898315403 30.092611605974533 c
156.8096898315403 30.092611605974533 151.64661393440707 17.62784375155388 c
138.64661393440704 23.492315273301177 121.57844780704386 46.984630546602354 c
121.57844780704386 46.984630546602354 119.06052632245706 58.98463054660236 d
119.06052632245706 58.98463054660236 141.8477019752453 81.7718061993906 c
141.8477019752453 81.7718061993906 154.8477019752453 79.5147863929467 d
154.8477019752453 79.5147863929467 166.70079297963716 58.98463054660236 c
166.70079297963716 58.98463054660236 190.40697498842093 58.98463054660235 c
190.40697498842093 58.98463054660235 202.26006599281283 79.5147863929467 c
202.26006599281283 79.5147863929467 190.40697498842093 100.04494223929106 c
190.40697498842093 100.04494223929106 166.70079297963719 100.04494223929106 c
166.70079297963719 100.04494223929106 169.57964702797565 112.55898185217882 d
169.57964702797565 112.55898185217882 191.0696037631904 124.96621415812845 c
191.0696037631904 124.96621415812845 169.57964702797565 137.37344646407809 c
169.57964702797565 137.37344646407809 160.57964702797565 133.63165432814685 d
160.57964702797565 133.63165432814685 145.26945429545685 154.70432680411488 c
145.26945429545685 154.70432680411488 120.4970420799298 146.6552821520895 c
115.4970420799298 137.51266593007531 120.4970420799298 146.6552821520895 d
115.4970420799298 137.51266593007531 97.36712936692776 162.4663500079718 c
97.36712936692776 162.4663500079718 68.03231438422164 152.93489083474245 c
68.03231438422164 152.93489083474245 68.03231438422162 122.0904410254082 c
68.03231438422162 122.0904410254082 97.36712936692776 112.55898185217882 c
97.36712936692776 112.55898185217882 115.4970420799298 137.51266593007531 c
120.4970420799298 146.6552821520895 120.4970420799298 120.6080265042042 c
120.4970420799298 120.6080265042042 145.26945429545685 112.55898185217882 c
145.26945429545685 112.55898185217882 160.57964702797565 133.63165432814685 c
169.57964702797565 137.37344646407809 169.57964702797565 112.55898185217882 c
166.70079297963719 100.04494223929106 154.8477019752453 79.5147863929467 c
141.8477019752453 81.7718061993906 119.06052632245706 104.55898185217883 c
119.06052632245706 104.55898185217883 96.27335066966883 81.7718061993906 c
96.27335066966883 81.7718061993906 89.27335066966883 79.57781613021663 d
89.27335066966883 79.57781613021663 74.31152555606616 100.17100171383092 c
74.31152555606616 100.17100171383092 50.102783988525275 92.3051047575246 c
50.102783988525275 92.3051047575246 50.102783988525275 66.85052750290868 c
50.102783988525275 66.85052750290868 34.565748998642995 63.3629209223374 d
43.102783988525275 81.09025674211466 34.565748998643 98.81759256189191 c
34.565748998643 98.81759256189191 15.38320550015516 103.19588293762696 c
13.508078596055393 112.55898185217882 15.38320550015516 103.19588293762696 d
13.508078596055393 112.55898185217882 40.52423578816622 112.55898185217882 c
40.52423578816622 112.55898185217882 54.03231438422162 135.95566029318044 c
54.03231438422162 135.95566029318044 40.52423578816622 159.35233873418207 c
40.52423578816622 159.35233873418207 25.104064989920918 173.64617076468426 d
25.104064989920918 173.64617076468426 31.304257012829126 186.52100216311027 c
31.304257012829126 186.52100216311027 39.30425701282913 195.32537202950112 d
39.30425701282913 195.32537202950112 64.16327903435845 170.4663500079718 c
64.16327903435845 170.4663500079718 89.02230105588777 195.32537202950112 c
95.02230105588777 196.41968780159186 89.02230105588777 195.32537202950112 d
95.02230105588777 196.41968780159186 95.02230105588777 176.59310197028054 c
95.02230105588777 176.59310197028054 113.87850470664154 170.4663500079718 c
113.87850470664154 170.4663500079718 125.53227946159723 186.5063948859362 c
134.53227946159723 194.90647776498014 125.53227946159723 186.5063948859362 d
134.53227946159723 194.90647776498014 141.6906271485594 177.62469769493399 c
141.6906271485594 177.62469769493399 158.97240721860555 170.4663500079718 c
158.97240721860555 170.4663500079718 176.2541872886517 177.62469769493399 c
176.2541872886517 177.62469769493399 183.41253497561388 194.90647776498014 c
183.41253497561388 194.90647776498014 176.2541872886517 212.1882578350263 c
176.2541872886517 212.1882578350263 158.97240721860555 219.34660552198847 c
158.97240721860555 219.34660552198847 141.6906271485594 212.1882578350263 c
141.6906271485594 212.1882578350263 134.53227946159723 194.90647776498014 c
125.53227946159723 186.5063948859362 113.87850470664154 202.5464397639006 c
113.87850470664154 202.5464397639006 95.02230105588777 196.41968780159186 c
89.02230105588777 195.32537202950112 64.16327903435845 220.18439405103044 c
64.16327903435845 220.18439405103044 64.26973943018649 238.48041525981301 d
64.26973943018649 238.48041525981301 92.87995086568857 229.18439405103044 c
92.87995086568857 229.18439405103044 110.56203395814977 253.52169353576306 c
110.56203395814977 253.52169353576306 92.87995086568857 277.8589930204957 c
92.87995086568857 277.8589930204957 64.26973943018649 268.5629718117131 c
64.26973943018649 268.5629718117131 53.26973943018649 255.8192637661237 d
53.26973943018649 255.8192637661237 26.634869715093245 282.45413348121696 c
26.634869715093245 282.45413348121696 0.0 255.8192637661237 c
0.0 255.8192637661237 26.63486971509324 229.18439405103044 c
26.63486971509324 229.18439405103044 53.26973943018649 255.8192637661237 c
64.26973943018649 268.5629718117131 64.26973943018649 238.48041525981301 c
64.16327903435845 220.18439405103044 39.30425701282913 195.32537202950112 c
31.304257012829126 186.52100216311027 25.10406498992092 199.39583356153628 c
25.10406498992092 199.39583356153628 11.172359975314436 202.57565431824872 c
11.172359975314436 202.57565431824872 1.7763568394002505e-15 193.66599454692061 c
1.7763568394002505e-15 193.66599454692061 0.0 179.37600977929992 c
0.0 179.37600977929992 11.172359975314432 170.4663500079718 c
11.172359975314432 170.4663500079718 25.104064989920918 173.64617076468426 c
40.52423578816622 159.35233873418207 13.50807859605541 159.35233873418207 c
13.50807859605541 159.35233873418207 0.0 135.95566029318044 c
0.0 135.95566029318044 13.508078596055393 112.55898185217882 c
15.38320550015516 103.19588293762696 3.552713678800501e-15 90.92818591554379 c
3.552713678800501e-15 90.92818591554379 0.0 71.25232756868553 c
0.0 71.25232756868553 15.383205500155153 58.98463054660236 c
15.383205500155153 58.98463054660236 34.565748998642995 63.3629209223374 c
34.565748998642995 63.3629209223374 43.102783988525275 81.09025674211466 c
50.102783988525275 66.85052750290868 74.31152555606616 58.98463054660235 c
74.31152555606616 58.98463054660235 89.27335066966883 79.57781613021663 c
96.27335066966883 81.7718061993906 119.06052632245706 58.98463054660236 c
121.57844780704386 46.984630546602354 93.96157488734056 38.01136458662958 c
93.96157488734056 38.01136458662958 93.96157488734056 8.973265959972778 c
84.96157488734056 21.147288441819832 76.7946430948542 38.106097053264655 c
76.7946430948542 38.106097053264655 58.443713932185574 42.294576883639664 c
58.443713932185574 42.294576883639664 43.72741134956013 30.55871719125448 c
43.72741134956013 30.55871719125448 43.72741134956013 11.73585969238519 c
28.72741134956013 12.439334006842238 21.545558512170096 24.878668013684475 c
21.545558512170096 24.878668013684475 7.181852837390035 24.878668013684475 c
7.181852837390035 24.878668013684475 0.0 12.43933400684224 c
0.0 12.43933400684224 7.181852837390026 3.552713678800501e-15 c
5.386389628042523 3.109833501710556 0.0 0.0 d
