Processando arquivo: art_25_irregular_sep.txt

Tempo de Inicio (hh:mm:ss.ms) 2026-04-27 10:07:35.323318
Tempo de Termino (hh:mm:ss.ms) 2026-04-27 10:07:36.140545
Tempo Total (hh:mm:ss.ms) 0:00:00.817227

Função Objetivo: 189.1598347443794

0.0 0.0 0.0 0.34784930347066023 d
0.0 0.34784930347066023 7.813431412518408 6.543590409806667 c
7.813431412518408 6.543590409806667 16.077437445023044 0.0 c
16.077437445023044 0.0 31.257066782913743 11.769692707034595 c
31.257066782913743 11.769692707034595 50.44767162134888 17.414883180430813 c
50.44767162134888 17.414883180430813 59.44767162134889 19.87085044958907 d
59.44767162134889 19.87085044958907 64.6376376317675 0.0 c
64.6376376317675 0.0 99.93322837269956 5.625470360855681 c
99.93322837269956 5.625470360855681 101.83503233162033 13.646637121607966 c
101.83503233162033 13.646637121607966 107.8350323316203 11.221976874077942 d
107.8350323316203 11.221976874077942 128.98086901346846 2.2239974661876083 c
128.98086901346846 2.2239974661876083 133.06389674790222 0.0 c
133.06389674790222 0.0 143.5742890392592 25.441474009859828 c
143.5742890392592 25.441474009859828 153.9438748348676 29.9935798617417 c
168.9438748348676 0.0 153.9438748348676 29.9935798617417 d
168.9438748348676 0.0 188.571614568847 1.1347353691973474 c
188.571614568847 1.1347353691973474 197.76030125045676 6.709875360820924 c
197.76030125045676 6.709875360820924 206.504173369532 11.74942996667401 c
206.504173369532 11.74942996667401 217.18460699600715 17.17399433306 c
217.18460699600715 17.17399433306 218.79135501626652 23.306493071239817 c
218.79135501626652 23.306493071239817 212.14655652431625 30.970951944116898 c
212.14655652431625 30.970951944116898 206.36887709890647 40.490337863985545 c
206.36887709890647 40.490337863985545 168.9438748348676 0.0 c
153.9438748348676 29.9935798617417 131.76115940968768 42.887169225863616 c
135.54090325292518 47.887169225863616 131.76115940968768 42.887169225863616 d
135.54090325292518 47.887169225863616 137.7591195784836 68.94436284236109 c
147.44099753036005 75.52199176184037 137.7591195784836 68.94436284236109 d
147.44099753036005 75.52199176184037 145.75911957848356 58.22231976065544 c
145.75911957848356 58.22231976065544 157.27112082501017 47.887169225863616 c
157.27112082501017 47.887169225863616 159.7239277984002 54.101493951812074 c
159.7239277984002 54.101493951812074 171.38035158856326 54.355622660458614 c
171.38035158856326 54.355622660458614 170.63410133733638 58.946374248736326 c
170.63410133733638 58.946374248736326 177.95606994432097 75.6999160047702 c
177.95606994432097 75.6999160047702 181.5643893682507 83.44013168272407 c
181.5643893682507 83.44013168272407 147.44099753036005 75.52199176184037 c
137.7591195784836 68.94436284236109 133.907301328113 89.4078153890427 c
133.907301328113 89.4078153890427 128.94612213197288 103.17058485081756 d
128.94612213197288 103.17058485081756 132.1061916683318 113.33465278611138 c
132.1061916683318 113.33465278611138 157.45484621858185 134.88363776762978 c
169.45484621858185 122.60896723820754 157.45484621858185 134.88363776762978 d
169.45484621858185 122.60896723820754 180.71539604984272 103.17058485081755 c
180.71539604984272 103.17058485081755 195.7678817507936 117.43087850103154 c
195.7678817507936 117.43087850103154 202.34914480896106 144.59639400429958 c
202.34914480896106 144.59639400429958 198.31894329960681 146.5962233408267 c
198.31894329960681 146.5962233408267 188.453347127102 160.38060260078774 c
188.453347127102 160.38060260078774 201.4053080445896 168.6632975928343 d
201.4053080445896 168.6632975928343 208.4565953125546 167.38060260078777 c
208.4565953125546 167.38060260078777 221.58571786866574 184.60205062746218 c
221.58571786866574 184.60205062746218 210.80740722282312 216.84081728490273 c
210.80740722282312 216.84081728490273 183.0588345398156 217.91075280380434 c
184.15967699653004 236.53333569147597 183.0588345398156 217.91075280380434 d
184.15967699653004 236.53333569147597 189.3480526061539 240.90379912697588 c
189.3480526061539 240.90379912697588 206.9169254658517 246.80017213624254 c
206.9169254658517 246.80017213624254 207.11554655694565 251.43962993854103 c
207.11554655694565 251.43962993854103 212.28034072228084 246.8558105940456 c
212.28034072228084 246.8558105940456 211.48912900511857 268.1954033092176 c
211.48912900511857 268.1954033092176 204.7199407227818 278.2060393950594 c
204.7199407227818 278.2060393950594 198.33225988990569 270.8593787138568 c
198.33225988990569 270.8593787138568 184.15967699653004 236.53333569147597 c
183.0588345398156 217.91075280380434 189.2256243466604 208.99803951124264 c
189.2256243466604 208.99803951124264 183.15229329570377 205.6115275472481 c
183.15229329570377 205.6115275472481 175.0588345398156 198.31792600689258 d
175.0588345398156 198.31792600689258 170.4990190606533 204.12879184596414 c
170.4990190606533 204.12879184596414 148.59028136069057 203.448564511284 c
148.59028136069057 203.448564511284 147.69621564284256 187.12005591450253 c
147.69621564284256 187.12005591450253 135.30722592745056 179.09722472927237 c
126.30722592745055 175.47730863568364 135.30722592745056 179.09722472927237 d
126.30722592745055 175.47730863568364 119.3703403894287 189.62480034542253 c
119.3703403894287 189.62480034542253 103.85333694949857 213.13598378731783 c
103.85333694949857 213.13598378731783 93.74328469190709 215.79110403634087 c
93.74328469190709 215.79110403634087 86.2443047676731 192.32803633376082 c
86.2443047676731 192.32803633376082 92.15786731525891 167.38060260078777 c
92.15786731525891 167.38060260078777 105.54926486175799 176.43807650584773 c
105.54926486175799 176.43807650584773 111.08779871760859 174.47132080287753 c
111.08779871760859 174.47132080287753 126.30722592745055 175.47730863568364 c
135.30722592745056 179.09722472927237 145.45831570265264 173.4040639359925 c
145.45831570265264 173.4040639359925 160.1527154352253 167.38060260078777 c
160.1527154352253 167.38060260078777 171.235084461716 181.79335705653108 c
171.235084461716 181.79335705653108 175.0588345398156 198.31792600689258 c
183.15229329570377 205.6115275472481 187.1423513830132 191.00094770276706 c
187.1423513830132 191.00094770276706 201.4053080445896 168.6632975928343 c
188.453347127102 160.38060260078774 183.7585927047513 151.1721806476029 c
183.7585927047513 151.1721806476029 180.98979593417582 143.7677838619366 c
180.98979593417582 143.7677838619366 169.45484621858185 122.60896723820754 c
157.45484621858185 134.88363776762978 138.7346256422854 143.2598435881222 c
138.7346256422854 143.2598435881222 128.73260774997067 144.0628877773895 c
128.73260774997067 144.0628877773895 107.48698399665918 137.9899847605156 c
107.48698399665918 137.9899847605156 119.32827943613843 128.01556324991776 c
119.32827943613843 128.01556324991776 108.85736749875726 120.0468629853292 c
108.85736749875726 120.0468629853292 97.48698399665918 118.7815916895194 d
97.48698399665918 118.7815916895194 82.36240495475563 145.19237196048556 c
82.36240495475563 145.19237196048556 75.82859144979558 153.17817469940212 c
75.82859144979558 153.17817469940212 75.24430476767311 167.38060260078777 d
75.24430476767311 167.38060260078777 74.06853455651124 207.84138610916793 c
74.06853455651124 207.84138610916793 70.34696942516331 208.79110077009 c
70.34696942516331 208.79110077009 67.94525311012866 205.25639097940234 c
67.94525311012866 205.25639097940234 65.25997820255245 205.81305415449455 c
65.25997820255245 205.81305415449455 43.281827241942906 198.07041662505 c
43.281827241942906 198.07041662505 34.61500390878744 205.816970723235 d
34.61500390878744 205.816970723235 37.281827241942906 220.2318797001272 c
37.281827241942906 220.2318797001272 20.228674613284113 222.533335691476 c
27.227682898951116 236.533335691476 20.228674613284113 222.533335691476 d
27.227682898951116 236.533335691476 40.784261562803735 242.75647714027292 c
40.784261562803735 242.75647714027292 45.542835730626166 262.6532392001609 c
45.542835730626166 262.6532392001609 60.1896030915381 266.9386163757927 d
59.54283573062617 270.3600240416703 60.1896030915381 266.9386163757927 c
60.1896030915381 266.9386163757927 79.65453029924487 236.533335691476 c
79.65453029924487 236.533335691476 73.80037826635507 248.23805527271966 c
73.80037826635507 248.23805527271966 81.59311369248005 254.81319679217356 c
81.59311369248005 254.81319679217356 91.99398392531683 269.02107317926476 c
91.99398392531683 269.02107317926476 96.99398392531683 268.07823471180586 d
96.99398392531683 268.07823471180586 104.15481868512354 250.20667285042464 c
104.15481868512354 250.20667285042464 100.17115041486576 236.533335691476 c
100.17115041486576 236.533335691476 108.82188497537099 239.9791785271415 c
108.82188497537099 239.9791785271415 131.7764059528063 256.45291748993725 c
131.7764059528063 256.45291748993725 123.40742142095978 254.86041346542993 c
123.40742142095978 254.86041346542993 120.0199040203929 257.71183160113327 c
120.0199040203929 257.71183160113327 108.00992946834548 275.28071495761844 c
108.00992946834548 275.28071495761844 96.99398392531683 268.07823471180586 c
91.99398392531683 269.02107317926476 75.4692440075764 279.6851932116065 c
75.4692440075764 279.6851932116065 81.88459609988442 291.6851932116065 d
81.88459609988442 291.6851932116065 116.0580879673525 295.3876888721919 c
81.88459609988442 291.6851932116065 75.88459609988442 294.98879993635353 d
75.88459609988442 294.98879993635353 74.27441488867842 313.597418482745 c
74.27441488867842 313.597418482745 67.61290742229205 326.4140262762472 c
67.61290742229205 326.4140262762472 63.23105895497539 327.22300632288426 c
63.23105895497539 327.22300632288426 59.86612116682672 330.35163963344024 c
59.86612116682672 330.35163963344024 58.39019911348544 328.5857180260952 c
58.39019911348544 328.5857180260952 36.344715193632894 323.41970108461453 c
19.90121432503639 321.95230650282053 36.344715193632894 323.41970108461453 d
23.3447151936329 310.3384510012023 21.74500435974432 303.53000673308986 c
21.74500435974432 303.53000673308986 20.090925093491013 291.6851932116065 c
20.090925093491013 291.6851932116065 0.0 310.5704980293107 c
0.0 310.5704980293107 6.136709101574795 314.5976081310113 c
6.136709101574795 314.5976081310113 17.03955052399622 315.07842373083207 c
17.03955052399622 315.07842373083207 19.90121432503639 321.95230650282053 c
19.90121432503639 321.95230650282053 23.3447151936329 310.3384510012023 c
36.344715193632894 323.41970108461453 44.28853636381156 291.6851932116065 c
44.28853636381156 291.6851932116065 75.88459609988442 294.98879993635353 c
116.0580879673525 295.3876888721919 111.7039841630029 332.08206676448356 c
125.0580879673525 328.8445765602677 111.7039841630029 332.08206676448356 d
125.0580879673525 328.8445765602677 131.48417437023664 310.5802970451905 c
131.48417437023664 310.5802970451905 144.6544462792756 291.6851932116065 c
136.7764059528063 277.3534120883736 144.6544462792756 291.6851932116065 d
136.7764059528063 277.3534120883736 153.09436434407738 236.533335691476 c
153.09436434407738 236.533335691476 158.36108139326527 256.4052918655707 c
158.36108139326527 256.4052918655707 168.10360866976401 249.71260587595108 c
168.10360866976401 249.71260587595108 166.3042229316573 258.5825817066758 c
166.3042229316573 258.5825817066758 166.70210097546843 263.2641547607016 c
166.70210097546843 263.2641547607016 170.15967699653004 271.3441711409564 c
170.15967699653004 271.3441711409564 141.768179794285 273.7667159563657 c
141.768179794285 273.7667159563657 136.7764059528063 277.3534120883736 c
144.6544462792756 291.6851932116065 150.7407276988157 305.639998424297 c
150.7407276988157 305.639998424297 161.58657167173152 314.8803383008138 c
161.58657167173152 314.8803383008138 148.62009636423483 327.7189934134527 c
148.62009636423483 327.7189934134527 140.3426835052785 342.0330858313945 c
140.3426835052785 342.0330858313945 132.57242054584412 324.50746705712874 c
132.57242054584412 324.50746705712874 125.0580879673525 328.8445765602677 c
111.7039841630029 332.08206676448356 105.61161219189007 319.5997718188626 c
105.61161219189007 319.5997718188626 105.10858926315274 328.44071595528203 c
105.10858926315274 328.44071595528203 97.96008852174789 322.88159400610766 c
97.96008852174789 322.88159400610766 96.07364327695906 324.97534938460603 c
96.07364327695906 324.97534938460603 92.19763426351949 332.84422280378107 c
92.19763426351949 332.84422280378107 81.88459609988442 291.6851932116065 c
75.4692440075764 279.6851932116065 66.7913235147894 268.48457095254224 c
66.7913235147894 268.48457095254224 59.54283573062617 270.3600240416703 c
45.542835730626166 262.6532392001609 24.44709169452107 270.86393911667597 c
24.44709169452107 270.86393911667597 20.444888300176153 271.61290454409357 c
20.444888300176153 271.61290454409357 19.67450827517031 266.1571953622393 c
19.67450827517031 266.1571953622393 0.0 236.91232126848752 c
0.0 236.91232126848752 8.17758392237772 238.25329537713435 c
8.17758392237772 238.25329537713435 27.227682898951116 236.533335691476 c
20.228674613284113 222.533335691476 0.0 190.5991135632884 c
0.0 190.5991135632884 14.519666735007366 172.84747849712642 c
14.519666735007366 172.84747849712642 19.323276506097958 167.38060260078777 c
19.323276506097958 167.38060260078777 25.695510036579012 181.38981179072277 c
25.695510036579012 181.38981179072277 34.22820411458052 180.6474288023626 c
34.22820411458052 180.6474288023626 34.61500390878744 205.816970723235 c
43.281827241942906 198.07041662505 52.45785774353857 189.25047875092696 c
52.45785774353857 189.25047875092696 52.39995906765521 176.19570901810988 c
52.39995906765521 176.19570901810988 75.24430476767311 167.38060260078777 c
75.82859144979558 153.17817469940212 73.82635669008184 138.81163011923923 c
73.82635669008184 138.81163011923923 70.31104277848381 132.18495254117556 c
70.31104277848381 132.18495254117556 52.17384648918354 128.38561012514455 c
37.17384648918354 140.71108241974292 52.17384648918354 128.38561012514455 d
37.17384648918354 140.71108241974292 10.504056823333409 129.18727407503076 c
10.504056823333409 129.18727407503076 0.0 136.83969570900328 c
0.0 136.83969570900328 11.228935276985018 112.19479335321762 c
11.228935276985018 112.19479335321762 11.712265652138317 109.90718406631228 c
11.712265652138317 109.90718406631228 10.823679200525575 103.17058485081756 c
10.823679200525575 103.17058485081756 19.532032862957685 93.17058485081756 d
19.532032862957685 93.17058485081756 0.01812376938897131 86.65995027016181 c
0.01812376938897131 86.65995027016181 0.0 57.97546006494672 c
0.0 57.97546006494672 38.86726975749002 47.887169225863616 c
38.86726975749002 47.887169225863616 28.50738001996832 65.94506523412898 c
28.50738001996832 65.94506523412898 31.910122042073787 69.09331634102728 c
31.910122042073787 69.09331634102728 18.990553295534305 75.50956054131339 c
18.990553295534305 75.50956054131339 22.266440067800755 90.60486622723646 c
22.266440067800755 90.60486622723646 19.532032862957685 93.17058485081756 c
10.823679200525575 103.17058485081756 29.88507487590148 108.48959815131478 c
29.88507487590148 108.48959815131478 34.293037834019295 108.94782890879732 c
34.293037834019295 108.94782890879732 37.17384648918354 140.71108241974292 c
52.17384648918354 128.38561012514455 68.2342669789422 104.25640334512454 c
68.2342669789422 104.25640334512454 97.13981994969357 103.17058485081756 c
97.13981994969357 103.17058485081756 97.48698399665918 118.7815916895194 c
108.85736749875726 120.0468629853292 128.94612213197288 103.17058485081756 c
133.907301328113 89.4078153890427 131.61189894708804 85.9292974606523 c
131.61189894708804 85.9292974606523 128.9022005173411 89.61023613762106 c
128.9022005173411 89.61023613762106 111.04625435671616 75.85861740912084 c
111.04625435671616 75.85861740912084 96.97816038037026 80.00272137358915 c
96.97816038037026 80.00272137358915 95.77553434042329 62.17246609813762 c
85.77553434042329 47.887169225863616 95.77553434042329 62.17246609813762 d
85.77553434042329 47.887169225863616 79.05984310343266 75.05272780312515 c
79.05984310343266 75.05272780312515 68.38787006072533 83.07054739950087 c
68.38787006072533 83.07054739950087 68.5111836627737 84.06509216939553 c
68.5111836627737 84.06509216939553 55.32773751903322 81.88583920994124 c
55.32773751903322 81.88583920994124 52.867269757490014 83.58110040334151 c
52.867269757490014 83.58110040334151 62.53895192850739 49.33575354740685 c
62.53895192850739 49.33575354740685 75.76592825575217 54.020431835554426 c
75.76592825575217 54.020431835554426 85.77553434042329 47.887169225863616 c
95.77553434042329 62.17246609813762 135.54090325292518 47.887169225863616 c
131.76115940968768 42.887169225863616 123.19746483976098 26.57124517713797 c
123.19746483976098 26.57124517713797 111.87092081021711 14.035198860443217 c
111.87092081021711 14.035198860443217 107.8350323316203 11.221976874077942 c
101.83503233162033 13.646637121607966 97.63455805449564 20.558367434243802 c
97.63455805449564 20.558367434243802 96.68178197580853 20.83996390555147 c
96.68178197580853 20.83996390555147 74.45163801999236 21.711953753465522 c
74.45163801999236 21.711953753465522 73.83677097523342 16.862517373228613 c
73.83677097523342 16.862517373228613 59.44767162134889 19.87085044958907 c
50.44767162134888 17.414883180430813 43.147888835802846 27.998740659040536 c
43.147888835802846 27.998740659040536 25.07895001827704 32.060667912763485 c
25.07895001827704 32.060667912763485 11.740757149037668 41.14717257695054 c
11.740757149037668 41.14717257695054 0.0 0.34784930347066023 c
0.0 0.34784930347066023 0.0 0.0 d
