Processando arquivo: art_9_irregular_pack.txt

Tempo de Inicio (hh:mm:ss.ms) 2026-04-27 10:01:29.497689
Tempo de Termino (hh:mm:ss.ms) 2026-04-27 10:01:29.834974
Tempo Total (hh:mm:ss.ms) 0:00:00.337285

Função Objetivo: 120.01985371624568

0.0 0.0 10.346193749159124 13.374737891208646 d
7.502509249731613 15.574505171275984 27.635993070099822 0.0 c
27.635993070099822 0.0 31.505815358689198 5.926367481026446 c
31.505815358689198 5.926367481026446 37.7948804403146 12.19325212197598 c
37.7948804403146 12.19325212197598 53.71940141668594 20.987459458056353 c
53.71940141668594 20.987459458056353 53.71940141668594 12.920641071098544 d
53.71940141668594 12.920641071098544 60.536668667782926 5.818177230250512 c
60.536668667782926 5.818177230250512 67.74005196918813 0.0 c
67.74005196918813 0.0 84.58462047060047 20.103815216166236 c
84.58462047060047 27.095149207326642 84.58462047060047 20.103815216166236 d
84.58462047060047 27.095149207326642 85.00617338369308 6.54258782529317 c
85.00617338369308 6.54258782529317 86.20069663143116 0.0 c
86.20069663143116 0.0 134.7632230867467 24.227470313832768 c
141.81488985437005 26.583413046479983 134.7632230867467 24.227470313832768 d
141.81488985437005 26.583413046479983 134.76322308674668 14.614100295801084 c
134.76322308674668 14.614100295801084 148.51785824687667 4.7875996700525185 c
148.51785824687667 4.7875996700525185 172.9813539098189 0.0 c
172.9813539098189 0.0 172.58987936765257 12.540325736999634 c
172.58987936765257 12.540325736999634 167.69677348321824 15.624167347667372 c
167.69677348321824 15.624167347667372 167.06959005656796 18.589994095822693 c
167.06959005656796 18.589994095822693 167.50504479207436 29.83127964439641 c
167.50504479207436 29.83127964439641 141.81488985437005 26.583413046479983 c
134.7632230867467 24.227470313832768 125.07110356723466 23.62632240336748 c
125.07110356723466 23.62632240336748 111.68067378592318 31.629315160553574 c
111.68067378592318 31.629315160553574 91.20354927260276 29.811894012262723 c
91.20354927260276 29.811894012262723 88.93243905941416 29.075371933425373 c
88.93243905941416 29.075371933425373 84.58462047060047 27.095149207326642 c
84.58462047060047 20.103815216166236 74.13727975103312 27.92996829630157 c
74.13727975103312 27.92996829630157 61.76859377756746 38.066926433128664 c
61.76859377756746 38.066926433128664 63.48109174631553 44.61528036879247 c
63.48109174631553 44.61528036879247 57.51729456083778 47.3595512873608 c
57.51729456083778 47.3595512873608 53.71940141668594 12.920641071098544 c
53.71940141668594 20.987459458056353 32.5340705194356 43.564033886427374 c
32.5340705194356 43.564033886427374 31.829236738862946 48.473749140148136 d
31.829236738862946 48.473749140148136 43.22763736560534 47.3595512873608 c
44.306588951764155 47.3595512873608 43.22763736560534 47.3595512873608 d
44.306588951764155 47.3595512873608 80.14719025590074 59.20874448655663 c
80.14719025590074 59.20874448655663 80.45185590106031 62.66750122286811 c
81.51433467203627 66.92889916462171 80.45185590106031 62.66750122286811 d
81.51433467203627 66.92889916462171 80.45185590106031 52.67153354244392 c
80.45185590106031 52.67153354244392 99.34417887853871 47.3595512873608 c
99.34417887853871 47.3595512873608 131.92091048830045 59.248017219554825 c
133.3585929843795 63.88200300842771 131.92091048830045 59.248017219554825 d
133.3585929843795 63.88200300842771 147.2194253115766 47.3595512873608 c
147.2194253115766 47.3595512873608 154.761460894098 58.666458105326036 c
154.761460894098 58.666458105326036 161.15949249717693 64.14468942626178 c
161.15949249717693 64.14468942626178 170.0552587782416 80.28366415911191 c
170.0552587782416 80.28366415911191 150.73549049293527 75.01286497416491 c
150.73549049293527 75.01286497416491 145.90091230389433 81.2041956044512 c
145.90091230389433 81.2041956044512 131.92091048830045 88.90080372803223 c
131.92091048830045 88.90080372803223 133.3585929843795 63.88200300842771 c
131.92091048830045 59.248017219554825 113.96024662506184 71.53530454978991 c
113.96024662506184 71.53530454978991 117.99101299377526 82.75761091250291 c
117.99101299377526 82.75761091250291 124.19645734248894 88.90080372803223 d
124.19645734248894 88.90080372803223 151.24672818494443 94.21235927864356 c
151.24672818494443 94.21235927864356 152.00316381077516 110.08421964069534 c
152.00316381077516 116.05699054033178 152.00316381077516 110.08421964069534 d
152.00316381077516 116.05699054033178 162.84370876080652 90.463794681011 c
162.84370876080652 90.463794681011 176.30766402484016 88.90080372803223 c
176.30766402484016 88.90080372803223 194.45377925320346 104.76990147710531 c
194.45377925320346 104.76990147710531 188.94785014400904 117.39009953295304 c
188.94785014400904 117.39009953295304 170.3457881232493 128.21006782790627 c
170.3457881232493 128.21006782790627 161.3419628346727 134.12789396298427 c
161.3419628346727 134.12789396298427 163.8552361358503 126.45107781848048 c
163.8552361358503 126.45107781848048 152.00316381077516 116.05699054033178 c
152.00316381077516 110.08421964069534 151.30289702548632 110.10428885872942 c
151.30289702548632 110.10428885872942 141.60450958686104 119.806819704709 c
141.60450958686104 119.806819704709 112.79996270745784 118.52315799292805 c
112.79996270745784 118.52315799292805 113.99510544431173 107.05885553170927 c
113.99510544431173 107.05885553170927 109.29083288093737 95.52800175338545 c
109.29083288093737 95.52800175338545 109.29083288093739 100.62833059636384 d
109.29083288093739 100.62833059636384 97.91406348167253 121.00061736498651 c
97.91406348167253 121.00061736498651 84.59937696267248 118.21524079178744 c
84.59937696267248 118.21524079178744 74.37263951712453 96.33843847421088 c
74.37263951712453 96.33843847421088 86.9404659793404 92.90091024345475 c
86.9404659793404 92.90091024345475 94.14721047751694 88.90080372803223 c
94.14721047751694 88.90080372803223 102.79042635949489 96.74323673400889 c
102.79042635949489 96.74323673400889 101.7266390228848 99.58326738283716 c
101.7266390228848 99.58326738283716 109.29083288093739 100.62833059636384 c
109.29083288093737 95.52800175338545 124.19645734248894 88.90080372803223 c
117.99101299377526 82.75761091250291 109.1999287315011 85.301005118213 c
109.1999287315011 85.301005118213 86.54021609068582 82.78937958259208 c
86.54021609068582 82.78937958259208 81.51433467203627 66.92889916462171 c
80.45185590106031 62.66750122286811 75.40886410107146 73.0738479261793 c
75.40886410107146 73.0738479261793 69.80694491989377 86.47408336984134 c
69.30710090018611 88.90080372803223 69.80694491989377 86.47408336984134 d
69.30710090018611 88.90080372803223 74.37263951712453 118.78117105287944 c
74.37263951712453 118.78117105287944 61.17940945699838 136.05496078477526 c
61.17940945699838 136.05496078477526 65.6346453263622 140.62703742733288 d
65.6346453263622 140.62703742733288 73.84127480731516 152.6692300551988 c
77.81469838096217 149.46018661318695 73.84127480731516 152.6692300551988 d
77.81469838096217 149.46018661318695 90.75776508291293 157.09742038940374 c
90.75776508291293 157.09742038940374 92.57002780503107 155.0995717590837 c
92.57002780503107 155.0995717590837 95.113735807459 153.27111185183992 c
95.113735807459 153.27111185183992 96.24567071137196 140.62703742733288 c
96.24567071137196 140.62703742733288 106.43864982764518 144.86596263210765 c
106.43864982764518 144.86596263210765 110.59381695869591 163.76994964544429 c
110.59381695869591 159.7749135439676 110.59381695869591 163.76994964544429 d
110.59381695869591 159.7749135439676 114.39377054796529 150.5074658456923 c
114.39377054796529 150.5074658456923 148.78362766842542 140.62703742733288 c
148.78362766842542 140.62703742733288 150.8292908794287 141.13323425819968 c
150.8292908794287 141.13323425819968 163.4797795178124 160.71332438030302 c
163.4797795178124 160.71332438030302 149.55740970334642 163.13032058482116 c
149.55740970334642 163.13032058482116 149.73135117580674 171.03443814081274 c
149.73135117580674 171.03443814081274 139.08141976375674 168.7676840631977 c
139.08141976375674 168.7676840631977 110.59381695869591 159.7749135439676 c
110.59381695869591 163.76994964544429 89.5422442393775 189.1497612192834 c
89.5422442393775 189.1497612192834 77.81469838096217 149.46018661318695 c
73.84127480731516 152.6692300551988 75.11282211356064 160.09758271791026 c
75.11282211356064 160.09758271791026 77.81469838096217 173.1946896853922 c
77.81469838096217 173.1946896853922 61.64725385395566 180.23945551511105 c
61.64725385395566 180.23945551511105 56.51818245178862 172.46000547510226 c
56.51818245178862 172.46000547510226 47.407303127395 177.15086093155898 c
47.407303127395 177.15086093155898 60.77321438168827 152.52373103490248 c
60.77321438168827 152.52373103490248 65.6346453263622 140.62703742733288 c
61.17940945699838 136.05496078477526 58.307971248981545 128.24512275911846 c
58.307971248981545 128.24512275911846 50.665728828077164 121.3156081991383 d
50.665728828077164 121.3156081991383 26.75682973779776 134.13112535975773 c
26.35632306036784 140.62703742733288 26.75682973779776 134.13112535975773 d
26.35632306036784 140.62703742733288 27.99569002307609 147.5893809747106 c
27.99569002307609 147.5893809747106 47.40730312739499 167.86790253091564 c
47.40730312739499 167.86790253091564 13.980694695853082 173.7247809855533 c
13.980694695853082 173.7247809855533 2.86045786467583 169.362712864205 c
2.86045786467583 169.362712864205 0.0 152.7917855732064 c
0.0 152.7917855732064 19.719836387631435 148.8772232748245 c
19.719836387631435 148.8772232748245 23.551070771432304 140.81319961637294 c
23.551070771432304 140.81319961637294 26.35632306036784 140.62703742733288 c
26.75682973779776 134.13112535975773 15.210378062994257 140.6270374273329 c
15.210378062994257 140.6270374273329 0.0 122.62656901930207 c
0.0 122.62656901930207 1.1524559299352077 118.76132499590675 c
1.1524559299352077 118.76132499590675 11.113024262024286 96.48375400960194 c
11.113024262024286 96.48375400960194 22.188205232441835 104.66759908861577 c
22.188205232441835 104.66759908861577 21.904430289713744 88.90080372803223 c
21.904430289713744 88.90080372803223 50.665728828077164 121.3156081991383 c
58.307971248981545 128.24512275911846 52.04733225798802 107.61125759464589 c
52.04733225798802 107.61125759464589 50.665728828077164 102.16100794006299 c
50.665728828077164 102.16100794006299 61.31188460486865 92.89421251469318 c
61.31188460486865 92.89421251469318 67.38085214025514 93.42242328321817 c
67.38085214025514 93.42242328321817 69.30710090018611 88.90080372803223 c
69.80694491989377 86.47408336984134 50.20239798298989 73.36693183621657 c
50.20239798298989 73.36693183621657 43.22763736560533 69.54058331422013 c
43.22763736560533 69.54058331422013 50.96692750092206 64.25818883180278 c
50.96692750092206 64.25818883180278 44.306588951764155 47.3595512873608 c
43.22763736560534 47.3595512873608 16.882210971404533 78.68448216954803 c
16.882210971404533 78.68448216954803 15.760813534214318 65.66425075493076 c
15.760813534214318 65.66425075493076 8.420362734651842 75.20668502661196 c
8.420362734651842 75.20668502661196 0.4451227294146385 72.60683007886055 c
0.4451227294146385 72.60683007886055 0.30691135746761233 59.338745839670544 c
0.30691135746761233 59.338745839670544 0.0 50.78140106450712 c
0.0 50.78140106450712 31.829236738862946 48.473749140148136 c
32.5340705194356 43.564033886427374 27.358290380988795 33.55345188529453 c
27.358290380988795 33.55345188529453 0.0 19.342158377774314 c
0.0 19.342158377774314 7.502509249731613 15.574505171275984 c
10.346193749159124 13.374737891208646 0.0 0.0 d
