Processando arquivo: art_18_regular_pack.txt

Tempo de Inicio (hh:mm:ss.ms) 2026-04-27 10:02:14.920987
Tempo de Termino (hh:mm:ss.ms) 2026-04-27 10:02:15.006976
Tempo Total (hh:mm:ss.ms) 0:00:00.085989

Função Objetivo: 66.73117216422696

0.0 0.0 26.9721958007695 15.572404506209557 c
26.9721958007695 15.572404506209557 26.972195800769505 18.883187236543673 d
26.972195800769505 18.883187236543673 45.855383037313175 0.0 c
45.855383037313175 0.0 64.73857027385685 18.883187236543666 c
64.73857027385685 18.883187236543666 64.73857027385684 0.0 c
64.73857027385684 0.0 107.53187472228353 24.70672584281274 c
107.53187472228353 24.70672584281274 64.73857027385687 49.41345168562549 c
64.73857027385687 49.41345168562549 70.52051380304938 55.45784797853924 d
70.52051380304938 55.45784797853924 78.0999470194787 49.41345168562549 c
78.0999470194787 49.41345168562549 87.55134564810476 51.570671746469394 c
87.55134564810476 51.570671746469394 91.75761374817534 60.30507745598565 c
91.75761374817534 60.30507745598565 91.75761374817534 54.64420908871123 c
91.75761374817534 54.64420908871123 107.8562296946099 49.41345168562549 c
107.8562296946099 49.41345168562549 117.8057215213375 63.10775235380908 c
117.8057215213375 63.10775235380908 107.8562296946099 76.80205302199268 c
107.8562296946099 76.80205302199268 91.75761374817534 71.57129561890694 c
91.75761374817534 71.57129561890694 91.75761374817534 60.30507745598565 c
91.75761374817534 60.30507745598565 87.55134564810476 69.0394831655019 c
87.55134564810476 69.0394831655019 78.0999470194787 71.19670322634582 c
78.0999470194787 71.19670322634582 70.52051380304938 65.15230693343207 c
70.52051380304938 65.15230693343207 70.52051380304938 63.24978245581416 c
70.52051380304938 63.24978245581416 46.555285918753974 77.08611322600284 c
46.55528591875397 69.57248182866994 46.555285918753974 77.08611322600284 d
46.55528591875397 69.57248182866994 34.91646443906548 89.73151197171438 c
34.91646443906548 89.73151197171438 11.638821479688495 89.73151197171438 c
11.638821479688495 89.73151197171438 0.0 89.73151197171438 d
0.0 89.73151197171438 30.36084792323848 107.2603556930214 c
30.36084792323848 107.2603556930214 30.36084792323848 109.3097245790513 d
30.36084792323848 109.3097245790513 49.939060530575404 89.73151197171438 c
49.939060530575404 89.73151197171438 69.51727313791234 109.3097245790513 c
69.51727313791234 109.0605964812052 69.51727313791234 109.3097245790513 d
69.51727313791234 109.0605964812052 80.67692528265587 89.73151197171438 c
80.67692528265587 89.73151197171438 102.99622957214298 89.73151197171438 c
102.99622957214298 89.73151197171438 114.15588171688653 109.0605964812052 c
114.15588171688653 109.0605964812052 102.99622957214298 128.389680990696 c
102.99622957214298 128.389680990696 80.67692528265589 128.389680990696 c
80.67692528265589 128.389680990696 69.51727313791234 109.0605964812052 c
69.51727313791234 109.3097245790513 49.93906053057541 128.88793718638823 c
53.563519099416695 128.88793718638823 49.93906053057541 128.88793718638823 d
53.563519099416695 128.88793718638823 69.47873847630159 128.88793718638823 c
69.47873847630159 128.88793718638823 77.43634816474403 142.6709214735729 c
77.43634816474403 142.6709214735729 69.47873847630159 156.45390576075755 c
69.47873847630159 156.45390576075755 53.56351909941671 156.45390576075755 c
53.56351909941671 156.45390576075755 45.60590941097426 142.6709214735729 c
45.60590941097426 151.69089189187537 45.60590941097426 142.6709214735729 d
45.60590941097426 151.69089189187537 22.80295470548713 174.4938465973625 c
22.80295470548713 174.4938465973625 0.0 151.69089189187537 c
0.0 151.69089189187537 22.802954705487128 128.88793718638823 c
22.802954705487128 128.88793718638823 45.60590941097426 151.69089189187537 c
45.60590941097426 142.6709214735729 53.563519099416695 128.88793718638823 c
49.93906053057541 128.88793718638823 30.36084792323848 109.3097245790513 c
30.36084792323848 107.2603556930214 1.2434497875801753e-14 124.78919941432842 c
1.2434497875801753e-14 124.78919941432842 0.0 89.73151197171438 c
11.638821479688495 89.73151197171438 0.0 69.57248182866994 c
0.0 69.57248182866994 11.638821479688481 49.413451685625496 c
11.638821479688481 49.413451685625496 34.91646443906548 49.41345168562549 c
34.91646443906548 49.41345168562549 46.55528591875397 69.57248182866994 c
46.555285918753974 77.08611322600284 46.55528591875397 49.41345168562549 c
46.55528591875397 49.41345168562549 70.52051380304938 63.24978245581416 c
70.52051380304938 63.24978245581416 70.52051380304938 55.45784797853924 c
64.73857027385687 49.41345168562549 64.73857027385685 18.883187236543673 c
64.73857027385685 18.883187236543673 64.73857027385685 18.883187236543666 c
64.73857027385685 18.883187236543666 64.73857027385685 18.88318723654367 c
64.73857027385685 18.88318723654367 64.73857027385685 18.883187236543673 c
64.73857027385685 18.883187236543673 45.855383037313175 37.76637447308734 c
45.855383037313175 37.76637447308734 26.972195800769505 18.883187236543673 c
26.9721958007695 15.572404506209557 1.0658141036401503e-14 31.144809012419117 c
1.0658141036401503e-14 31.144809012419117 0.0 0.0 c
