Processando arquivo: art_4_regular_sep.txt

Tempo de Inicio (hh:mm:ss.ms) 2026-04-27 10:07:40.491797
Tempo de Termino (hh:mm:ss.ms) 2026-04-27 10:07:41.445323
Tempo Total (hh:mm:ss.ms) 0:00:00.953526

Função Objetivo: 249.71975614593978

0.0 0.0 3.9425451929083892 2.2762295284179217 d
5.256726923877849 1.7763568394002505e-15 15.770180771633562 0.0 c
15.770180771633562 0.0 21.026907695511415 9.104918113671696 c
21.026907695511415 9.104918113671696 15.770180771633562 18.20983622734339 c
15.770180771633562 18.20983622734339 29.02690769551142 29.17537995197551 d
29.02690769551142 29.17537995197551 37.57217863975099 8.54527094423958 c
37.57217863975099 8.54527094423958 58.20228764748692 0.0 c
58.20228764748692 0.0 78.83239665522285 8.545270944239572 c
78.83239665522285 8.545270944239572 87.37766759946243 29.175379951975508 c
87.37766759946243 29.175379951975508 101.37766759946244 23.659837734984936 d
101.37766759946244 23.659837734984936 115.03768128473885 3.552713678800501e-15 c
115.03768128473885 3.552713678800501e-15 142.3577086552917 0.0 c
142.3577086552917 0.0 156.01772234056813 23.659837734984933 c
167.0177223405681 16.304264811641737 156.01772234056813 23.659837734984933 d
167.0177223405681 16.304264811641737 183.32198715220983 0.0 c
183.32198715220983 0.0 199.62625196385156 16.304264811641733 c
199.62625196385156 16.304264811641733 183.32198715220983 32.60852962328347 c
183.32198715220983 32.60852962328347 167.0177223405681 16.304264811641737 c
156.01772234056813 23.659837734984933 142.3577086552917 47.319675469969866 c
142.3577086552917 47.319675469969866 115.03768128473887 47.319675469969866 c
115.03768128473887 47.319675469969866 101.37766759946244 23.659837734984936 c
87.37766759946243 29.175379951975508 78.83239665522285 49.80548895971144 c
78.83239665522285 49.80548895971144 58.202287647486926 58.350759903951015 c
58.202287647486926 58.350759903951015 47.69014953866915 65.350759903951 d
47.69014953866915 65.350759903951 83.44499613470317 85.99383021100502 c
91.44499613470316 81.17371698891822 83.44499613470317 85.99383021100502 d
91.44499613470316 81.17371698891822 100.58038466708486 65.35075990395102 c
100.58038466708486 65.35075990395102 118.8511617318483 65.35075990395102 c
118.8511617318483 65.35075990395102 127.98655026423 81.17371698891822 c
127.98655026423 81.17371698891822 140.98655026423 65.35075990395102 d
140.98655026423 65.35075990395102 179.30831512610928 87.47584116277854 c
189.30831512610928 81.44762891721389 179.30831512610928 87.47584116277854 d
189.30831512610928 81.44762891721389 189.30831512610928 71.53264885707827 c
189.30831512610928 71.53264885707827 197.06015868516607 65.35075990395102 c
197.06015868516607 65.35075990395102 206.7265494945185 67.55705052709062 c
206.7265494945185 67.55705052709062 211.0284981162862 76.49013888714607 c
211.0284981162862 76.49013888714607 206.7265494945185 85.42322724720152 c
206.7265494945185 85.42322724720152 197.06015868516607 87.62951787034113 c
197.06015868516607 87.62951787034113 189.30831512610928 81.44762891721389 c
179.30831512610928 87.47584116277854 140.98655026423 109.60092242160607 c
140.98655026423 109.60092242160607 158.60756096947887 127.64509855974299 d
158.60756096947887 127.64509855974299 169.05707579431166 131.97342932040746 c
169.05707579431166 131.97342932040746 173.38540655497613 142.42294414524025 c
188.38540655497613 140.9742726110096 173.38540655497613 142.42294414524025 d
188.38540655497613 140.9742726110096 192.28943124697636 131.54912325174323 c
192.28943124697636 131.54912325174323 201.71458060624275 127.645098559743 c
201.71458060624275 127.645098559743 211.13972996550913 131.54912325174323 c
211.13972996550913 131.54912325174323 215.04375465750937 140.9742726110096 c
215.04375465750937 140.9742726110096 211.13972996550913 150.399421970276 c
211.13972996550913 150.399421970276 201.71458060624275 154.30344666227623 c
201.71458060624275 154.30344666227623 192.28943124697636 150.399421970276 c
192.28943124697636 150.399421970276 188.38540655497613 140.9742726110096 c
173.38540655497613 142.42294414524025 169.05707579431166 152.87245897007304 c
169.05707579431166 152.87245897007304 158.60756096947887 157.2007897307375 c
158.60756096947887 157.2007897307375 148.15804614464608 152.87245897007304 c
148.15804614464608 152.87245897007304 143.8297153839816 142.42294414524025 c
143.8297153839816 142.42294414524025 134.8297153839816 138.86430181230793 d
134.8297153839816 138.86430181230793 126.67848709065711 150.08350506487284 c
126.67848709065711 150.08350506487284 113.48952266199831 145.79815074908643 c
113.48952266199831 145.79815074908643 113.48952266199831 131.93045287552945 c
113.48952266199831 131.93045287552945 126.67848709065711 127.64509855974302 c
126.67848709065711 127.64509855974302 134.8297153839816 138.86430181230793 c
143.8297153839816 142.42294414524025 148.15804614464608 131.97342932040746 c
148.15804614464608 131.97342932040746 158.60756096947887 127.64509855974299 c
140.98655026423 109.60092242160607 140.98655026423 65.35075990395102 c
127.98655026423 81.17371698891822 118.8511617318483 96.99667407388542 c
118.8511617318483 96.99667407388542 100.58038466708487 96.99667407388542 c
100.58038466708487 96.99667407388542 91.44499613470316 81.17371698891822 c
83.44499613470317 85.99383021100502 47.69014953866916 106.63690051805904 c
47.69014953866916 106.63690051805904 42.69014953866914 89.99792923184701 d
42.69014953866914 89.99792923184701 1.7763568394002505e-14 114.64509855974302 c
1.7763568394002505e-14 114.64509855974302 11.298749374904922 127.645098559743 d
11.298749374904922 127.645098559743 33.8962481247148 127.64509855974299 c
33.8962481247148 127.64509855974299 45.19499749961973 147.21510653906543 c
56.194997499619724 148.7923611409323 45.19499749961973 147.21510653906543 d
56.194997499619724 148.7923611409323 62.38888730611753 133.8389883662408 c
62.38888730611753 133.8389883662408 77.34226008080901 127.64509855974299 c
77.34226008080901 127.64509855974299 92.29563285550049 133.8389883662408 c
92.29563285550049 133.8389883662408 98.48952266199831 148.7923611409323 c
98.48952266199831 148.7923611409323 92.29563285550049 163.74573391562376 c
92.29563285550049 163.74573391562376 77.34226008080901 169.93962372212158 c
77.34226008080901 169.93962372212158 62.38888730611754 163.74573391562376 c
62.38888730611754 163.74573391562376 56.194997499619724 148.7923611409323 c
45.19499749961973 147.21510653906543 33.8962481247148 166.78511451838787 c
33.8962481247148 166.78511451838787 14.83208627368091 184.93962372212158 d
14.83208627368091 184.93962372212158 33.32739533753882 189.16105732277614 c
33.32739533753882 189.16105732277614 41.55858223093952 206.25329302610848 c
53.55858223093953 211.54338864176165 41.55858223093952 206.25329302610848 d
53.55858223093953 211.54338864176165 53.55858223093952 184.93962372212158 c
53.55858223093952 184.93962372212158 76.5981184876571 198.24150618194162 c
76.5981184876571 198.24150618194162 53.55858223093953 211.54338864176165 c
41.55858223093952 206.25329302610848 33.327395337538825 223.34552872944082 c
33.327395337538825 223.34552872944082 14.832086273680915 227.56696233009538 c
14.832086273680915 227.56696233009538 18.92421736703157 237.56696233009535 d
18.92421736703157 237.56696233009535 30.62002691034813 253.66486313079048 c
37.62002691034813 249.148036736141 30.62002691034813 253.66486313079048 d
37.62002691034813 249.148036736141 41.01204507045293 240.95898049020016 c
41.01204507045293 240.95898049020016 49.20110131639377 237.56696233009535 c
49.20110131639377 237.56696233009535 57.39015756233461 240.95898049020016 c
57.39015756233461 240.95898049020016 60.782175722439405 249.148036736141 c
60.782175722439405 249.148036736141 57.39015756233461 257.33709298208186 c
57.39015756233461 257.33709298208186 74.7821757224394 263.7221723326721 d
74.7821757224394 263.7221723326721 82.44285936883591 245.22764597649186 c
82.44285936883591 245.22764597649186 100.93738572501614 237.56696233009535 c
100.93738572501614 237.56696233009535 119.43191208119637 245.22764597649183 c
119.43191208119637 245.22764597649183 127.09259572759288 263.7221723326721 c
127.09259572759288 263.7221723326721 119.43191208119637 282.2166986888523 c
119.43191208119637 282.2166986888523 100.93738572501614 289.8773823352488 c
98.10297439797627 299.6434307806582 100.93738572501614 289.8773823352488 d
98.10297439797627 299.6434307806582 109.79374324825403 319.8924364088829 c
123.79374324825403 321.6889776500562 109.79374324825403 319.8924364088829 d
123.79374324825403 321.6889776500562 145.839290117652 299.6434307806582 c
145.839290117652 299.6434307806582 167.88483698705 321.6889776500562 c
167.88483698705 321.6889776500562 145.839290117652 343.73452451945417 c
145.839290117652 343.73452451945417 123.79374324825403 321.6889776500562 c
109.79374324825403 319.8924364088829 98.10297439797627 340.14144203710754 c
98.10297439797627 340.14144203710754 74.72143669742074 340.14144203710754 c
74.72143669742074 340.14144203710754 63.03066784714297 319.8924364088829 c
52.03066784714298 325.6587647042297 63.03066784714297 319.8924364088829 d
52.03066784714298 325.6587647042297 44.410952955761324 344.05438373641954 c
44.410952955761324 344.05438373641954 26.01533392357149 351.6740986278012 c
26.01533392357149 351.6740986278012 7.619714891381658 344.05438373641954 c
7.619714891381658 344.05438373641954 0.0 359.6740986278012 d
0.0 359.6740986278012 34.39837384787879 379.53400902855935 c
34.39837384787879 379.53400902855935 44.39837384787879 368.3809940463454 d
44.39837384787879 368.3809940463454 49.42530226158121 359.6740986278012 c
49.42530226158121 359.6740986278012 59.47915908898607 359.6740986278012 c
59.47915908898607 359.6740986278012 64.5060875026885 368.3809940463454 c
75.5060875026885 375.41053813554663 64.5060875026885 368.3809940463454 d
75.5060875026885 375.41053813554663 75.5060875026885 363.38896807544245 c
75.5060875026885 363.38896807544245 86.9392800444493 359.6740986278012 c
86.9392800444493 359.6740986278012 94.00538163517929 369.39975310549454 c
94.00538163517929 369.39975310549454 86.9392800444493 379.1254075831879 c
101.0053816351793 387.5193130586213 86.9392800444493 379.1254075831879 d
101.0053816351793 387.5193130586213 128.85059606599944 359.6740986278012 c
128.85059606599944 359.6740986278012 156.69581049681958 387.5193130586213 c
164.6958104968196 401.8261354106146 156.69581049681958 387.5193130586213 d
164.6958104968196 401.8261354106146 164.69581049681958 359.6740986278012 c
164.69581049681958 359.6740986278012 175.88483698705002 348.89691093599964 d
175.88483698705002 348.89691093599964 175.88483698705 299.6434307806582 c
175.88483698705 299.6434307806582 168.29016112660048 290.6434307806582 d
168.29016112660048 290.6434307806582 137.09259572759288 280.5067273080064 c
137.09259572759288 280.5067273080064 137.09259572759288 247.7036658027471 c
137.09259572759288 247.7036658027471 168.29016112660045 237.56696233009535 c
168.29016112660045 237.56696233009535 187.57131690943484 264.1051965553768 c
193.5713169094348 250.74045637260843 187.57131690943484 264.1051965553768 d
193.5713169094348 250.74045637260843 201.17703724104766 237.56696233009535 c
216.04146569762713 223.3198321770525 201.17703724104766 237.56696233009535 d
216.04146569762713 223.3198321770525 193.48214518790786 215.98986460981374 c
193.48214518790786 215.98986460981374 193.48214518790786 192.26959128936036 c
193.48214518790786 192.26959128936036 186.4821451879079 203.2706863182319 d
186.4821451879079 203.2706863182319 154.73181341471937 221.6017489143422 c
154.73181341471937 221.6017489143422 154.73181341471934 184.93962372212158 c
154.73181341471934 184.93962372212158 149.73181341471934 195.1547202091843 d
149.73181341471934 195.1547202091843 142.3101113891901 205.369816696247 c
142.3101113891901 205.369816696247 130.3015452575099 201.4679970365487 c
117.3015452575099 196.9355593994088 130.3015452575099 201.4679970365487 d
117.3015452575099 196.9355593994088 110.3756885650467 208.931495076696 c
110.3756885650467 208.931495076696 96.5239751801203 208.931495076696 c
96.5239751801203 208.931495076696 89.5981184876571 196.9355593994088 c
89.5981184876571 196.9355593994088 96.5239751801203 184.93962372212158 c
96.5239751801203 184.93962372212158 110.3756885650467 184.93962372212158 c
110.3756885650467 184.93962372212158 117.3015452575099 196.9355593994088 c
130.3015452575099 201.4679970365487 130.3015452575099 188.8414433818199 c
130.3015452575099 188.8414433818199 142.3101113891901 184.93962372212158 c
142.3101113891901 184.93962372212158 149.73181341471934 195.1547202091843 c
154.73181341471934 184.93962372212158 186.4821451879079 203.2706863182319 c
193.48214518790786 192.26959128936036 216.04146569762713 184.9396237221216 c
216.04146569762713 184.9396237221216 229.98389253573626 204.12972794958705 c
229.98389253573626 204.12972794958705 216.04146569762713 223.3198321770525 c
201.17703724104766 237.56696233009535 216.3884779042734 237.56696233009535 c
216.3884779042734 237.56696233009535 223.99419823588624 250.74045637260843 c
223.99419823588624 250.74045637260843 216.3884779042734 263.9139504151215 c
216.3884779042734 263.9139504151215 201.17703724104766 263.9139504151215 c
201.17703724104766 263.9139504151215 193.5713169094348 250.74045637260843 c
187.57131690943484 264.1051965553768 168.29016112660048 290.6434307806582 c
175.88483698705 299.6434307806582 218.53960202636844 324.2701708583289 c
218.53960202636844 324.2701708583289 175.88483698705002 348.89691093599964 c
164.69581049681958 359.6740986278012 201.2005451719921 380.7501170192079 c
201.2005451719921 380.7501170192079 164.6958104968196 401.8261354106146 c
156.69581049681958 387.5193130586213 128.85059606599944 415.36452748944146 c
128.85059606599944 415.36452748944146 107.57884676206116 423.36452748944146 d
107.57884676206116 423.36452748944146 152.41267760171138 449.24935179351564 c
95.57884676206115 441.3705161832995 107.57884676206116 423.36452748944146 d
95.57884676206115 441.3705161832995 64.39155950378822 459.3765048771576 c
64.39155950378822 459.3765048771576 50.39155950378821 449.8569381087855 d
50.39155950378821 449.8569381087855 31.143696519453897 476.3493487281296 c
20.91863396012951 481.3493487281296 31.143696519453897 476.3493487281296 d
20.91863396012951 481.3493487281296 35.710341886496295 487.47627476189234 c
35.710341886496295 487.47627476189234 41.83726792025903 502.2679826882591 c
54.83726792025902 492.97804680954425 41.83726792025903 502.2679826882591 d
54.83726792025902 492.97804680954425 66.4659660016737 481.3493487281296 c
66.4659660016737 481.3493487281296 78.09466408308839 492.97804680954425 c
78.09466408308839 492.97804680954425 66.4659660016737 504.6067448909589 c
66.4659660016737 504.6067448909589 54.83726792025902 492.97804680954425 c
41.83726792025903 502.2679826882591 35.7103418864963 517.0596906146259 c
35.7103418864963 517.0596906146259 20.918633960129515 523.1866166483886 c
20.918633960129515 523.1866166483886 6.126926033762734 517.0596906146259 c
6.126926033762734 517.0596906146259 0.0 502.2679826882591 c
0.0 502.2679826882591 6.126926033762729 487.47627476189234 c
6.126926033762729 487.47627476189234 20.91863396012951 481.3493487281296 c
31.143696519453897 476.3493487281296 0.0 466.2301483154588 c
0.0 466.2301483154588 0.0 433.48372790211226 c
0.0 433.48372790211226 31.143696519453894 423.36452748944146 c
31.143696519453894 423.36452748944146 50.39155950378821 449.8569381087855 c
64.39155950378822 459.3765048771576 64.39155950378822 423.36452748944146 c
64.39155950378822 423.36452748944146 95.57884676206115 441.3705161832995 c
161.41267760171138 445.44866721249196 152.41267760171138 449.24935179351564 d
161.41267760171138 445.44866721249196 183.49681732476188 423.36452748944146 c
183.49681732476188 423.36452748944146 205.58095704781238 445.44866721249196 c
205.58095704781238 445.44866721249196 183.49681732476188 467.53280693554245 c
183.49681732476188 467.53280693554245 161.41267760171138 445.44866721249196 c
152.41267760171138 449.24935179351564 107.57884676206118 475.13417609758983 c
107.57884676206118 475.13417609758983 107.07506559523402 483.37351542979013 d
107.07506559523402 483.37351542979013 111.02189882794977 491.5691990862271 c
111.02189882794977 491.5691990862271 107.07506559523402 499.7648827426641 c
107.07506559523402 499.7648827426641 98.20661182204748 501.78904944432463 c
98.20661182204748 501.78904944432463 91.09466408308839 496.1174603793824 c
91.09466408308839 496.1174603793824 91.09466408308839 487.0209377930718 c
91.09466408308839 487.0209377930718 98.20661182204748 481.3493487281296 c
98.20661182204748 481.3493487281296 107.07506559523402 483.37351542979013 c
107.57884676206118 475.13417609758983 107.57884676206116 423.36452748944146 c
128.85059606599944 415.36452748944146 101.0053816351793 387.5193130586213 c
86.9392800444493 379.1254075831879 75.5060875026885 375.41053813554663 c
64.5060875026885 368.3809940463454 59.47915908898607 377.0878894648896 c
59.47915908898607 377.0878894648896 49.425302261581216 377.0878894648896 c
49.425302261581216 377.0878894648896 44.39837384787879 368.3809940463454 c
34.39837384787879 379.53400902855935 1.4210854715202004e-14 399.3939194293176 c
1.4210854715202004e-14 399.3939194293176 0.0 359.6740986278012 c
7.619714891381658 344.05438373641954 0.0 325.6587647042297 c
0.0 325.6587647042297 7.619714891381655 307.2631456720399 c
7.619714891381655 307.2631456720399 26.015333923571486 299.64343078065826 c
26.015333923571486 299.64343078065826 44.41095295576132 307.2631456720399 c
44.41095295576132 307.2631456720399 52.03066784714298 325.6587647042297 c
63.03066784714297 319.8924364088829 74.72143669742073 299.6434307806582 c
74.72143669742073 299.6434307806582 98.10297439797627 299.6434307806582 c
100.93738572501614 289.8773823352488 82.44285936883591 282.2166986888523 c
82.44285936883591 282.2166986888523 74.7821757224394 263.7221723326721 c
57.39015756233461 257.33709298208186 49.20110131639377 260.72911114218664 c
49.20110131639377 260.72911114218664 41.01204507045293 257.33709298208186 c
41.01204507045293 257.33709298208186 37.62002691034813 249.148036736141 c
30.62002691034813 253.66486313079048 18.924217367031574 269.7627639314856 c
18.924217367031574 269.7627639314856 1.7763568394002505e-15 263.61391297314424 c
1.7763568394002505e-15 263.61391297314424 0.0 243.71581328843675 c
0.0 243.71581328843675 18.92421736703157 237.56696233009535 c
14.832086273680915 227.56696233009538 0.0 215.73876822522686 c
0.0 215.73876822522686 0.0 196.7678178269901 c
0.0 196.7678178269901 14.83208627368091 184.93962372212158 c
33.8962481247148 166.78511451838787 11.298749374904936 166.78511451838787 c
11.298749374904936 166.78511451838787 0.0 147.21510653906543 c
0.0 147.21510653906543 11.298749374904922 127.645098559743 c
1.7763568394002505e-14 114.64509855974302 0.0 65.35075990395102 c
0.0 65.35075990395102 42.69014953866914 89.99792923184701 c
47.69014953866916 106.63690051805904 47.69014953866915 65.350759903951 c
58.202287647486926 58.350759903951015 37.572178639751 49.80548895971144 c
37.572178639751 49.80548895971144 29.02690769551142 29.17537995197551 c
15.770180771633562 18.20983622734339 5.256726923877856 18.209836227343395 c
5.256726923877856 18.209836227343395 0.0 9.104918113671697 c
0.0 9.104918113671697 5.256726923877849 1.7763568394002505e-15 c
3.9425451929083892 2.2762295284179217 0.0 0.0 d
