Processando arquivo: art_5_regular_sep.txt

Tempo de Inicio (hh:mm:ss.ms) 2026-04-27 10:07:42.057991
Tempo de Termino (hh:mm:ss.ms) 2026-04-27 10:07:42.284196
Tempo Total (hh:mm:ss.ms) 0:00:00.226205

Função Objetivo: 94.9481111380922

0.0 0.0 6.038883126051365 6.0388831260513705 d
6.038883126051365 6.0388831260513705 20.618036670550612 0.0 c
20.618036670550612 0.0 35.19719021504986 6.038883126051365 c
35.19719021504986 6.038883126051365 41.23607334110123 20.618036670550616 c
41.23607334110123 20.618036670550616 49.67891611802767 20.06635822727454 d
49.67891611802767 20.06635822727454 46.23607334110123 11.754600502100491 c
46.23607334110123 11.754600502100491 49.678916118027665 3.4428427769264385 c
49.678916118027665 3.4428427769264385 57.99067384320172 0.0 c
57.99067384320172 0.0 66.30243156837577 3.442842776926435 c
66.30243156837577 3.442842776926435 69.7452743453022 11.75460050210049 c
74.7452743453022 18.57869614153831 69.7452743453022 11.75460050210049 d
74.7452743453022 18.57869614153831 80.18684845955443 5.441574114252225 c
80.18684845955443 5.441574114252225 93.32397048684051 0.0 c
93.32397048684051 0.0 106.46109251412659 5.441574114252221 c
106.46109251412659 5.441574114252221 111.90266662837881 18.578696141538305 c
111.90266662837881 18.578696141538305 106.46109251412659 31.715818168824384 c
106.46109251412659 31.715818168824384 93.32397048684051 37.15739228307661 c
93.32397048684051 37.15739228307661 80.18684845955443 31.715818168824388 c
80.18684845955443 31.715818168824388 74.7452743453022 18.57869614153831 c
69.7452743453022 11.75460050210049 66.30243156837577 20.06635822727454 c
66.30243156837577 20.06635822727454 57.99067384320172 23.50920100420098 c
57.99067384320172 23.50920100420098 49.67891611802767 20.06635822727454 c
41.23607334110123 20.618036670550616 35.197190215049865 35.19719021504986 c
35.197190215049865 35.19719021504986 20.618036670550616 41.23607334110123 c
20.618036670550616 41.23607334110123 18.924112506104695 54.63310688022859 d
8.422022378305572 52.236073341101225 18.924112506104695 54.63310688022859 c
18.924112506104695 54.63310688022859 23.5979823135672 64.3384975402179 c
23.5979823135672 64.3384975402179 28.5979823135672 73.96890658408412 d
28.5979823135672 73.96890658408412 50.33081555655008 52.23607334110124 c
50.33081555655008 52.23607334110124 72.06364879953297 73.96890658408412 c
79.06364879953297 69.65646976811541 72.06364879953297 73.96890658408412 d
79.06364879953297 69.65646976811541 79.06364879953297 58.92625365769109 c
79.06364879953297 58.92625365769109 87.45286956834836 52.23607334110123 c
87.45286956834836 52.23607334110123 97.91405675814413 54.623771051545944 c
97.91405675814413 54.623771051545944 102.5697230456745 64.29136171290325 c
114.5697230456745 63.41011851723386 102.5697230456745 64.29136171290325 d
114.5697230456745 63.41011851723386 125.74376822180713 52.23607334110123 c
125.90266662837884 38.93110879912993 125.74376822180713 52.23607334110123 d
125.90266662837884 38.93110879912993 125.90266662837882 0.0 c
125.90266662837882 0.0 159.61799584592126 19.465554399564958 c
159.61799584592126 19.465554399564958 125.90266662837884 38.93110879912993 c
125.74376822180713 52.23607334110123 136.91781339793977 63.41011851723386 c
136.91781339793977 63.41011851723386 125.74376822180713 74.58416369336649 c
125.74376822180713 74.58416369336649 114.5697230456745 63.41011851723386 c
102.5697230456745 64.29136171290325 97.91405675814413 73.95895237426056 c
97.91405675814413 73.95895237426056 87.45286956834836 76.34665008470527 c
87.45286956834836 76.34665008470527 79.06364879953297 69.65646976811541 c
72.06364879953297 73.96890658408412 50.330815556550085 95.701739827067 c
50.330815556550085 95.701739827067 38.49030388566689 107.701739827067 d
38.49030388566689 107.701739827067 57.7851757296091 118.84163928014637 c
57.7851757296091 118.84163928014637 72.78517572960911 118.16784943194871 d
72.78517572960911 118.16784943194871 83.25128533449082 107.701739827067 c
83.25128533449082 107.701739827067 93.71739493937253 118.16784943194871 c
93.71739493937253 118.16784943194871 103.71739493937253 113.79718763143057 d
103.71739493937253 113.79718763143057 122.47725429857336 107.701739827067 c
122.47725429857336 107.701739827067 134.0714850067273 123.65982935554177 c
134.0714850067273 123.65982935554177 122.47725429857337 139.61791888401655 c
120.40812881236762 148.61791888401655 122.47725429857337 139.61791888401655 d
120.40812881236762 148.61791888401655 136.7782826063677 152.3542996622602 c
136.7782826063677 152.3542996622602 144.06368642886648 167.48259658234883 c
144.06368642886648 167.48259658234883 136.7782826063677 182.61089350243748 c
136.7782826063677 182.61089350243748 120.40812881236764 186.34727428068112 c
120.40812881236764 186.34727428068112 113.56804051595716 197.16084931871382 d
113.56804051595716 197.16084931871382 142.95155673706665 226.54436553982333 c
142.95155673706665 226.54436553982333 113.56804051595716 255.92788176093285 c
113.56804051595716 255.92788176093285 84.18452429484766 226.54436553982333 c
84.18452429484766 226.54436553982333 75.18452429484766 215.77135596324288 d
75.18452429484766 215.77135596324288 42.95018123192518 234.38186260777192 c
42.95018123192518 234.38186260777192 42.950181231925164 197.16084931871384 c
55.57100083236381 192.16084931871382 42.950181231925164 197.16084931871384 d
55.57100083236381 192.16084931871382 43.00123952847499 170.38938410136518 c
43.00123952847499 170.38938410136518 55.571000832363794 148.61791888401655 c
55.571000832363794 148.61791888401655 80.71052344014143 148.61791888401655 c
80.71052344014143 148.61791888401655 93.28028474403024 170.38938410136518 c
93.28028474403024 170.38938410136518 80.71052344014143 192.16084931871382 c
80.71052344014143 192.16084931871382 55.57100083236381 192.16084931871382 c
26.42399373148914 200.50785960475173 42.950181231925164 197.16084931871384 d
26.42399373148914 200.50785960475173 32.950181231925164 214.05962758745008 c
32.950181231925164 214.05962758745008 26.423993731489144 227.6113955701484 c
26.423993731489144 227.6113955701484 11.759783527973525 230.95840585618632 c
11.759783527973525 230.95840585618632 1.7763568394002505e-15 221.5802914336098 c
1.7763568394002505e-15 221.5802914336098 0.0 206.53896374129036 c
0.0 206.53896374129036 11.75978352797352 197.16084931871384 c
11.75978352797352 197.16084931871384 26.42399373148914 200.50785960475173 c
42.950181231925164 197.16084931871384 75.18452429484766 215.77135596324288 c
84.18452429484766 226.54436553982333 113.56804051595716 197.16084931871382 c
120.40812881236764 186.34727428068112 107.28028474403024 175.87816798278436 c
107.28028474403024 175.87816798278436 107.28028474403024 159.0870251819133 c
107.28028474403024 159.0870251819133 120.40812881236762 148.61791888401655 c
122.47725429857337 139.61791888401655 103.71739493937253 133.52247107965297 c
103.71739493937253 133.52247107965297 103.71739493937253 113.79718763143057 c
93.71739493937253 118.16784943194871 83.25128533449082 128.63395903683042 c
83.25128533449082 128.63395903683042 72.78517572960911 118.16784943194871 c
57.7851757296091 118.84163928014637 38.4903038856669 129.98153873322573 c
38.4903038856669 129.98153873322573 29.490303885666886 122.44689176990045 d
29.490303885666886 122.44689176990045 25.17154887123697 132.87328869830398 c
25.17154887123697 132.87328869830398 14.745151942833445 137.1920437127339 c
14.000619764237488 148.61791888401655 14.745151942833445 137.1920437127339 d
14.000619764237488 148.61791888401655 23.90055294034422 152.7186054721473 c
23.90055294034422 152.7186054721473 28.00123952847498 162.61853864825403 c
28.00123952847498 162.61853864825403 23.90055294034422 172.51847182436077 c
23.90055294034422 172.51847182436077 14.00061976423749 176.61915841249152 c
14.00061976423749 176.61915841249152 4.10068658813076 172.51847182436077 c
4.10068658813076 172.51847182436077 0.0 162.61853864825403 c
0.0 162.61853864825403 4.100686588130756 152.7186054721473 c
4.100686588130756 152.7186054721473 14.000619764237488 148.61791888401655 c
14.745151942833445 137.1920437127339 4.31875501442992 132.87328869830398 c
4.31875501442992 132.87328869830398 0.0 122.44689176990045 c
0.0 122.44689176990045 4.318755014429918 112.02049484149693 c
4.318755014429918 112.02049484149693 14.74515194283344 107.701739827067 c
14.74515194283344 107.701739827067 25.171548871236965 112.02049484149693 c
25.171548871236965 112.02049484149693 29.490303885666886 122.44689176990045 c
38.4903038856669 129.98153873322573 38.49030388566689 107.701739827067 c
50.330815556550085 95.701739827067 28.5979823135672 73.96890658408412 c
23.5979823135672 64.3384975402179 18.9241125061047 74.0438882002072 c
18.9241125061047 74.0438882002072 8.422022378305575 76.44092173933458 c
8.422022378305575 76.44092173933458 1.7763568394002505e-15 69.72458301206379 c
1.7763568394002505e-15 69.72458301206379 0.0 58.95241206837201 c
0.0 58.95241206837201 8.422022378305572 52.236073341101225 c
20.618036670550616 41.23607334110123 6.0388831260513705 35.197190215049865 c
6.0388831260513705 35.197190215049865 0.0 20.61803667055062 c
0.0 20.61803667055062 6.038883126051365 6.0388831260513705 c
6.038883126051365 6.0388831260513705 0.0 0.0 d
