Processando arquivo: art_10_regular_sep.txt

Tempo de Inicio (hh:mm:ss.ms) 2026-04-27 10:07:46.198801
Tempo de Termino (hh:mm:ss.ms) 2026-04-27 10:07:46.445228
Tempo Total (hh:mm:ss.ms) 0:00:00.246427

Função Objetivo: 127.50464357333188

0.0 0.0 9.950806715521667 5.745100935860364 d
13.267742287362212 7.105427357601002e-15 39.803226862086674 0.0 c
39.803226862086674 0.0 53.0709691494489 22.980403743441485 c
53.0709691494489 22.980403743441485 65.0709691494489 20.110559055741813 d
65.0709691494489 20.110559055741813 85.18152820519072 0.0 c
85.18152820519072 0.0 105.29208726093253 20.11055905574181 c
110.29208726093252 28.50663978692452 105.29208726093253 20.11055905574181 d
110.29208726093252 28.50663978692452 110.29208726093252 10.947773846228579 c
110.29208726093252 10.947773846228579 124.02016144980422 0.0 c
124.02016144980422 0.0 141.13878996164743 3.9072152483373763 c
141.13878996164743 3.9072152483373763 148.75729637066053 19.727206816576548 c
159.75729637066053 12.21724595717943 148.75729637066053 19.727206816576548 d
159.75729637066053 12.21724595717943 166.81092661279393 1.7763568394002505e-15 c
166.81092661279393 1.7763568394002505e-15 180.91818709706075 0.0 c
180.91818709706075 0.0 187.97181733919416 12.217245957179427 c
187.97181733919416 12.217245957179427 180.91818709706075 24.434491914358855 c
180.91818709706075 24.434491914358855 166.81092661279393 24.43449191435886 c
166.81092661279393 24.43449191435886 159.75729637066053 12.21724595717943 c
148.75729637066053 19.727206816576548 141.13878996164743 35.547198384815715 c
141.13878996164743 35.547198384815715 124.02016144980422 39.454413633153095 c
124.02016144980422 39.454413633153095 110.29208726093252 28.50663978692452 c
105.29208726093253 20.11055905574181 85.18152820519072 40.22111811148362 c
85.18152820519072 40.22111811148362 65.0709691494489 20.110559055741813 c
53.0709691494489 22.980403743441485 39.803226862086674 45.96080748688297 c
39.803226862086674 45.96080748688297 45.8373365898925 59.96080748688297 d
45.8373365898925 59.96080748688297 81.39477185186922 80.48990230707791 c
87.39477185186922 69.99411986570504 81.39477185186922 80.48990230707791 d
87.39477185186922 69.99411986570504 93.18750745464575 59.96080748688297 c
93.18750745464575 59.96080748688297 104.77297866019882 59.96080748688296 c
104.77297866019882 59.96080748688296 110.56571426297535 69.99411986570504 c
110.56571426297535 69.99411986570504 104.77297866019882 80.02743224452712 c
115.56571426297536 81.83436392186421 104.77297866019882 80.02743224452712 d
115.56571426297536 81.83436392186421 137.4392706979566 59.96080748688297 c
137.4392706979566 59.96080748688297 159.31282713293785 81.83436392186421 c
159.31282713293785 81.83436392186421 137.4392706979566 103.70792035684545 c
137.4392706979566 103.70792035684545 115.56571426297536 81.83436392186421 c
104.77297866019882 80.02743224452712 93.18750745464575 80.02743224452712 c
93.18750745464575 80.02743224452712 87.39477185186922 69.99411986570504 c
81.39477185186922 80.48990230707791 45.837336589892516 101.01899712727285 c
45.837336589892516 101.01899712727285 45.8373365898925 59.96080748688297 c
39.803226862086674 45.96080748688297 13.267742287362228 45.96080748688297 c
0.0 59.96080748688296 13.267742287362228 45.96080748688297 d
0.0 59.96080748688296 40.8373365898925 83.53825476004474 c
40.8373365898925 83.53825476004474 1.7763568394002505e-14 107.11570203320652 c
1.7763568394002505e-14 107.11570203320652 3.5661166204357855 124.68181865364232 d
12.175483730495973 121.11570203320655 20.78485084055616 124.68181865364232 c
20.78485084055616 124.68181865364232 31.350967460991953 121.11570203320655 d
31.350967460991953 121.11570203320655 74.42059295001752 145.9819619031918 c
82.42059295001751 143.1682468397849 74.42059295001752 145.9819619031918 d
82.42059295001751 143.1682468397849 88.87963378144413 127.57474286463317 c
88.87963378144413 127.57474286463317 104.47313775659586 121.11570203320655 c
104.47313775659586 121.11570203320655 120.0666417317476 127.57474286463317 c
120.0666417317476 127.57474286463317 126.52568256317421 143.1682468397849 c
138.5256825631742 148.11019404751625 126.52568256317421 143.1682468397849 d
138.5256825631742 148.11019404751625 146.4321862194794 129.02220568951174 c
146.4321862194794 129.02220568951174 165.5201745774839 121.11570203320653 c
165.5201745774839 121.11570203320653 184.6081629354884 129.02220568951174 c
184.6081629354884 129.02220568951174 192.51466659179363 148.11019404751625 c
192.51466659179363 148.11019404751625 184.60816293548842 167.19818240552075 c
184.60816293548842 167.19818240552075 165.5201745774839 175.10468606182596 c
165.5201745774839 175.10468606182596 152.1314844223774 193.05541872548534 d
152.1314844223774 193.05541872548534 159.83484351711743 209.0516087111931 c
159.83484351711743 209.0516087111931 152.1314844223774 225.04779869690086 c
152.1314844223774 225.04779869690086 134.82219365638514 228.99853136056026 c
134.82219365638514 228.99853136056026 126.52527483854774 247.83596559723813 d
126.52527483854774 247.83596559723813 152.8348617223939 274.1455524810843 c
152.8348617223939 274.1455524810843 126.52527483854774 300.4551393649304 c
126.52527483854774 300.4551393649304 100.2156879547016 274.1455524810843 c
100.2156879547016 274.1455524810843 92.2156879547016 265.342557533008 d
92.2156879547016 265.342557533008 61.89338125457266 282.84914946877785 c
53.893381254572645 271.17248422838816 61.89338125457266 282.84914946877785 d
53.893381254572645 271.17248422838816 40.42003594092949 294.50900285953816 c
40.42003594092949 294.50900285953816 13.473345313643167 294.50900285953816 c
0.0 313.45513936493046 13.473345313643167 294.50900285953816 d
0.0 313.45513936493046 34.46568015832899 333.35390908214526 c
34.46568015832899 333.35390908214526 1.4210854715202004e-14 353.25267879936007 c
1.4210854715202004e-14 353.25267879936007 0.0 313.45513936493046 c
13.473345313643167 294.50900285953816 0.0 271.17248422838816 c
0.0 271.17248422838816 13.473345313643149 247.8359655972382 c
13.473345313643149 247.8359655972382 40.42003594092949 247.83596559723816 c
40.42003594092949 247.83596559723816 53.893381254572645 271.17248422838816 c
61.89338125457266 282.84914946877785 61.893381254572645 247.8359655972382 c
61.893381254572645 247.8359655972382 92.2156879547016 265.342557533008 c
100.2156879547016 274.1455524810843 126.52527483854774 247.83596559723813 c
134.82219365638514 228.99853136056026 120.9412202111177 217.9288244261762 c
120.9412202111177 217.9288244261762 109.94122021111771 211.47032582953204 d
109.94122021111771 211.47032582953204 101.30376983629992 229.40617634467293 c
101.30376983629992 229.40617634467293 81.89559501596256 233.83596559723816 c
81.89559501596256 233.83596559723816 66.33144724443675 221.42397192881296 c
66.33144724443675 221.42397192881296 66.33144724443673 201.51667973025116 c
66.33144724443673 201.51667973025116 59.33144724443673 200.79930284373026 d
59.33144724443673 200.79930284373026 54.815069749523246 210.17765734691588 c
54.815069749523246 210.17765734691588 44.66686163576405 212.4939196256346 c
44.66686163576405 212.4939196256346 36.52863059853972 206.00389694087133 c
23.528630598539717 200.8690013610958 36.52863059853972 206.00389694087133 d
23.528630598539717 200.8690013610958 20.082942423400226 209.18762848522616 c
20.082942423400226 209.18762848522616 11.764315299269859 212.63331666036567 c
11.764315299269859 212.63331666036567 3.4456881751394945 209.18762848522616 c
3.4456881751394945 209.18762848522616 0.0 200.8690013610958 c
0.0 200.8690013610958 3.445688175139491 192.55037423696544 c
3.445688175139491 192.55037423696544 11.764315299269857 189.10468606182593 c
11.764315299269857 189.10468606182593 20.082942423400223 192.55037423696544 c
20.082942423400223 192.55037423696544 23.528630598539717 200.8690013610958 c
36.52863059853972 206.00389694087133 36.52863059853972 195.5947087465892 c
36.52863059853972 195.5947087465892 44.66686163576405 189.10468606182593 c
44.66686163576405 189.10468606182593 54.81506974952324 191.42094834054464 c
54.81506974952324 191.42094834054464 59.33144724443673 200.79930284373026 c
66.33144724443673 201.51667973025116 81.89559501596256 189.10468606182593 c
81.89559501596256 189.10468606182593 101.30376983629992 193.53447531439116 c
101.30376983629992 193.53447531439116 109.94122021111771 211.47032582953204 c
120.9412202111177 217.9288244261762 120.9412202111177 200.17439299621 c
120.9412202111177 200.17439299621 134.82219365638514 189.10468606182593 c
134.82219365638514 189.10468606182593 152.1314844223774 193.05541872548534 c
165.5201745774839 175.10468606182596 146.43218621947943 167.19818240552075 c
146.43218621947943 167.19818240552075 138.5256825631742 148.11019404751625 c
126.52568256317421 143.1682468397849 120.0666417317476 158.76175081493665 c
120.0666417317476 158.76175081493665 104.47313775659586 165.22079164636324 c
104.47313775659586 165.22079164636324 88.87963378144413 158.76175081493665 c
88.87963378144413 158.76175081493665 82.42059295001751 143.1682468397849 c
74.42059295001752 145.9819619031918 31.350967460991967 170.84822177317707 c
31.350967460991967 170.84822177317707 31.350967460991953 121.11570203320655 c
20.78485084055616 124.68181865364232 24.35096746099195 133.29118576370252 c
24.35096746099195 133.29118576370252 20.78485084055616 141.9005528737627 c
20.78485084055616 141.9005528737627 12.175483730495975 145.4666694941985 c
12.175483730495975 145.4666694941985 3.566116620435789 141.9005528737627 c
3.566116620435789 141.9005528737627 0.0 133.29118576370252 c
0.0 133.29118576370252 3.5661166204357855 124.68181865364232 c
3.5661166204357855 124.68181865364232 12.175483730495973 121.11570203320655 c
1.7763568394002505e-14 107.11570203320652 0.0 59.96080748688296 c
13.267742287362228 45.96080748688297 0.0 22.98040374344149 c
0.0 22.98040374344149 13.267742287362212 7.105427357601002e-15 c
9.950806715521667 5.745100935860364 0.0 0.0 d
