Processando arquivo: art_3_irregular_pack.txt

Tempo de Inicio (hh:mm:ss.ms) 2026-04-27 10:01:19.821057
Tempo de Termino (hh:mm:ss.ms) 2026-04-27 10:01:21.357750
Tempo Total (hh:mm:ss.ms) 0:00:01.536693

Função Objetivo: 255.7745113184181

0.0 0.0 15.36755365767512 15.65657816127607 d
11.14246479700153 19.80367078304949 31.318592136575802 0.0 c
31.318592136575802 0.0 38.38232076900996 18.523638169414838 c
39.80959094578985 18.349081432801533 38.38232076900996 18.523638169414838 d
39.80959094578985 18.349081432801533 48.213151977397615 13.581010929922657 c
48.213151977397615 13.581010929922657 54.88052926995505 2.6884727055591924 c
54.88052926995505 2.6884727055591924 77.34599330075912 0.0 c
77.34599330075912 0.0 75.34005748402659 8.177719600660113 c
75.34005748402659 8.177719600660113 82.76138088524124 23.351854409877475 c
82.76138088524124 23.351854409877475 93.17041293987467 22.28856448707246 d
82.76138088524125 13.29163708059935 99.31627393742535 0.0 c
99.31627393742535 0.0 111.20974049361199 8.813287536680924 c
111.20974049361199 8.813287536680924 130.0811762720088 21.354898922917762 c
130.0811762720088 21.354898922917762 136.35472696288252 35.887632661469056 c
136.35472696288252 35.887632661469056 123.069738976451 34.87790754043776 c
123.069738976451 34.87790754043776 105.13798363381767 48.184923343878395 c
105.13798363381767 48.184923343878395 107.13132273073204 53.037199251035254 d
107.13132273073204 53.037199251035254 107.34802591375255 60.94958214277659 c
107.34802591375255 60.94958214277659 117.53296319417925 68.7122637810871 c
117.53296319417925 68.7122637810871 115.30875023315423 74.4575027555261 c
115.30875023315423 74.4575027555261 121.26857538685839 96.50181580848543 c
121.26857538685839 96.50181580848543 96.46547416785393 102.14793778208482 c
98.78176862324823 105.66848714317511 96.46547416785393 102.14793778208482 d
98.78176862324823 105.66848714317511 106.31151665904085 110.5468878159756 c
106.31151665904085 110.5468878159756 116.89886061148151 105.07558542811569 c
116.89886061148151 105.07558542811569 138.80194264537022 107.4028262823313 c
138.80194264537022 107.4028262823313 146.96445953384932 115.73642108141563 d
138.80194264537022 114.55332495856291 146.96445953384932 115.73642108141563 c
146.96445953384932 115.73642108141563 154.26008605333575 107.05511375468632 c
154.26008605333575 107.05511375468632 173.43849423741835 105.07558542811569 c
173.43849423741835 105.07558542811569 176.91566552949638 128.18101367829811 c
177.2231972546897 127.89001656550788 176.91566552949638 128.18101367829811 d
177.2231972546897 127.89001656550788 178.36502023406265 126.66568270547232 c
178.36502023406265 126.66568270547232 181.067806014414 119.42570115019663 c
181.067806014414 119.42570115019663 191.72018526272615 119.92387780221395 c
191.72018526272615 119.92387780221395 208.67679205852835 105.07558542811569 c
211.2912855783414 97.09937200951809 208.67679205852835 105.07558542811569 d
211.2912855783414 97.09937200951809 224.3080374004091 80.9809556737692 c
224.3080374004091 80.9809556737692 212.34173232566098 77.41367192035656 c
212.34173232566098 77.41367192035656 227.0506563214162 68.04013951084727 c
227.0506563214162 68.04013951084727 227.33821693743158 66.57007145888076 c
227.33821693743158 66.57007145888076 224.54936532038062 61.645204639443136 c
224.54936532038062 61.645204639443136 198.12216099887831 53.037199251035254 c
198.12216099887831 53.037199251035254 196.26806735000056 53.03719925103525 d
196.26806735000056 53.03719925103525 187.65936341708854 46.39753240320417 c
187.65936341708854 46.39753240320417 182.3997678823118 53.03719925103524 d
182.3997678823118 53.03719925103524 187.2485000732698 72.80030806741989 c
187.2485000732698 72.80030806741989 198.12216099887831 71.69990089427407 c
198.12216099887831 71.69990089427407 197.7380898360788 72.73824895146751 c
197.7380898360788 72.73824895146751 192.71782282297517 81.41193679718992 c
192.71782282297517 81.41193679718992 154.32512964619346 97.12202802723678 c
154.32512964619346 97.12202802723678 162.477356463948 83.27591756391496 c
162.477356463948 83.27591756391496 156.95558437388684 73.82628255304348 c
156.95558437388684 73.82628255304348 154.32512964619346 71.09845623355322 d
154.32512964619346 71.09845623355322 153.0220026052034 87.2826715439973 c
153.0220026052034 87.2826715439973 150.30238580085447 98.34867720804809 c
150.30238580085447 98.34867720804809 122.91921149551536 78.70783557967916 c
122.91921149551536 78.70783557967916 121.26857538685837 70.54233300835286 c
121.26857538685837 70.54233300835286 133.91642040353025 70.27121741320636 c
133.91642040353025 70.27121741320636 129.71210609476827 63.86733346763063 c
129.71210609476827 63.86733346763063 135.28365087030912 53.03719925103525 c
135.28365087030912 53.03719925103525 154.32512964619346 71.09845623355322 c
156.95558437388684 73.82628255304348 182.3997678823118 53.03719925103524 c
187.65936341708854 46.39753240320417 180.97796154376124 23.565946859547626 c
180.9779615437612 21.098300612648337 180.97796154376124 23.565946859547626 d
180.9779615437612 21.098300612648337 179.59183667525957 33.333583017377364 c
179.59183667525957 33.333583017377364 158.48107737772617 27.935131344572483 c
158.48107737772617 27.935131344572483 136.35472696288252 24.4071290957719 c
136.35472696288252 24.4071290957719 140.63512060538832 20.51859510252646 c
140.63512060538832 20.51859510252646 149.10030360367293 16.440273486258118 c
149.10030360367293 16.440273486258118 148.43684283538482 14.820994394023792 c
148.43684283538482 14.820994394023792 144.2235130687387 0.0 c
144.2235130687387 0.0 180.9779615437612 21.098300612648337 c
180.97796154376124 23.565946859547626 195.14041989707616 23.07333674055781 c
195.14041989707616 23.07333674055781 195.27089489108118 11.06046017477335 c
195.27089489108118 11.06046017477335 196.72827870437166 0.0 c
196.72827870437166 0.0 214.55072071172427 4.861315805935117 c
214.55072071172427 4.861315805935117 229.56991518867557 25.145798878046286 c
229.56991518867557 25.145798878046286 196.26806735000056 53.03719925103525 c
198.12216099887831 53.037199251035254 211.2912855783414 97.09937200951809 c
208.67679205852835 105.07558542811569 227.0253724655324 130.10621400007278 c
227.0253724655324 130.10621400007278 223.16728965140138 134.0619260222122 c
223.16728965140138 134.0619260222122 185.43082117946412 125.99909903401154 c
185.43082117946412 125.99909903401154 177.2231972546897 127.89001656550788 c
176.91566552949638 128.18101367829811 177.2231972546897 130.68275699699245 c
177.2231972546897 130.68275699699245 169.61604797222734 126.9668265295267 c
169.61604797222734 126.9668265295267 142.657138217586 126.01085797828009 c
142.657138217586 126.01085797828009 138.80194264537022 114.55332495856291 c
138.80194264537022 107.4028262823313 129.34787442627479 133.65361540181283 c
129.34787442627479 133.65361540181283 129.10385954560175 137.24381483350444 c
129.10385954560175 137.24381483350444 120.85429010036847 139.07581474860137 c
120.85429010036847 139.07581474860137 111.31774695717262 139.9484454032993 c
111.31774695717262 139.9484454032993 98.78176862324823 105.66848714317511 c
96.46547416785393 102.14793778208482 88.79377348318317 87.18267857750753 c
88.79377348318317 87.18267857750753 88.79377348318316 89.1782608190739 d
88.79377348318316 89.1782608190739 84.29346566306849 105.07558542811569 c
84.29346566306849 105.07558542811569 74.04067472849957 105.07558542811569 d
79.77787309809537 107.47071211033955 84.24220404393972 114.97825482526181 c
84.24220404393972 114.97825482526181 95.69629603167652 127.67637793415446 c
95.69629603167652 127.67637793415446 96.1919901379418 132.08095566713442 c
96.1919901379418 132.08095566713442 98.78176862324823 137.33311862994265 c
98.78176862324823 137.33311862994265 78.05348042298418 148.3456432799448 c
78.05348042298418 148.3456432799448 80.19630250463712 148.3456432799448 d
80.19630250463712 148.3456432799448 87.74874344704 151.53005232235782 c
87.74874344704 151.53005232235782 92.26021632473801 158.20437896354096 c
92.26021632473801 158.20437896354096 102.28113648269704 179.3455921811299 c
102.28113648269704 179.3455921811299 102.28113648269704 185.4286343766591 d
102.28113648269704 185.4286343766591 103.66307737668801 156.06659799182387 c
103.66307737668801 156.06659799182387 119.05058621276244 154.58757882913557 c
119.05058621276244 154.58757882913557 122.4847426942328 148.3456432799448 c
122.4847426942328 148.3456432799448 139.15636019113367 152.55147952344223 c
139.15636019113367 152.55147952344223 139.15636019113367 148.3456432799448 d
139.15636019113367 148.3456432799448 176.78465718920413 165.26354432902298 c
176.78465718920413 165.26354432902298 180.16759281887903 183.0219962299094 c
183.68688635821854 181.20910392107024 180.16759281887903 183.0219962299094 d
183.68688635821854 181.20910392107024 205.45560194015832 148.3456432799448 c
205.45560194015832 148.3456432799448 209.35823456866947 157.0771731005757 c
209.35823456866947 157.0771731005757 212.05282569147997 167.39945083922632 c
212.05282569147997 167.39945083922632 214.11796724879886 190.59982367729245 c
214.11796724879886 190.59982367729245 194.53203484576574 199.62410706859748 c
194.53203484576574 199.62410706859748 186.0060615293813 195.98633289111447 c
182.89566389636704 199.6241070685975 186.0060615293813 195.98633289111447 d
182.89566389636704 199.6241070685975 192.6732826582342 206.94819882497464 c
192.6732826582342 206.94819882497464 210.8581553279588 211.08084115327267 c
210.8581553279588 211.08084115327267 193.07676235800093 234.20433537242417 c
193.07676235800093 234.20433537242417 192.77153349053773 233.80430853488883 c
192.77153349053773 233.80430853488883 160.72358740385218 226.4477366523415 c
160.72358740385218 226.4477366523415 153.0189951642322 235.7418922280342 d
153.0189951642322 235.7418922280342 139.95577636573498 242.4359942124886 c
139.95577636573498 242.4359942124886 151.23551892622658 251.98173575532485 d
151.23551892622658 251.98173575532485 148.31718404406286 275.68679511290816 c
159.44612123919902 267.7576592192664 148.31718404406286 275.68679511290816 d
159.44612123919902 267.7576592192664 167.82483589817264 251.98173575532485 c
167.82483589817264 251.98173575532485 173.83601511265263 263.61010672608927 c
173.83601511265263 263.61010672608927 202.55612624725586 269.27093280090253 c
202.55612624725586 269.27093280090253 186.76720789821016 283.2913138967709 c
186.76720789821016 283.2913138967709 187.60889357430904 299.1630072623934 c
187.60889357430904 299.1630072623934 166.64506561404545 292.7511675900116 c
166.64506561404545 292.7511675900116 151.23551892622658 293.0659590671232 c
151.23551892622658 293.0659590671232 159.44612123919902 267.7576592192664 c
148.31718404406286 275.68679511290816 138.52736200654638 276.69731746869996 c
138.52736200654638 276.69731746869996 132.2578551997414 281.6835815829579 c
132.2578551997414 281.6835815829579 101.43374446322574 265.51423202981795 c
101.43374446322574 265.51423202981795 101.43374446322574 266.74045302008847 d
101.43374446322574 266.74045302008847 90.43149634107462 278.0627726473073 c
90.43149634107462 278.0627726473073 78.97609440753746 289.128104587109 c
78.97609440753746 289.128104587109 69.47003684535703 259.16676126152873 c
66.8594462388298 257.2554295887996 69.47003684535703 259.16676126152873 d
66.8594462388298 257.2554295887996 62.649939345867445 270.18184257908894 c
62.649939345867445 270.18184257908894 65.77489365313583 280.3730141748409 c
65.77489365313583 280.3730141748409 69.47003684535703 285.0782746865158 c
69.47003684535703 285.0782746865158 57.99772750132428 281.0469516826123 c
57.99772750132428 281.0469516826123 40.65088292351634 252.76112677809098 c
40.65088292351634 252.76112677809098 54.92658376874408 252.30924972327577 c
54.92658376874408 252.30924972327577 55.8950009827103 251.98173575532488 c
55.8950009827103 251.98173575532488 66.8594462388298 257.2554295887996 c
69.47003684535703 259.16676126152873 71.691796612593 258.9893786215385 c
71.691796612593 258.9893786215385 76.60282795174835 254.91252378613186 c
76.60282795174835 254.91252378613186 87.33075554261032 251.98173575532485 c
87.33075554261032 251.98173575532485 87.5387240555433 253.79173642638997 c
87.5387240555433 253.79173642638997 101.43374446322574 266.74045302008847 c
101.43374446322574 265.51423202981795 103.8760384788617 259.2797560845524 c
103.8760384788617 259.2797560845524 142.84732823470128 253.97113539843448 c
142.84732823470128 253.97113539843448 136.70383068725474 262.67735821723585 c
136.70383068725474 262.67735821723585 151.23551892622658 251.98173575532485 c
139.95577636573498 242.4359942124886 130.11931997800752 240.17216257789556 c
130.11931997800752 240.17216257789556 130.48691811853578 229.77635419053897 c
130.48691811853578 229.77635419053897 118.55187362866076 232.48134630820627 c
118.55187362866076 232.48134630820627 115.73988467428548 205.40542676308658 c
115.73988467428548 205.40542676308658 112.78369836767342 201.13853027732557 d
112.78369836767342 201.13853027732557 115.73988467428546 213.91084703595894 c
115.73988467428546 213.91084703595894 98.00938396630418 229.3753689490551 c
98.00938396630418 229.3753689490551 82.025166910845 224.53026946425985 c
82.025166910845 224.53026946425985 87.21035052499138 214.51930007611753 c
87.21035052499138 214.51930007611753 81.67820822846384 202.96409535718269 c
81.67820822846384 202.96409535718269 78.77250858817132 200.94198792067917 c
78.77250858817132 200.94198792067917 75.0450687805932 199.6241070685975 d
75.0450687805932 199.6241070685975 69.19912671450246 204.89736664991898 c
69.19912671450246 204.89736664991898 73.70968735690184 204.4898141312469 c
73.70968735690184 204.4898141312469 78.77250858817132 213.3959327050496 c
78.77250858817132 213.3959327050496 63.41616875173432 223.67067800265292 c
63.41616875173432 223.67067800265292 41.52406570965051 223.3901646503956 c
41.52406570965051 223.3901646503956 27.01699109248279 213.36264506042392 c
27.01699109248279 213.36264506042392 27.01699109248279 214.59543119329538 d
27.01699109248279 214.59543119329538 21.166184537459333 232.97213164060904 c
21.166184537459333 232.97213164060904 16.89362380861356 246.38807891255263 c
16.89362380861356 246.38807891255263 14.693698724399127 245.6540905832212 c
14.693698724399127 245.6540905832212 9.550867172785596 251.98173575532485 c
13.162728494776273 251.98173575532485 9.550867172785596 251.98173575532485 d
13.162728494776273 251.98173575532485 40.65088292351634 281.59659368296064 c
40.65088292351634 281.59659368296064 23.318814599282994 300.09056226351817 c
27.06323803767254 300.09056226351817 23.318814599282994 300.09056226351817 d
27.06323803767254 300.09056226351817 33.98310216367624 312.91398281799525 c
33.98310216367624 312.91398281799525 40.40088840190169 326.9802677271624 c
40.40088840190169 326.9802677271624 50.96370571343221 339.3614404330292 c
56.86977400496005 327.9369927395217 50.96370571343221 339.3614404330292 d
56.86977400496005 327.9369927395217 50.96370571343222 306.0690081193863 c
50.96370571343222 306.0690081193863 56.70225141429807 303.30494150729055 c
56.70225141429807 303.30494150729055 58.1734142700375 300.09056226351817 c
58.1734142700375 300.09056226351817 65.02055574823505 306.6070246577078 c
65.02055574823505 306.6070246577078 72.38022900159467 310.9215250529787 c
72.38022900159467 310.9215250529787 78.1936356758992 318.85181273244405 c
78.1936356758992 318.85181273244405 78.7665497770512 328.4730256220873 c
78.7665497770512 328.4730256220873 56.86977400496005 327.9369927395217 c
50.96370571343221 339.3614404330292 13.84105204413382 344.836021429545 c
13.84105204413382 344.836021429545 0.0 339.53790153265334 c
0.0 339.53790153265334 12.914548689727726 329.6769192459031 c
12.914548689727726 329.6769192459031 21.00718141128707 314.46649170490235 c
21.00718141128707 314.46649170490235 27.06323803767254 300.09056226351817 c
23.318814599282994 300.09056226351817 13.936101272895979 287.7128782758756 c
13.936101272895979 287.7128782758756 0.0 279.7102977183855 c
0.0 279.7102977183855 13.405302865900824 273.62490002700645 c
13.405302865900824 273.62490002700645 5.820661257750443 266.57949544627087 c
5.820661257750443 266.57949544627087 13.279246189838016 267.0445709766375 c
13.279246189838016 267.0445709766375 13.162728494776273 251.98173575532485 c
9.550867172785596 251.98173575532485 0.0 213.57207738736497 c
0.0 213.57207738736497 4.306083436606685 199.6241070685975 c
4.306083436606685 199.6241070685975 22.352013753784966 204.47129979028853 c
22.352013753784966 204.47129979028853 27.01699109248279 214.59543119329538 c
27.01699109248279 213.36264506042392 58.53159512407791 200.20769982944896 c
58.53159512407791 200.20769982944896 75.0450687805932 199.6241070685975 c
78.77250858817132 200.94198792067917 85.84988427008021 199.6241070685975 c
85.84988427008021 199.6241070685975 112.78369836767342 201.13853027732557 c
115.73988467428548 205.40542676308658 152.9384182272079 199.6241070685975 c
152.9384182272079 199.6241070685975 159.68832425517948 211.50085878972067 c
159.68832425517948 211.50085878972067 153.0189951642322 235.7418922280342 c
160.72358740385218 226.4477366523415 159.68832425517945 216.90897998957115 c
159.68832425517945 216.90897998957115 172.89765219659768 206.3016067799357 c
172.89765219659768 206.3016067799357 182.89566389636704 199.6241070685975 c
186.0060615293813 195.98633289111447 180.16759281887903 191.8901068493934 c
180.16759281887903 191.8901068493934 183.68688635821854 181.20910392107024 c
180.16759281887903 183.0219962299094 172.1187667113229 194.82652349347268 c
172.1187667113229 194.82652349347268 158.64744909268177 194.85782045650592 c
158.64744909268177 194.85782045650592 148.7867694705939 190.32795315982514 c
148.7867694705939 190.32795315982514 148.20982540101656 191.57812784664733 c
148.20982540101656 191.57812784664733 141.92401999644704 199.30040813262391 c
141.92401999644704 199.30040813262391 139.15636019113367 148.3456432799448 c
139.15636019113367 152.55147952344223 134.40143698277257 173.61609518946696 c
134.40143698277257 173.61609518946696 127.88905902268107 189.9200572331792 c
127.88905902268107 189.9200572331792 125.3397596201365 185.97413871617132 c
125.3397596201365 185.97413871617132 102.28113648269704 185.4286343766591 c
102.28113648269704 179.3455921811299 82.69069957747195 180.67631287710387 c
82.69069957747195 180.67631287710387 78.34016224262848 187.28669323329333 c
78.34016224262848 187.28669323329333 66.68120414021008 185.0693529750245 c
66.68120414021008 185.0693529750245 66.68120414021007 186.83600967197188 d
66.68120414021007 186.83600967197188 43.587305373712496 188.36985947563795 c
43.587305373712496 188.36985947563795 42.69674703651507 189.52145118349435 d
42.69674703651507 189.52145118349435 36.267356215942584 187.62075936302705 c
36.267356215942584 187.62075936302705 0.0 187.96438045193867 c
0.0 187.96438045193867 19.021830504784763 148.3456432799448 c
19.021830504784763 148.3456432799448 31.614724203704135 170.8569871289784 c
31.614724203704135 170.8569871289784 40.582038078682345 167.04619578019214 c
40.582038078682345 167.04619578019214 43.5873053737125 176.95231306376357 c
43.5873053737125 176.95231306376357 40.28607572642891 183.00553130229213 c
40.28607572642891 183.00553130229213 42.69674703651507 189.52145118349435 c
43.587305373712496 188.36985947563795 47.48009989506494 178.48124251012476 c
47.48009989506494 178.48124251012476 47.947051158980706 165.96658791557334 c
47.947051158980706 165.96658791557334 47.60426691507968 165.74696336501054 c
47.60426691507968 165.74696336501054 48.64566760499128 155.17940987388363 c
48.64566760499128 155.17940987388363 45.389981107354195 148.3456432799448 c
45.389981107354195 148.3456432799448 49.17333174758208 149.25175762958122 c
49.17333174758208 149.25175762958122 66.68120414021007 186.83600967197188 c
66.68120414021008 185.0693529750245 72.29729290529635 160.2383705154545 c
72.29729290529635 160.2383705154545 80.19630250463712 148.3456432799448 c
78.05348042298418 148.3456432799448 72.45259484874894 114.70379075978755 c
61.30038586813926 108.211349229252 72.45259484874894 114.70379075978755 d
72.45259484874894 112.1439791618338 66.00924515212921 131.4824349963265 c
66.00924515212921 131.4824349963265 37.4369008918013 118.7683899413529 c
37.4369008918013 118.7683899413529 37.4369008918013 118.82314794612633 d
37.4369008918013 118.82314794612633 27.887132665375006 132.60177086837615 c
27.887132665375006 132.60177086837615 9.77714159407364 134.04654318979408 c
9.77714159407364 134.04654318979408 0.51855546254796 120.98429738104446 c
0.51855546254796 120.98429738104446 0.0 116.95522170067018 c
0.0 116.95522170067018 24.138304580644697 105.07558542811569 c
24.138304580644697 105.07558542811569 26.79326789537518 114.81325401272959 c
26.79326789537518 114.81325401272959 26.40823799714866 119.0520908401537 c
26.40823799714866 119.0520908401537 37.4369008918013 118.82314794612633 c
37.4369008918013 118.7683899413529 48.242058375100264 115.3521825811563 c
48.242058375100264 115.3521825811563 61.30038586813926 108.211349229252 c
61.30038586813926 108.211349229252 64.88765186531207 105.07558542811569 c
64.88765186531207 105.07558542811569 67.67256839698449 107.765836593894 c
67.67256839698449 107.765836593894 70.12649585675905 109.05490119343915 c
70.12649585675905 109.05490119343915 72.45259484874894 112.1439791618338 c
72.45259484874894 114.70379075978755 74.04067472849957 105.07558542811569 c
74.04067472849957 105.07558542811569 79.77787309809537 107.47071211033955 c
84.29346566306849 105.07558542811569 68.74764913984748 69.93071804693278 c
68.74764913984748 69.93071804693278 71.49531746229451 65.55996553932462 c
71.49531746229451 65.55996553932462 74.86107042499435 64.53997644527456 c
65.24190808527689 68.85822271888972 74.86107042499435 64.53997644527456 d
68.49326818514058 72.75067306297748 68.74764913984748 87.22643901337612 c
68.74764913984748 87.22643901337612 68.52538664915062 98.66315421769585 c
68.52538664915062 98.66315421769585 58.92564698323573 100.70997852513892 c
58.92564698323573 100.70997852513892 39.731936563307 89.62073793348236 c
39.731936563307 89.62073793348236 39.731936563307 91.95527118057905 d
39.731936563307 91.95527118057905 30.67774541235719 82.3793599132199 c
30.67774541235719 82.3793599132199 0.0 59.47177572769005 c
0.0 59.47177572769005 15.029611249354772 66.93499567775271 c
15.029611249354772 66.93499567775271 18.008460692160284 65.95438119858483 c
18.008460692160284 65.95438119858483 14.373361133489363 61.251879287950786 c
14.373361133489363 61.251879287950786 23.257382146365863 60.2277202022113 c
23.257382146365863 60.2277202022113 38.49114353570053 53.037199251035254 c
38.49114353570053 53.037199251035254 39.731936563307 91.95527118057905 c
39.731936563307 89.62073793348236 52.297548489746674 67.52236272464526 c
52.297548489746674 67.52236272464526 57.90730132422997 53.03719925103525 c
57.90730132422997 53.03719925103525 65.24190808527689 68.85822271888972 c
65.24190808527689 68.85822271888972 68.49326818514058 72.75067306297748 c
74.86107042499435 64.53997644527456 75.245892656957 53.03719925103525 c
75.245892656957 53.03719925103525 80.68057216629242 59.5555273408381 c
80.68057216629242 59.5555273408381 85.98729636834541 58.81013192063555 c
85.98729636834541 58.81013192063555 88.79377348318316 89.1782608190739 c
88.79377348318317 87.18267857750753 93.28916047454064 62.23067347942923 c
93.28916047454064 62.23067347942923 107.13132273073204 53.037199251035254 c
105.13798363381767 48.184923343878395 93.17041293987467 22.28856448707246 c
93.17041293987467 22.28856448707246 82.76138088524125 13.29163708059935 c
82.76138088524124 23.351854409877475 48.41779604904901 39.607607082626856 c
48.41779604904901 39.607607082626856 40.941611172966546 22.049603031953666 c
40.941611172966546 22.049603031953666 39.80959094578985 18.349081432801533 c
38.38232076900996 18.523638169414838 39.80959094578985 46.348757253616895 c
39.80959094578985 46.348757253616895 29.12002878305257 49.20811258390651 c
29.12002878305257 49.20811258390651 22.69446975439517 44.16560793337377 c
22.69446975439517 44.16560793337377 24.010473283052875 38.483376360816216 c
24.010473283052875 38.483376360816216 0.0 29.549092519082194 c
0.0 29.549092519082194 11.14246479700153 19.80367078304949 c
15.36755365767512 15.65657816127607 0.0 0.0 d
