Processando arquivo: art_3_regular_pack.txt

Tempo de Inicio (hh:mm:ss.ms) 2026-04-27 10:01:59.029616
Tempo de Termino (hh:mm:ss.ms) 2026-04-27 10:01:59.170357
Tempo Total (hh:mm:ss.ms) 0:00:00.140741

Função Objetivo: 89.56331834068388

0.0 0.0 8.728332115819816 8.728332115819812 d
17.456664231639625 0.0 34.91332846327926 17.45666423163963 c
34.91332846327926 17.45666423163963 34.91332846327926 7.751828176477689 c
34.91332846327926 7.751828176477689 58.77100242503589 0.0 c
58.77100242503589 0.0 73.51585582591485 20.294549640967702 c
73.51585582591485 20.294549640967702 73.51585582591485 25.422879250385105 d
73.51585582591485 25.422879250385105 88.19376200470003 3.552713678800501e-15 c
88.19376200470003 3.552713678800501e-15 117.54957436227043 0.0 c
117.54957436227043 0.0 132.22748054105563 25.4228792503851 c
132.22748054105563 25.4228792503851 117.54957436227043 50.8457585007702 c
117.54957436227043 50.8457585007702 121.48228734647715 50.8457585007702 d
121.48228734647715 50.8457585007702 130.96250861553852 63.894163657572555 c
130.96250861553852 63.894163657572555 130.96250861553852 60.443358286216096 c
130.96250861553852 60.443358286216096 142.99751808324777 50.8457585007702 c
142.99751808324777 50.8457585007702 158.0049294200278 54.27110220587899 c
158.0049294200278 54.27110220587899 164.68385579388152 68.14003572731758 c
164.68385579388152 68.14003572731758 158.0049294200278 82.00896924875617 c
158.0049294200278 82.00896924875617 142.99751808324777 85.43431295386496 c
142.99751808324777 85.43431295386496 130.96250861553852 75.83671316841907 c
130.96250861553852 75.83671316841907 130.96250861553852 63.894163657572555 c
130.96250861553852 63.894163657572555 121.48228734647716 76.94256881437491 c
121.48228734647716 76.94256881437491 106.1429671122662 71.95852154345582 c
106.14296711226622 75.81565279826535 106.1429671122662 71.95852154345582 d
106.14296711226622 75.81565279826535 81.17307281477107 100.78554709576049 c
81.17307281477107 100.78554709576049 56.20317851727593 75.81565279826535 c
56.20317851727593 75.81565279826535 56.20317851727592 78.94734775940816 d
56.20317851727592 78.94734775940816 47.97241358553991 98.81817208631011 c
47.97241358553991 98.81817208631011 28.10158925863796 107.04893701804612 c
28.10158925863796 107.04893701804612 29.224920185018913 107.04893701804615 d
29.224920185018913 107.04893701804615 58.44984037003784 136.27385720306506 c
58.44984037003784 136.27385720306506 58.44984037003785 138.60301010271638 d
58.44984037003785 138.60301010271638 58.44984037003784 119.1670561173301 c
58.44984037003784 119.1670561173301 73.64548108761281 107.04893701804615 c
73.64548108761281 107.04893701804615 92.59413512784745 111.37384365120624 c
92.59413512784745 111.37384365120624 101.02707951634366 128.88503311002324 c
101.02707951634366 128.88503311002324 101.02707951634366 107.04893701804613 c
101.02707951634366 107.04893701804613 127.54202911010066 122.35735030355109 c
127.54202911010066 116.96789762889533 127.54202911010066 122.35735030355109 d
127.54202911010066 116.96789762889533 133.26874368885572 107.04893701804613 c
133.26874368885572 107.04893701804613 144.7221728463659 107.04893701804613 c
144.7221728463659 107.04893701804613 150.44888742512097 116.96789762889533 c
150.44888742512097 116.96789762889533 144.7221728463659 126.88685823974453 c
144.7221728463659 126.88685823974453 133.26874368885575 126.88685823974453 c
133.26874368885575 126.88685823974453 127.54202911010066 116.96789762889533 c
127.54202911010066 122.35735030355109 101.02707951634366 137.66576358905604 c
101.02707951634366 137.66576358905604 101.02707951634366 128.88503311002324 c
101.02707951634366 128.88503311002324 92.59413512784745 146.39622256884024 c
92.59413512784745 146.39622256884024 73.64548108761281 150.72112920200033 c
73.64548108761281 150.72112920200033 58.44984037003785 138.60301010271638 c
58.44984037003784 136.27385720306506 29.224920185018938 165.49877738808397 c
29.224920185018938 165.49877738808397 43.45883174197739 165.49877738808397 c
43.45883174197739 165.49877738808397 57.94510898930318 190.58974559298127 c
57.94510898930318 190.58974559298127 57.94510898930318 177.22219701601512 c
57.94510898930318 177.22219701601512 72.64581222450526 165.49877738808397 c
72.64581222450526 165.49877738808397 90.97728931910567 169.68281741085903 c
90.97728931910567 169.68281741085903 99.13556412688419 186.6236496083282 c
99.1355641268842 179.28165335697838 99.13556412688419 186.6236496083282 d
99.1355641268842 179.28165335697838 112.91844009577862 165.49877738808397 c
112.91844009577862 165.49877738808397 126.70131606467304 179.28165335697838 c
126.70131606467304 179.28165335697838 112.91844009577862 193.0645293258728 c
112.91844009577862 193.0645293258728 99.1355641268842 179.28165335697838 c
99.13556412688419 186.6236496083282 90.97728931910567 203.56448180579739 c
90.97728931910567 203.56448180579739 72.64581222450528 207.74852182857245 c
72.64581222450528 207.74852182857245 57.94510898930318 196.0251022006413 c
57.94510898930318 196.0251022006413 57.94510898930318 190.58974559298127 c
57.94510898930318 190.58974559298127 43.45883174197739 215.68071379787858 c
43.45883174197739 215.68071379787858 14.4862772473258 215.68071379787858 c
14.4862772473258 215.68071379787858 0.0 190.58974559298127 c
0.0 190.58974559298127 14.486277247325782 165.498777388084 c
14.486277247325782 165.498777388084 29.22492018501891 165.49877738808397 c
29.22492018501891 165.49877738808397 29.224920185018938 165.49877738808397 c
29.224920185018938 165.49877738808397 29.224920185018924 165.498777388084 c
29.224920185018924 165.498777388084 29.22492018501891 165.49877738808397 c
29.22492018501891 165.49877738808397 0.0 136.27385720306506 c
0.0 136.27385720306506 29.224920185018913 107.04893701804615 c
28.10158925863796 107.04893701804612 8.230764931736015 98.81817208631011 c
8.230764931736015 98.81817208631011 0.0 78.94734775940816 c
0.0 78.94734775940816 8.230764931736008 59.076523432506214 c
8.230764931736008 59.076523432506214 28.101589258637958 50.8457585007702 c
28.101589258637958 50.8457585007702 47.972413585539904 59.07652343250621 c
47.972413585539904 59.07652343250621 56.20317851727592 78.94734775940816 c
56.20317851727593 75.81565279826535 81.17307281477107 50.8457585007702 c
81.17307281477107 50.8457585007702 106.14296711226622 75.81565279826535 c
106.1429671122662 71.95852154345582 106.1429671122662 55.8298057716893 c
106.1429671122662 55.8298057716893 121.48228734647715 50.8457585007702 c
117.54957436227043 50.8457585007702 88.19376200470006 50.8457585007702 c
88.19376200470006 50.8457585007702 73.51585582591485 25.422879250385105 c
73.51585582591485 20.294549640967702 58.771002425035896 40.589099281935404 c
58.771002425035896 40.589099281935404 34.91332846327926 32.83727110545772 c
34.91332846327926 32.83727110545772 34.91332846327926 17.45666423163963 c
34.91332846327926 17.45666423163963 17.45666423163963 34.91332846327926 c
17.45666423163963 34.91332846327926 0.0 17.456664231639632 c
0.0 17.456664231639632 17.456664231639625 0.0 c
8.728332115819816 8.728332115819812 0.0 0.0 d
