Processando arquivo: art_18_irregular_pack.txt

Tempo de Inicio (hh:mm:ss.ms) 2026-04-27 10:01:43.605607
Tempo de Termino (hh:mm:ss.ms) 2026-04-27 10:01:44.519419
Tempo Total (hh:mm:ss.ms) 0:00:00.913812

Função Objetivo: 209.14165738541666

0.0 0.0 4.327276029805806 8.668593191188085 d
0.0 10.828726609049568 8.676378729106808 6.497564115676746 c
8.676378729106808 6.497564115676746 31.137886641260888 0.0 c
31.137886641260888 0.0 37.17536669851274 1.9179363684545008 c
37.17536669851274 1.9179363684545008 33.909468951596054 34.37625449852376 c
33.909468951596054 34.37625449852376 37.17536669851275 29.680922175602717 d
37.17536669851275 29.680922175602717 51.03651755435493 22.023737417558195 c
51.03651755435493 22.023737417558195 43.21034648486231 5.719017053590218 c
43.21034648486231 5.719017053590218 69.04023110298779 0.0 c
69.04023110298779 0.0 81.77205282690576 26.513846837442607 c
81.77205282690576 28.063251407202884 81.77205282690576 26.513846837442607 d
81.77205282690576 28.063251407202884 97.22787692811926 12.818559923361018 c
97.22787692811926 12.818559923361018 98.66118358369023 2.6600465556433495 c
98.66118358369023 2.6600465556433495 105.00490541818465 0.0 c
105.00490541818465 0.0 117.96569228676177 13.190336244949695 c
117.96569228676177 13.190336244949695 123.81286994253436 14.428279996325951 c
123.81286994253436 14.428279996325951 122.06675884251105 23.917438234080826 c
123.81286994253435 23.509608472194735 122.06675884251105 23.917438234080826 d
123.81286994253435 23.509608472194735 132.78119587958537 5.596872234769132 c
132.78119587958537 5.596872234769132 129.60730790298126 1.768734110262331 c
129.60730790298126 1.768734110262331 152.62537851302648 0.0 c
152.62537851302648 0.0 165.97455373642802 4.486773533075573 c
165.97455373642802 4.486773533075573 163.83603680894 33.141328678875595 c
163.83603680894 33.141328678875595 165.97455373642802 23.724485725173746 d
165.97455373642802 23.724485725173746 179.0063198609887 17.035281546996025 c
179.0063198609887 17.035281546996025 178.43360669195266 2.235123337953283 c
178.43360669195266 2.235123337953283 216.5713457363443 0.0 c
216.5713457363443 0.0 217.5643275496891 4.454004725655418 c
217.5643275496891 4.454004725655418 210.6290977407129 14.276414197532358 c
210.6290977407129 14.276414197532358 217.29169968928414 13.668399840551453 c
217.29169968928414 13.668399840551453 217.82845392121726 29.42308825636718 c
217.82845392121726 25.87118597390775 217.82845392121726 29.42308825636718 d
217.82845392121726 25.87118597390775 223.1924756443937 20.733800788592397 c
223.1924756443937 20.733800788592397 222.01451964607625 3.9528253899692416 c
222.01451964607625 3.9528253899692416 229.66391967405121 14.39390056468067 c
229.66391967405121 14.39390056468067 241.45282110756375 0.0 c
241.45282110756375 0.0 246.5561743437495 1.0042260065277198 c
246.5561743437495 1.0042260065277198 241.87745650859137 19.513281623805785 c
241.87745650859137 19.513281623805785 237.02061345147212 55.27807388197267 c
230.60487128466127 55.278073881972674 237.02061345147212 55.27807388197267 d
230.60487128466127 55.278073881972674 258.6751747703489 83.90233683585171 c
258.6751747703489 83.90233683585171 245.60535406496953 80.50852863921935 c
245.60535406496953 80.50852863921935 235.1519351211282 101.45574315920699 c
235.1519351211282 101.45574315920699 231.84354377201308 97.22240713345231 c
231.84354377201308 97.22240713345231 218.07168544208469 59.68027561859619 c
218.07168544208469 59.68027561859619 216.29124883907323 58.211987445655566 c
216.29124883907323 58.211987445655566 205.77493557722465 62.58462111075402 d
205.77493557722465 62.58462111075402 216.29124883907323 73.40185739569853 c
216.29124883907323 73.40185739569853 202.72817207527308 78.62324045141523 c
202.72817207527308 78.62324045141523 196.05289792158064 92.03453037008066 c
196.05289792158064 92.03453037008066 175.3154646697963 101.5395702491178 c
175.3154646697963 101.5395702491178 173.2678721255973 92.80763919649428 d
173.2678721255973 92.80763919649428 156.0665378648377 92.11587021592729 c
164.45568629152658 101.5395702491178 156.0665378648377 92.11587021592729 d
164.45568629152658 101.5395702491178 185.01146108389827 108.38288863949823 c
185.01146108389827 108.38288863949823 186.87574608092376 115.16609401605172 c
186.87574608092376 115.16609401605172 179.59883759725238 124.0613744559231 c
179.59883759725238 124.0613744559231 148.0967930261687 150.47402913215439 c
148.0967930261687 150.47402913215439 148.68959191816145 154.21071342120297 d
148.68959191816145 154.21071342120297 153.44457169509653 156.49547145575755 c
153.44457169509653 156.49547145575755 167.99513797080658 150.47402913215439 c
167.99513797080658 150.47402913215439 176.18148305977974 169.5801455775703 c
176.18148305977974 169.5801455775703 177.15382045988562 175.53866948060636 c
177.15382045988562 175.53866948060636 165.01715969480517 182.55232122539684 c
165.01715969480517 182.55232122539684 157.12779040010187 184.34864679994143 c
157.12779040010187 184.34864679994143 149.19344776338963 190.74473123908666 d
149.19344776338963 190.74473123908666 151.57259958605306 199.76237268931828 c
151.57259958605306 199.76237268931828 160.3476034577619 213.11789390463318 c
160.3476034577619 213.11789390463318 170.6447832969835 223.03611643447476 c
170.6447832969835 223.03611643447476 170.64478329698352 216.67543980618115 d
170.64478329698352 216.67543980618115 183.32729899571973 191.23599392533174 c
183.32729899571973 191.23599392533174 184.20835562346014 190.74473123908663 d
184.20835562346014 190.74473123908663 177.15382045988562 151.4368389905928 c
177.15382045988562 151.4368389905928 180.38832119319082 150.47402913215439 c
180.38832119319082 150.47402913215439 185.61098469483176 150.7108877664974 c
186.87574608092376 145.01822483678424 185.61098469483176 150.7108877664974 d
186.87574608092376 145.01822483678424 187.95617231495135 135.93772862921136 c
187.95617231495135 135.93772862921136 195.73606289649433 115.5979410718028 c
195.73606289649433 115.5979410718028 201.36825072210763 109.89618090576278 c
201.36825072210763 109.89618090576278 201.14052995154125 103.27438932806878 c
201.14052995154125 103.27438932806878 208.60266822141404 101.53957024911779 c
208.60266822141404 101.53957024911779 211.60671491884932 106.95064406804399 c
211.60671491884932 106.95064406804399 225.02359776168646 126.39640958050396 c
225.02359776168646 126.39640958050396 186.87574608092376 145.01822483678424 c
185.61098469483176 150.7108877664974 212.69211219666107 153.23088252884014 c
212.69211219666107 153.23088252884014 208.60906756189132 165.66391997483973 c
208.60906756189132 165.66391997483973 206.21546622606627 173.9116586292782 c
206.21546622606627 173.9116586292782 198.20063895008977 176.00175649481403 c
198.20063895008977 176.00175649481403 184.20835562346014 190.74473123908663 c
183.32729899571973 191.23599392533174 207.43194592419795 190.74473123908666 c
207.43194592419795 190.74473123908666 207.620358939527 203.86999852554632 c
207.620358939527 203.86999852554632 209.01526402825766 207.8587493019373 c
209.01526402825766 207.8587493019373 225.72168283518508 209.53069741529382 c
225.72168283518508 209.53069741529382 179.58543259127026 230.32309697278586 c
179.58543259127026 230.32309697278586 186.2435623144014 214.7677160166827 c
186.2435623144014 214.7677160166827 170.64478329698352 216.67543980618115 c
170.6447832969835 223.03611643447476 159.89733932047017 239.8756475261898 c
159.89733932047017 239.8756475261898 154.1783832862039 232.92688181899763 c
154.1783832862039 232.92688181899763 153.21833146292542 238.73904969186725 c
153.21833146292542 238.73904969186725 137.99302569864273 200.09995006009748 c
137.99302569864273 200.09995006009748 149.19344776338963 190.74473123908666 c
157.12779040010187 184.34864679994143 138.14055027325418 153.01432241547184 c
138.14055027325418 153.01432241547184 137.65042444333912 150.47402913215439 d
137.65042444333912 150.47402913215439 138.14055027325418 166.45370014543423 c
138.14055027325418 166.45370014543423 109.2314835913566 185.14117113265834 c
102.46710414073246 190.74473123908666 109.2314835913566 185.14117113265834 d
102.46710414073246 190.74473123908666 113.03698217697699 202.08064238066612 c
113.03698217697699 202.08064238066612 132.00580397649813 212.95735475271852 c
132.00580397649813 212.95735475271852 137.9930256986427 212.7893706608248 c
137.9930256986427 212.7893706608248 124.95585475741709 235.51089841113466 c
124.95585475741709 235.51089841113466 117.64030208744322 230.07805126767906 c
117.64030208744322 230.07805126767906 102.59861742898772 228.155001641675 c
94.17438625938634 227.7815832118511 102.59861742898772 228.155001641675 d
94.17438625938634 227.7815832118511 92.17575744167411 231.5807013441372 c
92.17575744167411 231.5807013441372 76.95383984717388 232.82386565971942 c
76.95383984717388 232.82386565971942 51.17777604333537 225.5066400663364 c
51.17777604333537 215.03067054660852 51.17777604333537 225.5066400663364 d
51.17777604333537 215.03067054660852 18.489403783939643 228.44836514263653 c
18.489403783939643 228.44836514263653 0.07073019861602603 196.7565709315073 c
0.07073019861602603 196.7565709315073 0.0 195.52379019156396 c
0.0 195.52379019156396 35.341042773893925 194.56207913707928 c
35.341042773893925 194.56207913707928 41.24488653612133 190.74473123908666 c
41.24488653612133 190.74473123908666 40.29917983914389 203.0080282976288 c
40.29917983914389 203.0080282976288 42.73058789409689 204.65683180108667 c
42.73058789409689 204.65683180108667 51.17777604333537 215.03067054660852 c
42.097403638869274 239.87564752618977 51.17777604333537 225.5066400663364 d
42.097403638869274 239.87564752618977 39.89062474401051 264.74899790996545 c
39.89062474401051 264.74899790996545 43.06011932790586 268.3497715259809 c
43.06011932790586 268.3497715259809 16.339817789888023 289.18828343937656 c
16.339817789888023 289.18828343937656 18.59381257849124 278.41921378705666 c
18.59381257849124 278.41921378705666 0.0 266.0234859620436 c
0.0 266.0234859620436 19.30569959733359 257.2132398474195 c
19.30569959733359 257.2132398474195 24.742188861105603 249.23723300539064 c
24.742188861105603 249.23723300539064 42.097403638869274 239.87564752618977 c
51.17777604333537 225.5066400663364 67.3171934568398 197.93037419081662 c
67.3171934568398 197.93037419081662 82.2243475473051 191.17931136632976 c
82.2243475473051 191.17931136632976 83.52698577164092 197.23317936391612 c
83.52698577164092 197.23317936391612 86.52195565708215 190.74473123908666 c
86.52195565708215 190.74473123908666 94.17438625938634 227.7815832118511 c
102.59861742898772 228.155001641675 94.17438625938635 211.627067747984 c
94.17438625938635 211.627067747984 102.46710414073246 190.74473123908666 c
109.2314835913566 185.14117113265834 108.41776582860301 174.50280509696782 c
108.41776582860301 174.50280509696782 88.93844643089527 174.95488866891955 c
88.93844643089527 174.95488866891955 90.96982275800434 168.01283922030012 c
90.96982275800434 168.01283922030012 88.93844643089527 160.61271245022945 d
88.93844643089527 160.61271245022945 65.5432573776269 188.91045632029736 c
65.5432573776269 188.91045632029736 42.057161774867055 176.20194547125456 c
42.057161774867055 176.20194547125456 42.057161774867055 173.62061129488447 d
42.057161774867055 173.62061129488447 6.3996945307522495 181.93861051072003 c
6.3996945307522495 181.93861051072003 0.0 169.64712315166096 c
0.0 169.64712315166096 7.976670155959786 160.77314186713537 c
7.976670155959786 160.77314186713537 8.123817501463499 160.85736109515807 c
8.123817501463499 160.85736109515807 31.727998995575966 150.47402913215439 c
31.727998995575966 150.47402913215439 32.297994192395485 167.38309251415617 c
32.297994192395485 167.38309251415617 39.756130507028196 169.18260134479843 c
39.756130507028196 169.18260134479843 42.057161774867055 173.62061129488447 c
42.057161774867055 176.20194547125456 48.87364616251567 160.7361038614384 c
48.87364616251567 160.7361038614384 52.42446183340865 161.26154472390593 c
52.42446183340865 161.26154472390593 69.58344493004701 150.47402913215439 c
69.58344493004701 150.47402913215439 71.3677337565518 165.26144427452314 c
71.3677337565518 165.26144427452314 76.11178424837595 165.2264509756258 c
76.11178424837595 165.2264509756258 88.93844643089527 160.61271245022945 c
90.96982275800434 168.01283922030012 92.49846477802821 164.8501431294875 c
92.49846477802821 164.8501431294875 90.24686142478254 155.25616495557105 c
90.24686142478254 155.25616495557105 137.65042444333912 150.47402913215439 c
138.14055027325418 153.01432241547184 148.68959191816145 154.21071342120297 c
148.0967930261687 150.47402913215439 148.69133249780364 129.68182846753507 c
148.69133249780364 129.68182846753507 134.5846428623371 111.89449704930121 c
134.5846428623371 120.78979990050584 134.5846428623371 111.89449704930121 d
134.5846428623371 120.78979990050584 128.29275189759792 123.48953450006984 c
128.29275189759792 123.48953450006984 125.26662537107462 136.3827126189997 c
125.26662537107462 136.3827126189997 118.25981487242402 131.43210668892348 c
118.25981487242402 131.43210668892348 116.4163419407005 128.06397377010725 c
116.4163419407005 128.06397377010725 111.64015348194552 132.78834402302323 c
111.64015348194552 132.78834402302323 82.53622463568186 116.69094356923254 c
82.53622463568186 116.69094356923254 122.99534898726597 101.5395702491178 c
122.99534898726597 101.5395702491178 134.5846428623371 120.78979990050584 c
134.5846428623371 111.89449704930121 155.2961119556556 109.06727065687146 c
155.2961119556556 109.06727065687146 164.45568629152658 101.5395702491178 c
156.0665378648377 92.11587021592729 124.75924982161612 77.63970583206364 c
124.75924982161612 66.48154025387615 124.75924982161612 77.63970583206364 d
124.75924982161612 66.48154025387615 111.38148275273387 83.21778408353362 c
111.38148275273387 83.21778408353362 100.90540868396955 87.98484314615587 c
100.90540868396955 87.98484314615587 90.13871550109864 81.70261014366467 c
90.13871550109864 81.70261014366467 93.02050954916828 72.47026420630131 c
93.02050954916828 72.47026420630131 94.771939255874 65.73400054602276 c
94.771939255874 65.73400054602276 84.74773191594204 55.278073881972674 c
84.74773191594204 55.278073881972674 84.74773191594204 55.27807388197267 d
84.74773191594204 55.27807388197267 83.9598272966013 77.91612652824509 c
83.9598272966013 77.91612652824509 71.3271631805291 73.6536793817531 c
71.3271631805291 73.6536793817531 70.08459241731943 83.86259102548937 c
70.08459241731943 83.86259102548937 55.75868180162908 77.03726824269941 c
55.75868180162908 77.03726824269941 33.477568759279066 78.58602906232883 c
33.477568759279066 72.96576609147274 33.477568759279066 78.58602906232883 d
33.477568759279066 72.96576609147274 21.218156819790554 96.40675387142808 c
21.218156819790554 96.40675387142808 16.852417289041746 90.5357279313845 c
16.852417289041746 90.5357279313845 14.288838219815267 101.5395702491178 d
14.288838219815267 101.5395702491178 21.944333826283035 102.03426019620349 c
21.944333826283035 102.03426019620349 36.57617314497591 111.5838595796967 c
36.57617314497591 106.89335755369105 36.57617314497591 111.5838595796967 d
36.57617314497591 106.89335755369105 56.418359615571966 107.50494370297568 c
56.418359615571966 107.50494370297568 58.02162136016789 101.5395702491178 c
58.02162136016789 101.5395702491178 63.194656514993376 110.03808999069699 c
63.194656514993376 110.03808999069699 82.32459985929793 130.81754497585396 c
82.32459985929793 130.81754497585396 82.53622463568186 140.7211134705386 c
82.53622463568186 140.7211134705386 74.27241508748274 137.5987082489697 c
74.27241508748274 137.5987082489697 41.84967612965525 129.22481482334183 c
41.84967612965525 129.22481482334183 36.57617314497591 106.89335755369105 c
36.57617314497591 111.5838595796967 19.069053868994576 128.1664965329578 c
19.069053868994576 128.1664965329578 14.172368047073167 125.90695827166697 c
14.172368047073167 125.90695827166697 12.91414933925348 125.62198610473789 c
12.91414933925348 125.62198610473789 12.321072770521383 123.68971473639473 c
12.321072770521383 123.68971473639473 0.0 126.08272778490618 c
0.0 126.08272778490618 14.288838219815267 101.5395702491178 c
16.852417289041746 90.5357279313845 6.215723678192022 73.42927383492068 c
6.215723678192022 73.42927383492068 0.0 66.13018992073596 c
0.0 66.13018992073596 22.985462788558557 61.127520567009725 c
22.985462788558557 61.127520567009725 28.63169970791523 55.278073881972674 c
28.63169970791523 55.278073881972674 27.76495292959038 62.2459045811645 c
27.76495292959038 62.2459045811645 33.477568759279066 72.96576609147274 c
33.477568759279066 78.58602906232883 47.63114138883735 68.72991187842223 c
47.63114138883735 68.72991187842223 71.2053505543537 57.84258693011755 c
71.2053505543537 57.84258693011755 84.74773191594204 55.27807388197267 c
84.74773191594204 55.278073881972674 110.61202823490999 63.62620846654632 c
110.61202823490999 63.62620846654632 124.75924982161612 66.48154025387615 c
124.75924982161612 77.63970583206364 132.5776531799064 55.278073881972674 c
132.5776531799064 55.278073881972674 154.5677884403663 60.529462871838604 c
154.5677884403663 60.529462871838604 169.50889414544085 72.53528016832807 c
169.50889414544085 72.53528016832807 159.24157499616697 75.99064966377081 c
159.24157499616697 75.99064966377081 161.1157674638484 76.71091077904839 c
161.1157674638484 76.71091077904839 173.2678721255973 92.80763919649428 c
175.3154646697963 101.5395702491178 179.18780615499293 69.33315161194596 c
179.18780615499293 69.33315161194596 173.2678721255973 60.982004213009944 c
173.2678721255973 60.982004213009944 199.40810567276694 55.278073881972674 c
199.40810567276694 55.278073881972674 205.77493557722465 62.58462111075402 c
216.29124883907323 58.211987445655566 226.18979193986408 60.99706723036332 c
226.18979193986408 60.99706723036332 230.60487128466127 55.278073881972674 c
237.02061345147212 55.27807388197267 217.82845392121726 25.87118597390775 c
217.82845392121726 29.42308825636718 165.97455373642802 23.724485725173746 c
163.83603680894 33.141328678875595 150.84821978491175 19.466467361399282 c
150.84821978491175 19.466467361399282 147.06080631369008 21.376473499366305 c
147.06080631369008 21.376473499366305 123.81286994253435 23.509608472194735 c
122.06675884251105 23.917438234080826 98.82794154729862 26.536262736864842 c
98.82794154729862 26.536262736864842 81.77205282690576 28.063251407202884 c
81.77205282690576 26.513846837442607 73.49907085714611 27.360986447021567 c
73.49907085714611 27.360986447021567 57.57989699447728 41.75843267789547 c
57.57989699447728 41.75843267789547 45.44207162337171 34.7043593139382 c
45.44207162337171 34.7043593139382 37.17536669851275 29.680922175602717 c
33.909468951596054 34.37625449852376 16.024868123184575 18.362958721321796 c
16.024868123184575 18.362958721321796 5.763711973246195 31.31685318259658 c
5.763711973246195 31.31685318259658 11.235256765818514 9.562910015734774 c
11.235256765818514 9.562910015734774 0.0 10.828726609049568 c
4.327276029805806 8.668593191188085 0.0 0.0 d
