Processando arquivo: dighe1_mod_sep.txt

Tempo de Inicio (hh:mm:ss.ms) 2026-04-27 10:11:27.261205
Tempo de Termino (hh:mm:ss.ms) 2026-04-27 10:11:27.406252
Tempo Total (hh:mm:ss.ms) 0:00:00.145047

Função Objetivo: 100.4197166094028

0.0 0.0 2.6935406930328902 7.220242923203748 d
0.0 8.225079123618576 1.4670509321711158 31.592461739338 c
1.4670509321711158 31.592461739338 15.397883445256063 48.646948433006386 d
15.397883445256063 48.646948433006386 11.4146909803072 67.38692702783662 c
11.4146909803072 67.38692702783662 0.0 85.00304786114302 c
0.0 85.00304786114302 24.373062335041723 101.12024449707239 c
31.743554582854177 108.43998328888674 24.373062335041723 101.12024449707239 d
31.743554582854177 108.43998328888674 11.613438302337892 117.78571812713555 c
11.613438302337892 117.78571812713555 0.0 126.91731556626287 c
0.0 126.91731556626287 22.898143631761872 137.67024898588602 c
22.898143631761872 137.67024898588602 36.24174732615693 151.96470123711885 c
28.47020417715151 153.96470123711885 36.24174732615693 151.96470123711885 d
28.47020417715151 153.96470123711885 10.56406166903092 158.01420393617087 c
10.56406166903092 158.01420393617087 0.0 199.88935222777985 c
0.0 199.88935222777985 64.00299845423282 195.99938463795857 c
53.60895330772429 202.88935222777985 64.00299845423282 195.99938463795857 d
53.60895330772429 202.88935222777985 61.532093615644115 253.15706380703048 c
41.03541147404802 216.63548992615637 53.60895330772429 202.88935222777985 d
45.60895330772429 218.7321939929733 41.03541147404802 216.63548992615637 c
41.03541147404802 216.63548992615637 35.94743792380952 202.88935222777985 c
35.94743792380952 202.88935222777985 20.917673220453445 225.62985163206855 c
20.917673220453445 225.62985163206855 0.0 235.75426867917662 c
0.0 235.75426867917662 22.339308321137295 228.97429447439401 c
22.339308321137295 228.97429447439401 45.60895330772429 218.7321939929733 c
61.532093615644115 253.15706380703048 78.06709564225082 225.12852493161222 c
78.06709564225082 225.12852493161222 53.60895330772429 202.88935222777985 c
83.06709564225082 202.88935222777985 64.00299845423282 195.99938463795857 d
83.06709564225082 202.88935222777985 106.44359803168628 251.11308612371394 c
106.44359803168628 251.11308612371394 123.31837713060395 226.00765957044857 c
123.31837713060395 226.00765957044857 83.06709564225082 202.88935222777985 c
64.00299845423282 195.99938463795857 49.922102667806236 178.3238141810152 c
49.922102667806236 178.3238141810152 28.47020417715151 153.96470123711885 c
36.24174732615693 151.96470123711885 40.42037784075527 145.2539061667468 c
40.42037784075527 145.2539061667468 52.696770252973444 145.77459019473199 c
52.696770252973444 145.77459019473199 67.05682534659998 135.89713831866143 d
67.05682534659998 135.89713831866143 70.402799859667 118.2439941277687 c
70.402799859667 118.2439941277687 82.79604022741853 108.43998328888674 c
88.79604022741853 117.3539856036193 82.79604022741853 108.43998328888674 d
88.79604022741853 117.3539856036193 102.80351009846183 130.6702995260343 c
102.80351009846183 130.6702995260343 112.97070521134395 123.64044753139984 c
112.97070521134395 123.64044753139984 116.89551759652097 123.94529934101998 c
116.89551759652097 123.94529934101998 101.93593443079787 111.24047583920488 c
101.93593443079787 111.24047583920488 91.78372911395451 108.43998328888674 c
91.78372911395451 108.43998328888674 88.79604022741853 117.3539856036193 c
82.79604022741853 108.43998328888674 66.02790947273637 117.521960188094 c
66.02790947273637 117.521960188094 59.696770252973444 119.81143344502414 c
59.696770252973444 119.81143344502414 60.55783893448235 120.14098524316874 c
65.01500712248937 106.43998328888674 60.55783893448235 120.14098524316874 d
65.01500712248937 106.43998328888674 70.96628711217186 61.7804386077368 c
70.96628711217186 61.7804386077368 87.26283588933455 54.758248426867034 c
88.36287801665618 45.646948433006386 87.26283588933455 54.758248426867034 d
88.36287801665618 45.646948433006386 114.40915714799371 36.08790865407157 c
120.09208167658674 48.646948433006386 114.40915714799371 36.08790865407157 d
120.09208167658674 48.646948433006386 107.2726081302246 62.76433248682574 c
107.2726081302246 62.76433248682574 95.26283588933454 80.10374267528604 c
95.26283588933454 80.10374267528604 107.88189490619715 90.59213107174675 c
107.88189490619715 90.59213107174675 119.98740629492941 91.4198677972223 c
119.98740629492941 91.4198677972223 120.09208167658674 48.646948433006386 c
114.40915714799371 36.08790865407157 130.3344906120049 26.008590735993103 c
130.3344906120049 26.008590735993103 110.19201717309504 8.992158162518555 c
110.19201717309504 8.992158162518555 87.72163525517442 0.0 c
87.72163525517442 0.0 96.73394413979014 25.465926207287787 c
96.73394413979014 25.465926207287787 88.36287801665618 45.646948433006386 c
87.26283588933455 54.758248426867034 45.96990673437008 48.646948433006386 c
31.602968333891013 32.35897740775327 45.96990673437008 48.646948433006386 d
46.202127149347234 38.21453016529376 52.78393780519379 36.331928351862175 c
52.78393780519379 36.331928351862175 53.84953105574639 17.91331203086463 c
53.84953105574639 17.91331203086463 61.043820532636815 0.0 c
65.24475707618002 0.0 61.043820532636815 0.0 d
65.24475707618002 0.0 63.043820532636815 14.228485512774352 c
63.043820532636815 14.228485512774352 68.74965293027552 26.90045245232219 c
68.74965293027552 26.90045245232219 79.72163525517442 17.584125732472586 c
79.72163525517442 17.584125732472586 68.20949007736942 7.017973488616036 c
68.20949007736942 7.017973488616036 65.24475707618002 0.0 c
61.043820532636815 0.0 53.93871987085526 6.0784237729196775 c
53.93871987085526 6.0784237729196775 40.27051933094046 11.268773222086665 c
40.27051933094046 11.268773222086665 25.047956984168998 28.910565991594183 c
25.047956984168998 28.910565991594183 31.602968333891013 32.35897740775327 c
31.602968333891013 32.35897740775327 45.40827506286545 32.87824997313696 c
45.40827506286545 32.87824997313696 46.202127149347234 38.21453016529376 c
45.96990673437008 48.646948433006386 65.01500712248937 106.43998328888674 c
60.55783893448235 120.14098524316874 67.05682534659998 135.89713831866143 c
52.696770252973444 145.77459019473199 69.00299845423282 153.96470123711885 d
69.00299845423282 153.96470123711885 79.14096229066158 158.25322310734904 c
79.14096229066158 158.25322310734904 84.98016665976687 165.05675878888772 c
84.98016665976687 165.05675878888772 94.75948729434886 165.09911768518987 c
94.75948729434886 165.09911768518987 110.07418200007302 157.75055555646685 c
117.07418200007302 153.96470123711885 110.07418200007302 157.75055555646685 d
117.07418200007302 153.96470123711885 123.70088504166026 198.31319211868737 c
123.70088504166026 198.31319211868737 139.52475641312046 175.99479384039785 c
139.52475641312046 175.99479384039785 117.07418200007302 153.96470123711885 c
110.07418200007302 157.75055555646685 88.45265854562736 160.4936868600201 c
88.45265854562736 160.4936868600201 69.00299845423282 153.96470123711885 c
52.696770252973444 145.77459019473199 47.00831223434428 127.9718176509685 c
47.00831223434428 127.9718176509685 31.743554582854177 108.43998328888674 c
24.373062335041723 101.12024449707239 42.96990673437008 75.95430674894104 c
42.96990673437008 75.95430674894104 19.499599102515244 56.15733412715126 c
19.499599102515244 56.15733412715126 15.397883445256063 48.646948433006386 c
1.4670509321711158 31.592461739338 22.047956984168998 0.0 c
22.047956984168998 0.0 0.0 8.225079123618576 c
2.6935406930328902 7.220242923203748 0.0 0.0 d
