Processando arquivo: dighe2_mod_sep.txt

Tempo de Inicio (hh:mm:ss.ms) 2026-04-27 10:11:26.727075
Tempo de Termino (hh:mm:ss.ms) 2026-04-27 10:11:26.880177
Tempo Total (hh:mm:ss.ms) 0:00:00.153102

Função Objetivo: 77.39742771838179

0.0 0.0 12.78322046669514 5.373318785248787 d
15.041849647278454 0.0 0.0 35.784826464402336 c
0.0 35.784826464402336 15.520985147136262 49.63456060285536 c
15.520985147136262 49.63456060285536 17.07442307103897 56.63456060285535 d
17.07442307103897 56.63456060285535 8.14383865795446 64.54814029075166 c
8.14383865795446 64.54814029075166 0.0 78.82619096093427 c
0.0 78.82619096093427 34.80000860220509 84.69522191377673 c
34.80000860220509 84.69522191377673 40.8000086022051 85.13495704406155 d
40.8000086022051 85.13495704406155 65.46469739118078 84.13269515148963 c
65.46469739118078 84.13269515148963 64.26637924316881 74.31149167180993 c
64.26637924316881 74.31149167180993 64.57040990944093 56.63456060285536 c
64.57040990944093 56.63456060285536 70.46469739118076 56.63456060285536 d
70.46469739118076 56.63456060285536 71.4420037222638 80.49241689193401 c
71.4420037222638 80.49241689193401 77.78052630747675 99.3922275953327 c
81.03765697034528 102.3922275953327 77.78052630747675 99.3922275953327 d
81.03765697034528 102.3922275953327 67.32452066344324 124.6331715462903 c
58.32452066344324 111.21314317365366 67.32452066344324 124.6331715462903 d
58.32452066344324 111.21314317365366 46.03534552305662 102.3922275953327 c
46.03534552305662 102.3922275953327 21.246200919821543 119.67967125850176 c
21.246200919821543 119.67967125850176 3.1723456378023274 127.24553314226196 c
3.1723456378023274 127.24553314226196 0.0 134.99548197917443 c
0.0 134.99548197917443 19.114643155737777 171.82229932686573 d
19.114643155737777 171.82229932686573 17.08946700137668 178.1458740825849 c
17.08946700137668 178.1458740825849 6.022146957011229 191.4633326074742 c
6.022146957011229 191.4633326074742 3.3742136676478296 197.20910669684088 c
3.3742136676478296 197.20910669684088 0.0 210.13014106815686 c
0.0 210.13014106815686 4.469698552790872 215.86144925827705 c
4.469698552790872 215.86144925827705 19.60407432866646 228.78301777937656 c
19.60407432866646 228.78301777937656 23.700474123366032 243.5687521277831 c
23.700474123366032 243.5687521277831 49.21323463859896 248.43778793958546 c
49.21323463859896 248.43778793958546 60.710834544341495 241.60830550632195 c
60.710834544341495 241.60830550632195 60.43209229969513 216.893190167621 c
60.43209229969513 216.893190167621 54.96994238423348 184.16766807831232 c
54.96994238423348 184.16766807831232 34.96424834289796 185.81317019425555 c
34.96424834289796 185.81317019425555 19.114643155737777 171.82229932686573 c
0.0 134.99548197917443 58.32452066344324 111.21314317365366 c
67.32452066344324 124.6331715462903 103.15012409502299 165.82229932686573 c
103.15012409502299 165.82229932686573 126.54499254785652 165.77389952697544 c
126.54499254785652 165.77389952697544 93.81086632994518 128.4733233441064 c
93.81086632994518 128.4733233441064 81.03765697034528 102.3922275953327 c
77.78052630747675 99.3922275953327 88.95844083368401 93.1476253977711 c
88.95844083368401 93.1476253977711 113.76020145003591 84.79457229471035 c
113.76020145003591 84.79457229471035 105.37379657676703 79.72566819724152 c
105.37379657676703 79.72566819724152 105.26410318931956 74.47826025325541 c
105.26410318931956 74.47826025325541 138.68186148769493 42.47796397832746 d
112.59221025939988 47.87018049628834 138.68186148769493 42.47796397832746 c
138.68186148769493 42.47796397832746 141.98601040613838 14.50429627686978 c
151.48447699709448 23.20801559816865 141.98601040613838 14.50429627686978 d
151.48447699709448 23.20801559816865 148.98601040613838 40.63532244003852 c
148.98601040613838 40.63532244003852 166.2416353141072 0.9578771115836417 c
166.2416353141072 0.9578771115836417 158.71263842433459 4.640395018442042 c
158.71263842433459 4.640395018442042 156.84791417957717 0.0 c
156.84791417957717 0.0 151.48447699709448 23.20801559816865 c
141.98601040613838 14.50429627686978 111.82045962487902 0.0 c
111.82045962487902 0.0 106.82045962487902 2.5666549093675743 d
106.82045962487902 2.5666549093675743 75.1692348389584 7.877206917774561 c
75.1692348389584 7.877206917774561 52.42948214384289 0.0 c
52.42948214384289 0.0 51.68230972997439 23.3575702062929 c
51.68230972997439 23.3575702062929 55.50998018317814 32.322751985968694 c
55.50998018317814 32.322751985968694 83.13379371559807 37.42569211184503 c
83.13379371559807 37.42569211184503 100.62401554087832 33.6950050064115 c
100.62401554087832 33.6950050064115 100.8227951589288 25.23055711407823 c
100.8227951589288 25.23055711407823 88.40967348136581 22.97690380965261 c
88.40967348136581 22.97690380965261 96.16565579633678 16.64471007088717 c
96.16565579633678 16.64471007088717 106.82045962487902 2.5666549093675743 c
111.82045962487902 0.0 112.59221025939988 47.87018049628834 c
105.26410318931956 74.47826025325541 81.33435341469463 64.03543456806247 c
81.33435341469463 64.03543456806247 70.46469739118076 56.63456060285536 c
64.57040990944093 56.63456060285536 56.659693427339946 60.38044143019433 c
56.659693427339946 60.38044143019433 47.205069362316195 76.35850234153492 c
47.205069362316195 76.35850234153492 40.8000086022051 85.13495704406155 c
34.80000860220509 84.69522191377673 22.12683565371556 70.22486244588136 c
22.12683565371556 70.22486244588136 17.07442307103897 56.63456060285535 c
15.520985147136262 49.63456060285536 42.68230972997439 17.589392438394977 c
42.68230972997439 17.589392438394977 15.041849647278454 0.0 c
12.78322046669514 5.373318785248787 0.0 0.0 d
