Processando arquivo: dighe2_pack.txt

Tempo de Inicio (hh:mm:ss.ms) 2026-04-27 10:04:51.365739
Tempo de Termino (hh:mm:ss.ms) 2026-04-27 10:04:51.422106
Tempo Total (hh:mm:ss.ms) 0:00:00.056367

Função Objetivo: 77.42249999999999

0.0 0.0 8.0 2.0 c
12.0 0.0 8.0 2.0 d
12.0 0.0 64.0 7.0 c
67.0 11.0 64.0 7.0 d
67.0 11.0 64.0 0.0 c
64.0 0.0 97.0 0.0 c
97.0 0.0 97.0 19.0 c
97.0 19.0 67.0 11.0 c
64.0 7.0 52.0 20.0 c
52.0 20.0 59.0 39.0 c
59.0 39.0 15.0 30.0 c
15.0 30.0 13.0 5.0 c
13.0 5.0 12.0 0.0 c
8.0 2.0 10.0 27.0 c
10.0 27.0 12.0 64.0 c
12.0 64.0 0.0 64.0 c
0.0 64.0 30.0 72.0 c
30.0 72.0 67.0 83.0 c
67.0 83.0 56.0 93.0 c
56.0 93.0 67.0 94.0 d
67.0 94.0 72.0 64.0 c
72.0 64.0 97.0 64.0 c
97.0 64.0 97.0 87.0 c
97.0 87.0 109.0 74.0 c
109.0 74.0 120.0 64.0 c
120.0 64.0 150.0 85.0 c
150.0 85.0 150.0 134.0 c
150.0 134.0 126.0 134.0 c
126.0 134.0 121.0 164.0 c
121.0 164.0 84.0 153.0 c
84.0 162.0 84.0 153.0 d
84.0 162.0 44.0 162.0 c
44.0 143.0 44.0 162.0 d
44.0 143.0 16.0 171.0 c
16.0 171.0 2.0 171.0 c
2.0 171.0 0.0 134.0 c
0.0 134.0 44.0 143.0 c
44.0 162.0 72.0 134.0 c
72.0 134.0 84.0 162.0 c
84.0 153.0 84.0 134.0 c
84.0 134.0 116.0 134.0 c
116.0 134.0 126.0 134.0 c
126.0 134.0 129.0 145.0 c
129.0 145.0 133.0 167.0 c
133.0 167.0 134.0 172.0 c
134.0 172.0 126.0 170.0 c
126.0 170.0 126.0 134.0 c
126.0 134.0 116.0 134.0 d
116.0 134.0 104.0 106.0 c
104.0 106.0 97.0 87.0 c
97.0 87.0 97.0 115.0 c
97.0 115.0 67.0 94.0 c
56.0 93.0 4.0 86.0 c
4.0 86.0 0.0 64.0 c
0.0 64.0 0.0 0.0 c
