Processando arquivo: fu_sep.txt

Tempo de Inicio (hh:mm:ss.ms) 2026-04-27 10:10:41.810738
Tempo de Termino (hh:mm:ss.ms) 2026-04-27 10:10:41.862116
Tempo Total (hh:mm:ss.ms) 0:00:00.051378

Função Objetivo: 26.336

0.0 0.0 3.2 1.5999999999999996 d
4.0 0.0 8.0 8.0 c
4.0 0.0 10.0 0.0 d
10.0 14.0 10.0 0.0 c
10.0 14.0 10.0 15.0 d
0.0 15.0 10.0 15.0 c
10.0 15.0 10.0 25.0 c
10.0 25.0 14.0 25.0 c
14.0 25.0 16.0 25.0 d
16.0 25.0 30.0 25.0 c
31.0 25.0 30.0 25.0 d
31.0 25.0 36.0 25.0 c
36.0 25.0 36.0 34.0 c
36.0 34.0 31.0 34.0 c
31.0 34.0 31.0 25.0 c
30.0 25.0 23.0 32.0 c
23.0 32.0 16.0 25.0 c
14.0 25.0 14.0 39.0 c
11.0 41.0 14.0 39.0 d
11.0 41.0 25.0 41.0 c
10.0 45.0 11.0 41.0 d
10.0 45.0 10.0 50.0 c
10.0 50.0 0.0 50.0 c
0.0 50.0 0.0 41.0 c
0.0 41.0 10.0 45.0 c
25.0 41.0 25.0 55.0 c
25.0 55.0 11.0 55.0 c
11.0 55.0 11.0 41.0 c
14.0 39.0 0.0 25.0 c
0.0 25.0 10.0 25.0 c
10.0 25.0 0.0 25.0 d
0.0 25.0 0.0 15.0 c
10.0 14.0 12.0 15.0 d
12.0 15.0 26.0 15.0 c
26.0 15.0 26.0 24.0 c
27.0 24.0 26.0 24.0 d
27.0 24.0 27.0 15.0 c
27.0 15.0 41.0 24.0 c
41.0 24.0 27.0 24.0 c
26.0 24.0 12.0 24.0 c
12.0 24.0 12.0 15.0 c
10.0 0.0 20.0 0.0 c
20.0 0.0 30.0 0.0 c
30.0 0.0 44.0 0.0 c
44.0 0.0 37.0 12.0 c
37.0 12.0 30.0 0.0 c
30.0 0.0 30.0 10.0 c
30.0 10.0 20.0 10.0 c
20.0 10.0 20.0 0.0 c
20.0 0.0 20.0 10.0 d
20.0 10.0 10.0 14.0 c
8.0 8.0 0.0 8.0 c
0.0 8.0 4.0 0.0 c
3.2 1.5999999999999996 0.0 0.0 d
