Processando arquivo: han120_mod_pack.txt

Tempo de Inicio (hh:mm:ss.ms) 2026-04-27 10:04:21.190358
Tempo de Termino (hh:mm:ss.ms) 2026-04-27 10:04:29.495509
Tempo Total (hh:mm:ss.ms) 0:00:08.305151

Função Objetivo: 25271.408275586295

0.0 0.0 699.7243598866426 499.6898874371491 d
1107.3135680774155 34.69811473428831 1056.5648501153967 0.0 c
1107.3135680774155 0.0 1107.3135680774155 34.69811473428831 d
1107.3135680774155 0.0 1216.5833305936278 851.533186402123 c
1216.5833305936278 851.533186402123 1315.3230608918177 1705.5631660006952 c
1315.3230608918177 1705.5631660006952 1738.671352133049 1656.3763554668574 c
1738.671352133049 1656.3763554668574 2168.2750374618363 1607.7014266685776 c
2168.2750374618363 1607.7014266685776 1637.3773900436336 801.9809768142765 c
1637.3773900436336 801.9809768142765 2379.09121935805 1069.8680258139236 d
2168.2750374618363 446.6685392079901 2379.09121935805 1069.8680258139236 c
2379.09121935805 1069.8680258139236 2590.8524513940906 1690.8904535168094 c
2590.8524513940906 1690.8904535168094 3240.5380235273974 1472.9363148632024 c
3240.5380235273974 1472.9363148632024 3890.7441874387273 1249.2132875857897 c
3890.7441874387273 1249.2132875857897 3671.8681859449202 628.1840717414118 c
3890.7441874387273 627.1523916631735 3671.8681859449202 628.1840717414118 d
3890.7441874387273 627.1523916631735 4417.490566167408 567.973300471625 c
4417.490566167408 312.85272833259387 4417.490566167408 567.973300471625 d
4417.490566167408 312.85272833259387 4903.764343440402 524.7305345944039 c
4903.764343440402 524.7305345944039 5399.623445528171 1162.0594395466667 d
5399.623445528171 1162.0594395466667 6047.643026759626 1870.0174946673856 c
6047.643026759626 1870.0174946673856 6686.0655543877865 2575.2179642965802 c
6750.543929336338 2575.2179642965802 6686.0655543877865 2575.2179642965802 d
6750.543929336338 2575.2179642965802 6726.004636138922 3360.8829251415173 c
6642.822468147269 3297.6891478388 6726.004636138922 3360.8829251415173 d
6642.822468147269 3297.6891478388 6571.3682312865585 2575.2179642965802 c
6430.255234118891 2692.4604573021984 6571.3682312865585 2575.2179642965802 d
6430.255234118891 2692.4604573021984 5696.780949271087 2575.2179642965802 c
5490.042150798423 2575.2179642965802 5696.780949271087 2575.2179642965802 d
5490.042150798423 2575.2179642965802 4804.7880684113325 3272.9561527144756 c
4804.7880684113325 3046.3484345188226 4804.7880684113325 3272.9561527144756 d
4804.7880684113325 3046.3484345188226 4534.974387523663 2814.9197629315986 c
4534.974387523663 2814.9197629315986 4260.873178427376 2575.2179642965802 c
4260.873178427376 2575.2179642965802 3687.323708890889 3251.3226804961646 c
3687.323708890889 3251.3226804961646 4232.881514518715 3717.5208696229624 c
3493.4822262245457 3777.9081538487026 4232.881514518715 3717.5208696229624 d
3493.4822262245457 3777.9081538487026 3687.323708890889 2656.6818560821866 c
3687.323708890889 2656.6818560821866 3217.6842598281632 2575.2179642965802 c
3217.6842598281632 2575.2179642965802 1959.6066812908882 3520.814673427989 c
1959.6066812908882 3520.814673427989 1959.6066812908884 3812.4698383871255 d
1959.6066812908884 3812.4698383871255 1745.1803056991732 2575.2179642965802 c
1745.1803056991732 2575.2179642965802 0.0 2874.037584406589 c
0.0 2874.037584406589 199.0020875670784 4072.2245681510094 c
199.0020875670784 4072.2245681510094 1959.6066812908884 3812.4698383871255 c
1959.6066812908882 3520.814673427989 3493.4822262245457 3777.9081538487026 c
4232.881514518715 3717.5208696229624 4525.2933822563455 3388.372758252519 c
4525.2933822563455 3388.372758252519 4804.7880684113325 3046.3484345188226 c
4804.7880684113325 3272.9561527144756 5299.954329799579 3708.6653296163217 c
5299.954329799579 3708.6653296163217 5490.042150798423 2575.2179642965802 c
5696.780949271087 2575.2179642965802 5490.042150798422 3484.7327067580622 c
5490.042150798422 3484.7327067580622 6430.255234118891 2692.4604573021984 c
6571.3682312865585 2575.2179642965802 6499.583426758532 3308.7456110817816 c
6499.583426758532 3308.7456110817816 6430.255234118891 4044.010643229348 c
6430.255234118891 4044.010643229348 6569.972926308802 4033.9449899658057 c
6569.972926308802 4033.9449899658057 6711.840202484121 4021.40636363999 c
6711.840202484121 4021.40636363999 6642.822468147269 3297.6891478388 c
6726.004636138922 3360.8829251415173 6711.840202484122 4149.4772526295565 c
6711.840202484122 4149.4772526295565 7441.412001608731 3857.874067026728 c
7441.412001608731 3857.874067026728 8155.338070183276 3569.9841027193474 c
8155.338070183276 3569.9841027193474 7446.910356983002 3074.018650477075 c
7446.910356983002 3074.018650477075 6750.543929336338 2575.2179642965802 c
6686.0655543877865 2575.2179642965802 7335.741484222439 1990.381227627021 c
7335.741484222439 1990.381227627021 7987.987301182242 1395.4821636261447 c
7987.987301182242 1395.4821636261447 7330.667580549724 704.2201622871057 c
7330.667580549724 704.2201622871057 7987.987301182241 901.2175028419697 d
7987.987301182241 901.2175028419697 8151.730807713056 1212.7626488831338 c
8151.730807713056 1212.7626488831338 8317.97640994119 1515.7837214408546 c
8317.97640994119 1515.7837214408546 9052.682088131463 857.8783132957495 c
9052.682088131463 857.8783132957495 9794.164698094799 198.45184948240865 c
9794.164698094799 198.45184948240865 9740.333883527155 99.71055397287853 c
9740.333883527155 99.71055397287853 9697.680569169399 0.0 c
9794.164698094799 0.0 9697.680569169399 0.0 d
9794.164698094799 0.0 9817.039223717595 1742.5293815900407 c
9817.039223717595 1742.5293815900407 10323.631942107844 2072.8428704319813 c
10323.631942107844 2072.8428704319813 10033.258287646333 2575.2179642965802 d
10033.258287646333 2575.2179642965802 9952.409580870459 4084.408121344627 c
9934.598435321033 2966.926625510375 10033.258287646333 2575.2179642965802 d
9046.603998866129 3082.409127694962 9952.40958087046 3016.5685952778576 c
9952.40958087046 3016.5685952778576 9939.300216719026 2987.120517214495 c
9939.300216719026 2987.120517214495 9934.598435321033 2966.926625510375 c
9934.598435321033 2966.926625510375 9174.488031982486 2775.5517703570213 c
9174.488031982486 2775.5517703570213 8416.817170105864 2575.2179642965802 c
8416.817170105864 2575.2179642965802 8285.800140099638 2858.948584777167 c
8285.800140099638 2858.948584777167 8155.338070183276 3145.2337250272235 c
8155.338070183276 3145.2337250272235 9046.603998866129 3082.409127694962 c
9952.409580870459 4084.408121344627 11389.965996176157 4856.878640658193 c
11389.965996176157 4856.878640658193 11177.235779897734 4856.878640658193 d
11177.235779897734 4856.878640658193 10612.971642101513 5465.498571335358 c
10612.971642101513 5465.498571335358 10036.349708840002 6064.799705789022 c
10036.349708840002 6064.799705789022 9856.66543225427 5907.721355730372 d
9856.66543225427 5907.721355730372 10036.349708840002 5813.994628592904 c
10036.349708840002 5813.994628592904 9795.231930445936 5340.319400547571 c
9795.231930445936 5340.319400547571 9543.42406917509 4856.878640658193 c
9543.42406917509 4856.878640658193 9450.265474629312 4906.172986665376 c
9450.265474629312 4906.172986665376 9363.55970428993 4958.2395139295595 c
9363.55970428993 4958.2395139295595 9363.55970428993 5024.876503371883 d
9363.55970428993 5024.876503371883 9120.23185879842 4856.878640658193 c
9120.23185879842 4856.878640658193 8122.448355348268 6392.771291489505 c
8122.448355348268 6392.771291489505 8378.856841938576 6556.867551793343 c
8378.856841938576 6556.867551793343 8251.917144409788 7177.955379419571 d
8251.917144409788 7177.955379419571 8148.967898626233 7420.221432239788 c
8148.967898626233 7420.221432239788 8049.751169715619 7359.716008784026 d
8049.751169715619 7359.716008784026 7692.447197057995 7263.247125179277 c
7692.447197057995 7263.247125179277 7316.932021231047 7177.955379419571 c
7316.932021231047 7177.955379419571 7281.116111063665 7305.2579221124615 c
7281.116111063665 7305.2579221124615 7247.008049307665 7441.242101445955 c
6946.2714765768405 7589.439074666444 7247.008049307665 7441.242101445955 d
6946.2714765768405 7589.439074666444 6648.00220479254 7177.955379419571 c
6648.00220479254 7177.955379419571 6519.270320017352 7272.448515405069 c
6519.270320017352 7272.448515405069 6377.717423042532 7366.3969623303 c
6377.717423042532 7366.3969623303 6812.415806728625 7691.932801389644 c
6377.717423042532 8440.716108759852 6812.415806728625 7691.932801389644 d
6377.717423042532 8440.716108759852 5137.793658025916 7177.955379419571 c
5137.793658025916 7177.955379419571 4779.626312415517 7528.127695125446 c
4779.626312415517 7528.127695125446 4779.626312415517 7401.185638198338 d
4779.626312415517 7401.185638198338 4392.772111415553 7177.955379419571 c
4392.772111415553 7177.955379419571 2415.994659121788 7522.494980000124 c
2415.994659121788 7522.494980000124 2397.132302296449 8392.277292890234 c
2397.132302296449 8392.277292890234 4392.772111415553 7177.955379419571 c
4392.772111415553 7177.955379419571 4422.539569810843 7433.9742412361165 c
4422.539569810843 7433.9742412361165 4779.626312415517 7401.185638198338 c
4779.626312415517 7528.127695125446 5362.095510859483 9437.204104087235 c
4853.000284275108 9884.436440212707 5362.095510859483 9437.204104087235 d
4853.000284275108 9884.436440212707 3566.8136155845505 11197.844113076695 c
3566.8136155845505 11197.844113076695 3566.8136155845505 11112.95912285007 d
3566.8136155845505 11112.95912285007 3021.174434372948 10401.656170480443 c
3021.174434372948 10401.656170480443 2239.0798470417676 9884.436440212707 c
2127.5342334385996 9884.436440212708 2239.0798470417676 9884.436440212707 d
2127.5342334385996 9884.436440212708 2397.132302296449 9772.281746820685 c
2397.132302296449 9772.281746820685 1303.9044134784717 7177.955379419571 c
713.8117428921462 6862.8978809034015 1303.9044134784717 7177.955379419571 d
713.8117428921462 6862.8978809034015 1369.4564546406632 6182.218656423901 c
1369.4564546406632 6182.218656423901 1369.4564546406632 5732.682922751421 d
1369.4564546406632 5732.682922751421 2088.2864477554604 5812.932136565396 c
2088.2864477554604 5812.932136565396 2814.0039457046823 5899.320009281629 c
2814.0039457046823 5899.320009281629 3181.9108116234474 5940.292329100923 d
3181.9108116234474 5940.292329100923 2962.2593550392457 7028.960688139239 c
2962.2593550392457 7028.960688139239 3325.907403425419 7100.119679354397 c
3325.907403425419 7100.119679354397 3694.1746611901003 7177.955379419572 c
3694.1746611901003 7177.955379419572 3921.929422006544 6090.667963687647 c
3921.929422006544 6090.667963687647 4145.7316287074345 5017.131917851873 c
4207.141556900749 4856.878640658193 4145.7316287074345 5017.131917851873 d
4207.141556900749 4856.878640658193 4145.7316287074345 5625.855535460416 c
4145.7316287074345 5625.855535460416 4798.26614238754 5981.205157044941 c
4798.26614238754 5981.205157044941 5417.986930233016 5618.6942271714215 d
5417.986930233016 5618.6942271714215 6610.019101387755 5999.302595926786 c
6610.019101387755 5999.302595926786 6802.215682996982 5380.00219164792 c
6802.215682996981 5556.954156282027 6802.215682996982 5380.00219164792 d
6802.215682996981 5556.954156282027 7460.378482212998 5489.670317676882 c
7460.378482212998 5489.670317676882 8122.448355348268 5417.0957526377415 c
8122.448355348268 5417.0957526377415 8094.536605633149 5130.033446395765 c
8094.536605633149 5130.033446395765 8062.004377612436 4856.878640658193 c
8062.004377612436 4856.878640658193 7432.769388064448 5202.683513040178 c
7432.769388064448 5202.683513040178 6802.215682996981 5556.954156282027 c
6802.215682996982 5380.00219164792 5132.085779478863 4856.878640658193 c
5132.085779478863 4856.878640658193 5417.986930233016 5618.6942271714215 c
4798.26614238754 5981.205157044941 5132.0857794788635 5375.970423849989 c
5132.0857794788635 5375.970423849989 4207.141556900749 4856.878640658193 c
4145.7316287074345 5017.131917851873 3777.378830922289 4939.793560553335 c
3777.378830922289 4939.793560553335 3410.7436335251086 4856.878640658193 c
3410.7436335251086 4856.878640658193 3181.9108116234474 5940.292329100923 c
2814.0039457046823 5899.320009281629 2883.617029451217 5515.987041014831 c
2883.617029451217 5515.987041014831 2962.2593550392457 5123.401693041674 c
2962.2593550392457 5123.401693041674 2241.2358580174227 4993.688319613673 c
2241.2358580174227 4993.688319613673 1532.0733000941418 4856.878640658193 c
1532.0733000941418 4856.878640658193 1369.4564546406632 5732.682922751421 c
1369.4564546406632 6182.218656423901 0.0 4856.878640658193 c
0.0 4856.878640658193 713.8117428921462 6862.8978809034015 c
1303.9044134784717 7177.955379419571 0.0 7732.702333570732 c
0.0 7732.702333570732 868.5940313836509 9808.354036822779 c
868.5940313836509 9808.354036822779 2127.5342334385996 9884.436440212708 c
2239.0798470417676 9884.436440212707 1712.4817086346268 10665.206402193735 c
1712.4817086346268 10665.206402193735 1650.8713945474626 10580.832979054123 d
1650.8713945474626 10580.832979054123 1712.4817086346268 10093.619420690255 c
1712.4817086346268 10093.619420690255 855.3716577426268 9985.398852460545 c
855.3716577426268 9985.398852460545 0.0 9884.436440212707 c
0.0 9884.436440212707 799.6009096509922 10471.579156308811 c
799.6009096509922 10471.579156308811 1597.6840984335695 11061.157525466038 c
1597.6840984335695 11061.157525466038 1650.8713945474626 10580.832979054123 c
1712.4817086346268 10665.206402193735 3281.228094589402 11712.37786326931 c
3281.228094589402 11712.37786326931 3566.8136155845505 11112.95912285007 c
3566.8136155845505 11197.844113076695 4310.186841334343 12088.186137376188 c
4310.186841334343 12088.186137376188 4813.497681760173 12088.18613737619 d
4813.497681760173 12088.18613737619 4279.289921761679 14206.85910489323 c
4279.289921761679 14206.85910489323 4781.405523455162 14256.741143479609 d
4702.09606002581 14206.859104893229 3593.420716794707 15071.546832588734 c
3593.420716794707 15071.546832588734 2475.631942644192 15933.357207556179 c
2475.631942644192 15933.357207556179 2902.5891596138504 16208.51718536228 c
2902.5891596138504 16208.51718536228 3337.3490813069006 16492.035326176338 c
3337.3490813069006 16492.035326176338 3069.105104367444 16492.035326176338 d
3069.105104367444 16492.035326176338 2488.478478935498 16745.74632306667 c
2488.478478935498 16745.74632306667 1910.0499776367437 17004.395585154634 c
1910.0499776367437 17004.395585154634 1910.0499776367437 17136.823235800915 d
1910.0499776367437 17136.823235800915 1315.8989213477912 16812.671526863098 c
1315.8989213477912 16812.671526863098 723.4473598393048 16492.035326176338 c
723.4473598393048 16492.035326176338 361.8737434738772 17150.18324863868 c
361.8737434738772 17150.18324863868 0.0 17805.493845623838 c
0.0 17805.493845623838 589.866110935525 18130.87601264353 c
589.866110935525 18130.87601264353 1190.467066707312 18456.931363032112 c
1319.0075736668846 18616.59163069609 1190.467066707312 18456.931363032112 d
1319.0075736668846 18616.59163069609 665.9188936540995 18717.27436346838 c
1532.866887338279 18806.205568382178 1319.0075736668846 18616.59163069609 d
1532.866887338279 18806.205568382178 1642.2630083055733 19470.083937394706 c
1642.2630083055733 19470.083937394706 2731.827436161375 18616.59163069609 c
2731.827436161375 18616.59163069609 1532.866887338279 18806.205568382178 c
665.9188936540995 18717.27436346838 0.0 18818.095146428623 c
0.0 18818.095146428623 27.001093824471315 18991.66684642081 c
27.001093824471315 18991.66684642081 58.65594498648234 19173.23440632796 c
58.65594498648234 19173.23440632796 790.2953378134897 19588.32925227897 c
790.2953378134897 19588.32925227897 1532.866887338279 19995.421265823392 c
1532.866887338279 19995.421265823392 1319.0075736668846 18616.59163069609 c
1190.467066707312 18456.931363032112 1543.5860665516416 17797.147650382372 c
1543.5860665516416 17797.147650382372 1910.0499776367437 17136.823235800915 c
1910.0499776367437 17004.395585154634 2781.2562170911838 17492.112027178384 c
2781.2562170911838 17492.112027178384 3650.405477455677 17983.69118807702 c
3650.405477455677 17983.69118807702 3687.0256789060118 17970.009591926235 c
3687.0256789060118 17970.009591926235 3713.70552300941 17954.070367803695 c
3713.70552300941 17954.070367803695 3387.836209416283 17227.13087077668 c
3387.836209416283 17227.13087077668 3069.105104367444 16492.035326176338 c
3337.3490813069006 16492.035326176338 3787.0949854232276 17105.571388180855 d
3713.70552300941 16492.035326176338 3787.0949854232276 17105.571388180855 c
3787.0949854232276 17105.571388180855 3857.394772164757 17713.20100143492 c
3857.394772164757 17713.20100143492 4313.635700146159 17663.554485409404 c
4313.635700146159 17663.554485409404 4767.183549343856 17615.440847261423 c
4767.183549343856 17615.440847261423 4869.700527943272 17557.325757959217 d
4869.700527943272 17557.325757959217 5188.128632114673 17529.731662240134 c
5188.128632114673 17529.731662240134 5502.400720568732 17501.22796945856 c
5502.400720568732 17501.22796945856 5529.5371127119 16997.33846044474 c
5529.5371127119 16997.33846044474 5562.4553739609455 16492.035326176338 c
5562.4553739609455 16492.035326176338 5565.73307106172 16501.876808186964 d
5565.73307106172 16501.876808186964 5562.4553739609455 16693.701066926005 c
5562.4553739609455 16693.701066926005 5563.428985237812 16888.23782999079 c
5563.428985237812 16888.23782999079 5806.2696013763325 16887.41080756071 c
5806.2696013763325 16887.41080756071 6031.266738492822 16892.98403996964 c
6031.266738492822 16892.98403996964 6145.577990638247 16689.749333522162 c
6145.577990638247 16689.749333522162 6247.960466732718 16498.12609458517 c
6247.960466732718 16564.874333707827 6247.960466732718 16498.12609458517 d
6247.960466732718 16564.874333707827 6461.223221720443 18616.59163069609 c
6461.223221720443 18616.59163069609 6991.073148702809 18068.45986521522 c
6991.073148702809 18068.45986521522 7548.879004541124 18616.59163069609 d
7548.879004541124 18616.59163069609 6708.788590233693 19092.042287978154 c
6708.788590233693 19092.042287978154 6649.454248543763 19232.836119374268 d
6649.454248543763 19232.836119374268 6708.788590233693 18800.08621120888 c
6708.788590233693 18800.08621120888 6001.963272093517 18709.989130580172 c
6001.963272093517 18709.989130580172 5281.7592576457655 18616.59163069609 c
5281.7592576457655 18616.59163069609 5065.074953332867 20265.20982963185 c
5065.074953332867 20265.20982963185 5611.411923874509 20740.058607994986 d
5611.411923874509 20740.058607994986 4273.347596384989 21643.500327995345 c
5611.411923874509 20740.058607994986 6041.7546003900425 20821.462090270325 d
5611.41192387451 21760.1467329232 6135.269755133848 22008.315023119732 c
5967.976052577191 22167.089632697065 6135.269755133848 22008.315023119732 d
5967.976052577191 22167.089632697065 4485.236622868312 22813.387605745298 c
4485.236622868312 22813.387605745298 4558.64500702889 23537.689051965026 c
4558.64500702889 23537.689051965026 5967.976052577191 22167.089632697065 c
6135.269755133848 22008.315023119732 6718.747203176459 20740.05860799499 c
6718.74720317646 20740.058607994986 7144.258598021985 21288.76793494432 d
7144.258598021985 21288.76793494432 7700.214523717539 21639.146113601055 c
7342.487973755698 22167.089632697065 7700.214523717539 21639.146113601055 d
7342.487973755698 22167.089632697065 6649.863520818062 22894.914266184092 c
6649.863520818062 22894.914266184092 5967.976052577191 23624.288715353832 c
5967.976052577191 23624.288715353832 6536.915225698264 24172.91743652036 c
6536.915225698264 24172.91743652036 7124.171106233107 24718.275150258374 c
7124.171106233107 24718.275150258374 7040.477953915307 24731.12550016654 d
7040.477953915307 24731.12550016654 6958.835641209932 24978.99946294195 c
6958.835641209932 24978.99946294195 6872.093481629839 25236.950665847922 c
6872.093481629839 25236.950665847922 6872.093481629838 25200.458704806984 d
6872.093481629838 25200.458704806984 6606.2903458930095 24731.12550016654 c
6606.2903458930095 24731.12550016654 6584.604351659874 24731.12550016654 d
6584.604351659874 24731.12550016654 5665.696149820441 24762.102132365704 c
5665.696149820441 24762.102132365704 5687.217168258318 25173.4896757718 c
5088.373060926927 24731.12550016654 5687.217168258318 25173.4896757718 d
5088.373060926927 24731.12550016654 4731.7233812757095 25951.54156870439 c
4731.7233812757095 25951.54156870439 4731.7233812757095 25796.382502967102 d
4601.334836184096 25798.977437649366 4731.7233812757095 25796.382502967102 c
4731.7233812757095 25796.382502967102 4654.317196032905 24731.12550016654 c
4601.334836184096 24954.381083958786 4654.317196032905 24731.12550016654 d
4601.334836184096 24954.381083958786 4322.538222598417 24731.12550016654 c
4322.538222598417 24731.12550016654 3951.354083828662 25209.2128852498 c
3951.354083828662 25209.2128852498 3572.3713974733614 25683.475998955866 c
3572.3713974733614 25683.475998955866 3706.984884083323 25796.257532934866 c
3706.984884083323 25796.257532934866 3843.1631441828886 25907.523641065924 c
3843.1631441828886 25907.523641065924 4225.711848171693 25425.068182265186 c
4225.711848171693 25425.068182265186 4601.334836184096 24954.381083958786 c
4654.317196032905 24731.12550016654 4601.334836184096 25798.977437649366 c
4731.7233812757095 25951.54156870439 5665.696149820441 26236.29127236834 c
5665.696149820441 26236.29127236834 5088.373060926927 24731.12550016654 c
5687.217168258318 25173.4896757718 6606.2903458930095 25143.247173596126 c
6606.2903458930095 25143.247173596126 6584.604351659874 24731.12550016654 c
6606.2903458930095 24731.12550016654 6636.25374466529 25214.62253386135 c
6636.25374466529 25214.62253386135 6872.093481629838 25200.458704806984 c
6872.093481629839 25236.950665847922 6963.1908741923235 25262.923615630443 c
6963.1908741923235 25262.923615630443 7044.24837826551 25293.349601095866 c
7195.38078589598 25269.272830901973 7044.24837826551 25293.349601095866 d
7195.38078589598 25269.272830901973 7044.24837826551 25800.92073498186 c
7044.24837826551 25800.92073498186 7636.907239335156 25967.68627036739 c
7636.907239335156 25967.68627036739 8223.791746307108 26137.449216376033 c
8223.791746307108 26137.449216376033 8143.511700086179 25537.75527488333 c
8143.511700086179 25537.75527488333 8056.744711984585 24936.69532631331 c
8056.744711984585 24936.69532631331 7704.0138795874755 24835.567400092 c
7704.0138795874755 24835.567400092 7356.112588230488 24731.12550016654 c
7356.112588230488 24731.12550016654 7195.38078589598 25269.272830901973 c
7044.24837826551 25293.349601095866 7040.477953915307 24731.12550016654 c
7124.171106233107 24718.275150258374 7236.810645147122 23443.207288834754 c
7391.146249180347 23111.24190086238 7236.810645147122 23443.207288834754 d
7391.146249180347 23111.24190086238 8055.21589746268 22781.827119693862 c
8055.21589746268 22781.827119693862 8721.088549905533 22445.131484123485 c
8721.088549905533 22445.131484123485 8644.723640010805 22310.80071374377 c
8644.723640010805 22310.80071374377 8580.046798622117 22167.08963269707 c
8580.046798622117 22167.08963269707 7966.959473640973 22592.02952789612 c
7966.959473640973 22592.02952789612 7342.4879737556985 23011.710544987563 c
7342.4879737556985 23011.710544987563 7369.270767455548 23062.089029930412 c
7369.270767455548 23062.089029930412 7391.146249180347 23111.24190086238 c
7236.810645147122 23443.207288834754 7342.487973755698 22167.089632697065 c
7700.21452371754 21441.79597166371 7700.214523717539 21639.146113601055 d
7700.21452371754 21441.79597166371 8429.271430333007 21520.579186923573 c
8429.271430333007 21520.579186923573 9160.828950291469 21585.39342190537 c
9225.526849375552 21941.95905163266 9160.828950291469 21585.39342190537 d
9225.526849375552 21941.95905163266 10179.602254494768 21156.205190376484 c
10179.602254494768 21156.205190376484 9838.081721422637 20740.058607994986 c
9838.081721422637 20740.058607994986 10400.103815504199 20740.058607994986 d
10400.103815504199 20740.058607994986 10179.602254494768 21558.038902405307 c
10400.103815504199 20740.058607994986 10714.478841881406 20850.117137520647 d
10655.927062335897 20962.22485169243 10831.73596039349 21035.59497457638 c
10831.73596039349 21035.59497457638 10986.704848212485 21113.466224980493 c
11150.29988178664 21199.40772829575 10986.704848212485 21113.466224980493 d
11150.29988178664 21199.40772829575 12253.531593656837 21634.570249253127 c
12253.531593656837 21634.570249253127 12826.261634897588 21317.651997828965 c
12826.261634897588 21317.651997828965 11324.09017536711 20740.058607994986 c
11324.09017536711 20740.058607994986 11150.29988178664 21199.40772829575 c
10986.704848212485 21113.466224980493 11150.29988178664 20762.67027369459 c
11150.29988178664 20762.67027369459 10955.323625349636 20752.81944966989 c
10955.323625349636 20752.81944966989 10764.066394088595 20740.058607994986 c
10764.066394088595 20740.058607994986 10714.478841881406 20850.117137520647 c
10714.478841881406 20850.117137520647 10655.927062335897 20962.22485169243 c
10179.602254494768 21558.038902405307 10655.927062335895 21527.86367584297 c
10466.399817679698 22167.089632697065 10655.927062335895 21527.86367584297 d
10466.399817679698 22167.089632697065 10251.518568072794 22762.565248045805 c
10251.518568072794 22762.565248045805 10052.044963696575 23360.565717350113 c
10052.044963696575 23360.565717350113 9979.563500458375 23374.40412002198 d
9979.563500458375 23374.40412002198 10052.044963696575 22195.795982820753 c
10052.044963696575 22195.795982820753 9807.41967259316 22185.624467457426 c
9807.41967259316 22185.624467457426 9564.166379434182 22167.089632697065 c
9564.166379434182 22167.089632697065 9187.23457164135 22631.910612621512 c
9187.23457164135 22631.910612621512 8815.220634544658 23105.498780277583 c
8815.220634544658 23105.498780277583 8766.406212185646 23789.364021083762 c
8766.406212185646 23789.364021083762 8721.088549905533 24481.737869254728 c
8873.052909525295 24731.12550016654 8721.088549905533 24481.737869254728 d
8873.052909525295 24731.12550016654 8550.163830545876 24994.328147413868 c
8550.163830545876 24994.328147413868 8223.791746307108 25269.25805982331 c
8223.791746307108 25269.25805982331 9389.189896658612 26113.91350323139 c
9389.189896658612 26113.91350323139 9628.838750256542 25777.185340649143 c
9628.838750256542 25777.185340649143 9867.825796810048 25454.511074209244 c
9867.825796810048 25454.511074209244 9365.897933282273 25086.666670108312 c
9365.897933282273 25086.666670108312 8873.052909525295 24731.12550016654 c
8721.088549905533 24481.737869254728 9319.257258208832 24519.639537848365 c
9319.257258208832 24519.639537848365 9901.657810938246 24559.702700192644 c
9901.657810938246 24559.702700192644 9979.563500458375 23374.40412002198 c
10052.044963696575 23360.565717350113 10547.21073806748 23535.452384696415 c
10547.21073806748 23535.452384696415 11049.88577245489 23714.061510682503 c
11049.88577245489 23714.061510682503 11251.987631348782 23117.350306932887 c
11251.987631348782 23117.350306932887 11466.479475795935 22516.28611799631 c
11466.479475795935 22516.28611799631 10968.251785428545 22343.62794249317 c
10968.251785428545 22343.62794249317 10466.399817679698 22167.089632697065 c
10655.927062335895 21527.86367584297 10400.103815504199 20740.058607994986 c
9838.081721422637 20740.058607994986 9225.526849375552 21941.95905163266 c
9160.828950291469 21585.39342190537 9195.94363536097 21230.7727735123 c
9195.94363536097 21230.7727735123 9225.526849375552 20878.612275692485 c
9225.526849375552 20878.612275692485 8499.650196672017 20802.506804917757 c
8499.650196672017 20802.506804917757 7775.9828382883725 20740.058607994986 c
7775.9828382883725 20740.058607994986 7740.750660294896 21093.420468944718 c
7740.750660294896 21093.420468944718 7700.21452371754 21441.79597166371 c
7700.214523717539 21639.146113601055 7493.39824122181 20740.058607994986 c
7493.39824122181 20740.058607994986 7144.258598021985 21288.76793494432 c
6718.747203176459 20740.05860799499 6754.595339151687 21805.84830261061 c
6754.595339151687 21805.84830261061 7144.258598021985 21797.081491171684 c
7144.258598021985 21797.081491171684 7143.404573968581 21587.126397065098 c
7143.404573968581 21587.126397065098 6718.74720317646 20740.058607994986 c
6718.74720317646 20740.058607994986 6718.747203176459 20740.058607994986 c
6718.747203176459 20740.058607994986 6718.747203176459 20740.05860799499 c
6718.747203176459 20740.05860799499 6718.74720317646 20740.058607994986 c
6718.74720317646 20740.058607994986 6718.747203176459 20740.058607994986 d
6718.747203176459 20740.058607994986 6041.7546003900425 20821.462090270325 c
6041.7546003900425 20821.462090270325 5611.41192387451 21760.1467329232 c
3757.501496875264 21314.360381856844 4273.347596384989 21643.500327995345 d
3757.501496875264 21314.360381856844 3559.236513613504 20740.058607994986 c
3559.236513613504 20740.058607994986 3603.478856544701 20740.058607994986 d
3603.478856544701 20740.058607994986 3931.8830690837576 18616.59163069609 c
3931.8830690837576 18616.59163069609 4564.4751337649195 18616.59163069609 d
4564.4751337649195 18616.59163069609 4908.9328245226425 19189.878585570725 c
4564.4751337649195 18616.59163069609 4475.42019930324 18754.358320425465 d
4564.4751337649195 18880.49224116671 4475.42019930324 18754.358320425465 c
4475.42019930324 18754.358320425465 4375.153157558062 18616.59163069609 c
4375.153157558062 18616.59163069609 4153.885349196783 18765.214918031823 c
4153.885349196783 18765.214918031823 3931.883069083757 18929.22506459663 c
3931.883069083757 18929.22506459663 4156.868338573468 19269.254967358247 c
4156.868338573468 19269.254967358247 4393.514046148614 19603.332151545652 c
4393.514046148614 19603.332151545652 4472.120325247222 19244.964757666145 c
4472.120325247222 19244.964757666145 4564.4751337649195 18880.49224116671 c
4908.9328245226425 19189.878585570725 5065.074953332867 18823.77645203801 c
5065.074953332867 18823.77645203801 4564.4751337649195 18616.59163069609 c
3757.501496875264 20915.9072087595 3603.478856544701 20740.058607994986 d
4273.347596384989 20740.058607994986 3757.501496875264 20915.9072087595 c
3757.501496875264 20915.9072087595 4064.0583254845224 22167.089632697065 c
4064.0583254845224 22167.089632697065 4273.347596384989 20740.058607994986 c
3931.8830690837576 18616.59163069609 2731.827436161375 19978.402432062332 c
2731.827436161375 19978.402432062332 3603.478856544701 20740.058607994986 c
3559.236513613504 20740.058607994986 1942.1903726084206 21282.313216124217 c
1942.1903726084206 21417.10289453592 1942.1903726084206 21282.313216124217 d
1942.1903726084206 21417.10289453592 1789.517746967384 21074.219285108284 c
1789.517746967384 21074.219285108284 1642.5129143995832 20740.058607994986 c
1642.5129143995832 20740.058607994986 818.7906648241103 21019.29438921927 c
818.7906648241103 21019.29438921927 0.0 21305.201766867387 c
0.0 21305.201766867387 188.62673086569293 21712.51591502266 c
188.62673086569293 21712.51591502266 372.8662982966696 22134.04128436622 c
229.2200110814444 22167.089632697065 372.8662982966696 22134.04128436622 d
229.2200110814444 22167.089632697065 0.0 22323.428656152828 c
0.0 22323.428656152828 537.332885147558 23122.256732189522 c
760.3736557826498 23460.015445847326 537.332885147558 23122.256732189522 d
760.3736557826498 23460.015445847326 1900.8603531350577 22801.396179451553 c
1900.8603531350577 22801.396179451553 1501.2994916253806 22167.089632697065 c
1501.2994916253806 22167.089632697065 760.3736557826498 23460.015445847326 c
537.332885147558 23122.256732189522 760.3736557826498 22975.1336700499 c
760.3736557826498 22975.1336700499 229.2200110814444 22167.089632697065 c
372.8662982966696 22134.04128436622 1159.5310568824348 21777.66239956012 c
1159.5310568824348 21777.66239956012 1942.1903726084206 21417.10289453592 c
1942.1903726084206 21282.313216124217 2207.644771982231 22062.389828702897 c
2207.644771982231 22062.389828702897 2556.82980498174 22167.089632697065 d
2556.82980498174 22167.089632697065 1900.8603531350582 24533.713190194772 c
2084.3029998786315 24731.12550016654 1900.8603531350582 24533.713190194772 d
2084.3029998786315 24731.12550016654 1043.925594824214 25480.73178818941 c
1043.925594824214 25480.73178818941 0.0 26236.747129261086 c
0.0 26236.747129261086 283.8378216848519 26572.030597923862 c
283.8378216848519 26572.030597923862 572.7925799999136 26915.10361815967 c
572.7925799999136 26915.10361815967 1334.2655883383677 25822.168911609326 c
1334.2655883383677 25822.168911609326 2084.3029998786315 24731.12550016654 c
1900.8603531350582 24533.713190194772 2609.2784322705975 24731.12550016654 c
2554.751409365813 24731.12550016654 2609.2784322705975 24731.12550016654 d
2554.751409365813 24731.12550016654 2084.3029998786315 25931.87943426592 c
2084.3029998786315 25931.87943426592 3104.429527661286 26331.58833278575 c
3104.429527661286 26331.58833278575 3572.371397473361 25126.152094306573 c
3572.371397473361 25126.152094306573 2554.751409365813 24731.12550016654 c
2609.2784322705975 24731.12550016654 3126.908840547603 22848.268942316077 c
3126.908840547603 22848.268942316077 3513.1727351223503 22618.62136654887 d
3513.1727351223503 22618.62136654887 4018.9691052496505 23207.485922797838 c
3513.1727351223503 22618.62136654887 3458.1600018130594 22502.95363181219 d
3458.1600018130594 22502.95363181219 3513.1727351223503 22167.089632697065 c
3513.1727351223503 22167.089632697065 3126.9088405476027 22444.339566805138 c
3126.9088405476027 22444.339566805138 3458.1600018130594 22502.95363181219 c
4018.9691052496505 23207.485922797838 4485.236622868312 22167.089632697065 c
4485.236622868312 22167.089632697065 3513.1727351223503 22618.62136654887 c
3126.908840547603 22848.268942316077 2556.82980498174 22167.089632697065 c
2207.644771982231 22062.389828702897 3757.501496875264 21314.360381856844 c
4273.347596384989 21643.500327995345 4998.039856910429 22094.033440112566 c
4998.039856910429 22094.033440112566 5611.411923874509 20740.058607994986 c
5065.074953332867 20265.20982963185 6590.33827016515 19646.05992655939 c
6590.33827016515 19646.05992655939 6649.454248543763 19232.836119374268 c
7548.879004541124 18616.59163069609 7812.222499552686 19314.856301659773 d
7812.222499552686 19314.856301659773 8396.465082464016 20069.301585542416 c
8396.465082464016 20069.301585542416 9287.927133256948 19365.27934699477 c
9287.927133256948 19365.27934699477 9327.873244152624 19229.60659296524 d
9327.873244152624 19229.60659296524 9287.927133256948 19838.502096710283 c
9287.927133256948 19838.502096710283 9639.526595599898 19591.94670292807 c
9639.526595599898 19591.94670292807 9986.981589027017 19342.56672283526 c
9986.981589027017 19342.56672283526 10012.420991219073 18998.75508283237 c
10012.420991219073 18998.75508283237 10035.10409054503 18659.00420053215 c
10035.104090545028 18616.59163069609 10035.10409054503 18659.00420053215 d
10035.104090545028 18616.59163069609 11256.574929668564 19440.349506742667 c
11256.574929668564 19440.349506742667 11370.166465021486 19163.290166115643 c
11370.166465021486 19298.609698439945 11370.166465021486 19163.290166115643 d
11370.166465021486 19298.609698439945 13322.995845818663 19854.840035575704 c
13322.995845818663 19854.840035575704 12926.518862294519 18616.59163069609 c
12926.518862294519 18616.59163069609 11370.166465021486 19298.609698439945 c
11370.166465021486 19163.290166115643 10035.104090545028 18616.59163069609 c
10035.10409054503 18659.00420053215 9702.74817046412 18635.79252680615 c
9702.74817046412 18635.79252680615 9369.261726841487 18616.59163069609 c
9369.261726841487 18616.59163069609 9327.873244152624 19229.60659296524 c
9287.927133256948 19365.27934699477 8695.7388826479 18616.59163069609 c
8695.7388826479 18616.59163069609 7812.222499552686 19314.856301659773 c
6708.788590233693 19092.042287978154 7812.222499552685 18850.727026203494 c
7812.222499552685 18850.727026203494 7548.879004541124 18616.59163069609 c
6991.073148702809 18068.45986521522 7032.685167035072 16492.035326176338 c
7390.94450497076 16492.035326176338 7032.685167035072 16492.035326176338 d
7390.94450497076 16492.035326176338 7032.685167035071 17429.742354059752 c
7032.685167035071 17429.742354059752 8295.011536434387 17912.7710550813 c
8295.011536434387 17912.7710550813 8367.163051338208 17338.874552620335 d
8295.011536434387 17425.965687838136 9541.8539797109 17508.769211721166 c
9541.8539797109 17508.769211721166 10785.326817068806 17598.107953048646 c
10785.326817068806 17598.107953048646 11050.865784620448 17794.959516606592 d
11050.865784620448 17794.959516606592 11243.511208890046 17751.878975115695 c
11243.511208890046 17751.878975115695 11518.102518763219 17556.10643942739 c
11518.102518763219 17556.10643942739 11285.64372279447 16492.035326176338 c
11285.64372279447 16492.035326176338 11519.967253579302 16496.728779167566 d
11519.967253579302 16496.728779167566 11518.10251876322 16962.218845630225 c
11518.10251876322 16962.218845630225 12876.712980735469 16956.235472654713 c
12876.712980735469 16956.235472654713 12870.464841208855 16492.035326176338 c
12870.464841208855 16492.035326176338 11519.967253579302 16496.728779167566 c
11285.64372279447 16492.035326176338 10785.326817068806 16597.646824578853 c
10785.326817068806 16597.646824578853 11050.865784620448 17794.959516606592 c
10785.326817068806 17598.107953048646 10391.418546866962 17049.645539155623 c
10391.418546866962 17049.645539155623 9983.276443792114 16492.035326176338 c
9983.276443792114 16492.035326176338 9181.626966558984 16919.593749003394 c
9181.626966558984 16919.593749003394 8367.163051338208 17338.874552620335 c
8367.163051338208 17338.874552620335 8333.338270490536 17387.989079882525 c
8333.338270490536 17387.989079882525 8295.011536434387 17425.965687838136 c
8295.011536434387 17912.7710550813 7390.94450497076 16492.035326176338 c
7032.685167035072 16492.035326176338 6247.960466732718 16564.874333707827 c
6247.960466732718 16498.12609458517 5911.206860901713 16492.035326176338 c
5911.206860901713 16492.035326176338 5565.73307106172 16501.876808186964 c
5562.4553739609455 16492.035326176338 5165.566443998827 16531.724254788558 c
5165.566443998827 16531.724254788558 4767.183549343856 16575.535649240835 c
4767.183549343856 16575.535649240835 4869.700527943272 17557.325757959217 c
4767.183549343856 17615.440847261423 4235.118332717571 17046.53209865082 c
4235.118332717571 17046.53209865082 3713.70552300941 16492.035326176338 c
3337.3490813069006 16492.035326176338 4061.133968270945 15366.24871542282 c
4061.133968270945 15366.24871542282 4781.405523455162 14256.741143479609 c
4781.405523455162 14256.741143479609 4740.544883671076 14228.702458459276 c
4740.544883671076 14228.702458459276 4702.09606002581 14206.859104893229 c
4279.289921761679 14206.85910489323 5203.628679097531 13794.645779383061 c
5203.628679097531 13794.645779383061 5590.5330326717885 13794.76671084247 d
5590.5330326717885 13794.76671084247 6681.663670883503 12296.175079017012 c
6681.663670883503 12111.942148641578 6681.663670883503 12296.175079017012 d
6681.663670883503 12111.942148641578 6739.027865588596 13334.476566275822 c
6739.027865588596 13334.476566275822 7479.6997628931485 13196.860377361321 c
7479.699762893149 13406.86254162034 7479.6997628931485 13196.860377361321 d
7479.699762893149 13406.86254162034 9618.721579693116 12987.906053383707 c
9618.721579693116 12987.906053383707 9618.721579693114 12343.935360743542 d
9618.721579693114 12343.935360743542 10403.274798421899 14011.375735377023 c
10403.274798421899 14011.375735377023 10888.842522098343 14206.859104893229 d
10888.842522098343 14206.859104893229 11243.143043277874 15033.816016725248 c
10888.842522098343 14206.859104893229 10888.842522098343 14378.888436137799 d
10888.842522098343 14378.888436137799 9326.831557342843 14206.859104893229 c
9326.831557342843 14206.859104893229 9187.214490535152 14358.529752329896 d
9187.214490535152 14358.529752329896 9039.529212325415 14206.859104893229 c
9039.529212325415 14206.859104893229 8634.03817167578 14590.214576359806 c
8634.03817167578 14590.214576359806 8223.521725651248 14967.833983778426 c
8223.521725651248 14967.833983778426 8268.22467362568 15021.8875012305 c
8268.22467362568 15021.8875012305 8320.949420612653 15072.982085105426 c
8320.949420612653 15072.982085105426 8826.125407231357 14790.829943484188 c
8826.125407231357 14790.829943484188 9326.831557342843 14516.69616926934 c
9326.831557342843 14516.69616926934 9187.214490535152 14358.529752329896 c
9326.831557342843 14206.859104893229 10337.104777944896 14594.97728015414 c
10337.104777944896 14594.97728015414 10888.842522098343 14378.888436137799 c
11243.143043277874 15033.816016725248 11878.679295247604 14761.811299395515 c
11878.679295247604 14761.811299395515 10888.842522098343 14206.859104893229 c
10403.274798421899 14011.375735377023 11547.995212261058 13313.396052335664 c
11547.995212261058 13313.396052335664 11361.51500023619 12088.18613737619 c
11336.409817545324 11431.37870364869 11361.51500023619 12088.18613737619 d
11503.495362113184 11672.507962559937 11657.074547962085 9884.436440212707 c
11657.074547962085 9884.436440212707 11419.404139556984 10539.822065447648 c
11419.404139556984 10539.822065447648 11008.821527407845 10456.788575852519 d
11092.059387403942 10167.854852701268 11185.26455580378 9884.436440212707 c
11185.26455580378 9884.436440212707 10690.817604427237 10415.98323408106 c
10690.817604427237 10415.98323408106 10206.820086443437 10944.040178895619 c
10206.820086443437 10944.040178895619 10302.79156532431 11026.04979520157 c
10206.820086443437 10326.621851498774 10302.79156532431 11026.04979520157 d
10206.820086443437 10326.621851498774 9598.797529369327 9884.436440212707 c
9598.797529369327 9884.436440212707 9530.851192417673 10071.912529835923 c
9530.851192417673 10071.912529835923 9530.851192417673 10082.44363437043 d
9530.851192417673 10082.44363437043 8621.198015444344 9884.436440212707 c
8621.198015444344 9884.436440212707 9493.187283396472 10244.555505707065 c
9493.187283396472 10244.555505707065 9530.851192417673 10082.44363437043 c
9530.851192417673 10071.912529835923 10206.820086443437 10326.621851498774 c
10302.79156532431 11026.04979520157 10395.261033252973 11120.336887999856 c
10395.261033252973 11120.336887999856 11008.821527407845 10456.788575852519 c
11008.821527407845 10456.788575852519 11092.059387403942 10167.854852701268 c
11419.404139556984 10539.822065447648 11185.26455580378 11192.410751808928 c
11185.26455580378 11192.410751808928 11336.409817545324 11431.37870364869 c
11336.409817545324 11431.37870364869 11503.495362113184 11672.507962559937 c
11547.995212261058 12117.358572198906 11361.51500023619 12088.18613737619 d
11547.995212261058 12117.358572198906 13097.080258658223 13726.320939771656 c
13097.080258658223 13726.320939771656 12640.523502228047 12100.840420328725 c
12640.523502228047 12100.840420328725 11584.947372680268 12088.18613737619 c
11584.947372680268 12088.18613737619 11547.995212261058 12117.358572198906 c
11361.51500023619 12088.18613737619 9618.721579693114 12343.935360743542 c
9618.721579693116 12987.906053383707 9442.531414343912 12088.18613737619 c
9442.531414343912 12088.18613737619 7810.5240056058465 12407.62212983053 c
7810.5240056058465 12407.62212983053 7479.699762893149 13406.86254162034 c
7479.6997628931485 13196.860377361321 6728.562095857832 12088.18613737619 c
6728.562095857832 12088.18613737619 6681.663670883503 12111.942148641578 c
5590.5330326717885 13794.76671084247 5759.326400713585 14417.733830814888 d
5341.431610200825 14206.859104893229 4781.405523455162 16306.425678214631 c
4781.405523455162 16306.425678214631 5759.326400713585 14417.733830814888 c
5759.326400713585 14417.733830814888 5759.326400713584 14665.64566482907 d
5759.326400713584 14665.64566482907 6004.580835960182 15124.19704369247 c
6004.580835960182 15124.19704369247 6250.674303453365 15570.882090005527 c
6250.674303453365 15570.882090005527 6866.119825017488 15238.923700151 c
6866.119825017488 15238.923700151 7479.157140659066 14904.885465501122 c
7479.1571406590665 14881.805055018183 7479.157140659066 14904.885465501122 d
7479.1571406590665 14881.805055018183 7736.754291145881 14977.943479375763 c
7736.754291145881 14977.943479375763 7995.0365577583025 15064.89270973153 c
7995.0365577583025 15064.89270973153 8107.494509983006 14722.956793266465 c
8107.494509983006 14722.956793266465 8223.52172565125 14382.973193211676 c
8223.52172565125 14382.973193211676 7971.598992634322 14301.636562107258 c
7971.598992634322 14301.636562107258 7711.621528509069 14206.859104893229 c
7711.621528509069 14206.859104893229 7479.1571406590665 14881.805055018183 c
7479.157140659066 14904.885465501122 7296.794487088001 14555.979367782942 c
7296.794487088001 14555.979367782942 7109.324737440945 14206.859104893229 c
7109.324737440945 14206.859104893229 5759.326400713584 14665.64566482907 c
5759.326400713585 14417.733830814888 5341.431610200825 14206.859104893229 c
6681.663670883503 12296.175079017012 6399.094996260777 12088.18613737619 c
6399.094996260777 12088.18613737619 5590.5330326717885 13794.76671084247 c
5203.628679097531 13794.645779383061 5590.5330326717885 12283.743486153498 c
5590.5330326717885 12283.743486153498 4813.497681760173 12088.18613737619 c
4279.289921761679 12241.383054961396 4310.186841334343 12088.186137376188 d
4279.289921761679 12241.383054961396 4111.424446210459 12088.18613737619 c
4111.424446210459 12088.18613737619 3347.379800720899 12987.518146208517 c
3140.7918134713373 12816.384154162986 3347.379800720899 12987.518146208517 d
3140.7918134713373 12816.384154162986 3347.3798007208993 12268.110608504947 c
3347.3798007208993 12268.110608504947 3100.2807616652085 12181.234597217399 c
3100.2807616652085 12181.234597217399 2852.604206997055 12088.18613737619 c
2453.8297678974195 12088.18613737619 2852.604206997055 12088.18613737619 d
2453.8297678974195 12088.18613737619 1225.9125678642613 12499.49104497402 c
1225.9125678642613 12499.49104497402 0.0 12901.732367752451 c
0.0 12901.732367752451 122.13963118773954 13263.5113425139 c
122.13963118773954 13263.5113425139 244.05223338986565 13640.224433833024 c
244.05223338986565 13640.224433833024 204.44846009863159 14225.420749085743 d
204.44846009863159 14225.420749085743 0.0 14847.957021205726 c
0.0 14847.957021205726 1490.4064172729304 15310.772590444154 c
1490.4064172729304 15310.772590444154 1840.9226298135964 14206.859104893229 c
2245.3594528056424 14206.859104893229 1840.9226298135964 14206.859104893229 d
2245.3594528056424 14206.859104893229 1840.9226298135964 14842.535858423527 c
1840.9226298135964 14842.535858423527 2237.173068228169 15092.227503511274 c
2237.173068228169 15092.227503511274 2475.6319426441914 14352.372702619903 c
2475.6319426441914 14352.372702619903 2245.3594528056424 14206.859104893229 c
1840.9226298135964 14206.859104893229 204.44846009863159 14225.420749085743 c
244.05223338986565 13640.224433833024 909.0192627542285 13411.970744188904 c
909.0192627542285 13411.970744188904 1569.107013933204 13195.296557153728 c
1569.107013933204 13195.296557153728 2453.8297678974195 12088.18613737619 c
2852.604206997055 12088.18613737619 2652.5642518638974 12608.738404163665 c
2652.5642518638974 12608.738404163665 2453.8297678974195 13145.165738407915 c
2453.8297678974195 13145.165738407915 2689.173293626098 13245.431613795592 c
2689.173293626098 13245.431613795592 2932.3419577840823 13354.314174790017 c
2932.3419577840823 13354.314174790017 3140.7918134713373 12816.384154162986 c
3347.379800720899 12987.518146208517 3521.0678359715657 13134.64203766707 c
3521.0678359715657 13134.64203766707 4279.289921761679 12241.383054961396 c
4310.186841334343 12088.186137376188 5681.3090551117875 10703.081163300854 c
5681.3090551117875 10703.081163300854 4853.000284275108 9884.436440212707 c
5362.095510859483 9437.204104087235 5811.246326056706 9884.436440212707 d
5811.246326056706 9884.436440212707 5740.974202067453 10419.460198320521 c
5740.974202067453 10419.460198320521 5681.3090551117875 10945.510139988766 c
5681.3090551117875 10945.510139988766 6279.308696364899 11019.921704336533 c
6279.308696364899 11019.921704336533 6882.31873000686 11092.869161058017 c
6882.31873000686 11092.869161058017 6947.3827771488895 10573.04011174678 c
6947.3827771488895 10573.04011174678 7005.675050065934 10051.037496114677 c
7005.675050065934 10168.625170321071 7005.675050065934 10051.037496114677 d
7005.675050065934 10168.625170321071 7291.8328200419455 10135.487345112402 c
7291.8328200419455 10473.373704958753 7291.8328200419455 10135.487345112402 d
7291.8328200419455 10473.373704958753 8579.65395484088 10643.157558129466 c
8579.65395484088 10643.157558129466 8621.198015444344 10597.760615083891 c
8621.198015444344 10597.760615083891 7807.820167531582 9884.436440212707 c
7807.820167531582 9884.436440212707 7291.8328200419455 10473.373704958753 c
7291.8328200419455 10135.487345112402 7154.863215146237 9884.436440212707 c
7154.863215146237 9884.436440212707 7005.675050065934 10168.625170321071 c
7005.675050065934 10051.037496114677 5811.246326056706 9884.436440212707 c
5362.095510859483 9437.204104087235 6377.717423042532 8440.716108759852 c
6812.415806728625 7691.932801389644 7247.008049307665 8013.071197539503 c
7247.008049307665 8013.071197539503 6946.2714765768405 7589.439074666444 c
7247.008049307665 7441.242101445955 7650.8616567808 7401.475152068665 c
7650.8616567808 7401.475152068665 8049.751169715619 7359.716008784026 c
8148.967898626233 7420.221432239788 8049.751169715619 7662.342038585736 c
8049.751169715619 7662.342038585736 8489.388638105187 7839.6028793872 c
8489.388638105187 7839.6028793872 8924.049160760764 8013.277344255488 c
8924.049160760764 8013.277344255488 9119.218578039938 7540.271365855131 c
9119.218578039938 7540.271365855131 8683.842793362204 7355.300499760018 c
8683.842793362204 7355.300499760018 9283.99916135163 8079.431809188594 d
9119.218578039938 7956.674636735397 9283.99916135163 8079.431809188594 c
9283.99916135163 8079.431809188594 9446.611325859625 8206.607397960754 c
9446.611325859625 8206.607397960754 9839.942142296171 7688.559873329037 c
9839.942142296171 7688.559873329037 10244.873304950645 7177.955379419571 c
10244.873304950645 7177.955379419571 10244.873304950646 7307.128957454972 d
10244.873304950646 7307.128957454972 10248.085844163028 7673.081541253479 c
10248.085844163028 7673.081541253479 10262.619167575076 8039.846681347979 c
10262.619167575076 8039.846681347979 10769.301624261401 7611.009261625094 c
10769.301624261401 7611.009261625094 11276.85642296761 7177.955379419571 c
11332.4735585192 7226.965704248116 11276.85642296761 7177.955379419571 d
11332.4735585192 7226.965704248116 11276.85642296761 7286.944643528606 c
11276.85642296761 7286.944643528606 11596.275801868793 7605.083604921493 c
11596.275801868793 7605.083604921493 11913.342480555642 7929.489220398552 c
11913.342480555642 7929.489220398552 11972.035816119344 7876.727119647819 c
12028.052309028062 7952.635227990208 11972.035816119344 7876.727119647819 d
12028.052309028062 7952.635227990208 12158.009241928672 8013.268773188771 c
12158.009241928672 8013.268773188771 12289.642773889522 8086.036226753839 c
12289.642773889522 8086.036226753839 12494.546711357421 7692.868059154531 c
12494.546711357421 7692.868059154531 12698.549441413164 7297.73973839016 c
12698.549441413164 7297.73973839016 12471.069778276942 7177.955379419571 c
12471.069778276942 7177.955379419571 12245.819755057035 7564.58839216547 c
12245.819755057035 7564.58839216547 12028.052309028062 7952.635227990208 c
11972.035816119344 7876.727119647819 12028.052309028062 7822.088331417266 c
12028.052309028062 7822.088331417266 11702.570885964324 7499.35956165112 c
11702.570885964324 7499.35956165112 11388.81237370285 7177.955379419571 c
11388.81237370285 7177.955379419571 11332.4735585192 7226.965704248116 c
11276.85642296761 7177.955379419571 10758.001417673899 7241.713685076055 c
10758.001417673899 7241.713685076055 10244.873304950646 7307.128957454972 c
10244.873304950645 7177.955379419571 9677.562684112874 7568.1293979262455 c
9677.562684112874 7568.1293979262455 9119.218578039938 7956.674636735397 c
8683.842793362204 7355.300499760018 8251.917144409788 7177.955379419571 c
8378.856841938576 6556.867551793343 9363.55970428993 5024.876503371883 c
9363.55970428993 4958.2395139295595 9609.503330739994 5435.295006849028 c
9609.503330739994 5435.295006849028 9856.66543225427 5907.721355730372 c
10036.349708840002 6064.799705789022 10223.020697967635 6195.386119091175 c
10223.020697967635 6195.386119091175 10410.30104226395 6330.745824705283 c
10410.30104226395 6330.745824705283 10791.550745313372 5595.0274340195 c
10791.550745313372 5595.0274340195 11177.235779897734 4856.878640658193 c
11389.965996176157 4856.878640658193 12032.049247741932 3650.240846466165 c
12032.049247741932 3650.240846466165 10033.258287646333 2575.2179642965802 c
10323.631942107844 2072.8428704319813 11114.904898559627 887.9578604004564 c
11114.904898559627 887.9578604004564 11114.904898559627 312.91134352571424 d
11114.904898559627 312.91134352571424 11911.554530649571 410.1657187863162 c
11957.83173527574 935.848805186634 11911.554530649571 410.1657187863162 d
11957.83173527574 935.848805186634 12176.136462616008 1218.7839613001092 c
12176.136462616008 1218.7839613001092 12394.429501167324 1499.8651480605083 c
12394.429501167324 1499.8651480605083 12779.175748250906 749.489760191272 c
12779.175748250906 749.489760191272 13171.773456050572 0.0 c
13171.773456050572 0.0 12562.304377025 471.7409549100755 c
12562.304377025 471.7409549100755 11957.83173527574 935.848805186634 c
11911.554530649571 410.1657187863162 11957.83173527574 168.83339490802896 c
11957.83173527574 168.83339490802896 11181.45346895725 0.0 c
11181.45346895725 0.0 11114.904898559627 312.91134352571424 c
11114.904898559627 887.9578604004564 9794.164698094799 0.0 c
9697.680569169399 0.0 8844.955494326217 451.4827810604367 c
8844.955494326217 451.4827810604367 7987.987301182241 901.2175028419697 c
7330.667580549724 704.2201622871057 6674.280216914738 0.0 c
6674.280216914738 0.0 5399.623445528171 1162.0594395466667 c
4903.764343440402 524.7305345944039 5399.623445528171 733.9379864785369 c
5399.623445528171 733.9379864785369 5102.3580844126955 366.9582931833433 c
5102.3580844126955 366.9582931833433 4799.994572118968 0.0 c
4799.994572118968 0.0 4417.490566167408 312.85272833259387 c
4417.490566167408 567.973300471625 4361.40389664554 0.0 c
4361.40389664554 0.0 3890.7441874387273 627.1523916631735 c
3671.8681859449202 628.1840717414118 3460.1186555362656 0.0 c
3460.1186555362656 0.0 2808.8445052833986 223.1534096482419 c
2808.8445052833986 223.1534096482419 2168.2750374618363 446.6685392079901 c
1637.3773900436336 801.9809768142765 1107.3135680774155 0.0 c
1056.5648501153967 0.0 0.0 1479.5259660297047 c
0.0 1479.5259660297047 158.70923286906654 1529.6259365564079 c
158.70923286906654 1529.6259365564079 737.6147483846253 1310.765365419059 c
737.6147483846253 1310.765365419059 1107.3135680774155 34.69811473428831 c
699.7243598866426 499.6898874371491 0.0 0.0 d
