Processando arquivo: han150_pack.txt

Tempo de Inicio (hh:mm:ss.ms) 2026-04-27 10:03:42.958125
Tempo de Termino (hh:mm:ss.ms) 2026-04-27 10:03:51.051496
Tempo Total (hh:mm:ss.ms) 0:00:08.093371

Função Objetivo: 32597.4675

0.0 0.0 2400.0 0.0 c
2400.0 0.0 4176.0 0.0 c
4176.0 0.0 5457.0 0.0 c
5457.0 0.0 7221.0 0.0 c
7221.0 0.0 7415.0 0.0 c
7415.0 0.0 7922.0 0.0 c
7922.0 0.0 9426.0 0.0 c
9426.0 0.0 11372.0 0.0 c
11372.0 0.0 11996.0 0.0 c
11996.0 0.0 12690.0 0.0 c
12690.0 0.0 12990.0 0.0 c
12990.0 0.0 14080.0 0.0 c
14080.0 0.0 14826.0 0.0 c
14826.0 0.0 14826.0 916.0 c
14826.0 916.0 14080.0 916.0 c
14080.0 916.0 14080.0 0.0 c
14080.0 0.0 14080.0 916.0 d
14080.0 916.0 14080.0 1577.0 c
14144.0 1623.0 14080.0 1577.0 d
14144.0 1623.0 14816.0 1623.0 c
14816.0 1623.0 14816.0 3063.0 c
14816.0 3063.0 14144.0 1623.0 c
14080.0 1577.0 13641.0 1623.0 c
13641.0 1623.0 13568.0 1623.0 d
13568.0 1623.0 14144.0 2967.0 c
14144.0 2967.0 12224.0 3543.0 c
12224.0 3543.0 12224.0 3054.0 c
12224.0 3054.0 11178.0 2065.0 c
11178.0 2065.0 11178.0 2583.0 c
11178.0 2583.0 9258.0 1623.0 c
9258.0 1623.0 9258.0 2083.0 c
9258.0 2083.0 8634.0 2591.0 c
8634.0 2591.0 8634.0 2695.0 c
8634.0 2695.0 8334.0 2829.0 c
8334.0 2829.0 8134.0 2829.0 c
8134.0 2829.0 8134.0 1623.0 c
8134.0 1623.0 6284.0 2543.0 c
6284.0 2543.0 6284.0 3137.0 c
6284.0 3137.0 5814.0 2743.0 c
5814.0 2743.0 5814.0 1657.0 c
5814.0 1657.0 5639.0 2637.0 c
5596.0 1623.0 5814.0 1657.0 d
5639.0 2131.0 4392.0 1623.0 c
4392.0 1623.0 4392.0 3172.0 c
4392.0 3172.0 4294.0 3414.0 c
4294.0 3414.0 3001.0 3414.0 c
3001.0 3414.0 3001.0 4039.0 c
3001.0 4039.0 2719.0 4039.0 d
3001.0 4039.0 3391.0 4039.0 c
3391.0 4039.0 4554.0 4039.0 c
4554.0 4039.0 6282.0 4039.0 c
6282.0 4039.0 6314.0 4039.0 d
6314.0 4039.0 7274.0 4039.0 c
7274.0 4039.0 7737.0 4039.0 c
7737.0 4039.0 8516.0 4039.0 c
8516.0 4039.0 8906.0 4039.0 c
8906.0 4039.0 9274.0 4039.0 c
9274.0 4039.0 10349.0 4039.0 c
10349.0 4039.0 11129.0 4039.0 c
11249.0 4039.0 11129.0 4039.0 d
11249.0 4039.0 12995.0 4039.0 c
12995.0 4039.0 12995.0 4951.0 c
12995.0 4951.0 11249.0 4792.0 c
11249.0 4792.0 11249.0 4039.0 c
11129.0 4039.0 11249.0 5148.0 c
11249.0 5148.0 10349.0 4039.0 c
10349.0 4039.0 10349.0 5583.0 c
10349.0 5583.0 10310.0 6015.0 c
10310.0 6015.0 10547.0 6015.0 c
10547.0 6015.0 11744.0 6015.0 c
11744.0 6015.0 12784.0 6015.0 c
12784.0 6015.0 14771.0 6015.0 c
14771.0 6015.0 12784.0 6394.0 c
12784.0 6394.0 12784.0 6015.0 c
12784.0 6015.0 11781.0 6727.0 c
11781.0 6727.0 11744.0 6015.0 c
11744.0 6015.0 11744.0 7073.0 c
11744.0 7073.0 10547.0 7044.0 c
10547.0 7044.0 10547.0 6987.0 c
10547.0 6987.0 10547.0 6015.0 c
10547.0 6015.0 10547.0 6987.0 d
10547.0 6987.0 10015.0 6987.0 c
10015.0 6987.0 10015.0 6015.0 c
10015.0 6015.0 10310.0 6015.0 c
10310.0 6015.0 10015.0 6015.0 d
10015.0 6015.0 10015.0 6987.0 d
10015.0 6987.0 10015.0 8415.0 c
10015.0 8415.0 9812.0 8415.0 d
10015.0 8415.0 11652.0 8415.0 c
11652.0 8415.0 12652.0 8415.0 c
12652.0 8415.0 14956.0 8415.0 c
14956.0 8415.0 14956.0 9567.0 c
14956.0 9567.0 13612.0 9567.0 c
13612.0 9567.0 12652.0 8895.0 c
12652.0 8895.0 12652.0 8415.0 c
12652.0 8415.0 12652.0 8895.0 d
12652.0 8895.0 12652.0 9689.0 c
12652.0 9689.0 12152.0 10144.0 c
12152.0 10144.0 11652.0 10144.0 c
11652.0 10144.0 11652.0 8479.0 c
11652.0 8479.0 11652.0 8415.0 c
11652.0 8415.0 11652.0 8479.0 d
11652.0 8479.0 10388.0 8923.0 c
10388.0 8923.0 9868.0 8575.0 c
9868.0 8575.0 9812.0 8415.0 c
9812.0 8415.0 9812.0 9855.0 c
9812.0 9855.0 9076.0 10431.0 c
9076.0 10431.0 8791.0 10431.0 d
9076.0 10431.0 9444.0 10431.0 c
9444.0 10431.0 10345.0 11228.0 c
10345.0 11228.0 10345.0 10431.0 c
10345.0 10431.0 11065.0 10431.0 c
11065.0 10431.0 12106.0 10431.0 c
12106.0 10431.0 13127.0 10431.0 c
13127.0 10431.0 13527.0 10431.0 c
13527.0 10431.0 14594.0 10431.0 c
14594.0 10431.0 14908.0 10431.0 c
14908.0 10431.0 14594.0 11946.0 c
14594.0 11946.0 14594.0 10835.0 c
14594.0 10835.0 14594.0 10431.0 c
14594.0 10431.0 14594.0 10835.0 d
14594.0 10835.0 13527.0 10561.0 c
13527.0 10561.0 13527.0 10431.0 c
13527.0 10431.0 13127.0 10964.0 c
13127.0 10964.0 13127.0 10431.0 c
13127.0 10431.0 13127.0 10964.0 d
13127.0 10964.0 13127.0 11326.0 c
13127.0 11326.0 13006.0 11353.0 c
13006.0 11353.0 12106.0 11353.0 c
12106.0 11353.0 12106.0 10431.0 c
12106.0 10431.0 12106.0 11353.0 d
12106.0 11353.0 12106.0 11674.0 c
12106.0 11674.0 11065.0 11674.0 c
11065.0 11674.0 11065.0 10431.0 c
11065.0 10431.0 11065.0 11674.0 d
11065.0 11674.0 11065.0 11907.0 c
11065.0 11907.0 10345.0 11907.0 c
10345.0 11907.0 10345.0 11228.0 c
10345.0 11228.0 8791.0 10431.0 c
8791.0 10431.0 8599.0 11199.0 c
8599.0 11199.0 7447.0 11199.0 c
7447.0 11199.0 7447.0 11831.0 c
7447.0 11831.0 6097.0 11831.0 c
6097.0 11831.0 6153.0 11946.0 d
6153.0 11946.0 6712.0 11946.0 c
6153.0 11946.0 6153.0 12143.0 c
6153.0 12143.0 6153.0 13299.0 c
6153.0 13299.0 5796.0 13645.0 c
5796.0 13645.0 3686.0 13645.0 c
3686.0 13645.0 3686.0 12727.0 c
3686.0 12727.0 2377.0 13471.0 c
2377.0 13471.0 2377.0 13429.0 c
2377.0 13429.0 2108.0 12871.0 c
2108.0 12871.0 2108.0 12227.0 c
2108.0 12227.0 393.0 12227.0 c
393.0 12227.0 393.0 12210.0 c
393.0 12210.0 0.0 12358.0 c
0.0 12358.0 0.0 11946.0 c
0.0 11946.0 393.0 11946.0 c
393.0 11946.0 393.0 12210.0 c
393.0 12210.0 393.0 11946.0 d
393.0 11946.0 2108.0 11946.0 c
2108.0 11946.0 2108.0 12227.0 c
2108.0 12227.0 2108.0 11946.0 d
2108.0 11946.0 2377.0 11946.0 c
2377.0 11946.0 2377.0 13429.0 c
2377.0 13429.0 2377.0 11946.0 d
2377.0 11946.0 3686.0 11946.0 c
3686.0 11946.0 3686.0 12727.0 c
3686.0 12727.0 3686.0 11946.0 d
3686.0 11946.0 6153.0 11946.0 c
6712.0 11946.0 7393.0 11946.0 c
7393.0 11946.0 9481.0 11946.0 c
9481.0 11946.0 9982.0 11946.0 c
9982.0 11946.0 11449.0 11946.0 c
11449.0 11946.0 11697.0 11946.0 d
11697.0 11946.0 12981.0 11946.0 c
12981.0 11946.0 14169.0 11946.0 c
14169.0 11946.0 14169.0 12016.0 c
14169.0 12016.0 12981.0 12808.0 c
12981.0 12808.0 12981.0 11946.0 c
12981.0 11946.0 11469.0 13746.0 c
11469.0 13746.0 11449.0 13646.0 c
11449.0 13646.0 11697.0 11946.0 c
11449.0 11946.0 11449.0 12452.0 c
11449.0 12452.0 9982.0 12452.0 c
9982.0 12452.0 9982.0 11946.0 c
9982.0 11946.0 9982.0 12452.0 d
9982.0 12452.0 9982.0 13793.0 c
9982.0 13793.0 9966.0 14372.0 c
9966.0 14372.0 11179.0 14372.0 c
11179.0 14372.0 13575.0 14372.0 c
13575.0 14372.0 14855.0 14372.0 c
14855.0 14372.0 13575.0 14937.0 c
13575.0 14937.0 13575.0 14372.0 c
13575.0 14372.0 13575.0 14937.0 d
13575.0 14937.0 13575.0 15362.0 c
13575.0 15362.0 13114.0 15555.0 c
13114.0 15555.0 11179.0 15555.0 c
11179.0 15555.0 11179.0 14372.0 c
11179.0 14372.0 11179.0 15555.0 d
11179.0 15555.0 11179.0 15635.0 c
11179.0 15635.0 9393.0 15596.0 c
9393.0 15596.0 9393.0 14420.0 c
9393.0 14420.0 9393.0 14372.0 c
9481.0 14372.0 9365.0 14372.0 d
9365.0 14372.0 9393.0 14420.0 c
9393.0 14420.0 8213.0 15140.0 c
8213.0 15140.0 8117.0 14372.0 c
8117.0 14372.0 8117.0 15932.0 c
8117.0 15932.0 6184.0 14920.0 c
6184.0 14920.0 6184.0 14372.0 c
5896.0 14372.0 6184.0 14372.0 d
5896.0 14372.0 6184.0 16004.0 c
6184.0 16004.0 6152.0 16040.0 c
6152.0 16040.0 5224.0 14372.0 c
5224.0 14372.0 5224.0 16541.0 c
5224.0 16541.0 5089.0 16799.0 d
5089.0 16799.0 5543.0 16799.0 c
5543.0 16799.0 5850.0 16799.0 c
5850.0 16799.0 6386.0 16799.0 c
6386.0 16799.0 7842.0 16799.0 c
7842.0 16799.0 8214.0 16799.0 c
8214.0 16799.0 10081.0 16799.0 c
10081.0 16799.0 10232.0 16799.0 c
10232.0 16799.0 11032.0 16799.0 c
11032.0 16799.0 11704.0 16799.0 c
11704.0 16799.0 12548.0 16799.0 c
12548.0 16799.0 13460.0 16799.0 c
13460.0 16799.0 14324.0 16799.0 c
14324.0 16799.0 14132.0 19295.0 c
14132.0 19295.0 13460.0 16799.0 c
13460.0 16799.0 12548.0 18431.0 c
12548.0 18431.0 12548.0 16799.0 c
12548.0 16799.0 12548.0 18431.0 d
12548.0 18431.0 12548.0 18815.0 c
12548.0 18815.0 11704.0 18335.0 c
11704.0 18335.0 11704.0 17663.0 c
11704.0 17663.0 11704.0 16799.0 c
11704.0 16799.0 11704.0 17663.0 d
11704.0 17663.0 11032.0 16799.0 c
11032.0 16799.0 11032.0 17089.0 c
11032.0 17089.0 10232.0 17298.0 c
10232.0 17298.0 10232.0 16799.0 c
10232.0 16799.0 10232.0 17298.0 d
10232.0 17298.0 10232.0 17700.0 c
10232.0 17700.0 10081.0 17700.0 c
10081.0 17700.0 10081.0 17464.0 c
10081.0 17464.0 10081.0 16799.0 c
10081.0 16799.0 10081.0 17464.0 d
10081.0 17464.0 8214.0 17699.0 c
8214.0 17699.0 8214.0 17163.0 c
8214.0 17163.0 8214.0 16799.0 c
8214.0 16799.0 8214.0 17163.0 d
8214.0 17163.0 7842.0 16799.0 c
7842.0 16799.0 7842.0 18527.0 c
7842.0 18527.0 6386.0 19215.0 c
6386.0 19215.0 6386.0 16799.0 c
6386.0 16799.0 5850.0 18335.0 c
5850.0 18335.0 5850.0 17663.0 c
5850.0 17663.0 5850.0 16799.0 c
5850.0 16799.0 5850.0 17663.0 d
5850.0 17663.0 5808.0 17940.0 c
5808.0 17940.0 5543.0 17940.0 c
5543.0 17940.0 5543.0 16799.0 c
5543.0 16799.0 5543.0 17940.0 d
5543.0 17940.0 5543.0 18283.0 c
5543.0 18283.0 3892.0 18283.0 c
3892.0 18283.0 3892.0 17472.0 c
3892.0 17472.0 2867.0 17926.0 c
2867.0 17926.0 2867.0 19679.0 c
2867.0 19679.0 3520.0 19679.0 c
3520.0 19679.0 5024.0 19679.0 c
5024.0 19679.0 6808.0 19679.0 c
6808.0 19679.0 7976.0 19679.0 c
7976.0 19679.0 10528.0 19679.0 c
10528.0 19679.0 11248.0 19679.0 c
11248.0 19679.0 13264.0 19679.0 c
13264.0 19679.0 13544.0 19679.0 c
13544.0 19679.0 14077.0 19679.0 c
14077.0 19679.0 14077.0 20853.0 c
14077.0 20853.0 13544.0 20822.0 c
13544.0 20822.0 13544.0 19679.0 c
13544.0 19679.0 13264.0 20066.0 c
13264.0 20066.0 13264.0 19679.0 c
13264.0 19679.0 13264.0 20066.0 d
13264.0 20066.0 13264.0 20447.0 c
13264.0 20447.0 11728.0 20255.0 c
11728.0 20255.0 11248.0 19679.0 c
11248.0 19679.0 11248.0 21731.0 c
11248.0 21731.0 10528.0 20675.0 c
10528.0 20675.0 10528.0 19715.0 c
10528.0 19715.0 10528.0 19679.0 c
10528.0 19679.0 10528.0 19715.0 d
10528.0 19715.0 8128.0 20599.0 c
8128.0 20599.0 7976.0 19679.0 c
7976.0 19679.0 7576.0 20255.0 c
7576.0 20255.0 6808.0 19679.0 c
6808.0 19679.0 6808.0 19883.0 c
6808.0 19883.0 5024.0 20325.0 c
5024.0 20325.0 5024.0 20303.0 c
5024.0 20303.0 5024.0 19679.0 c
5024.0 19679.0 5024.0 20303.0 d
5024.0 20303.0 3904.0 20303.0 c
3904.0 20303.0 3520.0 19679.0 c
3520.0 19679.0 3520.0 21779.0 c
3520.0 21779.0 3351.0 21855.0 d
3351.0 21855.0 4695.0 21855.0 c
3351.0 21855.0 3351.0 23423.0 c
3351.0 23423.0 3281.0 23713.0 c
3281.0 23713.0 1395.0 23713.0 c
1395.0 23713.0 1395.0 23262.0 c
1395.0 23262.0 1228.0 23820.0 c
1228.0 23820.0 1438.0 23820.0 c
1438.0 23820.0 2438.0 23820.0 c
2438.0 23820.0 2865.0 23820.0 c
2865.0 23820.0 3165.0 23820.0 c
3165.0 23820.0 5058.0 23820.0 c
5058.0 23820.0 5855.0 23820.0 c
5855.0 23820.0 7775.0 23820.0 c
7775.0 23820.0 8456.0 23820.0 c
8456.0 23820.0 10296.0 23820.0 c
10296.0 23820.0 11224.0 23820.0 c
11224.0 23820.0 11447.0 23820.0 c
11447.0 23820.0 12135.0 23820.0 c
12135.0 23820.0 11943.0 24280.0 c
11943.0 24280.0 11447.0 23820.0 c
11447.0 23820.0 11447.0 24969.0 c
11447.0 24969.0 11224.0 24969.0 c
11224.0 24969.0 11224.0 23820.0 c
11224.0 23820.0 10296.0 25076.0 c
10296.0 25076.0 10296.0 23868.0 c
10296.0 23868.0 10296.0 23820.0 c
10296.0 23820.0 10296.0 23868.0 d
10296.0 23868.0 9032.0 24320.0 c
9032.0 24320.0 8532.0 24020.0 c
8532.0 24020.0 8456.0 23820.0 c
8456.0 23820.0 8456.0 24546.0 c
8456.0 24546.0 7775.0 24861.0 c
7775.0 24861.0 7775.0 24780.0 c
7775.0 24780.0 7775.0 23820.0 c
7775.0 23820.0 7775.0 24780.0 d
7775.0 24780.0 6815.0 24780.0 c
6815.0 24780.0 5951.0 24492.0 c
5951.0 24492.0 5855.0 23820.0 c
5855.0 23820.0 5855.0 24069.0 c
5855.0 24069.0 5058.0 24147.0 c
5058.0 24147.0 5058.0 23820.0 c
5058.0 23820.0 4126.0 25248.0 c
4126.0 25248.0 3165.0 23820.0 c
3165.0 23820.0 3165.0 24878.0 c
3165.0 24878.0 2865.0 24878.0 c
2865.0 24878.0 2865.0 24765.0 c
2865.0 24765.0 2865.0 23820.0 c
2865.0 23820.0 2865.0 24765.0 d
2865.0 24765.0 2438.0 24765.0 c
2438.0 24765.0 2438.0 24620.0 c
2438.0 24620.0 2438.0 23820.0 c
2438.0 23820.0 2438.0 24620.0 d
2438.0 24620.0 1438.0 24470.0 c
1438.0 24470.0 1438.0 23820.0 c
1438.0 23820.0 1438.0 24470.0 d
1438.0 24470.0 1438.0 25326.0 c
1438.0 25326.0 0.0 24209.0 c
0.0 24209.0 0.0 23820.0 c
0.0 23820.0 1228.0 23820.0 c
1228.0 23820.0 0.0 23820.0 d
0.0 23820.0 0.0 21855.0 c
0.0 21855.0 1395.0 21855.0 c
1395.0 21855.0 1395.0 23262.0 c
1395.0 23262.0 1395.0 21855.0 d
1395.0 21855.0 1536.0 21855.0 c
1536.0 21855.0 2272.0 21855.0 c
2272.0 21855.0 3351.0 21855.0 c
4695.0 21855.0 6420.0 21855.0 c
6420.0 21855.0 6968.0 21855.0 c
6968.0 21855.0 9418.0 21855.0 c
9418.0 21855.0 11578.0 21855.0 c
11578.0 21855.0 12538.0 21855.0 c
12538.0 21855.0 14641.0 21855.0 c
14641.0 21855.0 14641.0 22173.0 c
14641.0 22173.0 14535.0 22588.0 c
14535.0 22588.0 12538.0 22588.0 c
12538.0 22588.0 12538.0 21855.0 c
12538.0 21855.0 12538.0 22588.0 d
12538.0 22588.0 12538.0 23103.0 c
12538.0 23103.0 11578.0 21855.0 c
11578.0 21855.0 11146.0 22527.0 c
11146.0 22527.0 9418.0 21855.0 c
9418.0 21855.0 9418.0 22795.0 c
9418.0 22795.0 6968.0 21939.0 c
6968.0 21939.0 6968.0 21855.0 c
6968.0 21855.0 6420.0 22446.0 c
6420.0 22446.0 6420.0 21933.0 c
6420.0 21933.0 6420.0 21855.0 c
6420.0 21855.0 6420.0 21933.0 d
6420.0 21933.0 4695.0 23215.0 c
4695.0 23215.0 4695.0 21855.0 c
4695.0 21855.0 3887.0 22467.0 c
3887.0 22467.0 3351.0 21855.0 c
3520.0 21779.0 2272.0 21655.0 c
2272.0 21655.0 2272.0 21855.0 c
2272.0 21855.0 1536.0 21855.0 d
1536.0 21855.0 1536.0 21615.0 c
1536.0 21615.0 0.0 19679.0 c
0.0 19679.0 1536.0 19679.0 c
1536.0 19679.0 1536.0 21615.0 c
1536.0 21615.0 1536.0 19679.0 d
1536.0 19679.0 2272.0 19679.0 c
2272.0 19679.0 2272.0 21655.0 c
2272.0 21655.0 2272.0 19679.0 d
2272.0 19679.0 2563.0 19679.0 c
2563.0 19679.0 2867.0 19679.0 c
2867.0 19679.0 2563.0 19679.0 d
2563.0 19679.0 1411.0 19103.0 c
1411.0 19103.0 1411.0 17395.0 c
1411.0 17395.0 0.0 18369.0 c
0.0 18369.0 0.0 16799.0 c
0.0 16799.0 1411.0 16799.0 c
1411.0 16799.0 1411.0 17395.0 c
1411.0 17395.0 1411.0 16799.0 d
1411.0 16799.0 2867.0 16799.0 c
2867.0 16799.0 2867.0 17926.0 c
2867.0 17926.0 2867.0 16799.0 d
2867.0 16799.0 3892.0 16799.0 c
3892.0 16799.0 3892.0 17472.0 c
3892.0 17472.0 3892.0 16799.0 d
3892.0 16799.0 4688.0 16799.0 c
4688.0 16799.0 5089.0 16799.0 c
5224.0 16541.0 5089.0 16799.0 d
5089.0 16799.0 4688.0 16799.0 d
4688.0 16799.0 4688.0 15009.0 c
4688.0 15009.0 3153.0 15512.0 c
3153.0 15512.0 3153.0 15799.0 c
3153.0 15799.0 1948.0 15799.0 c
1948.0 15799.0 1948.0 14372.0 c
1948.0 14372.0 0.0 14798.0 c
0.0 14798.0 0.0 14372.0 c
0.0 14372.0 1948.0 14372.0 c
1948.0 14372.0 3153.0 14372.0 c
3153.0 14372.0 3153.0 15512.0 c
3153.0 15512.0 3153.0 14372.0 d
3153.0 14372.0 4688.0 14372.0 c
4688.0 14372.0 4688.0 15009.0 c
4688.0 15009.0 4688.0 14372.0 d
4688.0 14372.0 5224.0 14372.0 c
5224.0 14372.0 5896.0 14372.0 c
6184.0 14372.0 8117.0 14372.0 c
8117.0 14372.0 9365.0 14372.0 c
9393.0 14372.0 9481.0 14372.0 c
9481.0 14372.0 9966.0 14372.0 c
9966.0 14372.0 9481.0 14372.0 d
9481.0 14372.0 9481.0 11946.0 c
9481.0 11946.0 8485.0 13114.0 c
8485.0 13114.0 7393.0 12714.0 c
7393.0 12714.0 7393.0 12463.0 c
7393.0 12463.0 7393.0 11946.0 c
7393.0 11946.0 7393.0 12463.0 d
7393.0 12463.0 6712.0 12463.0 c
6712.0 12463.0 6712.0 11946.0 c
6712.0 11946.0 6153.0 12143.0 c
6153.0 12143.0 6153.0 11946.0 d
6097.0 11831.0 6097.0 11632.0 c
6097.0 11632.0 5083.0 11632.0 c
5083.0 11632.0 5083.0 10529.0 c
5083.0 10529.0 3697.0 10726.0 c
3697.0 10726.0 3697.0 10431.0 c
3697.0 10431.0 3578.0 11434.0 c
3578.0 11434.0 3578.0 10431.0 c
3578.0 10431.0 3050.0 10682.0 c
3050.0 10682.0 3050.0 11256.0 c
3050.0 11256.0 1530.0 11372.0 c
1530.0 11372.0 1530.0 11553.0 c
1530.0 11553.0 0.0 11297.0 c
0.0 11297.0 0.0 10431.0 c
0.0 10431.0 1530.0 10431.0 c
1530.0 10431.0 1530.0 11372.0 c
1530.0 11372.0 1530.0 10431.0 d
1530.0 10431.0 3050.0 10431.0 c
3050.0 10431.0 3050.0 10682.0 c
3050.0 10682.0 3050.0 10431.0 d
3050.0 10431.0 3578.0 10431.0 c
3578.0 10431.0 3697.0 10431.0 c
3697.0 10431.0 5083.0 10431.0 c
5083.0 10431.0 5083.0 10529.0 c
5083.0 10529.0 5083.0 10431.0 d
5083.0 10431.0 6097.0 10431.0 c
6097.0 10431.0 6097.0 11632.0 c
6097.0 11632.0 6097.0 10431.0 d
6097.0 10431.0 7447.0 10431.0 c
7447.0 10431.0 7447.0 11199.0 c
7447.0 11199.0 7447.0 10431.0 d
7447.0 10431.0 8791.0 10431.0 c
8791.0 10431.0 9076.0 10431.0 d
9076.0 10431.0 9076.0 8415.0 c
9076.0 8415.0 8596.0 8799.0 c
8596.0 8799.0 7156.0 8415.0 c
7156.0 8415.0 7156.0 8691.0 c
7156.0 8691.0 7000.0 8925.0 c
7000.0 8925.0 5387.0 8925.0 c
5387.0 8925.0 5387.0 8880.0 c
5387.0 8880.0 3454.0 9106.0 c
3454.0 9106.0 3157.0 9106.0 c
3157.0 9106.0 3157.0 8415.0 c
3157.0 8415.0 1845.0 8972.0 c
1845.0 8972.0 1845.0 8773.0 c
1845.0 8773.0 1488.0 8904.0 c
1488.0 8904.0 0.0 8904.0 c
0.0 8904.0 0.0 8415.0 c
0.0 8415.0 1845.0 8415.0 c
1845.0 8415.0 1845.0 8773.0 c
1845.0 8773.0 1845.0 8415.0 d
1845.0 8415.0 3157.0 8415.0 c
3157.0 8415.0 5387.0 8415.0 c
5387.0 8415.0 5387.0 8880.0 c
5387.0 8880.0 5387.0 8415.0 d
5387.0 8415.0 7156.0 8415.0 c
7156.0 8415.0 9076.0 8415.0 c
9076.0 8415.0 9812.0 8415.0 c
9812.0 8415.0 10015.0 8415.0 d
10015.0 8415.0 9295.0 7319.0 c
9295.0 7319.0 9295.0 6015.0 c
9295.0 6015.0 10015.0 6015.0 c
10015.0 6015.0 9295.0 6015.0 d
9295.0 6015.0 9274.0 6015.0 d
9295.0 6015.0 8695.0 7167.0 c
8695.0 7167.0 6895.0 6111.0 c
6895.0 6111.0 6895.0 6015.0 c
6895.0 6015.0 6450.0 6581.0 c
6450.0 6581.0 4954.0 6015.0 c
4954.0 6015.0 4954.0 7338.0 c
4954.0 7338.0 4571.0 7338.0 c
4571.0 7338.0 4571.0 6715.0 c
4571.0 6715.0 3891.0 7263.0 c
3891.0 7263.0 3891.0 6015.0 c
3891.0 6015.0 3567.0 6687.0 c
3567.0 6687.0 2799.0 6015.0 c
2799.0 6015.0 2180.0 7373.0 c
2180.0 7373.0 2012.0 6015.0 c
2012.0 6015.0 2012.0 6087.0 c
2012.0 6087.0 1580.0 6602.0 c
1580.0 6602.0 0.0 6602.0 c
0.0 6602.0 0.0 6015.0 c
0.0 6015.0 2012.0 6015.0 c
2012.0 6015.0 2799.0 6015.0 c
2799.0 6015.0 3891.0 6015.0 c
3891.0 6015.0 4571.0 6015.0 c
4571.0 6015.0 4571.0 6715.0 c
4571.0 6715.0 4571.0 6015.0 d
4571.0 6015.0 4954.0 6015.0 c
4954.0 6015.0 6895.0 6015.0 c
6895.0 6015.0 9274.0 6015.0 c
9274.0 6015.0 9295.0 6015.0 d
9295.0 6015.0 9274.0 6015.0 d
9274.0 6015.0 9274.0 4678.0 c
9274.0 4678.0 9274.0 4039.0 c
9274.0 4039.0 9274.0 4678.0 d
9274.0 4678.0 8906.0 4474.0 c
8906.0 4474.0 8906.0 4039.0 c
8906.0 4039.0 8906.0 4474.0 d
8906.0 4474.0 8906.0 5101.0 c
8906.0 5101.0 8516.0 4247.0 c
8516.0 4247.0 8516.0 4039.0 c
8516.0 4039.0 8516.0 4247.0 d
8516.0 4247.0 8516.0 4722.0 c
8516.0 4722.0 8111.0 4974.0 c
8111.0 4974.0 7737.0 4974.0 c
7737.0 4974.0 7737.0 4039.0 c
7737.0 4039.0 7473.0 4820.0 c
7473.0 4820.0 7274.0 4039.0 c
7274.0 4039.0 7274.0 5335.0 c
7274.0 5335.0 6314.0 4039.0 c
6282.0 4039.0 6314.0 5959.0 c
6314.0 5959.0 4554.0 5959.0 c
4554.0 5959.0 4554.0 4039.0 c
4554.0 4039.0 3609.0 4338.0 c
3609.0 4338.0 3391.0 4039.0 c
3391.0 4039.0 2719.0 4711.0 c
2719.0 4711.0 2719.0 4039.0 c
2719.0 4039.0 2510.0 4795.0 c
2510.0 4795.0 2510.0 5315.0 c
2510.0 5315.0 1858.0 5831.0 c
1858.0 5831.0 1858.0 4348.0 c
1858.0 4348.0 922.0 4310.0 c
922.0 4310.0 922.0 4039.0 c
922.0 4039.0 0.0 4521.0 c
0.0 4521.0 0.0 4039.0 c
0.0 4039.0 922.0 4039.0 c
922.0 4039.0 1858.0 4039.0 c
1858.0 4039.0 1858.0 4348.0 c
1858.0 4348.0 1858.0 4039.0 d
1858.0 4039.0 2510.0 4039.0 c
2510.0 4039.0 2510.0 4795.0 c
2510.0 4795.0 2510.0 4039.0 d
2510.0 4039.0 2719.0 4039.0 c
2719.0 4039.0 3001.0 4039.0 d
3001.0 4039.0 2281.0 3543.0 c
2281.0 3543.0 2281.0 1925.0 c
2281.0 1925.0 1932.0 2263.0 c
1932.0 2263.0 1762.0 2263.0 c
1762.0 2263.0 1762.0 1623.0 c
1762.0 1623.0 1469.0 3139.0 c
1469.0 3139.0 1469.0 1623.0 c
1469.0 1623.0 426.0 1958.0 c
426.0 1958.0 426.0 1623.0 c
426.0 1623.0 0.0 2972.0 c
0.0 2972.0 0.0 1623.0 c
0.0 1623.0 426.0 1623.0 c
426.0 1623.0 1469.0 1623.0 c
1469.0 1623.0 1762.0 1623.0 c
1762.0 1623.0 2281.0 1623.0 c
2281.0 1623.0 2281.0 1925.0 c
2281.0 1925.0 2281.0 1623.0 d
2281.0 1623.0 3001.0 1623.0 c
3001.0 1623.0 3001.0 3414.0 c
3001.0 3414.0 3001.0 1623.0 d
3001.0 1623.0 4392.0 1623.0 c
4392.0 1623.0 5596.0 1623.0 c
5596.0 1623.0 5639.0 2131.0 c
5639.0 2637.0 5639.0 2131.0 c
5639.0 2131.0 5639.0 1623.0 c
5639.0 1623.0 5814.0 1623.0 c
5814.0 1623.0 5814.0 1657.0 c
5814.0 1657.0 5814.0 1623.0 d
5814.0 1623.0 6284.0 1623.0 c
6284.0 1623.0 6284.0 2543.0 c
6284.0 2543.0 6284.0 1623.0 d
6284.0 1623.0 8134.0 1623.0 c
8134.0 1623.0 8634.0 1623.0 c
8634.0 1623.0 8634.0 2591.0 c
8634.0 2591.0 8634.0 1623.0 d
8634.0 1623.0 9258.0 1623.0 c
9258.0 1623.0 11178.0 1623.0 c
11178.0 1623.0 11178.0 2065.0 c
11178.0 2065.0 11178.0 1623.0 d
11178.0 1623.0 12224.0 1623.0 c
12224.0 1623.0 12224.0 3054.0 c
12224.0 3054.0 12224.0 1623.0 d
12224.0 1623.0 12990.0 1623.0 c
12990.0 1623.0 13568.0 1623.0 c
13641.0 1623.0 13568.0 1623.0 d
13568.0 1623.0 12990.0 1623.0 d
12990.0 1623.0 12990.0 0.0 c
12990.0 0.0 12792.0 283.0 c
12792.0 283.0 12690.0 0.0 c
12690.0 0.0 11996.0 250.0 c
11996.0 250.0 11996.0 0.0 c
11996.0 0.0 11996.0 250.0 d
11996.0 250.0 11996.0 988.0 c
11996.0 988.0 11372.0 1504.0 c
11372.0 1504.0 11372.0 0.0 c
11372.0 0.0 9426.0 1245.0 c
9426.0 1245.0 9426.0 0.0 c
9426.0 0.0 9074.0 672.0 c
9074.0 672.0 7922.0 0.0 c
7922.0 0.0 7922.0 301.0 c
7922.0 301.0 7415.0 753.0 c
7415.0 753.0 7415.0 0.0 c
7415.0 0.0 7415.0 753.0 d
7415.0 753.0 7415.0 1009.0 c
7415.0 1009.0 7221.0 1009.0 c
7221.0 1009.0 7221.0 0.0 c
7221.0 0.0 7089.0 1350.0 c
7089.0 1350.0 5457.0 0.0 c
5457.0 0.0 4176.0 716.0 c
4176.0 716.0 4176.0 0.0 c
4176.0 0.0 4108.0 480.0 c
4108.0 480.0 2400.0 0.0 c
2400.0 0.0 2400.0 56.0 c
2400.0 56.0 1600.0 864.0 c
1600.0 864.0 0.0 0.0 c
