Processando arquivo: han100_sep.txt

Tempo de Inicio (hh:mm:ss.ms) 2026-04-27 10:08:58.518435
Tempo de Termino (hh:mm:ss.ms) 2026-04-27 10:09:01.821712
Tempo Total (hh:mm:ss.ms) 0:00:03.303277

Função Objetivo: 24625.192500000023

0.0 0.0 1867.0 0.0 c
2045.0 0.0 1867.0 0.0 d
2045.0 0.0 3389.0 0.0 c
3389.0 0.0 3965.0 1344.0 c
3965.0 1344.0 2045.0 1920.0 c
2045.0 1920.0 2379.0 2156.0 d
1843.0 2156.0 2379.0 2156.0 c
2472.0 2156.0 2379.0 2156.0 d
2472.0 2156.0 3432.0 2156.0 c
3432.0 2156.0 3668.0 2316.0 d
3612.0 2156.0 5452.0 2156.0 c
5623.0 2156.0 5452.0 2156.0 d
5623.0 2156.0 6583.0 2156.0 c
6583.0 2156.0 6583.0 3404.0 c
6583.0 3404.0 5623.0 2156.0 c
5452.0 2156.0 5452.0 2220.0 c
5452.0 2220.0 4188.0 2664.0 c
4188.0 2664.0 3668.0 2316.0 c
3668.0 2316.0 3612.0 2156.0 c
3432.0 2156.0 3432.0 3452.0 c
3432.0 3452.0 2472.0 2156.0 c
1344.0 2156.0 1843.0 2156.0 d
1344.0 2156.0 1152.0 2924.0 c
1491.0 2156.0 1344.0 2156.0 d
1491.0 3165.0 1491.0 2156.0 c
1491.0 2156.0 1685.0 2156.0 c
1685.0 2156.0 1685.0 3165.0 c
1685.0 3165.0 1491.0 3165.0 c
1152.0 2924.0 0.0 2924.0 c
0.0 2924.0 0.0 2156.0 c
0.0 2156.0 1344.0 2156.0 c
2379.0 2156.0 1843.0 3692.0 c
1843.0 3692.0 1600.0 3920.0 d
1600.0 3920.0 2625.0 3920.0 c
2801.0 3920.0 2625.0 3920.0 d
2801.0 3920.0 4305.0 3920.0 c
4305.0 3920.0 4506.0 3920.0 d
4506.0 3920.0 5962.0 3920.0 c
6049.0 3920.0 5962.0 3920.0 d
6049.0 3920.0 6769.0 3920.0 c
6826.0 3681.0 6769.0 3920.0 d
6826.0 3681.0 6826.0 2156.0 c
6826.0 3681.0 7201.0 3920.0 d
6978.0 3920.0 7201.0 3920.0 c
7201.0 3920.0 7380.0 3920.0 d
7380.0 3920.0 9156.0 3920.0 c
9156.0 3920.0 9332.0 3920.0 d
9332.0 3920.0 9507.0 3920.0 c
9590.0 3920.0 9507.0 3920.0 d
9590.0 3920.0 10976.0 3920.0 c
10976.0 3920.0 10976.0 4018.0 c
10976.0 4018.0 9590.0 4215.0 c
9590.0 4215.0 9590.0 3920.0 c
9507.0 3920.0 9507.0 3954.0 c
9507.0 3954.0 9332.0 4934.0 c
9332.0 4934.0 9332.0 3920.0 c
9156.0 3920.0 9088.0 4400.0 c
9088.0 4400.0 7380.0 3920.0 c
7201.0 3920.0 7201.0 5069.0 c
7201.0 5069.0 6978.0 5069.0 c
6978.0 5069.0 6978.0 3920.0 c
6826.0 2156.0 8135.0 2156.0 c
7910.0 1920.0 8135.0 2156.0 d
7910.0 1920.0 6150.0 1920.0 c
7910.0 1920.0 8119.0 1504.0 d
8119.0 0.0 8743.0 0.0 c
8832.0 0.0 8743.0 0.0 d
8832.0 0.0 10037.0 0.0 c
10037.0 0.0 10037.0 1427.0 c
10037.0 1427.0 8832.0 1427.0 c
8832.0 1427.0 8832.0 0.0 c
8743.0 0.0 8743.0 988.0 c
8743.0 988.0 8119.0 1504.0 c
8119.0 1504.0 8119.0 0.0 c
6150.0 1920.0 6150.0 0.0 c
5904.0 0.0 6150.0 0.0 d
5904.0 0.0 5904.0 204.0 c
5904.0 204.0 4120.0 646.0 c
4120.0 646.0 4120.0 0.0 c
4120.0 0.0 5904.0 0.0 c
6150.0 0.0 7878.0 0.0 c
7878.0 0.0 7910.0 1920.0 c
8292.0 2156.0 8135.0 2156.0 d
8292.0 2156.0 8664.0 2156.0 c
8292.0 2156.0 8836.0 2156.0 d
8836.0 2156.0 9850.0 2156.0 c
9970.0 2156.0 9850.0 2156.0 d
9970.0 2156.0 10658.0 2156.0 c
10658.0 2156.0 10466.0 2616.0 c
10466.0 2616.0 9970.0 2156.0 c
9850.0 2156.0 9850.0 3357.0 c
9850.0 3357.0 8836.0 3357.0 c
8836.0 3357.0 8836.0 2156.0 c
8664.0 2156.0 8664.0 2520.0 c
8664.0 2520.0 8292.0 2156.0 c
8135.0 2156.0 8135.0 2937.0 c
8135.0 2937.0 6826.0 3681.0 c
6769.0 3920.0 6769.0 6336.0 c
6769.0 6336.0 6673.0 6948.0 d
6673.0 6948.0 6673.0 8100.0 c
6673.0 8100.0 6892.0 7889.0 d
6892.0 7889.0 6892.0 6948.0 c
6892.0 6948.0 8412.0 6948.0 c
8576.0 6948.0 8412.0 6948.0 d
8576.0 6948.0 9296.0 6948.0 c
9296.0 6948.0 9296.0 9000.0 c
9296.0 9000.0 9031.0 9467.0 d
9031.0 9467.0 9031.0 10951.0 c
9119.0 9467.0 9031.0 9467.0 d
9119.0 9467.0 10655.0 9467.0 c
10769.0 9467.0 10655.0 9467.0 d
10769.0 9467.0 11393.0 9467.0 c
11393.0 9467.0 11393.0 9927.0 c
11393.0 9927.0 10769.0 10435.0 c
10769.0 10435.0 10769.0 9467.0 c
10655.0 9467.0 10655.0 11403.0 c
10655.0 11403.0 9119.0 9467.0 c
9031.0 10951.0 7380.0 10951.0 c
7193.0 10525.0 7380.0 10951.0 d
7193.0 10525.0 5996.0 10496.0 c
5996.0 10496.0 5996.0 9467.0 c
5996.0 9467.0 5874.0 9467.0 d
5874.0 9467.0 5874.0 10907.0 c
5874.0 10907.0 5138.0 11483.0 c
5138.0 11483.0 5589.0 11663.0 d
5589.0 11663.0 6433.0 11663.0 c
6433.0 11663.0 6646.0 11663.0 d
6646.0 11663.0 7392.0 11663.0 c
7479.0 11663.0 7392.0 11663.0 d
7479.0 11663.0 8159.0 11663.0 c
8159.0 11663.0 8159.0 12363.0 c
8159.0 12363.0 8367.0 12431.0 d
8367.0 12431.0 8271.0 11663.0 c
8271.0 11663.0 9519.0 11663.0 c
9519.0 11663.0 9547.0 11711.0 c
9635.0 11663.0 9547.0 11711.0 d
9635.0 11663.0 11165.0 11663.0 c
11165.0 11663.0 11165.0 12785.0 c
11165.0 12785.0 9635.0 12529.0 c
9635.0 12529.0 9635.0 11663.0 c
9547.0 11711.0 8367.0 12431.0 c
8159.0 12363.0 7479.0 12911.0 c
7479.0 12911.0 7479.0 11663.0 c
7392.0 11663.0 7392.0 12579.0 c
7392.0 12579.0 6646.0 12579.0 c
6646.0 12579.0 6646.0 11663.0 c
6433.0 11663.0 6433.0 13679.0 c
6375.0 13817.0 6433.0 13679.0 d
6375.0 13817.0 6051.0 14489.0 c
6528.0 13817.0 6375.0 13817.0 d
6528.0 14098.0 6528.0 13817.0 c
6528.0 13817.0 8243.0 13817.0 c
8243.0 13817.0 8243.0 14098.0 c
8243.0 14098.0 8471.0 13817.0 d
8471.0 13817.0 10631.0 13817.0 c
10713.0 13817.0 10631.0 13817.0 d
10713.0 13817.0 11106.0 13817.0 c
11106.0 13817.0 11106.0 14081.0 c
11106.0 14081.0 10713.0 14229.0 c
10713.0 14229.0 10713.0 13817.0 c
10631.0 13817.0 10199.0 14489.0 c
10199.0 14489.0 8471.0 13817.0 c
8243.0 14098.0 6528.0 14098.0 c
6051.0 14489.0 5283.0 13817.0 c
5283.0 13817.0 5051.0 13817.0 d
5051.0 13817.0 4123.0 15073.0 c
4123.0 15073.0 4123.0 13817.0 c
4123.0 13817.0 4024.0 13817.0 d
4024.0 13817.0 4024.0 14456.0 c
3424.0 14126.0 4024.0 14456.0 d
3424.0 14126.0 2488.0 14088.0 c
2488.0 14088.0 2488.0 13817.0 c
2488.0 13817.0 2406.0 13817.0 d
2406.0 13817.0 2406.0 14777.0 c
2406.0 14777.0 1446.0 14777.0 c
1446.0 14777.0 582.0 14489.0 c
582.0 14489.0 486.0 13817.0 c
0.0 13817.0 486.0 13817.0 d
293.0 13817.0 0.0 15333.0 c
0.0 15432.0 0.0 15333.0 d
0.0 15432.0 1350.0 15432.0 c
1350.0 15432.0 1350.0 16832.0 c
1350.0 16832.0 1551.0 16656.0 d
1551.0 16656.0 1551.0 15432.0 c
1551.0 15432.0 3337.0 15432.0 c
3431.0 15432.0 3337.0 15432.0 d
3431.0 15432.0 5831.0 15432.0 c
5925.0 15432.0 5831.0 15432.0 d
5925.0 15432.0 7113.0 15432.0 c
7113.0 15432.0 7113.0 15502.0 c
7113.0 15502.0 7245.0 15432.0 d
7245.0 15432.0 7752.0 15432.0 c
7868.0 15432.0 7752.0 15432.0 d
7868.0 15432.0 8665.0 15432.0 c
8874.0 15432.0 8665.0 15432.0 d
8874.0 15432.0 10890.0 15432.0 c
10890.0 15432.0 10890.0 16200.0 c
10890.0 16200.0 9354.0 16008.0 c
9354.0 16008.0 8874.0 15432.0 c
8665.0 15432.0 8665.0 15681.0 c
8665.0 15681.0 7868.0 15759.0 c
7868.0 15759.0 7868.0 15432.0 c
7752.0 15432.0 7752.0 15733.0 c
7752.0 15733.0 7245.0 16185.0 c
7245.0 16185.0 7245.0 15432.0 c
7113.0 15502.0 5925.0 16294.0 c
5925.0 16294.0 5925.0 15432.0 c
5831.0 15432.0 5831.0 15488.0 c
5831.0 15488.0 5031.0 16296.0 c
5031.0 16296.0 3431.0 15432.0 c
3337.0 15432.0 3337.0 16695.0 c
3337.0 16695.0 1551.0 16656.0 c
1350.0 16832.0 0.0 16832.0 c
0.0 16957.0 0.0 16832.0 d
0.0 16957.0 1920.0 16957.0 c
1920.0 16957.0 1920.0 17917.0 c
1920.0 17917.0 2137.0 18077.0 d
2137.0 18077.0 2137.0 16957.0 c
2137.0 16957.0 2607.0 16957.0 c
2695.0 16957.0 2607.0 16957.0 d
2695.0 16957.0 3122.0 16957.0 c
3292.0 16957.0 3122.0 16957.0 d
3292.0 16957.0 4292.0 16957.0 c
4292.0 16957.0 4508.0 16957.0 d
4508.0 16957.0 6012.0 16957.0 c
6212.0 16957.0 6012.0 16957.0 d
6212.0 16957.0 8662.0 16957.0 c
8863.0 16957.0 8662.0 16957.0 d
8863.0 16957.0 9253.0 16957.0 c
9253.0 16957.0 9253.0 18019.0 c
9253.0 18019.0 8863.0 17165.0 c
8863.0 17165.0 8863.0 16957.0 c
8662.0 16957.0 8662.0 17897.0 c
8662.0 17897.0 6212.0 17041.0 c
6212.0 17041.0 6212.0 16957.0 c
6012.0 16957.0 5660.0 17629.0 c
5660.0 17629.0 4508.0 16957.0 c
4292.0 16957.0 4292.0 17757.0 c
4292.0 17757.0 3292.0 17607.0 c
3292.0 17607.0 3292.0 16957.0 c
3122.0 16957.0 3122.0 17902.0 c
3122.0 17902.0 2695.0 17902.0 c
2695.0 17902.0 2695.0 16957.0 c
2607.0 16957.0 2607.0 18471.0 c
2607.0 18471.0 2889.0 18565.0 d
2889.0 18565.0 4173.0 18565.0 c
4173.0 18565.0 4405.0 18565.0 d
4405.0 18565.0 5077.0 18565.0 c
5077.0 18565.0 5277.0 18565.0 d
5277.0 18565.0 6323.0 18565.0 c
6439.0 18565.0 6323.0 18565.0 d
6439.0 18565.0 8279.0 18565.0 c
8459.0 18565.0 8279.0 18565.0 d
8459.0 18565.0 9259.0 18565.0 c
9259.0 18565.0 9259.0 18855.0 c
9259.0 18855.0 9470.0 18565.0 d
9470.0 18565.0 10334.0 18565.0 c
10334.0 18565.0 10449.0 18565.0 d
10449.0 18565.0 10981.0 18565.0 c
10981.0 18565.0 10898.0 18463.0 d
10898.0 18463.0 9460.0 17346.0 c
9460.0 17346.0 9460.0 16957.0 c
9460.0 16957.0 10898.0 16957.0 c
10898.0 16957.0 10898.0 18463.0 c
10981.0 18565.0 10981.0 19537.0 c
10981.0 19537.0 10449.0 19537.0 c
10449.0 19537.0 10449.0 18565.0 c
10334.0 18565.0 10142.0 21061.0 c
10142.0 21061.0 10695.0 21169.0 d
10215.0 21553.0 8775.0 21169.0 c
8775.0 21169.0 8568.0 21169.0 d
8568.0 21169.0 8568.0 22652.0 c
8568.0 22652.0 8299.0 22094.0 c
8299.0 22094.0 8299.0 21169.0 c
8299.0 21169.0 8210.0 21169.0 d
8210.0 21169.0 8210.0 22343.0 c
8210.0 22343.0 7677.0 22312.0 c
7333.0 22070.0 7677.0 22312.0 d
7484.0 22070.0 7333.0 22070.0 c
7333.0 22070.0 7333.0 21169.0 c
7333.0 21169.0 7173.0 21169.0 d
7173.0 21169.0 7173.0 22609.0 c
7173.0 22609.0 6501.0 21169.0 c
6317.0 21169.0 6501.0 21169.0 d
6317.0 21169.0 5405.0 22801.0 c
5170.0 23345.0 5405.0 22801.0 d
5170.0 23345.0 4434.0 23345.0 c
4513.0 23478.0 4434.0 23345.0 d
4513.0 23478.0 6259.0 23478.0 c
6433.0 23478.0 6259.0 23478.0 d
6433.0 23478.0 8366.0 23478.0 c
8547.0 23478.0 8366.0 23478.0 d
8547.0 23478.0 9715.0 23478.0 c
9715.0 23478.0 9315.0 24054.0 c
9315.0 24054.0 8547.0 23478.0 c
8366.0 23478.0 8366.0 25038.0 c
8366.0 25038.0 6433.0 24026.0 c
6433.0 24026.0 6433.0 23478.0 c
6259.0 23478.0 6259.0 24390.0 c
6259.0 24390.0 4513.0 24231.0 c
4513.0 24231.0 4513.0 23478.0 c
4279.0 23478.0 4434.0 23345.0 d
4279.0 23478.0 4279.0 24754.0 c
4279.0 24754.0 3627.0 25270.0 c
3464.0 25206.0 3627.0 25270.0 d
3464.0 25206.0 2008.0 25894.0 c
2008.0 25894.0 2088.0 26004.0 d
2088.0 26004.0 1092.0 27172.0 c
1092.0 27172.0 0.0 26772.0 c
0.0 26772.0 0.0 26004.0 c
0.0 26004.0 2088.0 26004.0 c
2008.0 25894.0 2008.0 23478.0 c
1764.0 23478.0 2008.0 23478.0 d
1764.0 23478.0 1632.0 24828.0 c
1761.0 23145.0 1764.0 23478.0 d
3009.0 23269.0 1761.0 23145.0 c
1761.0 23145.0 1761.0 21169.0 c
1535.0 21169.0 1761.0 21169.0 d
1535.0 21169.0 1535.0 21806.0 c
1535.0 21806.0 0.0 22309.0 c
0.0 22309.0 0.0 21169.0 c
0.0 21169.0 1535.0 21169.0 c
1761.0 21169.0 3009.0 21169.0 c
3176.0 21169.0 3009.0 21169.0 d
3176.0 21169.0 4243.0 21169.0 c
4243.0 21169.0 4243.0 21573.0 c
4243.0 21573.0 3176.0 21299.0 c
3176.0 21299.0 3176.0 21169.0 c
3009.0 21169.0 3009.0 23269.0 c
1632.0 24828.0 0.0 23478.0 c
0.0 23478.0 1764.0 23478.0 c
2008.0 23478.0 3464.0 23478.0 c
3464.0 23478.0 3464.0 25206.0 c
3627.0 25270.0 3627.0 23478.0 c
3627.0 23478.0 4279.0 23478.0 c
4434.0 23345.0 4434.0 21169.0 c
4434.0 21169.0 5170.0 21169.0 c
5170.0 21169.0 5170.0 23345.0 c
5405.0 22801.0 5405.0 21169.0 c
5405.0 21169.0 6317.0 21169.0 c
6501.0 21169.0 7173.0 21169.0 c
7333.0 21169.0 7484.0 21169.0 c
7484.0 21169.0 7484.0 22070.0 c
7677.0 22312.0 7677.0 21169.0 c
7677.0 21169.0 8210.0 21169.0 c
8299.0 21169.0 8568.0 21169.0 c
8775.0 21169.0 10695.0 21169.0 c
10695.0 21169.0 10215.0 21553.0 c
10142.0 21061.0 9470.0 18565.0 c
9259.0 18855.0 8459.0 19064.0 c
8459.0 19064.0 8459.0 18565.0 c
8279.0 18565.0 8279.0 18613.0 c
8279.0 18613.0 7015.0 19065.0 c
7015.0 19065.0 6515.0 18765.0 c
6515.0 18765.0 6439.0 18565.0 c
6323.0 18565.0 6323.0 19996.0 c
6323.0 19996.0 5277.0 19007.0 c
5277.0 19007.0 5277.0 18565.0 c
5077.0 18565.0 4405.0 19237.0 c
4405.0 19237.0 4405.0 18565.0 c
2488.0 18565.0 2889.0 18565.0 d
2488.0 18565.0 1680.0 19177.0 c
1680.0 19177.0 1144.0 18565.0 c
1144.0 18565.0 1041.0 18565.0 d
1041.0 18565.0 1041.0 19808.0 c
1041.0 19808.0 0.0 19808.0 c
0.0 19808.0 0.0 18565.0 c
0.0 18565.0 1041.0 18565.0 c
1144.0 18565.0 2488.0 18565.0 c
4173.0 18565.0 2661.0 20365.0 c
2661.0 20365.0 2641.0 20265.0 c
2641.0 20265.0 2889.0 18565.0 c
2607.0 18471.0 2137.0 18077.0 c
1920.0 17917.0 0.0 16957.0 c
0.0 16832.0 0.0 15432.0 c
0.0 15333.0 0.0 13817.0 c
0.0 13817.0 293.0 13817.0 c
486.0 13817.0 2406.0 13817.0 c
2488.0 13817.0 3424.0 13817.0 c
3424.0 13817.0 3424.0 14126.0 c
4024.0 14456.0 3656.0 14252.0 c
3656.0 14252.0 3656.0 13817.0 c
3656.0 13817.0 4024.0 13817.0 c
4123.0 13817.0 5051.0 13817.0 c
5283.0 13817.0 6375.0 13817.0 c
6433.0 13679.0 5589.0 13199.0 c
5589.0 13199.0 5589.0 11663.0 c
4871.0 11663.0 5138.0 11483.0 d
4871.0 11663.0 4871.0 12986.0 c
4871.0 12986.0 4488.0 12986.0 c
4488.0 12986.0 4488.0 11663.0 c
4488.0 11663.0 4375.0 11663.0 d
4375.0 11663.0 4375.0 11741.0 c
4375.0 11741.0 2650.0 13023.0 c
2650.0 13023.0 2650.0 11663.0 c
2650.0 11663.0 2552.0 11663.0 d
2552.0 11663.0 2552.0 11699.0 c
2552.0 11699.0 152.0 12583.0 c
152.0 12583.0 0.0 11663.0 c
0.0 11663.0 2552.0 11663.0 c
2650.0 11663.0 4375.0 11663.0 c
4488.0 11663.0 4871.0 11663.0 c
5096.0 11663.0 5138.0 11483.0 d
5096.0 11663.0 5396.0 11663.0 c
5396.0 11663.0 5396.0 12721.0 c
5396.0 12721.0 5096.0 12721.0 c
5096.0 12721.0 5096.0 11663.0 c
5138.0 11483.0 5138.0 9467.0 c
5138.0 9467.0 5874.0 9467.0 c
5996.0 9467.0 7193.0 9467.0 c
7193.0 9467.0 7193.0 10525.0 c
7380.0 10951.0 7380.0 9467.0 c
7380.0 9467.0 9031.0 9467.0 c
9296.0 9000.0 8576.0 7944.0 c
8576.0 7944.0 8576.0 6948.0 c
8412.0 6948.0 8412.0 7773.0 c
8412.0 7773.0 6892.0 7889.0 c
6673.0 8100.0 5329.0 8100.0 c
5329.0 8100.0 4369.0 7428.0 c
4369.0 7428.0 4369.0 6948.0 c
4369.0 6948.0 4167.0 6948.0 d
4167.0 6948.0 4167.0 7674.0 c
4167.0 7674.0 3486.0 7989.0 c
3486.0 7989.0 3486.0 6948.0 c
3486.0 6948.0 3401.0 6948.0 d
3401.0 6948.0 3401.0 9348.0 c
3401.0 9348.0 3445.0 9467.0 d
3445.0 9467.0 4117.0 9467.0 c
4227.0 9467.0 4117.0 9467.0 d
4227.0 9467.0 4908.0 9467.0 c
4908.0 9467.0 4908.0 9984.0 c
4908.0 9984.0 4227.0 9984.0 c
4227.0 9984.0 4227.0 9467.0 c
4117.0 9467.0 4117.0 10331.0 c
4117.0 10331.0 3445.0 9467.0 c
3401.0 9348.0 3248.0 9467.0 d
3248.0 9467.0 3248.0 10943.0 c
3248.0 10943.0 2528.0 10943.0 c
2528.0 10943.0 2528.0 9467.0 c
2528.0 9467.0 2400.0 9467.0 d
2400.0 9467.0 1800.0 10619.0 c
1800.0 10619.0 0.0 9563.0 c
0.0 9563.0 0.0 9467.0 c
0.0 9467.0 2400.0 9467.0 c
2528.0 9467.0 3248.0 9467.0 c
3401.0 9348.0 2681.0 8252.0 c
2681.0 8252.0 2681.0 6948.0 c
2553.0 6948.0 2681.0 6948.0 d
2553.0 6948.0 2553.0 7544.0 c
2553.0 7544.0 1142.0 8518.0 c
960.0 8580.0 1142.0 8518.0 d
960.0 8580.0 928.0 8616.0 c
928.0 8616.0 0.0 6948.0 c
0.0 6948.0 672.0 6948.0 c
672.0 6948.0 960.0 8580.0 c
1142.0 8518.0 1142.0 6948.0 c
1142.0 6948.0 2553.0 6948.0 c
2681.0 6948.0 3401.0 6948.0 c
3486.0 6948.0 4167.0 6948.0 c
4369.0 6948.0 6673.0 6948.0 c
6769.0 6336.0 6049.0 5840.0 c
6049.0 5840.0 6049.0 3920.0 c
5962.0 3920.0 5962.0 6800.0 c
5962.0 6800.0 5658.0 6800.0 c
5658.0 6800.0 4506.0 6224.0 c
4506.0 6224.0 4506.0 3920.0 c
4305.0 3920.0 4305.0 4544.0 c
4305.0 4544.0 3185.0 4544.0 c
3185.0 4544.0 2801.0 3920.0 c
1600.0 3920.0 1467.0 3920.0 d
1467.0 3920.0 1467.0 4426.0 c
1467.0 4426.0 0.0 4426.0 c
0.0 4426.0 0.0 3920.0 c
0.0 3920.0 1467.0 3920.0 c
2625.0 3920.0 2625.0 4593.0 c
2625.0 4593.0 1600.0 5047.0 c
1600.0 5047.0 1600.0 3920.0 c
1843.0 3692.0 1843.0 2156.0 c
2045.0 1920.0 2045.0 0.0 c
1867.0 0.0 1867.0 665.0 c
1867.0 665.0 0.0 900.0 c
0.0 900.0 0.0 0.0 c
