Processando arquivo: han_pack.txt

Tempo de Inicio (hh:mm:ss.ms) 2026-04-27 10:05:14.085695
Tempo de Termino (hh:mm:ss.ms) 2026-04-27 10:05:14.806284
Tempo Total (hh:mm:ss.ms) 0:00:00.720589

Função Objetivo: 53.78249999999994

0.0 0.0 3.0 3.0 d
1.0 5.0 5.0 1.0 c
5.0 1.0 9.0 0.0 c
9.0 0.0 13.0 1.0 c
13.0 1.0 17.0 5.0 c
17.0 5.0 18.0 9.0 c
18.0 9.0 18.0 8.0 d
18.0 8.0 18.0 0.0 c
18.0 0.0 23.0 0.0 c
23.0 0.0 30.0 7.0 c
30.0 7.0 36.0 0.0 c
36.0 0.0 36.0 2.0 c
36.0 2.0 41.0 2.0 c
41.0 2.0 41.0 0.0 c
41.0 0.0 53.0 0.0 c
53.0 0.0 50.0 3.0 c
50.0 3.0 50.0 5.0 c
50.0 5.0 38.0 10.0 c
38.0 10.0 38.0 15.0 c
38.0 15.0 35.0 15.0 c
35.0 15.0 30.0 7.0 c
30.0 7.0 30.0 8.0 c
30.0 8.0 18.0 8.0 c
18.0 9.0 17.0 13.0 c
17.0 13.0 13.0 17.0 c
13.0 17.0 9.0 18.0 c
9.0 18.0 11.0 20.0 d
11.0 20.0 16.0 18.0 c
16.0 18.0 20.0 23.0 c
20.0 23.0 17.0 28.0 c
17.0 28.0 17.0 31.0 c
17.0 31.0 16.0 31.0 c
16.0 31.0 16.0 36.0 c
16.0 36.0 20.0 31.0 c
20.0 31.0 20.0 30.0 d
20.0 30.0 20.0 26.0 c
20.0 26.0 26.0 26.0 c
26.0 26.0 26.0 18.0 c
26.0 18.0 35.0 18.0 c
35.0 18.0 40.0 18.0 c
40.0 18.0 41.0 20.0 c
41.0 20.0 41.0 21.0 c
41.0 21.0 38.0 21.0 c
38.0 21.0 38.0 24.0 c
38.0 24.0 43.0 24.0 c
43.0 24.0 43.0 29.0 c
43.0 29.0 35.0 29.0 c
35.0 29.0 35.0 18.0 c
35.0 18.0 35.0 29.0 d
35.0 29.0 35.0 30.0 c
35.0 30.0 20.0 30.0 c
20.0 31.0 22.0 31.0 c
22.0 31.0 28.0 31.0 c
28.0 31.0 33.0 31.0 c
33.0 31.0 40.0 38.0 c
40.0 38.0 40.0 33.0 c
40.0 33.0 42.0 31.0 c
42.0 31.0 46.0 31.0 c
46.0 31.0 48.0 33.0 c
48.0 33.0 48.0 40.0 c
48.0 40.0 46.0 42.0 c
46.0 42.0 42.0 42.0 c
42.0 42.0 40.0 40.0 c
40.0 40.0 40.0 39.0 c
40.0 39.0 40.0 38.0 c
40.0 38.0 40.0 39.0 d
40.0 39.0 28.0 39.0 c
28.0 39.0 28.0 31.0 c
28.0 31.0 28.0 39.0 d
28.0 39.0 28.0 47.0 c
28.0 47.0 32.0 47.0 c
32.0 47.0 32.0 53.0 c
32.0 53.0 34.0 50.0 c
34.0 50.0 37.0 47.0 c
37.0 47.0 39.0 47.0 c
39.0 47.0 36.0 50.0 c
36.0 50.0 34.0 53.0 c
34.0 53.0 34.0 56.0 c
34.0 56.0 36.0 59.0 c
36.0 59.0 39.0 62.0 c
39.0 62.0 37.0 62.0 c
37.0 62.0 34.0 59.0 c
34.0 59.0 32.0 56.0 c
32.0 56.0 32.0 53.0 c
32.0 53.0 32.0 56.0 d
32.0 56.0 32.0 60.0 c
32.0 60.0 22.0 60.0 c
22.0 60.0 22.0 55.0 c
22.0 55.0 20.0 60.0 c
20.0 60.0 19.0 60.0 c
19.0 60.0 19.0 56.0 c
19.0 55.0 19.0 56.0 d
19.0 55.0 8.0 55.0 c
8.0 55.0 8.0 64.0 c
8.0 64.0 19.0 64.0 c
19.0 64.0 19.0 76.0 c
19.0 77.0 19.0 76.0 d
19.0 76.0 21.0 75.0 c
21.0 75.0 22.0 72.0 c
22.0 72.0 25.0 72.0 c
25.0 72.0 30.0 64.0 c
30.0 64.0 36.0 64.0 c
36.0 64.0 43.0 64.0 c
43.0 64.0 48.0 64.0 c
48.0 64.0 49.0 66.0 c
49.0 66.0 49.0 67.0 c
49.0 67.0 46.0 67.0 c
46.0 67.0 46.0 70.0 c
46.0 70.0 51.0 70.0 c
51.0 70.0 51.0 75.0 c
51.0 75.0 43.0 75.0 c
43.0 75.0 43.0 69.0 c
43.0 69.0 43.0 64.0 c
43.0 64.0 43.0 69.0 d
43.0 69.0 36.0 69.0 c
36.0 69.0 36.0 64.0 c
36.0 64.0 36.0 69.0 d
36.0 69.0 34.0 69.0 c
34.0 69.0 34.0 72.0 c
34.0 72.0 36.0 72.0 c
36.0 72.0 36.0 74.0 c
36.0 74.0 33.0 74.0 c
33.0 74.0 22.0 79.0 c
22.0 79.0 19.0 76.0 c
19.0 76.0 19.0 77.0 d
19.0 77.0 6.0 77.0 c
6.0 77.0 6.0 75.0 c
6.0 75.0 16.0 75.0 c
16.0 75.0 16.0 67.0 c
16.0 67.0 2.0 67.0 c
2.0 67.0 0.0 77.0 c
0.0 79.0 0.0 77.0 d
0.0 79.0 5.0 79.0 c
5.0 79.0 6.0 81.0 c
6.0 81.0 6.0 82.0 c
6.0 82.0 3.0 82.0 c
3.0 82.0 3.0 85.0 c
3.0 85.0 8.0 85.0 c
8.0 85.0 8.0 90.0 c
8.0 90.0 0.0 90.0 c
0.0 90.0 0.0 79.0 c
0.0 77.0 0.0 64.0 c
0.0 64.0 8.0 64.0 c
8.0 64.0 0.0 64.0 d
0.0 64.0 0.0 47.0 c
0.0 47.0 8.0 47.0 c
8.0 47.0 8.0 49.0 c
8.0 49.0 8.0 55.0 c
8.0 55.0 8.0 49.0 d
8.0 49.0 11.0 47.0 c
11.0 47.0 13.0 50.0 c
13.0 50.0 16.0 53.0 c
16.0 53.0 19.0 53.0 c
19.0 53.0 19.0 55.0 c
19.0 56.0 21.0 56.0 c
21.0 56.0 21.0 51.0 c
21.0 51.0 19.0 51.0 c
19.0 51.0 19.0 47.0 c
19.0 47.0 20.0 47.0 c
20.0 47.0 22.0 52.0 c
22.0 52.0 22.0 55.0 c
22.0 55.0 22.0 52.0 d
22.0 52.0 22.0 47.0 c
22.0 47.0 24.0 47.0 c
24.0 47.0 28.0 47.0 c
28.0 47.0 24.0 47.0 d
24.0 47.0 24.0 38.0 c
24.0 38.0 22.0 36.0 c
22.0 36.0 22.0 31.0 c
22.0 31.0 18.0 36.0 c
18.0 36.0 22.0 41.0 c
22.0 41.0 20.0 41.0 c
20.0 41.0 16.0 36.0 c
16.0 36.0 16.0 44.0 c
16.0 44.0 11.0 44.0 c
11.0 44.0 11.0 31.0 c
11.0 31.0 16.0 31.0 c
16.0 31.0 11.0 31.0 d
11.0 31.0 0.0 41.0 c
0.0 41.0 0.0 31.0 c
0.0 31.0 5.0 31.0 c
5.0 31.0 11.0 31.0 c
11.0 31.0 5.0 31.0 d
5.0 31.0 5.0 29.0 c
5.0 29.0 7.0 28.0 c
7.0 28.0 8.0 28.0 c
8.0 28.0 11.0 20.0 c
9.0 18.0 5.0 17.0 c
5.0 18.0 5.0 17.0 d
5.0 18.0 5.0 24.0 c
5.0 24.0 0.0 24.0 c
0.0 24.0 0.0 18.0 c
0.0 18.0 5.0 18.0 c
5.0 17.0 1.0 13.0 c
1.0 13.0 0.0 9.0 c
0.0 9.0 1.0 5.0 c
3.0 3.0 0.0 0.0 d
