Processando arquivo: han_mod_sep.txt

Tempo de Inicio (hh:mm:ss.ms) 2026-04-27 10:12:03.516678
Tempo de Termino (hh:mm:ss.ms) 2026-04-27 10:12:04.265687
Tempo Total (hh:mm:ss.ms) 0:00:00.749009

Função Objetivo: 70.13094789172794

0.0 0.0 0.41161485871669434 1.6383107773839305 d
0.0 1.741726316276317 9.340092725541838 12.98389865202939 c
9.340092725541838 12.98389865202939 14.240116818904333 10.570910564329038 c
14.240116818904333 10.570910564329038 11.328005110320364 4.2481957594286595 c
11.328005110320364 4.2481957594286595 14.910385300464785 4.128463923593651 c
14.910385300464785 4.128463923593651 17.910385300464785 2.999157539010173 d
17.910385300464785 2.999157539010173 22.848564823874007 12.05201108265161 c
22.848564823874007 12.05201108265161 26.613766559845963 16.84297569145734 c
26.613766559845963 16.84297569145734 28.735403499221654 19.84297569145734 d
28.735403499221654 19.84297569145734 12.429712142292924 20.709312068261667 c
31.735403499221647 22.466778428567892 28.735403499221654 19.84297569145734 d
31.735403499221647 22.466778428567892 37.153815192087734 26.614832162763985 c
37.153815192087734 26.614832162763985 37.67803239715387 29.853478271251525 c
37.67803239715387 29.853478271251525 42.66922010795809 22.982861181675332 c
42.66922010795809 22.982861181675332 50.33296241904661 23.011717296548667 c
52.33296241904661 19.84297569145734 50.33296241904661 23.011717296548667 d
52.33296241904661 19.84297569145734 57.02780611537374 34.97493822159607 c
57.02780611537374 34.97493822159607 61.63831829438221 33.4787671524991 c
61.63831829438221 33.4787671524991 61.33629149503844 41.38333356394083 c
61.33629149503844 41.38333356394083 58.18271193706436 43.37092949184108 c
58.18271193706436 43.37092949184108 56.506916535636954 48.11593358372974 d
56.506916535636954 48.11593358372974 51.89164062358509 53.04861363594397 c
51.89164062358509 53.04861363594397 47.28724591230216 51.82185061924244 c
47.28724591230216 51.82185061924244 50.70144098145166 46.37092949184108 c
50.70144098145166 46.37092949184108 45.219176937442754 46.86092069334181 c
45.219176937442754 46.86092069334181 46.62250096068966 52.245389454284 c
46.62250096068966 52.245389454284 40.47210335170232 47.05977687402981 c
40.47210335170232 47.05977687402981 37.009043067692105 46.91168453580317 c
37.009043067692105 46.91168453580317 36.13475261343014 49.56716796480855 c
36.13475261343014 49.56716796480855 38.135523407529234 59.251877856334275 c
38.135523407529234 59.251877856334275 30.631046015722717 61.714212688827374 c
27.631046015722717 56.08850297329691 30.631046015722717 61.714212688827374 d
27.631046015722717 56.08850297329691 23.589881580053493 46.37092949184108 c
23.589881580053493 46.37092949184108 22.25815568789878 48.31321226496671 c
22.25815568789878 48.31321226496671 22.797975863622796 48.976187580182874 c
22.797975863622796 48.976187580182874 19.747461847041045 52.978179485918595 c
19.747461847041045 52.978179485918595 16.747461847041045 55.31531690357045 d
16.747461847041045 55.31531690357045 10.087163077088146 52.35884307406249 c
10.087163077088146 52.35884307406249 11.106305872884 46.37092949184108 c
11.106305872884 46.37092949184108 8.22718975465686 49.730124825727714 c
8.22718975465686 49.730124825727714 2.789514404860946 46.922159895482324 c
2.789514404860946 46.922159895482324 0.0 48.077825959357305 c
0.0 48.077825959357305 0.4580639578616641 54.11271320113659 c
0.4580639578616641 54.11271320113659 1.9414917139662518 60.01304394063647 c
1.9414917139662518 60.01304394063647 10.032286025903328 55.56870577962394 c
10.032286025903328 55.56870577962394 16.747461847041045 55.31531690357045 c
19.747461847041045 52.978179485918595 20.53206731805298 53.97648266803717 c
20.53206731805298 53.97648266803717 27.631046015722717 56.08850297329691 c
30.631046015722717 61.714212688827374 37.997295294104184 63.5410376818331 c
37.997295294104184 63.5410376818331 40.24130054875741 68.07469861114166 c
40.24130054875741 68.07469861114166 50.88179284454422 69.59394724199801 c
50.88179284454422 69.59394724199801 54.012225994770446 71.593947241998 d
54.012225994770446 71.593947241998 41.2873296464534 79.02951006176451 c
41.2873296464534 79.02951006176451 54.66886399063917 93.19691889642775 c
55.05855922216707 96.04833093812213 54.66886399063917 93.19691889642775 d
55.05855922216707 96.04833093812213 55.519707097212724 100.15432006397651 c
55.519707097212724 100.15432006397651 51.05963772672632 110.57394185290747 c
51.05963772672632 110.57394185290747 48.05963772672632 105.86031036365273 d
48.05963772672632 105.86031036365273 38.94998116424452 102.38058897091452 c
38.94998116424452 102.38058897091452 46.62743326460123 101.73728538666651 c
46.62743326460123 101.73728538666651 37.053898306258446 94.19691889642775 c
37.053898306258446 94.19691889642775 35.21335418297968 96.0561647890823 c
35.21335418297968 96.0561647890823 33.57243331166962 107.6587159713389 c
33.57243331166962 107.6587159713389 31.57243331166962 105.35374523947972 d
31.57243331166962 105.35374523947972 28.97096255540742 101.15833689356514 c
28.97096255540742 101.15833689356514 29.735214465667543 99.50252768012393 c
29.735214465667543 99.50252768012393 25.57172863553015 94.19691889642775 c
25.57172863553015 94.19691889642775 27.105206590252436 97.07249429285312 c
27.105206590252436 97.07249429285312 21.736486376477473 100.34327702400222 c
21.736486376477473 100.34327702400222 22.731887039435637 106.23836086243685 c
19.736486376477473 110.88425140828241 22.731887039435637 106.23836086243685 d
19.736486376477473 110.88425140828241 8.661972420119849 94.19691889642775 c
8.661972420119849 94.19691889642775 0.0 111.040887698327 c
0.0 111.040887698327 8.697487965251163 119.63480862843143 c
8.697487965251163 119.63480862843143 3.292383531809013 122.99996113905331 d
3.8264090671696676 123.32734679893963 2.315126237746778 124.4859821860648 c
2.315126237746778 124.4859821860648 2.0520364030034903 123.59164025215284 c
2.0520364030034903 123.59164025215284 3.292383531809013 122.99996113905331 c
3.292383531809013 122.99996113905331 2.1851255575560877 122.32115393122878 c
2.1851255575560877 122.32115393122878 1.8339648317705128 122.85033243637189 c
1.8339648317705128 122.85033243637189 1.5667820163114587 121.94207691171867 c
1.5667820163114587 121.94207691171867 1.0655715798531205 121.63480862843143 c
1.0655715798531205 121.63480862843143 0.0 124.57545001616582 c
0.0 124.57545001616582 1.0107533661780588 124.0908635686742 c
1.0107533661780588 124.0908635686742 0.6196181801922993 124.68028122796905 c
0.6196181801922993 124.68028122796905 2.2777021407474454 125.97438791863675 c
2.2777021407474454 125.97438791863675 10.609287240620185 127.48560684402125 c
11.609287240620187 127.8753640535343 10.609287240620185 127.48560684402125 d
11.609287240620187 127.8753640535343 18.573718866009486 132.8504253020053 c
18.573718866009486 132.8504253020053 22.347469283873114 130.8294606272985 c
22.347469283873114 130.8294606272985 23.849620862650145 133.68242379218626 c
23.849620862650145 133.68242379218626 25.84054644042581 128.37814886237808 c
25.84054644042581 128.37814886237808 33.29479289065618 127.27605458244778 c
35.29479289065618 131.28853407241564 33.29479289065618 127.27605458244778 d
35.29479289065618 131.28853407241564 38.95918917625177 129.58123995462816 c
38.95918917625177 129.58123995462816 46.71110411059309 121.63480862843144 c
46.71110411059309 121.63480862843144 38.96345551306109 122.10737117738637 c
38.96345551306109 122.10737117738637 35.29479289065618 131.28853407241564 c
33.29479289065618 127.27605458244778 29.70939272258482 124.08301219864674 c
29.70939272258482 124.08301219864674 28.003043511249288 124.88975847910011 c
28.003043511249288 124.88975847910011 28.381180269869454 123.13743064151026 c
28.381180269869454 123.13743064151026 26.914447473855624 125.23905612623129 c
26.914447473855624 125.23905612623129 21.238948420180087 121.63480862843143 c
21.238948420180087 121.63480862843143 11.609287240620187 127.8753640535343 c
10.609287240620185 127.48560684402125 3.8264090671696676 123.32734679893963 c
8.697487965251163 119.63480862843143 17.412420111471924 110.37409159467613 c
17.412420111471924 110.37409159467613 19.736486376477473 110.88425140828241 c
22.731887039435637 106.23836086243685 31.57243331166962 105.35374523947972 c
33.57243331166962 107.6587159713389 41.611541804361174 114.48006498492788 c
41.611541804361174 114.48006498492788 44.02251596200714 112.84814308552605 c
44.02251596200714 112.84814308552605 48.05963772672632 105.86031036365273 c
51.05963772672632 110.57394185290747 55.530288499962474 109.16821875631192 c
55.530288499962474 109.16821875631192 63.872425274533285 108.14569071070373 c
63.872425274533285 108.14569071070373 64.04674688169784 107.60284516864604 c
64.04674688169784 107.60284516864604 59.643635598648906 104.8548919714076 c
59.643635598648906 104.8548919714076 77.53480060910246 101.25935399740506 c
77.53480060910246 101.25935399740506 75.3064931237143 96.19418726239546 c
75.3064931237143 96.19418726239546 71.77569504639285 97.6689297758126 c
71.77569504639285 97.6689297758126 68.81258579627267 94.19691889642775 c
68.81258579627267 94.19691889642775 65.74783430601403 94.45518465778702 c
65.74783430601403 94.45518465778702 63.78618727834233 101.00779803390724 c
63.78618727834233 101.00779803390724 58.86861557801207 99.09946219724019 c
58.86861557801207 99.09946219724019 60.600819451582154 99.71704323117359 c
60.600819451582154 99.71704323117359 55.05855922216707 96.04833093812213 c
54.66886399063917 93.19691889642775 64.12330385616113 88.61811642623447 c
64.12330385616113 88.61811642623447 54.012225994770446 71.593947241998 c
50.88179284454422 69.59394724199801 42.6902523407332 67.3838482953041 c
42.6902523407332 67.3838482953041 38.2873296464534 71.593947241998 d
38.2873296464534 71.593947241998 30.392653366250364 73.36262444613267 c
30.392653366250364 73.36262444613267 24.685505650036 75.63358070777694 c
24.685505650036 75.63358070777694 21.685505650035996 77.23519319601435 d
21.685505650035996 77.23519319601435 18.100105481964633 74.04215081221331 c
18.100105481964633 74.04215081221331 16.3937562706291 74.84889709266668 c
16.3937562706291 74.84889709266668 16.771893029249267 73.09656925507683 c
16.771893029249267 73.09656925507683 15.305160233235439 75.19819473979786 c
15.305160233235439 75.19819473979786 9.629661179559898 71.593947241998 c
9.629661179559898 71.593947241998 0.0 77.83450266710086 c
0.0 77.83450266710086 6.964431625389301 82.80956391557187 c
6.964431625389301 82.80956391557187 10.738182043252927 80.78859924086507 c
10.738182043252927 80.78859924086507 12.240333622029958 83.64156240575284 c
12.240333622029958 83.64156240575284 14.231259199805622 78.33728747594465 c
14.231259199805622 78.33728747594465 21.685505650035996 77.23519319601435 c
24.685505650036 75.63358070777694 25.35117499313442 80.85430648024511 c
25.35117499313442 80.85430648024511 28.7486291550083 76.63666073930305 c
28.7486291550083 76.63666073930305 31.925213633313785 77.2424239886712 c
31.925213633313785 77.2424239886712 31.612411003132763 77.97431177550139 c
31.612411003132763 77.97431177550139 35.215280897104634 78.96629241648579 c
35.215280897104634 78.96629241648579 35.63854284340761 77.95054253034462 c
35.63854284340761 77.95054253034462 37.0913955763115 78.22759632770081 c
37.0913955763115 78.22759632770081 35.79806299208599 77.56772386622289 c
35.79806299208599 77.56772386622289 38.2873296464534 71.593947241998 c
42.6902523407332 67.3838482953041 51.0596480762589 59.69418274909346 c
51.0596480762589 59.69418274909346 53.789699947013 65.84503679648756 c
53.789699947013 65.84503679648756 53.85925745932447 60.537596115461334 c
53.85925745932447 60.537596115461334 56.82188397061812 52.90871323199844 c
60.650374952695586 55.839856416098 56.82188397061812 52.90871323199844 d
60.650374952695586 55.839856416098 63.02411268034974 58.96921820456451 c
63.02411268034974 58.96921820456451 68.43884367669915 59.88853649569309 c
68.43884367669915 59.88853649569309 78.8499686967296 64.50409807125666 c
78.8499686967296 64.50409807125666 78.5844147129206 54.23650204327197 c
78.5844147129206 54.23650204327197 73.99726347769352 49.285650671879736 c
73.99726347769352 49.285650671879736 78.01276203796775 46.99925314111216 c
78.01276203796775 46.99925314111216 71.29666395280879 46.37092949184108 c
71.29666395280879 46.37092949184108 71.44493831063576 46.87398379824924 c
71.44493831063576 46.87398379824924 67.04933023249293 46.7901455348774 c
67.04933023249293 46.7901455348774 60.650374952695586 55.839856416098 c
56.82188397061812 52.90871323199844 53.465406381968975 53.36211524897755 c
53.465406381968975 53.36211524897755 57.65037495269559 51.21834863042666 c
57.65037495269559 51.21834863042666 56.506916535636954 48.11593358372974 c
58.18271193706436 43.37092949184108 67.30465671298143 40.36327234775979 c
67.30465671298143 40.36327234775979 62.22567009442874 30.438306102599185 c
62.22567009442874 30.438306102599185 60.83331437891974 25.34104181008955 c
60.83331437891974 25.34104181008955 55.048826579934 25.783347774767186 c
55.048826579934 25.783347774767186 58.207055337030134 21.37380399360353 c
58.207055337030134 21.37380399360353 52.33296241904661 19.84297569145734 c
50.33296241904661 23.011717296548667 38.037015464953065 19.84297569145734 c
38.037015464953065 19.84297569145734 31.735403499221647 22.466778428567892 c
12.429712142292924 20.709312068261667 11.42971214229292 19.84297569145734 d
11.42971214229292 19.84297569145734 4.474804230212593 21.3750300103475 c
4.474804230212593 21.3750300103475 5.435452414929443 23.805381443823563 c
5.435452414929443 23.805381443823563 0.5985601232106865 20.11637419074836 c
0.5985601232106865 20.11637419074836 0.7180470417544904 23.284493884823974 c
0.7180470417544904 23.284493884823974 0.0 24.369379221511302 c
0.0 24.369379221511302 0.7820408897900575 24.9812500881973 c
0.7820408897900575 24.9812500881973 0.9546584861228915 29.558095931665623 c
0.9546584861228915 29.558095931665623 0.8601231819558959 25.042341880716187 c
0.8601231819558959 25.042341880716187 3.2374806105354925 26.902392639235856 c
3.2374806105354925 26.902392639235856 8.72148406738498 27.642643522272657 c
8.72148406738498 27.642643522272657 11.42971214229292 19.84297569145734 c
12.429712142292924 20.709312068261667 16.35740121862284 37.00457472534849 c
16.35740121862284 37.00457472534849 27.745113103876644 34.12288817962025 c
27.745113103876644 34.12288817962025 28.735403499221654 19.84297569145734 c
26.613766559845963 16.84297569145734 32.5090120483417 8.946447473265117 c
32.5090120483417 8.946447473265117 29.621316953069 8.836690941764287 c
29.621316953069 8.836690941764287 31.888665441892915 1.809622450881232 c
33.5090120483417 2.088241093547537 31.888665441892915 1.809622450881232 d
33.5090120483417 2.088241093547537 39.70429171589009 7.760889133731404 c
39.70429171589009 7.760889133731404 45.018035305494436 9.260359238247121 d
44.352365962396014 4.03963346577895 45.018035305494436 9.260359238247121 c
45.018035305494436 9.260359238247121 48.41548946736832 5.042713497305051 c
48.41548946736832 5.042713497305051 51.5920739456738 5.648476746673204 c
51.5920739456738 5.648476746673204 51.27927131549278 6.380364533503398 c
51.27927131549278 6.380364533503398 54.88214120946465 7.372345174487785 c
54.88214120946465 7.372345174487785 55.30540315576763 6.356595288346627 c
55.30540315576763 6.356595288346627 56.75825588867151 6.633649085702814 c
59.954189958813416 6.240555425102874 56.75825588867151 6.633649085702814 d
59.954189958813416 6.240555425102874 66.91862158420271 11.215616673573885 c
66.91862158420271 11.215616673573885 70.69237200206634 9.194651998867078 c
70.69237200206634 9.194651998867078 72.19452358084337 12.047615163754841 c
72.19452358084337 12.047615163754841 74.18544915861904 6.743340233946657 c
74.18544915861904 6.743340233946657 81.63969560884941 5.6412459540163615 c
81.63969560884941 5.6412459540163615 78.05429544077805 2.4482035702153153 c
78.05429544077805 2.4482035702153153 76.34794622944251 3.254949850668691 c
76.34794622944251 3.254949850668691 76.72608298806269 1.50262201307884 c
76.72608298806269 1.50262201307884 75.25935019204886 3.60424749779986 c
75.25935019204886 3.60424749779986 69.5838511383733 0.0 c
69.5838511383733 0.0 59.954189958813416 6.240555425102874 c
56.75825588867151 6.633649085702814 55.464923304446 5.97377662422489 c
55.464923304446 5.97377662422489 57.954189958813416 0.0 c
57.954189958813416 0.0 50.05951367861038 1.768677204134666 c
50.05951367861038 1.768677204134666 44.352365962396014 4.03963346577895 c
39.70429171589009 7.760889133731404 41.35236596239602 0.0 c
41.35236596239602 0.0 33.5090120483417 2.088241093547537 c
31.888665441892915 1.809622450881232 21.50465065505704 4.872903630530361 c
21.50465065505704 4.872903630530361 23.969459813358213 4.073294671854304 c
23.969459813358213 4.073294671854304 26.489847978050996 0.0 c
26.489847978050996 0.0 17.910385300464785 2.999157539010173 c
14.910385300464785 4.128463923593651 6.932424655672356 0.0 c
6.932424655672356 0.0 0.0 1.741726316276317 c
0.41161485871669434 1.6383107773839305 0.0 0.0 d
