Processando arquivo: jakobs1_mod_pack.txt

Tempo de Inicio (hh:mm:ss.ms) 2026-04-27 10:06:37.917238
Tempo de Termino (hh:mm:ss.ms) 2026-04-27 10:06:38.441424
Tempo Total (hh:mm:ss.ms) 0:00:00.524186

Função Objetivo: 39.696698032063885

0.0 0.0 2.1647061841646655 1.8209081108506266 d
2.793984490262916 2.872528480503509 3.9280401294552956 3.8309833825839643 c
3.9280401294552956 3.8309833825839643 9.664969385437564 2.703864443094388 c
9.664969385437564 3.538982418786051 9.664969385437564 2.703864443094388 d
9.664969385437564 3.538982418786051 12.911973116292081 8.095059952326931 c
12.911973116292081 8.095059952326931 13.55383422282937 5.403284218569878 c
13.55383422282937 5.403284218569878 18.885332399183262 8.47232702276025 c
18.885332399183262 8.47232702276025 21.305350829273053 10.443821240603357 d
21.305350829273053 10.443821240603357 23.37361010433755 12.658905344733625 c
23.37361010433755 12.658905344733625 24.167674696684394 12.73043867431663 c
24.167674696684394 12.73043867431663 23.44251159536303 12.732698122728854 c
23.44251159536303 12.732698122728854 25.209244609080677 14.62485074697181 c
25.209244609080677 14.62485074697181 25.69876058870441 13.743841451378165 c
25.69876058870441 13.743841451378165 26.58302952859672 13.370358949658467 c
26.58302952859672 13.370358949658467 26.423568979181265 14.287705793621038 c
26.423568979181265 14.287705793621038 28.20526603513075 13.464764912081296 c
28.20526603513075 13.464764912081296 26.851994405137308 13.25675813158909 c
26.851994405137308 13.25675813158909 28.390181545296365 13.379355031407187 c
28.390181545296365 13.379355031407187 29.01682476800025 13.089917315617718 c
29.01682476800025 13.089917315617718 28.13877484221699 12.713269657524837 c
28.13877484221699 12.713269657524837 31.099541394409272 12.127939716333236 c
31.099541394409272 10.590165154165273 31.099541394409272 12.127939716333236 d
31.099541394409272 10.590165154165273 33.90963187566424 12.517695784207813 c
33.90963187566424 12.517695784207813 38.78437623500118 10.855555645903546 c
38.78437623500118 10.855555645903546 38.139980031971795 9.534675614239939 c
38.139980031971795 9.534675614239939 37.62170934710049 8.47232702276025 c
37.62170934710049 8.47232702276025 31.099541394409272 10.590165154165273 c
31.099541394409272 12.127939716333236 28.20889698645828 10.69599941478532 c
28.20889698645828 10.69599941478532 28.729257681244952 10.064170323274334 c
28.729257681244952 10.064170323274334 24.546720600016567 10.235140662734333 c
24.546720600016567 10.235140662734333 24.242599588410037 8.47232702276025 c
24.242599588410037 8.47232702276025 21.305350829273053 10.443821240603357 c
18.885332399183262 8.47232702276025 17.78958764500191 3.6744140343627363 c
17.78958764500191 3.6744140343627363 19.039335047507073 1.2264017197323573 d
19.039335047507073 1.2264017197323573 26.252237023868965 5.364596035448837 c
26.252237023868965 5.364596035448837 25.548876051733714 0.0 c
26.252237023868965 1.1129799455149585 25.548876051733714 0.0 d
26.252237023868965 1.1129799455149585 31.603537119152787 4.488847291117576 c
31.603537119152787 4.488847291117576 27.111071504133644 0.0 c
27.111071504133644 0.0 26.252237023868965 1.1129799455149585 c
25.548876051733714 0.0 19.039335047507073 1.2264017197323573 c
17.78958764500191 3.6744140343627363 19.039335047507073 3.3203088716740297 c
19.039335047507073 3.3203088716740297 17.769090679957493 3.58466443306731 c
17.769090679957493 3.58466443306731 17.10465299695631 0.6753060472871564 c
17.10465299695631 0.6753060472871564 14.385287514069699 1.916414909433541 c
14.385287514069699 1.916414909433541 14.842261763048713 0.0 c
14.842261763048713 0.0 13.8354741677951 2.167347790975972 c
13.8354741677951 2.167347790975972 9.664969385437564 3.538982418786051 c
9.664969385437564 2.703864443094388 3.6964181423125053 0.0 c
3.6964181423125053 0.0 0.0 4.394323450063835 c
0.0 4.394323450063835 0.997902100624231 6.384763098210984 c
0.997902100624231 6.384763098210984 0.0 8.47232702276025 d
0.0 8.47232702276025 4.1535666101465205 14.577863128036508 c
4.1535666101465205 14.577863128036508 6.638093084577095 15.880240559414965 c
6.638093084577095 15.880240559414965 2.93746543783882 15.661303921306477 c
2.93746543783882 15.661303921306477 7.824987776441604 18.243786356360715 c
8.973551961366837 19.80593307551174 7.824987776441604 18.243786356360715 d
8.973551961366837 19.80593307551174 3.0477779706570693 18.243786356360715 c
3.0477779706570693 18.243786356360715 0.0 19.0046855302746 c
0.0 19.0046855302746 2.2671740224670494 23.596751473432782 c
2.2671740224670494 23.596751473432782 1.8570875465732977 24.194586909929917 c
1.8570875465732977 24.194586909929917 8.769108445641738 26.290060518998594 c
8.769108445641738 26.290060518998594 8.998998440898106 28.813005969390236 d
8.998998440898106 28.813005969390236 7.7931424103714 41.505856483738256 c
7.7931424103714 41.505856483738256 7.572882013221152 40.00157814787036 c
7.372701532032734 36.678784818655544 7.572882013221152 40.00157814787036 d
7.372701532032734 36.678784818655544 3.832278919367889 35.99644491787645 c
3.832278919367889 35.99644491787645 4.627457024204388 28.813005969390236 c
4.627457024204388 28.813005969390236 2.355623310099001 37.62508855442505 c
2.355623310099001 37.62508855442505 2.35249930333379 37.594639359163786 d
2.35249930333379 37.594639359163786 1.7258389181264682 28.813005969390233 c
1.7258389181264682 28.813005969390233 0.0 35.522972530534865 c
0.0 35.522972530534865 2.35249930333379 37.594639359163786 c
2.355623310099001 37.62508855442505 2.352499303333789 37.99772103346518 c
2.352499303333789 37.99772103346518 7.372701532032734 36.678784818655544 c
7.572882013221152 40.00157814787036 7.372701532032735 43.380333377206746 c
7.372701532032735 43.380333377206746 13.187855405950348 44.902568879954664 c
13.187855405950348 44.902568879954664 10.75581462541156 46.221692122216055 c
11.265850212096051 46.296039100511955 10.75581462541156 46.221692122216055 d
11.265850212096051 46.296039100511955 11.241052027146747 48.931591357641274 c
11.241052027146747 48.931591357641274 10.650836015923552 49.02791056115744 c
10.650836015923552 49.02791056115744 11.240886476769312 48.949186059504115 c
11.240886476769312 48.949186059504115 11.222729203128678 50.878941951909916 c
10.650836015923552 51.55276832139447 11.222729203128678 50.878941951909916 d
10.650836015923552 51.55276832139447 9.757264877762278 49.88362590892006 c
9.757264877762278 49.88362590892006 9.504218286574833 46.221692122216055 c
9.504218286574833 46.221692122216055 0.0 48.27228834599279 c
0.0 48.27228834599279 3.132712515899506 54.66716522551964 c
3.132712515899506 54.66716522551964 2.057923877905015 56.06540737821261 d
2.057923877905015 56.06540737821261 0.0 64.73707274512503 c
0.0 64.73707274512503 3.9239984634494007 60.219200009002044 c
3.9239984634494007 60.219200009002044 3.7886190291678865 66.78538004907077 c
3.7886190291678865 66.78538004907077 7.167734780321137 65.6973093068032 c
7.167734780321137 65.6973093068032 5.110575556734401 64.33754650200929 c
5.110575556734401 64.33754650200929 7.003364919961488 54.66716522551963 c
7.167734780321137 54.66716522551963 7.003364919961488 54.66716522551963 d
7.167734780321137 54.66716522551963 8.140302490141332 59.395732881196615 c
8.140302490141332 59.395732881196615 11.585225403701465 57.04281813821913 c
11.585225403701465 57.04281813821913 12.398673784707546 56.0790785359811 c
12.398673784707546 56.0790785359811 7.167734780321137 54.66716522551963 c
7.003364919961488 54.66716522551963 2.057923877905015 56.06540737821261 c
3.132712515899506 54.66716522551964 10.650836015923552 51.55276832139447 c
11.222729203128678 50.878941951909916 13.977816815021704 50.80148727933905 c
13.977816815021704 50.80148727933905 13.62261794341975 50.21138778937703 c
13.62261794341975 50.21138778937703 15.874601178809158 49.58497509052993 c
15.874601178809158 49.58497509052993 15.80725115818408 48.45618893985773 c
15.80725115818408 48.45618893985773 13.449632384144735 49.9240031762486 c
13.449632384144735 49.9240031762486 12.742283731769135 48.748869716196616 c
12.742283731769135 48.748869716196616 15.80036995604628 48.34086001195194 c
15.80036995604628 48.34086001195194 15.673927936008452 46.221692122216055 c
15.673927936008452 46.221692122216055 15.438378958628412 48.24661640059223 c
15.438378958628412 48.24661640059223 18.54272848942837 50.60274325578595 d
18.54272848942837 50.60274325578595 15.874601178809158 53.89058729664217 c
15.874601178809158 53.89058729664217 25.9460329988786 51.85024779478682 c
26.883295666076446 50.59053179106637 25.9460329988786 51.85024779478682 d
26.883295666076446 50.59053179106637 31.30857322183448 49.260377833710336 c
31.30857322183448 49.260377833710336 36.97913849767941 50.619002127005096 c
36.97913849767941 50.619002127005096 25.9460329988786 46.221692122216055 c
25.9460329988786 46.221692122216055 26.883295666076446 50.59053179106637 c
25.9460329988786 51.85024779478682 20.50724881988951 46.221692122216055 c
20.50724881988951 46.221692122216055 19.392345090565435 48.93062091377179 c
19.392345090565435 48.93062091377179 20.211042440977288 48.546935775368375 c
20.211042440977288 48.546935775368375 18.54272848942837 50.60274325578595 c
15.438378958628412 48.24661640059223 12.708154613561717 48.69217028143709 c
12.708154613561717 48.69217028143709 11.265850212096051 46.296039100511955 c
10.75581462541156 46.221692122216055 13.411652473413671 45.6871307114838 c
13.411652473413671 45.6871307114838 13.890618517291557 35.99737133555938 c
13.890618517291557 35.99737133555938 11.689065032351209 35.22645283183089 c
11.689065032351209 35.22645283183089 16.314503299563597 34.901307655277414 c
16.314503299563597 34.901307655277414 10.711038650362191 34.536741241878424 c
10.711038650362191 34.536741241878424 8.998998440898106 28.813005969390236 c
8.769108445641738 26.290060518998594 8.973551961366837 19.80593307551174 c
7.824987776441604 18.243786356360715 6.162527726368521 13.013693223104305 c
6.162527726368521 13.013693223104305 7.41299183937018 9.08702154020919 c
7.41299183937018 9.08702154020919 7.8249877764416045 10.403637445683865 d
7.8249877764416045 10.403637445683865 13.33190923282424 14.272813860154304 c
13.33190923282424 14.272813860154304 13.973394266667935 8.472327022760261 c
13.973394266667935 8.472327022760261 14.315147605734484 13.707074452867621 c
14.315147605734484 13.707074452867621 14.39916204405646 14.99395102384456 c
14.39916204405646 14.99395102384456 18.86618116870686 11.049523307594928 c
19.361402748666833 10.870301254268684 18.86618116870686 11.049523307594928 d
19.361402748666833 10.870301254268684 18.86618116870686 17.52106386471464 c
18.86618116870686 17.52106386471464 19.210987686020903 18.243786356360715 d
19.210987686020903 18.243786356360715 11.502838189861393 21.92200216455545 c
19.210987686020903 18.79052274867366 19.210987686020903 18.243786356360715 d
19.210987686020903 18.79052274867366 23.379103122979622 20.074454548235124 c
23.39328113403777 20.86655749211708 23.379103122979622 20.074454548235124 d
23.39328113403777 20.86655749211708 24.60555851987163 27.1734028191559 c
24.60555851987163 27.1734028191559 37.07596485340421 19.100235175999735 c
37.07596485340421 19.100235175999735 27.812261939237864 18.243786356360715 c
27.812261939237864 18.243786356360715 24.480068471696413 23.136143962826758 c
24.480068471696413 23.136143962826758 23.39328113403777 20.86655749211708 c
23.379103122979622 20.074454548235124 23.39328113403777 18.243786356360715 c
23.39328113403777 18.243786356360715 19.210987686020903 18.79052274867366 c
11.502838189861393 21.92200216455545 13.643066605397813 25.79051683299228 c
13.643066605397813 25.79051683299228 16.314503299563597 28.813005969390233 d
16.314503299563597 28.813005969390233 19.287051716267705 30.986134085938748 c
19.287051716267705 30.986134085938748 24.088335410119093 33.3597333512377 c
24.233732968221126 33.022691828877804 24.088335410119093 33.3597333512377 d
24.233732968221126 33.022691828877804 32.51140040301964 33.343296194263914 c
32.51140040301964 33.343296194263914 24.088335410119093 34.80299579914089 c
24.088335410119093 34.80299579914089 26.218816407186488 40.12772471282454 c
26.218816407186488 40.12772471282454 37.4538784775376 36.25488018314028 c
37.4538784775376 36.25488018314028 35.52130276851991 36.406420591367095 c
35.52130276851991 36.406420591367095 36.9222600136057 28.813005969390236 c
36.9222600136057 28.813005969390236 33.69758598737358 29.1445138076085 c
33.69758598737358 29.1445138076085 24.233732968221126 33.022691828877804 c
24.088335410119093 33.3597333512377 16.314503299563597 28.813005969390233 c
13.643066605397813 25.79051683299228 8.973551961366837 24.11668073077587 c
8.973551961366837 24.11668073077587 10.68672721895804 28.06272086421085 c
10.68672721895804 28.06272086421085 11.846679053400708 28.813005969390236 c
11.846679053400708 28.813005969390236 14.332398482792959 26.770277340216367 c
14.332398482792959 26.770277340216367 13.298603707259087 28.36497697391308 c
13.298603707259087 28.36497697391308 19.190540513104608 22.68110641750753 c
19.190540513104608 22.68110641750753 19.210987686020903 18.243786356360715 c
18.86618116870686 17.52106386471464 21.305350829273053 8.47232702276025 c
21.305350829273053 8.47232702276025 19.361402748666833 10.870301254268684 c
18.86618116870686 11.049523307594928 13.973394266667936 8.47232702276025 c
13.973394266667936 8.47232702276025 13.973394266667935 8.47232702276025 c
13.973394266667935 8.47232702276025 13.973394266667935 8.472327022760261 c
13.973394266667935 8.472327022760261 13.973394266667936 8.47232702276025 c
13.973394266667936 8.47232702276025 13.973394266667935 8.47232702276025 d
13.973394266667935 8.47232702276025 7.8249877764416045 10.403637445683865 c
7.41299183937018 9.08702154020919 5.447415136179624 9.656705923480022 c
5.447415136179624 9.656705923480022 0.0 8.47232702276025 c
0.997902100624231 6.384763098210984 1.185365077843881 4.709854838310103 c
1.185365077843881 4.709854838310103 0.4449650467512356 4.515293702305311 c
0.4449650467512356 4.515293702305311 1.9464328603419414 4.220304391086703 c
1.9464328603419414 4.220304391086703 2.793984490262916 2.872528480503509 c
2.1647061841646655 1.8209081108506266 0.0 0.0 d
