Processando arquivo: jakobs1_sep.txt

Tempo de Inicio (hh:mm:ss.ms) 2026-04-27 10:10:43.285575
Tempo de Termino (hh:mm:ss.ms) 2026-04-27 10:10:43.844423
Tempo Total (hh:mm:ss.ms) 0:00:00.558848

Função Objetivo: 23.197499999999987

0.0 0.0 5.0 0.0 c
6.0 0.0 5.0 0.0 d
6.0 0.0 10.0 0.0 c
10.0 0.0 10.0 4.0 c
10.0 4.0 11.0 4.0 d
11.0 4.0 11.0 0.0 c
11.0 0.0 15.0 0.0 c
15.0 0.0 20.0 0.0 c
20.0 0.0 20.0 1.0 c
20.0 1.0 21.0 1.0 c
21.0 1.0 21.0 0.0 c
21.0 0.0 22.0 0.0 c
22.0 0.0 22.0 1.0 c
22.0 1.0 23.0 1.0 c
23.0 1.0 23.0 2.0 c
23.0 2.0 22.0 2.0 c
22.0 2.0 22.0 3.0 c
22.0 3.0 21.0 3.0 c
21.0 3.0 21.0 2.0 c
21.0 2.0 20.0 2.0 c
20.0 2.0 20.0 1.0 c
20.0 1.0 20.0 2.0 d
20.0 2.0 20.0 3.0 c
20.0 3.0 18.0 3.0 c
18.0 3.0 18.0 5.0 c
18.0 5.0 19.0 5.0 c
20.0 5.0 19.0 5.0 d
20.0 5.0 22.0 5.0 c
22.0 5.0 20.0 7.0 c
20.0 7.0 20.0 5.0 c
19.0 5.0 19.0 11.0 c
19.0 11.0 13.0 11.0 c
13.0 11.0 13.0 5.0 c
13.0 5.0 15.0 5.0 c
15.0 5.0 18.0 5.0 c
18.0 5.0 15.0 5.0 d
15.0 5.0 15.0 1.0 c
15.0 1.0 15.0 0.0 c
15.0 0.0 15.0 1.0 d
15.0 1.0 13.0 1.0 c
13.0 1.0 13.0 4.0 c
12.0 5.0 13.0 4.0 d
12.0 5.0 12.0 8.0 c
12.0 8.0 6.0 8.0 c
6.0 8.0 6.0 9.0 c
6.0 9.0 4.0 11.0 c
4.0 11.0 6.0 12.0 d
6.0 12.0 6.0 15.0 c
6.0 15.0 4.0 17.0 d
4.0 17.0 4.0 19.0 c
4.0 19.0 6.0 19.0 c
6.0 19.0 8.0 19.0 c
8.0 19.0 8.0 17.0 c
8.0 17.0 10.0 17.0 c
10.0 17.0 10.0 19.0 c
10.0 19.0 12.0 19.0 c
12.0 19.0 12.0 21.0 c
13.0 21.0 12.0 21.0 d
13.0 21.0 20.0 17.0 c
20.0 17.0 17.0 17.0 c
20.0 17.0 22.0 17.0 c
22.0 17.0 24.0 17.0 c
24.0 17.0 25.0 17.0 c
25.0 17.0 25.0 21.0 c
25.0 21.0 24.0 21.0 c
24.0 21.0 24.0 17.0 c
24.0 17.0 20.0 21.0 c
20.0 21.0 20.0 17.0 c
17.0 17.0 17.0 14.0 c
17.0 14.0 15.0 15.0 c
15.0 15.0 13.0 15.0 c
13.0 15.0 11.0 14.0 c
11.0 14.0 11.0 13.0 c
11.0 13.0 13.0 12.0 c
13.0 12.0 15.0 12.0 c
15.0 12.0 17.0 13.0 c
17.0 13.0 17.0 14.0 c
17.0 14.0 17.0 13.0 d
17.0 13.0 17.0 12.0 c
17.0 12.0 22.0 12.0 c
22.0 12.0 22.0 17.0 c
22.0 17.0 20.0 17.0 d
20.0 17.0 20.0 21.0 d
20.0 21.0 13.0 21.0 c
12.0 21.0 10.0 21.0 c
10.0 21.0 10.0 23.0 c
10.0 23.0 8.0 23.0 c
8.0 23.0 8.0 21.0 c
8.0 21.0 6.0 21.0 c
6.0 21.0 6.0 19.0 c
6.0 19.0 6.0 21.0 d
6.0 21.0 4.0 21.0 c
4.0 21.0 4.0 23.0 c
4.0 23.0 2.0 23.0 c
2.0 23.0 0.0 24.0 d
0.0 24.0 5.0 24.0 c
5.0 24.0 6.0 24.0 d
6.0 24.0 10.0 24.0 c
10.0 24.0 16.0 24.0 c
16.0 24.0 22.0 24.0 c
22.0 24.0 22.0 27.0 c
22.0 27.0 20.0 27.0 c
20.0 27.0 20.0 30.0 c
20.0 30.0 16.0 30.0 c
16.0 30.0 16.0 27.0 c
16.0 27.0 16.0 24.0 c
16.0 24.0 16.0 27.0 d
16.0 27.0 14.0 27.0 c
14.0 27.0 14.0 30.0 c
14.0 30.0 15.0 30.0 c
15.0 30.0 17.0 32.0 c
17.0 32.0 17.0 34.0 c
17.0 34.0 15.0 36.0 c
15.0 36.0 12.0 36.0 c
12.0 36.0 9.0 34.0 c
9.0 34.0 9.0 35.0 c
9.0 35.0 4.0 35.0 c
4.0 35.0 2.0 33.0 d
2.0 33.0 1.0 33.0 c
1.0 33.0 1.0 32.0 c
1.0 32.0 0.0 32.0 c
0.0 32.0 0.0 31.0 c
0.0 31.0 1.0 31.0 c
1.0 31.0 1.0 30.0 c
1.0 30.0 2.0 30.0 c
2.0 30.0 2.0 31.0 c
2.0 31.0 3.0 31.0 c
3.0 31.0 3.0 32.0 c
3.0 32.0 2.0 32.0 c
2.0 32.0 2.0 33.0 c
4.0 35.0 9.0 30.0 c
9.0 30.0 9.0 32.0 c
9.0 32.0 9.0 34.0 c
9.0 34.0 9.0 32.0 d
9.0 32.0 12.0 30.0 c
12.0 30.0 14.0 30.0 c
14.0 30.0 12.0 30.0 d
12.0 30.0 10.0 30.0 c
10.0 30.0 10.0 26.0 c
10.0 26.0 10.0 24.0 c
10.0 24.0 10.0 26.0 d
10.0 26.0 9.0 26.0 c
9.0 26.0 9.0 25.0 c
9.0 25.0 6.0 25.0 c
6.0 25.0 6.0 24.0 c
5.0 24.0 5.0 26.0 c
5.0 26.0 0.0 26.0 c
0.0 26.0 0.0 24.0 c
2.0 23.0 2.0 21.0 c
2.0 21.0 0.0 21.0 c
0.0 21.0 0.0 19.0 c
0.0 19.0 2.0 19.0 c
2.0 19.0 2.0 17.0 c
2.0 17.0 4.0 17.0 c
7.0 12.0 6.0 12.0 d
7.0 15.0 7.0 12.0 c
7.0 12.0 10.0 12.0 c
10.0 12.0 7.0 15.0 c
6.0 15.0 0.0 15.0 c
0.0 15.0 6.0 12.0 c
4.0 11.0 2.0 11.0 c
2.0 11.0 0.0 9.0 c
0.0 9.0 0.0 7.0 c
0.0 7.0 2.0 5.0 c
2.0 5.0 4.0 5.0 c
4.0 5.0 6.0 7.0 c
6.0 7.0 6.0 8.0 c
6.0 8.0 6.0 7.0 d
6.0 7.0 6.0 5.0 c
6.0 5.0 12.0 5.0 c
13.0 4.0 11.0 4.0 c
10.0 4.0 6.0 4.0 c
6.0 4.0 6.0 0.0 c
5.0 0.0 5.0 2.0 c
5.0 2.0 3.0 2.0 c
3.0 2.0 3.0 1.0 c
3.0 1.0 0.0 1.0 c
0.0 1.0 0.0 0.0 c
