Processando arquivo: jotika40_mod_sep.txt

Tempo de Inicio (hh:mm:ss.ms) 2026-04-27 10:09:41.345038
Tempo de Termino (hh:mm:ss.ms) 2026-04-27 10:09:42.257460
Tempo Total (hh:mm:ss.ms) 0:00:00.912422

Função Objetivo: 10196.466148650334

0.0 0.0 220.93059593913063 131.2226791255831 d
226.75423771345174 121.41781417151935 0.0 503.1883221628419 c
0.0 503.1883221628419 524.5135973324658 806.5709163138137 c
524.5135973324658 806.5709163138137 1003.4832786393472 0.0 c
1003.4832786393472 0.0 1847.4482446937743 0.0 d
1847.4482446937743 0.0 1138.4832786393474 2619.3920495519374 c
1138.4832786393474 2619.3920495519374 2463.472925942334 2968.6118604659214 c
2463.472925942334 2968.6118604659214 3059.945853262174 3247.611860465922 d
3059.945853262174 3247.611860465922 2583.640370087831 3893.3457497404206 c
2583.640370087831 3893.3457497404206 2114.729195185096 4532.478861319026 c
2114.729195185096 4532.478861319026 2001.7291951850966 3902.6385143350913 d
2001.7291951850966 3902.6385143350913 1741.3528946251554 3582.1814562133077 c
1741.3528946251554 3582.1814562133077 1478.4663165083518 3247.6118604659214 c
1478.4663165083518 3247.6118604659214 735.7166308499387 4262.471624354152 c
735.7166308499387 4262.471624354152 0.0 5268.093144773396 c
0.0 5268.093144773396 84.89728338704958 5676.356342112908 d
84.89728338704958 5676.356342112908 37.82795773461203 5695.905883411926 c
37.82795773461203 5695.905883411926 0.0 5719.24297810495 c
0.0 5719.24297810495 986.8596028172365 6162.8763153234595 c
986.8596028172365 6162.8763153234595 1983.3300214990309 6604.962350742234 c
1983.3300214990309 6604.962350742234 2368.27043065965 6812.356592379167 d
2368.27043065965 6812.356592379167 3000.179406813737 6174.3403640928445 c
3235.179406813737 6370.391009948295 3000.179406813737 6174.3403640928445 d
3235.179406813737 6370.391009948295 3602.6599643848185 7519.976960500384 c
3602.6599643848185 7519.976960500384 4194.745573267836 8231.92868513771 d
4194.745573267836 8231.92868513771 4856.516346621716 8367.834089004944 c
4856.516346621716 8367.834089004944 5523.100895621296 8487.612887330028 c
5523.100895621296 8487.612887330028 5844.916737250131 8820.626660140864 d
5844.916737250131 8820.626660140864 7079.016077800757 8038.723459706319 c
7213.016077800756 8050.078760846856 7079.016077800757 8038.723459706319 d
7213.016077800756 8050.078760846856 7825.186374989646 9859.376668210438 c
7825.186374989646 9859.376668210438 8554.698101927126 10202.241866893852 d
8518.022167713965 10143.068374079912 6247.109781539037 10838.982569724227 c
6247.109781539037 10838.982569724227 6034.109781539038 10981.405218941592 d
6034.109781539038 10981.405218941592 6033.665418626336 10564.937860838496 c
6033.665418626336 10564.937860838496 6028.138061817977 10143.068374079912 c
6028.138061817977 10143.068374079912 5356.5463893599535 10457.602529227104 c
5356.5463893599535 10457.602529227104 4668.366100547828 10767.841708235994 c
4668.366100547828 10767.841708235994 4465.481994725035 10917.791983310128 d
4465.481994725035 10917.791983310128 4432.73777347429 10143.068374079912 c
3914.5027062849776 10016.068374079912 4432.73777347429 10143.068374079912 d
3941.7455732678363 9995.45482281172 2368.3573106572844 7718.976960500385 c
2368.3573106572844 7718.976960500385 1638.2766314630949 8419.166886135215 c
1638.2766314630949 8419.166886135215 1491.276631463095 7938.380105217656 d
1491.276631463095 7938.380105217656 0.0 7718.976960500385 c
0.0 7718.976960500385 829.9427397264096 8574.543922337638 c
829.9427397264096 8574.543922337638 1491.276631463095 7938.380105217656 c
1638.2766314630949 8419.166886135215 3914.5027062849776 10016.068374079912 c
3914.5027062849776 10016.068374079912 3941.7455732678363 9995.45482281172 c
4432.73777347429 10143.068374079912 3497.0664341414918 10962.079631091323 c
3497.0664341414918 10962.079631091323 2551.429515842999 11782.65875309181 c
2373.429515842999 11222.91823823661 2551.429515842999 11782.65875309181 d
2373.429515842999 11222.91823823661 996.2564768526518 10143.068374079912 c
996.2564768526518 10143.068374079912 0.0 11402.128876457295 c
0.0 11402.128876457295 1392.9841450340514 12460.890196854314 c
2013.1930705251586 12685.890196854314 1392.9841450340514 12460.890196854314 d
2013.1930705251586 12685.890196854314 1006.8854260546741 13315.465822725899 c
1006.8854260546741 13315.465822725899 0.0 13943.842629670025 c
0.0 13943.842629670025 901.2222353019334 13887.362348285385 c
901.2222353019334 13887.362348285385 1792.1923636293973 13828.450706794674 c
1792.1923636293973 13828.450706794674 2215.184946953924 14460.720112756848 d
2215.184946953924 14460.720112756848 2888.1215028987767 14945.341959777315 c
2888.1215028987767 14945.341959777315 2992.417557869541 12685.890196854314 c
3188.4175578695404 13008.963412737128 2992.417557869541 12685.890196854314 d
3188.4175578695404 13008.963412737128 3611.7279777510553 13939.817899626654 c
3611.7279777510553 13939.817899626654 4035.7387890034724 14866.909879245577 c
3683.2282096417484 15213.502992468239 4035.7387890034724 14866.909879245577 d
3683.2282096417484 15213.502992468239 2423.6010041802356 15268.899728862603 c
2423.6010041802356 15268.899728862603 1405.3939048224042 16021.095512909695 c
1215.8252795184926 16421.25957898308 1405.3939048224042 16021.095512909695 d
1215.8252795184926 16421.25957898308 1158.7852030271022 15213.502992468239 c
1158.7852030271022 15213.502992468239 903.3327054372501 15228.698406954578 c
903.3327054372501 15228.698406954578 654.7360528834412 15241.046263178996 c
654.7360528834412 15241.046263178996 0.0 16281.29304084847 c
0.0 16281.29304084847 38.441859975833495 16978.932494186487 c
38.441859975833495 16978.932494186487 72.94254949503738 17683.11545172332 c
72.94254949503738 17683.11545172332 673.5805063786134 17657.965609707502 c
673.5805063786134 17657.965609707502 1279.3939048224042 17623.458794923867 c
1279.3939048224042 17623.458794923867 1215.8252795184926 16421.25957898308 c
1405.3939048224042 16021.095512909695 3714.9435692086463 15907.298681983857 c
3937.9435692086463 16072.244938477066 3714.9435692086463 15907.298681983857 d
3937.9435692086463 16072.244938477066 4902.734539497858 16966.85911857544 c
4902.734539497858 16966.85911857544 5360.693451719158 16475.03646116728 c
5360.693451719158 16475.03646116728 5614.6934517191585 15982.106816138605 d
5614.6934517191585 15982.106816138605 6749.245291305586 16054.44616242999 c
6749.245291305586 16054.44616242999 7882.413977853259 16128.511228691828 c
7882.413977853259 16128.511228691828 7915.582780842433 15747.90193934977 c
7915.582780842433 15747.90193934977 7938.691152823367 15361.287456911701 c
7938.691152823367 15361.287456911701 8340.275217395176 15213.502992468239 d
8340.275217395176 15213.502992468239 8185.691152823367 16905.741318331955 c
8185.691152823367 16905.741318331955 8452.829160218585 16835.74026470837 c
8452.829160218585 16835.74026470837 8723.842482409184 16771.804680183945 c
8882.842482409184 17123.647060319017 8723.842482409184 16771.804680183945 d
8987.10851632013 17112.78420924669 9107.60794215352 17088.93698231185 c
9107.60794215352 17088.93698231185 9317.726199297089 16858.516488052577 c
9317.726199297089 16858.516488052577 9530.85603048708 16634.730418321058 c
9530.85603048708 16634.730418321058 9426.918767273295 15925.436787279272 c
9426.918767273295 15925.436787279272 9335.363365254416 15222.661013682944 c
9335.363365254416 15222.661013682944 9278.38257975561 15213.502992468239 c
9278.38257975561 15213.502992468239 9074.79732127963 16170.759334099595 c
9074.79732127963 16170.759334099595 8882.842482409184 17123.647060319017 c
8882.842482409184 17123.647060319017 8987.10851632013 17112.78420924669 c
8723.842482409184 16771.804680183945 8529.15554402079 15990.534635250293 c
8529.15554402079 15990.534635250293 8340.275217395176 15213.502992468239 c
7938.691152823367 15361.287456911701 6800.564408278715 15285.50195570714 c
6800.564408278715 15285.50195570714 5660.045395724949 15213.502992468239 c
5660.045395724949 15213.502992468239 5633.928216319024 15597.95163075995 c
5633.928216319024 15597.95163075995 5614.6934517191585 15982.106816138605 c
5360.693451719158 16475.03646116728 4004.3259720872957 15213.502992468237 c
4004.3259720872957 15213.502992468237 3937.9435692086463 16072.244938477066 c
3714.9435692086463 15907.298681983857 3683.2282096417484 15213.502992468239 c
4035.7387890034724 14866.909879245577 4497.148913016244 14951.916801421632 c
4497.148913016244 14951.916801421632 4960.229550993645 15024.502992468239 c
4960.229550993645 15024.502992468239 4420.695534602279 13854.168107750513 c
4420.695534602279 13854.168107750513 5184.229550993645 13740.209227240462 d
5184.229550993645 13740.209227240462 5929.965234622981 13270.637032068707 c
5929.965234622981 13270.637032068707 6676.020951894897 12794.924337859948 c
6676.020951894897 12794.924337859948 6965.020951894897 12685.890196854314 d
6965.020951894897 12685.890196854314 7357.363738731021 13241.943547602963 c
7357.363738731021 13241.943547602963 7913.732505511018 12864.28489415477 c
8154.732505511019 13139.24042365759 7913.732505511018 12864.28489415477 d
8154.732505511019 13139.24042365759 8276.218656699999 13398.348232828204 c
8276.218656699999 13398.348232828204 8396.112845843116 13648.345909082074 c
8396.112845843116 13648.345909082074 9023.485776470423 13350.873709441168 c
9023.485776470423 13350.873709441168 9639.875094628178 13047.977006489484 c
9639.875094628178 13047.977006489484 9358.171923919917 12865.736460165917 c
9358.171923919917 12865.736460165917 9074.54783597644 12685.890196854314 c
9074.54783597644 12685.890196854314 8154.732505511019 13139.24042365759 c
7913.732505511018 12864.28489415477 6965.020951894897 12685.890196854314 c
6676.020951894897 12794.924337859948 5972.2041287038965 12739.2423545517 c
5972.2041287038965 12739.2423545517 5252.315586210016 12685.890196854314 c
5252.315586210016 12685.890196854314 5214.8166955473325 13218.457901269694 c
5214.8166955473325 13218.457901269694 5184.229550993645 13740.209227240462 c
4420.695534602279 13854.168107750513 3886.3986007544445 12685.890196854314 c
3886.3986007544445 12685.890196854314 3541.7908772355563 12846.639099290129 c
3541.7908772355563 12846.639099290129 3188.4175578695404 13008.963412737128 c
2992.417557869541 12685.890196854314 2215.184946953924 14460.720112756848 c
1792.1923636293973 13828.450706794674 1921.9415253087232 13280.736821493674 c
1921.9415253087232 13280.736821493674 2043.184946953924 12725.794480464021 c
2043.184946953924 12725.794480464021 2028.4092240013235 12707.004579607508 c
2028.4092240013235 12707.004579607508 2013.1930705251586 12685.890196854314 c
1392.9841450340514 12460.890196854314 2373.429515842999 11222.91823823661 c
2551.429515842999 11782.65875309181 3525.8569986780512 11733.292032259556 c
3525.8569986780512 11733.292032259556 4511.366100547827 11688.386250544761 c
4511.366100547827 11688.386250544761 4465.481994725035 10917.791983310128 c
4668.366100547828 10767.841708235994 4687.556513002593 10798.79190510615 c
4687.556513002593 10798.79190510615 4697.504774007726 10825.1992082666 c
4697.504774007726 10825.1992082666 5364.418383903997 10907.793829025712 c
5364.418383903997 10907.793829025712 6034.109781539038 10981.405218941592 c
6247.109781539037 10838.982569724227 6754.2576483123285 11528.51799768803 c
6754.2576483123285 11528.51799768803 8554.698101927126 10202.241866893852 c
8554.698101927126 10202.241866893852 8518.022167713965 10143.068374079912 c
7825.186374989646 9859.376668210438 8645.064793087195 7718.976960500384 c
8645.064793087195 7718.976960500384 7213.016077800756 8050.078760846856 c
7079.016077800757 8038.723459706319 6275.508145752279 7718.976960500385 c
6275.508145752279 7718.976960500385 5844.916737250131 8820.626660140864 c
5523.100895621296 8487.612887330028 5580.4605297531 8104.913830533615 c
5580.4605297531 8104.913830533615 5636.916737250131 7718.976960500385 c
5636.916737250131 7718.976960500385 4917.58371565777 7981.0285297577375 c
4917.58371565777 7981.0285297577375 4194.745573267836 8231.92868513771 c
3602.6599643848185 7519.976960500384 4353.212122427074 6733.940385094738 d
4353.212122427074 6733.940385094738 5131.8410988112955 6595.196047650289 c
5131.8410988112955 6595.196047650289 5610.0352455345965 5764.12155713183 c
5610.0352455345965 5764.12155713183 5970.289679873702 5531.035844279669 d
5970.289679873702 5531.035844279669 5813.0352455345965 6340.333219726139 c
5813.0352455345965 6340.333219726139 7210.90825322564 6269.356428662862 c
7210.90825322564 6269.356428662862 7352.90825322564 5961.093082926787 d
7352.90825322564 5961.093082926787 7892.748834031849 5990.849985586733 c
7892.748834031849 5990.849985586733 8418.201549333953 6023.594767364842 c
8704.201549333953 5844.577405392346 8418.201549333953 6023.594767364842 d
8704.201549333953 5844.577405392346 9142.481608576149 6112.676886402721 c
9142.481608576149 6112.676886402721 9579.963421737262 6386.77310650991 c
9579.963421737262 6386.77310650991 9440.182780165456 5924.79244971942 c
9440.182780165456 5924.79244971942 9294.263806100598 5463.093144773396 c
9294.263806100598 5463.093144773396 8997.185886419678 5656.8346989212105 c
8997.185886419678 5656.8346989212105 8704.201549333953 5844.577405392346 c
8418.201549333953 6023.594767364842 8085.429642148246 5739.17411786652 c
8085.429642148246 5739.17411786652 7751.6802867813385 5463.093144773396 c
7751.6802867813385 5463.093144773396 7548.605602152419 5708.0588406968045 c
7548.605602152419 5708.0588406968045 7352.90825322564 5961.093082926787 c
7210.90825322564 6269.356428662862 7173.780171937532 5463.0931447733965 c
7173.780171937532 5463.0931447733965 5970.289679873702 5531.035844279669 c
5610.0352455345965 5764.12155713183 5079.842990856881 5463.093144773396 c
5079.842990856881 5463.093144773396 4353.212122427074 6733.940385094738 c
3602.6599643848185 7519.976960500384 4164.212122427074 5653.732334519465 c
4164.212122427074 5653.732334519465 3501.671473788488 5463.093144773396 c
3501.671473788488 5463.093144773396 3235.179406813737 6370.391009948295 c
3000.179406813737 6174.3403640928445 2907.622577008434 5463.093144773396 c
2907.622577008434 5463.093144773396 2224.330021499031 5547.833760095491 c
2224.330021499031 5547.833760095491 2368.27043065965 6812.356592379167 c
1983.3300214990309 6604.962350742234 1825.4305690892793 6037.602328227571 c
1825.4305690892793 6037.602328227571 1659.5966374454574 5463.093144773396 c
1659.5966374454574 5463.093144773396 867.3443579070841 5576.655247347578 c
867.3443579070841 5576.655247347578 84.89728338704958 5676.356342112908 c
0.0 5268.093144773396 994.8641251477442 4588.378938725294 c
994.8641251477442 4588.378938725294 2001.7291951850966 3902.6385143350913 c
2114.729195185096 4532.478861319026 3188.128059225326 4449.417740399944 c
3188.128059225326 4449.417740399944 4271.833046468283 4375.625956408761 c
4271.833046468283 4375.625956408761 4244.291332267729 3984.051369634277 c
4244.291332267729 3984.051369634277 4220.508524907085 3585.4648352189 c
4220.508524907085 3585.4648352189 4481.833046468283 3678.604582783689 d
4481.833046468283 3678.604582783689 4689.044745677904 4288.5669615545385 c
4689.044745677904 4288.5669615545385 5796.4550490441525 3247.611860465921 c
5994.4550490441525 3417.3186753248747 5796.4550490441525 3247.611860465921 d
5994.4550490441525 3417.3186753248747 6076.348653852609 3570.205301733818 c
6076.348653852609 3570.205301733818 6164.0172245075055 3724.57611923767 c
6476.0605007217055 3822.261874607615 6164.0172245075055 3724.57611923767 d
6476.0605007217055 3822.261874607615 6716.286453133499 3844.8255894849526 c
6716.286453133499 3844.8255894849526 6946.868250366043 3871.367611127501 c
6946.868250366043 3871.367611127501 6854.431337834573 3556.415248147193 c
6854.431337834573 3556.415248147193 6759.601207638576 3247.6118604659214 c
7182.868250366043 3247.6118604659214 6759.601207638576 3247.6118604659214 d
7182.868250366043 3247.6118604659214 8404.942580444655 4610.172755173794 c
8404.942580444655 4610.172755173794 8734.99989391788 4226.396370825761 c
8734.99989391788 4226.396370825761 9157.2103878884 3584.1605695947883 d
9347.114199320225 3924.55324737872 9779.097903802827 3718.183778439557 c
9779.097903802827 3718.183778439557 10211.48390402309 3522.110679004028 c
10211.48390402309 3522.110679004028 9590.687243094822 3381.424841017041 c
9590.687243094822 3381.424841017041 8978.999893917879 3247.6118604659214 c
8978.999893917879 3247.6118604659214 9205.769646704553 2749.402206979353 d
9205.769646704553 2749.402206979353 9620.13765610381 2062.6722137697247 c
9620.13765610381 2062.6722137697247 10034.08861867437 1381.4928171902554 c
10034.08861867437 1381.4928171902554 8909.552522736813 686.5166075993741 c
8909.552522736813 686.5166075993741 7777.202983640776 0.0 c
7777.202983640776 0.0 7675.015151729731 878.7560724936197 c
7675.015151729731 878.7560724936197 7587.363572649221 1751.5230492725987 c
7587.363572649221 1751.5230492725987 7271.516074198504 2041.6141654629641 d
7271.516074198504 2041.6141654629641 7349.363572649221 165.89335679010674 c
7349.363572649221 165.89335679010674 6170.635906383632 0.0 c
5772.886382897743 155.76972099925052 6170.635906383632 0.0 d
5772.886382897743 155.76972099925052 3170.835915067086 0.0 c
3170.835915067086 0.0 3162.766322443728 98.00207015079523 c
3162.766322443728 98.00207015079523 5048.49180791349 1367.3030741423345 c
5048.49180791349 1367.3030741423345 5772.886382897743 155.76972099925052 c
6170.635906383632 0.0 6085.886382897743 2000.9447527777193 c
6085.886382897743 2000.9447527777193 7271.516074198504 2041.6141654629641 c
7587.363572649221 1751.5230492725987 8402.340966687781 2252.1497519919903 c
8402.340966687781 2252.1497519919903 9205.769646704553 2749.402206979353 c
8978.999893917879 3247.6118604659214 9157.2103878884 3584.1605695947883 c
9157.2103878884 3584.1605695947883 9347.114199320225 3924.55324737872 c
8734.99989391788 4226.396370825761 7182.868250366043 3247.6118604659214 c
6759.601207638576 3247.6118604659214 6624.124639007581 3534.346480229212 c
6624.124639007581 3534.346480229212 6476.0605007217055 3822.261874607615 c
6164.0172245075055 3724.57611923767 6238.074446468875 3491.882779169838 c
6238.074446468875 3491.882779169838 6304.0605007217055 3247.6118604659214 c
6304.0605007217055 3247.6118604659214 5994.4550490441525 3417.3186753248747 c
5796.4550490441525 3247.611860465921 4481.833046468283 3678.604582783689 c
4220.508524907085 3585.4648352189 3636.1841693196993 3411.0240666048403 c
3636.1841693196993 3411.0240666048403 3059.945853262174 3247.611860465922 c
2463.472925942334 2968.6118604659214 3026.7663224437283 879.9102840879386 c
3026.7663224437283 879.9102840879386 2124.1964307365015 75.08450451576527 c
2124.1964307365015 75.08450451576527 1847.4482446937743 0.0 c
1003.4832786393472 0.0 226.75423771345174 121.41781417151935 c
220.93059593913063 131.2226791255831 0.0 0.0 d
