Processando arquivo: jotika40_pack.txt

Tempo de Inicio (hh:mm:ss.ms) 2026-04-27 10:04:08.201119
Tempo de Termino (hh:mm:ss.ms) 2026-04-27 10:04:08.752007
Tempo Total (hh:mm:ss.ms) 0:00:00.550888

Função Objetivo: 10165.300000000003

0.0 0.0 2088.0 0.0 c
2088.0 0.0 3816.0 0.0 c
3816.0 0.0 3924.0 200.0 d
3848.0 0.0 5688.0 0.0 c
5688.0 0.0 7144.0 0.0 c
7144.0 0.0 7144.0 2880.0 c
7144.0 2880.0 7554.0 2880.0 c
7554.0 2880.0 7802.0 2880.0 d
7802.0 2880.0 9086.0 2880.0 c
9086.0 2880.0 7574.0 4680.0 c
7574.0 4680.0 7704.0 4680.0 c
7704.0 4680.0 7704.0 5928.0 c
7704.0 5928.0 6744.0 4680.0 c
6744.0 4680.0 6676.0 5160.0 c
6676.0 5160.0 4968.0 4680.0 c
4968.0 4680.0 4432.0 6216.0 c
4432.0 6216.0 5156.0 6216.0 c
5156.0 6216.0 5528.0 6216.0 c
5528.0 6216.0 6248.0 6216.0 c
6248.0 6216.0 7112.0 6216.0 c
7112.0 6216.0 8360.0 6216.0 c
8360.0 6216.0 8360.0 8316.0 c
8360.0 8316.0 7112.0 8192.0 c
7112.0 8192.0 7112.0 6216.0 c
7112.0 6216.0 6920.0 8712.0 c
6920.0 8712.0 6248.0 6216.0 c
6248.0 6216.0 6248.0 8268.0 c
6248.0 8268.0 5528.0 7212.0 c
5528.0 7212.0 5528.0 6580.0 c
5528.0 6580.0 5528.0 6216.0 c
5528.0 6216.0 5528.0 6580.0 d
5528.0 6580.0 5156.0 6216.0 c
5156.0 6216.0 4756.0 6792.0 c
4756.0 6792.0 3988.0 6216.0 c
3988.0 6216.0 3856.0 7566.0 c
3856.0 7566.0 2224.0 6216.0 c
2224.0 6216.0 2224.0 8632.0 c
2224.0 8632.0 2160.0 8712.0 d
2160.0 8712.0 1728.0 9384.0 c
2160.0 8712.0 2832.0 8712.0 c
2832.0 8712.0 3484.0 8712.0 c
3484.0 8712.0 4444.0 8712.0 c
4444.0 8712.0 5900.0 8712.0 c
5900.0 8712.0 6920.0 8712.0 c
6920.0 8712.0 7148.0 8712.0 c
7148.0 8712.0 7176.0 8760.0 c
7176.0 8760.0 7176.0 8712.0 c
7176.0 8712.0 7896.0 8712.0 c
7896.0 8712.0 7896.0 11112.0 c
7896.0 11112.0 7176.0 10016.0 c
7176.0 10016.0 7176.0 8760.0 c
7176.0 8760.0 5996.0 9480.0 c
5996.0 9480.0 5900.0 8712.0 c
5900.0 8712.0 5900.0 10440.0 c
5900.0 10440.0 4444.0 11128.0 c
4444.0 11128.0 5504.0 11128.0 c
5504.0 11128.0 7904.0 11128.0 c
7904.0 11128.0 8996.0 11128.0 c
8996.0 11128.0 8672.0 11800.0 c
8672.0 11800.0 7904.0 11128.0 c
7904.0 11128.0 7904.0 11184.0 c
7904.0 11184.0 7104.0 11992.0 c
7104.0 11992.0 5504.0 11128.0 c
5504.0 11128.0 5504.0 11164.0 c
5504.0 11164.0 3104.0 12048.0 c
3104.0 12048.0 2952.0 11128.0 c
2952.0 11128.0 2024.0 12384.0 c
2024.0 12384.0 2272.0 12384.0 c
2272.0 12384.0 2896.0 12384.0 c
2896.0 12384.0 2896.0 13372.0 c
2896.0 13372.0 2272.0 13888.0 c
2272.0 13888.0 2272.0 12384.0 c
2272.0 12384.0 2272.0 13888.0 d
2272.0 13888.0 2272.0 14320.0 c
2272.0 14320.0 736.0 12384.0 c
736.0 12384.0 736.0 14560.0 c
736.0 14560.0 0.0 14560.0 c
0.0 14560.0 0.0 12384.0 c
0.0 12384.0 736.0 12384.0 c
736.0 12384.0 2024.0 12384.0 c
2024.0 12384.0 2024.0 11828.0 c
2024.0 11828.0 1344.0 12376.0 c
1344.0 12376.0 1344.0 11128.0 c
1344.0 11128.0 1152.0 11896.0 c
1152.0 11896.0 0.0 11896.0 c
0.0 11896.0 0.0 11128.0 c
0.0 11128.0 1344.0 11128.0 c
1344.0 11128.0 2024.0 11128.0 c
2024.0 11128.0 2024.0 11828.0 c
2024.0 11828.0 2024.0 11128.0 d
2024.0 11128.0 2952.0 11128.0 c
2952.0 11128.0 4444.0 11128.0 c
4444.0 11128.0 4444.0 10008.0 c
4444.0 10008.0 4444.0 8712.0 c
4444.0 8712.0 4444.0 10008.0 d
4444.0 10008.0 3484.0 8712.0 c
3484.0 8712.0 3484.0 9988.0 c
3484.0 9988.0 2832.0 10504.0 c
2832.0 10504.0 2832.0 10152.0 c
2832.0 10152.0 2832.0 8712.0 c
2832.0 8712.0 2832.0 10152.0 d
2832.0 10152.0 2160.0 8712.0 c
1728.0 9384.0 0.0 8712.0 c
0.0 8712.0 2160.0 8712.0 c
2224.0 8632.0 1504.0 8136.0 c
1504.0 8136.0 1504.0 6840.0 c
1504.0 6840.0 384.0 6840.0 c
384.0 6840.0 0.0 6216.0 c
0.0 6216.0 1504.0 6216.0 c
1504.0 6216.0 1504.0 6840.0 c
1504.0 6840.0 1504.0 6216.0 d
1504.0 6216.0 2224.0 6216.0 c
2224.0 6216.0 3988.0 6216.0 c
3988.0 6216.0 4432.0 6216.0 c
4432.0 6216.0 4432.0 5832.0 c
4432.0 5832.0 3088.0 5832.0 c
3088.0 5832.0 2128.0 5160.0 c
2128.0 5160.0 2128.0 4680.0 c
2128.0 4680.0 1776.0 5352.0 c
1776.0 5352.0 624.0 4680.0 c
624.0 4680.0 624.0 5140.0 c
624.0 5140.0 0.0 5648.0 c
0.0 5648.0 0.0 4680.0 c
0.0 4680.0 624.0 4680.0 c
624.0 4680.0 2128.0 4680.0 c
2128.0 4680.0 4432.0 4680.0 c
4432.0 4680.0 4432.0 5832.0 c
4432.0 5832.0 4432.0 4680.0 d
4432.0 4680.0 4968.0 4680.0 c
4968.0 4680.0 6744.0 4680.0 c
6744.0 4680.0 7574.0 4680.0 c
7574.0 4680.0 7554.0 4580.0 c
7554.0 4580.0 7802.0 2880.0 c
7554.0 2880.0 6954.0 4032.0 c
6954.0 4032.0 5154.0 2976.0 c
5154.0 2976.0 5154.0 2880.0 c
5154.0 2880.0 4346.0 3492.0 c
4346.0 3492.0 3810.0 2880.0 c
3810.0 2880.0 3138.0 3552.0 c
3138.0 3552.0 3138.0 2880.0 c
3138.0 2880.0 2946.0 3340.0 c
2946.0 3340.0 2450.0 2880.0 c
2450.0 2880.0 2450.0 3820.0 c
2450.0 3820.0 0.0 2964.0 c
0.0 2964.0 0.0 2880.0 c
0.0 2880.0 2450.0 2880.0 c
2450.0 2880.0 3138.0 2880.0 c
3138.0 2880.0 3810.0 2880.0 c
3810.0 2880.0 5154.0 2880.0 c
5154.0 2880.0 6840.0 2880.0 c
6840.0 2880.0 7144.0 2880.0 c
7144.0 2880.0 6840.0 2880.0 d
6840.0 2880.0 5688.0 2304.0 c
5688.0 2304.0 5688.0 48.0 c
5688.0 48.0 5688.0 0.0 c
5688.0 0.0 5688.0 48.0 d
5688.0 48.0 4424.0 500.0 c
4424.0 500.0 3924.0 200.0 c
3924.0 200.0 3848.0 0.0 c
3816.0 0.0 3848.0 1920.0 c
3848.0 1920.0 2088.0 1920.0 c
2088.0 1920.0 2088.0 0.0 c
2088.0 0.0 1092.0 1168.0 c
1092.0 1168.0 0.0 768.0 c
0.0 768.0 0.0 0.0 c
