Processando arquivo: jotika70_sep.txt

Tempo de Inicio (hh:mm:ss.ms) 2026-04-27 10:09:10.081204
Tempo de Termino (hh:mm:ss.ms) 2026-04-27 10:09:11.669260
Tempo Total (hh:mm:ss.ms) 0:00:01.588056

Função Objetivo: 17849.257499999992

0.0 0.0 536.0 0.0 c
660.0 0.0 536.0 0.0 d
660.0 0.0 1406.0 0.0 c
1406.0 0.0 1575.0 0.0 d
1575.0 0.0 2311.0 0.0 c
2463.0 0.0 2311.0 0.0 d
2463.0 0.0 4383.0 0.0 c
4383.0 0.0 3903.0 384.0 c
3903.0 384.0 2463.0 0.0 c
2311.0 0.0 2311.0 1440.0 c
2311.0 1440.0 1575.0 2016.0 c
1575.0 2016.0 1575.0 0.0 c
1406.0 0.0 1406.0 916.0 c
1406.0 916.0 660.0 916.0 c
660.0 916.0 660.0 0.0 c
536.0 0.0 0.0 1536.0 c
0.0 1536.0 0.0 2115.0 d
0.0 2115.0 1776.0 2115.0 c
1979.0 2115.0 1776.0 2115.0 d
1979.0 2115.0 4283.0 2115.0 c
4283.0 2115.0 4493.0 2115.0 d
4493.0 2115.0 6653.0 2115.0 c
6653.0 2115.0 6840.0 2115.0 d
6840.0 2115.0 7752.0 2115.0 c
7848.0 2115.0 7752.0 2115.0 d
7848.0 2115.0 8889.0 2115.0 c
9057.0 2115.0 8889.0 2115.0 d
9057.0 2115.0 9251.0 2115.0 c
9251.0 2115.0 9251.0 3124.0 c
9251.0 3124.0 9057.0 3124.0 c
9057.0 3124.0 9057.0 2115.0 c
8889.0 2115.0 8889.0 3358.0 c
8889.0 3358.0 7848.0 3358.0 c
7848.0 3358.0 7848.0 2115.0 c
7752.0 2115.0 6840.0 3747.0 c
6617.0 3994.0 6840.0 3747.0 d
6617.0 3994.0 6617.0 6874.0 c
6617.0 6874.0 6546.0 7089.0 d
6546.0 7089.0 6574.0 7137.0 c
6546.0 7089.0 6783.0 7089.0 d
6783.0 7089.0 7435.0 7089.0 c
7435.0 7089.0 7601.0 7089.0 d
7601.0 7089.0 9068.0 7089.0 c
9170.0 7089.0 9068.0 7089.0 d
9170.0 7089.0 10418.0 7089.0 c
10418.0 7089.0 10418.0 9189.0 c
10418.0 9189.0 9170.0 9065.0 c
8788.0 9457.0 9170.0 9065.0 d
8788.0 9457.0 8788.0 10884.0 c
8991.0 9457.0 8788.0 9457.0 d
8991.0 10933.0 8991.0 9457.0 c
8991.0 9457.0 9711.0 9457.0 c
9711.0 9457.0 9711.0 10933.0 c
9711.0 10933.0 8991.0 10933.0 c
8788.0 10884.0 7583.0 10884.0 c
7583.0 10884.0 7583.0 9457.0 c
7583.0 9457.0 7452.0 9457.0 d
7452.0 9457.0 7484.0 11377.0 c
7484.0 11377.0 5724.0 11377.0 c
5724.0 11377.0 6137.0 11552.0 d
5417.0 11552.0 6137.0 11552.0 c
6137.0 11552.0 6239.0 11552.0 d
6239.0 11552.0 7890.0 11552.0 c
7984.0 11552.0 7890.0 11552.0 d
7984.0 11552.0 8207.0 11552.0 c
8357.0 11552.0 8207.0 11552.0 d
8357.0 11552.0 10277.0 11552.0 c
10277.0 11552.0 10277.0 12512.0 c
10277.0 12512.0 8357.0 11552.0 c
8207.0 11552.0 8207.0 12701.0 c
8207.0 12701.0 7984.0 12701.0 c
7984.0 12701.0 7984.0 11552.0 c
7890.0 11552.0 7890.0 13036.0 c
7890.0 13036.0 6239.0 13036.0 c
6239.0 13036.0 6239.0 11552.0 c
6137.0 11552.0 6137.0 13952.0 c
6137.0 13952.0 6796.0 14219.0 d
6796.0 14219.0 6196.0 15371.0 c
6796.0 14219.0 6903.0 14219.0 d
6903.0 14219.0 8359.0 14219.0 c
8452.0 14219.0 8359.0 14219.0 d
8452.0 14219.0 8879.0 14219.0 c
9144.0 14219.0 8879.0 14219.0 d
9144.0 14219.0 9988.0 14219.0 c
9988.0 14219.0 9988.0 16235.0 c
9988.0 16235.0 9144.0 15755.0 c
9144.0 15755.0 9144.0 14219.0 c
8879.0 14219.0 8879.0 15164.0 c
8879.0 15164.0 8452.0 15164.0 c
8452.0 15164.0 8452.0 14219.0 c
8359.0 14219.0 8359.0 15947.0 c
8359.0 15947.0 6903.0 16635.0 c
6903.0 16635.0 6869.0 16877.0 d
6869.0 16877.0 6677.0 17645.0 c
6993.0 16877.0 6869.0 16877.0 d
6993.0 18078.0 6993.0 16877.0 c
7512.0 18310.0 6993.0 18078.0 d
6008.0 18310.0 7512.0 18310.0 c
6008.0 18310.0 5768.0 18310.0 d
5768.0 18310.0 5636.0 19660.0 c
5636.0 19660.0 4004.0 18310.0 c
4004.0 18310.0 3779.0 18310.0 d
3779.0 18310.0 3107.0 18982.0 c
3107.0 18982.0 3107.0 18310.0 c
3107.0 18310.0 3779.0 18310.0 c
4004.0 18310.0 5768.0 18310.0 c
7512.0 18310.0 7512.0 18934.0 c
7512.0 18934.0 6392.0 18934.0 c
6392.0 18934.0 6008.0 18310.0 c
6993.0 16877.0 8007.0 16877.0 c
8007.0 16877.0 8007.0 18078.0 c
8007.0 18078.0 8453.0 18310.0 d
7772.0 18310.0 8453.0 18310.0 c
8595.0 18310.0 8453.0 18310.0 d
8595.0 18310.0 9687.0 18310.0 c
9538.0 18133.0 9687.0 18310.0 d
9538.0 18133.0 9538.0 16877.0 c
9538.0 16877.0 9403.0 16877.0 d
9403.0 16877.0 9211.0 17337.0 c
9211.0 17337.0 8715.0 16877.0 c
8556.0 16877.0 8715.0 16877.0 d
8556.0 16877.0 8556.0 17241.0 c
8556.0 17241.0 8184.0 16877.0 c
8184.0 16877.0 8556.0 16877.0 c
8715.0 16877.0 9403.0 16877.0 c
9538.0 16877.0 10466.0 16877.0 c
10466.0 16877.0 9538.0 18133.0 c
9927.0 18310.0 9687.0 18310.0 d
9927.0 18310.0 10647.0 18310.0 c
10647.0 18310.0 10647.0 20362.0 c
10647.0 20362.0 9927.0 19306.0 c
9927.0 19306.0 9927.0 18310.0 c
9687.0 18310.0 9363.0 18982.0 c
9363.0 18982.0 8595.0 18310.0 c
8453.0 18310.0 8453.0 18827.0 c
8453.0 18827.0 7772.0 18827.0 c
7772.0 18827.0 7772.0 18310.0 c
8007.0 18078.0 6993.0 18078.0 c
6677.0 17645.0 5525.0 17645.0 c
5525.0 17645.0 5525.0 16877.0 c
5318.0 16877.0 5525.0 16877.0 d
5318.0 16877.0 4510.0 17489.0 c
4510.0 17489.0 3974.0 16877.0 c
3974.0 16877.0 3813.0 16877.0 d
3813.0 16877.0 3813.0 17741.0 c
3813.0 17741.0 3141.0 16877.0 c
3141.0 16877.0 3015.0 16877.0 d
3015.0 16877.0 3015.0 16925.0 c
3015.0 16925.0 1751.0 17377.0 c
1751.0 17377.0 1251.0 17077.0 c
1251.0 17077.0 960.0 16877.0 d
960.0 16877.0 960.0 18125.0 c
960.0 18125.0 883.0 18310.0 d
883.0 18310.0 1507.0 18310.0 c
1612.0 18310.0 1507.0 18310.0 d
1612.0 18310.0 2348.0 18310.0 c
2548.0 18310.0 2348.0 18310.0 d
2548.0 18310.0 2848.0 18310.0 c
2848.0 18310.0 2848.0 19368.0 c
2848.0 19368.0 2548.0 19368.0 c
2548.0 19368.0 2548.0 18310.0 c
2348.0 18310.0 2348.0 20486.0 c
2348.0 20486.0 1612.0 20486.0 c
1612.0 20486.0 1504.0 20939.0 d
1504.0 20939.0 1152.0 21611.0 c
1952.0 20939.0 1504.0 20939.0 d
1952.0 20939.0 3236.0 20939.0 c
3236.0 20939.0 1724.0 22739.0 c
1724.0 22739.0 1704.0 22639.0 c
1704.0 22639.0 1952.0 20939.0 c
1152.0 21611.0 0.0 20939.0 c
0.0 20939.0 1504.0 20939.0 c
1612.0 20486.0 1612.0 18310.0 c
720.0 18310.0 883.0 18310.0 d
720.0 18310.0 720.0 20726.0 c
720.0 20726.0 0.0 20230.0 c
0.0 20230.0 0.0 18310.0 c
0.0 18310.0 720.0 18310.0 c
1507.0 18310.0 1507.0 19298.0 c
1507.0 19298.0 883.0 19814.0 c
883.0 19814.0 883.0 18310.0 c
960.0 18125.0 0.0 16877.0 c
0.0 16877.0 960.0 16877.0 c
1251.0 17077.0 1175.0 16877.0 c
1175.0 16877.0 3015.0 16877.0 c
3141.0 16877.0 3813.0 16877.0 c
3974.0 16877.0 5318.0 16877.0 c
5525.0 16877.0 6869.0 16877.0 c
6903.0 16635.0 6903.0 14219.0 c
6196.0 15371.0 4396.0 14315.0 c
4213.0 14275.0 4396.0 14315.0 d
4213.0 14219.0 4213.0 14275.0 c
4213.0 14275.0 3413.0 15083.0 c
3413.0 15083.0 1813.0 14219.0 c
1813.0 14219.0 1715.0 14219.0 d
1715.0 14219.0 1715.0 14500.0 c
1715.0 14500.0 0.0 14500.0 c
0.0 14500.0 0.0 14219.0 c
0.0 14219.0 1715.0 14219.0 c
1813.0 14219.0 4213.0 14219.0 c
4396.0 14315.0 4396.0 14219.0 c
4396.0 14219.0 6796.0 14219.0 c
6137.0 13952.0 5417.0 12856.0 c
5417.0 12856.0 5417.0 11552.0 c
5724.0 11377.0 5152.0 11552.0 d
5152.0 11552.0 5152.0 12875.0 c
5152.0 12875.0 4769.0 12875.0 c
4769.0 12875.0 4769.0 11552.0 c
4769.0 11552.0 4606.0 11552.0 d
4606.0 11552.0 4606.0 11588.0 c
4606.0 11588.0 2206.0 12472.0 c
1920.0 12896.0 2206.0 12472.0 d
1920.0 12896.0 0.0 13472.0 c
0.0 13472.0 0.0 11552.0 c
0.0 11552.0 1344.0 11552.0 c
1344.0 11552.0 1920.0 12896.0 c
2206.0 12472.0 2054.0 11552.0 c
2054.0 11552.0 4606.0 11552.0 c
4769.0 11552.0 5152.0 11552.0 c
5724.0 11377.0 5724.0 9457.0 c
5724.0 9457.0 5616.0 9457.0 d
5616.0 9457.0 5616.0 9521.0 c
5616.0 9521.0 4352.0 9965.0 c
4352.0 9965.0 3832.0 9617.0 c
3832.0 9617.0 3776.0 9457.0 c
3653.0 9457.0 3776.0 9457.0 d
3653.0 9457.0 3653.0 10157.0 c
3653.0 10157.0 2973.0 10705.0 c
2973.0 10705.0 2973.0 9457.0 c
2760.0 9457.0 2973.0 9457.0 d
2760.0 9457.0 2760.0 10417.0 c
2760.0 10417.0 1800.0 10417.0 c
1800.0 10417.0 936.0 10129.0 c
936.0 10129.0 840.0 9457.0 c
624.0 9457.0 840.0 9457.0 d
624.0 9457.0 624.0 9917.0 c
624.0 9917.0 0.0 10425.0 c
0.0 10425.0 0.0 9457.0 c
0.0 9457.0 624.0 9457.0 c
840.0 9457.0 2760.0 9457.0 c
2973.0 9457.0 3653.0 9457.0 c
3776.0 9457.0 5616.0 9457.0 c
5724.0 9457.0 7452.0 9457.0 c
7583.0 9457.0 8788.0 9457.0 c
9170.0 9065.0 9170.0 7089.0 c
9068.0 7089.0 9068.0 7595.0 c
9068.0 7595.0 7601.0 7595.0 c
7601.0 7595.0 7601.0 7089.0 c
7435.0 7089.0 7435.0 8365.0 c
7435.0 8365.0 6783.0 8881.0 c
6783.0 8881.0 6783.0 7089.0 c
6574.0 7137.0 5394.0 7857.0 c
5394.0 7857.0 5298.0 7089.0 c
5298.0 7089.0 5108.0 7089.0 d
5108.0 7089.0 5108.0 8529.0 c
5108.0 8529.0 4436.0 7089.0 c
4238.0 7089.0 4436.0 7089.0 d
4238.0 7089.0 4238.0 8029.0 c
4238.0 8029.0 1788.0 7173.0 c
1788.0 7173.0 1788.0 7089.0 c
1536.0 7089.0 1788.0 7089.0 d
1536.0 7089.0 1536.0 9025.0 c
1536.0 9025.0 0.0 7089.0 c
0.0 7089.0 1536.0 7089.0 c
1788.0 7089.0 4238.0 7089.0 c
4436.0 7089.0 5108.0 7089.0 c
5298.0 7089.0 6546.0 7089.0 c
6617.0 6874.0 6313.0 6874.0 c
6313.0 6874.0 5161.0 6298.0 c
5161.0 6298.0 5161.0 3994.0 c
4503.0 4570.0 5161.0 3994.0 d
4903.0 3994.0 4503.0 4570.0 c
4503.0 4570.0 3735.0 3994.0 c
3735.0 3994.0 3484.0 3994.0 d
3484.0 3994.0 3484.0 5508.0 c
3484.0 5508.0 3014.0 5114.0 c
2759.0 4966.0 3014.0 5114.0 d
2759.0 4966.0 2227.0 4966.0 c
2227.0 4966.0 2227.0 3994.0 c
2227.0 3994.0 2088.0 3994.0 d
2088.0 3994.0 1092.0 5162.0 c
1092.0 5162.0 0.0 4762.0 c
0.0 4762.0 0.0 3994.0 c
0.0 3994.0 2088.0 3994.0 c
2227.0 3994.0 2759.0 3994.0 c
2759.0 3994.0 2759.0 4966.0 c
3014.0 5114.0 3014.0 3994.0 c
3014.0 3994.0 3484.0 3994.0 c
3735.0 3994.0 4903.0 3994.0 c
5161.0 3994.0 6617.0 3994.0 c
6840.0 3747.0 6875.0 3994.0 d
6875.0 3994.0 8891.0 3994.0 c
9131.0 3994.0 8891.0 3994.0 d
9131.0 3994.0 9995.0 3994.0 c
9995.0 3994.0 9803.0 6490.0 c
9803.0 6490.0 9131.0 3994.0 c
8891.0 3994.0 8891.0 4762.0 c
8891.0 4762.0 7355.0 4570.0 c
7355.0 4570.0 6875.0 3994.0 c
6840.0 3747.0 6840.0 2115.0 c
6625.0 1632.0 6653.0 2115.0 d
6593.0 1668.0 5665.0 0.0 c
5665.0 0.0 5536.0 0.0 d
5536.0 0.0 5536.0 800.0 c
5536.0 800.0 4536.0 650.0 c
4536.0 650.0 4536.0 0.0 c
4536.0 0.0 5536.0 0.0 c
5665.0 0.0 6337.0 0.0 c
6337.0 0.0 6775.0 0.0 d
6775.0 0.0 8125.0 0.0 c
8125.0 0.0 8351.0 0.0 d
8351.0 0.0 9311.0 0.0 c
9508.0 0.0 9311.0 0.0 d
9508.0 0.0 9659.0 0.0 c
9659.0 0.0 9659.0 901.0 c
9659.0 901.0 9508.0 901.0 c
9508.0 901.0 9508.0 0.0 c
9311.0 0.0 9311.0 1296.0 c
9311.0 1296.0 8351.0 0.0 c
8125.0 0.0 8125.0 1400.0 c
8125.0 1400.0 6775.0 1400.0 c
6775.0 1400.0 6775.0 0.0 c
6337.0 0.0 6625.0 1632.0 c
6625.0 1632.0 6593.0 1668.0 c
6653.0 2115.0 6221.0 2787.0 c
6221.0 2787.0 4493.0 2115.0 c
4283.0 2115.0 4283.0 3267.0 c
4283.0 3267.0 2939.0 3267.0 c
2939.0 3267.0 1979.0 2595.0 c
1979.0 2595.0 1979.0 2115.0 c
1776.0 2115.0 1708.0 2595.0 c
1708.0 2595.0 0.0 2115.0 c
0.0 1536.0 0.0 0.0 c
