Processando arquivo: jotika70_mod_sep.txt

Tempo de Inicio (hh:mm:ss.ms) 2026-04-27 10:09:12.383117
Tempo de Termino (hh:mm:ss.ms) 2026-04-27 10:09:15.108309
Tempo Total (hh:mm:ss.ms) 0:00:02.725192

Função Objetivo: 16687.752266950058

0.0 0.0 350.4289513552103 500.9517133321712 d
0.0 746.0860180560395 717.9078674216207 1777.3796403217898 c
717.9078674216207 1777.3796403217898 38.85726685735689 2319.4649070156856 d
1018.2046202044731 2408.1131027009833 38.85726685735689 2319.4649070156856 c
38.85726685735689 2319.4649070156856 0.0 2757.719445582734 c
0.0 2757.719445582734 982.2629279063465 2859.744313889834 c
1176.2046202044733 3216.801706574518 982.2629279063465 2859.744313889834 d
1176.2046202044733 3216.801706574518 1927.2123114493518 3952.662270542115 c
1927.2123114493518 3952.662270542115 2806.7683472168133 3056.1494409892566 c
2929.7683472168133 2340.683224126391 2806.7683472168133 3056.1494409892566 d
2929.7683472168133 2340.683224126391 4661.34652466474 4445.461431071971 c
4661.34652466474 4445.461431071971 5314.716077121109 3689.652212846452 c
5314.716077121109 3689.652212846452 2963.2660549455786 2319.4649070156856 c
2963.2660549455786 2319.4649070156856 2929.7683472168133 2340.683224126391 c
2806.7683472168133 3056.1494409892566 2052.639564774734 2319.4649070156856 c
2052.639564774734 2319.4649070156856 1176.2046202044733 3216.801706574518 c
982.2629279063465 2859.744313889834 1018.2046202044731 2408.1131027009833 c
717.9078674216207 1777.3796403217898 1778.213823404107 1031.4437969903215 c
1778.213823404107 1031.4437969903215 2079.482839466274 417.702773666958 d
2079.482839466274 417.702773666958 2383.2499299307597 0.0 c
2079.482839466274 417.702773666958 2588.2499299307597 871.5657804662586 d
2774.823672159757 438.2805237259599 2588.2499299307597 871.5657804662586 c
2588.2499299307597 871.5657804662586 2895.7532518880116 744.3768158721732 c
2895.7532518880116 744.3768158721732 3215.269063890456 618.0282354606011 c
3374.269063890456 411.7748570073284 3215.269063890456 618.0282354606011 d
3374.269063890456 411.7748570073284 3911.8042594741846 850.2759978060346 c
3911.8042594741846 850.2759978060346 4244.756920024094 441.9380572840763 c
4534.756920024094 398.11667034030654 4244.756920024094 441.9380572840763 d
4534.756920024094 398.11667034030654 5156.29371506133 1228.7572314634322 c
5156.29371506133 1228.7572314634322 5961.024193003779 922.7115774029033 d
5660.165001681282 947.8616899069355 5730.542561209629 1863.0075640607583 c
5730.542561209629 1863.0075640607583 5882.679007669193 1856.7411010523308 c
5882.679007669193 1856.7411010523308 6030.082565141601 1847.0277618171287 c
6323.42399710043 2319.4649070156856 6030.082565141601 1847.0277618171287 d
6323.42399710043 2319.4649070156856 5415.716077121108 2644.6840324268796 c
5415.716077121108 2644.6840324268796 6630.052018920254 3032.843246352197 c
6630.052018920254 3032.843246352197 6323.42399710043 2319.4649070156856 c
6030.082565141601 1847.0277618171287 5961.024193003779 922.7115774029033 c
5961.024193003779 922.7115774029033 6232.032194486015 844.3529425396276 d
6232.032194486015 844.3529425396276 8255.831193090406 684.6242763947166 c
8255.831193090406 684.6242763947166 8224.42825147122 344.16036036846003 c
8224.42825147122 344.16036036846003 8199.183993120987 0.0 c
8370.831193090406 0.0 8199.183993120987 0.0 d
8370.831193090406 0.0 9014.444937574406 2170.4649070156856 c
9014.444937574406 2170.4649070156856 9151.522369064369 2872.9201582271985 d
9151.522369064369 2872.9201582271985 7741.09949456294 2319.4649070156856 c
9376.522369064369 2532.7026236576885 9151.522369064369 2872.9201582271985 d
9376.522369064369 2532.7026236576885 9749.789368841655 2876.7089065578893 c
9749.789368841655 2876.7089065578893 10127.758069472364 3221.9736861042156 c
10127.758069472364 3221.9736861042156 10223.006656102254 3120.5289622119353 c
10223.006656102254 3120.5289622119353 10319.39580392158 3012.487009303192 c
10319.39580392158 3012.487009303192 9946.981899573328 2670.234345778033 c
9946.981899573328 2670.234345778033 9573.398044867392 2319.4649070156856 c
9573.398044867392 2319.4649070156856 9476.458075759676 2430.2580306990003 c
9476.458075759676 2430.2580306990003 9376.522369064369 2532.7026236576885 c
7741.09949456294 2319.4649070156856 6863.052018920254 4537.602732624817 c
6863.052018920254 4537.602732624817 7751.414090297168 5534.563760319283 c
7751.414090297168 5534.563760319283 8048.016215847084 5654.56750110382 c
8073.203017055627 5812.56750110382 8048.016215847084 5654.56750110382 d
8073.203017055627 5812.56750110382 7724.69636033625 5843.5016437191725 c
7724.69636033625 5843.5016437191725 7376.250458527102 5872.33803687018 c
7376.250458527102 5872.33803687018 6894.475795319495 6416.23925641822 c
6894.475795319495 6416.23925641822 6411.359523667852 6946.67067456469 c
6166.359523667852 6207.647581159709 6411.359523667852 6946.67067456469 d
6166.359523667852 6207.647581159709 5309.410508277225 5812.56750110382 c
5309.410508277225 5812.56750110382 4780.43686651078 6973.144649100526 c
4780.43686651078 6973.144649100526 4561.695608600541 7208.273964733819 d
4561.695608600541 7208.273964733819 4579.121970589829 6510.673262526908 c
4579.121970589829 6510.673262526908 4598.43686651078 5812.56750110382 c
4598.43686651078 5812.56750110382 3947.8906186391514 6725.902548939923 c
3947.8906186391514 6725.902548939923 3297.029258552959 7626.791453018567 c
3013.029258552959 7112.147028362427 3297.029258552959 7626.791453018567 d
3013.029258552959 7112.147028362427 2774.427229599547 6467.354282527875 c
2774.427229599547 6467.354282527875 2542.662416257304 5812.56750110382 c
2542.662416257304 5812.56750110382 2231.738300377566 5926.834919970146 c
2231.738300377566 5926.834919970146 1929.244548321211 6039.0750842022235 c
1929.244548321211 6039.0750842022235 2465.9061961598627 6572.776471469047 c
2465.9061961598627 6572.776471469047 3013.029258552959 7112.147028362427 c
3297.029258552959 7626.791453018567 3609.1113492103773 7859.990537546448 c
3609.1113492103773 7859.990537546448 3927.5688471514586 8085.761483704705 c
4035.7299754809146 8188.761483704704 3927.5688471514586 8085.761483704705 d
4035.7299754809146 8188.761483704704 3933.228646315715 9591.749682657266 c
3933.228646315715 9591.749682657266 3393.171011583482 10211.122015237152 d
3555.1921541686274 9654.25597400329 3700.228646315715 9091.699065746834 c
3700.228646315715 9091.699065746834 3075.538657380109 8642.376949677884 c
3075.538657380109 8642.376949677884 2452.1046367087874 8188.761483704704 c
2452.1046367087874 8188.761483704704 2542.152151199524 9237.452852164271 c
2542.152151199524 9237.452852164271 2295.1046367087874 9482.519261110361 d
2295.1046367087874 9482.519261110361 1163.206833727561 8188.761483704704 c
445.4351360436986 7683.181988091884 1163.206833727561 8188.761483704704 d
780.952930710187 7659.1052353315945 704.7571185166015 6734.987110781878 c
704.7571185166015 6734.987110781878 633.4860604980977 5812.56750110382 c
890.952930710187 6031.375663763084 633.4860604980977 5812.56750110382 d
890.952930710187 6031.375663763084 1291.2575233047442 6823.624109902531 c
1291.2575233047442 6823.624109902531 1722.244548321211 6610.994828604105 c
1722.244548321211 6610.994828604105 1324.575067683594 5812.56750110382 c
1324.575067683594 5812.56750110382 890.952930710187 6031.375663763084 c
633.4860604980977 5812.56750110382 322.5060818569203 6100.652022174297 c
322.5060818569203 6100.652022174297 0.0 6389.790806549883 c
0.0 6389.790806549883 61.24226724374864 7055.848493996716 c
61.24226724374864 7055.848493996716 103.54120991159209 7713.244017835267 c
103.54120991159209 7713.244017835267 445.4351360436986 7683.181988091884 c
445.4351360436986 7683.181988091884 780.952930710187 7659.1052353315945 c
1163.206833727561 8188.761483704704 0.0 9213.909889816548 c
0.0 9213.909889816548 1138.2232498453238 10497.008988532552 c
1138.2232498453238 10497.008988532552 899.9570063223806 11049.118851911642 d
1402.8357625964104 10700.008988532552 899.9570063223806 11049.118851911642 c
899.9570063223806 11049.118851911642 726.9570063223805 11093.800293881946 d
726.9570063223805 11093.800293881946 113.90195169154703 10700.008988532552 c
113.90195169154703 10700.008988532552 0.0 12769.42832846734 c
0.0 12769.42832846734 801.7484005841138 13304.056538155966 d
0.0 13449.042936707374 886.3675949612959 13750.318443802731 c
886.3675949612959 13750.318443802731 1765.6749317106573 14057.313465683994 c
1879.6749317106573 13890.072909268283 1765.6749317106573 14057.313465683994 d
1879.6749317106573 13890.072909268283 2481.994870777543 14401.111986485785 c
2481.994870777543 14401.111986485785 3103.32195013739 13674.284711188378 c
3328.32195013739 13160.40599523524 3103.32195013739 13674.284711188378 d
3328.32195013739 13160.40599523524 3816.601774495465 14308.131223058397 c
3816.601774495465 14308.131223058397 4451.782175055645 14012.04747532945 c
4451.782175055645 14012.04747532945 3328.32195013739 13160.40599523524 c
3103.32195013739 13674.284711188378 2507.332735039491 13160.40599523524 c
2507.332735039491 13160.40599523524 1879.6749317106573 13890.072909268283 c
1765.6749317106573 14057.313465683994 1685.471516554866 13606.881744155467 c
1685.471516554866 13606.881744155467 1608.7409958000223 13160.40599523524 c
1608.7409958000223 13160.40599523524 801.7484005841138 13304.056538155966 c
801.7484005841138 13304.056538155966 0.0 13449.042936707374 c
0.0 12769.42832846734 46.7901102549971 12749.545929034573 c
46.7901102549971 12749.545929034573 726.9570063223805 11093.800293881946 c
899.9570063223806 11049.118851911642 1326.2437670841127 11911.922226915885 c
1326.2437670841127 11911.922226915885 1944.498088131064 11468.747132709832 c
1944.498088131064 11468.747132709832 1402.8357625964104 10700.008988532552 c
1138.2232498453238 10497.008988532552 2295.1046367087874 9482.519261110361 c
2542.152151199524 9237.452852164271 2624.3536097968486 10274.178195878852 c
2624.3536097968486 10274.178195878852 3011.754511336808 10246.397771329785 c
3011.754511336808 10246.397771329785 3393.171011583482 10211.122015237152 c
3393.171011583482 10211.122015237152 4021.9729683845153 10700.008988532552 d
4021.9729683845153 10700.008988532552 2181.498088131064 10897.484735082651 c
2181.498088131064 10897.484735082651 4006.3076400711616 11200.37457108699 c
4213.972968384514 11115.19338408564 4006.3076400711616 11200.37457108699 d
4213.972968384514 11115.19338408564 4721.504001880592 11636.002784675895 c
4721.504001880592 11636.002784675895 5221.293026365763 12148.359595321128 c
5221.293026365763 12148.359595321128 5263.409792408913 11756.849037129827 c
5263.409792408913 11756.849037129827 5308.961252224086 11375.939330923919 c
5308.961252224086 11375.939330923919 6121.949801762982 11863.631642414592 d
6121.949801762982 11863.631642414592 5588.961252224086 13030.40599523524 c
5877.944915526729 13226.013143124288 5588.961252224086 13030.40599523524 d
5877.944915526729 13226.013143124288 4587.782175055645 13160.40599523524 c
4587.782175055645 13160.40599523524 4692.243331760557 15307.806314820647 c
4692.243331760557 15307.806314820647 4498.449270735545 15772.86908573768 d
4498.449270735545 15772.86908573768 4167.280912882687 16142.131022692201 c
4167.280912882687 16142.131022692201 3829.1278080155225 16506.8335950054 c
3053.319630134216 17253.100933981197 3829.1278080155225 16506.8335950054 d
3618.1278080155225 16103.074126115656 3207.5773947004427 15942.340827912769 c
3207.5773947004427 15942.340827912769 2789.875021977849 15772.86908573768 c
2789.875021977849 15772.86908573768 2646.241581075603 17101.839647244964 c
2371.8252565529647 16383.748370633894 2646.241581075603 17101.839647244964 d
2371.8252565529647 16383.748370633894 2147.6827589744003 15772.869085737682 c
2147.6827589744003 15772.869085737682 892.6790018077595 16243.508097262289 c
892.6790018077595 16243.508097262289 656.6790018077596 15943.713442237882 d
656.6790018077596 15943.713442237882 0.0 15772.86908573768 c
0.0 15772.86908573768 56.06597212367922 16276.297099229461 c
56.06597212367922 16276.297099229461 656.6790018077596 15943.713442237882 c
892.6790018077595 16243.508097262289 1122.2204027999082 16845.416701285496 c
1122.2204027999082 16845.416701285496 2371.8252565529647 16383.748370633894 c
2646.241581075603 17101.839647244964 2490.8252565529647 18411.473512158096 c
2272.803732196764 18524.473512158096 2490.8252565529647 18411.473512158096 d
2272.803732196764 18524.473512158096 1400.3040991641567 19288.109001103516 c
1195.3040991641567 19568.203345939968 1400.3040991641567 19288.109001103516 d
1195.3040991641567 19568.203345939968 591.652170789083 18524.473512158096 c
591.652170789083 18524.473512158096 291.6317232319754 18745.297961449756 c
291.6317232319754 18745.297961449756 0.0 18973.6711688304 c
0.0 18973.6711688304 575.2815195108988 19293.19570594559 c
575.2815195108988 19293.19570594559 1161.7045883822957 19614.348943171437 c
1161.7045883822957 19614.348943171437 1179.3673803511542 19596.297382563716 c
1179.3673803511542 19596.297382563716 1195.3040991641567 19568.203345939968 c
1400.3040991641567 19288.109001103516 1550.2809430853183 19461.165917772236 c
1550.2809430853183 19461.165917772236 2415.5089516820813 18691.952267788733 c
2415.5089516820813 18691.952267788733 2272.803732196764 18524.473512158096 c
2490.8252565529647 18411.473512158096 3053.319630134216 17253.100933981197 c
3053.319630134216 17253.100933981197 3618.1278080155225 16103.074126115656 c
3829.1278080155225 16506.8335950054 4106.320913719968 16734.983332819553 c
4106.320913719968 16734.983332819553 4382.3242090542935 16976.002918584512 c
4382.3242090542935 16976.002918584512 4606.449270735545 16789.873392764213 d
4606.449270735545 16789.873392764213 6092.942940555665 15994.617789754704 c
6299.768899361442 16183.002494457216 6092.942940555665 15994.617789754704 d
6299.768899361442 16183.002494457216 6223.942940555664 16537.909744874454 c
6223.942940555664 16537.909744874454 6845.098189493299 16512.884979494767 c
6845.098189493299 16512.884979494767 7473.988535322892 16490.5558138717 c
7473.988535322892 16490.5558138717 7454.542767482796 16134.405971571534 c
7454.542767482796 16134.405971571534 7444.212818062798 15772.869085737682 c
7444.212818062798 15772.869085737682 6909.893640657527 15800.141338539801 c
6909.893640657527 15800.141338539801 6375.675244280763 15817.675911305765 c
6375.675244280763 15817.675911305765 6299.768899361442 16183.002494457216 c
6092.942940555665 15994.617789754704 4778.300606528447 15772.86908573768 c
4778.300606528447 15772.86908573768 4606.449270735545 16789.873392764213 c
4382.3242090542935 16976.002918584512 4442.380524283312 16366.934573490505 c
4442.380524283312 16366.934573490505 4498.449270735545 15772.86908573768 c
4692.243331760557 15307.806314820647 5966.224933960734 15245.810695815408 c
5966.224933960734 15245.810695815408 5877.944915526729 13226.013143124288 c
5588.961252224086 13030.40599523524 6478.63631893068 12570.746136797809 c
6478.63631893068 12570.746136797809 6748.362724793242 13160.40599523524 d
6748.362724793242 13160.40599523524 6140.224933960733 13974.296981145124 c
6140.224933960733 13974.296981145124 7113.233164131866 14696.782659202061 c
7113.233164131866 14696.782659202061 7718.238574075463 13883.656450113362 c
7834.2385740754635 14107.002995507648 7718.238574075463 13883.656450113362 d
7834.2385740754635 14107.002995507648 10309.487316197066 15144.60332199385 c
10309.487316197066 15144.60332199385 10903.359814650437 14585.127722277235 d
10903.359814650437 14585.127722277235 11186.514117587289 15669.869085737679 c
11186.514117587289 15669.869085737679 10976.40193692716 15772.869085737682 d
10976.40193692716 15772.869085737682 9546.647187873301 16446.481321575273 c
9546.647187873301 16446.481321575273 9382.647187873301 16406.61949821999 d
9382.647187873301 16406.61949821999 7919.915818345699 15772.869085737679 c
7919.915818345699 15772.869085737679 7702.988535322894 16274.235058494323 c
7702.988535322894 16274.235058494323 9160.485709126016 16911.809085240737 c
9160.485709126016 16911.809085240737 9382.647187873301 16406.61949821999 c
9546.647187873301 16446.481321575273 10289.28711477553 18034.525256532364 c
10289.28711477553 18034.525256532364 10883.319645304517 18524.473512158096 d
10821.372447610644 18526.661621393258 11033.300566758298 20278.569074279432 c
10821.372447610644 18526.661621393258 10560.372447610644 18836.382117941856 d
10538.046970383251 20505.099688229624 10547.856242171003 19667.877845703668 c
10538.046970383251 20505.099688229624 10734.71348335102 21018.33268665627 d
10734.71348335102 21018.33268665627 9341.934903438938 21175.475528950155 c
9341.934903438938 21175.475528950155 8999.820287911101 21396.482967354812 d
8999.820287911101 21396.482967354812 8504.622916916838 21206.777518741663 c
8504.622916916838 21206.777518741663 8002.0548720679235 21018.33268665627 c
8002.0548720679235 21018.33268665627 7416.574302032168 21165.265931401802 c
7416.574302032168 21165.265931401802 6827.509093875425 21316.695783344476 c
6827.509093875425 21316.695783344476 6954.195574950736 21820.50207945641 c
6954.195574950736 21820.50207945641 6658.509093875425 21851.826924285597 d
6658.509093875425 21851.826924285597 6656.11966694533 21018.33268665627 c
6656.11966694533 21018.33268665627 6024.103527093413 21790.761407503338 c
5272.715564826027 21970.56393479411 6024.103527093413 21790.761407503338 d
5272.715564826027 21970.56393479411 4975.597219884667 21018.33268665627 c
4975.597219884667 21018.33268665627 4362.179039633869 21417.09937824992 c
4362.179039633869 21417.09937824992 4046.7321256515525 21489.01543664241 d
4071.1790396338693 21132.72414651189 3138.4316983280005 21080.36578893501 c
4165.035315999194 20872.33268665627 4071.1790396338693 21132.72414651189 d
4165.035315999194 20872.33268665627 5015.640167638419 18987.90894618273 c
5252.640167638419 18538.704809853418 5015.640167638419 18987.90894618273 d
5252.640167638419 18538.704809853418 6964.47729483603 20197.494345044244 c
6964.47729483603 20197.494345044244 7055.504902657575 18902.341983124374 c
7055.504902657575 18902.341983124374 5352.090858796676 18524.473512158096 c
5352.090858796676 18524.473512158096 5252.640167638419 18538.704809853418 c
5015.640167638419 18987.90894618273 3582.3582921798693 18524.473512158096 c
3582.3582921798693 18524.473512158096 2674.5089516820813 19563.058894616268 c
2674.5089516820813 19563.058894616268 4165.035315999194 20872.33268665627 c
3138.4316983280005 21080.36578893501 2205.298531886533 21018.33268665627 c
2205.298531886533 21018.33268665627 1944.8987069764235 21356.11973705088 c
1944.8987069764235 21356.11973705088 1680.4086336463047 21690.06734167264 c
1333.8503136758736 21851.4278351701 1680.4086336463047 21690.06734167264 d
1333.8503136758736 21851.4278351701 834.7619388532471 21018.33268665627 c
834.7619388532471 21018.33268665627 0.0 21523.137053027895 c
0.0 21523.137053027895 1009.1778575765533 23193.815089603875 c
1018.7130186402735 23544.502985281677 1009.1778575765533 23193.815089603875 d
1018.7130186402735 23544.502985281677 0.0 23652.740427981757 c
0.0 23652.740427981757 333.94747157144275 24002.19312951448 c
333.94747157144275 24002.19312951448 660.4390500230627 24339.56050072587 c
660.4390500230627 24339.56050072587 1391.0767070324446 24262.583573935466 c
1391.0767070324446 24262.583573935466 2112.4913837936815 24178.37616354432 c
2112.4913837936815 24178.37616354432 2072.475767585034 23808.522499968214 c
2072.475767585034 23808.522499968214 2038.2841450433289 23436.815089603875 c
2038.2841450433289 23436.815089603875 1018.7130186402735 23544.502985281677 c
1009.1778575765533 23193.815089603875 1536.4086336463047 22755.567204431838 c
1536.4086336463047 22755.567204431838 1333.8503136758736 21851.4278351701 c
1680.4086336463047 21690.06734167264 2852.618931108791 21763.043751863832 c
2852.618931108791 21763.043751863832 4026.604853377179 21831.049206056923 c
4026.604853377179 21831.049206056923 4046.7321256515525 21489.01543664241 c
4046.7321256515525 21489.01543664241 4071.1790396338693 21132.72414651189 c
4362.179039633869 21417.09937824992 5272.715564826027 21970.56393479411 c
6024.103527093413 21790.761407503338 5385.715564826027 22553.145314764442 c
5385.715564826027 22553.145314764442 6022.943207549696 22620.68291289124 c
6022.943207549696 22620.68291289124 6656.203361832599 22681.897507086855 c
6656.203361832599 22681.897507086855 6658.509093875425 21851.826924285597 c
6954.195574950736 21820.50207945641 7074.107933061729 22327.220650228974 c
7074.107933061729 22327.220650228974 8088.992362505559 22078.11734076896 c
8088.992362505559 22078.11734076896 9099.934903438938 21822.947471970387 c
9099.934903438938 21822.947471970387 9051.199488685941 21608.259821371346 c
9051.199488685941 21608.259821371346 8999.820287911101 21396.482967354812 c
9341.934903438938 21175.475528950155 10479.688182201293 21761.16307328099 c
10479.688182201293 21761.16307328099 11634.103171591587 22346.483172859957 c
11634.103171591587 22346.483172859957 11807.989608900858 22007.97292469917 c
11807.989608900858 22007.97292469917 11984.249249249675 21655.731994966987 c
11984.249249249675 21655.731994966987 11359.289486591728 21336.3292639699 c
11359.289486591728 21336.3292639699 10734.71348335102 21018.33268665627 c
10547.856242171003 19667.877845703668 10560.372447610644 18836.382117941856 c
10560.372447610644 18836.382117941856 10070.167136063166 18679.177226457894 c
10070.167136063166 18679.177226457894 9563.959436755846 18524.473512158096 c
9563.959436755846 18524.473512158096 9547.550647780658 18533.451804089444 c
9547.550647780658 18533.451804089444 9519.3692641604 18553.459259025363 c
9519.3692641604 18553.459259025363 9308.3692641604 18524.473512158096 d
9308.3692641604 18524.473512158096 8636.065564687216 18995.80176130695 c
8403.065564687216 19124.095845343123 8636.065564687216 18995.80176130695 d
8403.065564687216 19124.095845343123 8378.751244753543 18825.8741696034 c
8378.751244753543 18825.8741696034 8357.125490521434 18524.473512158096 c
8357.125490521434 18524.473512158096 7814.819383981787 19042.32360850478 c
7814.819383981787 19042.32360850478 7272.504902657575 19570.38146821435 c
7272.504902657575 19570.38146821435 7435.875340160449 19743.123090107205 c
7435.875340160449 19743.123090107205 7602.81272855211 19907.589341145824 c
7602.81272855211 19907.589341145824 8000.335822805695 19514.10609550185 c
8000.335822805695 19514.10609550185 8403.065564687216 19124.095845343123 c
8636.065564687216 18995.80176130695 9000.156924005929 19516.918392314656 c
9000.156924005929 19516.918392314656 9308.3692641604 18524.473512158096 c
9519.3692641604 18553.459259025363 10025.510153805284 19527.843624612946 c
10025.510153805284 19527.843624612946 10538.046970383251 20505.099688229624 c
11033.300566758298 20278.569074279432 11178.00834227537 20206.95738605693 c
11178.00834227537 20206.95738605693 11449.64164392826 19673.21895127436 c
11449.64164392826 19673.21895127436 10883.319645304517 18524.473512158096 c
10883.319645304517 18524.473512158096 10821.372447610644 18526.661621393258 c
10289.28711477553 18034.525256532364 11747.427422103849 17347.20253027937 c
11747.427422103849 17347.20253027937 10976.40193692716 15772.869085737682 c
11186.514117587289 15669.869085737679 11758.948843954975 15187.855080285462 c
11758.948843954975 15187.855080285462 12332.323424190274 14711.473116511599 c
12332.323424190274 14711.473116511599 11927.530094958309 13160.40599523524 c
11927.530094958309 13160.40599523524 10618.087200543374 13500.6811405013 c
10618.087200543374 13500.6811405013 10903.359814650437 14585.127722277235 c
10309.487316197066 15144.60332199385 10341.087200543376 15061.27515668643 c
10341.087200543376 15061.27515668643 8230.131600935254 13160.40599523524 c
8230.131600935254 13160.40599523524 7834.2385740754635 14107.002995507648 c
7718.238574075463 13883.656450113362 6748.362724793242 13160.40599523524 c
6478.63631893068 12570.746136797809 7375.550183959255 12114.284036461971 c
7375.550183959255 12114.284036461971 7019.014832841359 11409.953118802392 c
7019.014832841359 11409.953118802392 7773.009509885134 10721.294909137003 d
7495.550183959255 11738.469026863879 7701.307688452186 11751.591061201854 c
7701.307688452186 11751.591061201854 7773.009509885134 10721.294909137003 c
8043.009509885134 10700.008988532552 7773.009509885134 10721.294909137003 d
8043.009509885134 10700.008988532552 9470.589008943469 11386.858912552208 c
9470.589008943469 11386.858912552208 10047.055511375649 11076.682467937651 c
10153.055511375649 10743.17803362702 10047.055511375649 11076.682467937651 d
10153.055511375649 10743.17803362702 10999.043489516283 11054.264481741555 c
10999.043489516283 11054.264481741555 11838.078015911422 11349.899794205809 c
11838.078015911422 11349.899794205809 11834.073206978648 11143.158186263803 c
11834.073206978648 11143.158186263803 11659.603334026067 10922.431735109769 c
11659.603334026067 10922.431735109769 11477.463911424362 10704.976332866756 c
11477.463911424362 10704.976332866756 10826.863872349892 10700.008988532552 c
10826.863872349892 10700.008988532552 10173.330227823833 10701.157385767132 c
10173.330227823833 10701.157385767132 10162.993799199317 10725.277888369745 c
10162.993799199317 10725.277888369745 10153.055511375649 10743.17803362702 c
10047.055511375649 11076.682467937651 8043.009509885134 10700.008988532552 c
7773.009509885134 10721.294909137003 7572.391528326556 10700.008988532552 c
7572.391528326556 10700.008988532552 7495.550183959255 11738.469026863879 c
7019.014832841359 11409.953118802392 6647.95541554517 10700.008988532552 c
6647.95541554517 10700.008988532552 6121.949801762982 11863.631642414592 c
5308.961252224086 11375.939330923919 4974.904096193442 11039.311473151534 c
4974.904096193442 11039.311473151534 4648.684895799158 10700.008988532552 c
4648.684895799158 10700.008988532552 4429.691435958734 10906.70026163814 c
4429.691435958734 10906.70026163814 4213.972968384514 11115.19338408564 c
4006.3076400711616 11200.37457108699 4021.9729683845153 10700.008988532552 c
3393.171011583482 10211.122015237152 3555.1921541686274 9654.25597400329 c
3933.228646315715 9591.749682657266 6325.146162399856 8557.06722558158 c
6325.146162399856 8557.06722558158 6290.945109558088 8464.89186981739 c
6453.949157532796 8383.775118553016 6290.945109558088 8464.89186981739 d
6453.949157532796 8383.775118553016 7372.507117308115 8339.703291427288 c
7599.507117308116 9028.126042224554 7372.507117308115 8339.703291427288 d
7599.507117308116 9028.126042224554 9249.68966236606 8663.603119176041 c
9249.68966236606 8663.603119176041 9350.68966236606 9392.958689989977 d
9925.72072295342 8188.761483704704 9350.68966236606 9392.958689989977 c
10170.484533250732 7589.912607102091 9925.72072295342 8188.761483704704 d
10170.484533250732 7589.912607102091 10789.82352274931 7438.32264995407 c
10789.82352274931 7438.32264995407 11410.27907384864 7287.965833607101 c
11410.27907384864 7287.965833607101 11052.841577077526 5812.56750110382 c
11052.841577077526 5812.56750110382 10424.005002892503 5964.63730148833 c
10424.005002892503 5964.63730148833 9798.787962773913 6120.337610786197 c
9798.787962773913 6120.337610786197 9529.787962773915 5814.925757427415 d
9529.787962773915 5814.925757427415 9172.602046175793 5812.56750110382 c
9172.602046175793 5812.56750110382 8805.046977361717 5813.779857808427 c
8805.046977361717 5813.779857808427 8523.289618452356 6281.438605130902 c
8523.289618452356 6281.438605130902 8236.203017055628 6746.461425093401 c
8236.203017055628 6746.461425093401 8495.546295222208 6912.8170322043925 c
8495.546295222208 6912.8170322043925 8758.92894427546 7072.823185171469 c
8758.92894427546 7072.823185171469 9144.086581219837 6443.106483702265 c
9144.086581219837 6443.106483702265 9529.787962773915 5814.925757427415 c
9798.787962773913 6120.337610786197 9984.269328918088 6859.4001285965705 c
9984.269328918088 6859.4001285965705 10170.484533250732 7589.912607102091 c
9350.68966236606 9392.958689989977 10263.13390712492 9178.480836302939 c
10263.13390712492 9178.480836302939 10582.084544618405 8498.910889296509 c
10741.084544618405 8821.864724688603 10582.084544618405 8498.910889296509 d
10741.084544618405 8821.864724688603 11480.546081193712 8930.888279501945 c
11480.546081193712 8930.888279501945 12218.333392770517 9031.574314293952 c
12218.333392770517 9031.574314293952 11365.234725466993 8188.761483704704 c
11365.234725466993 8188.761483704704 10741.084544618405 8821.864724688603 c
10582.084544618405 8498.910889296509 9925.72072295342 8188.761483704704 c
9249.68966236606 8663.603119176041 8954.870152629417 8188.761483704704 c
8954.870152629417 8188.761483704704 7599.507117308116 9028.126042224554 c
7372.507117308115 8339.703291427288 7369.6817183904295 8188.761483704704 c
7369.6817183904295 8188.761483704704 6446.146162399856 8230.403630665707 c
6446.146162399856 8230.403630665707 6453.949157532796 8383.775118553016 c
6290.945109558088 8464.89186981739 4035.7299754809146 8188.761483704704 c
3927.5688471514586 8085.761483704705 4247.503109382768 7650.278958144363 c
4247.503109382768 7650.278958144363 4561.695608600541 7208.273964733819 c
4780.43686651078 6973.144649100526 6166.359523667852 6207.647581159709 c
6411.359523667852 6946.67067456469 6706.816317477114 7152.681179109455 c
6706.816317477114 7152.681179109455 6996.31059567846 7351.738146193236 c
6996.31059567846 7351.738146193236 7535.021186777465 6590.318084415573 c
7535.021186777465 6590.318084415573 8073.203017055627 5812.56750110382 c
8048.016215847084 5654.56750110382 9151.522369064369 2872.9201582271985 c
9014.444937574406 2170.4649070156856 9754.74510720688 1478.037138278295 c
9754.74510720688 1478.037138278295 9974.710555341668 730.2026378848386 d
9974.710555341668 730.2026378848386 11280.493352916501 382.1683148540305 c
11280.493352916501 382.1683148540305 11230.488162402597 197.09865152578755 c
11230.488162402597 197.09865152578755 11175.804566271589 0.0 c
11455.493352916501 0.0 11175.804566271589 0.0 d
11455.493352916501 0.0 11541.059766588889 2068.49688640258 c
11661.49447483255 2534.327809224003 11541.059766588889 2068.49688640258 d
11661.49447483255 2534.327809224003 10910.14957939348 2319.4649070156856 c
10910.14957939348 2319.4649070156856 10519.39580392158 3690.6747614853302 c
10519.39580392158 3690.6747614853302 11148.06746249261 4338.815809145255 c
11148.06746249261 4338.815809145255 11661.49447483255 2534.327809224003 c
11541.059766588889 2068.49688640258 12114.11266282006 384.1030050969896 c
12114.11266282006 384.1030050969896 11455.493352916501 0.0 c
11175.804566271589 0.0 10526.063191779873 180.16329485514882 c
10526.063191779873 180.16329485514882 9873.74510720688 354.1470984917683 c
9873.74510720688 354.1470984917683 9926.118904460629 535.871469163374 c
9926.118904460629 535.871469163374 9974.710555341668 730.2026378848386 c
9754.74510720688 1478.037138278295 8370.831193090406 0.0 c
8199.183993120987 0.0 7185.105417875772 81.82382015705116 c
7185.105417875772 81.82382015705116 6182.082565141601 159.0230203470977 c
6182.082565141601 159.0230203470977 6201.448416036084 506.0338652832575 c
6201.448416036084 506.0338652832575 6232.032194486015 844.3529425396276 c
5961.024193003779 922.7115774029033 5886.2659391089755 0.0 c
5886.2659391089755 0.0 5743.3306800136515 14.84426204804765 c
5743.3306800136515 14.84426204804765 5583.325274346673 26.138107399116713 c
5583.325274346673 26.138107399116713 5660.165001681282 947.8616899069355 c
5156.29371506133 1228.7572314634322 5359.325274346673 395.0696062476913 c
5359.325274346673 395.0696062476913 5069.532959151196 0.0 c
5069.532959151196 0.0 4534.756920024094 398.11667034030654 c
4244.756920024094 441.9380572840763 3712.230453390755 0.0 c
3712.230453390755 0.0 3374.269063890456 411.7748570073284 c
3215.269063890456 618.0282354606011 3084.4422515632896 302.4163548860664 c
3084.4422515632896 302.4163548860664 2953.192891224264 0.0 c
2953.192891224264 0.0 2774.823672159757 438.2805237259599 c
2383.2499299307597 0.0 2023.213823404107 48.831410403311565 c
2023.213823404107 48.831410403311565 2079.482839466274 417.702773666958 c
1778.213823404107 1031.4437969903215 1066.5587634610058 0.0 c
1066.5587634610058 0.0 0.0 746.0860180560395 c
350.4289513552103 500.9517133321712 0.0 0.0 d
