Processando arquivo: jotika50_mod_pack.txt

Tempo de Inicio (hh:mm:ss.ms) 2026-04-27 10:04:12.290778
Tempo de Termino (hh:mm:ss.ms) 2026-04-27 10:04:14.174554
Tempo Total (hh:mm:ss.ms) 0:00:01.883776

Função Objetivo: 12647.331707208297

0.0 0.0 436.13841523832707 994.8769232549946 c
436.13841523832707 994.8769232549946 872.8673548975769 1990.7180056152317 c
872.8673548975769 1990.7180056152317 890.6733135327056 2225.1306249920285 d
890.6733135327056 2225.1306249920285 0.0 2268.0831804711534 c
0.0 2268.0831804711534 26.23802789654836 3062.8887213334597 c
26.23802789654836 3062.8887213334597 48.37645850922314 3857.275863311396 c
48.37645850922314 3857.275863311396 932.9831793838832 3831.648511049444 c
932.9831793838832 3831.648511049444 1818.992554883431 3810.3127655836206 c
1818.992554883431 3810.3127655836206 1775.8535463872245 2192.3506176222854 c
1818.9925548834308 2192.3506176222854 1775.8535463872245 2192.3506176222854 d
1818.9925548834308 2192.3506176222854 3599.550923695447 3546.51922316232 c
3599.550923695447 3546.51922316232 4006.0968660272106 3011.931710462779 c
4006.096866027211 3179.7850964405648 4006.0968660272106 3011.931710462779 d
4006.096866027211 3179.7850964405648 4735.70929777103 3749.1253241966283 c
4735.70929777103 3749.1253241966283 4770.109352790086 2192.3506176222854 c
4794.021963319824 2019.224576011452 4770.109352790086 2192.3506176222854 d
4794.021963319824 2019.224576011452 5012.354011160989 1780.295587982592 c
5239.328840813396 1843.9838616348966 5012.354011160989 1780.295587982592 d
5239.328840813396 1843.9838616348966 5605.239811161088 2023.1884235347504 c
5605.239811161088 2023.1884235347504 6208.112115141499 2379.099471357656 d
5446.7041798984255 2556.222335008556 5739.383564504251 3761.787337769122 c
5342.01159754616 2802.147960800241 5446.7041798984255 2556.222335008556 d
5446.7041798984255 3411.9586232407405 5342.01159754616 2802.147960800241 c
5342.01159754616 2802.147960800241 5236.164727608723 2192.3506176222854 c
5236.164727608723 2192.3506176222854 5002.2985000866 2641.6237541258724 c
5002.2985000866 2641.6237541258724 4770.109352790086 3092.0128200427403 c
4770.109352790086 3092.0128200427403 5106.3951055984335 3254.525963428898 c
5106.3951055984335 3254.525963428898 5446.7041798984255 3411.9586232407405 c
5739.383564504251 3761.787337769122 6026.416084672199 4969.091407700851 c
6026.416084672199 4969.091407700851 5664.357364706723 5279.02206346055 d
5664.357364706723 5279.02206346055 5260.034101837692 5298.780297749359 c
5260.034101837692 5298.780297749359 4863.823750408073 5319.404401818901 c
4863.823750408073 5319.404401818901 4726.982962831288 5499.1924009909735 c
4726.982962831288 5499.1924009909735 4591.174763145978 5679.885332769997 c
4591.174763145978 5679.885332769997 4591.174763145978 5680.254862728004 d
4591.174763145978 5680.254862728004 4296.345777199755 5478.724227505638 c
4296.345777199755 5478.724227505638 3990.8048278170604 5279.02206346055 c
3990.8048278170604 5279.02206346055 3862.698816230661 6126.481190182616 c
3728.3667622475978 5972.82859345391 3862.698816230661 6126.481190182616 d
3728.3667622475978 5972.82859345391 3464.8124951197283 5625.000547098929 c
3464.8124951197283 5625.000547098929 3206.2735632247673 5279.02206346055 c
3206.2735632247673 5279.02206346055 3011.642428450518 5957.773039905688 c
2731.4538852882815 5925.3109690348165 3011.642428450518 5957.773039905688 d
2731.4538852882815 5925.3109690348165 2820.7426701633067 5625.651653788599 c
2820.7426701633067 5625.651653788599 2273.1238256292145 5449.528533917023 c
2273.1238256292145 5449.528533917023 1727.6009668892164 5279.02206346055 c
1727.6009668892164 5279.02206346055 1875.9029212074297 5650.746250764065 c
1875.9029212074297 5650.746250764065 2019.0068592358002 6026.533051624003 c
1727.6009668892164 6034.97406317789 2019.0068592358002 6026.533051624003 d
1727.6009668892164 6034.97406317789 1416.965109961326 5507.069357839573 c
1416.965109961326 5507.069357839573 716.7584540399403 5388.440036413547 c
716.7584540399403 5388.440036413547 26.48875956491065 5279.02206346055 c
26.48875956491065 5279.02206346055 7.620556088219246 5298.957489986564 c
7.620556088219246 5298.957489986564 0.0 5319.943959342137 c
0.0 5319.943959342137 848.9020577232775 5787.66944416918 c
848.9020577232775 5787.66944416918 1694.0855189812671 6260.934036991988 c
1694.0855189812671 6260.934036991988 1706.193239918166 6151.876548180409 c
1706.193239918166 6151.876548180409 1727.6009668892164 6034.97406317789 c
2019.0068592358002 6026.533051624003 2321.6479016081325 6124.023728179794 c
2321.6479016081325 6124.023728179794 2631.8158917326896 6218.783474591644 c
2631.8158917326896 6218.783474591644 2731.4538852882815 5925.3109690348165 c
3011.642428450518 5957.773039905688 2820.7426701633067 6648.913029661309 c
2820.7426701633067 6648.913029661309 3269.3996187878784 6311.106783861791 c
3269.3996187878784 6311.106783861791 3728.3667622475978 5972.82859345391 c
3862.698816230661 6126.481190182616 3728.3667622475978 6970.37230909133 c
3728.3667622475978 6970.37230909133 4163.04492338408 6331.997113590778 c
4163.04492338408 6331.997113590778 4591.174763145978 5680.254862728004 c
4591.174763145978 5679.885332769997 4839.990451916514 5869.5072720131775 c
4839.990451916514 5869.5072720131775 5087.913423317778 6045.561652536522 c
5087.913423317778 6045.561652536522 5370.694186405983 5663.954311774848 c
5370.694186405983 5663.954311774848 5664.357364706723 5279.02206346055 c
6026.416084672199 4969.091407700851 6708.834612758243 5115.867533489652 c
6708.834612758243 5115.867533489652 7375.835573979491 5279.02206346055 c
7368.882308678587 5279.02206346055 7375.835573979491 5279.02206346055 d
7368.882308678587 5279.02206346055 6515.179962473082 5512.579184533363 c
6515.179962473082 5512.579184533363 5664.357364706723 5753.535026859214 c
5664.357364706723 5753.535026859214 5866.468270758863 6461.724263221837 c
5866.468270758863 6461.724263221837 6067.9878012354975 7181.108384931759 c
6067.9878012354975 7181.108384931759 7253.150867170999 6849.303989174912 c
6901.129007825589 7181.108384931759 7253.150867170999 6849.303989174912 d
6901.129007825589 7181.108384931759 4507.760335210374 7641.42470357862 c
4477.972152170559 7275.964415899707 4507.760335210374 7641.42470357862 d
4477.972152170559 7275.964415899707 4489.942635154654 7230.785765755136 c
4489.942635154654 7230.785765755136 4507.760335210374 7181.108384931759 c
4507.760335210374 7181.108384931759 2284.5333735536997 7969.4935483220415 c
2284.5333735536997 7969.4935483220415 2840.861589045363 8293.299167794481 c
2840.861589045363 8293.299167794481 3400.386214650848 8622.292406079 c
3400.386214650848 8622.292406079 3935.231623822833 7947.056419527906 c
3935.231623822833 7947.056419527906 4477.972152170559 7275.964415899707 c
4507.760335210374 7641.42470357862 4527.104942519916 7734.427383654068 c
4527.104942519916 7734.427383654068 6521.8788258000095 8439.638735845298 c
6521.8788258000095 8439.638735845298 6901.129007825589 7181.108384931759 c
7253.150867170999 6849.303989174912 7709.005031756379 7422.9530170459875 d
7507.5778608806095 7181.108384931759 7202.226013095778 7998.702797695812 c
7202.226013095778 7998.702797695812 6901.12900782559 8818.706446326278 c
6901.12900782559 8818.706446326278 6918.594702536279 8813.086006082929 c
6918.594702536279 8813.086006082929 6948.39493061284 8814.946796332677 c
6948.39493061284 8814.946796332677 7425.864243462154 8236.793182643976 c
7425.864243462154 8236.793182643976 7906.059217382606 7646.523537618211 c
7906.059217382606 7646.523537618211 7709.005031756379 7422.9530170459875 c
7709.005031756379 7422.9530170459875 7906.059217382606 7232.314303319296 d
7906.059217382606 7232.314303319296 8900.52986380167 9414.470074359395 c
8934.794001012395 9469.062507656074 8900.52986380167 9414.470074359395 d
8934.794001012395 9469.062507656074 8569.718136759033 9444.546506426881 c
8569.718136759033 9444.546506426881 8217.028106717347 9414.470074359395 c
8109.187707390617 9549.933877969139 8217.028106717347 9414.470074359395 d
8109.187707390617 9549.933877969139 7669.434742537931 9490.07784247588 c
7669.434742537931 9490.07784247588 7231.680727732079 9414.470074359395 c
7231.680727732079 9414.470074359395 7103.495930344266 9951.041616403358 c
7103.495930344266 9951.041616403358 6982.464390882138 10490.084298735457 c
6982.464390882138 10490.084298735457 7544.702390947349 10018.21339481271 c
7544.702390947349 10018.21339481271 8109.187707390617 9549.933877969139 c
8217.028106717347 9414.470074359395 8158.4277566500905 10156.705991250257 c
8158.4277566500905 10156.705991250257 8109.187707390619 10894.854012834483 c
8109.187707390619 10894.854012834483 8474.375881063866 10913.867291947605 c
8474.375881063866 10913.867291947605 8829.86284262154 10943.139902633106 c
8888.646882972795 11177.888507453372 8829.86284262154 10943.139902633106 d
8888.646882972795 11177.888507453372 8426.678456097125 13774.641412483541 c
8426.678456097125 13774.641412483541 9392.583129945335 13780.708817974151 c
9392.583129945335 13780.708817974151 8919.277940955635 11183.648877787811 c
8919.277940955635 11183.648877787811 8426.678456097125 11599.497053484374 d
8426.678456097125 11599.497053484374 7980.4707345074385 11386.63316144968 c
7980.4707345074385 11386.63316144968 7552.036392316401 11177.888507453372 c
7552.036392316401 11177.888507453372 7664.591879952359 11495.851718749756 c
7664.591879952359 11495.851718749756 7777.724384285783 11820.614872726499 c
7777.724384285783 11820.614872726499 7552.036392316401 11909.206278575499 d
7552.036392316401 11909.206278575499 7403.702747194225 11538.47368287327 c
7403.702747194225 11538.47368287327 7265.880822386702 11177.888507453372 c
6898.335321772891 10646.072736022674 7265.880822386702 11177.888507453372 d
6898.335321772891 10646.072736022674 6982.464390882138 9593.701499685742 c
6982.464390882138 9593.701499685742 4870.338677501594 9414.470074359395 c
4870.338677501594 9414.470074359395 4835.704643714089 9850.357922060788 c
4835.704643714089 9850.357922060788 4835.704643714089 9986.556732967847 d
4835.704643714089 9986.556732967847 4638.2301980131115 9697.687773079184 c
4638.2301980131115 9697.687773079184 4438.142009189477 9414.470074359395 c
4438.142009189477 9414.470074359395 3588.390892231459 10012.846008375425 c
3588.390892231459 10012.846008375425 2746.5489711006476 10603.93731049713 c
2746.5489711006476 10603.93731049713 2746.5489711006476 10593.371666101402 d
2746.5489711006476 10593.371666101402 2616.113460571177 10192.906189786916 c
2616.113460571177 10192.906189786916 2487.9618217516772 9788.827461036679 c
2487.9618217516772 9788.827461036679 2007.1455851784895 9598.370775869917 c
2007.1455851784895 9598.370775869917 1529.7452754260546 9414.470074359395 c
1374.4620640528226 9183.373122648887 1529.7452754260546 9414.470074359395 d
1374.4620640528226 9183.373122648887 1825.3495125018328 9118.391736384643 c
1825.3495125018328 9118.391736384643 2284.5333735537 9054.695145808771 c
2284.5333735537 9054.695145808771 1418.4236645802837 8116.586091947749 c
1418.4236645802837 8116.586091947749 567.6333937318714 7181.108384931759 c
567.6333937318714 7181.108384931759 279.4013938947465 7438.5778349977645 c
279.4013938947465 7438.5778349977645 0.0 7692.246986770422 c
0.0 7692.246986770422 688.6585041734189 8434.07165582194 c
688.6585041734189 8434.07165582194 1374.4620640528226 9183.373122648887 c
1529.7452754260546 9414.470074359395 1409.4036658572631 9715.913819067711 c
1409.4036658572631 9715.913819067711 1286.1294976838858 10013.836606636349 c
1286.1294976838858 10013.836606636349 2013.801738779621 10302.75140337007 c
2013.801738779621 10302.75140337007 2746.5489711006476 10593.371666101402 c
2746.5489711006476 10603.93731049713 2946.9631073273013 10896.478800189032 c
2946.9631073273013 10896.478800189032 3149.3403075184897 11177.88850745337 c
3097.6896703619223 11177.888507453372 3149.3403075184897 11177.88850745337 d
3097.6896703619223 11177.888507453372 2513.44506237125 11204.59830308969 c
2513.44506237125 11204.59830308969 1934.5480206181178 11228.8969384749 c
1934.5480206181178 11228.8969384749 1333.3553836890933 11177.888507453372 d
1934.5480206181178 11449.826561530277 1639.4162466990101 11307.630698362236 c
1639.4162466990101 11307.630698362236 1333.3553836890933 11177.888507453372 c
1286.1294976838858 11032.430963351047 1333.3553836890933 11177.888507453372 d
1286.1294976838858 11032.430963351047 842.4711003170016 10226.75813085538 c
842.4711003170016 10226.75813085538 406.2278622751778 9414.470074359395 c
406.2278622751778 9414.470074359395 200.65188647181776 9558.774123541218 c
200.65188647181776 9558.774123541218 0.0 9709.299489295925 c
0.0 9709.299489295925 642.474044965823 10368.776034698063 c
642.474044965823 10368.776034698063 1286.1294976838858 11032.430963351047 c
1333.3553836890933 11177.888507453372 1460.0609553056868 11706.345532718693 c
1460.0609553056868 11706.345532718693 1333.3553836890933 11826.780640122022 d
1333.3553836890933 11826.780640122022 1156.2051782512617 11500.579580313106 c
1156.2051782512617 11500.579580313106 969.5094777401241 11177.888507453372 c
969.5094777401241 11177.888507453372 483.49812935528075 11450.493920359091 c
483.49812935528075 11450.493920359091 0.0 11725.905221535964 c
0.0 11725.905221535964 100.29589690520925 12093.88906121419 c
100.29589690520925 12093.88906121419 205.88168940695255 12464.712066471679 c
205.88168940695255 12464.712066471679 770.1072743191934 12149.10215958974 c
770.1072743191934 12149.10215958974 1333.3553836890933 11826.780640122022 c
1460.0609553056868 11706.345532718693 1586.5566896429073 12230.67055615605 c
1586.5566896429073 12230.67055615605 1934.5480206181178 11449.826561530277 c
1934.5480206181178 11228.8969384749 1980.2114062134433 12150.429329250752 c
1980.2114062134433 12150.429329250752 2024.4853842519337 13072.62763469724 c
2024.4853842519337 13072.62763469724 2602.8063642855222 13098.759608373046 c
2602.8063642855222 13098.759608373046 3193.2511627345675 13131.518593401748 c
3193.2511627345675 13131.518593401748 2835.5962311498256 13780.708817974151 d
2835.5962311498256 13780.708817974151 2352.3782462039644 13924.758935145413 c
2835.5962311498256 13780.708817974151 2835.5962311498256 13974.50110406649 d
2835.5962311498256 13974.50110406649 3001.947189315737 14291.548362106503 c
3001.947189315737 14291.548362106503 3158.3431286584005 14615.448605756837 c
3158.3431286584005 14615.448605756837 3479.768800264941 14193.355063637253 c
3479.768800264941 14193.355063637253 3803.976278361187 13780.708817974151 c
3803.976278361187 13780.708817974151 3865.8118559005884 15721.238237496333 c
3865.8118559005884 15721.238237496333 4675.513307200999 15227.717205122464 c
4675.513307200999 15227.717205122464 3803.976278361187 13780.708817974151 c
4675.513307200999 14067.834043679117 3803.976278361187 13780.708817974151 d
4675.513307200999 14067.834043679117 5595.542722397941 14846.516130083008 c
5595.542722397941 14846.516130083008 6516.459857658871 15634.705832525231 c
6516.459857658871 15634.705832525231 6332.227760705922 14703.312150317955 c
6332.227760705922 14703.312150317955 6145.8997662348975 13780.708817974151 c
6145.8997662348975 13780.708817974151 5411.388064013598 13925.786556785513 c
5411.388064013598 13925.786556785513 4675.513307200999 14067.834043679117 c
3803.976278361187 13780.708817974151 3319.1645891252974 13874.2418517132 c
3319.1645891252974 13874.2418517132 2835.5962311498256 13974.50110406649 c
2352.3782462039644 13924.758935145413 1872.62910036616 14073.54876731072 c
1872.62910036616 14073.54876731072 2165.3280578798326 15039.035014910756 c
1872.6291003661602 14696.567727152677 2165.3280578798326 15039.035014910756 d
1872.6291003661602 14696.567727152677 825.9058397388178 13780.708817974151 c
825.9058397388178 13780.708817974151 0.0 14069.03159401872 c
0.0 14069.03159401872 1365.76311216451 15273.322985056067 c
1365.76311216451 15273.322985056067 1872.6291003661602 14696.567727152677 c
2165.3280578798326 15039.035014910756 2454.7909188671174 16001.659834806747 c
2454.7909188671174 16001.659834806747 2648.9263241188796 14890.48540132655 c
2648.9263241188796 14890.48540132655 2835.5962311498256 13780.708817974151 c
3193.2511627345675 13131.518593401748 3138.3227359778193 12156.126742094348 c
3138.3227359778193 12156.126742094348 3097.6896703619223 11177.888507453372 c
3193.2511627345675 11492.408872099262 3149.3403075184897 11177.88850745337 d
3193.2511627345675 11492.408872099262 3896.903476415916 12157.69024510671 c
3896.903476415916 12157.69024510671 5363.317985331723 11932.989332095505 c
5363.317985331723 11932.989332095505 5244.1630934363575 11177.888507453372 c
5244.1630934363575 11177.888507453372 3193.2511627345675 11492.408872099262 c
3149.3403075184897 11177.88850745337 3995.8698572392996 10583.937429250118 c
3995.8698572392996 10583.937429250118 4835.704643714089 9986.556732967847 c
4835.704643714089 9850.357922060788 5659.944914842552 10547.330734493442 c
5659.944914842552 10547.330734493442 6898.335321772891 10646.072736022674 c
7265.880822386702 11177.888507453372 6313.451020438228 11863.340924694772 c
6313.451020438228 11863.340924694772 5363.317985331723 12559.918571732189 c
5363.317985331723 12559.918571732189 6458.376386532862 12231.580154396841 c
6458.376386532862 12231.580154396841 7552.036392316401 11909.206278575499 c
7777.724384285783 11820.614872726499 8094.003291228484 11714.337710522714 c
8094.003291228484 11714.337710522714 8426.678456097125 11599.497053484374 c
9392.583129945335 11358.976362660153 8919.277940955635 11183.648877787811 d
9392.583129945335 11358.976362660153 9526.06431542851 12263.309996395796 c
9526.06431542851 12263.309996395796 9657.466450190517 13174.523388494752 c
9657.466450190517 13174.523388494752 10526.187948020239 12770.513182114699 c
10526.187948020239 12770.513182114699 11390.419161773307 12358.526779007778 c
11390.419161773307 12358.526779007778 11020.46983802492 11767.326650021556 c
11020.46983802492 11767.326650021556 10661.277388414384 11177.888507453372 c
10661.277388414384 11177.888507453372 10021.439236411838 11264.9734216924 c
10021.439236411838 11264.9734216924 9392.583129945335 11358.976362660153 c
8919.277940955635 11183.648877787811 8888.646882972795 11177.888507453372 c
8829.86284262154 10943.139902633106 8880.124601138074 10202.656065952506 c
8934.794001012395 10060.310331540211 8880.124601138074 10202.656065952506 d
8934.794001012395 10060.310331540211 10322.553479414872 9950.166605407334 c
10322.553479414872 9950.166605407334 9209.939286441037 9414.470074359395 c
9209.939286441037 9414.470074359395 8934.794001012395 10060.310331540211 c
8880.124601138074 10202.656065952506 8934.794001012395 9469.062507656074 c
8900.52986380167 9414.470074359395 9531.555949403113 8816.813525407171 c
9531.555949403113 8816.813525407171 9560.483543507076 8800.526863215535 d
9560.483543507076 8800.526863215535 9586.844962817162 8815.93873091833 c
9586.844962817162 8815.93873091833 10160.8059482668 8024.378924256835 c
10160.8059482668 8024.378924256835 10723.809292360174 7232.666150293645 c
10723.809292360174 7414.110087275106 10723.809292360174 7232.666150293645 d
10723.809292360174 7414.110087275106 10967.984305719005 7656.117606311331 c
10967.984305719005 7656.117606311331 10969.180696287094 7181.108384931759 c
10969.180696287094 7181.108384931759 10723.809292360174 7414.110087275106 c
10723.809292360174 7232.666150293645 10636.53470590467 7205.111321290489 c
10636.53470590467 7205.111321290489 10551.177752915839 7181.108384931758 c
10347.389971435865 6833.05478055483 10551.177752915839 7181.108384931758 d
10347.389971435865 6833.05478055483 10690.536013750976 6137.361262541362 c
10690.536013750976 6137.361262541362 9877.893671315847 5279.02206346055 c
9877.893671315847 5279.02206346055 8449.287531347136 5904.470056268526 c
8449.287531347136 5904.470056268526 10347.389971435865 6833.05478055483 c
10551.177752915839 7181.108384931758 10237.142837428608 7295.142225754708 c
10237.142837428608 7295.142225754708 9929.28193638237 7416.476688881936 c
9929.28193638237 7416.476688881936 9723.98775174575 8099.370751538928 c
9723.98775174575 8099.370751538928 9531.555949403113 8776.836323322226 c
9531.555949403113 8776.836323322226 9560.483543507076 8800.526863215535 c
9531.555949403113 8816.813525407171 7962.438419491511 7181.108384931759 c
7962.438419491511 7181.108384931759 7906.059217382606 7232.314303319296 c
7709.005031756379 7422.9530170459875 7507.5778608806095 7181.108384931759 c
7253.150867170999 6849.303989174912 8449.287531347136 6516.119350105778 c
8449.287531347136 6516.119350105778 7902.0967583254815 5896.23330827188 c
7902.0967583254815 5896.23330827188 7368.882308678587 5279.02206346055 c
7375.835573979491 5279.02206346055 7535.43868258186 5233.2745255298505 c
7535.43868258186 5233.2745255298505 7701.655816072246 5196.4995874133965 c
7701.655816072246 5196.4995874133965 7331.60452780376 3698.5542449251093 c
7331.60452780376 3698.5542449251093 7819.411483470922 3817.364167729062 d
7819.411483470922 3817.364167729062 8033.953310475814 3012.0136109892796 c
8253.585505362518 2964.7949249448084 8033.953310475814 3012.0136109892796 d
8253.585505362518 2964.7949249448084 9481.391110652661 3141.2481242614017 c
9481.391110652661 3141.2481242614017 10716.21911640043 3323.2517907791616 c
10716.21911640043 3323.2517907791616 9962.10739499029 2755.9846595378785 c
9962.10739499029 2755.9846595378785 9199.661044195056 2192.3506176222854 c
9199.661044195056 2192.3506176222854 9547.954243177028 1777.7057610597271 d
9547.954243177028 1777.7057610597271 9891.027787792907 1833.6654437830732 c
9891.027787792907 1833.6654437830732 10241.152636493602 1900.2368943077663 c
10241.152636493602 1900.2368943077663 10406.157942255204 946.9247609311625 c
10406.157942255204 946.9247609311625 10582.897979524387 0.0 c
10582.897979524387 0.0 10183.940685287027 210.68640839676596 c
10183.940685287027 210.68640839676596 9789.292670260915 422.64689662100454 c
9789.292670260915 422.64689662100454 9547.954243177028 693.0248622989988 d
9547.954243177028 693.0248622989988 9305.218890278646 0.0 c
9305.218890278646 0.0 8879.22260899104 352.1960075402275 c
8879.22260899104 352.1960075402275 9547.954243177028 693.0248622989988 c
9789.292670260915 422.64689662100454 9670.406038659554 1096.6570426214857 c
9670.406038659554 1096.6570426214857 9547.954243177028 1777.7057610597271 c
9199.661044195056 2192.3506176222854 8726.794437909286 2550.071574665621 c
8726.794437909286 2550.071574665621 8265.222788699833 2910.2426529732716 c
8265.222788699833 2910.2426529732716 8257.693973970203 2931.7869108152795 c
8257.693973970203 2931.7869108152795 8253.585505362518 2964.7949249448084 c
8033.953310475814 3012.0136109892796 8253.585505362518 2192.3506176222854 c
8253.585505362518 2192.3506176222854 7975.580757692243 2218.2239556334503 c
7975.580757692243 2218.2239556334503 7701.655816072246 2232.551829682874 c
7701.655816072246 2232.551829682874 7762.237974130573 3029.914934966303 c
7762.237974130573 3029.914934966303 7819.411483470922 3817.364167729062 c
7331.60452780376 3698.5542449251093 6973.028193604081 2192.3506176222854 c
6973.028193604081 2192.3506176222854 6208.112115141499 2379.099471357656 c
6208.112115141499 2379.099471357656 5446.7041798984255 2556.222335008556 c
5605.239811161088 2023.1884235347504 5975.172110557295 2192.3506176222854 c
5975.172110557295 2192.3506176222854 5686.611133275945 0.0 c
5686.611133275945 0.0 5463.3448892837305 925.1461300255148 c
5463.3448892837305 925.1461300255148 5975.172110557295 480.89519014516463 d
5975.172110557295 480.89519014516463 6704.770432617826 646.0894967331495 c
6704.770432617826 646.0894967331495 7424.352389691711 810.3959956280173 c
7424.352389691711 636.199801339518 7424.352389691711 810.3959956280173 d
7424.352389691711 636.199801339518 8858.049338211074 1039.5595985374553 c
8858.049338211074 1039.5595985374553 8879.22260899104 984.5324796114996 c
8879.22260899104 984.5324796114996 7962.787886372117 0.0 c
7962.787886372117 0.0 7424.352389691711 636.199801339518 c
7424.352389691711 810.3959956280173 7250.461628859943 403.7311303613525 c
7250.461628859943 403.7311303613525 7069.843451304647 0.0 c
7069.843451304647 0.0 6523.740601249365 239.97652296803352 c
6523.740601249365 239.97652296803352 5975.172110557295 480.89519014516463 c
5463.3448892837305 925.1461300255148 5239.328840813396 1843.9838616348966 c
5012.354011160989 1780.295587982592 5239.328840813396 1540.817654447639 c
5239.328840813396 1540.817654447639 5087.480583066976 1133.57323824667 c
5087.480583066976 1133.57323824667 4927.49725880883 722.8638423448431 c
4927.49725880883 722.8638423448431 4640.149834975321 367.1035335476363 c
4640.149834975321 367.1035335476363 4353.208686567159 0.0 c
4353.208686567159 0.0 3995.8761434561698 293.042142591431 c
3995.8761434561698 293.042142591431 3628.917273093196 582.5081832004273 c
3420.020743946875 779.2317701070845 3628.917273093196 582.5081832004273 d
3420.020743946875 779.2317701070845 3628.917273093196 226.38036169434736 c
3628.917273093196 226.38036169434736 3325.750092089769 115.56104045268967 c
3325.750092089769 115.56104045268967 3018.170635520427 0.0 c
3018.170635520427 0.0 2745.399667725959 729.3798804307204 c
2745.399667725959 729.3798804307204 2461.7080514906197 1468.5690120211952 c
2461.7080514906197 1468.5690120211952 2837.994913840203 1398.2692306414426 c
2837.994913840203 1398.2692306414426 3221.603973347189 1320.720649473704 c
3221.603973347189 1320.720649473704 3420.020743946875 779.2317701070845 c
3628.917273093196 582.5081832004273 4208.7974621908215 1299.4681511165204 c
4208.7974621908215 1299.4681511165204 4794.021963319824 2019.224576011452 c
4770.109352790086 2192.3506176222854 4006.096866027211 3179.7850964405648 c
4006.0968660272106 3011.931710462779 3035.2942462193505 2271.663353331226 c
3035.2942462193505 2271.663353331226 1818.9925548834308 2192.3506176222854 c
1612.346867502672 1859.1805438847923 1775.8535463872245 2192.3506176222854 d
1612.346867502672 1859.1805438847923 2264.1237126157307 1996.4297816796325 c
2264.1237126157307 1996.4297816796325 2461.70805149062 1101.7731056122493 c
2461.70805149062 1101.7731056122493 2027.1545765810497 0.0 c
2027.1545765810497 0.0 1612.346867502672 1859.1805438847923 c
1775.8535463872245 2192.3506176222854 890.6733135327056 2225.1306249920285 c
872.8673548975769 1990.7180056152317 1243.381094134598 1411.6163935706645 c
1243.381094134598 1411.6163935706645 1612.3468675026718 815.6801125682463 c
1612.3468675026718 815.6801125682463 0.0 0.0 c
