Processando arquivo: mao_mod_pack.txt

Tempo de Inicio (hh:mm:ss.ms) 2026-04-27 10:05:37.504945
Tempo de Termino (hh:mm:ss.ms) 2026-04-27 10:05:38.362474
Tempo Total (hh:mm:ss.ms) 0:00:00.857529

Função Objetivo: 2022.0914757927542

0.0 0.0 247.11168719066617 67.33636267109028 d
265.4604176344599 0.0 0.0 974.1894138893514 c
0.0 974.1894138893514 86.91308400807429 1016.5659800973255 c
86.91308400807429 1016.5659800973255 359.69149017956533 1047.724410089068 c
359.69149017956533 1047.724410089068 458.3014458889928 1157.5407667628015 d
369.67768347780793 1147.5257554071654 399.0809440256133 1228.9973826248943 c
399.0809440256133 1228.9973826248943 369.67768347780793 1220.8478244707517 d
369.67768347780793 1220.8478244707517 63.75811747654109 1147.5257554071654 c
63.75811747654109 1147.5257554071654 0.0 1409.389926868634 c
0.0 1409.389926868634 299.9442654613756 1485.3202561265107 c
299.9442654613756 1485.3202561265107 369.67768347780793 1220.8478244707517 c
399.0809440256133 1228.9973826248943 433.0426178947101 1310.236086242116 c
433.0426178947101 1310.236086242116 522.684259622438 1324.3965170572874 c
522.684259622438 1324.3965170572874 622.4162919887767 1331.3738166441535 c
622.4162919887767 1331.3738166441535 593.1271515676527 1249.1505168621272 c
593.1271515676527 1249.1505168621272 555.3439570684525 1165.7498084866224 c
555.3439570684525 1165.7498084866224 718.9783749921178 1151.5062336891363 d
645.3160629009542 1147.5257554071654 622.4162919887767 1398.8478976059553 c
628.4690659433609 971.6547057052326 645.3160629009542 1147.5257554071654 d
837.7955897987662 1147.5257554071654 883.5129830320949 1025.5662055506884 c
883.5129830320949 1025.5662055506884 1143.5722188314478 1033.4287645371478 c
1143.5722188314478 1033.4287645371478 1163.5619474478708 1002.4501203990927 c
1163.5619474478708 1002.4501203990927 1192.7149981559276 975.0431163106306 c
1192.7149981559276 975.0431163106306 1221.8604507648183 516.435106413432 c
1221.8604507648183 516.435106413432 1240.233414981919 68.35560450857483 c
1263.1331858940962 0.0 1240.233414981919 68.35560450857483 d
1263.1331858940962 0.0 1240.2334149819187 251.32214219878983 c
1240.2334149819187 251.32214219878983 1326.1914651364918 249.4646603933867 c
1326.1914651364918 249.4646603933867 1336.79549798526 3.9804782819706634 c
1336.79549798526 3.9804782819706634 1263.1331858940962 0.0 c
1240.233414981919 68.35560450857483 1146.3046941149682 38.72649200323049 c
1146.3046941149682 38.72649200323049 1050.5472190718237 0.0 c
1050.5472190718237 0.0 880.0919902978269 537.3861883172752 c
880.0919902978269 537.3861883172752 827.6906950428056 571.7065697337661 c
827.6906950428056 571.7065697337661 790.6491763825729 599.8831755369525 c
790.6491763825729 599.8831755369525 744.7870899152242 625.0703054622732 c
744.7870899152242 625.0703054622732 689.7386143096795 651.9747972200516 c
689.7386143096795 651.9747972200516 689.2818688248885 670.1035653654678 c
689.2818688248885 670.1035653654678 674.6554629922381 681.9268295956874 c
674.6554629922381 681.9268295956874 698.216808704812 710.169159178963 c
698.216808704812 710.169159178963 726.832844056203 736.6658518916406 c
726.832844056203 736.6658518916406 727.423604908796 782.7580998979553 c
727.423604908796 782.7580998979553 734.0161793332048 830.4533465326527 c
734.0161793332048 830.4533465326527 725.0366276646978 848.2855205997172 c
725.0366276646978 848.2855205997172 628.4690659433609 971.6547057052326 c
628.4690659433609 971.6547057052326 734.9103000136286 1065.6376683549815 c
734.9103000136286 1065.6376683549815 837.7955897987662 1147.5257554071654 c
622.4162919887767 1398.8478976059553 708.3743421433497 1396.9904158005522 c
708.3743421433497 1396.9904158005522 718.9783749921178 1151.5062336891363 c
718.9783749921178 1147.5257554071654 718.9783749921178 1151.5062336891363 d
718.9783749921178 1147.5257554071654 1032.5289973101653 1789.801486534103 c
1032.5289973101653 1789.801486534103 1268.8649089525481 1650.8643255051527 c
1268.8649089525481 1650.8643255051527 1435.8039930497885 1798.308062287164 d
1380.0296006391259 1585.7830929623804 1428.7913712255668 1715.5485336431361 c
1428.7913712255668 1715.5485336431361 1435.8039930497885 1798.308062287164 c
1435.8039930497885 1798.308062287164 1489.73899854869 1974.5725955670805 c
1489.73899854869 1974.5725955670805 1560.318366931497 2054.8374102642283 c
1560.318366931497 2054.8374102642283 1677.6363492017747 2068.7492058100897 c
1677.6363492017747 2068.7492058100897 1740.0239343253406 2057.0243720388726 c
1740.0239343253406 2057.0243720388726 1804.1227619381282 2068.7492058100893 d
1804.1227619381282 2068.7492058100893 1587.227418177432 2149.0414611420474 c
1587.227418177432 2149.0414611420474 1420.5595441994788 2275.365752090486 c
1420.5595441994788 2275.365752090486 1420.5595441994788 2252.5972670470774 d
1420.5595441994788 2252.5972670470774 1391.2704037783546 2170.3739672650513 c
1391.2704037783546 2170.3739672650513 1353.4872092791543 2086.9732588895463 c
1353.4872092791543 2086.9732588895463 1256.4446980996947 2078.7642171657253 c
1256.4446980996947 2078.7642171657253 1167.82093568851 2068.7492058100893 c
1167.82093568851 2068.7492058100893 1197.2241962363153 2150.220833027818 c
1167.82093568851 2157.757736570224 1197.2241962363153 2150.220833027818 d
1167.82093568851 2157.757736570224 1006.6365079588138 2068.7492058100893 c
1006.6365079588138 2068.7492058100893 628.4690659433609 2714.302597801846 c
628.4690659433609 2714.302597801846 827.9332888497254 2831.0023196394714 c
827.9332888497254 2831.0023196394714 1020.016446295165 2514.4768923359743 c
1020.016446295165 2514.4768923359743 1077.546031789198 2545.8910440007267 c
1077.546031789198 2545.8910440007267 1167.82093568851 2157.757736570224 c
1197.2241962363153 2150.220833027818 1231.185870105412 2231.45953664504 c
1231.185870105412 2231.45953664504 1320.82751183314 2245.6199674602112 c
1320.82751183314 2245.6199674602112 1420.5595441994788 2252.5972670470774 c
1420.5595441994788 2275.365752090486 1435.962824577191 2319.323114464738 c
1435.962824577191 2319.323114464738 1473.9936684485301 2387.5022003957206 c
1473.9936684485301 2387.5022003957206 1526.9103212694456 2445.900544043817 c
1526.9103212694456 2445.900544043817 1531.7242358860565 2507.0065433653044 c
1531.7242358860565 2507.0065433653044 1580.4860064724974 2636.77198404606 c
1580.4860064724974 2636.77198404606 1587.498628296719 2719.5315126900878 c
1587.498628296719 2719.5315126900878 1641.4336337956206 2895.7960459700043 c
1641.4336337956206 2895.7960459700043 1712.0130021784275 2976.060860667152 c
1744.3828997249677 3116.4736158991573 1712.0130021784275 2976.060860667152 d
1744.3828997249677 3116.4736158991573 1366.2154577095148 3762.027007890914 c
1366.2154577095148 3762.027007890914 1366.2154577095148 3619.8121859971443 d
1366.2154577095148 3619.8121859971443 1111.1981345756185 3197.0748665933666 c
1111.1981345756185 3197.0748665933666 1095.93047040972 3135.7108092289423 c
1095.93047040972 3135.7108092289423 1018.8308193859325 3147.147232573044 c
1018.8308193859325 3147.147232573044 816.3289237490844 3116.4736158991573 c
816.3289237490844 3116.4736158991573 737.7120458124191 3236.5832418050677 d
737.7120458124191 3236.5832418050677 643.0767086819233 3175.3771771874863 c
643.0767086819233 3175.3771771874863 549.4192469120823 3116.4736158991573 c
372.87163303166415 2940.5793099783396 549.4192469120823 3116.4736158991573 d
372.87163303166415 2940.5793099783396 423.2644841863725 2828.9281084975823 c
423.2644841863725 2828.9281084975823 409.34853098790745 2581.2696011197713 c
409.34853098790745 2581.2696011197713 531.9069829400196 2157.590453830769 c
554.8067538521971 2068.7492058100893 531.9069829400196 2157.590453830769 d
554.8067538521971 2068.7492058100893 531.9069829400196 2320.0713480088793 c
531.9069829400196 2320.0713480088793 617.8650330945926 2318.213866203476 c
617.8650330945926 2318.213866203476 628.4690659433606 2072.72968409206 c
628.4690659433606 2072.72968409206 554.8067538521971 2068.7492058100893 c
531.9069829400196 2157.590453830769 265.4604176344599 2068.7492058100893 c
265.4604176344599 2068.7492058100893 0.0 3042.938619699441 c
0.0 3042.938619699441 86.91308400807429 3085.315185907415 c
86.91308400807429 3085.315185907415 359.69149017956533 3116.4736158991573 c
359.69149017956533 3116.4736158991573 351.79636960756915 3005.1220556614053 c
351.79636960756915 3005.1220556614053 372.87163303166415 2940.5793099783396 c
549.4192469120823 3116.4736158991573 384.4768591588603 3474.3175669692664 c
384.4768591588603 3474.3175669692664 383.88593934501694 3500.9220130798453 c
383.88593934501694 3500.9220130798453 395.0777329793455 3524.1460809900727 c
395.0777329793455 3524.1460809900727 301.40253192026285 3634.05947309699 c
301.40253192026285 3634.05947309699 221.34839575210253 3735.9031996432436 c
221.34839575210253 3735.9031996432436 198.56564910024798 3730.6517745997367 c
198.56564910024798 3730.6517745997367 186.56836457557424 3723.6345137212297 c
186.56836457557424 3723.6345137212297 160.94479403201098 3764.356556807457 c
160.94479403201098 3764.356556807457 142.46981041373493 3799.599244855281 c
142.46981041373493 3799.599244855281 160.59092543420638 3829.6160907286985 c
160.59092543420638 3829.6160907286985 168.46206111595615 3867.542609335418 c
168.46206111595615 3867.542609335418 150.99450271202454 3880.880327774981 c
150.99450271202454 3880.880327774981 136.05664984869884 3904.1703996484202 c
136.05664984869884 3904.1703996484202 113.71788026574342 3944.0794420476514 c
113.71788026574342 3944.0794420476514 94.10673442900989 3983.471525452791 c
94.10673442900989 3983.471525452791 62.931140360881095 3996.922172456318 c
62.931140360881095 3996.922172456318 26.697784666600533 4022.530521607204 c
26.697784666600533 4022.530521607204 17.736274083660582 4039.9295072928976 c
17.736274083660582 4039.9295072928976 0.0 4071.1494397861666 c
0.0 4071.1494397861666 89.74002023614315 4169.9382346780685 c
89.74002023614315 4169.9382346780685 177.0923307977818 4262.690244329536 c
177.0923307977818 4262.690244329536 206.3078945149424 4227.100872659523 c
206.3078945149424 4227.100872659523 234.1580919541716 4183.300672996361 c
234.1580919541716 4183.300672996361 322.9679545186938 4202.745551382245 c
322.9679545186938 4202.745551382245 414.31880969280286 4218.798180260761 c
414.31880969280286 4218.798180260761 549.4192469120823 4262.690244329536 d
549.4192469120823 4262.690244329536 384.4768591588603 4620.534195399645 c
384.4768591588603 4620.534195399645 383.88593934501694 4647.138641510223 c
383.88593934501694 4647.138641510223 395.0777329793455 4670.362709420451 c
395.0777329793455 4670.362709420451 301.40253192026285 4780.276101527368 c
301.40253192026285 4780.276101527368 221.34839575210253 4882.119828073623 c
221.34839575210253 4882.119828073623 198.56564910024798 4876.868403030116 c
198.56564910024798 4876.868403030116 186.56836457557424 4869.851142151609 c
186.56836457557424 4869.851142151609 160.94479403201098 4910.573185237835 c
160.94479403201098 4910.573185237835 142.46981041373493 4945.81587328566 c
142.46981041373493 4945.81587328566 160.59092543420638 4975.832719159077 c
160.59092543420638 4975.832719159077 168.46206111595615 5013.759237765797 c
168.46206111595615 5013.759237765797 150.99450271202454 5027.09695620536 c
150.99450271202454 5027.09695620536 136.05664984869884 5050.387028078799 c
136.05664984869884 5050.387028078799 113.71788026574342 5090.29607047803 c
113.71788026574342 5090.29607047803 94.10673442900989 5129.688153883169 c
94.10673442900989 5129.688153883169 62.931140360881095 5143.138800886696 c
62.931140360881095 5143.138800886696 26.697784666600533 5168.747150037582 c
26.697784666600533 5168.747150037582 17.736274083660582 5186.1461357232765 c
17.736274083660582 5186.1461357232765 0.0 5217.366068216545 c
0.0 5217.366068216545 89.74002023614315 5316.154863108447 c
89.74002023614315 5316.154863108447 177.0923307977818 5408.906872759914 c
177.0923307977818 5408.906872759914 206.3078945149424 5373.317501089901 c
206.3078945149424 5373.317501089901 234.1580919541716 5329.517301426739 c
234.1580919541716 5329.517301426739 322.9679545186938 5348.962179812624 c
322.9679545186938 5348.962179812624 414.31880969280286 5365.0148086911395 c
414.31880969280286 5365.0148086911395 614.0183665322847 5005.083763401605 c
614.0183665322847 5005.083763401605 816.3289237490845 4642.819986166859 c
816.3289237490845 4642.819986166859 807.2684037012227 4559.777164161228 c
816.3289237490845 4524.554415791004 807.2684037012227 4559.777164161228 d
816.3289237490845 4524.554415791004 1116.2731892104603 4600.4847450488805 c
1116.2731892104603 4600.4847450488805 1186.0066072268926 4336.012313393122 c
1186.0066072268926 4336.012313393122 880.0870412256256 4262.690244329536 c
880.0870412256256 4262.690244329536 816.3289237490845 4524.554415791004 c
807.2684037012227 4559.777164161228 758.8053591120752 4497.561913647695 c
758.8053591120752 4497.561913647695 708.6882700813399 4434.937367395507 c
708.6882700813399 4434.937367395507 725.2398376696476 4412.757514186011 c
725.2398376696476 4412.757514186011 737.7120458124191 4382.799870235446 c
737.7120458124191 4382.799870235446 643.0767086819233 4321.593805617865 c
643.0767086819233 4321.593805617865 549.4192469120823 4262.690244329536 c
414.31880969280286 4218.798180260761 614.0183665322847 3858.8671349712267 c
614.0183665322847 3858.8671349712267 816.3289237490845 3496.6033577364806 c
816.3289237490845 3496.6033577364806 807.2684037012227 3413.5605357308496 c
807.2684037012227 3413.5605357308496 758.8053591120752 3351.345285217317 c
758.8053591120752 3351.345285217317 708.6882700813399 3288.7207389651285 c
708.6882700813399 3288.7207389651285 725.2398376696476 3266.5408857556317 c
725.2398376696476 3266.5408857556317 737.7120458124191 3236.5832418050677 c
816.3289237490844 3116.4736158991573 1129.879546067132 3758.7493470260947 c
1129.879546067132 3758.7493470260947 1366.2154577095148 3619.8121859971443 c
1366.2154577095148 3762.027007890914 1565.6796806158793 3878.72672972854 c
1565.6796806158793 3878.72672972854 1757.762838061319 3562.201302425042 c
1757.762838061319 3562.201302425042 1815.292423555352 3593.615454089795 c
1815.292423555352 3593.615454089795 1905.5673274546639 3205.482146659292 c
1905.5673274546639 3205.482146659292 1744.3828997249677 3116.4736158991573 c
1712.0130021784275 2976.060860667152 1829.3309844487053 2989.9726562130136 c
1829.3309844487053 2989.9726562130136 1891.718569572271 2978.2478224417964 c
1891.718569572271 2978.2478224417964 1980.6555767437505 2890.174118976677 c
1980.6555767437505 2890.174118976677 2015.6336707421997 2599.99323637216 c
2015.6336707421997 2599.99323637216 2058.459008909431 2526.1872205197074 c
2058.459008909431 2526.1872205197074 1995.6244107638202 2516.2393920471036 c
1995.6244107638202 2516.2393920471036 1912.721173188968 2418.253741831894 c
1912.721173188968 2418.253741831894 1804.1227619381282 2068.7492058100893 c
1740.0239343253406 2057.0243720388726 1828.96094149682 1968.9506685737533 c
1828.96094149682 1968.9506685737533 1863.9390354952693 1678.7697859692362 c
1863.9390354952693 1678.7697859692362 1906.7643736625005 1604.9637701167835 c
1906.7643736625005 1604.9637701167835 1843.9297755168895 1595.0159416441797 c
1843.9297755168895 1595.0159416441797 1761.0265379420373 1497.03029142897 c
1761.0265379420373 1497.03029142897 1652.4281266911976 1147.5257554071654 c
1546.1220218406652 1147.5257554071654 1652.4281266911976 1147.5257554071654 d
1546.1220218406652 1147.5257554071654 1591.8394150739937 1025.5662055506884 c
1591.8394150739937 1025.5662055506884 1851.8986508733467 1033.4287645371478 c
1851.8986508733467 1033.4287645371478 1871.8883794897697 1002.4501203990927 c
1871.8883794897697 1002.4501203990927 1901.0414301978265 975.0431163106306 c
1901.0414301978265 975.0431163106306 1930.1868828067172 516.435106413432 c
1930.1868828067172 516.435106413432 1948.5598470238178 68.35560450857483 c
1948.5598470238178 68.35560450857483 1854.6311261568671 38.72649200323049 c
1854.6311261568671 38.72649200323049 1758.8736511137226 0.0 c
1758.8736511137226 0.0 1588.4184223397258 537.3861883172752 c
1588.4184223397258 537.3861883172752 1536.0171270847045 571.7065697337661 c
1536.0171270847045 571.7065697337661 1498.9756084244718 599.8831755369525 c
1498.9756084244718 599.8831755369525 1453.113521957123 625.0703054622732 c
1453.113521957123 625.0703054622732 1398.0650463515785 651.9747972200516 c
1398.0650463515785 651.9747972200516 1397.6083008667874 670.1035653654678 c
1397.6083008667874 670.1035653654678 1382.9818950341369 681.9268295956874 c
1382.9818950341369 681.9268295956874 1406.543240746711 710.169159178963 c
1406.543240746711 710.169159178963 1435.159276098102 736.6658518916406 c
1435.159276098102 736.6658518916406 1435.750036950695 782.7580998979553 c
1435.750036950695 782.7580998979553 1442.3426113751038 830.4533465326527 c
1442.3426113751038 830.4533465326527 1433.3630597065967 848.2855205997172 c
1433.3630597065967 848.2855205997172 1336.7954979852598 971.6547057052326 c
1336.7954979852598 971.6547057052326 1443.2367320555275 1065.6376683549815 c
1443.2367320555275 1065.6376683549815 1546.1220218406652 1147.5257554071654 c
1652.4281266911976 1147.5257554071654 1435.5327829305013 1227.8180107391236 c
1435.5327829305013 1227.8180107391236 1268.8649089525481 1354.142301687562 c
1268.8649089525481 1354.142301687562 1284.2681893302606 1398.0996640618139 c
1284.2681893302606 1398.0996640618139 1322.2990332015993 1466.2787499927967 c
1322.2990332015993 1466.2787499927967 1375.215686022515 1524.6770936408932 c
1375.215686022515 1524.6770936408932 1380.0296006391259 1585.7830929623804 c
1268.8649089525481 1650.8643255051527 1013.8475858186519 1228.1270061013747 c
1013.8475858186519 1228.1270061013747 998.5799216527536 1166.7629487369504 c
998.5799216527536 1166.7629487369504 921.4802706289659 1178.1993720810524 c
921.4802706289659 1178.1993720810524 718.9783749921178 1147.5257554071654 c
718.9783749921178 1151.5062336891363 645.3160629009542 1147.5257554071654 c
555.3439570684525 1165.7498084866224 458.3014458889928 1157.5407667628015 c
458.3014458889928 1157.5407667628015 369.67768347780793 1147.5257554071654 c
359.69149017956533 1047.724410089068 351.79636960756915 936.3728498513158 c
351.79636960756915 936.3728498513158 372.87163303166415 871.83010416825 c
372.87163303166415 871.83010416825 423.2644841863725 760.178902687493 c
423.2644841863725 760.178902687493 409.34853098790745 512.5203953096819 c
409.34853098790745 512.5203953096819 531.9069829400196 88.8412480206798 c
554.8067538521971 0.0 531.9069829400196 88.8412480206798 d
554.8067538521971 0.0 531.9069829400196 251.32214219878983 c
531.9069829400196 251.32214219878983 617.8650330945926 249.4646603933867 c
617.8650330945926 249.4646603933867 628.4690659433606 3.9804782819706634 c
628.4690659433606 3.9804782819706634 554.8067538521971 0.0 c
531.9069829400196 88.8412480206798 265.4604176344599 0.0 c
247.11168719066617 67.33636267109028 0.0 0.0 d
