Processando arquivo: marques_mod_pack.txt

Tempo de Inicio (hh:mm:ss.ms) 2026-04-27 10:06:41.503709
Tempo de Termino (hh:mm:ss.ms) 2026-04-27 10:06:42.214136
Tempo Total (hh:mm:ss.ms) 0:00:00.710427

Função Objetivo: 107.68213702835772

0.0 0.0 2.9455093668107457 8.348757163791241 d
1.827782035940448 8.743100448429763 0.0 16.125911218974565 c
0.0 16.125911218974565 5.698529160273331 16.14893725364334 c
5.698529160273331 16.14893725364334 4.329181025430167 20.9286338403304 c
4.329181025430167 20.9286338403304 2.1866660441908934 24.00679960703102 c
2.1866660441908934 24.00679960703102 11.921229475252117 18.903126087306276 c
11.921229475252117 18.903126087306276 15.926754930811263 21.457469624687803 c
15.926754930811263 21.457469624687803 26.098353983314503 21.92128031324966 c
29.832496337799064 22.872499279174065 26.098353983314503 21.92128031324966 d
29.832496337799064 22.872499279174065 39.54101317843678 27.407698945531155 c
39.54101317843678 27.407698945531155 37.51780300560265 32.61345823958127 c
37.51780300560265 32.61345823958127 53.36525624851902 35.98078188150246 c
53.36525624851902 35.98078188150246 56.77674216296339 50.1518776853681 c
56.77674216296339 50.1518776853681 63.410072698608694 50.1518776853681 d
51.458801399870765 56.37371315517962 44.31252330982811 58.89497813379786 c
42.484741273887664 55.35346451726879 44.31252330982811 58.89497813379786 d
42.484741273887664 55.35346451726879 36.436813138427155 50.1518776853681 c
36.436813138427155 50.1518776853681 0.0 54.55399769133807 c
0.0 54.55399769133807 4.576670932293446 63.72094112265221 c
4.576670932293446 63.72094112265221 42.484741273887664 55.35346451726879 c
44.31252330982811 58.89497813379786 42.484741273887664 66.27778890434266 c
42.484741273887664 66.27778890434266 48.183270434160995 66.30081493901145 c
48.183270434160995 66.30081493901145 46.81392229931783 71.0805115256985 c
46.81392229931783 71.0805115256985 44.67140731807856 74.15867729239912 c
44.67140731807856 74.15867729239912 45.4160594323764 74.15867729239912 d
45.4160594323764 74.15867729239912 40.661329619731845 77.89694713588969 c
40.661329619731845 77.89694713588969 35.707178796231176 89.54774777169958 c
35.707178796231176 89.54774777169958 28.010963350784742 88.83465627498525 d
30.86682898559675 93.24022421538318 35.707178796231176 82.19693254385373 c
35.707178796231176 82.19693254385373 31.720415439039165 78.45920106332142 c
31.720415439039165 78.45920106332142 29.051129737259366 74.15867729239912 c
29.051129737259366 74.15867729239912 24.29639992461481 77.89694713588969 c
24.29639992461481 77.89694713588969 19.34224910111414 89.54774777169958 c
19.34224910111414 89.54774777169958 15.755637325995304 89.95624118396894 d
15.755637325995304 89.95624118396894 18.2652284788959 84.61202256473392 c
18.2652284788959 84.61202256473392 19.34224910111414 74.90505610528731 c
19.34224910111414 74.90505610528731 9.67112455055707 74.15867729239912 c
9.67112455055707 74.15867729239912 9.67112455055707 74.90505610528731 d
9.67112455055707 74.90505610528731 0.0 74.15867729239912 c
0.0 74.15867729239912 1.6879649735328242 84.77023060534091 c
1.6879649735328242 84.77023060534091 6.084512775438233 89.95624118396894 c
6.084512775438233 89.95624118396894 8.594103928338829 84.61202256473392 c
8.594103928338829 84.61202256473392 9.67112455055707 74.90505610528731 c
9.67112455055707 74.15867729239912 11.359089524089896 84.77023060534091 c
11.359089524089896 84.77023060534091 15.755637325995304 89.95624118396894 c
19.34224910111414 89.54774777169958 28.010963350784742 88.83465627498525 c
28.010963350784742 88.83465627498525 27.088700602551093 93.75555973049771 c
27.088700602551093 93.75555973049771 30.86682898559675 93.24022421538318 c
35.707178796231176 89.54774777169958 44.375893045901776 88.83465627498525 c
44.375893045901776 88.83465627498525 43.45363029766813 93.75555973049771 c
43.45363029766813 93.75555973049771 47.23175868071378 93.24022421538318 c
47.23175868071378 93.24022421538318 52.07210849134821 82.19693254385373 c
52.07210849134821 82.19693254385373 48.0853451341562 78.45920106332142 c
48.0853451341562 78.45920106332142 45.4160594323764 74.15867729239912 c
44.67140731807856 74.15867729239912 54.40597074913978 69.05500377267438 c
54.40597074913978 69.05500377267438 58.41149620469893 71.60934731005591 c
58.41149620469893 71.60934731005591 68.58309525720216 72.07315799861776 c
68.58309525720216 72.07315799861776 74.60958526770615 74.15867729239912 d
70.44117423787746 77.03774581475975 69.33746425052841 81.2003354167988 c
68.43703818646523 82.19693254385373 69.33746425052841 81.2003354167988 d
68.43703818646523 82.19693254385373 64.45027482927323 78.45920106332142 c
64.45027482927323 78.45920106332142 61.78098912749342 74.15867729239912 c
61.78098912749342 74.15867729239912 57.026259314848865 77.89694713588969 c
57.026259314848865 77.89694713588969 52.072108491348196 89.54774777169958 c
52.072108491348196 89.54774777169958 60.740822741018796 88.83465627498525 c
60.740822741018796 88.83465627498525 59.81855999278515 93.75555973049771 c
59.81855999278515 93.75555973049771 63.5966883758308 93.24022421538318 c
63.5966883758308 93.24022421538318 68.43703818646523 82.19693254385373 c
69.33746425052841 81.2003354167988 72.91134082882309 84.50429515387279 c
72.91134082882309 84.50429515387279 74.31745976072597 79.9973634081715 c
74.31745976072597 79.9973634081715 73.257392355682 77.48370151576984 c
73.257392355682 77.48370151576984 81.83388868544252 78.77219767446422 c
81.83388868544252 77.93704177283703 81.83388868544252 78.77219767446422 d
81.83388868544252 77.93704177283703 83.83802473685475 77.03774581475975 c
83.83802473685475 77.03774581475975 82.7343147495057 81.2003354167988 c
82.7343147495057 81.2003354167988 86.30819132780036 84.50429515387279 c
86.30819132780036 84.50429515387279 87.71431025970325 79.9973634081715 c
87.71431025970325 79.9973634081715 86.65424285465929 77.48370151576984 c
86.65424285465929 77.48370151576984 95.2307391844198 78.77219767446422 c
95.2307391844198 78.77219767446422 88.00643576668344 74.15867729239912 c
88.00643576668344 74.15867729239912 81.83388868544252 77.93704177283703 c
81.83388868544252 78.77219767446422 74.60958526770615 74.15867729239912 c
74.50390365587762 74.15867729239912 74.60958526770615 74.15867729239912 d
74.50390365587762 74.15867729239912 84.23846708693885 69.05500377267438 c
84.23846708693885 69.05500377267438 88.243992542498 71.60934731005591 c
88.243992542498 71.60934731005591 98.41559159500125 72.07315799861776 c
99.16688965273964 74.15867729239912 98.41559159500125 72.07315799861776 d
99.16688965273964 74.15867729239912 95.2307391844198 109.01786074885867 c
96.98270506872313 113.3980443602066 95.2307391844198 109.01786074885867 d
96.98270506872313 113.3980443602066 60.54589193029597 117.80016436617656 c
60.54589193029597 117.80016436617656 65.12256286258942 126.96710779749071 c
65.12256286258942 126.96710779749071 60.54589193029598 130.80353502618775 d
60.54589193029598 130.80353502618775 52.43357665664841 128.1172649230588 c
52.43357665664841 128.1172649230588 40.89861075100815 115.87786116391163 c
40.89861075100815 115.87786116391163 40.12655317144039 125.41215586191538 c
40.12655317144039 125.41215586191538 31.153570635474974 113.3980443602066 c
31.153570635474974 113.3980443602066 21.275162401827757 122.35169088286574 c
13.39685049897729 118.01156474227172 21.275162401827757 122.35169088286574 d
13.39685049897729 118.01156474227172 6.172547081240923 113.39804436020661 c
6.172547081240923 113.39804436020661 0.0 117.17640884064453 c
0.0 117.17640884064453 2.004136051412237 116.27711288256722 c
2.004136051412237 116.27711288256722 0.9004260640631836 120.4397024846063 c
0.9004260640631836 120.4397024846063 4.474302642357854 123.74366222168028 c
4.474302642357854 123.74366222168028 5.880421574260744 119.23673047597899 c
5.880421574260744 119.23673047597899 4.820354169216779 116.72306858357732 c
4.820354169216779 116.72306858357732 13.39685049897729 118.01156474227172 c
21.275162401827757 122.35169088286574 23.60224204408236 128.55593184542994 c
23.60224204408236 128.55593184542994 19.3905214778909 126.85423217395828 c
19.3905214778909 126.85423217395828 20.504593896676305 131.5477563234286 c
20.504593896676305 131.5477563234286 13.396850498977294 136.27054363938066 c
13.396850498977294 136.27054363938066 23.105367339615007 140.80574330573776 c
23.105367339615007 140.80574330573776 21.08215716678088 146.01150259978786 c
21.08215716678088 146.01150259978786 36.92961040969725 149.37882624170905 c
36.92961040969725 149.37882624170905 40.34109632414162 163.5499220455747 c
41.97480255785255 164.31315839585966 40.34109632414162 163.5499220455747 d
41.97480255785255 164.31315839585966 39.50362088835613 171.59851577582714 c
39.50362088835613 171.59851577582714 54.47304693312661 189.13263065366723 c
52.46062369767151 194.07725817016606 54.47304693312661 189.13263065366723 d
52.46062369767151 194.07725817016606 47.70589388502695 197.8155280136566 c
47.70589388502695 197.8155280136566 42.751743061526284 209.4663286494665 c
42.751743061526284 214.6505695767343 42.751743061526284 209.4663286494665 d
42.751743061526284 214.6505695767343 32.47078233897648 200.83763882022095 c
32.47078233897648 200.83763882022095 31.51356325742382 203.18884535840317 c
31.51356325742382 203.18884535840317 18.06053621376766 200.51453270718238 c
18.06053621376766 200.51453270718238 13.027836654660195 194.07725817016603 c
13.027836654660195 194.07725817016603 10.720948958384596 197.28719114380573 c
10.720948958384596 197.28719114380573 2.471181669496417 194.840494520451 c
2.471181669496417 194.840494520451 0.0 202.12585190041847 c
0.0 202.12585190041847 14.96942604477048 219.65996677825856 c
14.96942604477048 219.65996677825856 34.72484858368827 224.60459429475742 c
34.72484858368827 224.60459429475742 36.60154022046721 213.60693956497886 c
36.60154022046721 213.60693956497886 42.751743061526284 214.6505695767343 c
42.751743061526284 209.4663286494665 51.420457311196884 208.75323715275218 c
51.420457311196884 208.75323715275218 50.498194562963235 213.67414060826465 c
50.498194562963235 213.67414060826465 54.27632294600889 213.1588050931501 c
54.27632294600889 213.1588050931501 59.11667275664332 202.11551342162065 c
59.11667275664332 202.11551342162065 55.12990939945131 198.37778194108836 c
55.12990939945131 198.37778194108836 52.46062369767151 194.07725817016606 c
54.47304693312661 189.13263065366723 74.2284694720444 194.0772581701661 c
73.09586402930194 201.96714509917078 74.2284694720444 194.0772581701661 d
67.65319325652548 201.14416081837942 73.09586402930194 201.96714509917078 c
73.09586402930194 201.96714509917078 63.05282322496315 194.07725817016606 c
63.05282322496315 194.07725817016606 59.11667275664331 228.93644162662562 c
59.11667275664331 228.93644162662562 77.53629004935928 233.31662523797354 c
77.53629004935928 233.31662523797354 72.02682763002277 219.80250374775457 c
72.02682763002277 219.80250374775457 68.65282432448295 209.02230666092967 c
68.65282432448295 209.02230666092967 67.65319325652548 201.14416081837942 c
74.2284694720444 194.0772581701661 76.10516110882334 183.07960344038753 c
76.10516110882334 183.07960344038753 82.25536394988241 184.12323345214298 c
82.25536394988241 184.12323345214298 71.97440322733262 170.31030269562962 c
71.97440322733262 170.31030269562962 71.01718414577995 172.66150923381184 c
71.01718414577995 172.66150923381184 57.56415710212379 169.98719658259105 c
57.56415710212379 169.98719658259105 52.53145754301633 163.5499220455747 c
52.53145754301633 163.5499220455747 50.22456984674073 166.7598550192144 c
50.22456984674073 166.7598550192144 41.97480255785255 164.31315839585966 c
39.50362088835614 164.29630085846293 40.34109632414162 163.5499220455747 d
39.50362088835614 164.29630085846293 29.832496337799068 163.5499220455747 c
29.832496337799068 163.5499220455747 31.520461311331893 174.16147535851653 c
29.235891374890357 178.29988009104093 31.520461311331893 174.16147535851653 d
29.235891374890357 178.29988009104093 29.832496337799068 168.78078907621693 c
29.832496337799068 168.78078907621693 20.92533142472103 163.5499220455747 c
20.92533142472103 163.5499220455747 8.974060125983097 169.7717575153862 c
8.974060125983097 169.7717575153862 1.827782035940448 172.29302249400445 c
1.827782035940448 172.29302249400445 0.0 179.67583326454925 c
0.0 179.67583326454925 5.698529160273331 179.69885929921804 c
5.698529160273331 179.69885929921804 4.329181025430167 184.47855588590508 c
4.329181025430167 184.47855588590508 2.1866660441908934 187.55672165260572 c
2.1866660441908934 187.55672165260572 11.921229475252117 182.45304813288095 c
11.921229475252117 182.45304813288095 15.926754930811263 185.0073916702625 c
15.926754930811263 185.0073916702625 26.098353983314503 185.47120235882434 c
26.098353983314503 185.47120235882434 29.235891374890357 178.29988009104093 c
31.520461311331893 174.16147535851653 35.9170091132373 179.34748593714454 c
35.9170091132373 179.34748593714454 38.426600266137896 174.00326731790952 c
38.426600266137896 174.00326731790952 39.50362088835614 164.29630085846293 c
40.34109632414162 163.5499220455747 60.54589193029598 130.80353502618775 c
65.12256286258942 126.96710779749071 103.03063320418363 118.59963119210728 c
103.03063320418363 118.59963119210728 96.98270506872313 113.3980443602066 c
95.2307391844198 109.01786074885867 113.65035647713579 113.3980443602066 c
113.65035647713579 113.3980443602066 108.14089405779927 99.88392286998763 c
108.14089405779927 99.88392286998763 104.76689075225946 89.10372578316274 c
104.76689075225946 89.10372578316274 103.76725968430199 81.22557994061248 c
103.76725968430199 81.22557994061248 109.20993045707843 82.04856422140384 c
109.20993045707843 82.04856422140384 99.16688965273964 74.15867729239912 c
98.41559159500125 72.07315799861776 101.5531289865771 64.90183573083434 c
101.5531289865771 64.90183573083434 102.1497339494858 55.38274471601034 c
102.1497339494858 53.93024216580602 102.1497339494858 55.38274471601034 d
102.1497339494858 53.93024216580602 104.15387000089804 53.030946207728725 c
104.15387000089804 53.030946207728725 103.05016001354899 57.19353580976779 c
103.05016001354899 57.19353580976779 106.62403659184366 60.497495546841776 c
106.62403659184366 60.497495546841776 108.03015552374654 55.99056380114048 c
108.03015552374654 55.99056380114048 106.97008811870258 53.47690190873882 c
106.97008811870258 53.47690190873882 115.5465844484631 54.76539806743322 c
115.5465844484631 54.76539806743322 108.32228103072673 50.151877685368106 c
108.32228103072673 50.151877685368106 102.1497339494858 53.93024216580602 c
102.1497339494858 55.38274471601034 93.24256903640776 50.1518776853681 c
93.24256903640776 50.1518776853681 81.29129773766984 56.37371315517962 c
81.29129773766984 56.37371315517962 74.14501964762718 58.89497813379786 c
74.14501964762718 58.89497813379786 72.31723761168674 66.27778890434266 c
72.31723761168674 66.27778890434266 78.01576677196007 66.30081493901145 c
78.01576677196007 66.30081493901145 76.64641863711691 71.0805115256985 c
76.64641863711691 71.0805115256985 74.50390365587762 74.15867729239912 c
74.60958526770615 74.15867729239912 68.43703818646523 77.93704177283703 c
68.43703818646523 77.93704177283703 70.44117423787746 77.03774581475975 c
68.58309525720216 72.07315799861776 71.72063264877802 64.90183573083434 c
71.72063264877802 64.90183573083434 72.31723761168674 55.38274471601034 c
72.31723761168674 55.38274471601034 63.410072698608694 50.1518776853681 c
63.410072698608694 50.1518776853681 51.458801399870765 56.37371315517962 c
56.77674216296339 50.1518776853681 76.98153776911775 17.40549066598114 c
83.06605054455599 15.797563891569826 76.98153776911775 17.40549066598114 d
83.06605054455599 15.797563891569826 85.57564169745658 10.453345272334797 c
85.57564169745658 10.453345272334797 86.65266231967482 0.746378812888203 c
86.65266231967482 0.746378812888203 76.98153776911775 0.0 c
76.98153776911775 0.0 78.66950274265058 10.611553312941796 c
78.66950274265058 10.611553312941796 83.06605054455599 15.797563891569826 c
76.98153776911775 17.40549066598114 68.86922249547018 14.719220562852207 c
68.86922249547018 14.719220562852207 57.33425658982992 2.4798168037050417 c
57.33425658982992 2.4798168037050417 56.56219901026216 12.01411150170879 c
56.56219901026216 12.01411150170879 47.58921647429675 0.0 c
47.58921647429675 0.0 37.71080824064953 8.953646522659136 c
37.71080824064953 8.953646522659136 40.03788788290413 15.157887485223345 c
40.03788788290413 15.157887485223345 35.82616731671267 13.456187813751686 c
35.82616731671267 13.456187813751686 36.940239735498075 18.14971196322199 c
36.940239735498075 18.14971196322199 29.832496337799064 22.872499279174065 c
26.098353983314503 21.92128031324966 29.235891374890357 14.749958045466242 c
29.235891374890357 14.749958045466242 29.832496337799068 5.230867030642244 c
29.832496337799068 5.230867030642244 20.92533142472103 0.0 c
20.92533142472103 0.0 8.974060125983097 6.22183546981152 c
8.974060125983097 6.22183546981152 1.827782035940448 8.743100448429763 c
2.9455093668107457 8.348757163791241 0.0 0.0 d
