Processando arquivo: poly4b_mod_pack.txt

Tempo de Inicio (hh:mm:ss.ms) 2026-04-27 10:06:54.297299
Tempo de Termino (hh:mm:ss.ms) 2026-04-27 10:06:56.609818
Tempo Total (hh:mm:ss.ms) 0:00:02.312519

Função Objetivo: 101.00765609865692

0.0 0.0 0.06174494002131115 0.0019035082482003016 d
0.0618036224598999 0.0 0.0 2.004751471654628 c
0.0 2.004751471654628 2.1607085267862463 0.4474011489508669 c
4.201338229928243 2.0272584344597018 2.1607085267862463 0.4474011489508669 d
4.201338229928243 2.0272584344597018 2.1607085267862463 4.32577959527981 c
2.1607085267862463 4.32577959527981 11.23723589948507 7.825086302695807 c
11.23723589948507 7.825086302695807 11.237235899485071 11.78918337948944 d
14.868614318571051 4.275510348506902 11.237235899485071 11.78918337948944 c
7.636240996757178 16.627679215314842 11.237235899485071 11.78918337948944 d
7.636240996757178 16.627679215314842 0.0 16.164760670075605 c
0.0 16.164760670075605 1.4802459824418825 19.12120035086635 c
1.4802459824418825 19.12120035086635 1.7354354750769745 21.668126210630895 c
1.7354354750769745 21.668126210630895 10.278446894655252 18.55966194414047 c
10.278446894655252 18.55966194414047 7.636240996757178 16.627679215314842 c
11.237235899485071 11.78918337948944 17.256222783996428 6.113085655870172 c
17.256222783996428 6.113085655870172 15.899440758527676 11.868419477549667 c
15.899440758527676 11.868419477549667 16.00893897157823 16.164760670075605 d
16.00893897157823 16.164760670075605 10.27844689465525 24.16247035184791 c
10.27844689465525 24.16247035184791 7.9324679290749645 25.70288680126459 d
7.9324679290749645 25.70288680126459 0.0 27.20908984289234 c
0.0 27.20908984289234 7.587412381541841 39.09023352398401 c
7.587412381541841 39.09023352398401 5.657221868848102 39.09023352398401 d
5.657221868848102 39.09023352398401 1.5374275626163296 47.08974955293572 c
1.5374275626163296 47.08974955293572 0.0 45.70322908515911 c
0.0 45.70322908515911 0.059440340753124765 52.05730815533106 c
0.059440340753124765 52.05730815533106 4.141162798413458 52.11755197846022 c
4.153057976313582 52.11755197846022 4.141162798413458 52.11755197846022 d
4.153057976313582 52.11755197846022 5.256236434932721 61.07765163669953 c
5.256236434932721 61.07765163669953 0.0 63.28835277164462 c
0.0 63.28835277164462 9.497312746849103 63.37328726762756 c
9.497312746849103 63.37328726762756 10.35260112339548 61.39424432760629 c
10.35260112339548 61.39424432760629 7.9492847387759 58.90651022507812 c
7.9492847387759 58.90651022507812 6.283055155659927 58.370993005927176 c
6.283055155659927 58.370993005927176 10.277336373473663 59.11911495058621 c
10.277336373473663 59.11911495058621 4.153057976313582 52.11755197846022 c
4.141162798413458 52.11755197846022 7.252950558589566 45.71156728289327 c
7.252950558589566 45.71156728289327 10.364338827334645 45.13058651607028 c
10.364338827334645 45.13058651607028 7.664383437835465 44.2051208332522 c
7.664383437835465 44.2051208332522 5.657221868848102 39.09023352398401 c
7.587412381541841 39.09023352398401 6.162465566179628 36.40821515234454 c
6.162465566179628 36.40821515234454 17.81734691244716 36.33299488673445 c
17.81734691244716 36.33299488673445 17.831721482873576 39.09023352398401 d
17.831721482873576 39.09023352398401 10.364338827334645 49.62552797537083 c
10.364338827334645 49.62552797537083 10.35260112339548 52.11755197846022 d
10.35260112339548 52.11755197846022 13.805685570358634 59.23371960631641 c
13.805685570358634 59.23371960631641 16.380018821447763 57.86095168714397 c
16.380018821447763 57.86095168714397 16.63214951173392 56.49799153815444 d
16.63214951173392 56.49799153815444 25.010161795762347 60.68541483449519 c
25.010161795762347 60.68541483449519 24.13903022825368 53.676118450761834 c
24.13903022825368 53.676118450761834 23.881858088128656 52.11755197846022 c
25.010161795762343 52.11755197846022 23.881858088128656 52.11755197846022 d
25.010161795762343 52.11755197846022 27.261648934798682 61.95052284721409 c
27.261648934798682 61.95052284721409 27.147014226910148 54.64732272372517 c
27.26164893479868 55.874304977750356 27.147014226910148 54.64732272372517 d
27.26164893479868 55.874304977750356 36.52062572262748 54.46513878238047 c
37.25810671682291 57.048743589493576 36.52062572262748 54.46513878238047 d
37.25810671682291 57.048743589493576 41.33590490038459 53.36613821480337 c
41.33590490038459 53.36613821480337 40.5320844367714 52.11755197846022 c
40.5320844367714 52.11755197846022 37.25810671682291 57.048743589493576 c
36.52062572262748 54.46513878238047 37.25810671682291 53.17611194415707 c
37.25810671682291 53.17611194415707 36.38036619301041 52.51271182410541 c
36.38036619301041 52.51271182410541 31.564854445738234 52.11755197846022 c
31.564854445738234 52.11755197846022 29.367042705830826 49.83524959563597 d
29.367042705830826 49.83524959563597 32.80365807056199 44.4753658859065 c
35.20501245721052 43.991884227515214 32.80365807056199 44.4753658859065 d
35.20501245721052 43.991884227515214 36.88047345554034 43.36225163903295 c
36.88047345554034 43.36225163903295 39.05348340507841 45.16515538504468 c
39.05348340507841 45.16515538504468 37.51055225648643 43.12547015215682 c
37.51055225648643 43.12547015215682 43.56308313465103 40.85094947546753 c
43.56308313465103 40.85094947546753 43.56308313465102 43.59860790045518 d
43.56308313465102 43.59860790045518 45.48174146044889 45.16465940402937 c
45.48174146044889 45.16465940402937 47.611585486886135 45.62685690235348 c
47.611585486886135 45.62685690235348 47.276510698934786 48.079879272783586 c
47.276510698934786 48.079879272783586 48.322474946223124 52.11755197846022 d
48.322474946223124 52.11755197846022 42.71114133192705 58.284367293543184 c
42.71114133192705 58.284367293543184 41.96565948389827 57.28233893312609 c
41.96565948389827 57.28233893312609 41.33590490038459 57.768822147105396 c
41.33590490038459 57.768822147105396 48.474505437961525 61.645948022826886 c
48.474505437961525 61.645948022826886 52.95992450291965 68.15506567213941 c
51.94193969959793 69.87522737697448 52.95992450291965 68.15506567213941 d
51.94193969959793 69.87522737697448 40.53761126254094 78.64797956706687 c
51.94193969959793 69.87522737697448 54.978542359671565 69.87522737697448 d
51.94193969959794 72.62435843369408 56.27240902526917 70.74355247599017 c
56.27240902526917 69.87522737697448 56.27240902526917 70.74355247599017 d
56.27240902526917 69.87522737697448 57.30134181126188 73.96928004661612 c
57.30134181126188 73.96928004661612 59.051128780502886 75.09464818626167 c
59.051128780502886 75.09464818626167 56.27240902526917 69.87522737697448 c
56.27240902526917 70.74355247599017 54.978542359671565 69.87522737697448 c
54.978542359671565 69.87522737697448 51.94193969959794 72.62435843369408 c
40.53761126254094 78.64797956706687 43.43451417768494 84.8090724481514 c
43.43451417768494 84.8090724481514 39.83294186211858 88.27910151699189 d
39.83294186211858 88.27910151699189 31.7523650959344 97.12689972560828 c
31.41554220840881 93.93095569939518 31.7523650959344 97.12689972560828 d
31.41554220840881 93.93095569939518 31.7523650959344 88.27910151699189 c
31.7523650959344 88.27910151699189 23.92671264450278 90.57604357695692 c
23.92671264450278 90.57604357695692 21.924343625382356 92.85602515544011 c
21.924343625382356 92.85602515544011 22.17661745239537 97.23030741435038 c
22.17661745239537 97.23030741435038 20.716088614698798 97.22263375047328 d
20.716088614698798 97.22263375047328 14.426587129668313 95.18840048309838 c
14.426587129668313 95.18840048309838 21.924343625382356 88.27910151699189 c
21.924343625382356 88.27910151699189 21.866898039277835 88.27910151699189 d
21.866898039277835 88.27910151699189 25.894978077950494 73.98166972535434 c
25.894978077950498 74.70991449563779 25.894978077950494 73.98166972535434 d
25.894978077950498 74.70991449563779 30.177766315027156 69.87522737697448 c
31.73995330838568 69.87522737697448 30.177766315027156 69.87522737697448 d
31.73995330838568 69.87522737697448 30.177766315027153 77.3001680397139 c
30.177766315027153 77.3001680397139 36.490559590581896 83.7638018593877 c
36.490559590581896 83.7638018593877 40.53761126254094 81.05223502759331 c
40.53761126254094 81.05223502759331 40.2591959233868 73.1575977958238 c
40.2591959233868 73.1575977958238 37.02343847049954 72.60991020599208 c
37.02343847049954 72.60991020599208 35.216316887541616 74.630545768853 c
35.216316887541616 74.630545768853 37.88017426079333 75.30923809392858 c
37.88017426079333 75.30923809392858 34.96072750650199 74.91633339802455 c
34.96072750650199 74.91633339802455 33.88260590758189 76.12183659405225 c
33.88260590758189 76.12183659405225 34.86686865939724 74.90370169589626 c
34.86686865939724 74.90370169589626 31.57059190047991 74.46008250137791 c
31.57059190047991 74.46008250137791 31.73995330838568 69.87522737697448 c
30.177766315027156 69.87522737697448 28.281357423386908 70.53895126683399 c
28.281357423386908 70.53895126683399 27.969363854628146 71.00068156639959 c
27.969363854628146 71.00068156639959 25.894978077950498 74.70991449563779 c
25.894978077950494 73.98166972535434 16.91082578930441 69.87522737697448 c
13.53090525708642 72.50153395569599 16.91082578930441 69.87522737697448 d
13.53090525708642 72.50153395569599 3.8452839156977614 69.87522737697448 c
3.8452839156977614 69.87522737697448 0.0 71.71730837810941 c
0.0 71.71730837810941 1.2544424268937773 81.05565554649354 c
1.2544424268937773 81.05565554649354 3.8452839156977614 69.87522737697448 c
3.8452839156977614 69.87522737697448 10.98317446089101 75.41207323662965 c
10.98317446089101 75.41207323662965 11.351544051858967 82.71259019240073 c
11.351544051858967 82.71259019240073 16.910825789304415 78.06759947759676 c
16.910825789304415 78.06759947759676 13.53090525708642 72.50153395569599 c
16.91082578930441 69.87522737697448 20.166733820841245 78.03960576127622 c
20.166733820841245 78.03960576127622 21.866898039277835 88.27910151699189 c
21.924343625382356 88.27910151699189 18.388565015047202 89.95632857960902 c
18.388565015047202 89.95632857960902 13.97204371596639 95.56563279697833 c
13.97204371596639 96.31899704297527 13.97204371596639 95.56563279697833 d
13.97204371596639 96.31899704297527 13.296400811774461 94.0213690532121 c
13.296400811774461 94.0213690532121 8.420177669543888 88.27910151699189 c
8.420177669543888 88.27910151699189 1.8782348226099357 89.59005109097399 c
1.8782348226099357 89.59005109097399 0.0 92.66517259142636 c
0.0 92.66517259142636 8.97819115188383 92.8118771268511 c
8.97819115188383 92.8118771268511 7.195305413887377 94.58970293453895 c
7.195305413887377 94.58970293453895 10.574570000273413 99.78798083545881 c
10.574570000273413 99.78798083545881 13.97204371596639 96.31899704297527 c
13.97204371596639 95.56563279697833 20.716088614698798 97.22263375047328 c
22.17661745239537 97.23030741435038 31.41554220840881 93.93095569939518 c
31.7523650959344 97.12689972560828 41.72975709869045 102.6140369337118 c
41.72975709869045 102.6140369337118 43.63755657903227 104.76907846606746 d
43.63755657903227 104.76907846606746 39.72634202821829 105.94768336104865 c
43.63755657903227 105.49687672498314 43.63755657903227 104.76907846606746 d
43.63755657903227 105.49687672498314 49.485002583230255 117.61440044855922 c
49.485002583230255 117.61440044855922 47.14123826500004 108.9337674298612 c
47.14123826500004 108.9337674298612 47.78858053402723 104.76907846606746 c
50.169829818777096 101.2226179003589 47.78858053402723 104.76907846606746 d
50.169829818777096 101.2226179003589 55.9206856974629 104.76907846606746 c
55.9206856974629 104.76907846606746 54.471092032453484 104.76907846606746 d
54.471092032453484 104.76907846606746 54.10430298147051 108.70121441000992 c
54.471092032453484 104.76907846606746 54.10430298147051 104.76907846606746 d
51.28724439131384 111.85980278601366 54.10430298147051 104.76907846606746 c
54.10430298147051 104.76907846606746 49.485002583230255 107.19529712768673 c
49.485002583230255 107.19529712768673 50.34090493169748 108.01521014188057 c
50.34090493169748 108.01521014188057 51.28724439131384 111.85980278601366 c
54.10430298147051 108.70121441000992 55.08537177842449 111.46562433370693 c
55.08537177842449 111.46562433370693 57.45424325424892 110.34140732761449 c
58.58789099381334 110.32933654844831 57.45424325424892 110.34140732761449 d
58.58789099381334 110.32933654844831 59.32943245654294 114.27025464830298 c
59.32943245654294 114.27025464830298 60.663639199989774 104.76907846606746 c
60.663639199989774 104.76907846606746 58.58789099381334 110.32933654844831 c
57.45424325424892 110.34140732761449 58.58789099381333 105.9766470262177 c
58.58789099381333 105.9766470262177 54.471092032453484 104.76907846606746 c
55.9206856974629 104.76907846606746 55.068516032012 97.04237057659535 c
55.068516032012 97.04237057659535 56.87803567711249 98.8171798765114 c
56.87803567711249 98.8171798765114 56.93080435074731 96.62671569197188 c
57.78140720121552 95.0122716914789 56.93080435074731 96.62671569197188 d
57.78140720121552 95.0122716914789 66.78997767181602 94.85091249986007 c
66.78997767181602 94.85091249986007 62.94692469771345 91.10220815557555 c
62.94692469771345 91.10220815557555 63.499208706230476 89.61518846379444 c
63.499208706230476 89.61518846379444 61.06069765685332 88.27910151699189 c
61.06069765685332 88.27910151699189 57.78140720121552 95.0122716914789 c
56.93080435074731 96.62671569197188 54.093360740826036 95.48205846865162 c
54.093360740826036 95.48205846865162 57.78140720121552 88.66462920644986 c
57.78140720121552 88.66462920644986 54.540686694678726 93.50921212203187 c
54.540686694678726 93.50921212203187 50.17941508396086 88.27910151699189 c
46.82812282663509 88.27910151699189 50.17941508396086 88.27910151699189 d
46.82812282663509 88.27910151699189 43.97818260723247 89.90834755152011 c
43.97818260723247 89.90834755152011 44.08867479556038 88.69781194932446 c
44.08867479556038 88.69781194932446 43.795086653425884 90.01301934591308 c
43.795086653425884 90.01301934591308 41.72975709869044 91.19372130033933 c
41.72975709869044 91.19372130033933 43.85085015295893 91.3033825449046 c
43.85085015295893 91.3033825449046 46.82812282663509 88.27910151699189 c
50.17941508396086 88.27910151699189 46.82812282663509 94.28838234713074 c
46.82812282663509 94.28838234713074 51.87020308605789 99.28444947374695 c
51.87020308605789 99.28444947374695 50.169829818777096 101.2226179003589 c
47.78858053402723 104.76907846606746 43.63755657903227 105.49687672498314 c
39.72634202821829 105.94768336104865 39.15537511607615 111.02211115304225 c
39.15537511607615 111.02211115304225 35.009991894878304 108.28555482876156 d
35.009991894878304 108.28555482876156 34.869568219400904 104.76907846606746 c
35.09454860218189 104.76907846606746 34.869568219400904 104.76907846606746 d
35.09454860218189 104.76907846606746 35.009991894878304 109.00934558619907 c
35.009991894878304 109.00934558619907 39.15537511607616 114.71680870250196 c
39.15537511607616 114.71680870250196 37.56594268777419 107.41297978490749 c
37.56594268777419 107.41297978490749 35.09454860218189 104.76907846606746 c
34.869568219400904 104.76907846606746 30.82738156385907 107.99459884712927 c
30.82738156385907 107.99459884712927 32.53131637909988 108.05034588359459 c
28.648905746333323 104.76907846606746 32.53131637909988 108.05034588359459 d
28.648905746333323 104.76907846606746 24.64799217831864 106.41217264390525 c
24.64799217831864 106.41217264390525 23.83791906020813 107.67127903855757 c
23.83791906020813 107.67127903855757 26.49940178746722 112.84643515428232 c
26.49940178746722 112.84643515428232 23.837919060208133 111.00754888821614 d
23.837919060208133 111.00754888821614 20.31716286499092 108.9219550178333 c
20.31716286499092 108.9219550178333 19.748370289807248 109.93748185542198 c
19.748370289807248 109.93748185542198 15.379622014714005 104.76907846606746 c
15.379622014714005 104.76907846606746 13.863256051079393 104.76907846606746 d
13.863256051079393 104.76907846606746 8.614090595404011 108.7567152720153 c
6.6929609957968985 105.00532772938313 8.614090595404011 108.7567152720153 d
6.6929609957968985 105.00532772938313 0.0 104.76907846606746 c
0.0 104.76907846606746 3.6759253978269513 121.11617275101244 c
3.6759253978269513 121.11617275101244 8.614090595404011 116.25331922039027 c
8.614090595404011 116.25331922039027 2.8910673081411 110.71649023363933 c
2.8910673081411 110.71649023363933 6.6929609957968985 105.00532772938313 c
8.614090595404011 108.7567152720153 15.132702828025828 107.14981037239434 c
15.132702828025828 107.14981037239434 15.379622014714005 106.4384833534106 c
15.379622014714005 106.4384833534106 13.863256051079393 104.76907846606746 c
15.379622014714005 104.76907846606746 18.49696650887869 112.17174822885788 c
18.49696650887869 112.17174822885788 18.021732700269574 113.02023449226628 c
18.021732700269574 113.02023449226628 18.549703782432985 112.29698194012822 c
18.549703782432985 112.29698194012822 18.919786731698025 113.17580744798494 c
18.919786731698025 113.17580744798494 23.837919060208133 111.00754888821614 c
26.49940178746722 112.84643515428232 24.865319324166617 115.94739167625437 c
24.865319324166617 115.94739167625437 30.82738156385907 114.96969929635466 c
30.82738156385907 114.96969929635466 28.648905746333323 104.76907846606746 c
32.53131637909988 108.05034588359459 35.009991894878304 108.28555482876156 c
39.15537511607615 111.02211115304225 40.79393492337747 107.91731291974035 c
40.79393492337747 107.91731291974035 41.982640519712476 107.8722804704771 c
41.982640519712476 107.8722804704771 43.63755657903227 104.76907846606746 c
41.72975709869045 102.6140369337118 41.62643092705427 95.71805486491176 c
41.62643092705427 95.71805486491176 39.83294186211858 88.27910151699189 c
43.43451417768494 84.8090724481514 51.94193969959793 69.87522737697448 c
52.95992450291965 68.15506567213941 57.26749494262045 59.79138734066936 c
57.26749494262046 59.375879938435716 57.26749494262045 59.79138734066936 d
57.26749494262046 59.375879938435716 63.63555267327978 62.25248167308543 c
63.63555267327978 62.25248167308543 58.12151626198402 61.54117257179089 c
58.12151626198402 61.54117257179089 61.84862822882777 69.87522737697448 c
61.84862822882777 69.87522737697448 66.47066080723158 65.24287997011523 c
66.47066080723158 65.24287997011523 66.0997124300099 54.938139816230205 c
66.0997124300099 54.938139816230205 61.50510265164969 52.11755197846022 c
61.50510265164969 52.11755197846022 63.48642056934575 58.55752709862612 c
63.48642056934575 58.55752709862612 58.72161639930436 54.23786707937467 c
58.72161639930436 54.23786707937467 57.26749494262046 59.375879938435716 c
57.26749494262045 59.79138734066936 55.929104479887435 57.521062882936555 c
55.929104479887435 57.521062882936555 51.639602491827844 55.19294586026398 c
51.639602491827844 55.19294586026398 48.322474946223124 52.11755197846022 c
47.276510698934786 48.079879272783586 51.282209838133845 46.42341917234854 c
51.282209838133845 46.42341917234854 57.78096632751426 42.1973785852652 c
57.780966327514264 41.420752235054664 57.78096632751426 42.1973785852652 d
57.780966327514264 41.420752235054664 64.03183555817765 47.60157792722502 c
64.03183555817765 47.60157792722502 64.2554622058607 39.09023352398401 c
64.2554622058607 39.09023352398401 57.780966327514264 41.420752235054664 c
57.78096632751426 42.1973785852652 55.4281119087278 40.903326551516685 c
55.4281119087278 40.903326551516685 55.8113902396033 40.393007723438934 c
55.8113902396033 40.393007723438934 52.13153354074373 39.09023352398401 c
52.13153354074373 39.09023352398401 50.47066481284273 39.964115925197056 c
50.47066481284273 39.964115925197056 48.40772672619785 39.79844981152466 c
48.40772672619785 39.79844981152466 48.22359666845207 41.146432909508704 c
48.22359666845207 41.146432909508704 43.56308313465102 43.59860790045518 c
43.56308313465103 40.85094947546753 35.28283433779174 40.18052776380217 c
35.28283433779174 40.18052776380217 34.45807524427021 39.09023352398401 c
34.45807524427021 39.09023352398401 34.34497258101022 40.104592499088206 c
34.34497258101022 40.104592499088206 32.80365807056199 39.979797853702514 c
32.80365807056199 39.979797853702514 34.227194984665275 41.16087851813683 c
34.227194984665275 41.16087851813683 33.54645980500577 47.26603837250298 c
33.54645980500577 47.26603837250298 35.20501245721052 43.991884227515214 c
32.80365807056199 44.4753658859065 28.557687704416008 42.646650647322545 c
28.557687704416008 42.646650647322545 30.73165066320195 41.86855479758545 c
30.73165066320195 41.86855479758545 24.1491212164445 39.09023352398401 c
24.1491212164445 39.09023352398401 17.831721482873576 47.285656254429 c
17.831721482873576 47.285656254429 29.367042705830826 49.83524959563597 c
31.564854445738234 52.11755197846022 27.26164893479868 55.874304977750356 c
27.147014226910148 54.64732272372517 25.010161795762343 52.11755197846022 c
23.881858088128656 52.11755197846022 16.63214951173392 56.49799153815444 c
16.380018821447763 57.86095168714397 16.63214951173392 53.298008800468935 c
16.63214951173392 53.298008800468935 10.35260112339548 52.11755197846022 c
10.364338827334645 49.62552797537083 13.756204296798828 50.96359765039509 c
13.756204296798828 50.96359765039509 13.208761762473358 49.89801159932446 c
13.208761762473358 49.89801159932446 17.831721482873576 39.09023352398401 c
17.81734691244716 36.33299488673445 12.399664562441362 28.49187870690059 c
12.399664562441362 28.49187870690059 9.157300292898515 32.59390497278007 c
9.157300292898515 32.59390497278007 7.9324679290749645 25.70288680126459 c
10.27844689465525 24.16247035184791 18.573088447104887 22.943120231852944 c
18.573088447104887 22.943120231852944 19.631225485436072 25.70288680126459 d
19.631225485436072 25.70288680126459 17.81734691244716 27.307966972777635 c
20.91070431803129 25.70288680126459 19.631225485436072 25.70288680126459 d
20.91070431803129 25.70288680126459 20.47016969751349 32.32339298482529 c
20.47016969751349 32.32339298482529 34.792065540943355 33.918971672985755 c
34.792065540943355 33.918971672985755 34.79206554094336 31.029149505097234 d
34.79206554094336 31.029149505097234 40.08955539699967 31.334534860350836 c
40.53575012654998 30.360961499789152 40.08955539699967 31.334534860350836 d
40.53575012654998 30.360961499789152 40.11751704064371 38.36992203744258 c
40.11751704064371 38.36992203744258 44.15083322913294 35.450217527414246 c
44.15083322913294 35.450217527414246 47.299950264925286 36.736714579288765 c
47.299950264925286 36.736714579288765 49.41385706882284 32.73020089869692 c
49.41385706882284 32.73020089869692 48.51286980437154 32.48976061804564 c
48.51286980437154 32.48976061804564 48.66847748281728 30.282690600117917 c
48.66847748281728 30.282690600117917 51.18829182670437 25.70288680126459 c
51.18829182670437 25.70288680126459 48.125992455577155 29.783702198988507 c
48.125992455577155 29.783702198988507 43.04996627787419 26.958245317871093 c
43.04996627787419 26.958245317871093 47.809611862538034 30.205310487122606 c
47.809611862538034 30.205310487122606 46.498685396752315 31.952249064487415 c
46.498685396752315 31.952249064487415 40.53575012654998 30.360961499789152 c
40.08955539699967 31.334534860350836 40.11751704064371 25.70288680126459 c
36.966399736549654 25.70288680126459 40.11751704064371 25.70288680126459 d
36.966399736549654 25.70288680126459 43.14014844578027 16.1647606700756 c
43.14014844578027 16.164760670075605 43.14014844578027 16.1647606700756 d
43.14014844578027 16.164760670075605 44.27892587958389 17.242862712332006 c
44.27892587958389 17.242862712332006 48.3185239011859 18.946698245422205 c
48.3185239011859 18.946698245422205 51.342690329071495 16.164760670075605 d
48.95425937691097 21.646140938356933 54.78527276791369 25.25483561706183 c
54.91828093572302 25.702886801264587 54.78527276791369 25.25483561706183 d
54.91828093572302 25.702886801264587 55.55261528918879 30.131249786606134 c
55.55261528918879 30.131249786606134 51.18829182670437 29.701868344858674 c
51.18829182670437 29.701868344858674 55.856834504688074 32.25504003379373 c
55.856834504688074 32.25504003379373 56.003896138447566 33.281694655203125 c
56.003896138447566 33.281694655203125 62.83356073647131 31.3338144949449 c
62.83356073647131 31.3338144949449 63.568039768354154 34.57363617616042 c
63.568039768354154 34.57363617616042 63.000760164336064 30.76075884905918 c
63.000760164336064 30.76075884905918 57.338928870504745 30.30699521600698 c
57.338928870504745 30.30699521600698 58.558631247503364 26.38077799241887 c
58.558631247503364 26.38077799241887 54.91828093572302 25.702886801264587 c
54.78527276791369 25.25483561706183 59.64247426153185 22.68018959239607 c
59.64247426153185 22.68018959239607 51.342690329071495 16.164760670075605 c
51.342690329071495 16.164760670075605 48.95425937691097 21.646140938356933 c
48.3185239011859 18.946698245422205 48.95425937691097 16.487822364243915 c
48.95425937691097 16.487822364243915 43.14014844578027 16.164760670075605 c
43.14014844578027 16.1647606700756 36.712997615778725 17.2159001439048 c
36.712997615778725 17.2159001439048 34.99959943226046 16.61473896318986 c
34.99959943226046 16.61473896318986 34.960203378023074 17.50256390231622 c
34.960203378023074 17.50256390231622 30.88436813151431 18.169153411376907 c
30.88436813151431 18.169153411376907 34.93112090236608 18.157963222873185 c
34.93112090236608 18.157963222873185 34.67207974075559 23.995684994506775 c
30.884368131514307 24.770960303124458 34.67207974075559 23.995684994506775 d
30.884368131514307 24.770960303124458 20.88763706338847 16.164760670075605 c
20.88763706338847 16.164760670075605 25.775804818365586 24.571251286724653 c
25.775804818365586 24.571251286724653 30.884368131514307 24.770960303124458 c
34.67207974075559 23.995684994506775 39.028374302755296 18.31590689140198 c
39.028374302755296 18.31590689140198 36.966399736549654 25.70288680126459 c
40.11751704064371 25.70288680126459 34.79206554094336 31.029149505097234 c
34.792065540943355 33.918971672985755 25.541464554676683 31.893389245669503 c
25.541464554676683 31.893389245669503 20.91070431803129 25.70288680126459 c
17.81734691244716 27.307966972777635 19.09311260204915 31.794802352221286 c
19.09311260204915 31.794802352221286 20.47016969751349 27.56540027889108 c
20.47016969751349 27.56540027889108 19.631225485436072 25.70288680126459 c
18.573088447104887 22.943120231852944 20.887637063388468 20.769860142564198 c
20.887637063388468 20.769860142564198 16.00893897157823 16.164760670075605 c
15.899440758527676 11.868419477549667 17.588841340750804 5.799415686313443 c
17.588841340750804 5.799415686313443 19.265986667267086 4.2178138399105825 c
19.265986667267086 4.2178138399105825 17.654372265213844 5.56400234906571 c
17.654372265213844 5.56400234906571 18.26766586760799 3.360805998101391 c
18.26766586760799 3.360805998101391 23.113343967789643 2.0682174880745885 c
23.113343967789643 2.0682174880745885 23.11334396778964 3.167712347424313 d
23.11334396778964 3.167712347424313 29.156625876654005 8.983333583920992 c
29.156625876654005 8.983333583920992 29.352151157344846 1.087582284170523 c
29.352151157344846 1.087582284170523 31.02422916340849 0.0 c
31.02422916340849 0.0 32.2768409184474 4.669282909669295 c
32.2768409184474 4.669282909669295 36.43236957315814 6.368863537959315 d
36.43236957315814 6.368863537959315 46.396903174614174 6.6642014761888255 c
46.396903174614174 6.6642014761888255 47.68663768033143 6.166228154954441 d
47.68663768033143 6.166228154954441 49.55969727776189 3.5305432073140817 c
49.55969727776189 3.5305432073140817 50.59314428250902 4.634090897186556 c
50.59314428250902 4.634090897186556 47.886234540212065 6.053832508501988 c
47.886234540212065 6.053832508501988 54.52939144817712 7.858773015716628 c
54.52939144817712 7.858773015716628 50.790030407336204 4.530826492119765 c
50.790030407336204 4.530826492119765 54.83962772716228 0.319909737875812 c
54.83962772716228 0.0 54.83962772716228 0.319909737875812 d
54.83962772716228 0.0 56.45033753028849 3.461925175853688 c
56.45033753028849 3.461925175853688 57.188787077000114 16.164760670075605 c
57.188787077000114 16.164760670075605 63.47360935655591 12.509204626170085 c
63.47360935655591 12.509204626170085 63.035856755769146 2.5379454211464427 c
63.035856755769146 2.5379454211464427 54.83962772716228 0.0 c
54.83962772716228 0.319909737875812 51.55610563611068 0.9961122414090786 c
51.55610563611068 0.9961122414090786 50.715204186989375 4.172959902090092 c
50.715204186989375 4.172959902090092 49.759486504972244 3.2494088218511648 c
49.759486504972244 3.2494088218511648 51.327316951491575 1.0432285625512874 c
51.327316951491575 1.0432285625512874 48.152957098562425 1.696950395431886 c
48.152957098562425 1.696950395431886 46.396903174614174 0.0 c
46.396903174614174 0.0 47.68663768033143 6.166228154954441 c
46.396903174614174 6.6642014761888255 41.54691169954091 3.994438384432425 c
41.54691169954091 3.994438384432425 42.83438533260076 0.25717065006156137 c
42.83438533260076 0.25717065006156137 37.81470871921119 0.0 c
37.81470871921119 0.0 36.43236957315814 6.368863537959315 c
32.2768409184474 4.669282909669295 36.43236957315814 2.240563208875569 c
36.43236957315814 2.240563208875569 31.02422916340849 0.0 c
31.02422916340849 0.0 23.11334396778964 3.167712347424313 c
23.113343967789643 2.0682174880745885 22.55802983754765 0.0 c
22.55802983754765 0.0 14.868614318571051 4.275510348506902 c
11.23723589948507 7.825086302695807 7.872444562463304 0.0 c
7.872444562463304 0.0 3.3577980806186982 4.763728565948163 c
3.3577980806186982 4.763728565948163 4.201338229928243 2.0272584344597018 c
2.1607085267862463 0.4474011489508669 0.0618036224598999 0.0 c
0.06174494002131115 0.0019035082482003016 0.0 0.0 d
