Processando arquivo: poly3b_mod_pack.txt

Tempo de Inicio (hh:mm:ss.ms) 2026-04-27 10:06:47.901829
Tempo de Termino (hh:mm:ss.ms) 2026-04-27 10:06:49.254162
Tempo Total (hh:mm:ss.ms) 0:00:01.352333

Função Objetivo: 79.5211909007611

0.0 0.0 0.08251583005560725 0.8919105326264332 d
0.0 0.8995445519150223 2.8676026302603432 0.6506105292893474 c
2.8676026302603432 0.6506105292893474 5.8130422746543395 3.930115423480793 c
5.8130422746543395 3.930115423480793 9.72314354565723 0.0 c
9.72314354565723 1.200160433975018 9.72314354565723 0.0 d
9.72314354565723 1.200160433975018 10.545878147597866 4.219891546661032 c
10.545878147597866 4.219891546661032 15.911565507556128 2.809125700544252 c
15.911565507556128 2.809125700544252 15.214613192865972 14.4471632043937 c
15.214613192865972 14.4471632043937 18.3930379695132 17.510867069759634 d
18.3930379695132 17.510867069759634 9.273640449829244 14.997477187038465 c
18.3930379695132 17.510867069759634 18.3930379695132 16.41146005426011 d
18.3930379695132 16.41146005426011 21.042388927651213 21.145063042923546 c
21.042388927651213 21.145063042923546 25.053044937617386 22.6119399614457 c
25.053044937617386 22.6119399614457 29.91775765230171 28.675407612115322 c
29.91775765230171 28.675407612115322 26.46070378101358 28.814983066697803 d
26.46070378101358 28.814983066697803 17.337955353546068 28.675407612115322 c
17.337955353546068 28.675407612115322 15.153482218306012 28.675407612115322 d
15.153482218306012 28.675407612115322 3.4473865102411256 30.24339128582939 c
3.4473865102411256 30.24339128582939 0.0 40.04943141768803 c
0.0 40.04943141768803 11.944830367429585 38.10804230873256 c
11.944830367429585 38.10804230873256 12.853763579121384 40.04943141768803 d
12.853763579121384 40.04943141768803 5.582278032018656 49.001512810854 c
5.582278032018656 49.001512810854 3.8641614953343657 41.78929404128103 c
3.8641614953343657 41.78929404128103 4.872464997510067 51.209166853553576 c
4.872464997510067 51.209166853553576 0.0 56.55969118077789 c
0.0 56.55969118077789 3.715666272796753 59.75462239934686 c
3.715666272796753 59.75462239934686 7.9276772179767985 58.34333458362779 c
7.927677217976797 57.43934325428025 7.9276772179767985 58.34333458362779 d
7.927677217976797 57.43934325428025 8.130327085168338 63.608827080652766 c
8.130327085168338 63.608827080652766 13.278837230890513 56.55969118077789 c
14.585771401089264 56.55969118077789 13.278837230890513 56.55969118077789 d
14.585771401089264 56.55969118077789 13.278837230890515 62.16091931800033 c
13.278837230890515 62.16091931800033 18.256972419973533 68.01908485566362 c
18.256972419973533 68.01908485566362 19.429112013944174 63.32081839224015 c
19.429112013944174 63.32081839224015 22.256682568745088 62.12920521940266 c
22.256682568745088 62.12920521940266 18.04878313652444 60.87480327698713 c
18.04878313652444 60.87480327698713 22.25668256874509 60.294488231985305 d
22.25668256874509 60.294488231985305 27.50662988466396 65.69416741689903 c
27.50662988466396 65.69416741689903 32.788585727188575 58.049974449709325 c
32.788585727188575 58.98752895718723 32.788585727188575 58.049974449709325 d
32.788585727188575 58.98752895718723 39.28406679244651 61.77376608712262 c
39.28406679244651 61.77376608712262 43.664647993635505 58.77548501703387 d
43.664647993635505 58.77548501703387 49.814642102034455 62.70851969580038 c
49.814642102034455 62.70851969580038 52.68476425076862 66.17748628138055 c
52.68476425076862 66.17748628138055 48.77519163431937 70.55272466351431 d
48.77519163431937 70.55272466351431 42.000215741935854 70.82313349198012 c
42.000215741935854 70.82313349198012 41.019187268747444 78.84190677289942 c
41.019187268747444 78.84190677289942 40.61231369492192 77.17319476556199 d
40.61231369492192 77.17319476556199 41.019187268747444 74.88802704353951 c
41.019187268747444 74.88802704353951 34.707142294456645 70.55272466351431 c
31.892214756198097 72.38813640875443 34.707142294456645 70.55272466351431 d
31.892214756198097 72.38813640875443 27.637816945795265 70.55272466351431 c
27.637816945795265 70.55272466351431 25.383056565443297 72.81510112128721 d
25.383056565443297 72.81510112128721 21.094216888846372 72.79351840039338 c
21.094216888846372 72.79351840039338 12.081602355070473 70.55272466351431 c
12.081602355070473 70.55272466351431 9.840709091099773 70.55272466351431 d
9.840709091099773 70.55272466351431 8.482365027849536 74.7533047407216 c
8.482365027849536 74.7533047407216 8.482365027849536 74.13764666139355 d
8.482365027849536 74.13764666139355 5.452233856703627 70.55272466351431 c
5.452233856703627 70.55272466351431 3.801554963136569 73.16602026804891 c
3.801554963136569 73.16602026804891 4.340289331403383 74.38503018297695 c
4.340289331403383 74.38503018297695 2.9513599085838553 74.51201857681653 c
2.9513599085838553 74.51201857681653 0.6607924682079567 71.1071081930504 c
0.6607924682079567 71.1071081930504 1.6018827965734346 73.89621448258902 c
1.6018827965734346 73.89621448258902 0.0 73.61027247537166 c
0.0 73.61027247537166 3.407801708166982 78.54012744048761 c
3.407801708166982 78.54012744048761 8.482365027849536 74.13764666139355 c
8.482365027849536 74.7533047407216 12.081602355070473 75.2965762946707 c
12.081602355070473 75.2965762946707 9.840709091099773 70.55272466351431 c
12.081602355070473 70.55272466351431 17.267051572088313 78.91137569962561 c
17.267051572088313 78.91137569962561 27.637816945795265 74.64733462873286 c
27.637816945795265 74.64733462873286 25.383056565443297 72.81510112128721 c
27.637816945795265 70.55272466351431 31.42267587177382 75.616334186987 c
31.42267587177382 75.616334186987 34.707142294456645 75.96147061842412 c
34.707142294456645 75.96147061842412 31.892214756198097 72.38813640875443 c
34.707142294456645 70.55272466351431 40.61231369492192 77.17319476556199 c
41.019187268747444 78.84190677289942 48.10411099365826 80.51743484832139 c
48.10411099365826 80.51743484832139 43.96733652685474 87.33204901963437 c
44.952162283265785 91.54756541787543 43.96733652685474 87.33204901963437 d
43.87356588361553 89.27422744879509 34.98437252263194 91.1484643171984 c
34.98437252263194 91.1484643171984 33.192563648065565 92.86317022991938 d
33.192563648065565 92.86317022991938 34.414068340036465 96.74989433883803 c
34.414068340036465 96.74989433883803 34.98437252263195 87.33204901963437 c
34.98437252263195 87.33204901963437 28.48151256534984 90.85521306511495 c
28.48151256534984 90.85521306511495 31.14654731688023 93.16917988542349 c
31.14654731688023 93.16917988542349 25.88950882243243 90.41602553879078 c
25.88950882243243 90.41602553879078 26.003213926673574 96.01333983182471 c
26.003213926673574 96.01333983182471 30.703280339173993 93.68366196739571 c
30.703280339173993 93.68366196739571 27.685918524897392 99.73961604564319 c
27.685918524897392 99.73961604564319 28.437880806325186 99.8660294140223 c
25.88950882243243 97.98851656581456 28.437880806325186 99.8660294140223 d
25.88950882243243 97.98851656581456 23.804838666156932 89.45571687221715 c
23.804838666156932 89.45571687221715 19.142364716874006 87.33204901963437 c
19.142364716874006 87.33204901963437 11.196407013183308 89.63365904085988 c
11.196407013183308 89.63365904085988 10.76346763555173 89.63891387043903 d
10.76346763555173 89.63891387043903 5.613059113504641 87.33204901963437 c
5.613059113504641 87.33204901963437 0.0 94.77767655196686 c
0.0 94.77767655196686 7.262466137463448 92.69977018155599 c
7.262466137463448 92.69977018155599 10.76346763555173 89.63891387043903 c
11.196407013183308 89.63365904085988 10.76346763555173 93.34216444158812 c
10.76346763555173 93.34216444158812 14.171767401328513 97.60747859889514 c
14.171767401328513 97.60747859889514 20.985363667175594 98.73224379297505 c
20.985363667175594 98.73224379297505 25.88950882243243 97.98851656581456 c
28.437880806325186 99.8660294140223 33.192563648065565 92.86317022991938 c
34.98437252263194 91.1484643171984 43.62169397745699 93.78734730638429 c
43.62169397745699 93.78734730638429 44.952162283265785 91.54756541787543 c
44.952162283265785 91.54756541787543 47.11630380744021 87.4207770619895 c
47.11630380744021 87.4207770619895 38.27419059154933 87.33204901963437 c
38.27419059154933 87.33204901963437 43.87356588361553 89.27422744879509 c
43.96733652685474 87.33204901963437 48.63727713638558 80.00119579144145 c
48.63727713638558 80.00119579144145 49.89523203968983 81.27278632559948 c
49.89523203968983 81.27278632559948 51.53064647074067 77.0689216481711 c
51.53064647074067 77.0689216481711 56.65969270095009 79.98794183531987 c
56.65969270095009 79.98794183531987 59.8186875862238 80.22339171276609 c
59.8186875862238 80.22339171276609 59.307038151496755 77.91848275221233 c
59.8186875862238 75.81461014306412 59.307038151496755 77.91848275221233 d
59.8186875862238 75.81461014306412 61.51487841066418 76.51819790370655 c
61.51487841066418 76.51819790370655 62.5156336210548 79.22646017036001 c
62.5156336210548 79.22646017036001 67.94355161848986 78.88759939511479 c
67.94355161848986 78.88759939511479 66.99386219145029 70.55272466351431 c
66.99386219145029 70.55272466351431 64.10678451018853 78.66290350394415 c
64.10678451018853 78.66290350394415 65.46672283182359 72.49723316402617 c
65.46672283182359 72.49723316402617 65.00370426844127 74.19849982777635 c
65.00370426844127 74.19849982777635 59.8186875862238 75.81461014306412 c
59.307038151496755 77.91848275221233 48.28439749997265 75.07002919731286 c
48.28439749997265 75.07002919731286 51.83048776537028 75.51249513821634 c
51.83048776537028 75.51249513821634 48.77519163431937 70.55272466351431 c
52.68476425076862 66.17748628138055 52.58088351502442 62.280287981810034 c
52.58088351502442 62.280287981810034 53.18427308518633 62.08851947358289 c
53.18427308518633 62.08851947358289 51.775438249383654 57.97600305240099 c
53.18427308518632 56.55969118077789 51.775438249383654 57.97600305240099 d
53.18427308518632 56.55969118077789 54.552599044558384 58.74330870040353 c
54.552599044558384 58.74330870040353 54.825152442882356 62.93098953470808 c
54.825152442882356 62.93098953470808 57.282388254529586 70.55272466351431 c
57.282388254529586 70.55272466351431 57.840829086857276 64.39655365651298 c
57.840829086857276 64.39655365651298 61.86542449157581 65.20492047908164 c
61.86542449157581 65.20492047908164 53.18427308518632 56.55969118077789 c
51.775438249383654 57.97600305240099 50.95025862914975 59.967630938772736 c
50.95025862914975 59.967630938772736 47.360543017176866 56.55969118077788 c
47.360543017176866 56.55969118077788 48.29054333999026 59.49099306619357 c
48.29054333999026 59.49099306619357 43.664647993635505 58.77548501703387 c
39.28406679244651 61.77376608712262 43.6646479936355 61.82542051300558 c
43.6646479936355 61.82542051300558 34.98760692462425 57.656577881946205 c
34.98760692462425 57.656577881946205 34.834438380945464 56.55969118077789 c
34.834438380945464 56.55969118077789 32.788585727188575 58.98752895718723 c
32.788585727188575 58.049974449709325 26.641384877459757 56.55969118077789 c
26.641384877459757 56.55969118077789 22.25668256874509 60.294488231985305 c
18.04878313652444 60.87480327698713 19.312644498972634 60.320285149087056 c
19.312644498972634 60.320285149087056 18.22465126938968 58.08544661416471 c
18.22465126938968 58.08544661416471 14.585771401089264 56.55969118077789 c
13.278837230890513 56.55969118077789 7.927677217976797 57.43934325428025 c
7.9276772179767985 58.34333458362779 0.0 56.55969118077789 c
0.0 56.55969118077789 10.51360157886445 47.08547444312788 c
10.51360157886445 47.08547444312788 15.102204861085779 46.15708633870103 c
15.102204861085779 46.15708633870103 14.007548395887301 45.02968651486291 c
14.007548395887301 45.02968651486291 12.853763579121384 40.04943141768803 c
11.944830367429585 38.10804230873256 15.102204861085777 40.04943141768803 d
15.102204861085777 40.04943141768803 15.98392895015485 43.17032288081193 c
15.98392895015485 43.17032288081193 15.337709775138599 43.360708122081874 c
15.337709775138599 43.360708122081874 16.055447186925146 43.423464036147436 c
16.055447186925146 43.423464036147436 16.834128361291583 46.17963170776147 c
16.834128361291583 46.17963170776147 18.406599544340004 43.62903882279495 c
18.406599544340004 43.62903882279495 22.48746520935706 43.98585240222009 c
22.48746520935706 43.98585240222009 22.887579656243933 44.19183420949482 d
22.887579656243933 44.19183420949482 30.030029710667772 45.91641275347089 c
30.030029710667772 45.91641275347089 30.690825702598374 40.04943141768803 c
30.690825702598374 40.226057357202755 30.690825702598374 40.04943141768803 d
30.690825702598374 40.226057357202755 41.614480521219065 47.53829627538293 c
41.614480521219065 47.53829627538293 41.297222297516285 44.46477870705263 c
41.297222297516285 44.46477870705263 45.76298048500206 42.932132803222906 c
45.76298048500206 42.932132803222906 39.144648804592634 42.90567596521859 c
39.144648804592634 42.90567596521859 40.533919581193494 38.53722854020886 d
40.533919581193494 38.53722854020886 40.117810320891934 28.675407612115322 c
40.117810320891934 28.675407612115322 41.78719269653675 28.675407612115322 d
41.78719269653675 28.675407612115322 40.5339195811935 31.96841789267077 c
40.5339195811935 31.96841789267077 48.15079880730667 34.70538463668238 c
48.15079880730667 34.70538463668238 48.212718192615476 33.902228324296175 c
48.21271819261548 34.08049737647208 48.212718192615476 33.902228324296175 d
48.21271819261548 34.08049737647208 53.30838389042119 32.05649329727694 c
53.30838389042119 32.05649329727694 55.11268750975705 33.524904673136035 c
55.98631248138742 33.414172740473354 55.11268750975705 33.524904673136035 d
55.98631248138742 33.414172740473354 61.37619534803873 38.66821081869234 c
61.882422098708744 40.04943141768803 61.37619534803873 38.66821081869234 d
61.882422098708744 40.04943141768803 58.215537451392635 45.44111617116168 c
61.882422098708744 40.04943141768803 58.21553745139263 42.82508321139514 d
58.21553745139263 42.82508321139514 56.90730578236862 40.04943141768803 c
56.90730578236862 40.04943141768803 51.30315009202665 43.376291593380856 c
51.30315009202665 43.376291593380856 51.303150092026655 41.38362518566304 d
51.303150092026655 41.38362518566304 47.1688202215564 40.04943141768803 c
47.1688202215564 40.04943141768803 45.76298048500206 45.5505964260446 c
45.76298048500206 45.5505964260446 45.76975331811839 46.56451385562853 c
45.76975331811839 46.56451385562853 51.303150092026655 41.38362518566304 c
51.30315009202665 43.376291593380856 58.21553745139263 42.82508321139514 c
58.215537451392635 45.44111617116168 67.47209227063554 49.64745451678029 c
67.47209227063554 49.64745451678029 63.87681100708951 46.758688099134794 c
63.87681100708951 46.758688099134794 67.41425573931647 46.27382682335369 c
67.41425573931647 46.27382682335369 61.882422098708744 40.04943141768803 c
61.37619534803873 38.66821081869234 59.7798360253518 33.50716996604821 c
61.37619534803873 32.836631519068774 59.7798360253518 33.50716996604821 d
61.37619534803873 32.836631519068774 66.93825360913567 33.72142140326372 c
66.93825360913567 33.72142140326372 63.16182131012992 28.675407612115322 c
63.16182131012992 28.675407612115322 61.37619534803873 32.836631519068774 c
59.7798360253518 33.50716996604821 55.11268750975705 28.675407612115322 c
55.11268750975705 28.675407612115322 55.98631248138742 33.414172740473354 c
55.11268750975705 33.524904673136035 53.84674839580434 31.842654317326076 c
53.84674839580434 31.842654317326076 54.5548492993508 31.561395851356266 c
54.5548492993508 31.561395851356266 53.15756269043895 30.926825992494514 c
53.15756269043895 30.926825992494514 52.14269690352349 28.739714927830615 c
52.14269690352349 28.739714927830615 51.4633091688091 28.67540761211532 c
51.4633091688091 28.67540761211532 51.19063280225236 30.033555840489313 c
51.19063280225236 30.033555840489313 50.35817354410611 29.655499147910398 c
50.35817354410611 29.655499147910398 51.052825683848724 30.220833658871683 c
51.052825683848724 30.220833658871683 48.21271819261548 34.08049737647208 c
48.212718192615476 33.902228324296175 42.942065763312364 29.664144139751684 c
42.942065763312364 29.664144139751684 42.68004541282992 31.204656186233557 c
42.68004541282992 31.204656186233557 42.73711882163658 29.48868024394193 c
42.73711882163658 29.48868024394193 41.78719269653675 28.675407612115322 c
40.117810320891934 28.675407612115322 38.59418477866602 34.50561425389151 c
38.59418477866602 34.50561425389151 38.87032600122341 37.28165249315255 c
38.87032600122341 37.28165249315255 36.25526707739684 29.734215935818167 c
36.25526707739684 29.734215935818167 34.87173260152184 34.579016923382774 c
34.87173260152184 34.579016923382774 40.533919581193494 38.53722854020886 c
39.144648804592634 42.90567596521859 42.92649883514089 40.04943141768803 c
42.92649883514089 40.04943141768803 30.690825702598374 40.226057357202755 c
30.690825702598374 40.04943141768803 30.003334349062094 41.203699941157744 c
30.003334349062094 41.203699941157744 22.48746520935706 43.202079754966164 c
22.48746520935706 43.202079754966164 22.887579656243933 44.19183420949482 c
22.48746520935706 43.98585240222009 19.872952176554826 42.59228961887632 c
19.872952176554826 42.59228961887632 18.42301858440055 43.602406673851384 c
18.42301858440055 43.602406673851384 19.25035718756218 42.26043998000627 c
19.25035718756218 42.26043998000627 17.956288326119164 42.58923811858003 c
17.956288326119164 42.58923811858003 17.978745913132176 41.58265787500498 c
17.978745913132176 41.58265787500498 15.102204861085777 40.04943141768803 c
11.944830367429585 38.10804230873256 15.153482218306012 28.675407612115322 c
17.337955353546068 28.675407612115322 15.15348221830601 34.047444992808735 c
15.15348221830601 34.047444992808735 20.826008757277 33.8771386690175 c
20.826008757277 33.8771386690175 22.860478044766353 38.466574953642876 c
22.860478044766353 38.466574953642876 34.87173260152184 39.04743910710003 c
34.87173260152184 39.04743910710003 26.46070378101358 28.814983066697803 c
29.91775765230171 28.675407612115322 33.12926248337247 28.16118259179911 c
33.12926248337247 28.16118259179911 29.583280926835776 22.976779403054422 c
29.583280926835776 22.976779403054422 34.79371070818265 25.26446873639248 c
34.79371070818265 25.26446873639248 34.75506514111139 18.914230510706076 c
34.75506514111139 18.914230510706076 36.148666665184095 14.997477187038465 d
34.79371070818265 22.014716840481555 46.97899717724682 16.479699052817107 c
47.52712002553824 16.734763687218546 46.97899717724682 16.479699052817107 d
47.52712002553824 16.734763687218546 46.97899717724681 20.9591011100588 c
46.97899717724681 20.9591011100588 55.627613302791545 20.85607809256823 c
55.627613302791545 20.85607809256823 49.594230115091264 14.997477187038465 c
51.84072041787383 14.997477187038465 49.594230115091264 14.997477187038465 d
51.84072041787383 14.997477187038465 62.45419534991814 6.448005224541378 c
66.31394873694333 7.827903229992097 62.45419534991814 6.448005224541378 d
66.31394873694333 7.827903229992097 64.06907893533862 0.0 c
64.06907893533862 0.0 62.45419534991814 1.655147239062556 c
62.45419534991814 1.655147239062556 66.31394873694333 7.827903229992097 c
62.45419534991814 6.448005224541378 57.2401833866267 0.0 c
57.2401833866267 0.0 56.45246116738518 0.14107152420483438 c
56.45246116738518 0.14107152420483438 57.73558205578125 2.1201740303156846 c
57.73558205578125 2.1201740303156846 51.86924974594007 12.672470943200198 c
51.840720417873825 8.180352677194973 51.86924974594007 12.672470943200198 d
51.840720417873825 8.180352677194973 50.81285177699016 1.3342080895129098 c
50.81285177699016 1.3342080895129098 50.05613311962809 4.534960370913248 c
50.05613311962809 4.534960370913248 49.643367921981806 0.0 c
49.643367921981806 0.0 46.82096937133705 2.6276615879698273 c
46.82096937133705 2.6276615879698273 46.82096937133705 3.5871487683709056 d
46.82096937133705 3.5871487683709056 43.97138876693377 0.0 c
43.97138876693377 0.0 39.613033449315765 5.490129080822581 c
39.613033449315765 5.490129080822581 37.571492247054366 4.651600224675324 c
37.571492247054366 4.651600224675324 40.611788762508716 7.257427152230942 c
40.611788762508716 7.257427152230942 46.82096937133705 3.5871487683709056 c
46.82096937133705 2.6276615879698273 49.72071955959326 5.8352742528285475 c
49.72071955959326 5.8352742528285475 51.840720417873825 8.180352677194973 c
51.86924974594007 12.672470943200198 51.84072041787383 14.997477187038465 c
49.594230115091264 14.997477187038465 47.52712002553824 16.734763687218546 c
46.97899717724682 16.479699052817107 36.148666665184095 14.997477187038465 c
36.148666665184095 14.997477187038465 38.140582236476305 18.45264556812908 c
38.140582236476305 18.45264556812908 34.79371070818265 22.014716840481555 c
34.75506514111139 18.914230510706076 28.334124225598227 15.726037490801238 c
28.334124225598227 15.726037490801238 28.247138294321086 14.724833122300033 d
28.247138294321086 14.724833122300033 37.571492247054366 14.073469484637812 c
37.571492247054366 14.073469484637812 30.02557314090781 0.0 c
30.02557314090781 0.0 34.361282452616095 11.366003044432793 c
34.361282452616095 11.366003044432793 28.247138294321086 14.724833122300033 c
28.334124225598227 15.726037490801238 24.4783911219417 14.997477187038465 c
24.4783911219417 14.997477187038465 22.01235046765769 15.551161513391131 c
22.01235046765769 15.551161513391131 21.741383920469957 21.247722411005505 c
21.741383920469957 21.247722411005505 18.3930379695132 16.41146005426011 c
9.273640449829244 14.997477187038465 8.725381400908166 15.825094197464782 c
7.791727126486091 20.872398535149596 8.725381400908166 15.825094197464782 d
7.791727126486091 20.872398535149596 3.1599892606618494 18.891173903210788 c
3.1599892606618494 18.891173903210788 1.670488399518117 14.997477187038465 c
1.670488399518117 14.997477187038465 0.0 19.452167763956158 c
0.0 19.452167763956158 8.725381400908166 22.324261185005106 c
8.725381400908166 22.324261185005106 7.791727126486091 20.872398535149596 c
8.725381400908166 15.825094197464782 18.3930379695132 17.510867069759634 c
15.214613192865972 14.4471632043937 18.95183014312903 5.5202703307431875 c
18.95183014312903 5.5202703307431875 22.25815033632813 4.488093765238851 c
23.498497255949832 0.5024587412552268 22.25815033632813 4.488093765238851 d
24.90047030867658 1.4577680925818601 22.25815033632813 0.0 c
22.25815033632813 0.0 28.247138294321086 4.093648983543623 c
28.247138294321086 4.093648983543623 28.202098864997843 3.5728636511404783 c
28.202098864997843 3.5728636511404783 26.89148016537967 1.1876562981359733 c
26.89148016537967 1.1876562981359733 23.498497255949832 0.5024587412552268 c
23.498497255949832 0.5024587412552268 24.90047030867658 1.4577680925818601 c
22.25815033632813 4.488093765238851 18.672471533355928 4.510060052259771 c
18.672471533355928 4.510060052259771 17.276395254255327 7.2945879272149075 c
17.276395254255327 7.2945879272149075 16.110897989604467 0.0 c
16.110897989604467 0.0 13.132876260551354 1.1642378868044254 c
13.132876260551354 1.1642378868044254 9.72314354565723 1.200160433975018 c
9.72314354565723 0.0 0.0 0.8995445519150223 c
0.08251583005560725 0.8919105326264332 0.0 0.0 d
