Processando arquivo: poly5b_mod_pack.txt

Tempo de Inicio (hh:mm:ss.ms) 2026-04-27 10:06:57.388440
Tempo de Termino (hh:mm:ss.ms) 2026-04-27 10:07:00.597384
Tempo Total (hh:mm:ss.ms) 0:00:03.208944

Função Objetivo: 129.6759097599898

0.0 0.0 2.428439081797534 1.4331012970942916 d
3.2741590107541754 0.0 0.0 5.548174241315927 c
0.0 5.548174241315927 10.73009544910198 5.131192368743831 c
10.73009544910198 5.131192368743831 10.73009544910198 9.074851578074448 d
12.925955786061797 8.848211523102925 10.73009544910198 9.074851578074448 c
10.73009544910198 9.074851578074448 13.31963163720949 11.84391299587148 c
13.31963163720949 11.84391299587148 12.899495828091567 10.506272830012133 c
12.899495828091567 10.506272830012133 18.145173554829224 13.407112300321778 c
18.145173554829224 13.407112300321778 19.064272984722308 16.248020427248413 d
19.064272984722308 16.248020427248413 20.67686753337051 21.965766916215298 c
19.06427298472231 25.191191260454637 20.67686753337051 21.965766916215298 d
19.06427298472231 25.191191260454637 14.804158527570777 16.248020427248413 c
14.804158527570777 16.248020427248413 12.806332944096926 17.301514497439328 c
12.806332944096926 17.301514497439328 13.770635054231986 21.380171361382388 c
13.770635054231986 21.380171361382388 5.173767540306503 24.295456682441035 c
5.173767540306503 24.295456682441035 9.816358475568569 17.872295509634892 c
9.816358475568569 17.872295509634892 0.0 22.63130568254193 c
0.0 22.63130568254193 10.455534027272908 27.447877575601375 c
10.455534027272908 27.447877575601375 14.76687035660942 27.051802973443312 c
14.76687035660942 27.051802973443312 15.445375245456336 30.956459908714855 d
15.445375245456336 30.956459908714855 6.853649419864317 35.621621363226566 c
15.445375245456336 30.956459908714855 16.28963624128911 30.95645990871486 d
16.28963624128911 30.95645990871486 16.732911508264984 33.95615454982149 c
16.732911508264984 33.95615454982149 19.743753832859646 32.305079167152286 c
19.743753832859646 32.305079167152286 23.03360285874946 34.54021649340224 d
22.909229797169054 30.956459908714862 19.743753832859646 42.86534475909577 c
19.743753832859646 42.86534475909577 23.03360285874946 34.54021649340224 c
23.03360285874946 34.54021649340224 32.28177691478147 36.10576514077013 c
32.28177691478147 35.08872169732317 32.28177691478147 36.10576514077013 d
32.28177691478147 35.08872169732317 35.88498966902067 38.91966705567356 c
35.88498966902067 38.91966705567356 36.59063592349816 39.114158173054356 c
36.59063592349816 39.114158173054356 36.20837653254621 32.128184933429054 c
36.20837653254621 32.128184933429054 32.93990023166601 30.95645990871486 c
32.93990023166601 30.95645990871486 32.28177691478147 35.08872169732317 c
32.28177691478147 36.10576514077013 22.909229797169054 30.956459908714862 c
19.743753832859646 32.305079167152286 16.28963624128911 30.95645990871486 c
6.853649419864317 38.27404336202453 6.853649419864317 35.621621363226566 d
6.853649419864317 38.27404336202453 2.4608251220051534 30.95645990871486 c
2.4608251220051534 30.95645990871486 0.0 39.46640667626062 c
0.0 39.46640667626062 6.853649419864317 38.27404336202453 c
6.853649419864317 35.621621363226566 16.28963624128911 43.57870217269639 c
16.28963624128911 43.57870217269639 14.49524978621686 40.21938412013367 c
14.49524978621686 40.21938412013367 15.492047203876961 40.09989210248178 c
15.492047203876961 40.09989210248178 15.445375245456336 30.956459908714855 c
14.76687035660942 27.051802973443312 16.719574795528153 24.13466800744386 c
16.719574795528153 24.13466800744386 19.06427298472231 25.191191260454637 c
20.67686753337051 21.965766916215298 26.649872555017552 25.172321093492428 c
26.649872555017552 25.172321093492428 30.77711901670368 20.983022584734567 c
30.777119016703683 20.81953384851899 30.77711901670368 20.983022584734567 d
30.777119016703683 20.81953384851899 40.504620430684795 29.69726983787243 c
42.534002165906195 30.95645990871486 40.504620430684795 29.69726983787243 d
42.534002165906195 30.95645990871486 36.59063592349816 34.64905596979326 c
36.59063592349816 34.64905596979326 37.937239099664495 35.73174259788672 c
37.937239099664495 35.73174259788672 40.547959568147135 36.252860631899836 c
40.547959568147135 36.252860631899836 42.86273792001517 34.413226637402325 c
42.86273792001517 34.413226637402325 47.86443133110912 32.35171927245797 c
47.86443133110912 32.35171927245797 51.06257186027216 33.480643027910766 d
50.51651187384325 31.463516330623083 47.86443133110911 40.57449815152502 c
47.86443133110911 40.57449815152502 54.629114397561565 36.89062865133241 c
54.629114397561565 36.89062865133241 55.553881351820124 39.03868123439452 d
55.553881351820124 39.03868123439452 63.4360245254685 42.98000318116655 c
63.4360245254685 42.98000318116655 66.83455654811827 39.104513811313026 c
66.83455654811827 39.104513811313026 64.30892831535351 51.457734161327906 c
62.99523208144805 52.880499448548605 64.30892831535351 51.457734161327906 d
62.99523208144805 52.880499448548605 64.31823166438107 52.89207498552145 c
64.31823166438107 52.89207498552145 64.19244659097983 55.93337369889058 c
64.19244659097983 55.93337369889058 59.97873357361289 59.47697660189119 c
59.97873357361289 59.47697660189119 56.1951540930965 63.849995570717844 d
56.1951540930965 63.849995570717844 50.249954865101394 73.67277410051307 c
50.249954865101394 73.67277410051307 59.489148504390094 64.37955676799068 c
59.489148504390094 64.37955676799068 59.489148504390094 68.73589399626168 d
59.489148504390094 68.73589399626168 64.83779971596628 75.62726928075719 c
64.83779971596628 75.62726928075719 65.81680396743724 80.05993310702065 d
65.81680396743724 80.05993310702065 71.91372359332844 83.1996112222864 c
71.91372359332844 83.1996112222864 74.32629387609605 84.20549351609485 c
74.32629387609605 84.20549351609485 73.27390242451472 79.58996989893532 c
73.27390242451472 79.58996989893532 75.70685786535334 79.58996989893532 d
75.70685786535334 79.58996989893532 74.32629387609605 93.67654118760868 c
75.70685786535334 79.58996989893532 77.24106309591271 79.58996989893532 d
79.63333565572272 89.16056793762952 81.37447182407554 83.78257328591292 c
81.37447182407554 83.78257328591292 77.24106309591271 79.58996989893532 c
77.24106309591271 79.58996989893532 79.63333565572272 89.16056793762952 c
74.32629387609605 93.67654118760868 77.24106309591271 92.07303867731424 c
77.24106309591271 92.07303867731424 75.70685786535334 79.58996989893532 c
73.27390242451472 79.58996989893532 65.81680396743724 80.05993310702065 c
64.83779971596628 75.62726928075719 67.12988452569668 71.86804783403075 c
67.12988452569668 71.86804783403075 64.26540322463141 63.84999557071784 c
64.26540322463141 63.84999557071784 67.12988452569668 64.7709512156612 d
67.12988452569668 64.7709512156612 71.64221473723373 66.18800435193741 c
71.64221473723373 66.18800435193741 76.50629116656778 69.3488506700472 c
78.84768776719459 69.07204151021098 76.50629116656778 69.3488506700472 d
78.84768776719459 69.07204151021098 78.54382472323113 64.08513265206054 c
78.54382472323113 64.08513265206054 76.50629116656778 63.849995570717844 c
76.50629116656778 63.849995570717844 78.84768776719459 69.07204151021098 c
76.50629116656778 69.3488506700472 72.03513304635074 63.84999557071784 c
72.03513304635074 63.84999557071784 67.12988452569668 64.7709512156612 c
64.26540322463141 63.84999557071784 59.489148504390094 68.73589399626168 c
59.489148504390094 64.37955676799068 56.1951540930965 63.849995570717844 c
59.97873357361289 59.47697660189119 68.6873240123498 59.287224435161065 c
68.6873240123498 59.287224435161065 67.90808114452946 62.059685114771675 c
67.90808114452946 62.059685114771675 74.82319199704284 56.18532557646387 c
76.3197587991026 54.36159528687734 74.82319199704284 56.18532557646387 d
76.3197587991026 54.36159528687734 74.82319199704283 51.457734161327906 c
74.82319199704283 51.457734161327906 77.11547923327399 58.037693303973455 c
77.11547923327399 58.037693303973455 82.95135870003094 55.87374508627256 c
82.95135870003094 55.87374508627256 78.04850595652864 53.10403624427805 c
78.04850595652864 53.10403624427805 76.5078268864748 53.32877195002429 c
76.5078268864748 53.32877195002429 76.3197587991026 54.36159528687734 c
74.82319199704284 56.18532557646387 68.83731548149527 51.457734161327906 c
68.83731548149527 51.457734161327906 68.70759570257334 52.64145559010726 c
68.70759570257334 52.64145559010726 62.99523208144805 52.880499448548605 c
64.30892831535351 51.457734161327906 59.97873357361289 53.77487173010911 d
59.97873357361289 53.77487173010911 47.10741330821064 51.457734161327906 c
47.10741330821064 51.457734161327906 38.21214640584779 55.01395792595251 c
38.21214640584779 55.01395792595251 42.10995814222734 54.54101284005404 c
38.21214640584779 56.9958647372488 42.10995814222734 54.54101284005404 d
38.21214640584779 56.9958647372488 32.347036476295536 51.457734161327906 c
32.347036476295536 51.457734161327906 31.68058616206598 53.40652116059165 c
31.68058616206598 53.40652116059165 29.85957177926216 55.26528351969067 c
29.85957177926216 55.26528351969067 29.85957177926216 56.20376146370691 d
29.85957177926216 56.20376146370691 23.379418943344298 51.457734161327906 c
23.379418943344298 51.457734161327906 22.33810187714398 53.17532392777844 c
22.33810187714398 53.17532392777844 22.33810187714398 54.0561299852251 d
22.33810187714398 54.0561299852251 19.000912058800587 51.457734161327906 c
19.000912058800587 51.457734161327906 17.62747589335638 58.179824396709364 c
17.62747589335638 58.179824396709364 22.33810187714398 54.0561299852251 c
22.33810187714398 53.17532392777844 23.224474073153758 59.5520958541922 c
24.263719660251134 63.84999557071785 23.224474073153758 59.5520958541922 d
24.263719660251134 63.84999557071785 18.393435245597892 64.88342634155583 c
18.393435245597892 64.88342634155583 18.038027946516607 65.8877719930218 c
18.038027946516607 65.8877719930218 18.038027946516607 68.51528755190417 d
18.038027946516607 68.51528755190417 11.24350889512332 67.69215413844394 c
11.24350889512332 67.69215413844394 8.749467654637147 63.84999557071785 c
8.749467654637147 63.84999557071785 7.338263713955897 62.39679711007615 d
7.338263713955897 62.39679711007615 9.872151086299509 60.926353703160615 c
9.872151086299509 60.926353703160615 9.501372402326977 57.19733080069113 c
9.87215108629951 58.85114672711421 9.501372402326977 57.19733080069113 d
9.87215108629951 58.85114672711421 13.705294717991608 54.237845496401064 c
13.705294717991608 54.237845496401064 17.627475893356383 54.02349314585982 c
17.627475893356383 54.02349314585982 14.109929871616869 51.457734161327906 c
14.109929871616869 51.457734161327906 9.87215108629951 58.85114672711421 c
9.501372402326977 57.19733080069113 3.7733437871164135 51.457734161327906 c
3.7733437871164135 51.457734161327906 3.475788429138687 51.457734161327906 d
3.475788429138687 51.457734161327906 0.0 53.455207470589905 c
0.0 53.455207470589905 1.2385450476915452 57.49013990214672 c
1.2385450476915452 57.49013990214672 1.7599464702674048 63.849995570717844 c
1.7599464702674048 63.849995570717844 4.79233668234977 64.64888868632674 d
3.3169706641017767 63.849995570717844 0.0 64.2477063567268 c
0.0 64.2477063567268 0.048559243149340015 64.7565578978367 c
0.048559243149340015 64.7565578978367 0.6101687657140253 70.64165520423742 c
0.6101687657140253 70.64165520423742 3.4285388278502578 72.99159657844388 c
3.4285388278502578 72.99159657844388 3.4246158272580294 64.60831427878624 c
3.4246158272580294 64.60831427878624 4.79233668234977 64.64888868632674 c
4.792336682349769 64.1492062398718 4.79233668234977 64.64888868632674 d
4.792336682349769 64.1492062398718 8.749467654637147 67.74788806529686 c
8.749467654637147 67.74788806529686 5.138781232954726 63.84999557071784 c
5.138781232954726 63.84999557071784 4.792336682349769 64.1492062398718 c
4.79233668234977 64.64888868632674 3.3169706641017767 63.849995570717844 c
1.7599464702674048 63.849995570717844 1.0749616382551945 53.74795199026761 c
1.0749616382551945 53.74795199026761 3.475788429138687 51.457734161327906 c
3.7733437871164135 51.457734161327906 3.475788429138687 59.120022849178085 c
3.475788429138687 59.120022849178085 6.207287789962939 57.614705564604805 c
6.207287789962939 57.614705564604805 4.035831446946636 52.24168153034016 c
4.035831446946636 52.24168153034016 8.003559096247823 61.583171846879225 c
8.003559096247823 61.583171846879225 7.338263713955897 62.39679711007615 c
8.749467654637147 63.84999557071785 10.378896531626703 72.74893508631718 c
10.378896531626703 72.74893508631718 10.706918446830748 67.87832243020907 c
10.706918446830748 67.87832243020907 14.487068943032103 74.35322190140778 c
14.487068943032103 74.35322190140778 18.038027946516607 68.51528755190417 c
18.038027946516607 65.8877719930218 18.897630409819598 65.57451437459544 c
18.897630409819598 65.57451437459544 23.185617931615802 68.05623466152493 c
23.185617931615802 68.05623466152493 24.268040020515492 66.26981776465628 c
24.268040020515492 66.26981776465628 25.30698558259352 66.12913690626793 c
25.30698558259352 66.12913690626793 27.102911255468868 68.59201252983132 c
27.102911255468868 68.59201252983132 31.485264581438322 65.17222402382382 d
31.485264581438322 65.17222402382382 34.08179941930376 72.0385194743983 c
34.08179941930376 72.0385194743983 32.707894050805436 69.784101459296 c
32.707894050805436 69.784101459296 27.102911255468868 73.55293148633515 c
27.102911255468868 73.55293148633515 31.563881879828543 79.58996989893534 c
31.563881879828543 79.58996989893534 35.06072960605534 79.58996989893532 d
35.06072960605534 79.58996989893532 24.559753484444776 80.72966992673656 c
24.559753484444776 80.72966992673656 24.559753484444776 79.58996989893532 d
24.559753484444776 79.58996989893532 17.900488384752776 81.5085606177165 c
17.900488384752776 81.5085606177165 15.112784313647936 85.91588095997047 c
15.112784313647936 85.91588095997047 15.11278431364794 85.2835715484336 d
15.11278431364794 85.2835715484336 12.132144568235198 79.58996989893532 c
12.132144568235198 79.58996989893532 7.410647061185774 86.5335395016457 c
2.9412284365625982 86.44740052822341 7.410647061185774 86.5335395016457 d
2.9412284365625982 86.44740052822341 4.840048524948775 81.60865172883592 c
4.840048524948774 79.58996989893532 4.840048524948775 81.60865172883592 d
4.840048524948774 79.58996989893532 6.5578077796374155 88.96375098948681 c
6.5578077796374155 88.96375098948681 9.2401905305431 93.67654118760868 d
9.2401905305431 93.67654118760868 6.980981225106695 97.53826222173291 c
9.2401905305431 93.67654118760868 10.766470523671527 93.67654118760868 d
10.766470523671527 93.67654118760868 9.2401905305431 102.3877619920306 c
9.2401905305431 102.3877619920306 9.57820852997352 108.40869466509893 c
9.674711295006775 108.40869466509892 9.57820852997352 108.40869466509893 d
9.674711295006775 108.40869466509892 7.480011485734247 114.71070498223676 c
7.480011485734247 114.71070498223676 4.635586489649757 112.80289157212238 c
4.635586489649757 112.80289157212238 0.0 111.81067543420983 c
0.0 111.81067543420983 10.906135179264801 119.75398975331439 c
10.906135179264801 119.75398975331439 10.456828035025666 120.41234866942185 c
10.456828035025666 120.41234866942185 14.756131162514023 120.41234866942186 d
14.756131162514023 120.41234866942186 13.687554525527895 131.1027811785084 c
11.906408459430809 124.65408773419715 14.756131162514023 120.41234866942186 d
8.371172069708452 130.33495112922452 7.815833956697132 126.66938412466197 c
7.815833956697132 126.66938412466197 8.33566531128786 130.41714060064487 c
8.33566531128786 130.41714060064487 7.815833956697132 130.67013412210625 d
7.815833956697132 130.67013412210625 0.0 120.41234866942183 c
0.0 120.41234866942183 5.036133575685911 127.72626594467667 c
5.036133575685911 127.72626594467667 4.603782566296962 134.10306078643353 c
4.603782566296962 134.10306078643353 7.815833956697132 130.67013412210625 c
8.33566531128786 130.41714060064487 11.906408459430809 124.65408773419715 c
11.906408459430809 124.65408773419715 11.47332422056982 123.54053005600257 c
11.47332422056982 123.54053005600257 13.687554525527895 121.12285320344296 c
13.687554525527895 121.12285320344296 12.287227209272585 120.41234866942183 c
12.287227209272585 120.41234866942183 8.392729924143087 121.00295372994555 c
8.392729924143087 121.00295372994555 8.371172069708452 130.33495112922452 c
13.687554525527895 131.1027811785084 13.856855232539758 134.04099917875052 c
13.856855232539758 134.04099917875052 18.376772762987596 128.04622334645293 c
18.376772762987596 128.20951532134455 18.376772762987596 128.04622334645293 d
18.376772762987596 128.20951532134455 23.039136887633788 131.48283491738806 c
23.039136887633788 131.48283491738806 26.738884060633488 131.10900859118624 c
26.738884060633488 131.10900859118624 28.087378774953653 129.61267886797745 c
28.087378774953653 129.61267886797745 24.716326843475056 125.71277957869823 c
24.716326843475056 125.71277957869823 28.013472327947383 124.46829813374644 c
28.08737877495365 120.41234866942183 28.013472327947383 124.46829813374644 d
28.08737877495365 120.41234866942183 35.69735284435885 129.4710607766426 c
35.69735284435885 129.4710607766426 41.11302656933498 136.83394106708752 c
41.11302656933498 136.83394106708752 42.27306749282729 134.7802708369177 c
42.27306749282729 134.7802708369177 28.08737877495365 120.41234866942183 c
28.013472327947383 124.46829813374644 23.80294115774253 120.41234866942185 c
23.80294115774253 120.41234866942185 18.376772762987596 128.20951532134455 c
18.376772762987596 128.04622334645293 14.756131162514023 120.41234866942186 c
10.456828035025666 120.41234866942185 14.33627946101831 116.58360289679813 c
14.33627946101831 116.58360289679813 11.323320686723402 110.2991342497692 c
11.323320686723402 110.2991342497692 11.131217110869008 113.53014738105485 c
11.131217110869008 113.53014738105485 9.674711295006775 108.40869466509892 c
9.57820852997352 108.40869466509893 13.321511654634442 96.20644365575771 c
13.321511654634442 96.20644365575771 17.31899304219356 96.14372094804733 d
17.31899304219356 96.14372094804733 19.110887580846203 102.21788000170754 c
17.31899304219356 96.14372094804733 16.808143800209088 96.3120370655696 d
13.850163532685272 101.69706376036551 16.808143800209088 96.3120370655696 c
16.808143800209088 96.3120370655696 17.318993042193558 93.67654118760868 c
17.318993042193558 93.67654118760868 13.32151165463444 102.18010226319595 c
13.32151165463444 102.18010226319595 13.850163532685272 101.69706376036551 c
19.110887580846203 102.21788000170754 21.281899005078447 95.5871384102134 c
21.281899005078447 95.5871384102134 26.787106973794636 104.60274601663144 c
26.787106973794636 104.60274601663144 22.872295663974146 108.40869466509893 d
22.872295663974146 108.40869466509893 14.336279461018314 115.49766085545117 c
22.96788794288413 108.40869466509893 22.872295663974146 108.40869466509893 d
22.87229566397414 109.04305973569257 27.27171703019532 111.09868180192753 c
27.27171703019532 111.09868180192753 30.869536227688513 108.83621828433658 c
30.869536227688513 111.38191272800367 30.869536227688513 108.83621828433658 d
30.869536227688513 111.38191272800367 38.10764204901819 117.28929841528443 c
38.10764204901819 117.28929841528443 36.40564471803582 115.24801771810908 c
36.40564471803582 115.24801771810908 41.85724960474935 108.40869466509893 c
37.87925771065323 104.29679580707813 41.85724960474935 108.40869466509893 d
37.87925771065323 104.29679580707813 42.0455007368987 102.77265785650408 c
42.0455007368987 102.77265785650408 45.176621285213145 100.41821843099275 d
45.176621285213145 100.41821843099275 46.768773965344934 105.63112354308429 c
46.768773965344934 105.63112354308429 47.157875047649824 109.49408125953165 d
48.33444997624151 108.40869466509892 41.85724960474934 112.68687493153848 c
41.85724960474934 112.68687493153848 47.157875047649824 109.49408125953165 c
47.157875047649824 109.49408125953165 44.186424599193835 116.82696147549845 c
44.186424599193835 116.82696147549845 45.674677788585775 120.41234866942185 d
45.674677788585775 120.41234866942185 46.253067244746504 123.53710509501403 c
46.253067244746504 123.53710509501403 44.34118058993243 124.30737106805284 c
44.34118058993243 124.30737106805284 42.27306749282729 129.8879848898419 c
42.27306749282729 129.8879848898419 49.312232666723226 127.6393520002877 c
49.312232666723226 127.6393520002877 51.588042359637406 135.5056119585873 c
51.588042359637406 135.5056119585873 61.59789098043301 134.2303291050699 c
62.34602386105911 134.5915239396705 61.59789098043301 134.2303291050699 d
62.34602386105911 134.5915239396705 71.51478678008074 123.80167982937937 c
71.51478678008074 123.80167982937937 64.46416059123847 120.41234866942185 c
64.46416059123847 120.41234866942185 61.597890980433014 129.41455262609287 c
61.597890980433014 129.41455262609287 62.34602386105911 134.5915239396705 c
61.59789098043301 134.2303291050699 53.957472000587195 135.0267341738115 c
53.957472000587195 135.0267341738115 55.987720793695935 126.31844592021882 c
55.987720793695935 126.31844592021882 45.674677788585775 120.41234866942185 c
44.186424599193835 116.82696147549845 52.04766282903451 110.77575900367412 c
52.04766282903451 110.77575900367412 56.73166914614197 115.6141956444109 c
56.73166914614197 115.6141956444109 56.385080375825446 113.6335168406021 c
56.73166914614197 113.15559068255699 56.385080375825446 113.6335168406021 d
56.73166914614197 113.15559068255699 58.784546811279824 114.02524021920318 c
58.784546811279824 114.02524021920318 65.64889470104714 115.30071500899983 c
65.64889470104714 115.30071500899983 58.05314174099324 108.40869466509893 c
58.05314174099324 108.40869466509893 61.174135910827374 112.20066794367287 c
65.64889470104714 110.43028699267526 61.174135910827374 112.20066794367287 d
65.64889470104714 110.43028699267526 76.15435081796602 112.33772941610918 c
76.15435081796602 112.33772941610918 73.12484306462477 108.40869466509893 c
73.12484306462477 108.40869466509893 65.64889470104714 110.43028699267526 c
61.174135910827374 112.20066794367287 56.73166914614197 113.15559068255699 c
56.385080375825446 113.6335168406021 53.77415138524266 110.66989661666199 c
53.77415138524266 110.66989661666199 48.33444997624151 108.40869466509892 c
46.768773965344934 105.63112354308429 47.42604998374217 99.69182548676146 c
47.42604998374217 99.69182548676146 51.8451743779454 95.0259060596252 c
51.8451743779454 95.0259060596252 51.8451743779454 93.67654118760868 d
51.8451743779454 93.67654118760868 56.44688052354444 101.40333248762586 c
56.44688052354444 101.40333248762586 59.01768142859381 99.80899370046022 c
59.01768142859381 99.80899370046022 60.23300537932879 96.81653527864985 c
60.23300537932879 97.44850650521765 60.23300537932879 96.81653527864985 d
60.23300537932879 97.44850650521765 69.48935643456237 98.74495748420881 c
69.48935643456237 98.74495748420881 62.45118605518469 93.83387469102941 c
62.45118605518469 93.83387469102941 61.88425382116337 93.67654118760868 c
61.88425382116337 93.67654118760868 60.23300537932879 97.44850650521765 c
60.23300537932879 96.81653527864985 51.8451743779454 93.67654118760868 c
51.8451743779454 95.0259060596252 46.09026182143357 96.67168431845006 c
46.09026182143357 96.67168431845006 45.942125590158554 94.58370193784133 c
45.942125590158554 94.58370193784133 45.0604553932437 93.67654118760868 c
45.0604553932437 93.67654118760868 45.569003870493354 96.2759844072823 c
45.569003870493354 96.2759844072823 44.197645633190575 97.21293086986566 c
44.197645633190575 97.21293086986566 42.0455007368987 97.82839691654785 c
42.0455007368987 97.82839691654785 45.176621285213145 100.41821843099275 c
42.0455007368987 102.77265785650408 36.487401897179076 99.82621145984832 c
36.487401897179076 99.82621145984832 37.06378463286121 93.67654118760868 c
37.06378463286121 93.67654118760868 26.78710697379464 99.14677892165888 c
26.78710697379464 99.14677892165888 33.011032361904796 99.52592527184291 c
33.011032361904796 99.52592527184291 33.10647130924339 102.05659459864643 c
33.10647130924339 102.05659459864643 34.77759184543818 103.58365395592409 c
34.77759184543818 103.58365395592409 37.87925771065323 104.29679580707813 c
41.85724960474935 108.40869466509893 36.69722984642625 110.44021982717227 c
36.69722984642625 110.44021982717227 30.869536227688513 111.38191272800367 c
30.869536227688513 108.83621828433658 22.96788794288413 108.40869466509893 c
22.96788794288413 108.40869466509893 22.87229566397414 109.04305973569257 c
14.336279461018314 115.49766085545117 22.019606545114158 113.39634542124917 c
22.019606545114158 113.39634542124917 22.872295663974146 108.40869466509893 c
26.787106973794636 104.60274601663144 26.25946568116671 93.67654118760868 c
26.25946568116671 93.67654118760868 17.31899304219356 96.14372094804733 c
13.321511654634442 96.20644365575771 10.766470523671527 93.67654118760868 c
6.980981225106695 97.53826222173291 0.0 98.02776501615813 c
0.0 98.02776501615813 5.565096098713046 99.95846886719103 c
5.565096098713046 99.95846886719103 5.056180922436253 100.828369870203 c
5.056180922436253 100.828369870203 5.694629147291134 100.00340788554573 c
5.694629147291134 100.00340788554573 8.134263303846158 100.8497923823492 c
8.134263303846158 100.8497923823492 8.66299800097936 97.42032007499019 c
8.66299800097936 97.42032007499019 7.6380948356879355 97.4921857550784 c
7.6380948356879355 97.4921857550784 8.90412936606029 95.8562968636056 c
8.90412936606029 95.8562968636056 9.2401905305431 93.67654118760868 c
6.5578077796374155 88.96375098948681 7.410647061185772 82.02096992780679 c
7.410647061185772 82.02096992780679 4.840048524948774 79.58996989893532 c
4.840048524948775 81.60865172883592 1.6714750568381103 82.20678297454559 c
1.6714750568381103 82.20678297454559 0.0 79.58996989893532 c
0.0 79.58996989893532 1.4304619489771255 87.40982882510903 c
1.4304619489771255 87.40982882510903 2.9412284365625982 86.44740052822341 c
7.410647061185774 86.5335395016457 15.11278431364794 85.2835715484336 c
15.112784313647936 85.91588095997047 20.159648443253015 85.28658254665524 c
20.159648443253015 85.28658254665524 24.559753484444776 79.58996989893532 c
24.559753484444776 80.72966992673656 29.477579962267914 87.747693947246 c
29.477579962267914 87.747693947246 37.91047454148173 86.61835232092812 c
37.91047454148173 86.61835232092812 41.10442677800559 83.32207941047206 d
41.10442677800559 83.32207941047206 45.92268049545112 83.86086085477673 c
45.92268049545112 83.86086085477673 45.92268049545112 85.23468471009507 d
45.92268049545112 85.23468471009507 53.02828246159458 86.83127134414292 c
53.02828246159458 86.83127134414292 54.95497805460024 86.21893761370036 c
54.95497805460024 86.21893761370036 54.65612763105002 79.58996989893532 c
54.95497805460025 79.58996989893532 54.65612763105002 79.58996989893532 d
54.95497805460025 79.58996989893532 61.173574306805776 86.41731846095807 c
61.173574306805776 86.41731846095807 65.81680396743724 85.82805580214277 c
65.81680396743724 85.82805580214277 60.90025578371211 80.69984768825218 c
60.90025578371211 80.69984768825218 54.95497805460025 79.58996989893532 c
54.65612763105002 79.58996989893532 53.84089185402774 80.68776192678945 c
53.84089185402774 80.68776192678945 47.22399907213288 81.51413418695614 c
47.22399907213288 81.51413418695614 45.92268049545112 85.23468471009507 c
45.92268049545112 83.86086085477673 37.91047454148173 79.58996989893532 c
37.91047454148173 79.58996989893532 41.10442677800559 83.32207941047206 c
37.91047454148173 86.61835232092812 35.06072960605534 79.58996989893532 c
31.563881879828543 79.58996989893534 40.02111240788555 74.6135714592373 c
42.98452046312475 76.769283698437 40.02111240788555 74.6135714592373 d
42.98452046312475 76.769283698437 49.161580125366356 68.46213779677565 c
49.161580125366356 68.46213779677565 50.2499548651014 63.84999557071785 c
50.2499548651014 63.84999557071785 42.98452046312475 76.769283698437 c
40.02111240788555 74.6135714592373 38.03756099811791 64.19709897705525 c
38.03756099811791 64.19709897705525 35.8496918952835 67.22078970644564 c
40.02111240788555 69.66453729914073 35.8496918952835 67.22078970644564 d
40.02111240788555 69.66453729914073 42.98452046312475 70.23645459011765 c
42.98452046312475 70.23645459011765 42.63353847683685 63.84999557071784 c
42.63353847683685 63.84999557071784 40.02111240788555 69.66453729914073 c
35.8496918952835 67.22078970644564 34.81040990740316 66.15186545275148 c
34.81040990740316 66.15186545275148 33.77735150305887 69.17105891359354 c
33.77735150305887 69.17105891359354 34.8788919831851 63.84999557071785 c
34.8788919831851 63.84999557071785 31.485264581438322 65.17222402382382 c
27.102911255468868 68.59201252983132 24.263719660251134 63.84999557071785 c
23.224474073153758 59.5520958541922 29.85957177926216 56.20376146370691 c
29.85957177926216 55.26528351969067 35.186782163994884 56.88243757366123 c
35.186782163994884 56.88243757366123 38.21214640584779 56.9958647372488 c
42.10995814222734 54.54101284005404 45.67531735905363 53.75456795575789 c
45.67531735905363 53.75456795575789 47.10741330821064 51.457734161327906 c
47.10741330821064 51.457734161327906 48.82779788392486 56.17798367711269 c
48.82779788392486 56.17798367711269 59.97873357361289 53.77487173010911 c
64.30892831535351 51.457734161327906 70.76329988605535 42.86264476422641 c
70.76329988605535 42.86264476422641 73.18353273449475 36.03878588088169 c
73.18353273449475 37.032830680130445 73.18353273449475 36.03878588088169 d
73.18353273449475 37.032830680130445 78.04394423901158 43.275428393603235 c
78.04394423901158 43.275428393603235 81.14470886600215 32.66608745946948 c
81.14470886600215 32.66608745946948 77.02408607285896 30.956459908714855 c
77.02408607285896 30.956459908714855 77.18504303128319 34.37029331613291 c
77.18504303128319 34.37029331613291 73.18353273449475 37.032830680130445 c
73.18353273449475 36.03878588088169 66.4126288277727 30.956459908714855 c
66.4126288277727 30.956459908714855 55.553881351820124 39.03868123439452 c
54.629114397561565 36.89062865133241 55.55388135182012 30.956459908714862 c
55.55388135182012 30.956459908714862 51.06257186027216 33.480643027910766 c
51.06257186027216 33.480643027910766 50.51651187384325 31.463516330623083 c
47.86443133110912 32.35171927245797 42.534002165906195 30.95645990871486 c
40.504620430684795 29.69726983787243 39.01630692207677 22.699226017074484 c
39.01630692207677 22.699226017074484 40.504620430684795 24.5475405526008 d
40.504620430684795 24.5475405526008 54.84200399639625 23.551053616258244 c
54.84200399639625 23.551053616258244 54.84200399639625 23.94221171141713 d
54.84200399639625 23.94221171141713 56.54265611583905 21.57164713327341 c
56.54265611583905 21.57164713327341 57.42745333264154 21.966304792954162 c
57.42745333264154 21.966304792954162 57.48569150153338 23.66590001789409 c
57.48569150153338 23.66590001789409 57.523310184843965 22.00906107680786 c
57.523310184843965 22.00906107680786 62.768592779578924 24.34868298552412 c
62.768592779578924 24.34868298552412 60.43358932850666 21.183874420144132 c
60.43358932850666 21.183874420144132 57.53420046119944 21.52942084602205 c
57.53420046119944 21.52942084602205 57.56851147005752 20.018261746840444 c
57.56851147005752 20.018261746840444 59.85187083823848 20.395426908516164 c
59.85187083823848 20.395426908516164 58.30195166654075 18.294703045353085 c
58.30195166654075 18.294703045353085 64.59858828741778 21.71043261049224 c
64.59858828741778 21.71043261049224 65.37148503418695 20.388074516969958 c
65.37148503418695 20.672729934236223 65.37148503418695 20.388074516969958 d
65.37148503418695 20.672729934236223 71.96051445179224 30.956459908714855 c
71.96051445179224 30.956459908714855 76.50467313068901 17.75466055335216 c
76.50467313068901 17.75466055335216 70.69890779562819 16.24802042724841 c
70.69890779562819 16.24802042724841 65.37148503418695 20.672729934236223 c
65.37148503418695 20.388074516969958 60.974525007221885 16.343205328056737 c
60.974525007221885 16.343205328056737 56.60099728290069 16.248020427248413 c
56.60099728290069 16.248020427248413 54.84200399639625 23.94221171141713 c
54.84200399639625 23.551053616258244 54.256175235432934 17.42046127712229 c
54.256175235432934 17.42046127712229 40.88872787805072 16.248020427248413 c
40.88872787805072 16.248020427248413 40.504620430684795 24.5475405526008 c
39.01630692207677 22.699226017074484 40.22972157949572 16.248020427248413 c
40.22972157949572 16.248020427248413 37.99264860409023 16.248020427248413 d
37.99264860409023 16.248020427248413 37.168526589882305 10.776472214033545 c
37.168526589882305 10.776472214033545 38.252425014358515 10.176208890739742 c
38.25242501435852 8.90364470990281 38.252425014358515 10.176208890739742 d
38.25242501435852 8.90364470990281 49.69782577951199 12.093797239583687 c
49.69782577951199 12.093797239583687 54.67884710633172 4.961154840382822 c
54.67884710633172 4.961154840382822 52.57306291055136 0.0 c
54.678847106331716 1.7611032684247423 52.57306291055136 0.0 d
54.678847106331716 1.7611032684247423 59.946608084685714 5.388920140819478 c
59.946608084685714 5.388920140819478 60.77467778000618 2.689786276929002 c
60.77467778000618 2.689786276929002 62.592379808604555 3.257983593416796 c
62.592379808604555 3.257983593416796 61.9239147332261 1.5544643760752237 c
61.9239147332261 1.5544643760752237 66.11562867621018 0.0 c
66.11562867621018 0.0 54.678847106331716 1.7611032684247423 c
52.57306291055136 0.0 41.747037226661575 4.994302400873844 c
41.747037226661575 4.994302400873844 46.39566325627122 4.608858898442652 c
46.39566325627122 4.608858898442652 38.25242501435852 8.90364470990281 c
38.252425014358515 10.176208890739742 36.02394750373058 11.086598591454866 c
36.02394750373058 11.086598591454866 33.84138191503583 8.342293777012404 c
33.84138191503583 8.342293777012404 32.577571060374765 0.0 c
32.577571060374765 0.0 29.534624209119194 6.636868161984723 c
29.534624209119194 6.636868161984723 27.86889726216119 5.7889646857317185 c
27.86889726216119 5.7889646857317185 29.20742537064615 7.350510450151564 c
29.20742537064615 7.350510450151564 28.933554501983142 7.947840912224747 c
28.933554501983142 7.947840912224747 37.99264860409023 16.248020427248413 c
40.22972157949572 16.248020427248413 31.75756278917211 17.520134518988826 c
31.75756278917211 17.520134518988826 30.777119016703683 20.81953384851899 c
30.77711901670368 20.983022584734567 22.711772379688735 19.479727803856903 c
22.711772379688735 19.479727803856903 22.764190197934862 21.595346252049566 c
22.764190197934862 21.595346252049566 19.064272984722308 16.248020427248413 c
18.145173554829224 13.407112300321778 14.118360548385548 9.563192313231646 c
14.118360548385548 9.563192313231646 18.83578123299667 10.686574744968734 c
18.83578123299667 11.280671533502098 18.83578123299667 10.686574744968734 d
18.83578123299667 11.280671533502098 27.86889726216119 12.913146760694584 c
27.86889726216119 12.913146760694584 21.82066938952822 0.0 c
21.82066938952822 0.0 18.83578123299667 11.280671533502098 c
18.83578123299667 10.686574744968734 12.88637356322436 0.0 c
12.88637356322436 0.0 12.925955786061797 8.848211523102925 c
10.73009544910198 5.131192368743831 3.2741590107541754 0.0 c
2.428439081797534 1.4331012970942916 0.0 0.0 d
