Processando arquivo: poly5b_pack.txt

Tempo de Inicio (hh:mm:ss.ms) 2026-04-27 10:05:29.850646
Tempo de Termino (hh:mm:ss.ms) 2026-04-27 10:05:32.671238
Tempo Total (hh:mm:ss.ms) 0:00:02.820592

Função Objetivo: 91.14800000000001

0.0 0.0 1.6 0.7999999999999998 d
2.0 0.0 9.0 1.0 c
9.0 1.0 12.0 5.0 c
12.0 5.0 12.0 4.0 d
12.0 4.0 16.0 0.0 c
16.0 0.0 18.0 7.0 c
18.0 7.0 18.0 8.0 d
18.0 8.0 20.0 0.0 c
20.0 0.0 24.0 2.0 c
24.0 2.0 27.0 1.0 c
27.0 0.0 27.0 1.0 d
27.0 0.0 33.0 0.0 c
33.0 0.0 35.0 2.0 c
35.0 3.0 35.0 2.0 d
35.0 3.0 39.0 2.0 c
39.0 2.0 41.0 0.0 c
41.0 1.0 41.0 0.0 d
41.0 1.0 44.0 0.0 c
44.0 0.0 48.0 0.0 c
48.0 0.0 46.0 3.0 c
48.0 6.0 46.0 3.0 d
48.0 6.0 51.0 0.0 c
51.0 0.0 57.0 0.0 c
60.0 0.0 57.0 0.0 d
60.0 0.0 64.0 2.0 c
64.0 2.0 65.0 7.0 c
65.0 7.0 65.0 11.0 c
65.0 11.0 60.0 8.0 c
60.0 8.0 57.0 4.0 c
57.0 4.0 60.0 0.0 c
57.0 0.0 52.0 2.0 c
52.0 2.0 48.0 6.0 c
46.0 3.0 42.0 3.0 c
42.0 3.0 41.0 1.0 c
41.0 0.0 40.0 4.0 c
40.0 4.0 35.0 6.0 c
35.0 6.0 35.0 3.0 c
35.0 2.0 30.0 7.0 c
30.0 7.0 27.0 0.0 c
27.0 1.0 25.0 3.0 c
25.0 3.0 21.0 5.0 c
21.0 5.0 23.0 7.0 c
23.0 7.0 18.0 8.0 c
18.0 7.0 12.0 4.0 c
12.0 5.0 2.0 8.0 c
2.0 8.0 4.0 11.0 d
4.0 11.0 4.0 15.0 c
4.0 15.0 5.0 11.0 c
5.0 11.0 10.0 15.0 c
10.0 15.0 10.0 17.0 c
10.0 17.0 5.0 19.0 c
5.0 19.0 4.0 15.0 c
4.0 15.0 4.0 17.0 c
4.0 17.0 0.0 17.0 c
0.0 19.0 0.0 17.0 d
0.0 19.0 13.0 21.0 c
13.0 19.0 13.0 21.0 d
13.0 19.0 17.0 23.0 c
13.0 19.0 15.0 18.0 d
15.0 18.0 10.0 11.0 c
10.0 11.0 17.0 11.0 c
17.0 11.0 27.0 13.0 c
27.0 13.0 25.0 16.0 c
25.0 16.0 21.0 15.0 c
21.0 15.0 17.0 11.0 c
17.0 11.0 15.0 18.0 c
17.0 23.0 18.0 26.0 c
18.0 26.0 19.0 24.0 d
19.0 24.0 18.0 19.0 c
18.0 19.0 24.0 19.0 c
24.0 19.0 27.0 20.0 c
27.0 20.0 27.0 19.0 c
27.0 19.0 33.0 21.0 c
33.0 20.0 33.0 21.0 d
33.0 20.0 36.0 19.0 c
36.0 19.0 40.0 21.0 c
40.0 21.0 37.0 24.0 c
37.0 24.0 34.0 22.0 c
34.0 22.0 33.0 20.0 c
33.0 21.0 32.0 24.0 c
32.0 24.0 29.0 26.0 c
29.0 26.0 27.0 26.0 c
27.0 26.0 27.0 20.0 c
29.0 18.0 27.0 20.0 d
29.0 18.0 27.0 15.0 c
27.0 15.0 29.0 11.0 c
29.0 11.0 30.0 11.0 d
30.0 11.0 40.0 12.0 c
40.0 12.0 43.0 14.0 d
43.0 14.0 44.0 11.0 c
44.0 11.0 48.0 12.0 c
48.0 12.0 51.0 11.0 c
51.0 11.0 54.0 13.0 c
54.0 13.0 53.0 16.0 c
53.0 16.0 54.0 19.0 d
54.0 19.0 52.0 21.0 c
54.0 20.0 54.0 19.0 d
54.0 20.0 64.0 19.0 c
64.0 19.0 65.0 21.0 c
65.0 21.0 61.0 24.0 c
61.0 24.0 56.0 25.0 c
56.0 25.0 54.0 20.0 c
52.0 21.0 53.0 24.0 c
53.0 24.0 51.0 25.0 c
51.0 25.0 49.0 22.0 c
49.0 22.0 49.0 20.0 c
49.0 20.0 54.0 19.0 c
53.0 16.0 48.0 12.0 c
48.0 12.0 45.0 13.0 c
45.0 13.0 43.0 14.0 c
40.0 12.0 40.0 11.0 c
40.0 11.0 43.0 12.0 c
43.0 12.0 43.0 13.0 c
43.0 13.0 40.0 13.0 c
40.0 13.0 40.0 12.0 c
40.0 12.0 33.0 13.0 c
33.0 13.0 30.0 11.0 c
29.0 11.0 30.0 14.0 c
30.0 14.0 29.0 18.0 c
27.0 20.0 19.0 24.0 c
18.0 26.0 20.0 27.0 d
20.0 27.0 21.0 35.0 c
20.0 27.0 21.0 29.0 d
23.0 31.0 21.0 29.0 c
21.0 29.0 24.0 27.0 c
24.0 27.0 24.0 30.0 c
24.0 31.0 24.0 30.0 d
24.0 31.0 26.0 27.0 c
26.0 27.0 33.0 32.0 c
33.0 33.0 33.0 32.0 d
33.0 33.0 35.0 27.0 c
35.0 27.0 37.0 31.0 c
37.0 31.0 35.0 30.0 c
35.0 30.0 37.0 32.0 d
37.0 32.0 40.0 27.0 c
40.0 25.0 40.0 27.0 d
40.0 25.0 42.0 22.0 c
42.0 22.0 42.0 19.0 c
42.0 19.0 44.0 20.0 c
44.0 20.0 46.0 19.0 c
46.0 19.0 49.0 24.0 c
49.0 24.0 51.0 27.0 d
51.0 27.0 58.0 28.0 c
58.0 28.0 62.0 30.0 c
62.0 30.0 62.0 27.0 c
62.0 27.0 64.0 27.0 c
64.0 27.0 66.0 32.0 c
66.0 32.0 65.0 35.0 c
65.0 35.0 62.0 32.0 c
62.0 32.0 62.0 30.0 c
62.0 30.0 57.0 33.0 c
57.0 33.0 54.0 34.0 c
53.0 35.0 54.0 34.0 d
53.0 35.0 59.0 35.0 c
59.0 35.0 61.0 37.0 c
61.0 37.0 58.0 41.0 c
58.0 41.0 54.0 39.0 c
54.0 39.0 53.0 35.0 c
54.0 34.0 51.0 27.0 c
49.0 24.0 44.0 27.0 c
44.0 27.0 40.0 25.0 c
40.0 27.0 43.0 30.0 c
43.0 30.0 48.0 27.0 c
48.0 27.0 50.0 29.0 c
50.0 29.0 51.0 31.0 c
51.0 31.0 45.0 32.0 c
45.0 32.0 43.0 30.0 c
43.0 30.0 41.0 33.0 c
41.0 33.0 38.0 35.0 c
38.0 35.0 37.0 32.0 c
35.0 30.0 33.0 33.0 c
33.0 32.0 27.0 33.0 c
27.0 33.0 29.0 35.0 d
29.0 35.0 33.0 36.0 c
33.0 36.0 35.0 38.0 c
35.0 37.0 35.0 38.0 d
35.0 37.0 39.0 35.0 c
40.0 35.0 39.0 35.0 d
40.0 35.0 50.0 36.0 c
50.0 36.0 53.0 38.0 c
53.0 38.0 52.0 40.0 c
52.0 40.0 45.0 42.0 c
45.0 42.0 41.0 40.0 c
41.0 40.0 40.0 35.0 c
39.0 35.0 40.0 38.0 c
40.0 38.0 37.0 41.0 c
37.0 41.0 35.0 37.0 c
35.0 38.0 33.0 40.0 c
33.0 40.0 28.0 40.0 c
28.0 40.0 26.0 38.0 c
26.0 38.0 29.0 35.0 c
27.0 33.0 24.0 31.0 c
24.0 30.0 23.0 31.0 c
21.0 35.0 18.0 34.0 c
18.0 34.0 19.0 35.0 d
19.0 35.0 19.0 37.0 c
19.0 37.0 24.0 35.0 c
24.0 35.0 26.0 36.0 c
26.0 36.0 23.0 39.0 c
23.0 39.0 24.0 41.0 c
24.0 41.0 26.0 43.0 d
26.0 43.0 28.0 47.0 c
28.0 47.0 29.0 48.0 d
29.0 48.0 28.0 44.0 c
28.0 44.0 31.0 43.0 c
31.0 43.0 35.0 46.0 c
35.0 46.0 39.0 46.0 c
39.0 46.0 40.0 51.0 c
40.0 51.0 41.0 51.0 c
41.0 51.0 45.0 56.0 c
45.0 56.0 45.0 54.0 d
45.0 54.0 49.0 51.0 c
49.0 51.0 52.0 51.0 c
52.0 51.0 53.0 56.0 c
53.0 56.0 56.0 51.0 c
55.0 50.0 56.0 51.0 d
55.0 50.0 53.0 46.0 c
53.0 46.0 45.0 49.0 c
45.0 49.0 43.0 46.0 c
43.0 46.0 43.0 47.0 c
43.0 47.0 40.0 47.0 c
40.0 47.0 40.0 46.0 c
40.0 46.0 42.0 44.0 c
42.0 44.0 42.0 43.0 c
42.0 43.0 43.0 43.0 c
43.0 43.0 43.0 46.0 c
43.0 46.0 44.0 44.0 c
44.0 44.0 49.0 43.0 c
49.0 43.0 53.0 46.0 c
53.0 46.0 58.0 43.0 c
58.0 43.0 61.0 44.0 c
61.0 44.0 55.0 50.0 c
56.0 51.0 63.0 51.0 c
63.0 51.0 63.0 48.0 c
63.0 48.0 61.0 47.0 c
61.0 47.0 63.0 43.0 c
63.0 43.0 66.0 46.0 c
66.0 46.0 65.0 50.0 c
65.0 50.0 63.0 51.0 c
63.0 51.0 64.0 51.0 c
64.0 51.0 64.0 54.0 c
64.0 54.0 56.0 58.0 c
56.0 58.0 56.0 60.0 d
56.0 60.0 55.0 67.0 c
56.0 64.0 56.0 60.0 c
56.0 64.0 59.0 67.0 d
61.0 60.0 62.0 62.0 c
64.0 60.0 62.0 62.0 d
64.0 60.0 66.0 67.0 c
66.0 67.0 64.0 69.0 c
64.0 69.0 63.0 66.0 c
63.0 66.0 62.0 64.0 c
62.0 64.0 64.0 60.0 c
62.0 62.0 61.0 66.0 c
61.0 66.0 62.0 73.0 c
62.0 73.0 59.0 67.0 c
59.0 67.0 61.0 60.0 c
56.0 60.0 59.0 63.0 c
59.0 63.0 56.0 64.0 c
55.0 67.0 47.0 70.0 c
47.0 70.0 45.0 68.0 c
45.0 68.0 48.0 64.0 c
48.0 64.0 56.0 60.0 c
56.0 58.0 53.0 56.0 c
53.0 56.0 45.0 54.0 c
45.0 56.0 38.0 55.0 c
38.0 55.0 38.0 59.0 c
38.0 59.0 40.0 60.0 d
40.0 60.0 39.0 65.0 c
42.0 60.0 40.0 60.0 d
41.0 63.0 42.0 60.0 c
42.0 60.0 44.0 60.0 c
44.0 60.0 45.0 64.0 c
45.0 64.0 41.0 63.0 c
39.0 65.0 41.0 67.0 c
41.0 67.0 37.0 66.0 c
37.0 66.0 35.0 68.0 c
35.0 68.0 34.0 63.0 c
34.0 63.0 40.0 60.0 c
38.0 59.0 34.0 59.0 c
34.0 59.0 32.0 56.0 c
32.0 56.0 36.0 51.0 c
36.0 51.0 40.0 51.0 c
40.0 51.0 29.0 48.0 c
28.0 47.0 26.0 51.0 c
26.0 51.0 24.0 49.0 c
22.0 51.0 24.0 49.0 d
22.0 51.0 21.0 56.0 c
21.0 56.0 18.0 57.0 c
18.0 57.0 18.0 54.0 c
18.0 54.0 16.0 52.0 c
16.0 52.0 16.0 51.0 d
16.0 51.0 10.0 55.0 c
10.0 55.0 12.0 52.0 c
12.0 52.0 9.0 51.0 c
9.0 51.0 9.0 56.0 c
9.0 56.0 7.0 60.0 c
7.0 60.0 14.0 62.0 c
6.0 60.0 7.0 60.0 d
7.0 67.0 0.0 70.0 c
0.0 70.0 1.0 73.0 d
1.0 73.0 8.0 75.0 c
8.0 76.0 8.0 75.0 d
8.0 76.0 12.0 73.0 c
12.0 73.0 15.0 75.0 c
15.0 75.0 19.0 75.0 c
19.0 76.0 19.0 75.0 d
19.0 76.0 24.0 75.0 c
24.0 75.0 24.0 74.0 c
24.0 74.0 27.0 73.0 c
27.0 73.0 29.0 75.0 c
30.0 75.0 29.0 75.0 d
30.0 75.0 33.0 73.0 c
33.0 73.0 35.0 74.0 c
35.0 74.0 34.0 77.0 c
35.0 76.0 34.0 77.0 d
35.0 76.0 37.0 73.0 c
37.0 73.0 39.0 73.0 c
39.0 73.0 40.0 76.0 c
40.0 76.0 40.0 77.0 c
40.0 77.0 35.0 76.0 c
34.0 77.0 29.0 80.0 c
29.0 80.0 30.0 75.0 c
29.0 75.0 25.0 79.0 c
25.0 79.0 21.0 80.0 c
21.0 80.0 19.0 76.0 c
19.0 75.0 17.0 78.0 c
17.0 78.0 13.0 77.0 c
13.0 77.0 9.0 78.0 c
9.0 78.0 8.0 76.0 c
8.0 75.0 3.0 76.0 c
3.0 76.0 0.0 80.0 c
0.0 80.0 1.0 73.0 c
0.0 70.0 2.0 63.0 c
2.0 63.0 6.0 60.0 c
6.0 60.0 7.0 67.0 c
14.0 62.0 16.0 64.0 d
16.0 64.0 20.0 63.0 c
20.0 63.0 21.0 60.0 c
21.0 60.0 25.0 62.0 c
25.0 62.0 25.0 64.0 c
25.0 64.0 29.0 64.0 c
29.0 64.0 32.0 60.0 c
32.0 60.0 34.0 66.0 c
34.0 66.0 30.0 66.0 c
30.0 66.0 25.0 67.0 c
25.0 67.0 25.0 66.0 c
25.0 66.0 25.0 64.0 c
25.0 64.0 25.0 66.0 d
25.0 66.0 20.0 68.0 c
20.0 68.0 16.0 64.0 c
14.0 62.0 16.0 65.0 c
16.0 65.0 7.0 64.0 c
7.0 64.0 7.0 60.0 c
7.0 60.0 3.0 57.0 c
3.0 57.0 9.0 51.0 c
9.0 51.0 16.0 51.0 c
16.0 52.0 19.0 51.0 c
19.0 51.0 22.0 51.0 c
24.0 49.0 27.0 51.0 d
27.0 51.0 26.0 55.0 c
29.0 58.0 27.0 51.0 c
27.0 51.0 32.0 51.0 c
32.0 51.0 31.0 56.0 c
31.0 56.0 29.0 58.0 c
26.0 55.0 22.0 54.0 c
22.0 54.0 22.0 53.0 c
22.0 53.0 27.0 51.0 c
24.0 49.0 26.0 43.0 c
24.0 41.0 21.0 40.0 c
21.0 40.0 19.0 37.0 c
19.0 37.0 19.0 38.0 c
19.0 38.0 15.0 43.0 c
15.0 43.0 15.0 44.0 d
15.0 44.0 11.0 47.0 c
15.0 45.0 15.0 44.0 d
15.0 45.0 18.0 43.0 c
18.0 43.0 22.0 43.0 c
22.0 43.0 24.0 46.0 c
24.0 46.0 22.0 49.0 c
22.0 49.0 20.0 45.0 c
20.0 45.0 18.0 45.0 c
18.0 45.0 18.0 46.0 c
18.0 46.0 15.0 45.0 c
11.0 47.0 7.0 48.0 c
7.0 48.0 7.0 47.0 d
7.0 47.0 4.0 50.0 c
4.0 50.0 2.0 51.0 c
2.0 51.0 0.0 50.0 c
0.0 51.0 0.0 50.0 d
0.0 51.0 3.0 53.0 c
3.0 53.0 2.0 58.0 c
2.0 58.0 0.0 57.0 c
0.0 57.0 0.0 51.0 c
0.0 50.0 2.0 43.0 c
2.0 43.0 4.0 46.0 c
4.0 46.0 7.0 47.0 c
7.0 48.0 8.0 43.0 c
8.0 43.0 15.0 44.0 c
15.0 43.0 10.0 37.0 c
10.0 35.0 10.0 37.0 d
10.0 35.0 9.0 39.0 c
9.0 39.0 4.0 37.0 c
4.0 37.0 2.0 38.0 c
2.0 38.0 0.0 35.0 c
0.0 35.0 10.0 35.0 c
10.0 37.0 15.0 40.0 c
15.0 40.0 19.0 35.0 c
18.0 34.0 20.0 27.0 c
18.0 26.0 17.0 28.0 d
17.0 28.0 18.0 30.0 c
18.0 30.0 13.0 30.0 c
13.0 30.0 8.0 32.0 c
8.0 32.0 7.0 33.0 d
7.0 33.0 0.0 32.0 c
0.0 32.0 1.0 27.0 c
1.0 27.0 8.0 27.0 c
8.0 27.0 4.0 30.0 c
4.0 30.0 7.0 33.0 c
8.0 32.0 9.0 27.0 c
9.0 27.0 17.0 28.0 c
18.0 26.0 15.0 24.0 c
15.0 24.0 13.0 19.0 c
13.0 21.0 2.0 23.0 c
2.0 23.0 0.0 19.0 c
0.0 17.0 0.0 15.0 c
0.0 15.0 2.0 12.0 c
2.0 12.0 4.0 11.0 c
2.0 8.0 0.0 4.0 c
0.0 4.0 2.0 0.0 c
1.6 0.7999999999999998 0.0 0.0 d
