Processando arquivo: poly4b_pack.txt

Tempo de Inicio (hh:mm:ss.ms) 2026-04-27 10:05:27.234320
Tempo de Termino (hh:mm:ss.ms) 2026-04-27 10:05:29.114402
Tempo Total (hh:mm:ss.ms) 0:00:01.880082

Função Objetivo: 74.446923076923

0.0 0.0 1.3846153846153846 0.9230769230769234 d
2.0 0.0 4.0 0.0 c
4.0 0.0 5.0 3.0 c
5.0 2.0 5.0 3.0 d
5.0 2.0 8.0 0.0 c
8.0 0.0 12.0 0.0 c
12.0 0.0 14.0 3.0 c
14.0 3.0 12.0 6.0 c
12.0 6.0 13.0 8.0 d
13.0 8.0 17.0 10.0 c
17.0 10.0 18.0 8.0 d
18.0 8.0 14.0 6.0 c
18.0 8.0 18.0 9.0 d
18.0 9.0 21.0 8.0 c
21.0 8.0 25.0 10.0 c
25.0 10.0 28.0 8.0 c
28.0 8.0 31.0 9.0 c
28.0 7.0 28.0 8.0 d
28.0 7.0 25.0 5.0 c
28.0 7.0 29.0 4.0 d
29.0 4.0 28.0 0.0 c
28.0 0.0 34.0 0.0 c
34.0 0.0 36.0 2.0 c
36.0 4.0 36.0 2.0 d
36.0 4.0 38.0 0.0 c
38.0 0.0 45.0 1.0 c
45.0 1.0 48.0 5.0 c
48.0 5.0 38.0 8.0 c
38.0 8.0 36.0 4.0 c
36.0 2.0 33.0 6.0 c
33.0 6.0 31.0 8.0 d
31.0 8.0 41.0 9.0 c
41.0 9.0 44.0 11.0 c
44.0 11.0 44.0 10.0 c
44.0 10.0 49.0 8.0 c
50.0 7.0 49.0 8.0 d
50.0 7.0 48.0 3.0 c
48.0 3.0 53.0 2.0 c
53.0 2.0 53.0 1.0 c
53.0 1.0 56.0 0.0 c
56.0 0.0 58.0 2.0 c
58.0 2.0 54.0 6.0 c
54.0 6.0 50.0 7.0 c
49.0 8.0 48.0 12.0 c
48.0 12.0 44.0 11.0 c
44.0 11.0 43.0 13.0 c
43.0 13.0 36.0 15.0 c
36.0 15.0 32.0 13.0 c
32.0 13.0 31.0 8.0 c
33.0 6.0 29.0 4.0 c
25.0 5.0 23.0 0.0 c
23.0 0.0 27.0 4.0 c
27.0 4.0 28.0 7.0 c
31.0 9.0 31.0 10.0 c
31.0 10.0 28.0 10.0 c
28.0 10.0 28.0 8.0 c
28.0 8.0 28.0 10.0 d
28.0 10.0 28.0 11.0 c
28.0 11.0 27.0 12.0 c
27.0 12.0 25.0 10.0 c
25.0 10.0 22.0 13.0 c
22.0 13.0 19.0 11.0 c
19.0 11.0 18.0 9.0 c
14.0 6.0 16.0 3.0 c
16.0 3.0 16.0 0.0 c
16.0 0.0 18.0 1.0 c
18.0 1.0 20.0 0.0 c
20.0 0.0 23.0 5.0 c
23.0 5.0 18.0 8.0 c
17.0 10.0 18.0 15.0 c
18.0 15.0 18.0 19.0 c
18.0 19.0 19.0 22.0 c
19.0 22.0 18.0 26.0 c
18.0 26.0 19.0 28.0 d
19.0 28.0 18.0 35.0 c
19.0 28.0 20.0 27.0 d
20.0 27.0 19.0 24.0 c
19.0 24.0 22.0 19.0 c
22.0 19.0 25.0 22.0 c
25.0 23.0 25.0 22.0 d
25.0 23.0 27.0 19.0 c
27.0 19.0 29.0 26.0 c
29.0 26.0 30.0 24.0 d
30.0 24.0 29.0 20.0 c
29.0 20.0 32.0 19.0 c
32.0 19.0 36.0 22.0 c
36.0 22.0 40.0 22.0 c
40.0 22.0 41.0 22.0 d
41.0 22.0 43.0 20.0 c
43.0 20.0 43.0 19.0 c
43.0 19.0 44.0 19.0 c
44.0 19.0 44.0 21.0 c
44.0 21.0 49.0 24.0 c
49.0 24.0 53.0 19.0 c
53.0 19.0 53.0 22.0 c
53.0 22.0 49.0 27.0 c
49.0 27.0 44.0 21.0 c
44.0 21.0 44.0 23.0 c
44.0 23.0 41.0 23.0 c
41.0 23.0 41.0 22.0 c
40.0 22.0 41.0 27.0 c
41.0 27.0 30.0 24.0 c
29.0 26.0 27.0 28.0 c
27.0 28.0 26.0 25.0 c
26.0 25.0 25.0 23.0 c
25.0 22.0 23.0 25.0 c
23.0 25.0 20.0 27.0 c
23.0 32.0 19.0 28.0 c
19.0 28.0 29.0 30.0 c
29.0 30.0 27.0 33.0 c
27.0 33.0 23.0 32.0 c
18.0 35.0 10.0 38.0 c
10.0 38.0 13.0 40.0 c
13.0 40.0 17.0 40.0 c
17.0 40.0 17.0 38.0 d
17.0 38.0 24.0 39.0 c
24.0 39.0 28.0 41.0 c
28.0 41.0 28.0 42.0 d
28.0 42.0 32.0 41.0 c
32.0 41.0 33.0 38.0 c
33.0 38.0 37.0 40.0 c
37.0 40.0 37.0 41.0 c
37.0 41.0 38.0 38.0 c
38.0 38.0 40.0 38.0 c
40.0 38.0 41.0 42.0 c
41.0 42.0 37.0 41.0 c
37.0 41.0 37.0 44.0 c
37.0 44.0 32.0 46.0 c
32.0 46.0 30.0 48.0 d
33.0 47.0 31.0 49.0 c
31.0 49.0 27.0 51.0 c
27.0 51.0 29.0 53.0 c
29.0 53.0 24.0 54.0 c
24.0 54.0 26.0 54.0 c
26.0 54.0 26.0 57.0 c
26.0 57.0 32.0 54.0 c
33.0 54.0 32.0 54.0 d
33.0 54.0 40.0 54.0 c
40.0 54.0 39.0 53.0 d
39.0 53.0 33.0 50.0 c
39.0 50.0 43.0 50.0 c
43.0 50.0 46.0 46.0 c
45.0 45.0 46.0 46.0 d
45.0 45.0 43.0 46.0 c
43.0 46.0 41.0 45.0 c
41.0 45.0 43.0 38.0 c
43.0 38.0 45.0 41.0 c
45.0 41.0 48.0 42.0 c
48.0 42.0 50.0 39.0 c
49.0 38.0 50.0 39.0 d
49.0 38.0 51.0 31.0 c
49.0 30.0 51.0 31.0 d
49.0 30.0 38.0 32.0 c
38.0 32.0 36.0 28.0 c
36.0 28.0 34.0 31.0 c
34.0 31.0 30.0 31.0 c
30.0 31.0 29.0 29.0 c
29.0 29.0 32.0 28.0 c
32.0 28.0 36.0 28.0 c
36.0 28.0 49.0 30.0 c
51.0 31.0 55.0 28.0 c
55.0 28.0 56.0 35.0 c
56.0 35.0 49.0 38.0 c
50.0 39.0 52.0 38.0 c
52.0 38.0 52.0 44.0 c
52.0 44.0 48.0 44.0 c
48.0 44.0 48.0 42.0 c
48.0 42.0 45.0 45.0 c
46.0 46.0 48.0 52.0 c
48.0 53.0 48.0 52.0 d
48.0 53.0 50.0 46.0 c
51.0 46.0 50.0 46.0 d
51.0 46.0 54.0 49.0 c
54.0 49.0 51.0 50.0 c
51.0 50.0 51.0 46.0 c
50.0 46.0 51.0 54.0 c
51.0 54.0 48.0 53.0 c
48.0 52.0 44.0 52.0 c
44.0 52.0 45.0 54.0 d
45.0 54.0 47.0 56.0 c
47.0 56.0 48.0 58.0 c
48.0 58.0 50.0 54.0 c
50.0 54.0 53.0 57.0 c
53.0 57.0 52.0 61.0 c
53.0 61.0 52.0 61.0 d
53.0 61.0 55.0 54.0 c
55.0 54.0 56.0 56.0 c
56.0 56.0 55.0 60.0 c
55.0 60.0 56.0 67.0 c
56.0 67.0 55.0 69.0 d
54.0 67.0 55.0 69.0 c
55.0 69.0 51.0 72.0 c
51.0 72.0 46.0 73.0 c
46.0 73.0 44.0 68.0 c
44.0 68.0 44.0 72.0 c
44.0 72.0 42.0 76.0 c
42.0 76.0 38.0 73.0 c
36.0 72.0 38.0 73.0 d
36.0 72.0 31.0 72.0 c
31.0 72.0 29.0 70.0 c
29.0 70.0 29.0 72.0 d
29.0 72.0 21.0 70.0 c
21.0 67.0 21.0 70.0 d
21.0 67.0 16.0 69.0 c
16.0 69.0 12.0 73.0 c
12.0 73.0 12.0 72.0 d
12.0 72.0 11.0 75.0 c
11.0 75.0 8.0 72.0 c
8.0 72.0 8.0 69.0 c
8.0 69.0 3.0 74.0 c
0.0 76.0 3.0 74.0 d
0.0 76.0 7.0 76.0 c
7.0 76.0 1.0 80.0 c
1.0 80.0 3.0 77.0 c
3.0 77.0 0.0 76.0 c
3.0 74.0 0.0 67.0 c
0.0 67.0 6.0 67.0 c
6.0 67.0 8.0 69.0 c
8.0 69.0 8.0 67.0 c
8.0 67.0 10.0 67.0 c
10.0 67.0 12.0 72.0 c
12.0 73.0 15.0 67.0 c
15.0 67.0 21.0 67.0 c
21.0 70.0 25.0 67.0 c
25.0 67.0 28.0 67.0 c
28.0 67.0 29.0 72.0 c
29.0 70.0 32.0 67.0 c
32.0 67.0 36.0 68.0 c
36.0 68.0 38.0 70.0 c
38.0 70.0 36.0 72.0 c
38.0 73.0 44.0 67.0 c
44.0 67.0 44.0 68.0 c
44.0 68.0 54.0 67.0 c
56.0 67.0 53.0 61.0 c
52.0 61.0 50.0 62.0 c
50.0 62.0 50.0 59.0 c
50.0 59.0 48.0 58.0 c
48.0 58.0 42.0 59.0 c
42.0 59.0 40.0 57.0 c
40.0 57.0 45.0 54.0 c
44.0 52.0 39.0 53.0 c
39.0 53.0 39.0 50.0 c
33.0 50.0 37.0 46.0 c
37.0 46.0 39.0 53.0 c
40.0 54.0 38.0 61.0 c
38.0 61.0 33.0 54.0 c
32.0 54.0 31.0 59.0 c
31.0 59.0 33.0 61.0 c
33.0 61.0 29.0 60.0 c
29.0 60.0 27.0 62.0 c
27.0 62.0 26.0 57.0 c
26.0 57.0 18.0 61.0 c
18.0 61.0 15.0 59.0 c
15.0 59.0 18.0 54.0 c
15.0 55.0 18.0 54.0 d
15.0 55.0 7.0 59.0 c
7.0 59.0 6.0 54.0 c
6.0 54.0 5.0 58.0 c
5.0 58.0 0.0 60.0 c
0.0 60.0 0.0 57.0 c
0.0 57.0 4.0 56.0 c
4.0 56.0 6.0 54.0 c
6.0 54.0 12.0 54.0 c
12.0 54.0 15.0 55.0 c
18.0 54.0 24.0 54.0 c
24.0 54.0 26.0 46.0 c
26.0 46.0 30.0 48.0 c
30.0 48.0 33.0 47.0 c
32.0 46.0 28.0 42.0 c
28.0 41.0 23.0 44.0 c
23.0 44.0 20.0 45.0 c
19.0 46.0 20.0 45.0 d
19.0 46.0 24.0 46.0 c
24.0 46.0 23.0 51.0 c
23.0 51.0 21.0 53.0 c
21.0 53.0 19.0 46.0 c
20.0 45.0 17.0 38.0 c
17.0 40.0 15.0 43.0 c
15.0 43.0 11.0 42.0 c
11.0 42.0 7.0 43.0 c
7.0 43.0 6.0 41.0 c
6.0 41.0 10.0 38.0 c
10.0 38.0 8.0 36.0 c
7.0 34.0 8.0 36.0 d
7.0 34.0 0.0 33.0 c
0.0 33.0 1.0 28.0 c
1.0 28.0 2.0 27.0 d
2.0 27.0 0.0 24.0 c
0.0 24.0 4.0 19.0 c
4.0 19.0 9.0 19.0 c
9.0 19.0 13.0 24.0 c
13.0 24.0 13.0 19.0 c
13.0 19.0 16.0 21.0 c
16.0 21.0 15.0 26.0 c
15.0 26.0 13.0 25.0 c
13.0 25.0 13.0 24.0 c
13.0 24.0 6.0 23.0 c
6.0 23.0 6.0 27.0 c
6.0 27.0 2.0 27.0 c
1.0 28.0 8.0 28.0 c
8.0 28.0 4.0 31.0 c
4.0 31.0 7.0 34.0 c
6.0 38.0 8.0 36.0 d
6.0 38.0 5.0 43.0 c
5.0 43.0 2.0 44.0 c
2.0 44.0 0.0 46.0 d
0.0 46.0 10.0 46.0 c
10.0 46.0 17.0 48.0 c
17.0 48.0 19.0 51.0 c
19.0 51.0 10.0 50.0 c
10.0 50.0 10.0 46.0 c
10.0 46.0 9.0 50.0 c
9.0 50.0 4.0 48.0 c
4.0 48.0 2.0 49.0 c
2.0 49.0 0.0 46.0 c
2.0 44.0 2.0 41.0 c
2.0 41.0 0.0 39.0 c
0.0 39.0 3.0 38.0 c
3.0 38.0 6.0 38.0 c
8.0 36.0 11.0 32.0 c
11.0 32.0 19.0 28.0 c
18.0 26.0 16.0 23.0 c
16.0 23.0 18.0 19.0 c
18.0 19.0 13.0 16.0 c
13.0 16.0 10.0 12.0 c
10.0 12.0 8.0 16.0 c
8.0 16.0 6.0 14.0 c
6.0 14.0 1.0 16.0 c
1.0 16.0 0.0 12.0 c
0.0 12.0 1.0 8.0 c
1.0 8.0 6.0 12.0 c
6.0 12.0 6.0 14.0 c
6.0 14.0 8.0 8.0 c
8.0 8.0 10.0 12.0 c
10.0 12.0 13.0 8.0 c
12.0 6.0 10.0 2.0 c
10.0 2.0 8.0 2.0 c
8.0 2.0 8.0 3.0 c
8.0 3.0 5.0 2.0 c
5.0 3.0 5.0 4.0 c
5.0 4.0 0.0 3.0 c
0.0 3.0 2.0 0.0 c
1.3846153846153846 0.9230769230769234 0.0 0.0 d
