Processando arquivo: poly5a_mod_pack.txt

Tempo de Inicio (hh:mm:ss.ms) 2026-04-27 10:07:01.504550
Tempo de Termino (hh:mm:ss.ms) 2026-04-27 10:07:06.676290
Tempo Total (hh:mm:ss.ms) 0:00:05.171740

Função Objetivo: 9441.96927546661

0.0 0.0 102.21219481104887 45.443646031600196 d
122.41648617239764 0.0 67.42110590014374 123.69602822331888 c
67.42110590014374 123.69602822331888 0.0 240.12548343382912 c
0.0 240.12548343382912 203.13953057409958 528.5178058402134 c
203.13953057409958 528.5178058402134 398.5445887027667 819.0926615114977 c
398.5445887027667 819.0926615114977 426.59554257384247 600.5001003740718 c
426.59554257384247 600.5001003740718 458.9049823430098 396.42462529092984 c
458.90498234300986 464.5609027106806 458.9049823430098 396.42462529092984 d
458.90498234300986 464.5609027106806 636.5246683894143 555.9675509230972 c
636.5246683894143 555.9675509230972 801.8535837344995 645.6736783090822 c
870.2147846566053 591.8450911093182 801.8535837344995 645.6736783090822 d
870.2147846566053 591.8450911093182 982.6685515378025 727.8412800088167 c
982.6685515378025 727.8412800088167 1092.051678385903 875.8721170882608 c
1092.051678385903 875.8721170882608 1340.5407102727067 438.18582849554764 c
1340.5407102727067 438.18582849554764 1594.436326616099 0.0 c
1719.895463775813 0.0 1594.436326616099 0.0 d
1719.895463775813 0.0 1594.436326616099 269.0696435031331 c
1594.436326616099 269.0696435031331 1827.3217486913277 876.7603324375787 c
1827.3217486913277 876.7603324375787 1923.2654920875364 1074.4102665594307 d
1923.2654920875364 1074.4102665594307 1769.4561726805464 1136.0101956199883 c
1769.4561726805464 1136.0101956199883 1623.9848799555725 1199.1864082584061 c
1623.9848799555725 1199.1864082584061 1503.9988438018352 1074.4102665594307 d
1503.9988438018352 1074.4102665594307 1167.0063642994007 1086.0847763949923 c
1167.0063642994007 1086.0847763949923 1152.6861937031522 1190.2544506488916 c
1152.6861937031522 1190.2544506488916 1145.371684202286 1305.6552830126604 c
1145.371684202286 1305.6552830126604 932.4989188402465 1451.8384893268026 c
932.4989188402465 1451.8384893268026 725.9502249758604 1606.9716397372954 c
725.9502249758604 1606.9716397372954 725.9502249758605 1727.760931176324 d
725.9502249758605 1727.760931176324 465.4269977928312 1074.4102665594307 c
465.4269977928312 1074.4102665594307 0.0 1791.0406457523022 c
0.0 1791.0406457523022 725.9502249758605 1727.760931176324 c
725.9502249758604 1606.9716397372954 869.4566557015181 1750.2560942168084 c
869.4566557015181 1750.2560942168084 1006.2373520666622 1890.71008384357 c
1006.2373520666622 1890.71008384357 1259.114092598086 1485.2163046581443 c
1259.114092598086 1485.2163046581443 1503.9988438018352 1074.4102665594307 c
1623.9848799555725 1199.1864082584061 1566.3730672857741 1594.6914227244704 c
1566.3730672857741 1594.6914227244704 1503.9988438018354 1994.6664514640584 c
1503.9988438018354 1994.6664514640584 1620.0756454778589 2078.0282214913964 c
1620.0756454778589 2078.0282214913964 1726.9524341633094 2148.8205331188615 c
1726.9524341633094 2148.8205331188615 1901.7157633521106 2148.8205331188615 d
1901.7157633521106 2148.8205331188615 1436.2887655592795 2865.450912311733 c
1436.2887655592795 2865.450912311733 1436.6127473678434 2965.120350403001 d
1436.6127473678434 2965.120350403001 1368.4026304111521 3190.240221107234 c
1368.4026304111521 3190.240221107234 1285.4105631066109 3422.4180194290516 c
1285.4105631066109 3422.4180194290516 1285.4105631066109 3361.544975693931 d
1285.4105631066109 3361.544975693931 1211.032502282992 3287.1894422277373 c
1211.032502282992 3287.1894422277373 1134.178478469739 3207.7462128861243 c
1134.178478469739 3207.7462128861243 1041.6395582567893 3092.3363280231715 c
1041.6395582567893 3092.3363280231715 948.9220669359987 2965.120350403001 c
1050.3479655139213 2843.927055465675 948.9220669359987 2965.120350403001 d
1050.3479655139213 2843.927055465675 1436.2887655592795 2436.8875638593126 c
1436.2887655592795 2436.8875638593126 826.505580763601 2148.8205331188615 c
826.505580763601 2312.7843994850155 826.505580763601 2148.8205331188615 d
826.505580763601 2312.7843994850155 589.4788902518342 2148.8205331188615 c
589.4788902518342 2148.8205331188615 0.0 2355.5647109096626 c
0.0 2355.5647109096626 141.8962844630812 2541.9923006642034 c
141.8962844630812 2541.9923006642034 378.2509169290225 2705.639542748598 c
378.2509169290225 2705.639542748598 826.505580763601 2312.7843994850155 c
826.505580763601 2148.8205331188615 1050.3479655139213 2843.927055465675 c
948.9220669359987 2965.120350403001 893.9266866637448 3088.81637862632 c
893.9266866637448 3088.81637862632 826.5055807636011 3205.24583383683 c
826.505580763601 3129.0842167691544 826.5055807636011 3205.24583383683 d
826.505580763601 3129.0842167691544 589.4788902518342 2965.120350403001 c
589.4788902518342 2965.120350403001 0.0 3171.864528193802 c
0.0 3171.864528193802 141.8962844630812 3358.292117948343 c
141.8962844630812 3358.292117948343 378.2509169290225 3521.9393600327376 c
378.2509169290225 3521.9393600327376 826.505580763601 3129.0842167691544 c
826.5055807636011 3205.24583383683 1029.6451113377007 3493.638156243215 c
1029.6451113377007 3493.638156243215 1225.0501694663678 3784.2130119144986 c
1225.0501694663678 3784.2130119144986 1253.1011233374436 3565.620450777073 c
1253.1011233374436 3565.620450777073 1285.4105631066109 3361.544975693931 c
1285.4105631066109 3422.4180194290516 1613.611718561495 3514.018643282682 c
1613.611718561495 3514.018643282682 1939.2160612686498 3592.4803456392 c
1939.2160612686498 3592.4803456392 1816.5930758949391 3438.448737115958 c
1816.5930758949391 3438.448737115958 1694.838523124486 3275.984153719969 c
1694.838523124486 3275.984153719969 1894.5318452361396 3160.850989629507 c
1894.5318452361396 3160.850989629507 2104.8031316160886 3041.0126083529817 c
2187.480715288683 2965.120350403001 2104.8031316160886 3041.0126083529817 d
2187.480715288683 2965.120350403001 2141.097139980514 3182.8878278034103 c
2141.097139980514 3182.8878278034103 2104.803131616088 3407.3222824904374 c
2104.803131616088 3407.3222824904374 2365.778395317506 3284.9976236727543 c
2365.778395317506 3284.9976236727543 2632.3266015061663 3155.3261002016607 c
2632.3266015061663 3155.3261002016607 2632.169179556889 3107.7946631308096 c
2632.169179556889 3107.7946631308096 2620.295849231109 3046.898322592922 c
2620.295849231109 3046.898322592922 2752.3126376599034 3089.896492101976 d
2752.3126376599034 3089.896492101976 2694.700824990105 3485.4015065680405 c
2694.700824990105 3485.4015065680405 2632.3266015061663 3885.3765353076287 c
2632.3266015061663 3885.3765353076287 2748.40340318219 3968.7383053349668 c
2883.691741242794 4157.730758702034 2748.40340318219 3968.7383053349668 d
2883.691741242794 4157.730758702034 2636.865835657392 4289.050069568684 c
2636.865835657392 4289.050069568684 2528.1278787446336 4457.63816573751 c
2528.1278787446336 4457.63816573751 2414.69698316474 4631.37570807175 c
2414.69698316474 4631.37570807175 2414.6969831647393 4558.778068234681 d
2414.6969831647393 4558.778068234681 2410.079591642762 4309.2158962735075 c
2410.079591642762 4309.2158962735075 2070.9115495723754 4039.530616962432 c
2070.9115495723754 4039.530616962432 1364.526373848135 4088.910733354065 c
1364.526373848135 4088.910733354065 1298.0303124333159 4168.791443562703 c
1298.0303124333159 4168.791443562703 1230.7023708230724 4257.592373723601 c
1230.7023708230724 4257.592373723601 1230.7023708230727 4277.682181767449 d
1230.7023708230727 4277.682181767449 1073.8639776976859 4039.530616962432 c
1073.8639776976859 4039.530616962432 918.0274779244726 4186.585348624429 c
819.3925685094774 4115.422874912413 918.0274779244726 4186.585348624429 d
819.3925685094774 4115.422874912413 151.20218426123245 4039.530616962432 c
151.20218426123245 4039.530616962432 82.99206730454105 4264.650487666665 c
82.99206730454105 4264.650487666665 0.0 4496.828285988483 c
0.0 4496.828285988483 328.20115545488414 4588.428909842113 c
328.20115545488414 4588.428909842113 653.8054981620387 4666.890612198631 c
653.8054981620387 4666.890612198631 531.1825127883283 4512.8590036753885 c
531.1825127883283 4512.8590036753885 409.4279600178752 4350.3944202794 c
409.4279600178752 4350.3944202794 609.1212821295286 4235.261256188937 c
609.1212821295286 4235.261256188937 819.3925685094774 4115.422874912413 c
918.0274779244726 4186.585348624429 867.2290616903533 4344.137588758748 c
867.2290616903533 4344.137588758748 819.3925685094773 4504.091519673113 c
819.3925685094773 4504.091519673113 997.0122545558818 4595.498167885529 c
997.0122545558818 4595.498167885529 1162.341169900967 4685.204295271515 c
1162.341169900967 4685.204295271515 1196.9283583039166 4487.104569006779 c
1196.9283583039166 4487.104569006779 1230.7023708230727 4277.682181767449 c
1230.7023708230724 4257.592373723601 1355.468625272278 4383.342551682689 c
1355.468625272278 4383.342551682689 1477.526333353022 4512.263166413269 c
1477.526333353022 4512.263166413269 1937.7906912598473 4664.088955777392 c
1937.7906912598473 4664.088955777392 2407.999439992792 4806.157109437861 c
2407.999439992792 4806.157109437861 2414.6969831647393 4558.778068234681 c
2414.69698316474 4631.37570807175 2527.150750045937 4767.371896971248 c
2527.150750045937 4767.371896971248 2636.5338768940373 4915.402734050693 c
2636.5338768940373 4915.402734050693 2518.4958368084135 5006.964544682158 d
2518.4958368084135 5006.964544682158 1812.1106610841732 5056.344661073791 c
1812.1106610841732 5056.344661073791 1745.614599669354 5136.225371282429 c
1745.614599669354 5136.225371282429 1678.2866580591106 5225.026301443327 c
1678.2866580591106 5225.026301443327 1678.2866580591106 5295.0315754226085 d
1678.2866580591106 5295.0315754226085 1068.5034732634322 5006.964544682158 c
1068.5034732634322 5006.964544682158 855.8128606795292 5568.4975598756055 c
855.8128606795292 5568.4975598756055 458.9049823430097 5974.398472401885 c
465.4269977928312 6081.374811241589 458.9049823430097 5974.398472401885 d
465.4269977928312 6081.374811241589 0.0 6798.00519043446 c
0.0 6798.00519043446 725.9502249758605 6734.725475858482 c
867.8465094389418 6474.546578786931 725.9502249758605 6734.725475858482 d
867.8465094389418 6474.546578786931 1104.2011419048831 6638.1938208713245 c
1104.2011419048831 6638.1938208713245 1552.4558057394615 6245.338677607742 c
1552.4558057394615 6245.338677607742 1315.4291152276949 6081.374811241589 c
1315.4291152276949 6081.374811241589 725.9502249758606 6288.118989032389 c
725.9502249758606 6288.118989032389 867.8465094389418 6474.546578786931 c
725.9502249758605 6734.725475858482 465.4269977928312 6081.374811241589 c
398.5445887027667 5826.0572061936555 458.9049823430097 5974.398472401885 d
398.5445887027667 5826.0572061936555 426.59554257384247 5607.4646450562295 c
426.59554257384247 5607.4646450562295 458.9049823430098 5403.3891699730875 c
458.9049823430098 5403.3891699730875 384.52692151939084 5329.033636506894 c
384.52692151939084 5329.033636506894 307.672897706138 5249.590407165281 c
307.672897706138 5249.590407165281 215.13397749318824 5134.180522302328 c
215.13397749318824 5134.180522302328 122.41648617239764 5006.964544682158 c
122.41648617239764 5006.964544682158 67.42110590014374 5130.660572905477 c
67.42110590014374 5130.660572905477 0.0 5247.0900281159875 c
0.0 5247.0900281159875 203.13953057409958 5535.482350522371 c
203.13953057409958 5535.482350522371 398.5445887027667 5826.0572061936555 c
458.9049823430097 5974.398472401885 1032.9387358750794 5715.401403981644 c
1032.9387358750794 5715.401403981644 1068.5034732634322 5006.964544682158 c
1068.5034732634322 5006.964544682158 1292.3458580137521 5702.071067028972 c
1292.3458580137521 5702.071067028972 1678.2866580591106 5295.0315754226085 c
1678.2866580591106 5225.026301443327 1803.052912508316 5350.776479402415 c
1803.052912508316 5350.776479402415 1925.11062058906 5479.697094132995 c
1925.11062058906 5479.697094132995 2385.3749784958854 5631.522883497118 c
2385.3749784958854 5631.522883497118 2855.58372722883 5773.591037157587 c
2855.58372722883 5773.591037157587 2862.2812704007774 5526.211995954407 c
2862.2812704007774 5526.211995954407 2857.6638788788 5276.649823993233 c
2857.6638788788 5276.649823993233 2518.4958368084135 5006.964544682158 c
2636.5338768940373 4915.402734050693 2885.022908780841 4477.71644545798 c
2885.022908780841 4477.71644545798 3138.9185251242334 4039.530616962432 c
3138.9185251242334 4039.530616962432 3264.3776622839473 4039.5306169624323 d
3264.3776622839473 4039.5306169624323 3138.9185251242334 4308.600260465565 c
3138.9185251242334 4308.600260465565 3371.803947199462 4916.2909494000105 c
3371.803947199462 4916.2909494000105 3245.84099078515 5027.34400995555 d
3245.84099078515 5027.34400995555 2862.2812704007774 5046.603747545001 c
2862.2812704007774 5046.603747545001 3085.458847677567 5462.072903278572 c
3085.458847677567 5462.072903278572 3147.4726232835515 5348.139983500039 c
3147.4726232835515 5348.139983500039 3216.023256961723 5231.811670813178 c
3216.023256961723 5231.811670813178 3355.3894311734184 5389.12869615007 c
3355.3894311734184 5389.12869615007 3500.517296815303 5538.239759388082 c
3500.517296815303 5538.239759388082 3612.499459040341 5602.689851099868 c
3612.499459040341 5602.689851099868 3737.717729477369 5665.683903109938 c
3737.717729477369 5665.683903109938 3646.121998714779 5546.007470466203 c
3737.717729477369 5471.525447392838 3646.121998714779 5546.007470466203 d
3737.717729477369 5471.525447392838 3915.3374155237734 5562.932095605254 c
3915.3374155237734 5562.932095605254 4080.666330868859 5652.63822299124 c
4080.666330868859 5652.63822299124 4115.253519271809 5454.538496726504 c
4211.401755274903 5527.245700847197 4115.253519271809 5454.538496726504 d
4211.401755274903 5527.245700847197 4149.0275317909645 5927.220729586786 c
4149.0275317909645 5927.220729586786 4265.104333466988 6010.582499614124 c
4265.104333466988 6010.582499614124 4371.981122152438 6081.374811241589 c
4371.981122152438 6081.374811241589 4287.018953885415 6288.118989032389 d
4287.018953885415 6288.118989032389 4428.915238348496 6474.546578786931 c
4287.018953885415 6288.118989032389 4287.018953885414 6271.5805610402485 d
4287.018953885414 6271.5805610402485 4286.861531936136 6224.049123969397 c
4286.861531936136 6224.049123969397 4274.988201610357 6163.15278343151 c
4274.988201610357 6163.15278343151 4053.7623097460337 6124.342892537443 c
4053.7623097460337 6124.342892537443 3842.1730676679304 6081.374811241589 c
3759.4954839953366 6081.374811241589 3842.1730676679304 6081.374811241589 d
3759.4954839953366 6081.374811241589 3422.503004492902 6093.04932107715 c
3422.503004492902 6093.04932107715 3408.1828338966534 6197.21899533105 c
3408.1828338966534 6197.21899533105 3400.868324395787 6312.619827694818 c
3400.868324395787 6312.619827694818 3187.9955590337477 6458.803034008961 c
3187.9955590337477 6458.803034008961 2981.4468651693614 6613.936184419454 c
2815.8597948219226 6708.734806477788 2981.4468651693614 6613.936184419454 d
2815.8597948219226 6708.734806477788 2693.236809448212 6554.703197954546 c
2693.236809448212 6554.703197954546 2571.4822566777593 6392.238614558557 c
2571.4822566777593 6392.238614558557 2771.1755787894126 6277.105450468094 c
2771.1755787894126 6277.105450468094 2981.4468651693614 6157.26706919157 c
2981.4468651693614 6157.26706919157 2313.2564809211162 6081.374811241589 c
2313.2564809211162 6081.374811241589 2162.054296659884 6081.374811241589 d
2162.054296659884 6081.374811241589 1949.3636840759812 6642.907826435036 c
1949.3636840759812 6642.907826435036 1552.4558057394615 7048.808738961316 c
1567.5543327260395 7069.188204234707 1552.4558057394615 7048.808738961316 d
1567.5543327260395 7069.188204234707 1183.994612341667 7088.447941824158 c
1183.994612341667 7088.447941824158 1407.1721896184567 7503.917097557729 c
1407.1721896184567 7503.917097557729 1469.1859652244407 7389.984177779196 c
1469.1859652244407 7389.984177779196 1537.7365989026123 7273.655865092335 c
1537.7365989026123 7273.655865092335 1677.1027731143079 7430.972890429227 c
1677.1027731143079 7430.972890429227 1822.2306387561923 7580.083953667239 c
1822.2306387561923 7580.083953667239 1934.2128009812307 7644.534045379025 c
1934.2128009812307 7644.534045379025 2059.4310714182584 7707.528097389095 c
2059.4310714182584 7707.528097389095 1967.8353406556685 7587.85166474536 c
1967.8353406556685 7587.85166474536 1884.672881460371 7459.849843479116 c
1884.672881460371 7459.849843479116 1925.4053216405262 7257.486666499977 c
1925.4053216405262 7257.486666499977 2059.4310714182584 7088.447941824158 d
2059.4310714182584 7088.447941824158 2282.608648695048 7503.917097557729 c
2282.608648695048 7503.917097557729 2344.6224243010324 7389.984177779196 c
2344.6224243010324 7389.984177779196 2413.173057979204 7273.655865092335 c
2413.173057979204 7273.655865092335 2552.5392321908994 7430.972890429227 c
2552.5392321908994 7430.972890429227 2697.667097832784 7580.083953667239 c
2697.667097832784 7580.083953667239 2809.649260057822 7644.534045379025 c
2809.649260057822 7644.534045379025 2934.86753049485 7707.528097389095 c
2934.86753049485 7707.528097389095 2843.2717997322598 7587.85166474536 c
2843.2717997322598 7587.85166474536 2760.1093405369625 7459.849843479116 c
2760.1093405369625 7459.849843479116 2800.8417807171177 7257.486666499977 c
2800.8417807171177 7257.486666499977 2834.6482728409947 7048.808738961315 c
2834.6482728409947 7048.808738961315 2934.86753049485 7048.808738961315 d
2934.86753049485 7048.808738961315 3158.70991524517 7743.915261308129 c
2966.335476581312 7924.680856049576 3158.70991524517 7743.915261308129 d
2966.335476581312 7924.680856049576 2840.876339421598 8193.750499552709 c
2966.335476581312 7924.680856049576 2840.876339421598 7924.680856049576 d
2586.9807230782058 8362.866684545124 2840.876339421598 7924.680856049576 c
2840.876339421598 7924.680856049576 2585.6495555401584 8042.880997789178 c
2585.6495555401584 8042.880997789178 2338.8236499547565 8174.200308655828 c
2338.8236499547565 8174.200308655828 2230.085693041998 8342.788404824654 c
2230.085693041998 8342.788404824654 2116.6547974621044 8516.525947158894 c
2116.6547974621044 8516.525947158894 2229.1085643433016 8652.522136058393 c
2229.1085643433016 8652.522136058393 2116.654797462105 8671.353214346158 d
2116.654797462105 8671.353214346158 1991.835423586839 7976.178326743079 c
1991.835423586839 7976.178326743079 1333.8200328799162 7924.680856049576 c
1333.8200328799162 7924.680856049576 1333.8200328799162 7924.680856049575 d
1333.8200328799162 7924.680856049575 1121.1294202960132 8486.213871243022 c
1177.2970691697196 7815.435231436744 1333.8200328799162 7924.680856049575 d
1177.2970691697196 7815.435231436744 1183.994612341667 7568.056190233564 c
1183.994612341667 7568.056190233564 1179.3772208196895 7318.49401827239 c
1179.3772208196895 7318.49401827239 840.2091787493031 7048.808738961315 c
840.2091787493031 7048.808738961315 133.82400302506267 7098.188855352948 c
133.82400302506267 7098.188855352948 67.32794161024344 7178.0695655615855 c
67.32794161024344 7178.0695655615855 0.0 7266.870495722484 c
0.0 7266.870495722484 124.76625444920546 7392.620673681572 c
124.76625444920546 7392.620673681572 246.82396252994954 7521.5412884121515 c
246.82396252994954 7521.5412884121515 707.0883204367748 7673.3670777762745 c
724.2215419594937 7924.680856049576 707.0883204367748 7673.3670777762745 d
724.2215419594937 7924.680856049576 468.9947580780542 8042.880997789178 c
468.9947580780542 8042.880997789178 222.16885249265226 8174.200308655828 c
222.16885249265226 8174.200308655828 113.43089557989401 8342.788404824654 c
113.43089557989401 8342.788404824654 0.0 8516.525947158894 c
0.0 8516.525947158894 112.45376688119723 8652.522136058393 c
112.45376688119723 8652.522136058393 221.83689372929763 8800.552973137837 c
221.83689372929763 8800.552973137837 470.3259256161015 8362.866684545124 c
470.3259256161015 8362.866684545124 724.2215419594937 7924.680856049576 c
707.0883204367748 7673.3670777762745 1177.2970691697196 7815.435231436744 c
1121.1294202960132 8486.213871243022 724.2215419594937 8892.1147837693 c
724.2215419594937 8892.1147837693 1298.2552954915634 8633.11771534906 c
1298.2552954915634 8633.11771534906 1333.8200328799162 7924.680856049575 c
1333.8200328799162 7924.680856049576 1523.5504181717222 8345.885511025208 c
1523.5504181717222 8345.885511025208 2116.654797462105 8671.353214346158 c
2229.1085643433016 8652.522136058393 2338.491691191402 8800.552973137837 c
2338.491691191402 8800.552973137837 2586.9807230782058 8362.866684545124 c
2840.876339421598 8193.750499552709 3073.7617614968267 8801.441188487155 c
3073.7617614968267 8801.441188487155 3665.0451920157184 8222.811926839082 c
3854.7755773075246 8345.885511025208 3665.0451920157184 8222.811926839082 d
3854.7755773075246 8345.885511025208 4447.879956597907 8671.353214346158 c
4447.879956597907 8671.353214346158 4323.060582722641 7976.178326743079 c
4323.060582722641 7976.178326743079 3665.0451920157184 7924.680856049576 c
3665.0451920157184 7924.680856049576 3854.7755773075246 8345.885511025208 c
3665.0451920157184 8222.811926839082 2966.335476581312 7924.680856049576 c
3158.70991524517 7743.915261308129 3544.6507152905288 7336.875769701765 c
3544.6507152905288 7288.934222395144 3544.6507152905288 7336.875769701765 d
3544.6507152905288 7288.934222395144 3747.790245864628 7577.326544801528 c
3747.790245864628 7577.326544801528 3943.195303993295 7867.901400472812 c
3943.195303993295 7867.901400472812 3971.246257864371 7649.308839335386 c
3971.246257864371 7649.308839335386 4003.5556976335383 7445.233364252244 c
4003.5556976335383 7445.233364252244 3929.1776368099195 7370.877830786051 c
4003.5556976335383 7255.552916752115 3929.1776368099195 7370.877830786051 d
4003.5556976335383 7255.552916752115 4145.45198209662 7441.980506506657 c
4145.45198209662 7441.980506506657 4381.806614562561 7605.6277485910505 c
4381.806614562561 7605.6277485910505 4830.061278397139 7212.772605327468 c
4830.061278397139 7212.772605327468 5052.230130889791 7298.328191567567 d
5052.230130889791 7298.328191567567 4943.492173977033 7466.916287736392 c
4943.492173977033 7466.916287736392 4830.061278397139 7640.653830070633 c
4830.061278397139 7640.653830070633 4942.515045278336 7776.650018970132 c
4942.515045278336 7776.650018970132 5051.898172126436 7924.680856049576 c
5051.898172126436 7924.680856049576 5300.387204013241 7486.994567456863 c
5300.387204013241 7486.994567456863 5554.282820356632 7048.808738961315 c
5554.282820356633 7048.808738961315 5554.282820356632 7048.808738961315 d
5554.282820356633 7048.808738961315 5778.125205106954 7743.915261308129 c
5778.125205106954 7743.915261308129 6164.066005152312 7336.875769701765 c
6164.066005152312 7336.875769701765 5554.282820356633 7048.808738961315 c
5554.282820356632 7048.808738961315 5299.056036475194 7167.008880700917 c
5299.056036475194 7167.008880700917 5052.230130889791 7298.328191567567 c
4830.061278397139 7212.772605327468 4593.034587885372 7048.808738961315 c
4593.034587885372 7048.808738961315 4003.5556976335383 7255.552916752115 c
3929.1776368099195 7370.877830786051 3852.3236129966663 7291.434601444438 c
3852.3236129966663 7291.434601444438 3759.7846927837168 7176.024716581485 c
3759.7846927837168 7176.024716581485 3667.0672014629263 7048.808738961315 c
3667.0672014629263 7048.808738961315 3612.0718211906724 7172.504767184634 c
3612.0718211906724 7172.504767184634 3544.6507152905288 7288.934222395144 c
3544.6507152905288 7336.875769701765 2934.86753049485 7048.808738961315 c
2834.6482728409947 7048.808738961315 2442.990791802631 7069.188204234707 c
2442.990791802631 7069.188204234707 2059.4310714182584 7088.447941824158 c
1925.4053216405262 7257.486666499977 1959.211813764403 7048.808738961315 c
1959.211813764403 7048.808738961315 1567.5543327260395 7069.188204234707 c
1552.4558057394615 7048.808738961316 2126.489559271531 6789.811670541075 c
2126.489559271531 6789.811670541075 2162.054296659884 6081.374811241589 c
2313.2564809211162 6081.374811241589 2245.046363964425 6306.494681945822 c
2245.046363964425 6306.494681945822 2162.054296659884 6538.67248026764 c
2162.054296659884 6538.67248026764 2490.255452114768 6630.27310412127 c
2490.255452114768 6630.27310412127 2815.8597948219226 6708.734806477788 c
2981.4468651693614 6613.936184419454 3124.9532958950194 6757.220638898966 c
3124.9532958950194 6757.220638898966 3261.733992260163 6897.674628525728 c
3261.733992260163 6897.674628525728 3514.6107327915875 6492.180849340302 c
3514.6107327915875 6492.180849340302 3759.4954839953366 6081.374811241589 c
3842.1730676679304 6081.374811241589 3795.7894923597614 6299.142288641999 c
3795.7894923597614 6299.142288641999 3759.4954839953357 6523.576743329026 c
3759.4954839953357 6523.576743329026 4020.4707476967533 6401.252084511342 c
4020.4707476967533 6401.252084511342 4287.018953885414 6271.5805610402485 c
4428.915238348496 6474.546578786931 4665.269870814437 6638.1938208713245 c
4665.269870814437 6638.1938208713245 5113.524534649016 6245.338677607742 c
5113.524534649016 6245.338677607742 5113.524534649016 6081.374811241589 d
5113.524534649016 6081.374811241589 5337.366919399336 6776.481333588403 c
5337.366919399336 6776.481333588403 5723.307719444694 6369.4418419820395 c
5759.60172780912 6299.142288641999 5723.307719444694 6369.4418419820395 d
5759.60172780912 6299.142288641999 5723.307719444694 6523.576743329026 c
5723.307719444694 6523.576743329026 5984.282983146112 6401.252084511342 c
5984.282983146112 6401.252084511342 6250.831189334773 6271.5805610402485 c
6250.831189334773 6271.5805610402485 6250.673767385495 6224.049123969397 c
6250.673767385495 6224.049123969397 6238.8004370597155 6163.15278343151 c
6238.8004370597155 6163.15278343151 6017.574545195393 6124.342892537443 c
6017.574545195393 6124.342892537443 5805.98530311729 6081.374811241589 c
5657.55460875154 5974.398472401885 5805.98530311729 6081.374811241589 d
5657.55460875154 5974.398472401885 6231.58836228361 5715.401403981644 c
6231.58836228361 5715.401403981644 6267.153099671963 5006.964544682158 c
6267.153099671963 5006.964544682158 6054.46248708806 5568.4975598756055 c
6054.46248708806 5568.4975598756055 5657.55460875154 5974.398472401885 c
5805.98530311729 6081.374811241589 5759.60172780912 6299.142288641999 c
5723.307719444694 6369.4418419820395 5113.524534649016 6081.374811241589 c
5113.524534649016 6245.338677607742 4876.497844137249 6081.374811241589 c
4876.497844137249 6081.374811241589 4287.018953885415 6288.118989032389 c
4371.981122152438 6081.374811241589 4575.976692588141 5784.517943529654 c
4575.976692588141 5784.517943529654 4782.118149674948 5489.5463152256325 c
4782.118149674948 5489.5463152256325 4568.294180076665 5006.964544682158 c
4568.294180076665 5006.964544682158 4414.484860669675 5068.564473742716 c
4414.484860669675 5068.564473742716 4269.013567944701 5131.740686381133 c
4269.013567944701 5131.740686381133 4211.401755274903 5527.245700847197 c
4115.253519271809 5454.538496726504 4149.0275317909645 5245.116109487175 c
4149.0275317909645 5245.116109487175 3992.1891386655775 5006.964544682158 c
3992.1891386655775 5006.964544682158 3836.352638892364 5154.019276344154 c
3836.352638892364 5154.019276344154 3785.554222658245 5311.571516478473 c
3785.554222658245 5311.571516478473 3737.717729477369 5471.525447392838 c
3646.121998714779 5546.007470466203 3562.9595395194815 5418.005649199959 c
3562.9595395194815 5418.005649199959 3603.6919796996367 5215.64247222082 c
3603.6919796996367 5215.64247222082 3637.4984718235137 5006.964544682158 c
3637.4984718235137 5006.964544682158 3245.84099078515 5027.34400995555 c
3371.803947199462 4916.2909494000105 3963.0873777183538 4337.661687751938 c
3963.0873777183538 4308.600260465565 3963.0873777183538 4337.661687751938 d
3963.0873777183538 4308.600260465565 4195.972799793582 4916.2909494000105 c
4195.972799793582 4916.2909494000105 4787.256230312474 4337.661687751938 c
4835.092723493351 4344.137588758748 4787.256230312474 4337.661687751938 d
4835.092723493351 4344.137588758748 4787.256230312474 4504.091519673113 c
4787.256230312474 4504.091519673113 4964.875916358878 4595.498167885529 c
4964.875916358878 4595.498167885529 5130.2048317039635 4685.204295271515 c
5130.2048317039635 4685.204295271515 5164.792020106914 4487.104569006779 c
5164.792020106914 4487.104569006779 5198.5660326260695 4277.682181767449 c
5198.5660326260695 4277.682181767449 5041.727639500683 4039.530616962432 c
5041.727639500683 4039.530616962432 4885.89113972747 4186.585348624429 c
4885.89113972747 4186.585348624429 4835.092723493351 4344.137588758748 c
4787.256230312474 4337.661687751938 4088.5465148780677 4039.5306169624323 c
4088.5465148780677 4039.5306169624323 3963.0873777183538 4308.600260465565 c
3963.0873777183538 4337.661687751938 3264.3776622839473 4039.5306169624323 c
3138.9185251242334 4039.530616962432 2883.691741242794 4157.730758702034 c
2748.40340318219 3968.7383053349668 2855.2801918676405 4039.530616962432 c
2855.2801918676405 4039.530616962432 3059.275762303343 3742.673749250497 c
3059.275762303343 3742.673749250497 3265.41721939015 3447.702120946475 c
3265.41721939015 3447.702120946475 3051.5932497918675 2965.120350403001 c
3051.5932497918675 2965.120350403001 2945.073755117329 2895.4928914154425 d
2945.073755117329 2895.4928914154425 2820.2543812420627 2200.3180038123646 c
2820.2543812420627 2200.3180038123646 2162.23899053514 2148.820533118861 c
2162.23899053514 2148.820533118861 2351.9693758269464 2570.025188094494 c
2351.9693758269464 2570.025188094494 2945.073755117329 2895.4928914154425 c
3051.5932497918675 2965.120350403001 2897.7839303848773 3026.720279463558 c
2897.7839303848773 3026.720279463558 2752.3126376599034 3089.896492101976 c
2620.295849231109 3046.898322592922 2399.069957366786 3008.088431698855 c
2399.069957366786 3008.088431698855 2187.480715288683 2965.120350403001 c
2104.8031316160886 3041.0126083529817 1436.6127473678434 2965.120350403001 c
1436.2887655592795 2865.450912311733 2162.23899053514 2802.1711977357545 c
2162.23899053514 2802.1711977357545 1901.7157633521106 2148.8205331188615 c
1726.9524341633094 2148.8205331188615 1930.9480045990122 1851.9636654069272 c
1930.9480045990122 1851.9636654069272 2137.089461685819 1791.0406457523022 d
2137.089461685819 1791.0406457523022 2863.0396866616793 1727.760931176324 c
2863.0396866616793 1727.760931176324 3066.1792172357787 1602.9280723996442 d
3066.1792172357787 1602.9280723996442 3261.5842753644456 1893.5029280709284 c
3261.5842753644456 1893.5029280709284 3289.6352292355214 1674.9103669335025 c
3289.6352292355214 1674.9103669335025 3384.318892488627 1594.6914227244704 d
3384.318892488627 1594.6914227244704 3321.9446690046884 1994.6664514640584 c
3321.9446690046884 1994.6664514640584 3438.021470680712 2078.0282214913964 c
3438.021470680712 2078.0282214913964 3544.898259366162 2148.8205331188615 c
3544.898259366162 2148.8205331188615 3472.5972250074065 2188.459735981705 d
3472.5972250074065 2188.459735981705 3695.774802284196 2603.9288917152753 c
3472.5972250074065 2188.459735981705 3460.5664727323497 2230.5985053087825 d
3472.597225007407 2339.0262829175213 3472.4398030581297 2291.49484584667 c
3472.4398030581297 2291.49484584667 3460.5664727323497 2230.5985053087825 c
3460.5664727323497 2230.5985053087825 3239.340580868027 2191.7886144147155 c
3239.340580868027 2191.7886144147155 3027.7513387899235 2148.8205331188615 c
3027.7513387899235 2148.8205331188615 2981.3677634817545 2366.588010519271 c
2981.3677634817545 2366.588010519271 2945.073755117329 2591.022465206298 c
2945.073755117329 2591.022465206298 3206.0490188187464 2468.697806388615 c
3206.0490188187464 2468.697806388615 3472.597225007407 2339.0262829175213 c
3695.774802284196 2603.9288917152753 3757.7885778901805 2489.9959719367425 c
3757.7885778901805 2489.9959719367425 3826.339211568352 2373.6676592498816 c
3826.339211568352 2373.6676592498816 3965.7053857800474 2530.9846845867737 c
3965.7053857800474 2530.9846845867737 4110.833251421932 2680.0957478247856 c
4110.833251421932 2680.0957478247856 4222.81541364697 2744.5458395365713 c
4222.81541364697 2744.5458395365713 4348.033684083998 2807.5398915466412 c
4348.033684083998 2807.5398915466412 4256.437953321408 2687.863458902906 c
4348.033684083998 2606.118202144912 4256.437953321408 2687.863458902906 d
4348.033684083998 2606.118202144912 4676.234839538883 2697.7188259985433 c
4676.234839538883 2697.7188259985433 5001.839182246037 2776.1805283550607 c
5001.839182246037 2776.1805283550607 5167.4262525934755 2681.3819062967264 d
5167.4262525934755 2681.3819062967264 5310.932683319133 2824.6663607762393 c
5310.932683319133 2824.6663607762393 5447.713379684277 2965.120350403001 c
5447.713379684277 2965.120350403001 5588.808631701462 2965.120350403001 d
5588.808631701462 2965.120350403001 5251.816152199028 2976.7948602385627 c
5714.267768861176 2965.120350403001 5588.808631701462 2965.120350403001 d
5588.808631701462 3234.189993906134 5821.69405377669 3841.8806828405795 c
5821.69405377669 3841.8806828405795 5890.842107219087 4039.530616962432 d
5890.842107219087 4039.530616962432 5844.458531910917 4257.298094362842 c
5890.842107219087 4039.530616962432 5808.164523546491 4039.5306169624323 d
5808.164523546491 4039.5306169624323 5595.473910962589 4601.0636321558795 c
5595.473910962589 4601.0636321558795 5198.5660326260695 5006.964544682158 c
5198.5660326260695 5006.964544682158 5165.677870059321 5027.34400995555 d
5165.677870059321 5027.34400995555 4782.118149674949 5046.603747545001 c
4782.118149674949 5046.603747545001 5005.295726951738 5462.072903278572 c
5005.295726951738 5462.072903278572 5067.309502557722 5348.139983500039 c
5067.309502557722 5348.139983500039 5135.860136235894 5231.811670813178 c
5135.860136235894 5231.811670813178 5275.22631044759 5389.12869615007 c
5275.22631044759 5389.12869615007 5420.354176089474 5538.239759388082 c
5420.354176089474 5538.239759388082 5532.336338314512 5602.689851099868 c
5532.336338314512 5602.689851099868 5657.55460875154 5665.683903109938 c
5657.55460875154 5665.683903109938 5565.95887798895 5546.007470466203 c
5565.95887798895 5546.007470466203 5482.796418793653 5418.005649199959 c
5482.796418793653 5418.005649199959 5523.528858973808 5215.64247222082 c
5523.528858973808 5215.64247222082 5557.335351097685 5006.964544682158 c
5557.335351097685 5006.964544682158 5165.677870059321 5027.34400995555 c
5198.5660326260695 5006.964544682158 5772.599786158139 4747.967476261918 c
5772.599786158139 4747.967476261918 5808.164523546491 4039.5306169624323 c
5844.458531910917 4257.298094362842 5808.164523546491 4481.732549049869 c
5808.164523546491 4481.732549049869 6069.139787247909 4359.407890232185 c
6069.139787247909 4359.407890232185 6335.68799343657 4229.736366761092 c
6335.68799343657 4229.736366761092 6335.530571487292 4182.2049296902405 c
6335.530571487292 4182.2049296902405 6323.6572411615125 4121.308589152353 c
6323.6572411615125 4121.308589152353 6102.43134929719 4082.498698258286 c
6102.43134929719 4082.498698258286 5890.842107219087 4039.530616962432 c
5821.69405377669 3841.8806828405795 6412.977484295582 3263.251421192507 c
6412.977484295582 3263.251421192507 5714.267768861176 2965.120350403001 c
5714.267768861176 2965.120350403001 5588.808631701462 3234.189993906134 c
5251.816152199028 2976.7948602385627 5237.495981602779 3080.964534492462 c
5237.495981602779 3080.964534492462 5230.181472101913 3196.3653668562306 c
5230.181472101913 3196.3653668562306 5017.308706739874 3342.548573170373 c
5017.308706739874 3342.548573170373 4810.7600128754875 3497.6817235808658 c
4645.172942528049 3592.4803456392 4810.7600128754875 3497.6817235808658 d
4645.172942528049 3592.4803456392 4522.549957154339 3438.448737115958 c
4522.549957154339 3438.448737115958 4400.795404383885 3275.984153719969 c
4400.795404383885 3275.984153719969 4600.488726495539 3160.850989629507 c
4600.488726495539 3160.850989629507 4810.7600128754875 3041.0126083529817 c
4810.7600128754875 3041.0126083529817 4142.569628627242 2965.120350403001 c
4142.569628627242 2965.120350403001 4074.359511670551 3190.240221107234 c
4074.359511670551 3190.240221107234 3991.36744436601 3422.4180194290516 c
3991.36744436601 3618.471015019894 3991.36744436601 3422.4180194290516 d
3991.36744436601 3618.471015019894 3730.844217182981 2965.120350403001 c
3730.844217182981 2965.120350403001 3265.41721939015 3681.750729595872 c
3265.41721939015 3681.750729595872 3991.36744436601 3618.471015019894 c
3991.36744436601 3422.4180194290516 4319.568599820895 3514.018643282682 c
4319.568599820895 3514.018643282682 4645.172942528049 3592.4803456392 c
4810.7600128754875 3497.6817235808658 4954.266443601145 3640.9661780603788 c
4954.266443601145 3640.9661780603788 5091.047139966289 3781.4201676871403 c
5091.047139966289 3781.4201676871403 5343.923880497713 3375.926388501715 c
5343.923880497713 3375.926388501715 5588.808631701462 2965.120350403001 c
5447.713379684277 2965.120350403001 5700.590120215701 2559.6265712175755 c
5700.590120215701 2559.6265712175755 5945.47487141945 2148.8205331188615 c
6044.109780834446 2295.875264780858 5945.47487141945 2148.8205331188615 d
6044.109780834446 2295.875264780858 5993.311364600327 2453.4275049151775 c
5993.311364600327 2453.4275049151775 5945.47487141945 2613.381435829542 c
5945.47487141945 2613.381435829542 6123.094557465854 2704.788084041959 c
6123.094557465854 2704.788084041959 6288.4234728109395 2794.494211427944 c
6288.4234728109395 2794.494211427944 6323.01066121389 2596.3944851632077 c
6323.01066121389 2596.3944851632077 6356.784673733046 2386.9720979238787 c
6356.784673733046 2386.9720979238787 6199.946280607659 2148.8205331188615 c
6199.946280607659 2148.8205331188615 6044.109780834446 2295.875264780858 c
5945.47487141945 2148.8205331188615 5608.482391917016 2160.4950429544233 c
5608.482391917016 2160.4950429544233 5594.162221320767 2264.6647172083226 c
5594.162221320767 2264.6647172083226 5586.847711819901 2380.065549572091 c
5586.847711819901 2380.065549572091 5373.974946457862 2526.2487558862335 c
5373.974946457862 2526.2487558862335 5167.4262525934755 2681.3819062967264 c
5001.839182246037 2776.1805283550607 4879.216196872327 2622.1489198318186 c
4879.216196872327 2622.1489198318186 4757.461644101873 2459.68433643583 c
4757.461644101873 2459.68433643583 4957.154966213528 2344.5511723453674 c
4957.154966213528 2344.5511723453674 5167.4262525934755 2224.7127910688423 c
5167.4262525934755 2224.7127910688423 4499.235868345231 2148.8205331188615 c
4499.235868345231 2148.8205331188615 4431.02575138854 2373.9404038230946 c
4431.02575138854 2373.9404038230946 4348.033684083998 2606.118202144912 c
4256.437953321408 2687.863458902906 4173.275494126111 2559.861637636663 c
4173.275494126111 2559.861637636663 4214.007934306266 2357.498460657524 c
4214.007934306266 2357.498460657524 4247.814426430143 2148.8205331188615 c
4247.814426430143 2148.8205331188615 3856.156945391779 2169.1999983922537 c
3856.156945391779 2169.1999983922537 3472.5972250074065 2188.459735981705 c
3544.898259366162 2148.8205331188615 3748.893829801865 1851.9636654069272 c
3748.893829801865 1851.9636654069272 3955.035286888672 1556.992037102905 c
4079.801541337878 1418.222201279688 3955.035286888672 1556.992037102905 d
4079.801541337878 1418.222201279688 4201.859249418622 1547.1428160102678 c
4201.859249418622 1547.1428160102678 4662.123607325448 1698.9686053743908 c
4662.123607325448 1698.9686053743908 5132.332356058392 1841.0367590348606 c
5132.332356058392 1841.0367590348606 5139.02989923034 1593.65771783168 c
5139.02989923034 1593.65771783168 5134.412507708363 1344.0955458705066 c
5134.412507708363 1344.0955458705066 5328.760284522145 1495.6149215350633 d
5328.760284522145 1495.6149215350633 5921.864663812527 1821.0826248560122 c
5921.864663812527 1821.0826248560122 5797.045289937262 1125.907737252934 c
5797.045289937262 1125.907737252934 5139.02989923034 1074.4102665594307 c
5139.02989923034 1074.4102665594307 5163.483174960051 920.2561849046276 d
5279.559976636074 1003.6179549319656 5386.436765321524 1074.4102665594307 c
5386.436765321524 1074.4102665594307 5590.4323357572275 777.5533988474963 c
5590.4323357572275 777.5533988474963 5796.573792844034 482.5817705434742 c
5796.573792844034 482.5817705434742 5582.749823245751 0.0 c
5582.749823245751 0.0 5428.940503838761 61.59992906055743 c
5428.940503838761 61.59992906055743 5283.469211113787 124.77614169897527 c
5283.469211113787 124.77614169897527 5225.857398443989 520.2811561650396 c
5225.857398443989 520.2811561650396 5163.48317496005 519.2474512722492 d
5163.48317496005 519.2474512722492 5158.865783438073 269.685279311076 c
5158.865783438073 269.685279311076 4819.697741367686 0.0 c
4819.697741367686 0.0 4113.312565643446 49.38011639163335 c
4113.312565643446 49.38011639163335 4046.8165042286264 129.26082660027055 c
3854.669188743117 51.49747069350326 4046.8165042286264 129.26082660027055 d
3854.669188743117 51.49747069350326 3196.6537980361945 0.0 c
3196.6537980361945 0.0 2859.66131853376 11.67450983556162 c
2859.66131853376 11.67450983556162 2845.3411479375113 115.84418408946101 c
2845.3411479375113 115.84418408946101 2838.026638436645 231.24501645322968 c
2838.026638436645 231.24501645322968 2625.1538730746056 377.42822276737195 c
2625.1538730746056 377.42822276737195 2418.6051792102194 532.5613731778647 c
2418.6051792102194 532.5613731778647 2562.1116099358774 675.8458276573776 c
2562.1116099358774 675.8458276573776 2698.892306301021 816.2998172841393 c
2698.892306301021 816.2998172841393 2951.7690468324454 410.80603809871366 c
2951.7690468324454 410.80603809871366 3196.6537980361945 0.0 c
3196.6537980361945 0.0 3386.3841833280007 421.2046549756326 c
3386.3841833280007 421.2046549756326 3979.488562618383 746.6723582965815 c
3979.488562618383 746.6723582965815 3854.669188743117 51.49747069350326 c
4046.8165042286264 129.26082660027055 3979.488562618383 218.06175676116857 c
3979.488562618383 218.06175676116857 4104.254817067588 343.81193472025734 c
4104.254817067588 343.81193472025734 4226.3125251483325 472.73254945083715 c
4226.3125251483325 472.73254945083715 4686.576883055158 624.55833881496 c
4686.576883055158 624.55833881496 5156.785631788102 766.6264924754297 c
5156.785631788102 766.6264924754297 5163.48317496005 519.2474512722492 c
5225.857398443989 520.2811561650396 5163.483174960051 920.2561849046276 c
5163.483174960051 920.2561849046276 5279.559976636074 1003.6179549319656 c
5139.02989923034 1074.4102665594307 5328.760284522145 1495.6149215350633 c
5134.412507708363 1344.0955458705066 4795.244465637976 1074.4102665594307 c
4795.244465637976 1074.4102665594307 4088.8592899137357 1123.7903829510642 c
4088.8592899137357 1123.7903829510642 4022.363228498916 1203.6710931597013 c
4022.363228498916 1203.6710931597013 3955.035286888673 1292.4720233205994 c
3955.035286888673 1292.4720233205994 4079.801541337878 1418.222201279688 c
3955.035286888672 1556.992037102905 3741.2113172903896 1074.4102665594307 c
3741.2113172903896 1074.4102665594307 3587.4019978833994 1136.0101956199883 c
3587.4019978833994 1136.0101956199883 3441.9307051584256 1199.1864082584061 c
3441.9307051584256 1199.1864082584061 3384.318892488627 1594.6914227244704 c
3289.6352292355214 1674.9103669335025 3321.944669004689 1470.8348918503607 c
3321.944669004689 1470.8348918503607 3247.56660818107 1396.4793583841667 c
3247.56660818107 1396.4793583841667 3170.712584367817 1317.0361290425542 c
3170.712584367817 1317.0361290425542 3078.1736641548673 1201.6262441796014 c
3078.1736641548673 1201.6262441796014 2985.456172834077 1074.4102665594307 c
2985.456172834077 1074.4102665594307 2930.460792561823 1198.1062947827495 c
2930.460792561823 1198.1062947827495 2863.0396866616793 1314.5357499932597 c
2863.0396866616793 1314.5357499932597 3066.1792172357787 1602.9280723996442 c
2863.0396866616793 1727.760931176324 2602.51645947865 1074.4102665594307 c
2602.51645947865 1074.4102665594307 2137.089461685819 1791.0406457523022 c
1930.9480045990122 1851.9636654069272 2137.089461685819 1556.992037102905 c
2137.089461685819 1556.992037102905 1923.2654920875364 1074.4102665594307 c
1827.3217486913277 876.7603324375787 2418.6051792102194 298.1310707895062 c
2418.6051792102194 298.1310707895062 1719.895463775813 0.0 c
1594.436326616099 0.0 1339.2095427346594 118.2001417396022 c
1339.2095427346594 118.2001417396022 1092.3836371492575 249.519452606252 c
1092.3836371492575 249.519452606252 983.6456802364993 418.1075487750777 c
983.6456802364993 418.1075487750777 870.2147846566053 591.8450911093182 c
801.8535837344995 645.6736783090822 836.440772137449 447.5739520443462 c
836.440772137449 447.5739520443462 870.2147846566052 238.1515648050172 c
870.2147846566052 238.1515648050172 713.3763915312184 0.0 c
713.3763915312184 0.0 557.5398917580051 147.05473166199636 c
557.5398917580051 147.05473166199636 506.74147552388587 304.60697179631603 c
506.74147552388587 304.60697179631603 458.90498234300986 464.5609027106806 c
458.9049823430098 396.42462529092984 384.52692151939084 322.06909182473606 c
384.52692151939084 322.06909182473606 307.672897706138 242.62586248312346 c
307.672897706138 242.62586248312346 215.13397749318824 127.21597762017063 c
215.13397749318824 127.21597762017063 122.41648617239764 0.0 c
102.21219481104887 45.443646031600196 0.0 0.0 d
