Processando arquivo: poly3a_pack.txt

Tempo de Inicio (hh:mm:ss.ms) 2026-04-27 10:05:21.672476
Tempo de Termino (hh:mm:ss.ms) 2026-04-27 10:05:22.571345
Tempo Total (hh:mm:ss.ms) 0:00:00.898869

Função Objetivo: 5859.462499999994

0.0 0.0 700.0 0.0 c
700.0 0.0 700.0 300.0 d
700.0 300.0 1199.0 0.0 c
1199.0 0.0 1400.0 200.0 c
1400.0 200.0 1499.0 400.0 c
1499.0 400.0 1699.0 300.0 d
1699.0 300.0 2099.0 0.0 c
2199.0 0.0 2099.0 0.0 d
2199.0 0.0 3199.0 199.0 c
3199.0 300.0 3199.0 199.0 d
3199.0 300.0 3698.0 0.0 c
3698.0 0.0 3899.0 200.0 c
4198.0 0.0 3899.0 200.0 d
4198.0 0.0 4597.0 199.0 c
4597.0 199.0 4897.0 100.0 c
4897.0 100.0 4697.0 299.0 c
4697.0 299.0 4297.0 499.0 c
4297.0 499.0 4497.0 699.0 c
4497.0 699.0 3998.0 799.0 c
3998.0 799.0 4198.0 0.0 c
3899.0 200.0 3998.0 400.0 c
3998.0 400.0 3398.0 499.0 c
3398.0 499.0 3199.0 300.0 c
3199.0 199.0 2999.0 500.0 c
2999.0 500.0 2599.0 400.0 c
2599.0 400.0 2199.0 0.0 c
2099.0 0.0 2199.0 700.0 c
2199.0 700.0 1499.0 1000.0 c
1499.0 1000.0 1700.0 1200.0 d
1299.0 1000.0 1700.0 1200.0 c
1700.0 1200.0 1400.0 1499.0 c
1400.0 1499.0 1100.0 1299.0 c
1100.0 1299.0 1000.0 1099.0 c
1000.0 1099.0 1000.0 1199.0 d
1000.0 1199.0 800.0 1500.0 c
800.0 1500.0 999.0 1700.0 d
999.0 1700.0 900.0 2099.0 c
999.0 1700.0 1699.0 1700.0 c
1700.0 1500.0 1699.0 1700.0 d
1700.0 1500.0 2000.0 1000.0 c
2000.0 1000.0 2799.0 1000.0 c
2799.0 1000.0 2799.0 1300.0 c
2799.0 1399.0 2799.0 1300.0 d
2799.0 1399.0 3199.0 1000.0 c
3199.0 1000.0 3399.0 1700.0 c
3399.0 1700.0 3399.0 1599.0 d
3399.0 1599.0 3699.0 1000.0 c
3699.0 1000.0 4298.0 1000.0 c
4298.0 1000.0 4897.0 1000.0 c
4897.0 1000.0 5097.0 1200.0 c
5097.0 1200.0 4598.0 1700.0 c
4695.0 1700.0 4598.0 1700.0 d
4695.0 1700.0 5396.0 1700.0 c
5396.0 1700.0 4995.0 2000.0 c
4995.0 2000.0 5296.0 2300.0 c
5296.0 2300.0 5198.0 2400.0 d
5198.0 2400.0 5098.0 2799.0 c
5098.0 2799.0 4699.0 2700.0 c
4699.0 2700.0 4699.0 2599.0 c
4699.0 2599.0 4499.0 2900.0 c
4397.0 3100.0 4499.0 2900.0 d
4397.0 3100.0 3898.0 3299.0 c
3898.0 3299.0 3498.0 3699.0 c
3498.0 3699.0 3798.0 3100.0 c
3798.0 3100.0 4397.0 3100.0 c
4597.0 3100.0 4499.0 2900.0 d
4597.0 3100.0 4996.0 3299.0 c
4996.0 3299.0 5296.0 3200.0 c
5296.0 3200.0 5096.0 3399.0 c
5096.0 3399.0 4696.0 3599.0 c
4696.0 3599.0 4896.0 3799.0 c
4896.0 3799.0 4397.0 3899.0 c
4397.0 3899.0 4597.0 3100.0 c
4499.0 2900.0 4099.0 2800.0 c
4099.0 2800.0 3699.0 2400.0 c
3699.0 2400.0 4699.0 2599.0 c
4699.0 2599.0 5198.0 2400.0 c
5296.0 2300.0 4596.0 2199.0 c
4596.0 2199.0 4695.0 1700.0 c
4596.0 1700.0 4598.0 1700.0 d
4596.0 1700.0 4497.0 2099.0 c
4497.0 2099.0 3997.0 1900.0 c
3997.0 1900.0 3797.0 1999.0 c
3797.0 1999.0 3597.0 1700.0 c
3597.0 1700.0 4596.0 1700.0 c
4598.0 1700.0 4298.0 1000.0 c
4298.0 1000.0 3799.0 1199.0 c
3799.0 1199.0 3399.0 1599.0 c
3399.0 1700.0 2799.0 1399.0 c
2799.0 1300.0 2000.0 1700.0 c
2000.0 1700.0 2798.0 1700.0 c
2798.0 1700.0 2798.0 2000.0 c
2798.0 2000.0 3297.0 1700.0 c
3297.0 1700.0 3498.0 1900.0 c
3498.0 1900.0 3597.0 2100.0 c
3597.0 2100.0 2997.0 2199.0 c
2997.0 2199.0 2798.0 2000.0 c
2798.0 2000.0 1999.0 2400.0 c
1999.0 2400.0 2199.0 2400.0 d
2199.0 2400.0 2900.0 2400.0 c
2900.0 2400.0 3499.0 2400.0 c
3499.0 2400.0 3699.0 2600.0 c
3699.0 2600.0 3200.0 3100.0 c
3200.0 3100.0 2900.0 2400.0 c
2900.0 2400.0 2499.0 2700.0 c
2499.0 2700.0 2800.0 3000.0 c
2899.0 3100.0 2800.0 3000.0 d
2899.0 3100.0 2999.0 3800.0 c
2999.0 3299.0 2899.0 3100.0 d
3398.0 3499.0 2999.0 3400.0 c
2999.0 3400.0 2999.0 3299.0 c
2999.0 3299.0 3498.0 3100.0 c
3498.0 3100.0 3398.0 3499.0 c
2999.0 3800.0 2299.0 4100.0 c
2299.0 4100.0 2499.0 3400.0 c
2499.0 3400.0 2899.0 3100.0 c
2800.0 3000.0 2100.0 2899.0 c
2100.0 2899.0 2199.0 2400.0 c
1999.0 2400.0 1699.0 2200.0 c
1699.0 2200.0 1999.0 1700.0 c
1999.0 1700.0 2000.0 1700.0 c
2000.0 1700.0 1700.0 1500.0 c
1699.0 1700.0 1498.0 2400.0 c
1498.0 2400.0 1999.0 2400.0 c
1999.0 2400.0 2100.0 2400.0 c
2100.0 2400.0 1699.0 2700.0 c
1699.0 2700.0 2000.0 3000.0 c
2000.0 3000.0 2199.0 3100.0 d
2199.0 3100.0 2299.0 3800.0 c
2299.0 3800.0 1599.0 4100.0 c
1599.0 4100.0 1698.0 4100.0 c
1698.0 4100.0 2697.0 4199.0 c
2697.0 4199.0 2997.0 4400.0 c
2997.0 4400.0 2898.0 4600.0 c
2898.0 4600.0 2197.0 4800.0 c
2197.0 4800.0 2098.0 4899.0 d
2098.0 4899.0 2398.0 5100.0 c
2398.0 5100.0 2299.0 5300.0 c
2299.0 5300.0 2498.0 5400.0 d
2398.0 5200.0 2598.0 4800.0 c
2598.0 4800.0 2798.0 5500.0 c
2798.0 5500.0 2898.0 5400.0 d
2898.0 5400.0 2798.0 5200.0 c
2798.0 5200.0 2998.0 4800.0 c
2998.0 4800.0 3198.0 5500.0 c
3198.0 5599.0 3198.0 5500.0 d
3198.0 5599.0 3398.0 4800.0 c
3398.0 4800.0 3797.0 4999.0 c
3797.0 4999.0 3995.0 4800.0 d
3995.0 4800.0 3496.0 4100.0 c
3496.0 4100.0 3396.0 4499.0 c
3396.0 4499.0 2997.0 4400.0 c
2997.0 4400.0 2997.0 4299.0 c
2997.0 4299.0 3496.0 4100.0 c
3496.0 4100.0 4196.0 4100.0 c
4196.0 4100.0 5195.0 4199.0 c
5195.0 4199.0 5495.0 4400.0 c
5495.0 4400.0 5396.0 4600.0 c
5396.0 4600.0 4695.0 4800.0 c
4796.0 4800.0 4695.0 4800.0 d
4796.0 4800.0 5197.0 5000.0 c
5197.0 5000.0 4897.0 5299.0 c
4897.0 5299.0 4597.0 5099.0 c
4597.0 5099.0 4497.0 4899.0 c
4497.0 4899.0 4796.0 4800.0 c
4695.0 4800.0 4296.0 4599.0 c
4296.0 4599.0 4196.0 4100.0 c
4196.0 4100.0 3995.0 4800.0 c
3797.0 4999.0 4097.0 4900.0 c
4097.0 4900.0 3897.0 5099.0 c
4097.0 5200.0 3897.0 5099.0 d
4097.0 5200.0 4297.0 4800.0 c
4297.0 4800.0 4497.0 5500.0 c
4497.0 5500.0 4296.0 5699.0 c
4296.0 5699.0 4197.0 5400.0 c
4197.0 5400.0 4097.0 5200.0 c
3897.0 5099.0 3497.0 5299.0 c
3497.0 5299.0 3697.0 5499.0 c
3697.0 5499.0 3198.0 5599.0 c
3198.0 5500.0 2997.0 5699.0 c
2997.0 5699.0 2898.0 5400.0 c
2798.0 5500.0 2597.0 5699.0 c
2597.0 5699.0 2498.0 5400.0 c
2498.0 5400.0 2398.0 5200.0 c
2299.0 5300.0 1598.0 5500.0 c
1598.0 5500.0 1199.0 5299.0 c
1199.0 5299.0 1099.0 4800.0 c
1099.0 4800.0 1099.0 5100.0 c
1099.0 5100.0 300.0 5500.0 c
300.0 5500.0 0.0 5300.0 c
0.0 5300.0 300.0 4800.0 c
300.0 4800.0 0.0 4100.0 c
0.0 4100.0 599.0 4100.0 c
599.0 4100.0 799.0 4300.0 c
799.0 4300.0 300.0 4800.0 c
300.0 4800.0 1099.0 4800.0 c
1099.0 4800.0 2098.0 4899.0 c
2197.0 4800.0 1798.0 4599.0 c
1798.0 4599.0 1698.0 4100.0 c
1698.0 4100.0 1199.0 4299.0 c
1199.0 4299.0 799.0 4699.0 c
799.0 4699.0 1099.0 4100.0 c
1099.0 4100.0 1599.0 4100.0 c
1599.0 4100.0 1799.0 3400.0 c
1799.0 3400.0 2199.0 3100.0 c
2000.0 3000.0 1300.0 2899.0 c
1300.0 2899.0 1300.0 3100.0 d
1300.0 3100.0 700.0 2799.0 c
1399.0 3100.0 1300.0 3100.0 d
1399.0 3100.0 1599.0 3800.0 c
1599.0 3800.0 999.0 3499.0 c
900.0 3499.0 999.0 3499.0 d
900.0 3499.0 400.0 3300.0 c
400.0 3300.0 200.0 3399.0 c
200.0 3399.0 0.0 3100.0 c
0.0 3100.0 999.0 3100.0 c
999.0 3100.0 900.0 3499.0 c
999.0 3499.0 1399.0 3100.0 c
700.0 2600.0 700.0 2799.0 d
700.0 2600.0 400.0 2899.0 c
400.0 2899.0 100.0 2699.0 c
100.0 2699.0 0.0 2499.0 c
0.0 2499.0 299.0 2400.0 c
299.0 2400.0 700.0 2600.0 c
700.0 2799.0 1100.0 2400.0 c
1100.0 2400.0 1300.0 3100.0 c
1300.0 2899.0 1399.0 2400.0 c
1399.0 2400.0 1498.0 2400.0 c
1498.0 2400.0 999.0 1700.0 c
900.0 2099.0 400.0 1900.0 c
400.0 1900.0 200.0 1999.0 c
200.0 1999.0 0.0 1700.0 c
0.0 1700.0 999.0 1700.0 c
800.0 1500.0 400.0 1400.0 c
400.0 1400.0 0.0 1000.0 c
0.0 1000.0 1000.0 1199.0 c
1000.0 1099.0 1299.0 1000.0 c
1499.0 1000.0 1699.0 300.0 c
1499.0 400.0 899.0 499.0 c
899.0 499.0 700.0 300.0 c
700.0 0.0 499.0 700.0 c
499.0 700.0 0.0 0.0 c
