Processando arquivo: poly4b_mod_sep.txt

Tempo de Inicio (hh:mm:ss.ms) 2026-04-27 10:12:21.146284
Tempo de Termino (hh:mm:ss.ms) 2026-04-27 10:12:23.357935
Tempo Total (hh:mm:ss.ms) 0:00:02.211651

Função Objetivo: 101.03184757521883

0.0 0.0 0.06174494002131115 0.0019035082482003016 d
0.0618036224598999 0.0 0.0 2.004751471654628 c
0.0 2.004751471654628 2.1607085267862463 0.4474011489508669 c
5.201338229928242 2.0272584344597018 2.1607085267862463 0.4474011489508669 d
5.201338229928242 2.0272584344597018 3.1607085267862445 4.32577959527981 c
3.1607085267862445 4.32577959527981 12.237235899485068 7.825086302695807 c
12.237235899485068 7.825086302695807 16.270222626150805 12.3313380227889 d
8.633981629393627 11.868419477549665 10.11422761183551 14.82485915834041 c
10.11422761183551 14.82485915834041 10.369417104470601 17.37178501810495 c
8.196229028606865 14.40636489869611 10.369417104470601 17.37178501810495 d
8.196229028606865 14.40636489869611 0.0 11.868419477549667 c
0.0 11.868419477549667 1.6107098031262161 15.330344653403355 c
1.6107098031262161 15.330344653403355 2.34915934983783 28.033180147625274 c
2.388430952160525 29.033180147625274 2.34915934983783 28.033180147625274 d
2.388430952160525 29.033180147625274 0.0 34.5145604159066 c
0.0 34.5145604159066 5.831013391002718 38.1232550946115 c
5.831013391002718 38.1232550946115 10.688214884620882 35.54860906994574 c
10.688214884620882 35.54860906994574 11.688214884620882 30.539383189253023 d
11.688214884620882 30.539383189253023 19.275627266162722 42.420526870344695 c
19.275627266162722 42.420526870344695 18.03696981049788 43.4205268703447 d
18.03696981049788 43.4205268703447 13.917175504266108 51.42004289929641 c
13.917175504266108 51.42004289929641 12.379747941649779 50.0335224315198 c
12.379747941649779 50.0335224315198 11.645268909766942 49.051454564025015 d
11.645268909766942 49.051454564025015 12.379747941649779 52.29127624524054 c
12.379747941649779 52.29127624524054 11.812468337631689 48.4783989181393 c
11.812468337631689 48.4783989181393 6.150637043800375 48.0246352850871 c
6.150637043800375 48.0246352850871 7.370339420798992 44.09841806149899 c
7.370339420798992 44.09841806149899 3.729989109018649 43.4205268703447 c
3.729989109018649 43.4205268703447 4.364323462484422 47.84888985568625 c
4.364323462484422 47.84888985568625 0.0 47.41950841393879 c
0.0 47.41950841393879 4.668542677983703 49.97268010287385 c
4.668542677983703 49.97268010287385 4.815604311743192 50.999334724283244 c
4.815604311743192 50.999334724283244 11.645268909766942 49.051454564025015 c
12.379747941649779 50.0335224315198 12.439188282402903 56.38760150169175 c
12.439188282402903 56.38760150169175 16.520910740063236 56.44784532482091 c
16.520910740063236 56.44784532482091 19.632698500239343 50.04186062925396 c
19.632698500239343 50.04186062925396 22.744086768984424 49.46087986243097 c
22.744086768984424 49.46087986243097 20.044131379485243 48.53541417961289 c
20.044131379485243 48.53541417961289 18.03696981049788 43.4205268703447 c
19.275627266162722 42.420526870344695 17.85068045080051 39.73850849870522 c
17.85068045080051 39.73850849870522 29.50556179706804 39.66328823309513 c
32.158384582134374 35.65368633118597 29.50556179706804 39.66328823309513 d
32.158384582134374 35.65368633118597 46.480280425564246 37.24926501934644 c
46.480280425564246 37.24926501934644 46.480280425564246 34.35944285145791 d
46.480280425564246 34.35944285145791 51.77777028162056 34.66482820671152 c
52.22396501117086 33.69125484614983 51.77777028162056 34.66482820671152 d
52.22396501117086 33.69125484614983 51.805731925264595 41.700215383803254 c
51.805731925264595 41.700215383803254 47.60694292631505 45.491171864497524 d
48.662582279441516 44.51082111016286 47.83782318591999 43.4205268703447 c
47.83782318591999 43.4205268703447 47.72472052265999 44.434885845448896 c
47.72472052265999 44.434885845448896 46.18340601221176 44.310091200063205 c
46.18340601221176 44.310091200063205 47.60694292631505 45.491171864497524 c
47.60694292631505 45.491171864497524 46.92620774665554 51.596331718863674 c
46.92620774665554 51.596331718863674 45.18340601221177 48.80565923226719 d
45.18340601221177 48.80565923226719 40.93743564606579 46.976943993683236 c
40.93743564606579 46.976943993683236 43.11139860485173 46.198848143946144 c
43.11139860485173 46.198848143946144 36.52886915809428 43.4205268703447 c
36.52886915809428 43.4205268703447 30.211469424523358 51.61594960078969 c
30.211469424523358 51.61594960078969 41.74679064748061 54.16554294199666 c
41.74679064748061 54.16554294199666 45.18340601221177 48.80565923226719 c
46.92620774665554 51.596331718863674 48.5847603988603 48.322177573875905 c
48.5847603988603 48.322177573875905 50.26022139719011 47.69254498539364 c
50.26022139719011 47.69254498539364 52.43323134672818 49.49544873140537 c
52.43323134672818 49.49544873140537 50.8903001981362 47.45576349851751 c
50.8903001981362 47.45576349851751 56.942831076300806 45.18124282182822 c
56.942831076300806 45.18124282182822 48.662582279441516 44.51082111016286 c
51.805731925264595 41.700215383803254 55.839048113753826 38.78051087377492 c
55.839048113753826 38.78051087377492 58.98816514954616 40.06700792564945 c
58.98816514954616 40.06700792564945 61.102071953443726 36.0604942450576 c
61.102071953443726 36.0604942450576 60.201084688992424 35.82005396440632 c
60.201084688992424 35.82005396440632 60.35669236743816 33.61298394647859 c
60.35669236743816 33.61298394647859 62.876506711325256 29.03318014762527 c
62.876506711325256 29.03318014762527 59.81420734019804 33.113995545349184 c
59.81420734019804 33.113995545349184 54.738181162495074 30.288538664231773 c
54.738181162495074 30.288538664231773 59.49782674715891 33.535603833483286 c
59.49782674715891 33.535603833483286 58.1869002813732 35.282542410848095 c
58.1869002813732 35.282542410848095 52.22396501117086 33.69125484614983 c
51.77777028162056 34.66482820671152 51.805731925264595 29.033180147625274 c
51.805731925264595 29.033180147625274 46.480280425564246 34.35944285145791 c
46.480280425564246 37.24926501934644 37.22967943929757 35.22368259203019 c
37.22967943929757 35.22368259203019 32.59891920265217 29.033180147625274 c
32.59891920265217 29.033180147625274 31.31944037005695 29.033180147625274 d
31.31944037005695 29.033180147625274 29.505561797068037 30.63826031913832 c
29.505561797068037 30.63826031913832 30.781327486670026 35.12509569858197 c
30.781327486670026 35.12509569858197 32.15838458213437 30.895693625251763 c
32.15838458213437 30.895693625251763 31.31944037005695 29.033180147625274 c
32.59891920265217 29.033180147625274 32.158384582134374 35.65368633118597 c
29.50556179706804 39.66328823309513 30.211469424523354 43.4205268703447 d
30.211469424523354 43.4205268703447 22.744086768984424 53.95582132173152 c
22.744086768984424 53.95582132173152 26.135952238448606 55.29389099675578 c
26.135952238448606 55.29389099675578 24.845437047523237 56.44784532482091 d
24.845437047523237 56.44784532482091 25.948615506142374 65.40794498306022 c
20.69237907120965 56.44784532482091 24.845437047523237 56.44784532482091 d
20.468752423526606 64.95918972806193 20.69237907120965 56.44784532482091 c
20.69237907120965 56.44784532482091 14.21788319286323 58.77836403589157 c
14.21788319286323 58.77836403589157 14.217883192863232 59.55499038610209 d
14.217883192863232 59.55499038610209 11.865028774076775 58.26093835235358 c
11.865028774076775 58.26093835235358 12.248307104952275 57.75061952427583 c
12.248307104952275 57.75061952427583 8.568450406092706 56.447845324820904 c
8.568450406092706 56.447845324820904 6.907581678191698 57.32172772603395 c
6.907581678191698 57.32172772603395 4.844643591546825 57.156061612361555 c
4.844643591546825 57.156061612361555 4.660513533801038 58.504044710345596 c
4.660513533801038 58.504044710345596 0.0 60.95621970129207 c
0.0 60.95621970129207 1.918658325797864 62.522271204866264 c
1.918658325797864 62.522271204866264 4.048502352235107 62.98446870319037 c
4.048502352235107 62.98446870319037 3.7134275642837604 65.43749107362048 c
3.7134275642837604 65.43749107362048 7.719126703482817 63.78103097318543 c
7.719126703482817 63.78103097318543 14.217883192863232 59.55499038610209 c
14.21788319286323 58.77836403589157 20.468752423526606 64.95918972806193 c
25.948615506142374 65.40794498306022 20.692379071209654 67.61864611800532 c
21.1691977512651 67.70358061398825 20.692379071209654 67.61864611800532 d
21.1691977512651 67.70358061398825 23.15051566896116 74.14355573415415 c
23.15051566896116 74.14355573415415 18.385711498919765 69.8238957149027 c
18.385711498919765 69.8238957149027 16.93159004223586 74.96190857396374 c
15.931590042235861 75.37741597619738 16.93159004223586 74.96190857396374 d
15.931590042235861 75.37741597619738 14.593199579502846 73.10709151846457 c
14.593199579502846 73.10709151846457 10.30369759144325 70.77897449579201 c
10.30369759144325 70.77897449579201 6.986570045838533 67.70358061398825 c
6.986570045838533 67.70358061398825 1.375236431542458 73.87039592907121 c
1.375236431542458 73.87039592907121 0.6297545835136811 72.86836756865412 c
0.6297545835136811 72.86836756865412 0.0 73.35485078263342 c
0.0 73.35485078263342 7.138600537576933 77.23197665835491 c
7.138600537576933 77.23197665835491 11.62401960253506 83.74109430766744 c
11.62401960253506 83.74109430766744 15.931590042235861 75.37741597619738 c
16.93159004223586 74.96190857396374 23.299647772895185 77.83851030861346 c
23.299647772895185 77.83851030861346 17.78561136159943 77.12720120731892 c
17.78561136159943 77.12720120731892 21.512723328443172 85.4612560125025 c
21.512723328443172 85.4612560125025 22.764173384570782 87.10745475400566 d
22.764173384570782 87.10745475400566 11.359844947513789 95.88020694409805 c
11.359844947513789 95.88020694409805 14.256747862657786 102.04129982518256 c
10.359844947513789 98.28446240462449 14.256747862657786 102.04129982518256 d
10.359844947513789 98.28446240462449 10.081429608359642 90.38982517285498 c
10.081429608359642 90.38982517285498 6.845672155472387 89.84213758302326 c
6.845672155472387 89.84213758302326 5.038550572514463 91.86277314588418 c
5.038550572514463 91.86277314588418 7.702407945766179 92.54146547095976 c
7.702407945766179 92.54146547095976 4.7829611914748345 92.14856077505573 c
4.7829611914748345 92.14856077505573 3.7048395925547366 93.35406397108343 c
3.7048395925547366 93.35406397108343 4.689102344370085 92.13592907292744 c
4.689102344370085 92.13592907292744 1.3928255854527585 91.69230987840909 c
1.3928255854527585 91.69230987840909 1.5621869933585266 87.10745475400566 c
1.5621869933585266 87.10745475400566 0.0 94.53239541674508 c
0.0 94.53239541674508 6.312793275554741 100.99602923641888 c
8.08057676618418 102.04129982518256 6.312793275554741 100.99602923641888 d
8.08057676618418 102.04129982518256 0.0 110.88909803379896 c
0.0 110.88909803379896 9.977392002756044 116.37623524190248 c
9.977392002756044 116.37623524190248 11.03164915919277 119.53127677425813 d
11.03164915919277 119.53127677425813 6.989462503650942 122.75679715531994 c
11.256629541973762 119.53127677425813 11.03164915919277 119.53127677425813 d
11.172072834670178 123.77154389438975 15.317456055868028 129.47900701069264 c
15.317456055868028 129.47900701069264 13.72802362756606 122.17517809309817 c
13.72802362756606 122.17517809309817 17.95601586316935 122.67951122793102 d
16.88842296801017 120.70988166923931 16.31745605586803 125.78430946123291 c
16.31745605586803 125.78430946123291 17.95601586316935 122.67951122793102 c
17.95601586316935 122.67951122793102 19.144721459504353 122.63447877866776 c
19.144721459504353 122.63447877866776 20.79963751882415 119.53127677425812 c
20.79963751882415 120.25907503317381 20.79963751882415 119.53127677425812 d
20.79963751882415 120.25907503317381 26.64708352302213 132.3765987567499 c
26.64708352302213 132.3765987567499 24.30331920479192 123.69596573805188 c
24.30331920479192 123.69596573805188 28.502985871489354 122.77740845007125 d
27.64708352302213 121.9574954358774 28.502985871489354 122.77740845007125 c
28.502985871489354 122.77740845007125 29.44932533110571 126.62200109420434 c
29.44932533110571 126.62200109420434 32.26638392126239 119.53127677425813 c
32.26638392126239 119.53127677425813 33.63317297224536 119.53127677425813 d
33.63317297224536 119.53127677425813 33.26638392126239 123.4634127182006 c
33.26638392126239 123.4634127182006 34.247452718216365 126.2278226418976 c
34.247452718216365 126.2278226418976 36.6163241940408 125.10360563580517 c
37.74997193360522 125.09153485663899 36.6163241940408 125.10360563580517 d
37.74997193360522 125.09153485663899 38.49151339633482 129.03245295649364 c
38.49151339633482 129.03245295649364 39.82572013978165 119.53127677425813 c
41.71353797370857 118.38839411012755 39.82572013978165 119.53127677425813 d
41.71353797370857 118.38839411012755 46.65170317128563 113.52554057950537 c
46.65170317128563 113.52554057950537 40.92867988402272 107.98871159275444 c
40.92867988402272 107.98871159275444 44.73057357167852 102.27754908849823 c
41.44793246574913 98.61633407247258 44.73057357167852 102.27754908849823 d
41.44793246574913 98.61633407247258 44.845406181442115 95.14735027998904 c
45.845406181442115 94.3939860339921 44.845406181442115 95.14735027998904 d
45.845406181442115 94.3939860339921 52.58945108017453 96.05098698748705 c
55.0499799178711 96.05866065136415 52.58945108017453 96.05098698748705 d
55.0499799178711 96.05866065136415 64.28890467388453 92.75930893640896 c
64.28890467388453 92.75930893640896 64.62572756141013 87.10745475400566 c
64.62572756141013 87.10745475400566 56.80007510997851 89.40439681397069 c
56.80007510997851 89.40439681397069 54.797706090858085 91.68437839245388 c
54.797706090858085 91.68437839245388 55.0499799178711 96.05866065136415 c
52.58945108017453 96.05098698748705 46.29994959514404 94.01675372011215 c
46.29994959514404 94.01675372011215 53.797706090858085 87.10745475400566 c
53.797706090858085 87.10745475400566 50.26192748052293 88.7846818166228 c
50.26192748052293 88.7846818166228 45.845406181442115 94.3939860339921 c
44.845406181442115 95.14735027998904 44.16976327725018 92.84972229022587 c
44.16976327725018 92.84972229022587 39.29354013501961 87.10745475400566 c
39.29354013501961 87.10745475400566 32.751597288085655 88.41840432798776 c
32.751597288085655 88.41840432798776 30.873362465475722 91.49352582844013 c
30.873362465475722 91.49352582844013 30.873362465475726 92.32687556329284 d
30.873362465475726 92.32687556329284 28.094642710242013 87.10745475400566 c
27.094642710242013 87.97577985302135 28.094642710242013 87.10745475400566 d
27.094642710242013 87.97577985302135 25.800776044644408 87.10745475400566 c
25.800776044644408 87.10745475400566 22.764173384570782 89.85658581072526 c
22.764173384570782 89.85658581072526 27.094642710242013 87.97577985302135 c
28.094642710242013 87.10745475400566 29.12357549623472 91.2015074236473 c
29.12357549623472 91.2015074236473 30.873362465475726 92.32687556329284 c
30.873362465475722 91.49352582844013 39.851553617359556 91.64023036386487 c
39.851553617359556 91.64023036386487 38.0686678793631 93.41805617155272 c
38.0686678793631 93.41805617155272 41.44793246574913 98.61633407247258 c
44.73057357167852 102.27754908849823 47.65170317128563 106.0289366311304 d
47.65170317128563 106.0289366311304 54.170315403907445 104.42203173150945 c
54.170315403907445 104.42203173150945 54.41723459059562 103.71070471252571 c
55.417234590595626 102.04129982518256 54.41723459059562 103.71070471252571 d
55.417234590595626 102.04129982518256 58.53457908476031 109.44396958797299 c
58.53457908476031 109.44396958797299 58.05934527615119 110.29245585138139 c
58.05934527615119 110.29245585138139 58.5873163583146 109.56920329924333 c
58.5873163583146 109.56920329924333 58.95739930757964 110.44802880710004 c
58.95739930757964 110.44802880710004 63.87553163608975 108.27977024733124 c
63.87553163608975 108.27977024733124 60.35477544087254 106.1941763769484 c
60.35477544087254 106.1941763769484 59.785982865688865 107.20970321453709 c
59.785982865688865 107.20970321453709 55.417234590595626 102.04129982518256 c
54.41723459059562 103.71070471252571 52.90086862696101 102.04129982518256 c
52.90086862696101 102.04129982518256 47.65170317128563 106.0289366311304 c
44.73057357167852 102.27754908849823 38.037612575881624 102.04129982518256 c
38.037612575881624 102.04129982518256 41.71353797370857 118.38839411012755 c
39.82572013978165 119.53127677425813 37.74997193360522 125.09153485663899 c
36.6163241940408 125.10360563580517 37.74997193360521 120.73884533440838 c
37.74997193360521 120.73884533440838 33.63317297224536 119.53127677425813 c
32.26638392126239 119.53127677425813 27.64708352302213 121.9574954358774 c
24.30331920479192 123.69596573805188 24.95066147381911 119.53127677425813 c
26.1683206015285 118.53127677425813 24.95066147381911 119.53127677425813 d
26.1683206015285 118.53127677425813 25.316150936077605 110.80456888478602 c
25.316150936077605 110.80456888478602 27.1256705811781 112.57937818470208 c
27.1256705811781 112.57937818470208 27.178439254812915 110.38891400016256 c
28.02904210528113 108.77446999966958 27.178439254812915 110.38891400016256 d
28.02904210528113 108.77446999966958 37.037612575881624 108.61311080805075 c
37.037612575881624 108.61311080805075 33.194559601779055 104.86440646376623 c
33.194559601779055 104.86440646376623 33.74684361029608 103.37738677198512 c
33.74684361029608 103.37738677198512 31.308332560918927 102.04129982518256 c
31.308332560918927 102.04129982518256 28.02904210528113 108.77446999966958 c
27.178439254812915 110.38891400016256 24.34099564489164 109.24425677684229 c
24.34099564489164 109.24425677684229 28.02904210528113 102.42682751464054 c
28.02904210528113 102.42682751464054 24.788321598744332 107.27141043022255 c
24.788321598744332 107.27141043022255 20.427049988026464 102.04129982518256 c
20.427049988026464 102.04129982518256 17.07575773070069 108.05058065532141 c
17.07575773070069 108.05058065532141 22.117837990123498 113.04664778193762 c
22.117837990123498 113.04664778193762 20.417464722842702 114.98481620854957 c
20.417464722842702 114.98481620854957 26.1683206015285 118.53127677425813 c
24.95066147381911 119.53127677425813 20.79963751882415 120.25907503317381 c
20.79963751882415 119.53127677425812 16.88842296801017 120.70988166923931 c
13.72802362756606 122.17517809309817 11.256629541973762 119.53127677425813 c
11.256629541973762 119.53127677425813 11.172072834670178 123.77154389438975 c
4.810986686125194 119.53127677425812 6.989462503650942 122.75679715531994 d
4.810986686125194 119.53127677425812 0.8100731181105072 121.17437095209591 c
0.8100731181105072 121.17437095209591 0.0 122.43347734674823 c
0.0 122.43347734674823 2.6614827272590915 127.60863346247298 c
2.6614827272590915 127.60863346247298 1.0274002639584863 130.70958998444505 c
1.0274002639584863 130.70958998444505 6.989462503650943 129.73189760454534 c
6.989462503650943 129.73189760454534 4.810986686125194 119.53127677425812 c
6.989462503650942 122.75679715531994 8.693397318891751 122.81254419178526 c
8.693397318891751 122.81254419178526 11.172072834670177 123.04775313695224 c
11.172072834670177 123.04775313695224 11.03164915919277 119.53127677425813 c
9.977392002756044 116.37623524190248 9.874065831119871 109.48025317310244 c
9.874065831119871 109.48025317310244 8.08057676618418 102.04129982518256 c
6.312793275554741 100.99602923641888 10.359844947513789 98.28446240462449 c
13.336309699625982 102.46001025751514 14.256747862657786 102.04129982518256 d
13.336309699625982 102.46001025751514 13.042721557491483 103.77521765410376 c
13.042721557491483 103.77521765410376 10.977392002756044 104.95591960853001 c
10.977392002756044 104.95591960853001 13.09848505702453 105.06558085309527 c
13.09848505702453 105.06558085309527 16.07575773070069 102.04129982518256 c
16.07575773070069 102.04129982518256 13.225817511298068 103.67054585971078 c
13.225817511298068 103.67054585971078 13.336309699625982 102.46001025751514 c
14.256747862657786 102.04129982518256 22.764173384570782 87.10745475400566 c
21.512723328443172 85.4612560125025 26.13475590684699 80.82890860564325 c
26.13475590684699 80.82890860564325 25.7638075296253 70.52416845175824 c
25.7638075296253 70.52416845175824 21.1691977512651 67.70358061398825 c
20.692379071209654 67.61864611800532 30.189691818058755 67.70358061398825 c
30.980039822544754 67.70358061398825 30.189691818058755 67.70358061398825 d
30.980039822544754 67.70358061398825 38.117930367738005 73.24042647364342 c
38.117930367738005 73.24042647364342 38.48629995870596 80.5409434294145 c
38.48629995870596 80.5409434294145 44.04558169615141 75.89595271461053 c
44.04558169615141 75.89595271461053 40.665661163933414 70.32988719270976 c
40.665661163933414 70.32988719270976 44.0455816961514 67.70358061398825 d
44.0455816961514 67.70358061398825 47.301489727688235 75.86795899828999 c
47.702540866971994 65.01570818085588 44.0455816961514 67.70358061398825 d
47.702540866971994 65.01570818085588 46.83140929946333 58.006411797122524 c
46.83140929946333 58.006411797122524 46.5742371593383 56.44784532482091 c
47.702540866971994 56.44784532482091 46.5742371593383 56.44784532482091 d
47.702540866971994 56.44784532482091 49.95402800600833 66.28081619357478 c
49.95402800600833 66.28081619357478 49.839393298119795 58.97761607008586 c
49.95402800600833 60.204598324111046 49.839393298119795 58.97761607008586 d
49.95402800600833 60.204598324111046 59.21300479383713 58.79543212874116 c
60.95048578803256 61.379036935854266 59.21300479383713 58.79543212874116 d
60.95048578803256 61.379036935854266 65.02828397159425 57.69643156116406 c
65.02828397159425 57.69643156116406 64.22446350798104 56.44784532482091 c
64.22446350798104 56.44784532482091 60.95048578803256 61.379036935854266 c
59.21300479383713 58.79543212874116 59.95048578803256 57.50640529051776 c
59.95048578803256 57.50640529051776 59.07274526422006 56.8430051704661 c
59.07274526422006 56.8430051704661 54.257233516947885 56.44784532482091 c
54.257233516947885 56.44784532482091 49.95402800600833 60.204598324111046 c
49.839393298119795 58.97761607008586 47.702540866971994 56.44784532482091 c
46.5742371593383 56.44784532482091 39.32452858294357 60.82828488451513 c
38.07239789265741 62.19124503350466 39.32452858294357 60.82828488451513 d
38.07239789265741 62.19124503350466 38.32452858294357 57.628302146829625 c
38.32452858294357 57.628302146829625 32.04498019460513 56.44784532482091 c
32.04498019460513 56.44784532482091 35.49806464156829 63.5640129526771 c
35.49806464156829 63.5640129526771 38.07239789265741 62.19124503350466 c
39.32452858294357 60.82828488451513 47.702540866971994 65.01570818085588 c
47.301489727688235 75.86795899828999 49.00165394612483 86.10745475400566 c
49.00165394612483 86.10745475400566 53.02973398479749 71.81002296236811 c
53.02973398479749 72.53826773265156 53.02973398479749 71.81002296236811 d
53.02973398479749 72.53826773265156 57.31252222187415 67.70358061398825 c
57.31252222187415 67.70358061398825 55.4161133302339 68.36730450384776 c
55.4161133302339 68.36730450384776 55.10411976147513 68.82903480341336 c
55.10411976147513 68.82903480341336 53.02973398479749 72.53826773265156 c
53.02973398479749 71.81002296236811 44.0455816961514 67.70358061398825 c
40.665661163933414 70.32988719270976 30.980039822544754 67.70358061398825 c
29.980039822544754 67.70358061398825 30.189691818058755 67.70358061398825 d
29.980039822544754 67.70358061398825 26.13475590684699 69.54566161512318 c
26.13475590684699 69.54566161512318 27.38919833374077 78.88400878350731 c
27.38919833374077 78.88400878350731 29.980039822544754 67.70358061398825 c
30.189691818058755 67.70358061398825 31.044980194605134 65.72453767396698 c
31.044980194605134 65.72453767396698 28.641663809985552 63.23680357143881 c
28.641663809985552 63.23680357143881 26.97543422686958 62.701286352287866 c
26.97543422686958 62.701286352287866 30.969715444683317 63.4494082969469 c
30.969715444683317 63.4494082969469 24.845437047523237 56.44784532482091 c
26.135952238448606 55.29389099675578 25.588509704123137 54.22830494568515 c
25.588509704123137 54.22830494568515 30.211469424523354 43.4205268703447 c
29.50556179706804 39.66328823309513 24.087879447062242 31.822172053261273 c
24.087879447062242 31.822172053261273 20.845515177519395 35.92419831914074 c
20.845515177519395 35.92419831914074 19.620682813695847 29.033180147625274 c
19.620682813695847 29.033180147625274 11.688214884620882 30.539383189253023 c
10.688214884620882 35.54860906994574 2.388430952160525 29.033180147625274 c
2.34915934983783 28.033180147625274 8.633981629393627 24.377624103719754 c
8.633981629393627 24.377624103719754 8.196229028606865 14.40636489869611 c
10.369417104470601 17.37178501810495 18.912428524048877 14.263320751614529 c
18.912428524048877 14.263320751614529 16.270222626150805 12.3313380227889 c
16.270222626150805 12.3313380227889 17.899440758527675 11.868419477549667 d
17.899440758527675 11.868419477549667 19.588841340750804 5.799415686313443 c
19.588841340750804 5.799415686313443 21.265986667267086 4.2178138399105825 c
21.265986667267086 4.2178138399105825 19.654372265213844 5.56400234906571 c
19.654372265213844 5.56400234906571 20.26766586760799 3.360805998101391 c
20.26766586760799 3.360805998101391 25.113343967789643 2.0682174880745885 c
25.113343967789643 2.0682174880745885 25.11334396778964 3.167712347424313 d
25.11334396778964 3.167712347424313 31.156625876654005 8.983333583920992 c
29.521618692782088 11.868419477549665 31.156625876654005 8.983333583920992 d
29.521618692782088 11.868419477549665 34.4097864477592 20.274910094198713 c
29.5216186927821 16.47351895003826 29.521618692782088 11.868419477549665 d
29.5216186927821 16.47351895003826 24.642920600971863 11.868419477549669 c
24.642920600971863 11.868419477549669 18.91242852404888 19.866129159321975 c
18.91242852404888 19.866129159321975 27.207070076498518 18.646779039327008 c
27.207070076498518 18.646779039327008 29.5216186927821 16.47351895003826 c
34.4097864477592 20.274910094198713 39.518349760907924 20.474619110598518 c
39.518349760907924 20.474619110598518 29.521618692782088 11.868419477549665 c
31.156625876654005 8.983333583920992 31.352151157344846 1.087582284170523 c
31.352151157344846 1.087582284170523 33.02422916340849 0.0 c
33.02422916340849 0.0 34.276840918447405 4.669282909669295 c
34.276840918447405 4.669282909669295 38.43236957315815 2.240563208875569 c
38.43236957315815 2.240563208875569 39.43236957315814 6.368863537959315 d
40.81470871921119 0.0 39.43236957315814 6.368863537959315 c
39.43236957315814 6.368863537959315 49.396903174614174 6.6642014761888255 c
51.68663768033143 6.166228154954441 49.396903174614174 6.6642014761888255 d
51.68663768033143 6.166228154954441 53.55969727776189 3.5305432073140817 c
53.55969727776189 3.5305432073140817 54.59314428250902 4.634090897186556 c
54.59314428250902 4.634090897186556 51.886234540212065 6.053832508501988 c
51.886234540212065 6.053832508501988 58.52939144817712 7.858773015716628 c
58.52939144817712 7.858773015716628 53.774130075173886 11.868419477549665 d
59.588241006304585 12.191481171717975 53.774130075173886 11.868419477549665 c
53.774130075173886 11.868419477549665 52.774130075173886 11.868419477549667 d
52.774130075173886 11.868419477549667 46.34697924517234 12.919558951378864 c
46.34697924517234 12.919558951378864 44.63358106165408 12.318397770663925 c
44.63358106165408 12.318397770663925 44.59418500741669 13.206222709790284 c
44.59418500741669 13.206222709790284 40.518349760907924 13.87281221885097 c
40.518349760907924 13.87281221885097 44.5651025317597 13.861622030347249 c
44.5651025317597 13.861622030347249 44.30606137014921 19.699343801980838 c
44.30606137014921 19.699343801980838 48.66235593214891 14.019565698876043 c
48.66235593214891 14.019565698876043 46.60038136594327 21.406545608738654 c
46.60038136594327 21.406545608738654 52.774130075173886 11.868419477549667 c
53.774130075173886 11.868419477549665 54.912907508977504 12.946521519806067 c
54.912907508977504 12.946521519806067 58.952505530579515 14.650357052896263 c
58.952505530579515 14.650357052896263 59.588241006304585 12.191481171717975 c
58.52939144817712 7.858773015716628 54.790030407336204 4.530826492119765 c
54.790030407336204 4.530826492119765 58.83962772716228 0.319909737875812 c
58.83962772716228 0.319909737875812 55.55610563611068 0.9961122414090786 c
55.55610563611068 0.9961122414090786 54.715204186989375 4.172959902090092 c
54.715204186989375 4.172959902090092 53.759486504972244 3.2494088218511648 c
53.759486504972244 3.2494088218511648 55.327316951491575 1.0432285625512874 c
55.327316951491575 1.0432285625512874 52.152957098562425 1.696950395431886 c
52.152957098562425 1.696950395431886 50.396903174614174 0.0 c
50.396903174614174 0.0 51.68663768033143 6.166228154954441 c
49.396903174614174 6.6642014761888255 44.54691169954091 3.994438384432425 c
44.54691169954091 3.994438384432425 45.83438533260076 0.25717065006156137 c
45.83438533260076 0.25717065006156137 40.81470871921119 0.0 c
38.43236957315815 2.240563208875569 33.02422916340849 0.0 c
33.02422916340849 0.0 25.11334396778964 3.167712347424313 c
25.113343967789643 2.0682174880745885 24.55802983754765 0.0 c
24.55802983754765 0.0 16.86861431857105 4.275510348506902 c
16.86861431857105 4.275510348506902 13.237235899485071 11.78918337948944 c
13.237235899485071 11.78918337948944 19.256222783996428 6.113085655870172 c
19.256222783996428 6.113085655870172 17.899440758527675 11.868419477549667 c
16.270222626150805 12.3313380227889 8.633981629393627 11.868419477549665 c
12.237235899485068 7.825086302695807 8.872444562463302 0.0 c
8.872444562463302 0.0 4.3577980806186964 4.763728565948163 c
4.3577980806186964 4.763728565948163 5.201338229928242 2.0272584344597018 c
2.1607085267862463 0.4474011489508669 0.0618036224598999 0.0 c
0.06174494002131115 0.0019035082482003016 0.0 0.0 d
