Processando arquivo: poly3b_pack.txt

Tempo de Inicio (hh:mm:ss.ms) 2026-04-27 10:05:23.184350
Tempo de Termino (hh:mm:ss.ms) 2026-04-27 10:05:24.206083
Tempo Total (hh:mm:ss.ms) 0:00:01.021733

Função Objetivo: 57.4413235294117

0.0 0.0 0.9411764705882353 3.764705882352941 d
0.0 4.0 4.0 3.0 c
4.0 3.0 5.0 0.0 c
5.0 0.0 9.0 2.0 c
9.0 2.0 9.0 6.0 c
10.0 5.0 9.0 6.0 d
10.0 5.0 9.0 0.0 c
9.0 0.0 15.0 0.0 c
15.0 0.0 18.0 1.0 c
18.0 1.0 20.0 0.0 d
20.0 0.0 21.0 8.0 c
21.0 0.0 20.0 0.0 d
26.0 7.0 21.0 0.0 c
21.0 0.0 28.0 0.0 c
28.0 0.0 26.0 7.0 c
21.0 8.0 18.0 7.0 c
18.0 7.0 20.0 0.0 c
18.0 1.0 10.0 5.0 c
9.0 6.0 4.0 8.0 c
4.0 8.0 4.0 11.0 d
4.0 11.0 9.0 11.0 c
9.0 11.0 13.0 16.0 c
13.0 16.0 13.0 14.0 d
13.0 14.0 19.0 11.0 c
20.0 11.0 19.0 11.0 d
20.0 11.0 30.0 13.0 c
30.0 13.0 28.0 16.0 c
28.0 16.0 30.0 14.0 d
30.0 14.0 35.0 13.0 c
35.0 13.0 35.0 12.0 c
35.0 12.0 38.0 11.0 c
36.0 11.0 38.0 11.0 d
36.0 10.0 36.0 11.0 c
36.0 10.0 38.0 3.0 c
38.0 3.0 42.0 0.0 c
42.0 0.0 43.0 7.0 c
45.0 8.0 43.0 7.0 d
45.0 8.0 43.0 4.0 c
43.0 4.0 45.0 0.0 c
45.0 0.0 52.0 1.0 c
52.0 1.0 55.0 5.0 c
55.0 5.0 45.0 8.0 c
43.0 7.0 36.0 10.0 c
36.0 11.0 31.0 8.0 c
31.0 8.0 28.0 4.0 c
28.0 4.0 31.0 0.0 c
31.0 0.0 35.0 2.0 c
35.0 2.0 36.0 7.0 c
36.0 7.0 36.0 10.0 c
38.0 11.0 40.0 13.0 c
40.0 13.0 45.0 11.0 c
45.0 11.0 44.0 15.0 c
45.0 14.0 44.0 15.0 d
45.0 14.0 48.0 11.0 c
48.0 11.0 52.0 12.0 c
52.0 12.0 54.0 14.0 c
54.0 14.0 52.0 16.0 c
52.0 16.0 47.0 16.0 c
47.0 16.0 45.0 14.0 c
44.0 15.0 40.0 14.0 c
40.0 14.0 40.0 13.0 c
40.0 13.0 36.0 17.0 c
36.0 17.0 32.0 18.0 c
32.0 18.0 30.0 14.0 c
28.0 16.0 24.0 15.0 c
24.0 15.0 20.0 11.0 c
19.0 11.0 18.0 16.0 c
18.0 16.0 20.0 18.0 c
20.0 18.0 16.0 17.0 c
16.0 17.0 16.0 19.0 d
16.0 19.0 18.0 21.0 c
18.0 21.0 19.0 20.0 d
19.0 20.0 22.0 19.0 c
22.0 19.0 26.0 19.0 c
26.0 19.0 29.0 21.0 c
29.0 21.0 34.0 24.0 c
34.0 24.0 38.0 19.0 c
38.0 19.0 38.0 22.0 c
38.0 23.0 38.0 22.0 d
38.0 23.0 42.0 23.0 c
42.0 23.0 45.0 19.0 c
47.0 19.0 45.0 19.0 d
47.0 19.0 53.0 19.0 c
53.0 19.0 55.0 21.0 c
55.0 21.0 52.0 25.0 c
52.0 25.0 48.0 23.0 c
48.0 23.0 47.0 19.0 c
45.0 19.0 47.0 25.0 c
47.0 25.0 43.0 25.0 c
43.0 25.0 38.0 26.0 c
38.0 26.0 38.0 23.0 c
38.0 22.0 34.0 27.0 c
34.0 27.0 33.0 29.0 d
33.0 29.0 28.0 31.0 c
33.0 29.0 36.0 30.0 c
36.0 30.0 36.0 31.0 c
36.0 31.0 38.0 29.0 d
38.0 29.0 40.0 36.0 c
40.0 36.0 40.0 34.0 d
40.0 34.0 43.0 29.0 c
43.0 29.0 51.0 29.0 c
51.0 29.0 51.0 32.0 c
51.0 32.0 43.0 36.0 c
43.0 36.0 40.0 34.0 c
40.0 36.0 38.0 38.0 c
38.0 38.0 40.0 38.0 c
40.0 38.0 42.0 41.0 c
42.0 41.0 42.0 43.0 d
42.0 43.0 43.0 38.0 c
43.0 38.0 50.0 38.0 c
50.0 38.0 46.0 41.0 c
46.0 41.0 49.0 44.0 c
49.0 44.0 42.0 43.0 c
42.0 41.0 40.0 44.0 c
40.0 44.0 38.0 40.0 c
38.0 40.0 36.0 40.0 c
36.0 40.0 36.0 41.0 c
36.0 41.0 33.0 40.0 c
33.0 40.0 30.0 43.0 c
30.0 43.0 27.0 41.0 c
27.0 41.0 26.0 39.0 c
26.0 41.0 26.0 39.0 d
26.0 41.0 25.0 43.0 c
25.0 43.0 18.0 45.0 c
18.0 45.0 14.0 43.0 c
14.0 43.0 13.0 38.0 c
13.0 38.0 13.0 44.0 c
13.0 44.0 9.0 44.0 c
9.0 44.0 8.0 46.0 d
8.0 46.0 12.0 50.0 c
12.0 50.0 13.0 53.0 c
13.0 53.0 13.0 54.0 d
13.0 54.0 17.0 57.0 c
17.0 57.0 21.0 57.0 c
21.0 57.0 22.0 62.0 c
22.0 61.0 22.0 62.0 d
22.0 61.0 24.0 54.0 c
24.0 54.0 24.0 53.0 d
24.0 53.0 22.0 46.0 c
22.0 46.0 27.0 46.0 c
27.0 46.0 30.0 49.0 c
30.0 49.0 30.0 50.0 d
30.0 50.0 34.0 46.0 c
34.0 46.0 36.0 53.0 c
36.0 53.0 36.0 52.0 d
36.0 52.0 36.0 49.0 c
36.0 49.0 40.0 48.0 c
40.0 48.0 42.0 46.0 c
42.0 46.0 55.0 48.0 c
55.0 48.0 44.0 50.0 c
44.0 50.0 42.0 46.0 c
42.0 46.0 41.0 50.0 c
41.0 50.0 36.0 52.0 c
36.0 53.0 30.0 50.0 c
30.0 49.0 27.0 50.0 c
27.0 50.0 27.0 46.0 c
27.0 46.0 26.0 51.0 c
26.0 51.0 24.0 53.0 c
24.0 54.0 26.0 57.0 c
26.0 57.0 29.0 58.0 c
29.0 58.0 26.0 61.0 c
26.0 61.0 24.0 62.0 c
24.0 62.0 22.0 61.0 c
22.0 62.0 11.0 59.0 c
11.0 59.0 10.0 55.0 c
10.0 55.0 10.0 54.0 d
10.0 54.0 9.0 58.0 c
9.0 58.0 4.0 56.0 c
4.0 56.0 2.0 57.0 c
2.0 57.0 0.0 54.0 c
0.0 54.0 10.0 54.0 c
10.0 55.0 13.0 54.0 c
13.0 52.0 13.0 53.0 d
13.0 52.0 15.0 49.0 c
15.0 49.0 15.0 46.0 c
15.0 46.0 17.0 47.0 c
17.0 47.0 19.0 46.0 c
19.0 46.0 22.0 51.0 c
22.0 51.0 17.0 54.0 c
17.0 54.0 13.0 52.0 c
13.0 53.0 10.0 51.0 c
10.0 51.0 8.0 46.0 c
9.0 44.0 9.0 42.0 c
9.0 42.0 11.0 39.0 c
9.0 39.0 11.0 39.0 d
9.0 39.0 7.0 41.0 c
7.0 41.0 3.0 43.0 c
3.0 43.0 5.0 45.0 c
5.0 45.0 0.0 46.0 c
0.0 46.0 6.0 46.0 c
6.0 46.0 8.0 48.0 c
8.0 48.0 3.0 53.0 c
3.0 53.0 0.0 46.0 c
0.0 46.0 2.0 38.0 c
2.0 38.0 6.0 40.0 c
6.0 40.0 9.0 39.0 c
11.0 39.0 13.0 38.0 c
13.0 38.0 23.0 39.0 c
23.0 39.0 26.0 41.0 c
26.0 39.0 29.0 38.0 c
29.0 38.0 33.0 40.0 c
33.0 40.0 36.0 38.0 c
36.0 38.0 38.0 38.0 c
38.0 38.0 37.0 35.0 c
37.0 35.0 36.0 33.0 c
36.0 33.0 38.0 29.0 c
36.0 31.0 33.0 31.0 c
33.0 31.0 33.0 29.0 c
28.0 31.0 24.0 35.0 c
24.0 34.0 24.0 35.0 d
24.0 34.0 16.0 32.0 c
16.0 32.0 16.0 33.0 c
16.0 33.0 13.0 33.0 c
13.0 33.0 9.0 32.0 c
9.0 34.0 9.0 32.0 d
7.0 31.0 9.0 34.0 c
9.0 34.0 0.0 33.0 c
0.0 33.0 0.0 29.0 c
0.0 29.0 2.0 29.0 d
0.0 27.0 3.0 23.0 c
3.0 23.0 11.0 19.0 c
11.0 19.0 10.0 26.0 c
10.0 26.0 2.0 29.0 c
2.0 29.0 0.0 27.0 c
0.0 29.0 7.0 31.0 c
9.0 32.0 10.0 29.0 c
10.0 29.0 12.0 29.0 c
12.0 29.0 13.0 33.0 c
13.0 33.0 13.0 32.0 c
13.0 32.0 15.0 30.0 c
15.0 30.0 15.0 29.0 c
15.0 29.0 16.0 29.0 c
16.0 29.0 16.0 32.0 c
16.0 32.0 20.0 29.0 c
20.0 29.0 23.0 29.0 c
23.0 29.0 24.0 34.0 c
24.0 35.0 27.0 29.0 c
27.0 29.0 33.0 29.0 c
34.0 27.0 29.0 21.0 c
29.0 21.0 28.0 26.0 c
28.0 26.0 26.0 25.0 c
26.0 25.0 26.0 19.0 c
26.0 19.0 24.0 22.0 c
24.0 22.0 20.0 22.0 c
20.0 22.0 19.0 20.0 c
18.0 21.0 19.0 23.0 c
19.0 23.0 13.0 24.0 c
13.0 24.0 11.0 22.0 c
11.0 22.0 16.0 19.0 c
16.0 17.0 14.0 19.0 c
14.0 19.0 13.0 14.0 c
13.0 16.0 6.0 15.0 c
6.0 15.0 6.0 19.0 c
6.0 19.0 2.0 19.0 c
2.0 19.0 0.0 16.0 c
0.0 16.0 4.0 11.0 c
4.0 8.0 0.0 4.0 c
0.9411764705882353 3.764705882352941 0.0 0.0 d
