Processando arquivo: poly3b_mod_sep.txt

Tempo de Inicio (hh:mm:ss.ms) 2026-04-27 10:12:14.624140
Tempo de Termino (hh:mm:ss.ms) 2026-04-27 10:12:16.051390
Tempo Total (hh:mm:ss.ms) 0:00:01.427250

Função Objetivo: 79.5484636607697

0.0 0.0 0.08251583005560725 0.8919105326264332 d
0.0 0.8995445519150223 2.8676026302603432 0.6506105292893474 c
2.8676026302603432 0.6506105292893474 5.8130422746543395 3.930115423480793 c
5.8130422746543395 3.930115423480793 9.72314354565723 0.0 c
10.72314354565723 1.200160433975018 9.72314354565723 0.0 d
10.72314354565723 1.200160433975018 11.545878147597866 4.219891546661032 c
11.545878147597866 4.219891546661032 16.911565507556126 2.809125700544252 c
16.911565507556126 2.809125700544252 16.214613192865972 14.4471632043937 c
16.214613192865972 14.4471632043937 13.58513478793336 16.825094197464782 d
14.133393836854438 15.997477187038465 13.58513478793336 16.825094197464782 c
11.651480513511284 21.872398535149596 13.58513478793336 16.825094197464782 d
11.651480513511284 21.872398535149596 7.019742647687043 19.891173903210788 c
7.019742647687043 19.891173903210788 5.530241786543311 15.997477187038465 c
5.530241786543311 15.997477187038465 3.8597533870251937 20.452167763956158 c
3.8597533870251937 20.452167763956158 3.8597533870251937 23.825380417030562 d
3.8597533870251937 23.825380417030562 1.6148835854204853 15.997477187038465 c
1.6148835854204853 15.997477187038465 0.0 17.65262442610102 c
0.0 17.65262442610102 3.8597533870251937 23.825380417030562 c
3.8597533870251937 20.452167763956158 12.58513478793336 23.324261185005106 c
12.58513478793336 23.324261185005106 11.651480513511284 21.872398535149596 c
13.58513478793336 16.825094197464782 23.252791356538392 18.510867069759634 c
23.252791356538392 17.41146005426011 23.252791356538392 18.510867069759634 d
23.252791356538392 17.41146005426011 25.902142314676407 22.145063042923546 c
25.902142314676407 22.145063042923546 29.91279832464258 23.6119399614457 c
29.91279832464258 23.6119399614457 34.7775110393269 29.675407612115322 c
34.7775110393269 29.675407612115322 37.989015870397665 29.16118259179911 c
37.25526707739684 30.734215935818167 37.989015870397665 29.16118259179911 d
37.25526707739684 30.734215935818167 35.87173260152184 35.579016923382774 c
35.87173260152184 35.579016923382774 41.533919581193494 39.53722854020886 c
41.533919581193494 39.53722854020886 41.117810320891934 29.675407612115322 c
41.117810320891934 29.675407612115322 39.59418477866602 35.50561425389151 c
39.59418477866602 35.50561425389151 39.87032600122341 38.28165249315255 c
39.87032600122341 38.28165249315255 40.25288396369532 42.226057357202755 d
40.25288396369532 42.226057357202755 51.17653878231601 49.53829627538293 c
40.25288396369532 42.226057357202755 39.252883963695325 42.04943141768803 d
39.252883963695325 42.04943141768803 38.565392610159044 43.203699941157744 c
38.565392610159044 43.203699941157744 31.04952347045401 45.202079754966164 c
30.049523470454005 45.98585240222009 31.04952347045401 45.202079754966164 d
30.049523470454005 45.98585240222009 27.435010437651773 44.59228961887632 c
27.435010437651773 44.59228961887632 25.985076845497495 45.602406673851384 c
25.985076845497495 45.602406673851384 26.81241544865913 44.26043998000627 c
26.81241544865913 44.26043998000627 25.51834658721611 44.58923811858003 c
25.51834658721611 44.58923811858003 25.540804174229123 43.58265787500498 c
25.540804174229123 43.58265787500498 22.664263122182724 42.04943141768803 c
23.860478044766353 39.466574953642876 22.664263122182724 42.04943141768803 d
23.860478044766353 39.466574953642876 35.87173260152184 40.04743910710003 c
35.87173260152184 40.04743910710003 27.46070378101358 29.814983066697803 c
27.46070378101358 29.814983066697803 18.337955353546068 29.675407612115322 c
18.337955353546068 29.675407612115322 16.15348221830601 35.047444992808735 c
11.944830367429585 39.10804230873256 16.15348221830601 35.047444992808735 d
11.944830367429585 39.10804230873256 15.153482218306012 29.675407612115322 c
15.153482218306012 29.675407612115322 3.4473865102411256 31.24339128582939 c
3.4473865102411256 31.24339128582939 0.0 41.04943141768803 c
1.7856259620911974 42.04943141768803 0.0 41.04943141768803 d
1.7856259620911974 42.04943141768803 0.0 46.21065532464148 c
0.0 46.21065532464148 5.562058261096945 47.09544520883642 c
5.562058261096945 47.09544520883642 1.7856259620911974 42.04943141768803 c
0.0 41.04943141768803 11.944830367429585 39.10804230873256 c
16.15348221830601 35.047444992808735 21.826008757277 34.8771386690175 c
21.826008757277 34.8771386690175 23.860478044766353 39.466574953642876 c
22.664263122182724 42.04943141768803 23.545987211251795 45.17032288081193 c
23.545987211251795 45.17032288081193 22.899768036235546 45.360708122081874 c
20.56960665698425 47.02968651486291 22.899768036235546 45.360708122081874 d
20.56960665698425 47.02968651486291 19.415821840218328 42.04943141768803 c
19.415821840218328 42.04943141768803 12.1443362931156 51.001512810854 c
12.1443362931156 51.001512810854 10.426219756431312 43.78929404128103 c
10.426219756431312 43.78929404128103 11.434523258607012 53.209166853553576 c
11.434523258607012 53.209166853553576 6.562058261096945 58.55969118077789 c
6.562058261096945 58.55969118077789 10.256554819242911 58.55969118077789 d
10.256554819242911 58.55969118077789 13.972221092039664 61.75462239934686 c
13.972221092039664 61.75462239934686 18.184232037219708 60.34333458362779 c
19.184232037219708 59.43934325428025 18.184232037219708 60.34333458362779 d
19.184232037219708 59.43934325428025 19.386881904411247 65.60882708065276 c
19.386881904411247 65.60882708065276 24.535392050133424 58.55969118077789 c
25.842326220332176 58.55969118077789 24.535392050133424 58.55969118077789 d
25.842326220332176 58.55969118077789 24.535392050133424 64.16091931800034 c
24.535392050133424 64.16091931800034 29.51352723921644 70.01908485566362 c
29.51352723921644 70.01908485566362 31.77536829523586 73.25987859254269 d
31.77536829523586 73.25987859254269 22.76275376145996 71.01908485566362 c
21.762753761459958 75.76293648682001 22.76275376145996 71.01908485566362 d
19.521860497489257 71.01908485566362 18.16351643423902 75.21966493287091 c
18.16351643423902 75.21966493287091 17.16351643423902 74.60400685354286 d
17.16351643423902 74.60400685354286 14.13338526309311 71.01908485566362 c
14.13338526309311 71.01908485566362 12.482706369526053 73.63238046019822 c
12.482706369526053 73.63238046019822 13.021440737792867 74.85139037512626 c
8.681151406389484 79.66431415396737 13.021440737792867 74.85139037512626 d
8.681151406389484 79.66431415396737 0.0 71.01908485566362 c
0.0 71.01908485566362 1.3683259593720587 73.20270237528926 c
1.3683259593720587 73.20270237528926 1.640879357696031 77.39038320959381 c
1.640879357696031 77.39038320959381 4.09811516934326 85.01211833840003 c
4.09811516934326 85.01211833840003 0.9810284731884087 85.28252716686586 d
0.9810284731884087 85.28252716686586 0.0 93.30130044778515 c
0.0 93.30130044778515 7.084923724910817 94.97682852320712 c
7.084923724910817 94.97682852320712 2.9481492581072892 101.7914426945201 c
3.289818068917384 101.7914426945201 2.9481492581072892 101.7914426945201 d
3.289818068917384 101.7914426945201 8.889193360983578 103.73362112368082 c
8.889193360983578 103.73362112368082 0.0 105.60785799208413 c
0.0 105.60785799208413 8.637321454825045 108.24674098127002 c
8.637321454825045 108.24674098127002 9.967789760633837 106.00695909276116 c
9.967789760633837 106.00695909276116 12.131931284808266 101.88017073687523 c
12.131931284808266 101.88017073687523 3.289818068917384 101.7914426945201 c
2.9481492581072892 101.7914426945201 7.618089867638133 94.46058946632718 c
7.618089867638133 94.46058946632718 8.876044770942386 95.73218000048522 c
8.876044770942386 95.73218000048522 10.511459201993226 91.52831532305683 c
10.511459201993226 91.52831532305683 15.640505432202644 94.44733551020562 c
15.640505432202644 94.44733551020562 20.49569114191674 90.97759157859228 d
18.799500317476358 90.27400381794985 20.49569114191674 90.97759157859228 c
20.49569114191674 90.97759157859228 21.496446352307355 93.68585384524575 c
21.496446352307355 93.68585384524575 26.92436434974242 93.34699307000052 c
26.92436434974242 93.34699307000052 27.92436434974242 92.45774587073254 d
27.92436434974242 92.45774587073254 35.18683048720587 90.37983950032167 c
35.18683048720587 90.37983950032167 38.687831985294146 87.3189831892047 c
39.12077136292573 87.31372835962556 38.687831985294146 87.3189831892047 d
39.12077136292573 87.31372835962556 38.68783198529415 91.0222337603538 c
38.68783198529415 91.0222337603538 42.096131751070935 95.28754791766082 c
42.096131751070935 95.28754791766082 48.90972801691802 96.41231311174073 c
48.90972801691802 96.41231311174073 53.81387317217485 95.66858588458024 c
54.927578276416 93.69340915059038 53.81387317217485 95.66858588458024 d
54.927578276416 93.69340915059038 59.62764468891642 91.36373128616138 c
59.62764468891642 91.36373128616138 56.610282874639815 97.41968536440886 c
56.610282874639815 97.41968536440886 57.36224515606761 97.54609873278797 c
57.36224515606761 97.54609873278797 62.11692799780799 90.54323954868505 c
62.11692799780799 90.54323954868505 63.3384326897789 94.42996365760371 c
63.3384326897789 94.42996365760371 63.90873687237438 85.01211833840004 c
63.90873687237438 85.01211833840004 57.405876915092264 88.53528238388063 c
57.405876915092264 88.53528238388063 60.070911666622656 90.84924920418916 c
60.070911666622656 90.84924920418916 54.81387317217485 88.09609485755645 c
54.81387317217485 88.09609485755645 54.927578276416 93.69340915059038 c
53.81387317217485 95.66858588458024 51.72920301589935 87.13578619098283 c
51.72920301589935 87.13578619098283 47.06672906661643 85.01211833840004 c
47.06672906661643 85.01211833840004 39.12077136292573 87.31372835962556 c
38.687831985294146 87.3189831892047 33.53742346324706 85.01211833840004 c
33.53742346324706 85.01211833840004 27.92436434974242 92.45774587073254 c
26.92436434974242 93.34699307000052 25.974674922702853 85.01211833840004 c
25.974674922702853 85.01211833840004 23.087597241441085 93.12229717882988 c
23.087597241441085 93.12229717882988 24.447535563076144 86.9566268389119 c
24.447535563076144 86.9566268389119 23.98451699969382 88.65789350266208 c
23.98451699969382 88.65789350266208 18.799500317476358 90.27400381794985 c
15.640505432202644 94.44733551020562 18.799500317476358 94.68278538765182 c
18.799500317476358 94.68278538765182 18.287850882749314 92.37787642709806 c
18.287850882749314 92.37787642709806 7.265210231225203 89.52942287219861 c
7.265210231225203 89.52942287219861 10.811300496622838 89.97188881310208 c
10.811300496622838 89.97188881310208 7.756004365571929 85.01211833840004 c
7.756004365571929 85.01211833840004 0.9810284731884087 85.28252716686586 c
4.09811516934326 85.01211833840003 4.656556001670954 78.85594733139871 c
4.656556001670954 78.85594733139871 8.681151406389484 79.66431415396737 c
13.021440737792867 74.85139037512626 11.632511314973339 74.97837876896584 c
11.632511314973339 74.97837876896584 9.34194387459744 71.5734683851997 c
9.34194387459744 71.5734683851997 10.283034202962918 74.36257467473833 c
10.283034202962918 74.36257467473833 8.681151406389484 74.07663266752097 c
8.681151406389484 74.07663266752097 12.088953114556466 79.00648763263692 c
12.088953114556466 79.00648763263692 17.16351643423902 74.60400685354286 c
18.16351643423902 75.21966493287091 21.762753761459958 75.76293648682001 c
21.762753761459958 75.76293648682001 19.521860497489257 71.01908485566362 c
22.76275376145996 71.01908485566362 27.948202978477802 79.37773589177492 c
27.948202978477802 79.37773589177492 38.318968352184754 75.11369482088217 c
38.318968352184754 75.11369482088217 36.064207971832786 73.28146131343652 c
38.318968352184754 71.01908485566362 36.064207971832786 73.28146131343652 d
38.318968352184754 71.01908485566362 42.10382727816331 76.08269437913631 c
38.318968352184754 71.01908485566362 39.763184703906866 67.69416741689903 d
39.763184703906866 67.69416741689903 45.04514054643148 60.049974449709325 c
46.04514054643148 60.98752895718723 45.04514054643148 60.049974449709325 d
46.04514054643148 60.98752895718723 52.54062161168942 63.77376608712262 c
52.54062161168942 63.77376608712262 56.921202812878406 63.82542051300558 c
57.921202812878406 60.77548501703387 56.921202812878406 63.82542051300558 d
57.921202812878406 60.77548501703387 64.07119692127736 64.70851969580038 c
64.07119692127736 64.70851969580038 66.94131907001153 68.17748628138055 c
66.94131907001153 68.17748628138055 66.83743833426732 64.28028798181003 c
66.83743833426732 64.28028798181003 67.44082790442923 64.08851947358289 c
67.44082790442923 64.08851947358289 66.03199306862656 59.97600305240099 c
66.03199306862656 59.97600305240099 65.20681344839265 61.967630938772736 c
65.20681344839265 61.967630938772736 61.61709783641977 58.55969118077788 c
61.61709783641977 58.55969118077788 62.54709815923316 61.49099306619357 c
62.54709815923316 61.49099306619357 57.921202812878406 60.77548501703387 c
56.921202812878406 63.82542051300558 48.24416174386716 59.656577881946205 c
48.24416174386716 59.656577881946205 48.09099320018837 58.55969118077789 c
48.09099320018837 58.55969118077789 46.04514054643148 60.98752895718723 c
45.04514054643148 60.049974449709325 38.897939696702664 58.55969118077789 c
38.897939696702664 58.55969118077789 34.513237387988 62.294488231985305 c
34.513237387988 62.294488231985305 39.763184703906866 67.69416741689903 c
42.10382727816331 76.08269437913631 45.388293700846134 76.42783081057343 c
45.388293700846134 76.42783081057343 42.57336616258759 72.85449660090374 c
45.388293700846134 71.01908485566362 42.57336616258759 72.85449660090374 d
45.388293700846134 71.01908485566362 51.29346510131141 77.6395549577113 c
51.29346510131141 77.6395549577113 51.70033867513693 75.35438723568882 c
51.70033867513693 75.35438723568882 45.388293700846134 71.01908485566362 c
42.57336616258759 72.85449660090374 38.318968352184754 71.01908485566362 c
36.064207971832786 73.28146131343652 31.77536829523586 73.25987859254269 c
29.51352723921644 70.01908485566362 30.685666833187085 65.32081839224014 c
30.685666833187085 65.32081839224014 33.513237387988 64.12920521940265 c
33.513237387988 64.12920521940265 29.30533795576735 62.87480327698713 c
29.30533795576735 62.87480327698713 30.569199318215542 62.320285149087056 c
30.569199318215542 62.320285149087056 29.48120608863259 60.08544661416471 c
29.48120608863259 60.08544661416471 25.842326220332176 58.55969118077789 c
24.535392050133424 58.55969118077789 19.184232037219708 59.43934325428025 c
18.184232037219708 60.34333458362779 10.256554819242911 58.55969118077789 c
3.666884647316115 58.55969118077789 6.562058261096945 58.55969118077789 d
3.666884647316115 58.55969118077789 0.0 63.951375934251544 c
0.0 63.951375934251544 9.25655481924291 68.15771427987016 c
9.25655481924291 68.15771427987016 5.6612735556968765 65.26894786222466 c
5.6612735556968765 65.26894786222466 9.198718287923834 64.78408658644355 c
9.198718287923834 64.78408658644355 3.666884647316115 58.55969118077789 c
6.562058261096945 58.55969118077789 17.075659839961396 49.08547444312788 c
17.075659839961396 49.08547444312788 21.664263122182724 48.15708633870103 c
21.664263122182724 48.15708633870103 20.56960665698425 47.02968651486291 c
22.899768036235546 45.360708122081874 23.617505448022094 45.423464036147436 c
23.617505448022094 45.423464036147436 24.39618662238853 48.17963170776147 c
24.39618662238853 48.17963170776147 25.968657805436948 45.62903882279495 c
25.968657805436948 45.62903882279495 30.049523470454005 45.98585240222009 c
31.04952347045401 45.202079754966164 31.44963791734088 46.19183420949482 c
31.44963791734088 46.19183420949482 38.59208797176472 47.91641275347089 c
38.59208797176472 47.91641275347089 39.252883963695325 42.04943141768803 c
51.17653878231601 49.53829627538293 50.85928055861323 46.46477870705263 c
50.85928055861323 46.46477870705263 55.33181157921534 48.56451385562853 d
55.32503874609901 47.5505964260446 55.33181157921534 48.56451385562853 c
55.33181157921534 48.56451385562853 60.865208353123606 43.38362518566304 c
60.8652083531236 45.376291593380856 60.865208353123606 43.38362518566304 d
60.8652083531236 45.376291593380856 67.77759571248957 44.82508321139514 c
67.77759571248957 44.82508321139514 66.46936404346556 42.04943141768803 c
64.37619534803872 39.66821081869234 66.46936404346556 42.04943141768803 d
64.37619534803872 39.66821081869234 62.7798360253518 34.50716996604821 c
62.7798360253518 34.50716996604821 58.11268750975705 29.675407612115322 c
58.11268750975705 29.675407612115322 58.98631248138742 34.41417274047336 c
58.98631248138742 34.41417274047336 57.11268750975705 34.524904673136035 d
57.11268750975705 34.524904673136035 55.84674839580434 32.84265431732608 c
55.84674839580434 32.84265431732608 56.5548492993508 32.56139585135627 c
56.5548492993508 32.56139585135627 55.15756269043895 31.926825992494514 c
55.15756269043895 31.926825992494514 54.14269690352349 29.739714927830615 c
54.14269690352349 29.739714927830615 53.4633091688091 29.67540761211532 c
53.4633091688091 29.67540761211532 53.19063280225236 31.033555840489313 c
53.19063280225236 31.033555840489313 52.35817354410611 30.655499147910398 c
52.35817354410611 30.655499147910398 53.052825683848724 31.220833658871683 c
53.052825683848724 31.220833658871683 50.21271819261548 35.08049737647208 c
50.21271819261548 35.08049737647208 49.212718192615476 34.902228324296175 d
49.212718192615476 34.902228324296175 43.942065763312364 30.664144139751684 c
43.942065763312364 30.664144139751684 43.68004541282992 32.20465618623356 c
43.68004541282992 32.20465618623356 43.73711882163658 30.48868024394193 c
43.73711882163658 30.48868024394193 42.78719269653675 29.675407612115322 c
42.78719269653675 29.675407612115322 41.5339195811935 32.96841789267077 c
41.5339195811935 32.96841789267077 49.15079880730667 35.70538463668238 c
49.15079880730667 35.70538463668238 49.212718192615476 34.902228324296175 c
50.21271819261548 35.08049737647208 55.30838389042119 33.05649329727694 c
55.30838389042119 33.05649329727694 57.11268750975705 34.524904673136035 c
58.98631248138742 34.41417274047336 64.37619534803872 39.66821081869234 c
66.46936404346556 42.04943141768803 60.8652083531236 45.376291593380856 c
60.865208353123606 43.38362518566304 56.73087848265335 42.04943141768803 c
56.73087848265335 42.04943141768803 55.32503874609901 47.5505964260446 c
50.85928055861323 46.46477870705263 55.325038746099004 44.932132803222906 c
55.325038746099004 44.932132803222906 48.706707065689585 44.90567596521859 c
48.706707065689585 44.90567596521859 52.488557096237834 42.04943141768803 c
52.488557096237834 42.04943141768803 40.25288396369532 42.226057357202755 c
39.87032600122341 38.28165249315255 37.25526707739684 30.734215935818167 c
37.989015870397665 29.16118259179911 34.44303431386097 23.976779403054422 c
34.44303431386097 23.976779403054422 39.653464095207845 26.26446873639248 c
39.653464095207845 26.26446873639248 39.61481852813658 19.914230510706076 c
39.61481852813658 19.914230510706076 33.193877612623425 16.72603749080124 c
33.193877612623425 16.72603749080124 29.338144508966895 15.997477187038465 c
29.247138294321086 14.724833122300033 29.338144508966895 15.997477187038465 d
29.247138294321086 14.724833122300033 38.571492247054366 14.073469484637812 c
38.571492247054366 14.073469484637812 42.00842005220929 15.997477187038465 d
42.00842005220929 15.997477187038465 44.0003356235015 19.45264556812908 c
44.0003356235015 19.45264556812908 40.653464095207845 23.014716840481555 c
40.653464095207845 23.014716840481555 52.83875056427201 17.479699052817107 c
54.38687341256343 17.734763687218546 52.83875056427201 17.479699052817107 d
54.38687341256343 17.734763687218546 53.838750564272004 21.9591011100588 c
53.838750564272004 21.9591011100588 62.48736668981674 21.85607809256823 c
62.48736668981674 21.85607809256823 56.45398350211646 15.997477187038465 c
54.84072041787383 14.997477187038465 56.45398350211646 15.997477187038465 d
54.84072041787383 14.997477187038465 65.45419534991814 6.448005224541378 c
65.45419534991814 6.448005224541378 60.2401833866267 0.0 c
60.2401833866267 0.0 59.45246116738518 0.14107152420483438 c
59.45246116738518 0.14107152420483438 60.73558205578125 2.1201740303156846 c
60.73558205578125 2.1201740303156846 54.86924974594007 12.672470943200198 c
54.840720417873825 8.180352677194973 54.86924974594007 12.672470943200198 d
54.840720417873825 8.180352677194973 53.81285177699016 1.3342080895129098 c
53.81285177699016 1.3342080895129098 53.05613311962809 4.534960370913248 c
53.05613311962809 4.534960370913248 52.643367921981806 0.0 c
52.643367921981806 0.0 49.82096937133705 2.6276615879698273 c
49.82096937133705 2.6276615879698273 48.82096937133705 3.5871487683709056 d
48.82096937133705 3.5871487683709056 45.97138876693377 0.0 c
45.97138876693377 0.0 41.613033449315765 5.490129080822581 c
41.613033449315765 5.490129080822581 39.571492247054366 4.651600224675324 c
39.571492247054366 4.651600224675324 42.611788762508716 7.257427152230942 c
42.611788762508716 7.257427152230942 48.82096937133705 3.5871487683709056 c
49.82096937133705 2.6276615879698273 52.72071955959326 5.8352742528285475 c
52.72071955959326 5.8352742528285475 54.840720417873825 8.180352677194973 c
54.86924974594007 12.672470943200198 54.84072041787383 14.997477187038465 c
56.45398350211646 15.997477187038465 54.38687341256343 17.734763687218546 c
52.83875056427201 17.479699052817107 42.00842005220929 15.997477187038465 c
38.571492247054366 14.073469484637812 31.02557314090781 0.0 c
31.02557314090781 0.0 35.361282452616095 11.366003044432793 c
35.361282452616095 11.366003044432793 29.247138294321086 14.724833122300033 c
29.338144508966895 15.997477187038465 26.872103854682884 16.55116151339113 c
26.872103854682884 16.55116151339113 26.60113730749515 22.247722411005505 c
26.60113730749515 22.247722411005505 23.252791356538392 17.41146005426011 c
23.252791356538392 18.510867069759634 14.133393836854438 15.997477187038465 c
16.214613192865972 14.4471632043937 19.95183014312903 5.5202703307431875 c
19.95183014312903 5.5202703307431875 23.25815033632813 4.488093765238851 c
24.49849725594983 0.5024587412552268 23.25815033632813 4.488093765238851 d
25.900470308676578 1.4577680925818601 23.25815033632813 0.0 c
23.25815033632813 0.0 29.247138294321083 4.093648983543623 c
29.247138294321083 4.093648983543623 29.202098864997843 3.5728636511404783 c
29.202098864997843 3.5728636511404783 27.89148016537967 1.1876562981359733 c
27.89148016537967 1.1876562981359733 24.49849725594983 0.5024587412552268 c
24.49849725594983 0.5024587412552268 25.900470308676578 1.4577680925818601 c
23.25815033632813 4.488093765238851 19.672471533355928 4.510060052259771 c
19.672471533355928 4.510060052259771 18.276395254255327 7.2945879272149075 c
18.276395254255327 7.2945879272149075 17.110897989604467 0.0 c
17.110897989604467 0.0 14.132876260551354 1.1642378868044254 c
14.132876260551354 1.1642378868044254 10.72314354565723 1.200160433975018 c
9.72314354565723 0.0 0.0 0.8995445519150223 c
0.08251583005560725 0.8919105326264332 0.0 0.0 d
