Processando arquivo: poly4a_mod_sep.txt

Tempo de Inicio (hh:mm:ss.ms) 2026-04-27 10:12:16.721656
Tempo de Termino (hh:mm:ss.ms) 2026-04-27 10:12:20.165788
Tempo Total (hh:mm:ss.ms) 0:00:03.444132

Função Objetivo: 7991.7294012974035

0.0 0.0 33.4397906194572 148.7751438351612 d
0.0 156.29131601182598 380.7035558895947 372.6228352194185 c
380.7035558895947 372.6228352194185 582.0392429387093 285.09540387278736 c
582.0392429387093 285.09540387278736 872.2131160410421 208.52226653278754 c
872.2131160410421 208.52226653278754 1071.1559966435138 293.5083879396635 d
1071.1559966435138 293.5083879396635 1171.4367702381887 595.0996585626173 c
1171.4367702381887 595.0996585626173 1514.4077674331058 650.0991399991808 c
1514.4077674331058 650.0991399991808 1863.2320706157223 710.0336022634465 c
1863.2320706157223 710.0336022634465 1921.2320706157223 533.5963834654386 d
1921.2320706157223 533.5963834654386 2289.138729058288 626.8151227137564 c
2289.138729058288 626.8151227137564 2668.069545054471 728.2557537543 c
2736.158475754133 828.2557537543 2668.069545054471 728.2557537543 d
2736.158475754133 828.2557537543 2333.875119645884 974.0427572456417 c
2333.875119645884 974.0427572456417 1925.5647849440293 1110.9816082821114 c
1925.5647849440293 1110.9816082821114 1855.3414690276375 1424.2805287570836 c
1695.225859205139 1356.6696587175034 1855.3414690276375 1424.2805287570836 d
1695.225859205139 1356.6696587175034 1709.5009203496315 1111.836510662376 c
1709.5009203496315 1111.836510662376 1634.4375425479193 828.2557537543 c
1634.4375425479193 828.2557537543 1014.4844943740277 829.3496332819603 c
1014.4844943740277 829.3496332819603 1095.6177337369922 1121.8381818858397 c
943.4844943740277 1288.5821965813536 1095.6177337369922 1121.8381818858397 d
943.4844943740277 1288.5821965813536 782.965970565908 986.5520252511647 c
782.965970565908 986.5520252511647 579.1548884113703 1065.5104077249964 c
579.1548884113703 1065.5104077249964 124.9799983308585 828.2557537543 c
124.9799983308585 828.2557537543 0.0 1196.7237154109498 c
0.0 1196.7237154109498 943.4844943740277 1288.5821965813536 c
1095.6177337369922 1121.8381818858397 1695.225859205139 1356.6696587175034 c
1855.3414690276375 1424.2805287570836 1801.5009203496315 1729.7964206611048 c
1801.5009203496315 1729.7964206611048 1801.788643500148 2323.8144740902535 d
2054.5695987565646 2206.53786616043 1801.788643500148 2323.8144740902535 c
1801.788643500148 2323.8144740902535 1693.8619325784703 2606.2150885859596 c
1500.089432409154 2646.74121688179 1693.8619325784703 2606.2150885859596 d
1500.089432409154 2646.74121688179 1017.4844943740277 2206.53786616043 c
782.965970565908 2364.8341376572944 1017.4844943740277 2206.53786616043 d
782.965970565908 2364.8341376572944 579.1548884113703 2443.792520131126 c
579.1548884113703 2443.792520131126 124.9799983308585 2206.53786616043 c
124.9799983308585 2206.53786616043 0.0 2575.0058278170795 c
0.0 2575.0058278170795 943.4844943740277 2666.8643089874836 c
943.4844943740277 2666.8643089874836 782.965970565908 2364.8341376572944 c
1017.4844943740277 2206.53786616043 1033.8052806858832 2915.9836947222548 c
1033.8052806858832 2915.9836947222548 817.1603980311231 3545.3935634023683 d
852.2756089835585 3445.2077631894645 817.1603980311231 3545.3935634023683 c
817.1603980311231 3545.3935634023683 770.3142693624698 3642.9092000324436 c
770.3142693624698 3642.9092000324436 802.683625062222 3807.923432268852 c
802.683625062222 3807.923432268852 821.664614109914 3976.7121535531273 c
821.664614109914 3976.7121535531273 685.3142693624698 4066.076117951949 d
685.3142693624698 4066.076117951949 452.56853638588 3755.311179389425 c
452.56853638588 3755.311179389425 223.34204466727954 3445.2077631894645 c
223.34204466727954 3445.2077631894645 116.94539183654263 3659.9968105566754 c
116.94539183654263 3659.9968105566754 0.0 3872.2060653418603 c
0.0 3872.2060653418603 263.9351946062445 3846.1053859786057 c
263.9351946062445 3846.1053859786057 175.40895337207212 4246.090340273648 c
175.40895337207212 4246.090340273648 184.64722467316653 4378.829929011207 c
184.64722467316653 4378.829929011207 202.18218826033888 4511.984984129562 c
223.34204466727954 4816.489875595595 202.18218826033888 4511.984984129562 d
223.34204466727954 4816.489875595595 116.94539183654263 5031.278922962806 c
116.94539183654263 5031.278922962806 0.0 5243.48817774799 c
0.0 5243.48817774799 263.9351946062445 5217.387498384735 c
263.9351946062445 5217.387498384735 175.40895337207212 5617.372452679778 c
175.40895337207212 5617.372452679778 184.64722467316653 5750.112041417337 c
184.64722467316653 5750.112041417337 202.18218826033888 5883.267096535692 c
202.18218826033888 5883.267096535692 253.790096766484 5746.309889890123 c
253.790096766484 5746.309889890123 305.3705429154442 5602.674199288873 c
305.3705429154442 5602.674199288873 500.09756202669496 5522.6568001153355 c
500.09756202669496 5522.6568001153355 1061.411446422745 6146.125223034048 d
1061.411446422745 6146.125223034048 726.1286176952835 6342.56822495827 c
576.899571947846 6670.432889665302 726.1286176952835 6342.56822495827 d
576.899571947846 6670.432889665302 580.1286176952834 5948.267096535692 c
576.899571947846 6670.432889665302 986.2941154948282 7214.030873092386 d
1606.2471636687198 7212.936993564726 986.2941154948282 7214.030873092386 c
986.2941154948282 7214.030873092386 1067.4273548577926 7506.519421696265 c
1067.4273548577926 7506.519421696265 920.2941154948284 7385.535996981465 d
920.2941154948284 7385.535996981465 831.2539604313342 7292.102541001696 c
831.2539604313342 7292.102541001696 740.9598362459083 7212.936993564726 c
740.9598362459083 7212.936993564726 440.9750150742171 7460.321890046215 c
440.9750150742171 7460.321890046215 0.0 8463.572744553527 c
0.0 8618.219105970857 0.0 8463.572744553527 d
0.0 8618.219105970857 336.5515618801842 9123.31035658834 c
336.5515618801842 9123.31035658834 533.9135514789003 9215.626674096955 c
533.9135514789003 9215.626674096955 728.3076137800529 9309.970379000111 c
728.3076137800529 9309.970379000111 870.7667747913254 9171.015065414329 c
870.7667747913254 9171.015065414329 1002.0812234711406 9038.66903945856 c
1002.0812234711406 9038.66903945856 501.7907853061761 8826.696974575487 c
501.7907853061761 8826.696974575487 0.0 8618.219105970857 c
0.0 8463.572744553527 548.4947499983828 8518.219105970857 c
548.4947499983828 8518.219105970857 726.5765191875125 8353.205214484551 c
726.5765191875125 8353.205214484551 887.8133823037099 8177.948759827776 c
887.8133823037099 8177.948759827776 1061.0812234711407 8774.510421982683 d
1061.0812234711407 8774.510421982683 1441.7847793607355 8990.841941190274 c
1441.7847793607355 8990.841941190274 1643.12046640985 8903.314509843643 c
1643.12046640985 8903.314509843643 1933.294339512183 8826.741372503644 c
2126.2372201146545 8911.727493910521 1933.294339512183 8826.741372503644 d
2126.2372201146545 8911.727493910521 2226.5179937093294 9213.318764533475 c
2226.5179937093294 9213.318764533475 2569.4889909042467 9268.318245970038 c
2569.4889909042467 9268.318245970038 3243.495482347202 9684.996326910954 d
3041.313294086863 9045.217408123253 3305.248488693108 9019.116728759998 c
3305.248488693108 9019.116728759998 3216.7222474589353 9419.10168305504 c
3216.7222474589353 9419.10168305504 3225.96051876003 9551.8412717926 c
3225.96051876003 9551.8412717926 3243.495482347202 9684.996326910954 c
3243.495482347202 9684.996326910954 3295.1033908533473 9548.039120265385 c
3295.1033908533473 9548.039120265385 3346.6838370023074 9404.403429664135 c
3346.6838370023074 9404.403429664135 3541.410856113558 9324.386030490597 c
3541.410856113558 9324.386030490597 3726.627563449333 9239.08746073334 c
3780.627563449333 9095.004676157823 3726.627563449333 9239.08746073334 d
3780.627563449333 9095.004676157823 4064.4344379266204 9729.889002999891 c
4064.4344379266204 9729.889002999891 4458.6725334341445 10321.227072904798 d
4458.6725334341445 10321.227072904798 4388.449217517753 10634.525993379772 c
4388.449217517753 10634.525993379772 4334.608668839747 10940.041885283792 c
4334.608668839747 10940.041885283792 4522.930800674081 10994.698895245236 c
4522.930800674081 10994.698895245236 4707.111139392261 11039.286060452849 c
4707.111139392261 11039.286060452849 5045.3665459625945 10691.755323373343 c
5045.3665459625945 10691.755323373343 5378.375148135766 10340.000020678892 c
5435.375148135767 10432.802346799564 5378.375148135766 10340.000020678892 d
5435.375148135767 10432.802346799564 5744.624402483667 10551.744615859046 c
5744.624402483667 10551.744615859046 6053.344869872591 10675.561358052992 c
6053.344869872591 10675.561358052992 6086.72172214505 10356.050029549267 c
6086.72172214505 10356.050029549267 6108.064643288082 10038.501218376987 c
6108.064643288082 10038.501218376987 5770.657976863228 10236.359344875344 c
5770.657976863228 10236.359344875344 5435.375148135767 10432.802346799564 c
5378.375148135766 10340.000020678892 5327.921536313982 10192.485495437495 c
5309.569563448326 9583.230872233906 5327.921536313982 10192.485495437495 d
4970.250931142999 9923.501218376987 5148.332700332129 9758.487326890681 c
5148.332700332129 9758.487326890681 5309.569563448326 9583.230872233906 c
5309.569563448326 9583.230872233906 5333.003720654077 9182.83009613983 c
5333.003720654077 9182.83009613983 5342.050296639445 8790.818109387596 c
5342.050296639445 8790.818109387596 5253.010141575951 8697.384653407827 c
5253.010141575951 8697.384653407827 5162.716017390525 8618.219105970857 c
5162.716017390525 8618.219105970857 4862.731196218834 8865.604002452345 c
4862.731196218834 8865.604002452345 4421.756181144617 9868.854856959657 c
4421.756181144617 9868.854856959657 4220.608668839748 10038.501218376987 d
4220.608668839748 10038.501218376987 3883.2020024148937 10236.359344875344 c
3883.2020024148937 10236.359344875344 3547.9191736874322 10432.802346799564 c
3547.9191736874322 10432.802346799564 3398.598205084492 10393.059271839438 d
3398.598205084492 10393.059271839438 3348.408562989151 10190.639816272593 c
3348.408562989151 10190.639816272593 3216.4482939016248 10120.521892768284 c
3216.4482939016248 10120.521892768284 3089.7631994673916 10038.501218376987 c
3089.7631994673916 10038.501218376987 3054.647988514956 10138.68701858989 c
3054.647988514956 10138.68701858989 3007.801859846303 10236.202655219966 c
3007.801859846303 10236.202655219966 2913.801859846303 10340.000020678892 d
2913.801859846303 10340.000020678892 2863.3482480245193 10192.485495437495 c
2863.3482480245193 10192.485495437495 2804.6929359547858 10038.501218376987 c
2804.6929359547858 10038.501218376987 2402.4095798465364 10184.28822186833 c
2402.4095798465364 10184.28822186833 1994.0992451446818 10321.227072904798 c
1994.0992451446818 10321.227072904798 1923.87592922829 10634.525993379772 c
1718.035380550284 10748.534820640434 1923.87592922829 10634.525993379772 d
1718.035380550284 10748.534820640434 1456.9848229294146 10612.872135215543 c
1456.9848229294146 10612.872135215543 1190.003481347147 10470.103988394354 c
1190.003481347147 10470.103988394354 1017.8694711998623 10247.75013600955 c
1017.8694711998623 10247.75013600955 832.0164259756037 10038.501218376987 c
619.9530481738916 10038.501218376987 832.0164259756037 10038.501218376987 d
619.9530481738916 10038.501218376987 0.0 10039.595097904647 c
0.0 10039.595097904647 81.13323936296439 10332.083646508527 c
81.13323936296439 10332.083646508527 680.7413648311112 10566.91512334019 c
680.7413648311112 10566.91512334019 0.0 11112.286060452847 d
0.0 11112.286060452847 93.9428806024718 11405.794448392511 c
93.9428806024718 11405.794448392511 194.22365419714654 11707.385719015465 c
194.22365419714654 11707.385719015465 537.1946513920639 11762.385200452029 c
537.1946513920639 11762.385200452029 886.0189545746802 11822.319662716294 c
886.0189545746802 11822.319662716294 624.9683969538107 11686.656977291403 c
624.9683969538107 11686.656977291403 357.9870553715433 11543.888830470214 c
357.9870553715433 11543.888830470214 185.85304522425855 11321.53497808541 c
185.85304522425855 11321.53497808541 0.0 11112.286060452847 c
680.7413648311112 10566.91512334019 695.0164259756039 10322.081975285062 c
695.0164259756039 10322.081975285062 619.9530481738916 10038.501218376987 c
832.0164259756037 10038.501218376987 925.9593065780755 10332.009606316651 c
925.9593065780755 10332.009606316651 1026.2400801727504 10633.600876939605 c
1026.2400801727504 10633.600876939605 1369.2110773676675 10688.600358376169 c
1369.2110773676675 10688.600358376169 1718.035380550284 10748.534820640434 c
1923.87592922829 10634.525993379772 1870.0353805502841 10940.041885283792 c
1870.0353805502841 10940.041885283792 2058.357512384618 10994.698895245236 c
2058.357512384618 10994.698895245236 2242.5378511027984 11039.286060452849 c
2242.5378511027984 11039.286060452849 2580.7932576731314 10691.755323373343 c
2580.7932576731314 10691.755323373343 2913.801859846303 10340.000020678892 c
3007.801859846303 10236.202655219966 3040.171215546055 10401.216887456374 c
3040.171215546055 10401.216887456374 3059.1522045937472 10570.00560874065 c
3059.1522045937472 10570.00560874065 3251.798748455619 10578.157680947252 c
3251.798748455619 10578.157680947252 3450.919173687432 10588.594721597892 c
3450.919173687432 10588.594721597892 3398.598205084492 10393.059271839438 c
3547.9191736874322 10432.802346799564 3857.1684280353334 10551.744615859046 c
3857.1684280353334 10551.744615859046 4165.888895424257 10675.561358052992 c
4165.888895424257 10675.561358052992 4199.265747696716 10356.050029549267 c
4199.265747696716 10356.050029549267 4220.608668839748 10038.501218376987 c
4421.756181144617 9868.854856959657 4970.250931142999 9923.501218376987 c
5327.921536313982 10192.485495437495 5269.266224244248 10038.501218376987 c
5269.266224244248 10038.501218376987 4866.9828681359995 10184.28822186833 c
4866.9828681359995 10184.28822186833 4458.6725334341445 10321.227072904798 c
4064.4344379266204 9729.889002999891 4357.527135397179 9340.384899100469 c
4357.527135397179 9340.384899100469 4360.756181144617 8618.219105970857 c
4360.756181144617 8618.219105970857 3780.627563449333 9095.004676157823 c
3726.627563449333 9239.08746073334 3493.8818304727433 8928.322522170816 c
3493.8818304727433 8928.322522170816 3264.6553387541426 8618.219105970857 c
3264.6553387541426 8618.219105970857 3158.258685923406 8833.008153338067 c
3158.258685923406 8833.008153338067 3041.313294086863 9045.217408123253 c
2569.4889909042467 9268.318245970038 2918.3132940868627 9328.252708234304 c
2918.3132940868627 9328.252708234304 2657.2627364659934 9192.590022809412 c
2657.2627364659934 9192.590022809412 2390.281394883726 9049.821875988224 c
2390.281394883726 9049.821875988224 2218.1473847364414 8827.46802360342 c
2218.1473847364414 8827.46802360342 2032.294339512183 8618.219105970857 c
2032.294339512183 8618.219105970857 2126.2372201146545 8911.727493910521 c
1933.294339512183 8826.741372503644 1756.4283709594533 8618.219105970857 c
1756.4283709594533 8618.219105970857 1061.0812234711407 8774.510421982683 c
887.8133823037099 8177.948759827776 911.2475395094609 7777.547983733702 c
911.2475395094609 7777.547983733702 920.2941154948284 7385.535996981465 c
1067.4273548577926 7506.519421696265 1667.0354803259395 7741.3508985279295 c
1771.3105414704323 7894.58158260765 1667.0354803259395 7741.3508985279295 d
1771.3105414704323 7894.58158260765 2155.9202477449126 7877.954174728777 c
2155.9202477449126 7877.954174728777 2532.4114993432145 7854.901884197892 c
2532.4114993432145 7854.901884197892 2234.7907078178428 7212.936993564726 c
2234.7907078178428 7212.936993564726 1982.0097525614265 7330.21360149455 c
1982.0097525614265 7330.21360149455 1874.0830416397487 7612.614215990256 c
1874.0830416397487 7612.614215990256 1771.3105414704323 7894.58158260765 c
1667.0354803259395 7741.3508985279295 1681.310541470432 7496.517750472802 c
1681.310541470432 7496.517750472802 1606.2471636687198 7212.936993564726 c
580.1286176952834 5948.267096535692 0.0 6425.052666722659 c
0.0 6425.052666722659 283.80687447728747 7059.936993564726 c
283.80687447728747 7059.936993564726 576.899571947846 6670.432889665302 c
726.1286176952835 6342.56822495827 1035.3778720431847 6461.510494017752 c
1035.3778720431847 6461.510494017752 1344.0983394321079 6585.327236211697 c
1344.0983394321079 6585.327236211697 1377.4751917045671 6265.815907707972 c
1377.4751917045671 6265.815907707972 1398.818112847599 5948.267096535692 c
1910.8462892490616 5321.581126213078 1398.818112847599 5948.267096535692 d
1910.8462892490616 5321.581126213078 2108.208278847778 5413.897443721693 c
2108.208278847778 5413.897443721693 2302.6023411489305 5508.241148624849 c
2302.6023411489305 5508.241148624849 2445.061502160203 5369.285835039067 c
2445.061502160203 5369.285835039067 2576.375950840018 5236.939809083297 c
2725.375950840018 5350.086259061033 2576.375950840018 5236.939809083297 d
2725.375950840018 5350.086259061033 3093.2826092825835 5443.304998309351 c
3093.2826092825835 5443.304998309351 3472.213425278767 5544.745629349894 c
3472.213425278767 5544.745629349894 3088.253823812237 6152.596285075807 d
2999.1760402988757 5948.267096535692 2590.8993363187396 6137.848173663262 c
2590.8993363187396 6137.848173663262 2847.5431793586126 6287.156260754447 c
2847.5431793586126 6287.156260754447 3104.424099823464 6429.497099379406 c
3104.424099823464 6429.497099379406 3138.9228111659395 6391.184382845058 c
3138.9228111659395 6391.184382845058 3183.8797943251475 6353.537974775064 c
3183.8797943251475 6353.537974775064 3088.253823812237 6152.596285075807 c
3088.253823812237 6152.596285075807 3298.8797943251475 6137.848173663262 d
3298.8797943251475 6137.848173663262 3555.5236373650205 6287.156260754447 c
3555.5236373650205 6287.156260754447 3812.404557829872 6429.497099379406 c
3812.404557829872 6429.497099379406 3846.9032691723473 6391.184382845058 c
3846.9032691723473 6391.184382845058 3891.8602523315553 6353.537974775064 c
3891.8602523315553 6353.537974775064 4042.860252331556 6425.052666722659 d
4042.860252331556 6425.052666722659 4326.667126808843 7059.936993564726 c
4400.605073390664 7212.936993564726 4326.667126808843 7059.936993564726 d
4400.605073390664 7212.936993564726 4416.92585970252 7922.382822126551 c
4416.92585970252 7922.382822126551 4883.21001142579 7653.1403442860865 c
4883.21001142579 7653.1403442860865 4243.605073390664 7618.207871804098 d
4243.605073390664 7618.207871804098 4147.979102877754 7417.266182104841 c
4147.979102877754 7417.266182104841 4058.9013193643927 7212.936993564726 c
4058.9013193643927 7212.936993564726 3650.6246153842567 7402.5180706922965 c
3650.6246153842567 7402.5180706922965 3527.6246153842567 7421.459260097514 d
3527.6246153842567 7421.459260097514 3350.758646831527 7212.936993564726 c
3350.758646831527 7212.936993564726 2655.4114993432145 7369.228309576552 c
2655.4114993432145 7369.228309576552 3036.115055232809 7585.559828784145 c
3036.115055232809 7585.559828784145 3237.450742281924 7498.032397437514 c
3237.450742281924 7498.032397437514 3527.6246153842567 7421.459260097514 c
3650.6246153842567 7402.5180706922965 3907.2684584241297 7551.826157783482 c
3907.2684584241297 7551.826157783482 4164.149378888981 7694.16699640844 c
4164.149378888981 7694.16699640844 4198.648090231457 7655.854279874093 c
4198.648090231457 7655.854279874093 4243.605073390664 7618.207871804098 c
5067.579367125542 7575.652662644115 4883.21001142579 7653.1403442860865 d
5067.579367125542 7575.652662644115 5086.560356173234 7744.44138392839 c
5086.560356173234 7744.44138392839 5279.206900035106 7752.59345613499 c
5279.206900035106 7752.59345613499 5478.327325266919 7763.030496785632 c
5478.327325266919 7763.030496785632 5426.006356663979 7567.495047027178 c
5426.006356663979 7567.495047027178 5375.816714568638 7365.075591460332 c
5375.816714568638 7365.075591460332 5243.856445481111 7294.957667956023 c
5243.856445481111 7294.957667956023 5117.171351046879 7212.936993564726 c
5117.171351046879 7212.936993564726 5082.056140094443 7313.12279377763 c
5082.056140094443 7313.12279377763 5035.21001142579 7410.6384304077055 c
5035.21001142579 7410.6384304077055 5067.579367125542 7575.652662644115 c
4883.21001142579 7653.1403442860865 4400.605073390664 7212.936993564726 c
4326.667126808843 7059.936993564726 4619.759824279402 6670.432889665302 c
4619.759824279402 6670.432889665302 4622.988870026839 5948.267096535692 c
4359.206531905946 5366.488028568382 4622.988870026839 5948.267096535692 d
4507.888868040946 5544.745629349894 4359.206531905946 5366.488028568382 c
4359.206531905946 5366.488028568382 4215.239469805554 5185.548012163376 c
4215.239469805554 5185.548012163376 4454.071064442707 5048.107674535042 c
4454.071064442707 5048.107674535042 4682.726836364377 4906.049717880539 c
4863.920188970447 5082.819651985209 4682.726836364377 4906.049717880539 d
4863.920188970447 5082.819651985209 4777.726836364377 5350.086259061033 c
4777.726836364377 5350.086259061033 5145.6334948069425 5443.304998309351 c
5145.6334948069425 5443.304998309351 5524.564310803125 5544.745629349894 c
5524.564310803125 5544.745629349894 5375.881974668125 5366.488028568382 c
5375.881974668125 5366.488028568382 5231.914912567733 5185.548012163376 c
5231.914912567733 5185.548012163376 5470.746507204887 5048.107674535042 c
5470.746507204887 5048.107674535042 5699.402279126556 4906.049717880539 c
5699.402279126556 4906.049717880539 5331.108535538627 4862.706585831311 c
5331.108535538627 4862.706585831311 4947.701493235033 4816.489875595595 c
4947.701493235033 4816.489875595595 4863.920188970447 5082.819651985209 c
4682.726836364377 4906.049717880539 4314.433092776447 4862.706585831311 c
4314.433092776447 4862.706585831311 3931.0260504728535 4816.489875595595 c
3931.0260504728535 4816.489875595595 3847.2447462082673 5082.819651985209 c
3847.2447462082673 5082.819651985209 3761.0513936021975 5350.086259061033 c
3761.0513936021975 5350.086259061033 4128.9580520447635 5443.304998309351 c
4128.9580520447635 5443.304998309351 4507.888868040946 5544.745629349894 c
4737.988870026838 5948.267096535692 4622.988870026839 5948.267096535692 d
4737.988870026838 5948.267096535692 4754.309656338694 6657.712925097517 c
4754.309656338694 6657.712925097517 5220.593808061965 6388.470447257052 c
5220.593808061965 6388.470447257052 4737.988870026838 5948.267096535692 c
4622.988870026839 5948.267096535692 4042.860252331556 6425.052666722659 c
3891.8602523315553 6353.537974775064 3796.234281818645 6152.596285075807 c
3796.234281818645 6152.596285075807 3707.1564983052835 5948.267096535692 c
3707.1564983052835 5948.267096535692 3298.8797943251475 6137.848173663262 c
3088.253823812237 6152.596285075807 2999.1760402988757 5948.267096535692 c
3472.213425278767 5544.745629349894 3323.5310891437657 5366.488028568382 c
3323.5310891437657 5366.488028568382 3179.564027043374 5185.548012163376 c
3179.564027043374 5185.548012163376 3418.395621680528 5048.107674535042 c
3418.395621680528 5048.107674535042 3647.0513936021975 4906.049717880539 c
3647.0513936021975 4906.049717880539 3278.7576500142673 4862.706585831311 c
3278.7576500142673 4862.706585831311 2895.350607710674 4816.489875595595 c
2895.350607710674 4816.489875595595 2811.569303446088 5082.819651985209 c
2811.569303446088 5082.819651985209 2725.375950840018 5350.086259061033 c
2576.375950840018 5236.939809083297 2076.0855126750535 5024.967744200225 c
2076.0855126750535 5024.967744200225 1574.2947273688774 4816.489875595595 c
1574.2947273688774 4816.489875595595 1910.8462892490616 5321.581126213078 c
1516.818112847599 5948.267096535692 1398.818112847599 5948.267096535692 d
1516.818112847599 5948.267096535692 1853.3696747277831 6453.358347153176 c
1853.3696747277831 6453.358347153176 2050.7316643264994 6545.67466466179 c
2050.7316643264994 6545.67466466179 2245.125726627652 6640.018369564947 c
2245.125726627652 6640.018369564947 2387.5848876389246 6501.063055979164 c
2387.5848876389246 6501.063055979164 2518.8993363187396 6368.717030023395 c
2518.8993363187396 6368.717030023395 2018.608898153775 6156.744965140322 c
2018.608898153775 6156.744965140322 1516.818112847599 5948.267096535692 c
1398.818112847599 5948.267096535692 1061.411446422745 6146.125223034048 c
500.09756202669496 5522.6568001153355 685.3142693624698 5437.35823035808 c
685.3142693624698 5437.35823035808 452.56853638588 5126.593291795555 c
452.56853638588 5126.593291795555 223.34204466727954 4816.489875595595 c
202.18218826033888 4511.984984129562 253.790096766484 4375.027777483992 c
253.790096766484 4375.027777483992 305.3705429154442 4231.392086882743 c
305.3705429154442 4231.392086882743 500.09756202669496 4151.374687709205 c
500.09756202669496 4151.374687709205 685.3142693624698 4066.076117951949 c
821.664614109914 3976.7121535531273 1014.3111579717859 3984.8642257597285 c
1014.3111579717859 3984.8642257597285 1213.4315832035986 3995.3012664103694 c
1213.4315832035986 3995.3012664103694 1161.1106146006587 3799.765816651916 c
1161.1106146006587 3799.765816651916 1110.9209725053179 3597.346361085071 c
1110.9209725053179 3597.346361085071 978.9607034177916 3527.2284375807612 c
978.9607034177916 3527.2284375807612 852.2756089835585 3445.2077631894645 c
1033.8052806858832 2915.9836947222548 1500.089432409154 2646.74121688179 c
1693.8619325784703 2606.2150885859596 1591.089432409154 2888.182455203353 c
1591.089432409154 2888.182455203353 1975.6991386836344 2871.55504732448 c
1975.6991386836344 2871.55504732448 2352.190390281936 2848.5027567935954 c
2352.190390281936 2848.5027567935954 2471.511176593792 2915.9836947222548 d
2471.511176593792 2915.9836947222548 2937.7953283170623 2646.74121688179 c
3022.795328317062 2600.8389945830068 2937.7953283170623 2646.74121688179 d
3022.795328317062 2600.8389945830068 3332.044582664963 2719.7812636424887 c
3332.044582664963 2719.7812636424887 3640.765050053886 2843.598005836435 c
3640.765050053886 2843.598005836435 3695.190160027869 3445.2077631894645 d
3695.190160027869 3445.2077631894645 2999.843012539556 3601.4990792012904 c
2999.843012539556 3601.4990792012904 3380.546568429151 3817.830598408883 c
3380.546568429151 3817.830598408883 3581.8822554782655 3730.3031670622518 c
3581.8822554782655 3730.3031670622518 3872.0561285805984 3653.730029722252 c
3988.0561285805984 3872.2060653418603 3872.0561285805984 3653.730029722252 d
3988.0561285805984 3872.2060653418603 4251.991323186843 3846.1053859786057 c
4251.991323186843 3846.1053859786057 4163.4650819526705 4246.090340273648 c
4163.4650819526705 4246.090340273648 4172.703353253765 4378.829929011207 c
4172.703353253765 4378.829929011207 4190.238316840938 4511.984984129562 c
4190.238316840938 4511.984984129562 4241.8462253470825 4375.027777483992 c
4241.8462253470825 4375.027777483992 4293.426671496043 4231.392086882743 c
4293.426671496043 4231.392086882743 4488.153690607293 4151.374687709205 c
4488.153690607293 4151.374687709205 4673.370397943068 4066.076117951949 c
4673.370397943068 4066.076117951949 4440.624664966478 3755.311179389425 c
4440.624664966478 3755.311179389425 4211.398173247878 3445.2077631894645 c
4211.398173247878 3445.2077631894645 4105.001520417141 3659.9968105566754 c
4105.001520417141 3659.9968105566754 3988.0561285805984 3872.2060653418603 c
3872.0561285805984 3653.730029722252 3695.190160027869 3445.2077631894645 c
3640.765050053886 2843.598005836435 3674.1419023263456 2524.0866773327093 c
3674.1419023263456 2524.0866773327093 3695.4848234693773 2206.53786616043 c
3814.3683575184327 2078.8915047431015 3695.4848234693773 2206.53786616043 d
3814.3683575184327 2078.8915047431015 4362.863107516816 2133.5378661604304 c
4362.863107516816 2133.5378661604304 4946.251302765397 2683.3234363473966 d
4946.251302765397 2683.3234363473966 5230.058177242684 3318.2077631894645 c
4946.251302765397 2683.3234363473966 4887.251302765397 2508.036668462335 d
4554.2427005922245 2859.791971156786 4887.251302765397 2508.036668462335 c
4887.251302765397 2508.036668462335 4836.797690943613 2360.5221432209382 c
4836.797690943613 2360.5221432209382 4778.142378873879 2206.53786616043 c
4778.142378873879 2206.53786616043 4375.85902276563 2352.3248696517717 c
4375.85902276563 2352.3248696517717 3967.548688063775 2489.2637206882414 c
3967.548688063775 2489.2637206882414 3897.3253721473834 2802.562641163214 c
3897.3253721473834 2802.562641163214 3843.4848234693773 3108.0785330672347 c
3843.4848234693773 3108.0785330672347 4031.806955303711 3162.735543028678 c
4031.806955303711 3162.735543028678 4215.987294021892 3207.322708236291 c
4215.987294021892 3207.322708236291 4554.2427005922245 2859.791971156786 c
5280.1611832492445 3653.6856317940956 5230.058177242684 3318.2077631894645 d
5280.1611832492445 3653.6856317940956 4778.370397943068 3445.2077631894645 c
4778.370397943068 3445.2077631894645 5114.921959823252 3950.2990138069486 c
5114.921959823252 3950.2990138069486 5312.283949421968 4042.6153313155633 c
5312.283949421968 4042.6153313155633 5506.678011723121 4136.959036218719 c
5506.678011723121 4136.959036218719 5649.137172734393 3998.003722632937 c
5649.137172734393 3998.003722632937 5780.451621414209 3865.6576966771677 c
5780.451621414209 3865.6576966771677 5280.1611832492445 3653.6856317940956 c
5230.058177242684 3318.2077631894645 5523.150874713243 2928.7036592900413 c
5523.150874713243 2928.7036592900413 5526.37992046068 2206.53786616043 c
5526.37992046068 2206.53786616043 4946.251302765397 2683.3234363473966 c
4362.863107516816 2133.5378661604304 4540.944876705946 1968.523974674126 c
4540.944876705946 1968.523974674126 4702.181739822143 1793.2675200173494 c
4702.181739822143 1793.2675200173494 4725.615897027894 1392.8667439232759 c
4725.615897027894 1392.8667439232759 4734.662473013261 1000.8547571710401 c
4734.662473013261 1000.8547571710401 4645.6223179497665 907.4213011912709 c
4645.6223179497665 907.4213011912709 4555.3281937643405 828.2557537543003 c
4555.3281937643405 828.2557537543003 4255.34337259265 1075.640650235789 c
4255.34337259265 1075.640650235789 3814.3683575184327 2078.8915047431015 c
3695.4848234693773 2206.53786616043 3358.0781570445233 2404.395992658786 c
3358.0781570445233 2404.395992658786 3022.795328317062 2600.8389945830068 c
2471.511176593792 2915.9836947222548 2180.685543634933 3524.3733106264344 d
2090.391419449507 3445.207763189464 1790.4065982778156 3692.592659670953 c
1790.4065982778156 3692.592659670953 1349.4315832035986 4695.843514178265 c
1349.4315832035986 4695.843514178265 1244.5909733426058 4816.489875595595 d
1244.5909733426058 4816.489875595595 836.3142693624699 5006.070952723165 c
836.3142693624699 5006.070952723165 1092.958112402343 5155.37903981435 c
1092.958112402343 5155.37903981435 1349.8390328671942 5297.719878439309 c
1349.8390328671942 5297.719878439309 1384.3377442096698 5259.407161904961 c
1384.3377442096698 5259.407161904961 1429.2947273688776 5221.760753834967 c
1429.2947273688776 5221.760753834967 1333.6687568559673 5020.81906413571 c
1333.6687568559673 5020.81906413571 1244.5909733426058 4816.489875595595 c
1349.4315832035986 4695.843514178265 1897.9263332019814 4750.489875595594 c
1897.9263332019814 4750.489875595594 2076.008102391111 4585.47598410929 c
2076.008102391111 4585.47598410929 2237.2449655073087 4410.219529452514 c
2237.2449655073087 4410.219529452514 2260.6791227130598 4009.8187533584396 c
2260.6791227130598 4009.8187533584396 2269.725698698427 3617.806766606204 c
2416.7256986984275 3642.9092000324436 2269.725698698427 3617.806766606204 d
2416.7256986984275 3642.9092000324436 2449.0950543981794 3807.923432268852 c
2449.0950543981794 3807.923432268852 2468.0760434458716 3976.7121535531273 c
2468.0760434458716 3976.7121535531273 2660.722587307743 3984.8642257597285 c
2660.722587307743 3984.8642257597285 2859.843012539556 3995.3012664103694 c
2859.843012539556 3995.3012664103694 2807.5220439366162 3799.765816651916 c
2807.5220439366162 3799.765816651916 2757.3324018412754 3597.346361085071 c
2757.3324018412754 3597.346361085071 2625.372132753749 3527.2284375807612 c
2625.372132753749 3527.2284375807612 2498.687038319516 3445.2077631894645 c
2498.687038319516 3445.2077631894645 2463.5718273670805 3545.3935634023683 c
2463.5718273670805 3545.3935634023683 2416.7256986984275 3642.9092000324436 c
2269.725698698427 3617.806766606204 2180.685543634933 3524.3733106264344 c
2180.685543634933 3524.3733106264344 2090.391419449507 3445.207763189464 c
2937.7953283170623 2646.74121688179 2455.190390281936 2206.53786616043 c
2455.190390281936 2206.53786616043 2471.511176593792 2915.9836947222548 c
2352.190390281936 2848.5027567935954 2054.5695987565646 2206.53786616043 c
1801.5009203496315 1729.7964206611048 1989.8230521839657 1784.4534306225482 c
1989.8230521839657 1784.4534306225482 2174.003390902146 1829.0405958301608 c
2174.003390902146 1829.0405958301608 2512.258797472479 1481.5098587506563 c
2512.258797472479 1481.5098587506563 2845.2673996456506 1129.754556056205 c
3060.039899814967 1227.93297617983 2845.2673996456506 1129.754556056205 d
3060.039899814967 1227.93297617983 2957.2673996456506 1509.9003427972236 c
2957.2673996456506 1509.9003427972236 3341.8771059201313 1493.2729349183503 c
3341.8771059201313 1493.2729349183503 3718.368357518433 1470.2206443874657 c
3718.368357518433 1470.2206443874657 3420.7475659930615 828.2557537543 c
3420.7475659930615 828.2557537543 3167.966610736645 945.532361684124 c
3167.966610736645 945.532361684124 3060.039899814967 1227.93297617983 c
2845.2673996456506 1129.754556056205 2794.8137878238667 982.2400308148083 c
2794.8137878238667 982.2400308148083 2935.9075133779015 368.4679616566498 d
2935.9075133779015 368.4679616566498 3879.392007751929 460.3264428270536 c
3879.392007751929 460.3264428270536 4044.5252471148933 293.58242813153964 d
4044.5252471148933 293.58242813153964 4644.13337258304 528.4139049632035 c
4774.408433727533 681.6445890429235 4644.13337258304 528.4139049632035 d
4774.408433727533 681.6445890429235 5159.018140002014 665.0171811640503 c
4912.642471344119 828.2557537543 4774.408433727533 681.6445890429235 d
4912.642471344119 828.2557537543 4787.662473013261 1196.7237154109498 c
4787.662473013261 1196.7237154109498 5731.146967387288 1288.5821965813536 c
5731.146967387288 1288.5821965813536 5570.628443579169 986.5520252511647 c
5570.628443579169 986.5520252511647 5366.817361424631 1065.5104077249964 c
5366.817361424631 1065.5104077249964 4912.642471344119 828.2557537543 c
5159.018140002014 665.0171811640503 5535.509391600315 641.9648906331656 c
5535.509391600315 641.9648906331656 5237.8886000749435 0.0 c
5237.8886000749435 0.0 4985.107644818527 117.27660792982397 c
4985.107644818527 117.27660792982397 4877.18093389685 399.67722242552986 c
4877.18093389685 399.67722242552986 4774.408433727533 681.6445890429235 c
4644.13337258304 528.4139049632035 4658.408433727533 283.5807569080759 c
4658.408433727533 283.5807569080759 4583.345055925821 0.0 c
4583.345055925821 0.0 3963.392007751929 1.0938795276603628 c
3963.392007751929 1.0938795276603628 4044.5252471148933 293.58242813153964 c
3879.392007751929 460.3264428270536 3718.87348394381 158.29627149686456 c
3718.87348394381 158.29627149686456 3515.062401789272 237.25465397069627 c
3515.062401789272 237.25465397069627 3060.88751170876 0.0 c
3060.88751170876 0.0 2935.9075133779015 368.4679616566498 c
2794.8137878238667 982.2400308148083 2736.158475754133 828.2557537543 c
2668.069545054471 728.2557537543 2519.38720891947 549.998152972788 c
2519.38720891947 549.998152972788 2375.4201468190786 369.0581365677825 c
2375.4201468190786 369.0581365677825 2614.2517414562326 231.6177989394475 c
2614.2517414562326 231.6177989394475 2842.9075133779015 89.5598422849451 c
2842.9075133779015 89.5598422849451 2474.6137697899717 46.21671023571694 c
2474.6137697899717 46.21671023571694 2091.2067274863784 0.0 c
2091.2067274863784 0.0 2007.425423221792 266.32977638961444 c
2007.425423221792 266.32977638961444 1921.2320706157223 533.5963834654386 c
1863.2320706157223 710.0336022634465 1602.181512994853 574.3709168385549 c
1602.181512994853 574.3709168385549 1335.2001714125854 431.60277001736625 c
1335.2001714125854 431.60277001736625 1163.0661612653007 209.24891763256255 c
1163.0661612653007 209.24891763256255 977.2131160410421 0.0 c
977.2131160410421 0.0 1071.1559966435138 293.5083879396635 c
872.2131160410421 208.52226653278754 695.3471474883125 0.0 c
695.3471474883125 0.0 0.0 156.29131601182598 c
33.4397906194572 148.7751438351612 0.0 0.0 d
