Processando arquivo: poly2a_mod_pack.txt

Tempo de Inicio (hh:mm:ss.ms) 2026-04-27 10:06:44.301417
Tempo de Termino (hh:mm:ss.ms) 2026-04-27 10:06:45.099455
Tempo Total (hh:mm:ss.ms) 0:00:00.798038

Função Objetivo: 3803.682354801235

0.0 0.0 39.94176761270158 230.64875707657848 d
0.0 237.56552879582682 134.19599284859476 281.15684450713576 c
134.19599284859476 281.15684450713576 274.40161805431933 317.5226869565292 c
274.40161805431933 317.5226869565292 373.04415775879556 497.64728501467897 c
373.04415775879556 497.64728501467897 473.10076639355606 669.6176327930816 c
473.10076639355606 669.6176327930816 751.3286129798428 417.70719552354 c
751.3286129798428 417.70719552354 1030.1112415911912 170.55788942978165 c
1030.1112415911912 170.55788942978165 1116.2765094057559 0.0 d
1116.2765094057559 0.0 1030.1112415911912 708.4732013595444 c
1030.1112415911912 708.4732013595444 1065.2407480871793 1040.081830040031 d
1065.2407480871793 1040.081830040031 958.7223338087839 1102.191545253761 c
958.7223338087839 1102.191545253761 859.1893718573608 1151.9891270321186 c
859.1893718573608 1151.9891270321186 766.5934922264588 1319.7488499194667 c
766.5934922264588 1319.7488499194667 675.6090223601732 1479.2269806628792 c
726.098009640043 1767.4093118089722 675.6090223601732 1479.2269806628792 d
726.098009640043 1767.4093118089722 188.4061351428289 1845.4564328581203 c
726.098009640043 1767.4093118089722 675.6090223601732 1636.7174054393636 d
0.0 1748.5550313995755 675.6090223601732 1636.7174054393636 c
675.6090223601732 1636.7174054393636 86.1652678145648 1040.081830040031 c
86.1652678145648 1040.081830040031 0.0 1748.5550313995755 c
188.4061351428289 1845.4564328581203 0.0 2417.3330567358894 c
0.0 2417.3330567358894 306.22106311333334 2004.3085639397048 c
306.22106311333334 2004.3085639397048 726.098009640043 1767.4093118089722 c
675.6090223601732 1479.2269806628792 840.1874612495421 1622.6719700068838 c
840.1874612495421 1622.6719700068838 998.4127432547142 1767.4093118089722 c
998.4127432547142 1767.4093118089722 1115.8835336243458 1767.4093118089722 d
1115.8835336243458 1767.4093118089722 726.098009640043 2391.735229016772 c
726.098009640043 2391.735229016772 693.1947845426273 2494.7367935779134 d
693.1947845426273 2494.7367935779134 0.0 2722.366537123156 c
0.0 2722.366537123156 645.7183900159257 3136.935893745182 c
645.7183900159257 3136.935893745182 1168.999252940945 2660.927416157596 c
1168.999252940945 2732.30232237374 1168.999252940945 2660.927416157596 d
1168.999252940945 2732.30232237374 1303.19524578954 2775.893638085049 c
1303.19524578954 2775.893638085049 1443.4008709952645 2812.2594805344424 c
1443.4008709952645 2812.2594805344424 1542.0434106997407 2992.3840785925922 c
1542.0434106997407 2992.3840785925922 1642.1000193345012 3164.354426370995 c
1642.1000193345012 3164.354426370995 1920.3278659207879 2912.4439891014536 c
1920.3278659207879 2912.4439891014536 2199.1104945321363 2665.2946830076953 c
2199.1104945321363 2665.2946830076953 1981.4320778694594 2577.112881289848 c
1981.4320778694594 2577.112881289848 1772.605741811646 2494.7367935779134 c
1772.605741811646 2494.7367935779134 1796.3662014296508 2611.858403934237 c
1796.3662014296508 2611.858403934237 1820.9078956158967 2738.798969627513 c
1820.9078956158967 2738.798969627513 1616.7055219251079 2715.984111764852 c
1616.7055219251079 2715.984111764852 1418.773330963902 2686.865476245085 c
1418.773330963902 2686.865476245085 1293.7241170297486 2710.70354334669 c
1293.7241170297486 2710.70354334669 1168.999252940945 2732.30232237374 c
1168.999252940945 2660.927416157596 693.1947845426273 2494.7367935779134 c
1115.8835336243458 1767.4093118089722 1398.8898842942294 2037.070323624159 d
1398.8898842942294 2037.070323624159 1404.6662678260109 2139.607237142587 c
1404.6662678260109 2139.607237142587 1845.4719804127417 2209.1996338306494 c
1845.4719804127417 2209.1996338306494 1919.9632863264137 1767.4093118089722 c
1910.5857592950968 1664.4077472478307 1919.9632863264137 1767.4093118089722 d
1910.5857592950968 1664.4077472478307 2352.210996203853 1538.9869077877543 c
2352.210996203853 1538.9869077877543 2426.1433861661385 1330.7640380257985 c
2426.1433861661385 1330.7640380257985 2684.7467164444984 1625.456098837152 d
2583.3776339492833 1545.5862042881772 2684.7467164444984 1625.456098837152 c
2684.7467164444984 1625.456098837152 2789.529814877981 1704.673072414224 c
2789.529814877981 1704.673072414224 3063.1453788642393 1677.2632213461627 c
3063.1453788642393 1677.2632213461627 3329.3577796789323 1645.2529947176004 c
3329.3577796789323 1686.861378888294 3329.3577796789323 1645.2529947176004 d
3329.3577796789323 1686.861378888294 3821.9888463028146 1542.824321202718 c
3329.3577796789323 1686.861378888294 3061.1645623419117 1829.5190270227022 d
3286.929978188182 2076.560824405603 3219.849030791209 1918.3065461779618 c
3219.849030791209 1918.3065461779618 3167.6829766203073 1767.4093118089722 c
3167.6829766203073 1767.4093118089722 3061.1645623419117 1829.5190270227022 c
3061.1645623419117 1829.5190270227022 2961.6316003904885 1879.3166088010598 c
2961.6316003904885 1879.3166088010598 2869.0357207595866 2047.076331688408 c
2869.0357207595866 2047.076331688408 2778.0512508933007 1964.460423540495 d
2778.0512508933007 1964.460423540495 2440.46249064815 1873.3227915335342 c
2440.46249064815 1873.3227915335342 2106.8821390463777 1767.4093118089722 c
2106.8821390463777 1767.4093118089722 2225.83299652091 1941.0407655193708 c
2225.83299652091 1941.0407655193708 2362.3590996120365 2105.1676308353244 c
2362.3590996120365 2105.1676308353244 2140.723644031241 2231.406426386811 c
2140.723644031241 2231.406426386811 1919.9632863264137 2341.8676213471017 c
1919.9632863264137 2341.8676213471017 2268.935685121005 2401.2574229964334 c
2268.935685121005 2401.2574229964334 2608.6367561283746 2446.1342658338945 c
2485.4880939825603 2494.7367935779134 2608.6367561283746 2446.1342658338945 d
2485.4880939825603 2494.7367935779134 2283.5272765205805 2802.5679144634664 c
2283.5272765205805 2802.5679144634664 2199.1104945321363 3818.2925899946276 c
2199.1104945321363 3818.2925899946276 2128.6606815778287 4011.5109009883336 d
2359.2616032975266 3818.2925899946276 2128.6606815778287 4011.5109009883336 c
2128.6606815778287 4011.5109009883336 2128.660681577828 4015.343701726151 d
2128.660681577828 4015.343701726151 1791.0719213326774 3924.20606971919 c
1791.0719213326774 3924.20606971919 1457.4915697309052 3818.292589994628 c
1457.4915697309052 3818.292589994628 1576.4424272054373 3991.9240437050266 c
1576.4424272054373 3991.9240437050266 1712.9685302965643 4156.05090902098 c
1712.9685302965643 4156.05090902098 1491.3330747157684 4282.289704572467 c
1491.3330747157684 4282.289704572467 1270.5727170109412 4392.750899532757 c
1270.5727170109412 4314.984011486437 1270.5727170109412 4392.750899532757 d
1270.5727170109412 4314.984011486437 1163.4392523897377 4287.581348996039 c
1163.4392523897377 4287.581348996039 1059.896544146435 4270.463780792318 c
1059.896544146435 4270.463780792318 932.3588348673909 4039.743674789605 c
932.3588348673909 4039.743674789605 807.3143180405455 3818.2925899946276 c
807.3143180405455 3818.2925899946276 492.6310666238827 4055.652568921731 c
492.6310666238827 4321.035081157314 492.6310666238827 4055.652568921731 d
492.6310666238827 4321.035081157314 141.72294011413072 3818.2925899946276 c
141.72294011413072 3818.2925899946276 0.0 4465.072138842891 c
0.0 4465.072138842891 492.6310666238827 4321.035081157314 c
492.6310666238827 4055.652568921731 864.1529054236937 4360.586181275803 c
864.1529054236937 4360.586181275803 1231.025821031956 4654.866391437782 c
1231.025821031956 4654.866391437782 1248.4767356566056 4482.661478430262 c
1248.4767356566056 4482.661478430262 1270.5727170109412 4314.984011486437 c
1270.5727170109412 4392.750899532757 1619.5451158055328 4452.140701182089 c
1619.5451158055328 4452.140701182089 1959.2461868129021 4497.017544019551 c
1959.2461868129021 4497.017544019551 2128.660681577828 4015.343701726151 c
2128.6606815778287 4011.5109009883336 2160.800957804131 4644.876679987132 c
2160.800957804131 4644.876679987132 1985.0371779539455 4858.374420034659 d
1985.0371779539455 4858.374420034659 1754.4362562342476 5051.592731028365 c
1754.4362562342476 5051.592731028365 1740.3474213171103 5082.83636876659 d
1740.3474213171103 5082.83636876659 1754.4362562342476 4953.646808434258 c
1754.4362562342476 4953.646808434258 1389.108582801462 4908.871690356288 c
1389.108582801462 4908.871690356288 1030.124801924855 4858.374420034659 c
1030.124801924855 4858.374420034659 865.1491508581 5070.710192246822 c
865.1491508581 5070.710192246822 703.575809945055 5285.977152441978 c
703.575809945055 5285.977152441978 823.5177611328951 5391.703976915749 c
823.5177611328951 5391.703976915749 949.5332008915826 5493.605439903049 c
703.575809945055 5669.187563030404 949.5332008915826 5493.605439903049 d
703.575809945055 5669.187563030404 490.35495161363593 4956.685616357198 c
490.35495161363593 4956.685616357198 286.3775994504237 4858.374420034659 c
286.3775994504237 4858.374420034659 84.41678198844406 5166.205540920212 c
84.41678198844406 5166.205540920212 0.0 6181.930216451373 c
0.0 6181.930216451373 511.6329479219185 6081.772815967843 c
511.6329479219185 6081.772815967843 703.575809945055 5669.187563030404 c
949.5332008915826 5493.605439903049 1330.451244347596 5362.2701147386215 c
1330.451244347596 5362.2701147386215 1717.3376435857967 5225.079043606711 c
1717.3376435857967 5225.079043606711 1740.3474213171103 5082.83636876659 c
1754.4362562342476 5051.592731028365 1786.5765324605497 5684.958510027163 c
1786.5765324605497 5684.958510027163 2010.1185043555506 5601.590995322591 c
2010.1185043555506 5601.590995322591 2240.712828931646 5417.752269772875 c
2240.712828931646 5417.752269772875 1985.0371779539455 4858.374420034659 c
2160.800957804131 4644.876679987132 2384.3429296991317 4561.5091652825595 c
2384.3429296991317 4561.5091652825595 2614.937254275227 4377.670439732843 c
2614.937254275227 4377.670439732843 2359.2616032975266 3818.2925899946276 c
2199.1104945321363 3818.2925899946276 2710.743442454055 3718.135189511097 c
2710.743442454055 3718.135189511097 2929.62050569189 3818.2925899946276 d
2929.62050569189 3818.2925899946276 2614.937254275227 4055.652568921731 c
2614.937254275227 4055.652568921731 2986.4590930750383 4360.586181275803 c
2986.4590930750383 4360.586181275803 3353.3320086833005 4654.866391437782 c
3353.3320086833005 4654.866391437782 3370.78292330795 4482.661478430262 c
3409.530428493134 4487.977978234267 3370.78292330795 4482.661478430262 d
3409.530428493134 4487.977978234267 3392.8789046622855 4697.102685303143 c
3392.8789046622855 4697.102685303143 3555.2440673981696 4773.216692418251 c
3555.2440673981696 4773.216692418251 3722.6881860067224 4858.374420034659 c
3722.6881860067224 4858.374420034659 3754.7394520986063 4342.242083350436 c
3754.7394520986063 4342.242083350436 3795.135616517563 3818.2925899946276 c
3795.135616517563 3818.2925899946276 3617.2316763294084 4046.5233108939697 c
3617.2316763294084 4046.5233108939697 3434.184365897374 4274.166817764048 c
3434.184365897374 4274.166817764048 3409.530428493134 4487.977978234267 c
3370.78292330795 4482.661478430262 3392.8789046622855 4314.984011486437 c
3392.8789046622855 4314.984011486437 3285.745440041082 4287.581348996039 c
3285.745440041082 4287.581348996039 3182.2027317977795 4270.463780792318 c
3182.2027317977795 4270.463780792318 3054.6650225187354 4039.743674789605 c
3054.6650225187354 4039.743674789605 2929.62050569189 3818.2925899946276 c
2710.743442454055 3718.135189511097 2902.6863044771912 3305.5499365736587 c
2902.6863044771912 3305.5499365736587 2689.465446145772 2593.047989900453 c
2689.465446145772 2593.047989900453 2485.4880939825603 2494.7367935779134 c
2608.6367561283746 2446.1342658338945 2778.0512508933007 1964.460423540495 c
2869.0357207595866 2047.076331688408 2778.051250893301 2206.5544624318204 c
2778.051250893301 2206.5544624318204 2942.62968978267 2349.999451775825 c
2942.62968978267 2349.999451775825 3100.8549717878423 2494.7367935779134 c
3100.8549717878423 2494.7367935779134 3106.0221647749277 2742.8269898184217 d
3306.163576077536 2494.7367935779134 3106.0221647749277 2742.8269898184217 c
3106.0221647749277 2742.8269898184217 2902.6863044771912 3000.2411678260596 c
2902.6863044771912 3000.2411678260596 3004.0553869724063 3080.1110623750346 c
3004.0553869724063 3080.1110623750346 3108.838485405889 3159.3280359521063 c
3108.838485405889 3159.3280359521063 3382.454049392147 3131.9181848840453 c
3382.454049392147 3131.9181848840453 3648.66645020684 3099.9079582554828 c
3648.66645020684 3099.9079582554828 3481.7605094733754 2796.875787414859 c
3648.66645020684 2764.3978053931005 3481.7605094733754 2796.875787414859 d
3648.66645020684 2764.3978053931005 3654.442833738621 2866.9347189115288 c
3654.442833738621 2866.9347189115288 4095.2485463253524 2936.527115599591 c
4095.2485463253524 2936.527115599591 4169.739852239024 2494.7367935779134 c
4169.739852239024 2494.7367935779134 3648.66645020684 2764.3978053931005 c
3481.7605094733754 2796.875787414859 3306.163576077536 2494.7367935779134 c
3100.8549717878423 2494.7367935779134 3189.3883008951393 2284.296743777789 c
3189.3883008951393 2284.296743777789 3286.929978188182 2076.560824405603 c
3821.9888463028146 1542.824321202718 3471.080719793063 1040.081830040031 c
3471.080719793063 1040.081830040031 3329.3577796789323 1686.861378888294 c
3329.3577796789323 1645.2529947176004 3162.4518389454674 1342.2208238769767 c
3162.4518389454674 1342.2208238769767 2986.854905549628 1040.081830040031 c
2986.854905549628 1040.081830040031 2786.7134942470198 1288.1720262805393 c
2786.7134942470198 1288.1720262805393 2583.3776339492833 1545.5862042881772 c
2426.1433861661385 1330.7640380257985 2583.3776339492833 1055.7621174178744 c
2583.3776339492833 1055.7621174178744 2300.3712832793994 1040.081830040031 c
2300.3712832793994 1040.081830040031 1910.5857592950968 1664.4077472478307 c
1919.9632863264137 1767.4093118089722 1398.8898842942294 2037.070323624159 c
1115.8835336243458 1767.4093118089722 1184.487749655054 1690.0055749669482 d
1184.487749655054 1690.0055749669482 1490.7088127683874 1276.9810821707636 c
1490.7088127683874 1276.9810821707636 1910.585759295097 1040.081830040031 c
1910.585759295097 1040.081830040031 1372.893884797883 1118.128951089179 c
1372.893884797883 1118.128951089179 1184.487749655054 1690.0055749669482 c
726.098009640043 2391.735229016772 1167.7232465487991 2266.3143895566955 c
1167.7232465487991 2266.3143895566955 1241.6556365110848 2058.0915197947397 c
1241.6556365110848 2058.0915197947397 1398.8898842942294 1783.0895991868156 c
1398.8898842942294 1783.0895991868156 1115.8835336243458 1767.4093118089722 c
998.4127432547142 1767.4093118089722 1086.9460723620111 1556.9692620088476 c
1086.9460723620111 1556.9692620088476 1184.487749655054 1349.2333426366617 c
1184.487749655054 1349.2333426366617 1117.4068022580807 1190.9790644090206 c
1117.4068022580807 1190.9790644090206 1065.2407480871793 1040.081830040031 c
1030.1112415911912 708.4732013595444 1705.7202639513644 596.6355753993325 c
1705.7202639513644 596.6355753993325 1825.6622151392046 533.3295568810897 d
1825.6622151392046 533.3295568810897 1951.677654897892 635.2310198683895 c
1951.677654897892 635.2310198683895 2332.5956983539054 503.89569470396236 c
2332.5956983539054 503.89569470396236 2719.482097592106 366.7046235720516 c
2719.482097592106 366.7046235720516 2742.4918753234197 224.46194873193 c
2756.580710240557 227.62974354524277 2742.4918753234197 224.46194873193 d
2756.580710240557 227.62974354524277 3402.2991002564827 642.1991001672686 c
3402.2991002564827 642.1991001672686 3925.5799631815025 166.19062257968255 c
4149.932734848625 228.2307208993423 3925.5799631815025 166.19062257968255 d
4149.932734848625 228.2307208993423 3966.885424416591 455.87422776941975 c
3966.885424416591 455.87422776941975 3942.231487012351 669.6853882396387 c
3942.231487012351 669.6853882396387 3925.5799631815025 878.810095308515 c
3925.5799631815025 878.810095308515 4087.9451259173866 954.9241024236235 c
4087.9451259173866 954.9241024236235 4255.38924452594 1040.081830040031 c
4255.38924452594 1040.081830040031 4287.440510617823 523.9494933558082 c
4287.440510617823 523.9494933558082 4327.83667503678 0.0 c
4327.83667503678 0.0 4149.932734848625 228.2307208993423 c
3925.5799631815025 166.19062257968255 3449.7754947831845 0.0 c
3449.7754947831845 0.0 2756.580710240557 227.62974354524277 c
2742.4918753234197 224.46194873193 2756.580710240557 95.27238839959813 c
2756.580710240557 95.27238839959813 2391.2530368077714 50.49727032162851 c
2391.2530368077714 50.49727032162851 2032.2692559311645 0.0 c
2032.2692559311645 0.0 1867.2936048644094 212.3357722121623 c
1867.2936048644094 212.3357722121623 1705.7202639513644 427.6027324073189 c
1705.7202639513644 427.6027324073189 1825.6622151392046 533.3295568810897 c
1705.7202639513644 596.6355753993325 1116.2765094057559 0.0 c
1030.1112415911912 170.55788942978165 812.4328249285144 82.37608771193459 c
812.4328249285144 82.37608771193459 603.606488870701 0.0 c
603.606488870701 0.0 627.3669484887057 117.12161035632334 c
627.3669484887057 117.12161035632334 651.9086426749517 244.06217604959966 c
651.9086426749517 244.06217604959966 447.70626898416265 221.2473181869384 c
447.70626898416265 221.2473181869384 249.77407802295681 192.12868266717192 c
249.77407802295681 192.12868266717192 124.72486408880354 215.9667497687767 c
124.72486408880354 215.9667497687767 0.0 237.56552879582682 c
39.94176761270158 230.64875707657848 0.0 0.0 d
