Processando arquivo: shapes1_sep.txt

Tempo de Inicio (hh:mm:ss.ms) 2026-04-27 10:10:17.115749
Tempo de Termino (hh:mm:ss.ms) 2026-04-27 10:10:20.014565
Tempo Total (hh:mm:ss.ms) 0:00:02.898816

Função Objetivo: 85.88000000000011

0.0 0.0 2.0 0.0 c
2.0 0.0 2.0 3.0 c
2.0 3.0 12.0 3.0 c
12.0 3.0 12.0 0.0 c
12.0 0.0 14.0 0.0 c
14.0 0.0 14.0 5.0 c
14.0 5.0 15.0 4.0 d
15.0 4.0 15.0 2.0 c
15.0 2.0 17.0 2.0 c
17.0 2.0 17.0 0.0 c
17.0 0.0 19.0 0.0 c
19.0 0.0 19.0 2.0 c
19.0 2.0 21.0 2.0 c
21.0 2.0 21.0 4.0 c
22.0 5.0 21.0 4.0 d
22.0 5.0 22.0 0.0 c
22.0 0.0 24.0 0.0 c
24.0 0.0 24.0 3.0 c
24.0 3.0 34.0 3.0 c
34.0 3.0 34.0 0.0 c
34.0 0.0 36.0 0.0 c
36.0 0.0 36.0 5.0 c
36.0 5.0 22.0 5.0 c
21.0 4.0 19.0 4.0 c
19.0 4.0 19.0 6.0 c
19.0 6.0 17.0 6.0 c
17.0 6.0 17.0 4.0 c
17.0 4.0 15.0 4.0 c
14.0 5.0 14.0 8.0 d
12.0 8.0 14.0 8.0 c
14.0 8.0 14.0 13.0 c
15.0 12.0 14.0 13.0 d
15.0 12.0 15.0 10.0 c
15.0 10.0 17.0 10.0 c
17.0 10.0 17.0 8.0 c
17.0 8.0 19.0 8.0 c
19.0 8.0 19.0 10.0 c
19.0 10.0 21.0 10.0 c
21.0 10.0 22.0 14.0 d
22.0 14.0 28.0 8.0 c
28.0 8.0 34.0 14.0 c
34.0 14.0 35.0 14.0 d
35.0 14.0 35.0 10.0 c
35.0 10.0 41.0 10.0 c
41.0 10.0 41.0 8.0 c
41.0 8.0 42.0 8.0 c
42.0 8.0 46.0 12.0 c
46.0 12.0 47.0 13.0 d
47.0 13.0 47.0 8.0 c
47.0 8.0 49.0 8.0 c
49.0 8.0 49.0 11.0 c
49.0 11.0 59.0 11.0 c
59.0 11.0 59.0 8.0 c
59.0 8.0 61.0 8.0 c
61.0 8.0 61.0 10.0 c
61.0 10.0 63.0 10.0 c
63.0 10.0 63.0 8.0 c
63.0 8.0 65.0 8.0 c
65.0 8.0 63.0 5.0 d
63.0 5.0 49.0 5.0 c
49.0 5.0 49.0 6.0 c
49.0 6.0 46.0 6.0 c
46.0 6.0 46.0 3.0 c
46.0 3.0 40.0 3.0 c
40.0 3.0 40.0 6.0 c
40.0 6.0 38.0 6.0 c
38.0 6.0 38.0 2.0 c
38.0 2.0 44.0 2.0 c
44.0 2.0 44.0 0.0 c
44.0 0.0 45.0 0.0 c
45.0 0.0 49.0 4.0 c
49.0 4.0 49.0 5.0 c
49.0 5.0 49.0 4.0 d
49.0 4.0 49.0 0.0 c
49.0 0.0 51.0 0.0 c
51.0 0.0 51.0 3.0 c
51.0 3.0 61.0 3.0 c
61.0 3.0 61.0 0.0 c
61.0 0.0 63.0 0.0 c
63.0 0.0 63.0 5.0 c
65.0 8.0 65.0 10.0 c
65.0 10.0 67.0 10.0 c
67.0 10.0 67.0 12.0 c
67.0 12.0 65.0 12.0 c
65.0 12.0 65.0 14.0 c
65.0 14.0 63.0 14.0 c
63.0 14.0 63.0 12.0 c
63.0 12.0 61.0 12.0 c
61.0 12.0 61.0 10.0 c
61.0 10.0 61.0 12.0 d
61.0 12.0 61.0 13.0 c
61.0 13.0 47.0 13.0 c
46.0 12.0 46.0 14.0 c
46.0 14.0 43.0 14.0 c
43.0 14.0 43.0 11.0 c
43.0 11.0 37.0 11.0 c
37.0 11.0 37.0 14.0 c
37.0 14.0 35.0 14.0 c
34.0 14.0 28.0 20.0 c
28.0 20.0 32.0 24.0 d
26.0 24.0 32.0 24.0 c
32.0 24.0 32.0 22.0 c
32.0 22.0 33.0 22.0 c
33.0 22.0 37.0 26.0 c
38.0 26.0 37.0 26.0 d
38.0 26.0 38.0 24.0 c
38.0 24.0 40.0 24.0 c
40.0 24.0 40.0 22.0 c
40.0 22.0 42.0 22.0 c
42.0 22.0 42.0 24.0 c
42.0 24.0 44.0 24.0 c
44.0 24.0 45.0 28.0 d
45.0 28.0 51.0 22.0 c
51.0 22.0 57.0 28.0 c
57.0 28.0 63.0 22.0 c
63.0 22.0 69.0 28.0 c
69.0 28.0 63.0 34.0 c
63.0 34.0 57.0 28.0 c
57.0 28.0 51.0 34.0 c
51.0 34.0 52.0 34.0 c
52.0 34.0 52.0 36.0 c
52.0 36.0 54.0 36.0 c
54.0 36.0 54.0 38.0 c
55.0 39.0 54.0 38.0 d
55.0 39.0 55.0 34.0 c
55.0 34.0 57.0 34.0 c
57.0 34.0 57.0 37.0 c
57.0 37.0 67.0 37.0 c
67.0 37.0 67.0 34.0 c
67.0 34.0 69.0 34.0 c
69.0 34.0 69.0 39.0 c
69.0 39.0 55.0 39.0 c
54.0 38.0 52.0 38.0 c
52.0 38.0 52.0 40.0 c
52.0 40.0 50.0 40.0 c
50.0 40.0 50.0 38.0 c
50.0 38.0 48.0 38.0 c
48.0 38.0 48.0 36.0 c
48.0 36.0 50.0 36.0 c
50.0 36.0 50.0 34.0 c
50.0 34.0 51.0 34.0 c
47.0 34.0 51.0 34.0 d
47.0 34.0 47.0 39.0 c
47.0 39.0 33.0 39.0 c
33.0 39.0 33.0 38.0 c
33.0 38.0 31.0 38.0 c
31.0 38.0 31.0 40.0 c
31.0 40.0 29.0 40.0 c
29.0 40.0 29.0 38.0 c
29.0 38.0 27.0 38.0 c
27.0 38.0 27.0 40.0 c
27.0 40.0 24.0 40.0 c
24.0 40.0 24.0 37.0 c
24.0 37.0 18.0 37.0 c
18.0 37.0 18.0 40.0 c
18.0 40.0 16.0 40.0 c
16.0 40.0 16.0 36.0 c
14.0 34.0 16.0 36.0 d
14.0 34.0 14.0 39.0 c
14.0 39.0 11.0 42.0 d
11.0 42.0 11.0 44.0 c
11.0 44.0 13.0 44.0 c
13.0 44.0 13.0 46.0 c
13.0 46.0 11.0 46.0 c
11.0 46.0 11.0 48.0 c
11.0 48.0 9.0 48.0 c
9.0 48.0 9.0 46.0 c
9.0 46.0 7.0 46.0 c
7.0 46.0 7.0 44.0 c
7.0 44.0 6.0 44.0 d
6.0 44.0 6.0 46.0 c
6.0 46.0 4.0 46.0 c
4.0 46.0 4.0 48.0 c
4.0 48.0 2.0 48.0 c
2.0 48.0 2.0 46.0 c
2.0 46.0 0.0 46.0 c
0.0 46.0 0.0 44.0 c
0.0 44.0 2.0 44.0 c
2.0 44.0 2.0 42.0 c
2.0 42.0 4.0 42.0 c
4.0 42.0 4.0 44.0 c
4.0 44.0 6.0 44.0 c
7.0 44.0 9.0 44.0 c
9.0 44.0 9.0 42.0 c
9.0 42.0 11.0 42.0 c
14.0 39.0 16.0 42.0 d
14.0 42.0 16.0 42.0 c
16.0 42.0 16.0 45.0 c
16.0 45.0 26.0 45.0 c
26.0 45.0 26.0 42.0 c
26.0 42.0 28.0 42.0 c
28.0 42.0 28.0 47.0 c
28.0 47.0 28.0 48.0 d
28.0 48.0 34.0 42.0 c
34.0 42.0 40.0 48.0 c
40.0 48.0 40.0 44.0 c
40.0 44.0 46.0 44.0 c
46.0 44.0 46.0 42.0 c
46.0 42.0 47.0 42.0 c
47.0 42.0 51.0 46.0 c
51.0 46.0 51.0 42.0 c
51.0 42.0 53.0 42.0 c
53.0 42.0 53.0 45.0 c
53.0 45.0 63.0 45.0 c
63.0 45.0 63.0 42.0 c
63.0 42.0 65.0 42.0 c
65.0 42.0 65.0 47.0 c
65.0 47.0 51.0 47.0 c
51.0 47.0 51.0 46.0 c
51.0 46.0 51.0 47.0 d
51.0 47.0 51.0 48.0 c
51.0 48.0 48.0 48.0 c
48.0 48.0 48.0 45.0 c
48.0 45.0 42.0 45.0 c
42.0 45.0 42.0 48.0 c
42.0 48.0 40.0 48.0 c
40.0 48.0 34.0 54.0 c
34.0 54.0 38.0 57.0 d
38.0 57.0 40.0 57.0 c
40.0 57.0 40.0 55.0 c
40.0 55.0 42.0 55.0 c
42.0 55.0 42.0 57.0 c
42.0 57.0 44.0 57.0 c
44.0 57.0 46.0 57.0 c
46.0 57.0 46.0 55.0 c
46.0 55.0 48.0 55.0 c
48.0 55.0 48.0 57.0 c
48.0 57.0 50.0 57.0 c
52.0 57.0 50.0 57.0 d
52.0 57.0 58.0 57.0 c
58.0 57.0 58.0 55.0 c
58.0 55.0 59.0 55.0 c
59.0 55.0 63.0 59.0 c
63.0 59.0 63.0 61.0 c
63.0 61.0 60.0 61.0 c
60.0 61.0 60.0 58.0 c
60.0 58.0 54.0 58.0 c
54.0 58.0 54.0 61.0 c
54.0 61.0 52.0 61.0 c
52.0 61.0 52.0 57.0 c
50.0 57.0 50.0 59.0 c
50.0 59.0 48.0 59.0 c
48.0 59.0 48.0 61.0 c
48.0 61.0 46.0 61.0 c
46.0 61.0 46.0 59.0 c
46.0 59.0 44.0 59.0 c
44.0 59.0 44.0 57.0 c
44.0 57.0 44.0 59.0 d
44.0 59.0 42.0 59.0 c
42.0 59.0 42.0 61.0 c
44.0 63.0 42.0 61.0 d
42.0 63.0 44.0 63.0 c
45.0 63.0 44.0 63.0 d
45.0 63.0 47.0 63.0 c
47.0 63.0 47.0 66.0 c
47.0 66.0 57.0 66.0 c
57.0 66.0 57.0 63.0 c
57.0 63.0 59.0 63.0 c
59.0 63.0 59.0 68.0 c
60.0 69.0 59.0 68.0 d
60.0 69.0 66.0 63.0 c
66.0 63.0 72.0 69.0 c
72.0 69.0 66.0 75.0 c
66.0 75.0 60.0 69.0 c
59.0 68.0 45.0 68.0 c
45.0 68.0 45.0 63.0 c
44.0 63.0 44.0 68.0 c
44.0 68.0 30.0 68.0 c
30.0 68.0 30.0 67.0 c
30.0 67.0 28.0 67.0 c
28.0 67.0 28.0 69.0 c
28.0 69.0 26.0 69.0 c
26.0 69.0 26.0 67.0 c
26.0 67.0 24.0 67.0 c
24.0 67.0 24.0 69.0 c
24.0 69.0 21.0 69.0 c
21.0 69.0 21.0 66.0 c
21.0 66.0 15.0 66.0 c
15.0 66.0 15.0 69.0 c
15.0 69.0 13.0 69.0 c
12.0 69.0 13.0 69.0 d
12.0 69.0 6.0 75.0 c
6.0 75.0 2.0 76.0 d
2.0 76.0 2.0 79.0 c
2.0 79.0 12.0 79.0 c
12.0 79.0 12.0 76.0 c
12.0 76.0 14.0 76.0 c
14.0 76.0 14.0 81.0 c
16.0 82.0 14.0 81.0 d
16.0 82.0 22.0 76.0 c
22.0 76.0 28.0 82.0 c
28.0 82.0 22.0 88.0 c
22.0 88.0 16.0 82.0 c
14.0 81.0 0.0 81.0 c
0.0 81.0 0.0 76.0 c
0.0 76.0 2.0 76.0 c
6.0 75.0 0.0 69.0 c
0.0 69.0 6.0 63.0 c
6.0 63.0 12.0 69.0 c
13.0 69.0 13.0 65.0 c
13.0 65.0 19.0 65.0 c
19.0 65.0 19.0 63.0 c
19.0 63.0 20.0 63.0 c
20.0 63.0 24.0 67.0 c
24.0 67.0 24.0 65.0 c
24.0 65.0 26.0 65.0 c
26.0 65.0 26.0 63.0 c
26.0 63.0 28.0 63.0 c
28.0 63.0 28.0 65.0 c
28.0 65.0 30.0 65.0 c
30.0 65.0 30.0 67.0 c
30.0 67.0 30.0 65.0 d
30.0 65.0 30.0 63.0 c
30.0 63.0 32.0 63.0 c
32.0 63.0 32.0 66.0 c
32.0 66.0 42.0 66.0 c
42.0 66.0 42.0 63.0 c
42.0 61.0 40.0 61.0 c
40.0 61.0 40.0 59.0 c
40.0 59.0 38.0 59.0 c
38.0 59.0 38.0 57.0 c
30.0 57.0 34.0 54.0 d
34.0 55.0 34.0 57.0 c
34.0 57.0 36.0 57.0 c
36.0 57.0 36.0 59.0 c
36.0 59.0 34.0 59.0 c
34.0 59.0 34.0 61.0 c
34.0 61.0 32.0 61.0 c
32.0 61.0 32.0 59.0 c
32.0 59.0 30.0 59.0 c
30.0 59.0 30.0 60.0 c
30.0 60.0 16.0 60.0 c
16.0 60.0 16.0 55.0 c
14.0 55.0 16.0 55.0 d
14.0 55.0 14.0 60.0 c
14.0 60.0 0.0 60.0 c
0.0 60.0 0.0 55.0 c
0.0 55.0 2.0 55.0 c
2.0 55.0 2.0 58.0 c
2.0 58.0 12.0 58.0 c
12.0 58.0 12.0 55.0 c
12.0 55.0 14.0 55.0 c
16.0 55.0 18.0 55.0 c
18.0 55.0 18.0 58.0 c
18.0 58.0 28.0 58.0 c
28.0 58.0 28.0 55.0 c
28.0 55.0 30.0 55.0 c
30.0 55.0 30.0 57.0 c
30.0 57.0 30.0 59.0 c
30.0 59.0 30.0 57.0 d
30.0 57.0 32.0 57.0 c
32.0 57.0 32.0 55.0 c
32.0 55.0 34.0 55.0 c
34.0 54.0 28.0 48.0 c
28.0 47.0 14.0 47.0 c
14.0 47.0 14.0 42.0 c
14.0 39.0 0.0 39.0 c
0.0 39.0 0.0 34.0 c
0.0 34.0 2.0 34.0 c
2.0 34.0 2.0 37.0 c
2.0 37.0 12.0 37.0 c
12.0 37.0 12.0 34.0 c
12.0 34.0 14.0 34.0 c
16.0 36.0 22.0 36.0 c
22.0 36.0 22.0 34.0 c
22.0 34.0 23.0 34.0 c
23.0 34.0 27.0 38.0 c
27.0 38.0 27.0 36.0 c
27.0 36.0 29.0 36.0 c
29.0 36.0 29.0 34.0 c
29.0 34.0 31.0 34.0 c
31.0 34.0 31.0 36.0 c
31.0 36.0 33.0 36.0 c
33.0 36.0 33.0 38.0 c
33.0 38.0 33.0 36.0 d
33.0 36.0 33.0 34.0 c
33.0 34.0 35.0 34.0 c
35.0 34.0 35.0 37.0 c
35.0 37.0 45.0 37.0 c
45.0 37.0 45.0 34.0 c
45.0 34.0 47.0 34.0 c
51.0 34.0 45.0 28.0 c
44.0 24.0 44.0 26.0 c
44.0 26.0 42.0 26.0 c
42.0 26.0 42.0 28.0 c
42.0 28.0 40.0 28.0 c
40.0 28.0 40.0 26.0 c
40.0 26.0 38.0 26.0 c
37.0 26.0 37.0 28.0 c
37.0 28.0 34.0 28.0 c
34.0 28.0 34.0 25.0 c
34.0 25.0 28.0 25.0 c
28.0 25.0 28.0 28.0 c
24.0 28.0 28.0 28.0 d
24.0 26.0 24.0 28.0 c
24.0 28.0 21.0 28.0 c
21.0 28.0 21.0 25.0 c
21.0 25.0 15.0 25.0 c
15.0 25.0 15.0 28.0 c
15.0 28.0 13.0 28.0 c
13.0 28.0 13.0 24.0 c
13.0 24.0 11.0 26.0 d
11.0 26.0 11.0 28.0 c
11.0 28.0 8.0 28.0 c
8.0 28.0 8.0 25.0 c
8.0 25.0 2.0 25.0 c
2.0 25.0 2.0 28.0 c
2.0 28.0 0.0 28.0 c
0.0 28.0 0.0 24.0 c
0.0 24.0 6.0 24.0 c
6.0 24.0 6.0 22.0 c
6.0 22.0 7.0 22.0 c
7.0 22.0 11.0 26.0 c
13.0 24.0 19.0 24.0 c
19.0 24.0 19.0 22.0 c
19.0 22.0 20.0 22.0 c
20.0 22.0 24.0 26.0 c
28.0 28.0 26.0 28.0 c
26.0 28.0 26.0 24.0 c
28.0 20.0 22.0 14.0 c
21.0 10.0 21.0 12.0 c
21.0 12.0 19.0 12.0 c
19.0 12.0 19.0 14.0 c
19.0 14.0 17.0 14.0 c
17.0 14.0 17.0 12.0 c
17.0 12.0 15.0 12.0 c
14.0 13.0 0.0 13.0 c
0.0 13.0 0.0 8.0 c
0.0 8.0 2.0 8.0 c
2.0 8.0 2.0 11.0 c
2.0 11.0 12.0 11.0 c
12.0 11.0 12.0 8.0 c
14.0 5.0 0.0 5.0 c
0.0 5.0 0.0 0.0 c
