Processando arquivo: shapes0_mod_pack.txt

Tempo de Inicio (hh:mm:ss.ms) 2026-04-27 10:05:53.649879
Tempo de Termino (hh:mm:ss.ms) 2026-04-27 10:05:55.413216
Tempo Total (hh:mm:ss.ms) 0:00:01.763337

Função Objetivo: 93.47419576298833

0.0 0.0 1.0276567794663338 0.22311883181366599 d
1.076099035776604 0.0 0.0 4.956374414942049 c
0.0 4.956374414942049 4.08449206689258 8.684461972563268 c
4.08449206689258 8.684461972563268 6.604432781348589 0.8272791851140173 c
6.604432781348589 1.4614781308088345 6.604432781348589 0.8272791851140173 d
6.604432781348589 1.4614781308088345 18.134727971339686 9.732465817996928 c
18.134727971339686 9.732465817996928 21.76574098001302 6.551529582252606 d
21.76574098001302 6.551529582252606 26.034454190357 15.361086159385994 c
26.034454190357 15.361086159385994 28.573580314921536 17.346191035007216 d
28.573580314921536 17.346191035007216 21.76574098001302 21.9126157416386 c
19.245800265557016 24.045548131949264 21.76574098001302 21.9126157416386 d
19.245800265557016 24.045548131949264 21.76574098001302 16.188365344500014 c
21.76574098001302 16.188365344500014 16.237407234441037 15.361086159385994 c
16.237407234441037 15.361086159385994 15.161308198664432 15.361086159385994 d
15.161308198664432 15.361086159385994 1.677607841059217 15.644220622083061 c
1.677607841059217 15.644220622083061 0.0 16.82256429019483 c
0.0 16.82256429019483 11.530295189991095 25.093551977382923 c
11.530295189991095 25.093551977382923 15.161308198664432 15.361086159385994 c
16.237407234441037 15.361086159385994 15.161308198664434 20.317460574328045 c
15.161308198664434 20.317460574328045 19.245800265557016 24.045548131949264 c
21.76574098001302 21.9126157416386 26.034454190357 30.72217231877199 c
26.034454190357 30.72217231877199 28.600039279501722 25.47308396780616 c
28.600039279501722 25.47308396780616 34.71438161092024 23.712288967730522 c
34.71438161092024 23.712288967730522 34.71438161092024 21.9126157416386 d
34.71438161092024 21.9126157416386 38.983094821264224 30.72217231877199 c
38.983094821264224 30.72217231877199 38.06562528488375 31.005306781469056 d
38.06562528488375 31.005306781469056 36.38801744382454 32.183650449580824 c
36.38801744382454 32.183650449580824 36.045441225702405 31.612018581094688 d
36.045441225702405 31.612018581094688 31.460980194191947 30.72217231877199 c
31.460980194191947 30.72217231877199 30.24721614782583 32.70727719439321 c
30.24721614782583 32.70727719439321 23.439376812917317 37.273701901024594 c
23.439376812917317 39.07337512711652 23.439376812917317 37.273701901024594 d
23.439376812917317 39.07337512711652 23.09680059479519 31.612018581094688 c
23.09680059479519 31.612018581094688 18.51233956328473 30.72217231877199 c
18.51233956328473 30.72217231877199 17.298575516918614 32.70727719439321 c
17.298575516918614 32.70727719439321 10.490736182010101 37.273701901024594 c
10.490736182010101 37.273701901024594 10.490736182010101 34.97590145097543 d
10.490736182010101 34.97590145097543 6.018340064266564 35.32155383692941 c
6.018340064266564 35.32155383692941 5.253628038022571 30.72217231877199 c
5.253628038022571 30.72217231877199 2.7421340916080497 35.04298750868003 c
2.7421340916080497 35.04298750868003 0.0 33.47564390996715 c
0.0 33.47564390996715 2.5576082392431494 35.360448797793325 c
2.5576082392431494 35.360448797793325 2.0816116038161696 36.1793611808529 c
2.0816116038161696 36.1793611808529 3.6390514022190916 36.15740797559392 c
3.6390514022190916 36.15740797559392 5.305200912690394 37.38526089419212 c
5.305200912690394 37.38526089419212 7.513247514352297 45.009840851214015 c
5.253628038022571 46.08325847815799 7.513247514352297 45.009840851214015 d
5.253628038022571 46.08325847815799 2.7421340916080497 50.404073668066026 c
2.7421340916080497 50.404073668066026 0.0 48.83673006935314 c
0.0 48.83673006935314 2.5576082392431494 50.72153495717932 c
2.5576082392431494 50.72153495717932 2.0816116038161696 51.5404473402389 c
2.0816116038161696 51.5404473402389 3.6390514022190916 51.51849413497992 c
3.6390514022190916 51.51849413497992 5.305200912690394 52.74634705357812 c
5.305200912690394 52.74634705357812 7.513247514352297 60.37092701060001 c
7.513247514352297 60.37092701060001 10.490736182010101 50.336987610361426 c
10.490736182010101 50.336987610361426 10.490736182010101 52.63478806041059 d
10.490736182010101 52.63478806041059 14.759449392354082 61.44434463754398 c
15.161308198664432 61.44434463754398 14.759449392354082 61.44434463754398 d
15.161308198664432 61.44434463754398 1.677607841059217 61.72747910024104 c
1.677607841059217 61.72747910024104 0.0 62.905822768352806 c
0.0 62.905822768352806 11.530295189991095 71.1768104555409 c
11.530295189991095 71.1768104555409 15.161308198664432 61.44434463754398 c
14.759449392354082 61.44434463754398 17.325034481498804 56.19525628657816 c
17.325034481498804 56.19525628657816 23.439376812917317 54.43446128650251 c
23.439376812917317 54.43446128650251 23.09680059479519 46.973104740480686 c
24.515475848693917 46.08325847815799 23.09680059479519 46.973104740480686 d
24.515475848693917 46.08325847815799 23.439376812917317 51.039632893100034 c
23.439376812917317 51.039632893100034 27.523868879809896 54.76772045072126 c
27.523868879809896 54.76772045072126 30.043809594265905 52.63478806041059 d
30.043809594265905 52.63478806041059 34.312522804609884 61.44434463754398 c
33.36357686759422 61.44434463754398 34.312522804609884 61.44434463754398 d
33.36357686759422 61.44434463754398 30.8520829211797 65.76515982745201 c
30.8520829211797 65.76515982745201 28.10994882957165 64.19781622873913 c
27.76737261144952 62.334190899866684 28.10994882957165 64.19781622873913 d
27.76737261144952 62.334190899866684 23.18291157993906 61.444344637543985 c
23.18291157993906 61.444344637543985 21.969147533572944 63.4294495131652 c
21.969147533572944 63.4294495131652 15.161308198664432 67.99587421979659 c
15.161308198664432 67.99587421979659 19.43002140900841 76.80543079692998 c
19.43002140900841 76.80543079692998 21.995606498153133 71.55634244596415 c
21.995606498153133 71.55634244596415 28.10994882957165 69.79554744588852 c
28.10994882957165 69.79554744588852 27.76737261144952 62.334190899866684 c
28.10994882957165 64.19781622873913 30.6675570688148 66.0826211165653 c
30.6675570688148 66.0826211165653 30.19156043338782 66.90153349962489 c
30.19156043338782 66.90153349962489 31.749000231790742 66.87958029436591 c
31.749000231790742 66.87958029436591 33.415149742262045 68.10743321296411 c
33.415149742262045 68.10743321296411 35.62319634392395 75.732013169986 c
35.29743763228848 76.80543079692997 35.62319634392395 75.732013169986 d
35.29743763228848 76.80543079692997 32.78594368587395 81.126245986838 c
32.78594368587395 81.126245986838 30.043809594265905 79.55890238812512 c
29.701233376143776 77.69527705925267 30.043809594265905 79.55890238812512 d
29.701233376143776 77.69527705925267 25.11677234463332 76.80543079692998 c
25.11677234463332 76.80543079692998 23.903008298267203 78.7905356725512 c
23.903008298267203 78.7905356725512 17.095168963358688 83.35696037918258 c
17.095168963358688 83.35696037918258 17.095168963358688 81.05915992913341 d
17.095168963358688 81.05915992913341 12.622772845615152 81.40481231508738 c
12.622772845615152 81.40481231508738 11.85806081937116 76.80543079692997 c
11.85806081937116 76.80543079692997 9.346566872956638 81.126245986838 c
9.346566872956638 81.126245986838 6.604432781348589 79.55890238812512 c
6.604432781348589 79.55890238812512 6.604432781348589 77.63270998204399 d
6.604432781348589 77.63270998204399 1.076099035776604 76.80543079692997 c
1.076099035776604 76.80543079692997 0.0 81.76180521187202 c
0.0 81.76180521187202 4.08449206689258 85.48989276949324 c
4.08449206689258 85.48989276949324 6.604432781348589 77.63270998204399 c
6.604432781348589 79.55890238812512 9.162041020591738 81.4437072759513 c
9.162041020591738 81.4437072759513 8.686044385164758 82.26261965901088 c
8.686044385164758 82.26261965901088 10.24348418356768 82.2406664537519 c
10.24348418356768 82.2406664537519 11.909633694038982 83.4685193723501 c
11.909633694038982 83.4685193723501 14.117680295700886 91.093099329372 c
14.117680295700886 91.093099329372 12.606064412785088 93.05636321863867 d
12.606064412785088 93.05636321863867 8.021603381274629 92.16651695631597 c
12.606064412785088 93.05636321863867 12.948640630907217 94.91998854751111 d
12.948640630907217 94.91998854751111 15.506248870150367 96.80479343533729 c
15.506248870150367 96.80479343533729 15.030252234723388 97.62370581839687 c
15.030252234723388 97.62370581839687 16.58769203312631 97.60175261313789 c
16.58769203312631 97.60175261313789 18.25384154359761 98.82960553173609 c
18.25384154359761 98.82960553173609 20.461888145259515 106.45418548875799 c
20.461888145259515 106.45418548875799 23.439376812917317 96.4202460885194 c
23.439376812917317 96.4202460885194 23.439376812917317 94.91998854751111 d
23.439376812917317 94.91998854751111 25.99698505216047 96.80479343533729 c
25.99698505216047 96.80479343533729 25.520988416733488 97.62370581839687 c
25.520988416733488 97.62370581839687 27.07842821513641 97.60175261313789 c
27.07842821513641 97.60175261313789 28.744577725607712 98.82960553173609 c
28.744577725607712 98.82960553173609 30.952624327269614 106.45418548875799 c
30.952624327269614 106.45418548875799 33.93011299492742 96.4202460885194 c
33.93011299492742 97.122891371258 33.93011299492742 96.4202460885194 d
33.93011299492742 97.122891371258 38.01460506182 100.85097892887923 c
38.01460506182 100.85097892887923 40.534545776276005 92.99379614142998 c
41.610644812052605 92.16651695631596 40.534545776276005 92.99379614142998 d
41.610644812052605 92.16651695631596 40.534545776276005 97.122891371258 c
40.534545776276005 97.122891371258 44.619037843168584 100.85097892887923 c
44.619037843168584 100.85097892887923 47.13897855762459 92.99379614142998 c
47.1389785576246 94.91998854751111 47.13897855762459 92.99379614142998 d
47.1389785576246 94.91998854751111 49.69658679686774 96.80479343533729 c
49.69658679686774 96.80479343533729 49.22059016144076 97.62370581839687 c
49.22059016144076 97.62370581839687 50.778029959843686 97.60175261313789 c
50.778029959843686 97.60175261313789 52.444179470314985 98.82960553173609 c
52.444179470314985 98.82960553173609 54.65222607197689 106.45418548875799 c
54.65222607197689 106.45418548875799 57.62971473963469 96.4202460885194 c
57.62971473963469 96.4202460885194 53.15731862189116 96.76589847447337 c
53.15731862189116 96.76589847447337 52.392606595647166 92.16651695631596 c
52.392606595647166 92.16651695631596 49.88111264923264 96.48733214622399 c
49.88111264923264 96.48733214622399 47.1389785576246 94.91998854751111 c
47.13897855762459 92.99379614142998 41.610644812052605 92.16651695631596 c
40.534545776276005 92.99379614142998 35.00621203070402 92.16651695631596 c
35.00621203070402 92.16651695631596 33.93011299492742 97.122891371258 c
33.93011299492742 96.4202460885194 29.45771687718388 96.76589847447337 c
29.45771687718388 96.76589847447337 28.693004850939886 92.16651695631596 c
28.693004850939886 92.16651695631596 26.181510904525368 96.48733214622399 c
26.181510904525368 96.48733214622399 23.439376812917317 94.91998854751111 c
23.439376812917317 96.4202460885194 18.96698069517378 96.76589847447337 c
18.96698069517378 96.76589847447337 18.20226866892979 92.16651695631596 c
18.20226866892979 92.16651695631596 15.690774722515268 96.48733214622399 c
15.690774722515268 96.48733214622399 12.948640630907217 94.91998854751111 c
8.021603381274629 92.16651695631597 6.807839334908513 94.15162183193719 c
6.807839334908513 94.15162183193719 0.0 98.71804653856857 c
0.0 98.71804653856857 4.2687132103439795 107.52760311570196 c
4.2687132103439795 107.52760311570196 6.834298299488701 102.27851476473613 c
6.834298299488701 102.27851476473613 12.948640630907217 100.5177197646605 c
12.948640630907217 100.5177197646605 12.606064412785088 93.05636321863867 c
14.117680295700886 91.093099329372 17.095168963358688 81.05915992913341 c
17.095168963358688 83.35696037918258 21.363882173702667 92.16651695631597 c
21.363882173702667 92.16651695631597 23.92946726284739 86.91742860535014 c
23.92946726284739 86.91742860535014 30.043809594265905 85.15663360527451 c
30.043809594265905 85.15663360527451 29.701233376143776 77.69527705925267 c
30.043809594265905 79.55890238812512 32.60141783350905 81.4437072759513 c
32.60141783350905 81.4437072759513 32.12542119808207 82.26261965901088 c
32.12542119808207 82.26261965901088 33.682860996485 82.2406664537519 c
33.682860996485 82.2406664537519 35.3490105069563 83.4685193723501 c
35.3490105069563 83.4685193723501 37.5570571086182 91.093099329372 c
37.5570571086182 91.093099329372 40.534545776276005 81.05915992913341 c
40.534545776276005 81.05915992913341 36.06214965853247 81.40481231508738 c
36.06214965853247 81.40481231508738 35.29743763228848 76.80543079692997 c
35.62319634392395 75.732013169986 38.60068501158175 65.69807376974742 c
38.60068501158175 64.19781622873913 38.60068501158175 65.69807376974742 d
38.60068501158175 64.19781622873913 41.1582932508249 66.0826211165653 c
41.1582932508249 66.0826211165653 40.68229661539792 66.90153349962489 c
40.68229661539792 66.90153349962489 42.23973641380084 66.87958029436591 c
42.23973641380084 66.87958029436591 43.90588592427214 68.10743321296411 c
43.90588592427214 68.10743321296411 46.11393252593405 75.732013169986 c
46.11393252593405 75.732013169986 49.09142119359185 65.69807376974742 c
49.09142119359185 65.69807376974742 49.091421193591856 67.99587421979659 d
49.091421193591856 67.99587421979659 53.36013440393584 76.80543079692998 c
55.695853974940434 76.80543079692997 53.36013440393584 76.80543079692998 d
55.695853974940434 76.80543079692997 42.21215361733522 77.08856525962705 c
42.21215361733522 77.08856525962705 40.534545776276005 78.26690892773881 c
40.534545776276005 78.26690892773881 52.0648409662671 86.5378966149269 c
52.0648409662671 86.5378966149269 55.695853974940434 76.80543079692997 c
53.36013440393584 76.80543079692998 55.92571949308056 71.55634244596415 c
55.92571949308056 71.55634244596415 62.04006182449908 69.79554744588852 c
62.04006182449908 69.79554744588852 61.697485606376944 62.334190899866684 c
62.04006182449908 64.19781622873913 61.697485606376944 62.334190899866684 d
62.04006182449908 64.19781622873913 64.59767006374223 66.0826211165653 c
64.59767006374223 66.0826211165653 64.12167342831525 66.90153349962489 c
64.12167342831525 66.90153349962489 65.67911322671816 66.87958029436591 c
65.67911322671816 66.87958029436591 67.34526273718947 68.10743321296411 c
67.34526273718947 68.10743321296411 69.55330933885136 75.732013169986 c
68.30191838772552 77.69527705925267 69.55330933885136 75.732013169986 d
68.30191838772552 77.69527705925267 63.717457356215064 76.80543079692998 c
63.717457356215064 76.80543079692998 62.50369330984895 78.7905356725512 c
62.50369330984895 78.7905356725512 55.695853974940434 83.35696037918258 c
55.695853974940434 83.35696037918258 59.964567185284416 92.16651695631597 c
59.964567185284416 92.16651695631597 62.530152274429135 86.91742860535014 c
62.530152274429135 86.91742860535014 68.64449460584765 85.15663360527451 c
68.64449460584765 85.15663360527451 68.30191838772552 77.69527705925267 c
69.55330933885136 75.732013169986 72.53079800650917 65.69807376974742 c
72.53079800650917 65.69807376974742 68.05840188876564 66.04372615570139 c
68.05840188876564 66.04372615570139 67.29368986252165 61.44434463754398 c
67.29368986252165 61.44434463754398 64.78219591610713 65.76515982745201 c
64.78219591610713 65.76515982745201 62.04006182449908 64.19781622873913 c
61.697485606376944 62.334190899866684 57.113024574866486 61.444344637543985 c
57.113024574866486 61.444344637543985 57.110130520874 60.37092701060001 d
57.110130520874 60.37092701060001 60.087619188531804 50.336987610361426 c
60.087619188531804 50.336987610361426 55.61522307078827 50.68263999631541 c
55.61522307078827 50.68263999631541 54.85051104454428 46.08325847815799 c
54.85051104454428 46.08325847815799 52.33901709812975 50.404073668066026 c
52.33901709812975 50.404073668066026 49.59688300652171 48.83673006935314 c
49.59688300652171 48.83673006935314 52.15449124576485 50.72153495717932 c
52.15449124576485 50.72153495717932 51.67849461033787 51.5404473402389 c
51.67849461033787 51.5404473402389 53.235934408740796 51.51849413497992 c
53.235934408740796 51.51849413497992 54.902083919212096 52.74634705357812 c
54.902083919212096 52.74634705357812 57.110130520874 60.37092701060001 c
57.113024574866486 61.444344637543985 55.89926052850037 63.4294495131652 c
55.89926052850037 63.4294495131652 49.091421193591856 67.99587421979659 c
49.09142119359185 65.69807376974742 44.61902507584831 66.04372615570139 c
44.61902507584831 66.04372615570139 43.85431304960432 61.44434463754398 c
43.85431304960432 61.44434463754398 41.3428191031898 65.76515982745201 c
41.3428191031898 65.76515982745201 38.60068501158175 64.19781622873913 c
38.60068501158175 65.69807376974742 34.12828889383822 66.04372615570139 c
34.12828889383822 66.04372615570139 33.36357686759422 61.44434463754398 c
34.312522804609884 61.44434463754398 36.8781078937546 56.19525628657816 c
36.8781078937546 56.19525628657816 42.99245022517312 54.43446128650251 c
42.99245022517312 54.43446128650251 42.649874007051 46.973104740480686 c
44.06854926094972 46.08325847815799 42.649874007051 46.973104740480686 d
44.06854926094972 46.08325847815799 42.99245022517312 51.039632893100034 c
42.99245022517312 51.039632893100034 47.0769422920657 54.76772045072126 c
47.0769422920657 54.76772045072126 49.59688300652171 46.910537663272 c
49.59688300652171 46.910537663272 44.06854926094972 46.08325847815799 c
42.649874007051 46.973104740480686 38.06541297554053 46.08325847815799 c
38.06541297554053 46.08325847815799 36.85164892917442 48.068363353779205 c
36.85164892917442 48.068363353779205 30.043809594265905 52.63478806041059 c
27.523868879809896 54.76772045072126 30.043809594265902 46.910537663272 c
30.043809594265902 46.910537663272 24.515475848693917 46.08325847815799 c
23.09680059479519 46.973104740480686 18.51233956328473 46.08325847815799 c
18.51233956328473 46.08325847815799 17.298575516918614 48.068363353779205 c
17.298575516918614 48.068363353779205 10.490736182010101 52.63478806041059 c
10.490736182010101 50.336987610361426 6.018340064266564 50.68263999631541 c
6.018340064266564 50.68263999631541 5.253628038022571 46.08325847815799 c
7.513247514352297 45.009840851214015 10.490736182010101 34.97590145097543 c
10.490736182010101 37.273701901024594 14.759449392354082 46.08325847815799 c
14.759449392354082 46.08325847815799 17.325034481498804 40.83417012719216 c
17.325034481498804 40.83417012719216 23.439376812917317 39.07337512711652 c
23.439376812917317 37.273701901024594 27.708090023261295 46.08325847815799 c
27.708090023261295 46.08325847815799 30.273675112406018 40.83417012719216 c
30.273675112406018 40.83417012719216 36.38801744382454 39.07337512711652 c
36.38801744382454 39.07337512711652 36.045441225702405 31.612018581094688 c
36.38801744382454 32.183650449580824 47.91831263381563 40.45463813676892 c
47.91831263381563 40.45463813676892 51.54932564248897 30.72217231877199 c
51.54932564248897 30.72217231877199 51.54932564248897 33.47564390996715 d
51.54932564248897 33.47564390996715 54.10693388173211 35.360448797793325 c
54.10693388173211 35.360448797793325 53.63093724630513 36.1793611808529 c
53.63093724630513 36.1793611808529 55.188377044708055 36.15740797559392 c
55.188377044708055 36.15740797559392 56.854526555179355 37.38526089419212 c
56.854526555179355 37.38526089419212 59.06257315684126 45.009840851214015 c
60.08761918853182 47.544736608966815 59.06257315684126 45.009840851214015 d
60.08761918853182 47.544736608966815 71.61791437852291 55.81572429615491 c
71.61791437852291 55.81572429615491 75.24892738719625 46.08325847815799 c
75.24892738719625 46.08325847815799 61.76522702959103 46.36639294085505 c
61.76522702959103 46.36639294085505 60.08761918853182 47.544736608966815 c
59.06257315684126 45.009840851214015 62.04006182449906 34.97590145097543 c
62.04006182449908 35.678546733714036 62.04006182449906 34.97590145097543 d
62.04006182449908 35.678546733714036 66.12455389139166 39.40663429133526 c
66.12455389139166 39.40663429133526 68.64449460584767 31.549451503886004 c
68.64449460584767 31.549451503886004 63.11616086027568 30.72217231877199 c
63.11616086027568 30.72217231877199 62.04006182449908 35.678546733714036 c
62.04006182449906 34.97590145097543 57.56766570675553 35.32155383692941 c
57.56766570675553 35.32155383692941 56.802953680511536 30.72217231877199 c
55.17626975617976 29.64875469182802 56.802953680511536 30.72217231877199 d
55.17626975617976 29.64875469182802 58.15375842383756 19.614815291589434 c
58.153758423837566 18.11455775058115 58.15375842383756 19.614815291589434 d
58.153758423837566 18.11455775058115 60.71136666308071 19.999362638407327 c
60.71136666308071 19.999362638407327 60.23537002765373 20.818275021466903 c
60.23537002765373 20.818275021466903 61.792809826056654 20.79632181620793 c
61.792809826056654 20.79632181620793 63.458959336527954 22.024174734806127 c
63.458959336527954 22.024174734806127 65.66700593818986 29.64875469182802 c
65.66700593818986 29.64875469182802 68.64449460584767 19.614815291589434 c
68.64449460584767 19.614815291589434 64.17209848810413 19.960467677543413 c
64.17209848810413 19.960467677543413 63.407386461860135 15.361086159385994 c
63.407386461860135 15.361086159385994 60.89589251544561 19.681901349294034 c
60.89589251544561 19.681901349294034 58.153758423837566 18.11455775058115 c
58.15375842383756 19.614815291589434 53.68136230609402 19.960467677543413 c
53.68136230609402 19.960467677543413 52.91665027985003 15.361086159385994 c
52.91665027985003 15.361086159385994 50.40515633343551 19.681901349294034 c
50.40515633343551 19.681901349294034 47.66302224182746 18.11455775058115 c
47.66302224182746 18.11455775058115 50.22063048107061 19.999362638407327 c
50.22063048107061 19.999362638407327 49.74463384564363 20.818275021466903 c
49.74463384564363 20.818275021466903 51.30207364404655 20.79632181620793 c
51.30207364404655 20.79632181620793 52.96822315451785 22.024174734806127 c
52.96822315451785 22.024174734806127 55.17626975617976 29.64875469182802 c
56.802953680511536 30.72217231877199 54.29145973409701 35.04298750868003 c
54.29145973409701 35.04298750868003 51.54932564248897 33.47564390996715 c
51.54932564248897 30.72217231877199 38.06562528488375 31.005306781469056 c
38.983094821264224 30.72217231877199 41.54867991040894 25.47308396780616 c
41.54867991040894 25.47308396780616 47.66302224182746 23.712288967730522 c
47.66302224182746 23.712288967730522 47.32044602370533 16.250932421708693 c
47.32044602370533 16.250932421708693 42.73598499219487 15.361086159385994 c
42.73598499219487 15.361086159385994 41.52222094582876 17.346191035007216 c
41.52222094582876 17.346191035007216 34.71438161092024 21.9126157416386 c
34.71438161092024 23.712288967730522 34.37180539279811 16.250932421708693 c
34.37180539279811 16.250932421708693 29.78734436128765 15.361086159385994 c
29.78734436128765 15.361086159385994 28.573580314921536 17.346191035007216 c
26.034454190357 15.361086159385994 28.600039279501722 10.111997808420167 c
28.600039279501722 10.111997808420167 34.71438161092024 8.351202808344528 c
34.71438161092024 8.351202808344528 34.37180539279811 0.8898462623226995 c
34.71438161092024 1.4614781308088345 34.37180539279811 0.8898462623226995 d
34.71438161092024 1.4614781308088345 46.244676800911336 9.732465817996928 c
46.244676800911336 9.732465817996928 49.87568980958467 0.0 c
49.87568980958467 0.0 49.87568980958467 2.7534715911951544 d
49.87568980958467 2.7534715911951544 52.433298048827815 4.638276479021334 c
52.433298048827815 4.638276479021334 51.957301413400835 5.457188862080909 c
51.957301413400835 5.457188862080909 53.51474121180376 5.435235656821933 c
53.51474121180376 5.435235656821933 55.18089072227506 6.663088575420133 c
55.18089072227506 6.663088575420133 57.388937323936965 14.287668532442027 c
57.388937323936965 14.287668532442027 60.36642599159477 4.253729132203439 c
60.36642599159478 4.956374414942049 60.36642599159477 4.253729132203439 d
60.36642599159478 4.956374414942049 64.45091805848736 8.684461972563268 c
64.45091805848736 8.684461972563268 66.97085877294337 0.8272791851140173 c
66.97085877294337 0.8272791851140173 61.44252502737138 0.0 c
61.44252502737138 0.0 60.36642599159478 4.956374414942049 c
60.36642599159477 4.253729132203439 55.89402987385123 4.59938151815742 c
55.89402987385123 4.59938151815742 55.12931784760724 0.0 c
55.12931784760724 0.0 52.617823901192715 4.320815189908039 c
52.617823901192715 4.320815189908039 49.87568980958467 2.7534715911951544 c
49.87568980958467 0.0 36.391989451979455 0.2831344626970669 c
36.391989451979455 0.2831344626970669 34.71438161092024 1.4614781308088345 c
34.37180539279811 0.8898462623226995 29.78734436128765 0.0 c
29.78734436128765 0.0 28.573580314921536 1.9851048756212206 c
28.573580314921536 1.9851048756212206 21.76574098001302 6.551529582252606 c
18.134727971339686 9.732465817996928 21.76574098001302 0.0 c
21.76574098001302 0.0 8.282040622407806 0.2831344626970669 c
8.282040622407806 0.2831344626970669 6.604432781348589 1.4614781308088345 c
6.604432781348589 0.8272791851140173 1.076099035776604 0.0 c
1.0276567794663338 0.22311883181366599 0.0 0.0 d
