Processando arquivo: shapes0_sep.txt

Tempo de Inicio (hh:mm:ss.ms) 2026-04-27 10:10:13.435478
Tempo de Termino (hh:mm:ss.ms) 2026-04-27 10:10:16.230468
Tempo Total (hh:mm:ss.ms) 0:00:02.794990

Função Objetivo: 85.64000000000004

0.0 0.0 2.0 0.0 c
2.0 0.0 2.0 3.0 c
2.0 3.0 12.0 3.0 c
12.0 3.0 12.0 0.0 c
12.0 0.0 14.0 0.0 c
14.0 0.0 14.0 2.0 c
14.0 2.0 16.0 2.0 c
16.0 2.0 16.0 0.0 c
16.0 0.0 18.0 0.0 c
18.0 0.0 18.0 2.0 c
18.0 2.0 20.0 2.0 c
20.0 2.0 20.0 4.0 c
20.0 4.0 22.0 4.0 d
22.0 2.0 24.0 2.0 c
24.0 2.0 24.0 0.0 c
24.0 0.0 26.0 0.0 c
26.0 0.0 26.0 2.0 c
26.0 2.0 28.0 2.0 c
28.0 2.0 34.0 2.0 c
34.0 2.0 34.0 0.0 c
34.0 0.0 35.0 0.0 c
35.0 0.0 39.0 4.0 c
36.0 6.0 39.0 4.0 d
39.0 4.0 39.0 2.0 c
39.0 2.0 41.0 2.0 c
41.0 2.0 41.0 0.0 c
41.0 0.0 43.0 0.0 c
43.0 0.0 43.0 2.0 c
43.0 2.0 45.0 2.0 c
45.0 2.0 47.0 2.0 c
47.0 2.0 47.0 0.0 c
47.0 0.0 49.0 0.0 c
49.0 0.0 49.0 2.0 c
49.0 2.0 51.0 2.0 c
51.0 2.0 51.0 4.0 c
53.0 6.0 51.0 4.0 d
53.0 6.0 59.0 0.0 c
59.0 0.0 65.0 6.0 c
65.0 6.0 59.0 12.0 c
59.0 12.0 58.0 15.0 d
58.0 15.0 64.0 15.0 c
64.0 15.0 64.0 13.0 c
64.0 13.0 65.0 13.0 c
65.0 13.0 69.0 17.0 c
69.0 17.0 69.0 19.0 c
69.0 19.0 66.0 19.0 c
66.0 19.0 66.0 16.0 c
66.0 16.0 60.0 16.0 c
60.0 16.0 60.0 19.0 c
60.0 19.0 58.0 19.0 c
58.0 19.0 57.0 19.0 d
57.0 19.0 51.0 25.0 c
51.0 25.0 45.0 19.0 c
43.0 19.0 45.0 19.0 d
43.0 19.0 37.0 25.0 c
37.0 25.0 37.0 27.0 d
35.0 27.0 37.0 27.0 c
38.0 27.0 37.0 27.0 d
38.0 27.0 40.0 27.0 c
40.0 27.0 40.0 30.0 c
40.0 30.0 50.0 30.0 c
50.0 30.0 50.0 27.0 c
50.0 27.0 52.0 27.0 c
52.0 27.0 52.0 32.0 c
52.0 32.0 54.0 31.0 d
54.0 31.0 54.0 29.0 c
54.0 29.0 56.0 29.0 c
56.0 29.0 56.0 27.0 c
56.0 27.0 58.0 27.0 c
58.0 27.0 58.0 29.0 c
58.0 29.0 60.0 29.0 c
61.0 29.0 60.0 29.0 d
61.0 29.0 63.0 29.0 c
63.0 29.0 63.0 27.0 c
63.0 27.0 65.0 27.0 c
65.0 27.0 65.0 29.0 c
65.0 29.0 67.0 29.0 c
69.0 29.0 67.0 29.0 d
69.0 29.0 71.0 29.0 c
71.0 29.0 71.0 27.0 c
71.0 27.0 73.0 27.0 c
73.0 27.0 73.0 29.0 c
73.0 29.0 75.0 29.0 c
75.0 29.0 75.0 31.0 c
75.0 31.0 73.0 31.0 c
73.0 31.0 73.0 33.0 c
73.0 33.0 71.0 33.0 c
72.0 35.0 71.0 33.0 d
72.0 35.0 74.0 35.0 c
74.0 35.0 74.0 37.0 c
74.0 37.0 76.0 37.0 c
76.0 37.0 76.0 39.0 c
76.0 39.0 74.0 39.0 c
74.0 39.0 74.0 41.0 c
74.0 41.0 72.0 41.0 c
72.0 41.0 72.0 39.0 c
72.0 39.0 70.0 39.0 c
70.0 39.0 70.0 37.0 c
70.0 37.0 72.0 37.0 c
72.0 37.0 72.0 35.0 c
71.0 33.0 71.0 31.0 c
71.0 31.0 69.0 31.0 c
69.0 31.0 69.0 29.0 c
67.0 29.0 67.0 31.0 c
67.0 31.0 65.0 31.0 c
65.0 31.0 65.0 33.0 c
65.0 33.0 64.0 35.0 d
63.0 35.0 64.0 35.0 c
64.0 35.0 68.0 39.0 c
68.0 39.0 68.0 41.0 c
68.0 41.0 72.0 45.0 c
72.0 45.0 72.0 47.0 c
72.0 47.0 69.0 47.0 c
69.0 47.0 69.0 44.0 c
69.0 44.0 63.0 44.0 c
63.0 44.0 63.0 47.0 c
63.0 47.0 61.0 47.0 c
61.0 47.0 61.0 43.0 c
61.0 43.0 67.0 43.0 c
67.0 43.0 67.0 41.0 c
67.0 41.0 68.0 41.0 c
68.0 41.0 67.0 41.0 d
67.0 41.0 65.0 41.0 c
65.0 41.0 65.0 38.0 c
65.0 38.0 59.0 38.0 c
59.0 38.0 59.0 41.0 c
59.0 41.0 57.0 41.0 c
56.0 39.0 57.0 41.0 d
56.0 41.0 55.0 41.0 c
55.0 41.0 56.0 41.0 d
56.0 41.0 60.0 45.0 c
60.0 45.0 60.0 47.0 c
60.0 47.0 57.0 47.0 c
57.0 47.0 57.0 44.0 c
57.0 44.0 51.0 44.0 c
51.0 44.0 51.0 47.0 c
51.0 47.0 49.0 47.0 c
49.0 47.0 49.0 46.0 c
49.0 46.0 49.0 43.0 c
49.0 43.0 55.0 43.0 c
55.0 43.0 55.0 41.0 c
55.0 41.0 53.0 41.0 c
53.0 41.0 53.0 38.0 c
53.0 38.0 47.0 38.0 c
47.0 38.0 47.0 41.0 c
47.0 41.0 49.0 41.0 c
49.0 41.0 49.0 43.0 c
49.0 43.0 49.0 46.0 d
49.0 46.0 35.0 46.0 c
35.0 46.0 35.0 45.0 c
35.0 45.0 35.0 43.0 c
35.0 43.0 35.0 41.0 c
35.0 41.0 37.0 41.0 c
37.0 41.0 37.0 44.0 c
37.0 44.0 47.0 44.0 c
47.0 44.0 47.0 41.0 c
47.0 41.0 45.0 41.0 c
43.0 41.0 45.0 41.0 d
43.0 39.0 43.0 41.0 c
43.0 41.0 40.0 41.0 c
40.0 41.0 40.0 38.0 c
40.0 38.0 34.0 38.0 c
34.0 38.0 34.0 41.0 c
34.0 41.0 33.0 41.0 c
33.0 41.0 33.0 43.0 c
33.0 43.0 35.0 43.0 c
35.0 43.0 35.0 45.0 d
35.0 45.0 33.0 45.0 c
33.0 45.0 33.0 47.0 c
33.0 47.0 31.0 47.0 c
31.0 47.0 31.0 45.0 c
31.0 45.0 29.0 45.0 c
29.0 45.0 29.0 43.0 c
29.0 43.0 31.0 43.0 c
31.0 43.0 31.0 41.0 c
30.0 40.0 31.0 41.0 d
30.0 40.0 16.0 40.0 c
14.0 40.0 16.0 40.0 d
14.0 40.0 0.0 40.0 c
0.0 41.0 0.0 40.0 d
0.0 41.0 2.0 41.0 c
2.0 41.0 2.0 44.0 c
2.0 44.0 12.0 44.0 c
12.0 44.0 12.0 41.0 c
12.0 41.0 14.0 41.0 c
14.0 41.0 14.0 46.0 c
16.0 47.0 14.0 46.0 d
16.0 47.0 22.0 41.0 c
22.0 41.0 28.0 47.0 c
28.0 47.0 22.0 53.0 c
22.0 53.0 20.0 54.0 d
20.0 54.0 26.0 60.0 c
26.0 60.0 28.0 60.0 d
28.0 60.0 28.0 58.0 c
28.0 58.0 26.0 58.0 c
26.0 58.0 26.0 56.0 c
26.0 56.0 28.0 56.0 c
28.0 56.0 28.0 54.0 c
28.0 54.0 30.0 54.0 c
30.0 54.0 30.0 56.0 c
30.0 56.0 32.0 56.0 c
32.0 56.0 32.0 58.0 c
33.0 59.0 32.0 58.0 d
33.0 59.0 33.0 54.0 c
33.0 54.0 35.0 54.0 c
35.0 54.0 35.0 57.0 c
35.0 57.0 45.0 57.0 c
45.0 57.0 45.0 54.0 c
45.0 54.0 47.0 54.0 c
47.0 54.0 47.0 59.0 c
47.0 59.0 49.0 60.0 d
49.0 60.0 49.0 56.0 c
49.0 56.0 55.0 56.0 c
55.0 56.0 55.0 54.0 c
55.0 54.0 56.0 54.0 c
56.0 54.0 60.0 58.0 c
60.0 58.0 60.0 56.0 c
60.0 56.0 66.0 56.0 c
66.0 56.0 66.0 54.0 c
66.0 54.0 67.0 54.0 c
67.0 54.0 71.0 58.0 c
71.0 58.0 71.0 60.0 c
71.0 60.0 68.0 60.0 c
68.0 60.0 68.0 57.0 c
68.0 57.0 62.0 57.0 c
62.0 57.0 62.0 60.0 c
62.0 60.0 60.0 60.0 c
60.0 60.0 60.0 58.0 c
60.0 58.0 60.0 60.0 d
60.0 60.0 57.0 60.0 c
57.0 60.0 57.0 57.0 c
57.0 57.0 51.0 57.0 c
51.0 57.0 51.0 60.0 c
51.0 60.0 49.0 60.0 c
47.0 59.0 33.0 59.0 c
32.0 58.0 30.0 58.0 c
30.0 58.0 30.0 60.0 c
30.0 60.0 28.0 60.0 c
26.0 60.0 20.0 66.0 c
20.0 66.0 20.0 68.0 d
20.0 68.0 26.0 74.0 c
26.0 74.0 26.0 73.0 d
26.0 73.0 26.0 68.0 c
26.0 68.0 28.0 68.0 c
28.0 68.0 28.0 71.0 c
28.0 71.0 38.0 71.0 c
38.0 71.0 38.0 68.0 c
38.0 68.0 40.0 68.0 c
41.0 68.0 40.0 68.0 d
41.0 68.0 43.0 68.0 c
43.0 68.0 43.0 71.0 c
43.0 71.0 53.0 71.0 c
53.0 71.0 53.0 68.0 c
53.0 68.0 55.0 68.0 c
55.0 68.0 55.0 73.0 c
57.0 72.0 55.0 73.0 d
57.0 72.0 57.0 70.0 c
57.0 70.0 59.0 70.0 c
59.0 70.0 59.0 68.0 c
59.0 68.0 61.0 68.0 c
61.0 68.0 61.0 70.0 c
61.0 70.0 63.0 70.0 c
63.0 70.0 63.0 72.0 c
63.0 72.0 61.0 72.0 c
61.0 72.0 61.0 74.0 c
61.0 74.0 59.0 74.0 c
59.0 74.0 59.0 72.0 c
59.0 72.0 57.0 72.0 c
55.0 73.0 41.0 73.0 c
41.0 73.0 41.0 68.0 c
40.0 68.0 40.0 73.0 c
40.0 73.0 26.0 73.0 c
26.0 74.0 20.0 80.0 c
20.0 80.0 14.0 74.0 c
14.0 74.0 14.0 73.0 d
14.0 73.0 0.0 73.0 c
0.0 73.0 0.0 68.0 c
0.0 68.0 2.0 68.0 c
2.0 68.0 2.0 71.0 c
2.0 71.0 12.0 71.0 c
12.0 71.0 12.0 68.0 c
12.0 68.0 14.0 68.0 c
14.0 68.0 14.0 73.0 c
12.0 80.0 14.0 74.0 d
12.0 80.0 14.0 80.0 c
14.0 80.0 14.0 85.0 c
14.0 85.0 0.0 85.0 c
0.0 85.0 0.0 80.0 c
0.0 80.0 2.0 80.0 c
2.0 80.0 2.0 83.0 c
2.0 83.0 12.0 83.0 c
12.0 83.0 12.0 80.0 c
14.0 74.0 20.0 68.0 c
20.0 66.0 14.0 60.0 c
14.0 60.0 12.0 60.0 d
12.0 60.0 6.0 66.0 c
6.0 66.0 0.0 60.0 c
0.0 60.0 6.0 54.0 c
6.0 54.0 12.0 60.0 c
14.0 60.0 20.0 54.0 c
22.0 53.0 16.0 47.0 c
14.0 46.0 0.0 46.0 c
0.0 46.0 0.0 41.0 c
0.0 40.0 0.0 35.0 c
0.0 35.0 2.0 35.0 c
2.0 35.0 2.0 38.0 c
2.0 38.0 12.0 38.0 c
12.0 38.0 12.0 35.0 c
12.0 35.0 14.0 35.0 c
14.0 32.0 14.0 35.0 d
14.0 32.0 0.0 32.0 c
15.0 31.0 14.0 32.0 d
15.0 29.0 17.0 29.0 c
17.0 29.0 17.0 27.0 c
17.0 27.0 19.0 27.0 c
19.0 27.0 19.0 29.0 c
19.0 29.0 21.0 29.0 c
21.0 29.0 21.0 31.0 c
21.0 31.0 19.0 31.0 c
19.0 31.0 19.0 33.0 c
19.0 33.0 17.0 33.0 c
17.0 33.0 17.0 31.0 c
17.0 31.0 15.0 31.0 c
15.0 31.0 15.0 29.0 c
0.0 32.0 0.0 27.0 c
0.0 27.0 2.0 27.0 c
2.0 27.0 2.0 30.0 c
2.0 30.0 12.0 30.0 c
12.0 30.0 12.0 27.0 c
12.0 27.0 14.0 27.0 c
14.0 27.0 14.0 32.0 c
14.0 35.0 14.0 40.0 c
16.0 40.0 16.0 35.0 c
16.0 35.0 18.0 35.0 c
18.0 35.0 18.0 38.0 c
18.0 38.0 28.0 38.0 c
28.0 38.0 28.0 35.0 c
28.0 35.0 30.0 35.0 c
30.0 35.0 30.0 40.0 c
31.0 41.0 32.0 41.0 c
32.0 41.0 33.0 41.0 c
33.0 41.0 32.0 41.0 d
32.0 41.0 32.0 37.0 c
32.0 37.0 38.0 37.0 c
38.0 37.0 38.0 35.0 c
38.0 35.0 39.0 35.0 c
39.0 35.0 43.0 39.0 c
45.0 41.0 45.0 37.0 c
45.0 37.0 51.0 37.0 c
51.0 37.0 51.0 35.0 c
51.0 35.0 52.0 35.0 c
52.0 35.0 56.0 39.0 c
56.0 39.0 56.0 41.0 c
57.0 41.0 57.0 37.0 c
57.0 37.0 63.0 37.0 c
63.0 37.0 63.0 35.0 c
65.0 33.0 63.0 33.0 c
63.0 33.0 63.0 31.0 c
63.0 31.0 61.0 31.0 c
61.0 31.0 61.0 29.0 c
60.0 29.0 60.0 31.0 c
60.0 31.0 58.0 31.0 c
58.0 31.0 58.0 33.0 c
58.0 33.0 56.0 33.0 c
56.0 33.0 56.0 31.0 c
56.0 31.0 54.0 31.0 c
52.0 32.0 38.0 32.0 c
38.0 32.0 38.0 27.0 c
37.0 27.0 37.0 32.0 c
37.0 32.0 23.0 32.0 c
23.0 32.0 23.0 27.0 c
23.0 27.0 25.0 27.0 c
25.0 27.0 25.0 30.0 c
25.0 30.0 35.0 30.0 c
35.0 30.0 35.0 27.0 c
37.0 25.0 31.0 19.0 c
31.0 19.0 30.0 18.0 d
30.0 18.0 16.0 18.0 c
16.0 18.0 16.0 13.0 c
14.0 13.0 16.0 13.0 d
14.0 13.0 14.0 18.0 c
14.0 18.0 0.0 18.0 c
0.0 18.0 0.0 13.0 c
0.0 13.0 2.0 13.0 c
2.0 13.0 2.0 16.0 c
2.0 16.0 12.0 16.0 c
12.0 16.0 12.0 13.0 c
12.0 13.0 14.0 13.0 c
16.0 13.0 18.0 13.0 c
18.0 13.0 18.0 16.0 c
18.0 16.0 28.0 16.0 c
28.0 16.0 28.0 13.0 c
28.0 13.0 30.0 13.0 c
30.0 13.0 30.0 18.0 c
31.0 19.0 37.0 13.0 c
37.0 13.0 43.0 19.0 c
45.0 19.0 51.0 13.0 c
51.0 13.0 57.0 19.0 c
58.0 19.0 58.0 15.0 c
59.0 12.0 53.0 6.0 c
51.0 4.0 49.0 4.0 c
49.0 4.0 49.0 6.0 c
49.0 6.0 47.0 6.0 c
47.0 6.0 47.0 4.0 c
47.0 4.0 45.0 4.0 c
45.0 4.0 45.0 2.0 c
45.0 2.0 45.0 4.0 d
45.0 4.0 43.0 4.0 c
43.0 4.0 43.0 6.0 c
43.0 6.0 41.0 6.0 c
41.0 6.0 41.0 4.0 c
41.0 4.0 39.0 4.0 c
39.0 4.0 39.0 6.0 c
39.0 6.0 36.0 6.0 c
36.0 6.0 36.0 3.0 c
36.0 3.0 30.0 3.0 c
30.0 3.0 30.0 6.0 c
30.0 6.0 28.0 6.0 c
28.0 6.0 28.0 4.0 c
28.0 4.0 28.0 2.0 c
28.0 2.0 28.0 4.0 d
28.0 4.0 26.0 4.0 c
26.0 4.0 26.0 6.0 c
26.0 6.0 24.0 6.0 c
24.0 6.0 24.0 4.0 c
24.0 4.0 22.0 4.0 c
22.0 4.0 22.0 2.0 c
20.0 4.0 18.0 4.0 c
18.0 4.0 18.0 6.0 c
18.0 6.0 16.0 6.0 c
16.0 6.0 16.0 4.0 c
16.0 4.0 14.0 4.0 c
14.0 4.0 14.0 2.0 c
14.0 2.0 14.0 4.0 d
14.0 4.0 14.0 5.0 c
14.0 5.0 0.0 5.0 c
0.0 5.0 0.0 0.0 c
