Processando arquivo: shirts_sep.txt

Tempo de Inicio (hh:mm:ss.ms) 2026-04-27 10:10:05.072164
Tempo de Termino (hh:mm:ss.ms) 2026-04-27 10:10:12.195755
Tempo Total (hh:mm:ss.ms) 0:00:07.123591

Função Objetivo: 106.38000000000063

0.0 0.0 3.0 0.0 c
4.0 0.0 3.0 0.0 d
4.0 0.0 15.0 0.0 c
16.0 0.0 15.0 0.0 d
16.0 0.0 19.0 0.0 c
19.0 0.0 19.0 1.0 c
19.0 1.0 21.0 0.0 d
20.0 2.0 21.0 0.0 c
21.0 0.0 28.0 1.0 c
28.0 0.0 28.0 1.0 d
28.0 0.0 36.0 0.0 c
36.0 0.0 35.0 1.0 c
35.0 1.0 37.0 3.0 d
37.0 0.0 41.0 0.0 c
41.0 0.0 45.0 0.0 c
45.0 0.0 45.0 1.0 c
45.0 1.0 47.0 2.0 d
46.0 3.0 47.0 2.0 c
47.0 2.0 48.0 0.0 c
48.0 0.0 55.0 1.0 c
56.0 0.0 55.0 1.0 d
56.0 0.0 64.0 0.0 c
65.0 0.0 64.0 0.0 d
65.0 0.0 69.0 0.0 c
69.0 0.0 69.0 1.0 c
69.0 1.0 65.0 1.0 c
65.0 1.0 65.0 0.0 c
64.0 0.0 63.0 1.0 c
63.0 1.0 57.0 1.0 c
57.0 1.0 56.0 0.0 c
55.0 1.0 55.0 5.0 c
55.0 5.0 48.0 7.0 c
48.0 7.0 47.0 5.0 c
47.0 5.0 47.0 4.0 c
47.0 4.0 46.0 3.0 c
45.0 1.0 41.0 1.0 c
41.0 1.0 41.0 0.0 c
41.0 0.0 41.0 1.0 d
41.0 1.0 41.0 2.0 c
41.0 2.0 40.0 3.0 c
40.0 3.0 37.0 3.0 c
37.0 3.0 37.0 0.0 c
35.0 1.0 29.0 1.0 c
29.0 1.0 28.0 0.0 c
28.0 1.0 28.0 5.0 c
28.0 5.0 21.0 7.0 c
21.0 7.0 20.0 5.0 c
20.0 5.0 20.0 4.0 c
20.0 4.0 19.0 3.0 c
19.0 3.0 20.0 2.0 c
19.0 1.0 16.0 1.0 c
16.0 1.0 16.0 0.0 c
15.0 0.0 16.0 2.0 c
16.0 2.0 15.0 3.0 c
15.0 3.0 15.0 5.0 c
15.0 5.0 14.0 6.0 c
14.0 6.0 10.0 5.0 c
10.0 5.0 7.0 6.0 c
7.0 6.0 8.0 8.0 d
8.0 8.0 7.0 9.0 c
8.0 8.0 12.0 8.0 c
12.0 8.0 12.0 9.0 c
12.0 9.0 15.0 9.0 c
15.0 9.0 15.0 8.0 c
15.0 8.0 17.0 9.0 c
17.0 9.0 20.0 9.0 c
20.0 9.0 23.0 8.0 c
25.0 8.0 23.0 8.0 d
25.0 8.0 29.0 8.0 c
29.0 8.0 29.0 9.0 c
29.0 9.0 31.0 8.0 d
31.0 8.0 42.0 8.0 c
42.0 8.0 43.0 10.0 c
43.0 10.0 42.0 11.0 c
43.0 11.0 42.0 11.0 d
43.0 11.0 44.0 10.0 c
44.0 10.0 45.0 8.0 c
45.0 8.0 52.0 9.0 c
54.0 8.0 52.0 9.0 d
54.0 8.0 65.0 8.0 c
65.0 8.0 66.0 10.0 c
66.0 10.0 65.0 11.0 c
65.0 11.0 65.0 13.0 c
65.0 13.0 64.0 14.0 c
64.0 14.0 60.0 13.0 c
60.0 13.0 57.0 14.0 c
57.0 14.0 54.0 13.0 c
54.0 13.0 53.0 11.0 c
53.0 11.0 54.0 8.0 c
52.0 9.0 52.0 13.0 c
52.0 13.0 45.0 15.0 c
45.0 15.0 44.0 13.0 c
44.0 13.0 44.0 12.0 c
44.0 12.0 43.0 11.0 c
42.0 11.0 42.0 13.0 c
42.0 13.0 41.0 14.0 c
41.0 14.0 37.0 13.0 c
37.0 13.0 34.0 14.0 c
34.0 14.0 31.0 13.0 c
31.0 13.0 30.0 11.0 c
30.0 11.0 31.0 8.0 c
29.0 9.0 25.0 9.0 c
25.0 9.0 25.0 8.0 c
23.0 8.0 24.0 13.0 c
24.0 13.0 23.0 17.0 c
23.0 17.0 19.0 16.0 c
19.0 16.0 12.0 16.0 c
12.0 16.0 11.0 18.0 d
11.0 18.0 12.0 23.0 c
12.0 18.0 11.0 18.0 d
15.0 19.0 12.0 19.0 c
12.0 19.0 12.0 18.0 c
12.0 18.0 15.0 18.0 c
16.0 18.0 15.0 18.0 d
16.0 18.0 20.0 18.0 c
20.0 18.0 20.0 20.0 c
21.0 19.0 20.0 20.0 d
21.0 19.0 24.0 19.0 c
24.0 19.0 24.0 18.0 c
24.0 18.0 26.0 19.0 c
26.0 19.0 29.0 19.0 c
29.0 19.0 32.0 18.0 c
32.0 18.0 34.0 20.0 d
34.0 20.0 35.0 18.0 c
35.0 18.0 43.0 18.0 c
43.0 18.0 47.0 18.0 c
47.0 18.0 47.0 20.0 c
47.0 20.0 49.0 18.0 d
48.0 20.0 49.0 18.0 c
49.0 18.0 57.0 18.0 c
57.0 18.0 57.0 20.0 c
57.0 21.0 57.0 20.0 d
57.0 21.0 58.0 20.0 c
58.0 20.0 59.0 18.0 c
59.0 18.0 66.0 19.0 c
66.0 19.0 66.0 23.0 c
66.0 23.0 59.0 25.0 c
59.0 25.0 58.0 23.0 c
58.0 23.0 58.0 22.0 c
58.0 22.0 57.0 21.0 c
57.0 20.0 55.0 20.0 c
55.0 20.0 53.0 19.0 c
53.0 19.0 52.0 19.0 c
52.0 19.0 51.0 20.0 c
51.0 20.0 48.0 20.0 c
47.0 20.0 46.0 21.0 c
46.0 21.0 43.0 21.0 c
43.0 21.0 43.0 20.0 c
43.0 20.0 43.0 18.0 c
43.0 18.0 43.0 20.0 d
43.0 20.0 41.0 20.0 c
41.0 20.0 39.0 19.0 c
39.0 19.0 38.0 19.0 c
38.0 19.0 37.0 20.0 c
37.0 20.0 34.0 20.0 c
32.0 18.0 33.0 23.0 c
33.0 23.0 32.0 27.0 c
33.0 28.0 32.0 27.0 d
33.0 28.0 34.0 30.0 c
34.0 30.0 36.0 28.0 d
35.0 30.0 36.0 28.0 c
36.0 28.0 44.0 28.0 c
44.0 28.0 48.0 28.0 c
48.0 28.0 48.0 30.0 c
48.0 30.0 47.0 31.0 c
47.0 31.0 44.0 31.0 c
44.0 31.0 44.0 30.0 c
44.0 30.0 44.0 28.0 c
44.0 28.0 44.0 30.0 d
44.0 30.0 42.0 30.0 c
42.0 30.0 40.0 29.0 c
40.0 29.0 39.0 29.0 c
39.0 29.0 38.0 30.0 c
38.0 30.0 35.0 30.0 c
34.0 30.0 33.0 31.0 c
33.0 31.0 33.0 33.0 c
33.0 33.0 32.0 34.0 c
32.0 34.0 28.0 33.0 c
28.0 33.0 25.0 34.0 c
25.0 34.0 22.0 33.0 c
22.0 33.0 22.0 35.0 d
22.0 35.0 22.0 36.0 c
22.0 36.0 25.0 36.0 c
25.0 36.0 25.0 35.0 c
25.0 35.0 27.0 36.0 c
27.0 36.0 30.0 36.0 c
30.0 36.0 33.0 35.0 c
33.0 35.0 34.0 40.0 c
34.0 40.0 36.0 40.0 d
36.0 40.0 35.0 38.0 c
35.0 38.0 36.0 35.0 c
36.0 35.0 47.0 35.0 c
48.0 35.0 47.0 35.0 d
48.0 35.0 52.0 35.0 c
53.0 34.0 52.0 35.0 d
53.0 34.0 50.0 33.0 c
54.0 35.0 53.0 34.0 d
54.0 35.0 62.0 35.0 c
62.0 35.0 62.0 37.0 c
62.0 37.0 60.0 37.0 c
60.0 37.0 58.0 36.0 c
58.0 36.0 57.0 36.0 c
57.0 36.0 56.0 37.0 c
56.0 37.0 53.0 37.0 c
53.0 37.0 54.0 35.0 c
50.0 33.0 49.0 31.0 c
49.0 31.0 50.0 28.0 c
50.0 28.0 61.0 28.0 c
61.0 28.0 62.0 30.0 c
62.0 30.0 61.0 31.0 c
61.0 31.0 61.0 33.0 c
61.0 33.0 60.0 34.0 c
60.0 34.0 56.0 33.0 c
56.0 33.0 53.0 34.0 c
52.0 35.0 52.0 36.0 c
52.0 36.0 48.0 36.0 c
48.0 36.0 48.0 35.0 c
47.0 35.0 48.0 37.0 c
48.0 37.0 47.0 38.0 c
47.0 38.0 47.0 40.0 c
47.0 40.0 46.0 41.0 c
46.0 41.0 42.0 40.0 c
42.0 40.0 39.0 41.0 c
39.0 41.0 36.0 40.0 c
34.0 40.0 33.0 44.0 c
33.0 44.0 33.0 45.0 d
33.0 45.0 41.0 45.0 c
41.0 45.0 44.0 45.0 c
44.0 45.0 48.0 45.0 c
48.0 45.0 48.0 46.0 c
48.0 46.0 50.0 45.0 d
49.0 47.0 50.0 45.0 c
50.0 45.0 57.0 46.0 c
57.0 46.0 57.0 50.0 c
57.0 50.0 59.0 50.0 d
59.0 50.0 59.0 49.0 c
59.0 49.0 58.0 48.0 c
58.0 48.0 59.0 47.0 c
59.0 47.0 60.0 45.0 c
60.0 45.0 67.0 46.0 c
67.0 46.0 67.0 50.0 c
67.0 50.0 60.0 52.0 c
60.0 52.0 60.0 54.0 d
61.0 54.0 60.0 54.0 c
60.0 54.0 59.0 55.0 c
59.0 55.0 56.0 55.0 c
56.0 55.0 57.0 53.0 c
57.0 53.0 56.0 53.0 d
56.0 53.0 56.0 54.0 c
56.0 54.0 53.0 54.0 c
53.0 54.0 53.0 53.0 c
53.0 53.0 56.0 53.0 c
57.0 53.0 65.0 53.0 c
65.0 53.0 65.0 55.0 c
65.0 55.0 63.0 55.0 c
63.0 55.0 61.0 54.0 c
60.0 52.0 59.0 50.0 c
57.0 50.0 50.0 52.0 c
50.0 52.0 51.0 53.0 d
51.0 53.0 52.0 58.0 c
52.0 58.0 51.0 62.0 c
51.0 62.0 47.0 61.0 c
47.0 61.0 45.0 63.0 d
45.0 63.0 45.0 65.0 c
46.0 64.0 45.0 63.0 d
46.0 64.0 49.0 64.0 c
49.0 64.0 49.0 63.0 c
49.0 63.0 51.0 64.0 c
51.0 64.0 54.0 64.0 c
54.0 64.0 57.0 63.0 c
57.0 63.0 58.0 68.0 c
58.0 68.0 57.0 72.0 c
57.0 72.0 56.0 73.0 d
56.0 73.0 64.0 73.0 c
56.0 73.0 55.0 73.0 d
55.0 73.0 55.0 74.0 c
55.0 74.0 52.0 74.0 c
52.0 74.0 52.0 75.0 c
52.0 75.0 51.0 76.0 c
51.0 76.0 48.0 76.0 c
48.0 76.0 48.0 74.0 c
48.0 74.0 44.0 74.0 c
44.0 74.0 44.0 75.0 c
44.0 75.0 43.0 76.0 c
43.0 76.0 40.0 76.0 c
40.0 76.0 40.0 73.0 c
39.0 73.0 40.0 73.0 d
39.0 73.0 38.0 74.0 c
38.0 74.0 32.0 74.0 c
32.0 74.0 31.0 73.0 c
29.0 73.0 31.0 73.0 d
29.0 73.0 30.0 78.0 c
30.0 78.0 29.0 82.0 c
29.0 82.0 31.0 83.0 d
31.0 83.0 31.0 87.0 c
31.0 82.0 31.0 83.0 d
32.0 83.0 31.0 82.0 c
31.0 82.0 39.0 82.0 c
40.0 82.0 39.0 82.0 d
40.0 82.0 43.0 82.0 c
44.0 82.0 43.0 82.0 d
44.0 82.0 48.0 82.0 c
49.0 82.0 48.0 82.0 d
49.0 82.0 53.0 82.0 c
54.0 82.0 53.0 82.0 d
54.0 82.0 58.0 82.0 c
59.0 82.0 58.0 82.0 d
59.0 82.0 62.0 82.0 c
63.0 82.0 62.0 82.0 d
63.0 82.0 67.0 82.0 c
67.0 82.0 67.0 84.0 c
67.0 84.0 66.0 85.0 c
66.0 85.0 63.0 85.0 c
63.0 85.0 63.0 82.0 c
62.0 82.0 62.0 83.0 c
62.0 83.0 59.0 83.0 c
59.0 83.0 59.0 82.0 c
58.0 82.0 58.0 84.0 c
58.0 84.0 57.0 85.0 c
57.0 85.0 54.0 85.0 c
54.0 85.0 54.0 82.0 c
53.0 82.0 53.0 83.0 c
53.0 83.0 49.0 83.0 c
49.0 83.0 49.0 82.0 c
48.0 82.0 48.0 83.0 c
48.0 83.0 44.0 83.0 c
44.0 83.0 44.0 82.0 c
43.0 82.0 43.0 83.0 c
43.0 83.0 40.0 83.0 c
40.0 83.0 40.0 82.0 c
39.0 82.0 38.0 83.0 c
38.0 83.0 32.0 83.0 c
31.0 87.0 24.0 89.0 c
24.0 89.0 26.0 89.0 c
26.0 89.0 26.0 91.0 c
26.0 91.0 28.0 90.0 d
27.0 89.0 35.0 89.0 c
35.0 89.0 43.0 89.0 c
43.0 89.0 51.0 89.0 c
52.0 89.0 51.0 89.0 d
52.0 89.0 56.0 89.0 c
57.0 89.0 56.0 89.0 d
57.0 89.0 60.0 89.0 c
61.0 89.0 60.0 89.0 d
61.0 89.0 64.0 89.0 c
64.0 89.0 64.0 90.0 c
64.0 90.0 61.0 90.0 c
61.0 90.0 61.0 89.0 c
60.0 89.0 60.0 90.0 c
60.0 90.0 57.0 90.0 c
57.0 90.0 57.0 89.0 c
56.0 89.0 56.0 91.0 c
56.0 91.0 55.0 92.0 c
55.0 92.0 52.0 92.0 c
52.0 92.0 52.0 89.0 c
51.0 89.0 50.0 90.0 c
50.0 90.0 44.0 90.0 c
44.0 90.0 43.0 89.0 c
43.0 89.0 42.0 90.0 c
42.0 90.0 36.0 90.0 c
36.0 90.0 35.0 89.0 c
35.0 89.0 34.0 90.0 c
34.0 90.0 28.0 90.0 c
28.0 90.0 27.0 89.0 c
26.0 91.0 25.0 92.0 c
25.0 92.0 22.0 92.0 c
22.0 92.0 22.0 89.0 c
21.0 89.0 22.0 89.0 d
21.0 89.0 20.0 90.0 c
20.0 90.0 14.0 90.0 c
14.0 90.0 13.0 89.0 c
13.0 89.0 11.0 89.0 d
11.0 89.0 12.0 94.0 c
12.0 94.0 11.0 98.0 c
11.0 98.0 13.0 98.0 c
13.0 98.0 13.0 99.0 c
13.0 99.0 15.0 100.0 d
14.0 101.0 15.0 100.0 c
15.0 100.0 16.0 98.0 c
16.0 98.0 23.0 99.0 c
23.0 99.0 23.0 98.0 c
23.0 98.0 27.0 98.0 c
28.0 98.0 27.0 98.0 d
28.0 98.0 31.0 98.0 c
31.0 98.0 31.0 99.0 c
31.0 99.0 28.0 99.0 c
28.0 99.0 28.0 98.0 c
27.0 98.0 27.0 100.0 c
27.0 100.0 26.0 101.0 c
26.0 101.0 23.0 101.0 c
23.0 101.0 23.0 99.0 c
23.0 99.0 23.0 101.0 d
23.0 101.0 23.0 103.0 c
23.0 103.0 16.0 105.0 c
16.0 105.0 15.0 103.0 c
15.0 103.0 15.0 102.0 c
15.0 102.0 14.0 101.0 c
13.0 99.0 9.0 99.0 c
9.0 99.0 9.0 98.0 c
9.0 98.0 11.0 98.0 c
11.0 98.0 7.0 97.0 c
7.0 97.0 0.0 97.0 c
0.0 98.0 0.0 97.0 d
0.0 98.0 8.0 98.0 c
8.0 98.0 7.0 99.0 c
7.0 99.0 1.0 99.0 c
1.0 99.0 0.0 98.0 c
0.0 97.0 0.0 90.0 c
0.0 90.0 3.0 90.0 c
3.0 90.0 3.0 89.0 c
3.0 89.0 5.0 90.0 c
5.0 90.0 8.0 90.0 c
8.0 90.0 11.0 89.0 c
13.0 89.0 21.0 89.0 c
22.0 89.0 24.0 89.0 c
24.0 89.0 23.0 87.0 c
23.0 87.0 23.0 86.0 c
23.0 86.0 22.0 85.0 c
22.0 85.0 23.0 84.0 c
23.0 84.0 24.0 82.0 c
24.0 82.0 31.0 83.0 c
29.0 82.0 25.0 81.0 c
25.0 81.0 18.0 81.0 c
18.0 81.0 16.0 83.0 d
17.0 82.0 16.0 83.0 c
17.0 82.0 21.0 82.0 c
21.0 82.0 21.0 83.0 c
21.0 83.0 17.0 83.0 c
17.0 83.0 17.0 82.0 c
16.0 83.0 10.0 83.0 c
10.0 83.0 9.0 82.0 c
8.0 82.0 9.0 82.0 d
8.0 82.0 7.0 83.0 c
7.0 83.0 1.0 83.0 c
1.0 83.0 0.0 82.0 c
0.0 82.0 8.0 82.0 c
9.0 82.0 17.0 82.0 c
18.0 81.0 18.0 74.0 c
18.0 74.0 17.0 74.0 d
17.0 73.0 17.0 74.0 c
17.0 74.0 14.0 74.0 c
13.0 75.0 14.0 74.0 d
13.0 75.0 12.0 76.0 c
12.0 76.0 12.0 78.0 c
12.0 78.0 11.0 79.0 c
11.0 79.0 7.0 78.0 c
7.0 78.0 4.0 79.0 c
4.0 79.0 1.0 78.0 c
1.0 78.0 0.0 76.0 c
0.0 76.0 1.0 73.0 c
1.0 73.0 12.0 73.0 c
12.0 73.0 13.0 75.0 c
14.0 74.0 14.0 73.0 c
14.0 73.0 17.0 73.0 c
18.0 74.0 21.0 74.0 c
21.0 74.0 21.0 73.0 c
21.0 73.0 23.0 74.0 c
23.0 74.0 26.0 74.0 c
26.0 74.0 29.0 73.0 c
31.0 73.0 39.0 73.0 c
40.0 73.0 44.0 73.0 c
44.0 73.0 44.0 74.0 c
44.0 74.0 44.0 73.0 d
44.0 73.0 48.0 73.0 c
48.0 73.0 48.0 74.0 c
48.0 74.0 48.0 73.0 d
48.0 73.0 52.0 73.0 c
52.0 73.0 52.0 74.0 c
52.0 74.0 52.0 73.0 d
52.0 73.0 55.0 73.0 c
64.0 73.0 64.0 75.0 c
64.0 75.0 62.0 75.0 c
62.0 75.0 60.0 74.0 c
60.0 74.0 59.0 74.0 c
59.0 74.0 58.0 75.0 c
58.0 75.0 55.0 75.0 c
55.0 75.0 56.0 73.0 c
57.0 72.0 53.0 71.0 c
53.0 71.0 46.0 71.0 c
46.0 71.0 46.0 64.0 c
45.0 65.0 43.0 65.0 c
43.0 65.0 41.0 64.0 c
41.0 64.0 40.0 64.0 c
40.0 64.0 39.0 65.0 c
39.0 65.0 36.0 65.0 c
36.0 65.0 37.0 63.0 c
35.0 65.0 37.0 63.0 d
35.0 63.0 35.0 65.0 c
35.0 65.0 33.0 65.0 c
33.0 65.0 31.0 64.0 c
31.0 64.0 30.0 64.0 c
30.0 64.0 29.0 65.0 c
29.0 65.0 26.0 65.0 c
26.0 65.0 27.0 63.0 c
27.0 63.0 26.0 63.0 d
26.0 63.0 26.0 64.0 c
26.0 64.0 22.0 64.0 c
22.0 64.0 22.0 63.0 c
22.0 63.0 21.0 63.0 d
21.0 63.0 21.0 64.0 c
21.0 64.0 18.0 64.0 c
18.0 64.0 18.0 63.0 c
18.0 63.0 17.0 63.0 d
17.0 63.0 16.0 64.0 c
16.0 64.0 10.0 64.0 c
10.0 64.0 9.0 63.0 c
9.0 63.0 9.0 65.0 c
9.0 65.0 7.0 65.0 c
7.0 65.0 5.0 64.0 c
5.0 64.0 4.0 64.0 c
4.0 64.0 3.0 65.0 c
3.0 65.0 0.0 65.0 c
0.0 65.0 1.0 63.0 c
1.0 63.0 9.0 63.0 c
9.0 63.0 17.0 63.0 c
18.0 63.0 21.0 63.0 c
22.0 63.0 26.0 63.0 c
27.0 63.0 35.0 63.0 c
37.0 63.0 45.0 63.0 c
47.0 61.0 40.0 61.0 c
40.0 61.0 40.0 55.0 c
40.0 55.0 39.0 56.0 c
39.0 56.0 36.0 56.0 c
36.0 56.0 36.0 53.0 c
36.0 53.0 35.0 55.0 d
35.0 53.0 35.0 55.0 c
35.0 55.0 33.0 55.0 c
33.0 55.0 31.0 54.0 c
31.0 54.0 30.0 54.0 c
30.0 54.0 29.0 55.0 c
29.0 55.0 26.0 55.0 c
26.0 55.0 27.0 53.0 c
27.0 53.0 26.0 53.0 d
26.0 53.0 25.0 54.0 c
25.0 54.0 19.0 54.0 c
19.0 54.0 18.0 53.0 c
18.0 53.0 18.0 55.0 c
18.0 55.0 16.0 55.0 c
16.0 55.0 14.0 54.0 c
14.0 54.0 13.0 54.0 c
13.0 54.0 12.0 55.0 c
12.0 55.0 9.0 55.0 c
9.0 55.0 10.0 53.0 c
8.0 53.0 10.0 53.0 d
8.0 53.0 7.0 54.0 c
7.0 54.0 1.0 54.0 c
1.0 54.0 0.0 53.0 c
0.0 53.0 8.0 53.0 c
10.0 53.0 18.0 53.0 c
18.0 53.0 26.0 53.0 c
27.0 53.0 35.0 53.0 c
36.0 53.0 40.0 53.0 c
40.0 53.0 40.0 54.0 c
40.0 54.0 40.0 55.0 c
40.0 55.0 40.0 54.0 d
40.0 54.0 43.0 54.0 c
43.0 54.0 43.0 53.0 c
43.0 53.0 45.0 54.0 c
45.0 54.0 48.0 54.0 c
48.0 54.0 51.0 53.0 c
50.0 52.0 49.0 50.0 c
49.0 50.0 49.0 49.0 c
49.0 49.0 48.0 48.0 c
48.0 48.0 49.0 47.0 c
48.0 46.0 44.0 46.0 c
44.0 46.0 44.0 45.0 c
44.0 45.0 44.0 46.0 d
44.0 46.0 41.0 46.0 c
41.0 46.0 41.0 45.0 c
41.0 45.0 41.0 46.0 d
41.0 46.0 41.0 47.0 c
41.0 47.0 39.0 47.0 c
39.0 47.0 37.0 46.0 c
37.0 46.0 36.0 46.0 c
36.0 46.0 35.0 47.0 c
35.0 47.0 32.0 47.0 c
32.0 47.0 31.0 48.0 c
31.0 48.0 31.0 50.0 c
31.0 50.0 30.0 51.0 c
30.0 51.0 26.0 50.0 c
26.0 50.0 23.0 51.0 c
23.0 51.0 20.0 50.0 c
20.0 50.0 19.0 48.0 c
19.0 48.0 20.0 45.0 c
18.0 47.0 20.0 45.0 d
18.0 45.0 18.0 47.0 c
18.0 47.0 16.0 47.0 c
16.0 47.0 14.0 46.0 c
14.0 46.0 13.0 46.0 c
13.0 46.0 12.0 47.0 c
12.0 47.0 9.0 47.0 c
9.0 47.0 7.0 47.0 c
7.0 47.0 5.0 46.0 c
5.0 46.0 4.0 46.0 c
4.0 46.0 3.0 47.0 c
3.0 47.0 0.0 47.0 c
0.0 47.0 1.0 45.0 c
1.0 45.0 9.0 45.0 c
9.0 45.0 9.0 47.0 c
9.0 47.0 10.0 45.0 c
10.0 45.0 18.0 45.0 c
20.0 45.0 31.0 45.0 c
31.0 45.0 32.0 47.0 c
32.0 47.0 33.0 45.0 c
33.0 44.0 29.0 43.0 c
29.0 43.0 22.0 43.0 c
22.0 43.0 22.0 37.0 c
22.0 37.0 22.0 36.0 c
22.0 36.0 22.0 37.0 d
22.0 37.0 21.0 38.0 c
21.0 38.0 18.0 38.0 c
18.0 38.0 18.0 37.0 c
18.0 37.0 17.0 38.0 c
17.0 38.0 14.0 38.0 c
14.0 38.0 14.0 36.0 c
14.0 36.0 10.0 36.0 c
10.0 36.0 10.0 35.0 c
9.0 35.0 10.0 35.0 d
9.0 35.0 9.0 37.0 c
9.0 37.0 7.0 37.0 c
7.0 37.0 5.0 36.0 c
5.0 36.0 4.0 36.0 c
4.0 36.0 3.0 37.0 c
3.0 37.0 0.0 37.0 c
0.0 37.0 1.0 35.0 c
1.0 35.0 9.0 35.0 c
10.0 35.0 14.0 35.0 c
14.0 35.0 14.0 36.0 c
14.0 36.0 14.0 35.0 d
14.0 35.0 18.0 35.0 c
18.0 35.0 18.0 37.0 c
18.0 37.0 18.0 35.0 d
18.0 35.0 22.0 35.0 c
22.0 33.0 21.0 31.0 c
21.0 31.0 22.0 28.0 c
22.0 28.0 33.0 28.0 c
32.0 27.0 28.0 26.0 c
28.0 26.0 21.0 26.0 c
21.0 26.0 21.0 19.0 c
20.0 20.0 19.0 21.0 c
19.0 21.0 16.0 21.0 c
16.0 21.0 16.0 18.0 c
15.0 18.0 15.0 19.0 c
12.0 23.0 11.0 27.0 c
11.0 27.0 7.0 26.0 c
7.0 26.0 0.0 26.0 c
0.0 26.0 0.0 28.0 d
0.0 28.0 4.0 28.0 c
5.0 28.0 4.0 28.0 d
5.0 28.0 8.0 28.0 c
8.0 28.0 8.0 29.0 c
8.0 29.0 9.0 29.0 d
9.0 28.0 13.0 28.0 c
13.0 28.0 16.0 28.0 c
16.0 28.0 20.0 28.0 c
20.0 28.0 20.0 29.0 c
20.0 29.0 16.0 29.0 c
16.0 29.0 16.0 28.0 c
16.0 28.0 16.0 29.0 d
16.0 29.0 13.0 29.0 c
13.0 29.0 13.0 28.0 c
13.0 28.0 13.0 29.0 d
13.0 29.0 9.0 29.0 c
9.0 29.0 9.0 28.0 c
8.0 29.0 5.0 29.0 c
5.0 29.0 5.0 28.0 c
4.0 28.0 4.0 29.0 c
4.0 29.0 0.0 29.0 c
0.0 29.0 0.0 28.0 c
0.0 26.0 0.0 19.0 c
0.0 19.0 3.0 19.0 c
3.0 19.0 3.0 18.0 c
3.0 18.0 5.0 19.0 c
5.0 19.0 8.0 19.0 c
8.0 19.0 11.0 18.0 c
12.0 16.0 12.0 10.0 c
12.0 10.0 12.0 9.0 c
12.0 9.0 12.0 10.0 d
12.0 10.0 11.0 11.0 c
11.0 11.0 8.0 11.0 c
8.0 11.0 8.0 8.0 c
7.0 9.0 1.0 9.0 c
1.0 9.0 0.0 8.0 c
0.0 8.0 8.0 8.0 c
7.0 6.0 4.0 5.0 c
4.0 5.0 3.0 3.0 c
3.0 3.0 4.0 0.0 c
3.0 0.0 3.0 1.0 c
3.0 1.0 0.0 1.0 c
0.0 1.0 0.0 0.0 c
