Processando arquivo: shirts_pack.txt

Tempo de Inicio (hh:mm:ss.ms) 2026-04-27 10:04:34.558166
Tempo de Termino (hh:mm:ss.ms) 2026-04-27 10:04:41.991597
Tempo Total (hh:mm:ss.ms) 0:00:07.433431

Função Objetivo: 105.41500000000059

0.0 0.0 3.0 0.0 c
4.0 0.0 3.0 0.0 d
4.0 0.0 15.0 0.0 c
16.0 0.0 15.0 0.0 d
16.0 0.0 19.0 0.0 c
19.0 0.0 19.0 1.0 c
19.0 1.0 21.0 0.0 d
20.0 2.0 21.0 0.0 c
21.0 0.0 28.0 1.0 c
28.0 1.0 28.0 0.0 d
28.0 0.0 36.0 0.0 c
36.0 0.0 40.0 0.0 c
40.0 0.0 44.0 0.0 c
44.0 0.0 44.0 1.0 c
44.0 1.0 45.0 2.0 d
45.0 2.0 46.0 0.0 c
46.0 0.0 53.0 1.0 c
53.0 1.0 54.0 1.0 d
53.0 0.0 61.0 0.0 c
61.0 0.0 65.0 0.0 c
65.0 0.0 65.0 1.0 c
65.0 1.0 61.0 1.0 c
61.0 1.0 61.0 0.0 c
61.0 0.0 60.0 1.0 c
60.0 1.0 54.0 1.0 c
54.0 1.0 53.0 0.0 c
53.0 1.0 53.0 5.0 c
53.0 5.0 46.0 7.0 c
46.0 7.0 45.0 5.0 c
45.0 5.0 45.0 4.0 c
45.0 4.0 44.0 3.0 c
44.0 3.0 45.0 2.0 c
44.0 1.0 40.0 1.0 c
40.0 1.0 40.0 0.0 c
40.0 0.0 40.0 1.0 d
40.0 1.0 40.0 2.0 c
40.0 2.0 39.0 3.0 c
39.0 3.0 36.0 3.0 c
36.0 3.0 36.0 0.0 c
36.0 0.0 35.0 1.0 c
35.0 1.0 29.0 1.0 c
29.0 1.0 28.0 0.0 c
28.0 1.0 28.0 5.0 c
28.0 5.0 21.0 7.0 c
21.0 7.0 20.0 5.0 c
20.0 5.0 20.0 4.0 c
20.0 4.0 19.0 3.0 c
19.0 3.0 20.0 2.0 c
19.0 1.0 16.0 1.0 c
16.0 1.0 16.0 0.0 c
15.0 0.0 16.0 2.0 c
16.0 2.0 15.0 3.0 c
15.0 3.0 15.0 5.0 c
15.0 5.0 14.0 6.0 c
14.0 6.0 10.0 5.0 c
10.0 5.0 8.0 7.0 d
8.0 7.0 7.0 8.0 c
8.0 7.0 12.0 7.0 c
12.0 7.0 12.0 8.0 c
12.0 8.0 15.0 8.0 c
15.0 8.0 15.0 7.0 c
15.0 7.0 17.0 8.0 c
17.0 8.0 20.0 8.0 c
20.0 8.0 23.0 7.0 c
24.0 7.0 23.0 7.0 d
24.0 7.0 28.0 7.0 c
29.0 7.0 28.0 7.0 d
29.0 7.0 40.0 7.0 c
40.0 7.0 41.0 9.0 c
41.0 9.0 43.0 7.0 d
41.0 10.0 42.0 9.0 c
42.0 9.0 43.0 7.0 c
43.0 7.0 50.0 8.0 c
50.0 8.0 50.0 10.0 c
50.0 10.0 51.0 7.0 c
51.0 7.0 62.0 7.0 c
62.0 7.0 63.0 9.0 c
63.0 9.0 62.0 10.0 c
62.0 10.0 62.0 12.0 c
62.0 12.0 61.0 13.0 c
61.0 13.0 57.0 12.0 c
57.0 12.0 54.0 13.0 c
54.0 13.0 51.0 12.0 c
51.0 12.0 50.0 10.0 c
50.0 10.0 50.0 12.0 c
50.0 12.0 43.0 14.0 c
43.0 14.0 42.0 12.0 c
42.0 12.0 42.0 11.0 c
42.0 11.0 41.0 10.0 c
41.0 9.0 40.0 10.0 c
40.0 10.0 40.0 12.0 c
40.0 12.0 39.0 13.0 c
39.0 13.0 35.0 12.0 c
35.0 12.0 32.0 13.0 c
32.0 13.0 29.0 12.0 c
29.0 12.0 28.0 10.0 c
28.0 10.0 29.0 7.0 c
28.0 7.0 28.0 8.0 c
28.0 8.0 24.0 8.0 c
24.0 8.0 24.0 7.0 c
23.0 7.0 24.0 12.0 c
24.0 12.0 23.0 16.0 c
23.0 16.0 19.0 15.0 c
19.0 15.0 12.0 15.0 c
12.0 15.0 11.0 16.0 d
11.0 16.0 12.0 21.0 c
11.0 16.0 12.0 17.0 d
15.0 17.0 12.0 17.0 c
15.0 16.0 19.0 16.0 c
19.0 16.0 19.0 17.0 c
19.0 17.0 22.0 17.0 c
22.0 17.0 22.0 16.0 c
22.0 16.0 24.0 17.0 c
24.0 17.0 27.0 17.0 c
27.0 17.0 30.0 16.0 c
30.0 16.0 31.0 18.0 d
32.0 16.0 40.0 16.0 c
40.0 16.0 44.0 16.0 c
44.0 16.0 44.0 18.0 c
44.0 18.0 45.0 16.0 c
45.0 16.0 53.0 16.0 c
53.0 16.0 53.0 18.0 c
53.0 18.0 54.0 18.0 d
53.0 19.0 54.0 18.0 c
54.0 18.0 55.0 16.0 c
55.0 16.0 62.0 17.0 c
62.0 17.0 62.0 16.0 c
62.0 16.0 66.0 16.0 c
66.0 16.0 69.0 16.0 c
69.0 16.0 69.0 17.0 c
69.0 17.0 66.0 17.0 c
66.0 17.0 66.0 16.0 c
66.0 16.0 66.0 17.0 d
66.0 17.0 62.0 17.0 c
62.0 17.0 62.0 21.0 c
62.0 21.0 55.0 23.0 c
55.0 23.0 54.0 21.0 c
54.0 21.0 54.0 20.0 c
54.0 20.0 53.0 19.0 c
53.0 18.0 51.0 18.0 c
51.0 18.0 49.0 17.0 c
49.0 17.0 48.0 17.0 c
48.0 17.0 47.0 18.0 c
47.0 18.0 44.0 18.0 c
44.0 18.0 43.0 19.0 c
43.0 19.0 40.0 19.0 c
40.0 19.0 40.0 18.0 c
40.0 18.0 40.0 16.0 c
40.0 16.0 40.0 18.0 d
40.0 18.0 38.0 18.0 c
38.0 18.0 36.0 17.0 c
36.0 17.0 35.0 17.0 c
35.0 17.0 34.0 18.0 c
34.0 18.0 31.0 18.0 c
31.0 18.0 32.0 16.0 c
30.0 16.0 31.0 21.0 c
31.0 21.0 30.0 25.0 c
30.0 25.0 33.0 25.0 c
33.0 25.0 37.0 25.0 c
37.0 25.0 37.0 27.0 c
37.0 27.0 37.0 28.0 d
37.0 28.0 38.0 25.0 c
38.0 25.0 49.0 25.0 c
49.0 25.0 50.0 27.0 c
50.0 27.0 51.0 25.0 c
51.0 25.0 59.0 25.0 c
59.0 25.0 63.0 25.0 c
63.0 25.0 67.0 25.0 c
67.0 25.0 67.0 27.0 c
67.0 27.0 66.0 28.0 c
66.0 28.0 63.0 28.0 c
63.0 28.0 63.0 26.0 c
63.0 26.0 63.0 25.0 c
63.0 25.0 63.0 26.0 d
63.0 26.0 59.0 26.0 c
59.0 26.0 59.0 25.0 c
59.0 25.0 59.0 26.0 d
59.0 26.0 59.0 27.0 c
59.0 27.0 57.0 27.0 c
57.0 27.0 55.0 26.0 c
55.0 26.0 54.0 26.0 c
54.0 26.0 53.0 27.0 c
53.0 27.0 50.0 27.0 c
50.0 27.0 49.0 28.0 c
49.0 28.0 49.0 30.0 c
49.0 30.0 48.0 31.0 c
48.0 31.0 51.0 31.0 c
51.0 31.0 51.0 33.0 c
51.0 33.0 52.0 31.0 c
52.0 31.0 60.0 31.0 c
60.0 31.0 60.0 33.0 c
60.0 33.0 58.0 33.0 c
58.0 33.0 56.0 32.0 c
56.0 32.0 55.0 32.0 c
55.0 32.0 54.0 33.0 c
54.0 33.0 51.0 33.0 c
51.0 33.0 49.0 33.0 c
49.0 33.0 47.0 32.0 c
47.0 32.0 46.0 32.0 c
46.0 32.0 45.0 33.0 c
45.0 33.0 42.0 33.0 c
42.0 33.0 43.0 31.0 c
43.0 31.0 48.0 31.0 c
48.0 31.0 44.0 30.0 c
44.0 30.0 41.0 31.0 c
41.0 31.0 42.0 31.0 c
42.0 31.0 42.0 33.0 c
42.0 33.0 40.0 33.0 c
40.0 33.0 38.0 32.0 c
38.0 32.0 37.0 32.0 c
37.0 32.0 36.0 33.0 c
36.0 33.0 33.0 33.0 c
33.0 33.0 34.0 31.0 c
34.0 31.0 41.0 31.0 c
41.0 31.0 38.0 30.0 c
38.0 30.0 37.0 28.0 c
37.0 27.0 36.0 28.0 c
36.0 28.0 33.0 28.0 c
33.0 28.0 33.0 27.0 c
33.0 27.0 33.0 25.0 c
33.0 25.0 33.0 27.0 d
33.0 27.0 31.0 27.0 c
31.0 27.0 29.0 26.0 c
29.0 26.0 28.0 26.0 c
28.0 26.0 27.0 27.0 c
27.0 27.0 24.0 27.0 c
24.0 27.0 23.0 28.0 c
23.0 28.0 23.0 30.0 c
23.0 30.0 22.0 31.0 c
22.0 31.0 28.0 31.0 c
29.0 31.0 28.0 31.0 d
29.0 31.0 33.0 31.0 c
33.0 31.0 33.0 32.0 c
33.0 32.0 29.0 32.0 c
29.0 32.0 29.0 31.0 c
28.0 31.0 29.0 33.0 c
29.0 33.0 28.0 34.0 c
28.0 34.0 28.0 36.0 c
28.0 36.0 27.0 37.0 c
27.0 37.0 23.0 36.0 c
23.0 36.0 20.0 37.0 c
20.0 37.0 17.0 36.0 c
17.0 36.0 16.0 34.0 c
16.0 34.0 17.0 31.0 c
17.0 31.0 22.0 31.0 c
22.0 31.0 18.0 30.0 c
18.0 30.0 15.0 31.0 c
15.0 31.0 16.0 36.0 c
16.0 36.0 15.0 40.0 c
15.0 40.0 22.0 40.0 c
22.0 40.0 25.0 40.0 c
25.0 40.0 29.0 40.0 c
29.0 40.0 29.0 41.0 c
29.0 41.0 30.0 42.0 d
30.0 42.0 31.0 40.0 c
31.0 40.0 38.0 41.0 c
38.0 41.0 38.0 43.0 c
38.0 43.0 39.0 42.0 c
39.0 42.0 40.0 40.0 c
40.0 40.0 47.0 41.0 c
47.0 40.0 47.0 41.0 d
47.0 40.0 55.0 40.0 c
56.0 40.0 55.0 40.0 d
56.0 40.0 64.0 40.0 c
64.0 40.0 64.0 42.0 c
64.0 42.0 62.0 42.0 c
62.0 42.0 60.0 41.0 c
60.0 41.0 59.0 41.0 c
59.0 41.0 58.0 42.0 c
58.0 42.0 55.0 42.0 c
55.0 42.0 56.0 40.0 c
55.0 40.0 54.0 41.0 c
54.0 41.0 48.0 41.0 c
48.0 41.0 47.0 40.0 c
47.0 41.0 47.0 45.0 c
47.0 45.0 40.0 47.0 c
40.0 47.0 45.0 47.0 c
45.0 47.0 46.0 47.0 d
46.0 47.0 54.0 47.0 c
54.0 47.0 62.0 47.0 c
62.0 47.0 65.0 47.0 c
65.0 47.0 69.0 47.0 c
69.0 47.0 69.0 48.0 c
69.0 48.0 65.0 48.0 c
65.0 48.0 65.0 47.0 c
65.0 47.0 65.0 48.0 d
65.0 48.0 62.0 48.0 c
62.0 48.0 62.0 47.0 c
62.0 47.0 61.0 48.0 c
61.0 48.0 55.0 48.0 c
55.0 48.0 54.0 47.0 c
54.0 47.0 54.0 49.0 c
54.0 49.0 52.0 49.0 c
52.0 49.0 50.0 48.0 c
50.0 48.0 49.0 48.0 c
49.0 48.0 48.0 49.0 c
48.0 49.0 45.0 49.0 c
45.0 49.0 46.0 47.0 c
45.0 47.0 45.0 49.0 c
45.0 49.0 43.0 49.0 c
43.0 49.0 41.0 48.0 c
41.0 48.0 40.0 48.0 c
40.0 48.0 39.0 49.0 c
39.0 49.0 36.0 49.0 c
36.0 49.0 37.0 47.0 c
37.0 47.0 40.0 47.0 c
40.0 47.0 39.0 45.0 c
39.0 45.0 39.0 44.0 c
39.0 44.0 38.0 43.0 c
38.0 43.0 38.0 45.0 c
38.0 45.0 31.0 47.0 c
31.0 47.0 32.0 47.0 d
32.0 47.0 33.0 52.0 c
33.0 47.0 32.0 47.0 d
36.0 48.0 33.0 48.0 c
33.0 48.0 33.0 47.0 c
33.0 47.0 36.0 47.0 c
36.0 47.0 36.0 48.0 c
33.0 52.0 32.0 56.0 c
32.0 56.0 42.0 56.0 c
42.0 56.0 43.0 58.0 c
43.0 58.0 43.0 57.0 d
43.0 57.0 43.0 56.0 c
43.0 56.0 46.0 56.0 c
46.0 56.0 46.0 57.0 c
46.0 57.0 49.0 57.0 c
49.0 57.0 49.0 56.0 c
49.0 56.0 51.0 57.0 c
51.0 57.0 54.0 57.0 c
54.0 57.0 57.0 56.0 c
57.0 56.0 58.0 56.0 d
58.0 56.0 66.0 56.0 c
66.0 56.0 70.0 56.0 c
70.0 56.0 70.0 58.0 c
70.0 58.0 69.0 59.0 c
69.0 59.0 66.0 59.0 c
66.0 59.0 66.0 56.0 c
66.0 56.0 65.0 57.0 c
65.0 57.0 59.0 57.0 c
59.0 57.0 58.0 56.0 c
57.0 56.0 58.0 61.0 c
58.0 61.0 57.0 65.0 c
57.0 65.0 56.0 66.0 d
57.0 65.0 56.0 66.0 d
57.0 65.0 60.0 65.0 c
60.0 65.0 64.0 65.0 c
64.0 65.0 68.0 65.0 c
68.0 65.0 68.0 66.0 c
68.0 66.0 64.0 66.0 c
64.0 66.0 64.0 65.0 c
64.0 65.0 64.0 66.0 d
64.0 66.0 60.0 66.0 c
60.0 66.0 60.0 65.0 c
60.0 65.0 60.0 66.0 d
60.0 66.0 57.0 66.0 c
57.0 66.0 57.0 65.0 c
56.0 66.0 50.0 66.0 c
50.0 66.0 49.0 65.0 c
49.0 65.0 57.0 65.0 c
57.0 65.0 53.0 64.0 c
53.0 64.0 46.0 64.0 c
46.0 64.0 46.0 57.0 c
46.0 57.0 43.0 57.0 c
43.0 58.0 42.0 59.0 c
42.0 59.0 42.0 61.0 c
42.0 61.0 41.0 62.0 c
41.0 62.0 37.0 61.0 c
37.0 61.0 34.0 62.0 c
34.0 62.0 31.0 61.0 c
31.0 61.0 30.0 59.0 c
30.0 59.0 31.0 56.0 c
31.0 56.0 32.0 56.0 c
32.0 56.0 28.0 55.0 c
28.0 55.0 29.0 56.0 d
29.0 56.0 30.0 61.0 c
30.0 61.0 29.0 65.0 c
29.0 65.0 29.0 66.0 d
29.0 65.0 36.0 65.0 c
36.0 65.0 40.0 65.0 c
40.0 65.0 40.0 66.0 c
40.0 66.0 41.0 67.0 d
41.0 67.0 42.0 65.0 c
42.0 65.0 49.0 66.0 c
49.0 66.0 49.0 70.0 c
49.0 70.0 42.0 72.0 c
42.0 72.0 43.0 72.0 c
43.0 72.0 51.0 72.0 c
51.0 72.0 59.0 72.0 c
59.0 72.0 63.0 72.0 c
63.0 72.0 66.0 72.0 c
66.0 72.0 69.0 72.0 c
69.0 72.0 69.0 73.0 c
69.0 73.0 66.0 73.0 c
66.0 73.0 66.0 72.0 c
66.0 72.0 66.0 73.0 d
66.0 73.0 63.0 73.0 c
63.0 73.0 63.0 72.0 c
63.0 72.0 63.0 73.0 d
63.0 73.0 63.0 74.0 c
63.0 74.0 62.0 75.0 c
62.0 75.0 59.0 75.0 c
59.0 75.0 59.0 72.0 c
59.0 72.0 58.0 73.0 c
58.0 73.0 52.0 73.0 c
52.0 73.0 51.0 72.0 c
51.0 72.0 50.0 73.0 c
50.0 73.0 44.0 73.0 c
44.0 73.0 43.0 72.0 c
43.0 72.0 42.0 73.0 c
42.0 73.0 36.0 73.0 c
36.0 73.0 35.0 72.0 c
35.0 72.0 35.0 74.0 c
35.0 74.0 34.0 75.0 c
34.0 75.0 31.0 75.0 c
31.0 75.0 31.0 72.0 c
31.0 72.0 30.0 73.0 c
30.0 73.0 24.0 73.0 c
24.0 73.0 23.0 72.0 c
22.0 72.0 23.0 72.0 d
22.0 72.0 23.0 77.0 c
23.0 77.0 22.0 81.0 c
22.0 81.0 25.0 81.0 c
25.0 81.0 28.0 81.0 c
28.0 81.0 28.0 82.0 c
28.0 82.0 25.0 82.0 c
25.0 82.0 25.0 81.0 c
25.0 81.0 25.0 82.0 d
25.0 82.0 25.0 83.0 c
25.0 83.0 24.0 84.0 c
24.0 84.0 21.0 84.0 c
21.0 84.0 21.0 86.0 c
21.0 86.0 14.0 88.0 c
14.0 88.0 13.0 86.0 c
13.0 86.0 13.0 85.0 c
13.0 85.0 12.0 84.0 c
12.0 84.0 13.0 83.0 c
13.0 83.0 14.0 81.0 c
14.0 81.0 21.0 82.0 c
21.0 82.0 21.0 84.0 c
21.0 84.0 21.0 82.0 d
21.0 82.0 21.0 81.0 c
21.0 81.0 22.0 81.0 c
22.0 81.0 18.0 80.0 c
18.0 80.0 11.0 80.0 c
11.0 80.0 12.0 81.0 d
12.0 81.0 12.0 82.0 c
12.0 82.0 8.0 82.0 c
8.0 82.0 8.0 81.0 c
8.0 81.0 7.0 82.0 c
7.0 82.0 1.0 82.0 c
1.0 82.0 0.0 81.0 c
0.0 81.0 8.0 81.0 c
8.0 81.0 12.0 81.0 c
11.0 80.0 11.0 74.0 c
11.0 74.0 10.0 75.0 c
10.0 75.0 7.0 75.0 c
7.0 75.0 7.0 73.0 c
7.0 73.0 4.0 73.0 c
4.0 73.0 4.0 74.0 c
4.0 74.0 3.0 75.0 c
3.0 75.0 0.0 75.0 c
0.0 75.0 0.0 72.0 c
0.0 72.0 4.0 72.0 c
4.0 72.0 4.0 73.0 c
4.0 73.0 4.0 72.0 d
4.0 72.0 7.0 72.0 c
7.0 72.0 7.0 73.0 c
7.0 73.0 7.0 72.0 d
7.0 72.0 11.0 72.0 c
11.0 72.0 11.0 73.0 c
11.0 73.0 11.0 74.0 c
11.0 74.0 11.0 73.0 d
11.0 73.0 14.0 73.0 c
14.0 73.0 14.0 72.0 c
14.0 72.0 16.0 73.0 c
16.0 73.0 19.0 73.0 c
19.0 73.0 22.0 72.0 c
23.0 72.0 31.0 72.0 c
31.0 72.0 35.0 72.0 c
35.0 72.0 42.0 72.0 c
42.0 72.0 41.0 70.0 c
41.0 70.0 41.0 69.0 c
41.0 69.0 40.0 68.0 c
40.0 68.0 41.0 67.0 c
40.0 66.0 36.0 66.0 c
36.0 66.0 36.0 65.0 c
36.0 65.0 35.0 66.0 c
35.0 66.0 29.0 66.0 c
29.0 66.0 28.0 65.0 c
28.0 65.0 27.0 66.0 c
27.0 66.0 21.0 66.0 c
21.0 66.0 20.0 65.0 c
20.0 65.0 20.0 67.0 c
20.0 67.0 18.0 67.0 c
18.0 67.0 16.0 66.0 c
16.0 66.0 15.0 66.0 c
15.0 66.0 14.0 67.0 c
14.0 67.0 11.0 67.0 c
11.0 67.0 12.0 65.0 c
11.0 66.0 12.0 65.0 d
11.0 65.0 11.0 66.0 c
11.0 66.0 8.0 66.0 c
8.0 66.0 8.0 67.0 c
8.0 67.0 7.0 68.0 c
7.0 68.0 4.0 68.0 c
4.0 68.0 4.0 66.0 c
4.0 66.0 0.0 66.0 c
0.0 66.0 0.0 65.0 c
0.0 65.0 4.0 65.0 c
4.0 65.0 4.0 66.0 c
4.0 66.0 4.0 65.0 d
4.0 65.0 8.0 65.0 c
8.0 65.0 8.0 66.0 c
8.0 66.0 8.0 65.0 d
8.0 65.0 11.0 65.0 c
12.0 65.0 20.0 65.0 c
20.0 65.0 28.0 65.0 c
28.0 65.0 29.0 65.0 c
29.0 65.0 25.0 64.0 c
25.0 64.0 18.0 64.0 c
18.0 64.0 18.0 58.0 c
18.0 58.0 16.0 58.0 c
16.0 58.0 14.0 57.0 c
14.0 57.0 13.0 57.0 c
13.0 57.0 12.0 58.0 c
12.0 58.0 9.0 58.0 c
9.0 58.0 7.0 58.0 c
7.0 58.0 5.0 57.0 c
5.0 57.0 4.0 57.0 c
4.0 57.0 3.0 58.0 c
3.0 58.0 0.0 58.0 c
0.0 58.0 1.0 56.0 c
1.0 56.0 9.0 56.0 c
9.0 56.0 9.0 58.0 c
9.0 58.0 10.0 56.0 c
10.0 56.0 18.0 56.0 c
18.0 56.0 18.0 57.0 c
18.0 57.0 18.0 58.0 c
18.0 58.0 18.0 57.0 d
18.0 57.0 21.0 57.0 c
21.0 57.0 21.0 56.0 c
21.0 56.0 23.0 57.0 c
23.0 57.0 26.0 57.0 c
26.0 57.0 29.0 56.0 c
28.0 55.0 21.0 55.0 c
21.0 55.0 21.0 49.0 c
21.0 49.0 20.0 50.0 c
20.0 50.0 17.0 50.0 c
17.0 50.0 17.0 49.0 c
17.0 49.0 15.0 49.0 c
15.0 49.0 13.0 48.0 c
13.0 48.0 12.0 48.0 c
12.0 48.0 11.0 49.0 c
11.0 49.0 8.0 49.0 c
8.0 49.0 9.0 47.0 c
8.0 47.0 9.0 47.0 d
8.0 47.0 7.0 48.0 c
7.0 48.0 1.0 48.0 c
1.0 48.0 0.0 47.0 c
0.0 47.0 8.0 47.0 c
9.0 47.0 17.0 47.0 c
17.0 47.0 17.0 49.0 c
17.0 49.0 17.0 47.0 d
17.0 47.0 21.0 47.0 c
21.0 47.0 21.0 48.0 c
21.0 48.0 21.0 49.0 c
21.0 49.0 21.0 48.0 d
21.0 48.0 24.0 48.0 c
24.0 48.0 24.0 47.0 c
24.0 47.0 26.0 48.0 c
26.0 48.0 29.0 48.0 c
29.0 48.0 32.0 47.0 c
31.0 47.0 30.0 45.0 c
30.0 45.0 30.0 44.0 c
30.0 44.0 29.0 43.0 c
29.0 43.0 30.0 42.0 c
29.0 41.0 25.0 41.0 c
25.0 41.0 25.0 40.0 c
25.0 40.0 25.0 41.0 d
25.0 41.0 22.0 41.0 c
22.0 41.0 22.0 40.0 c
22.0 40.0 22.0 41.0 d
22.0 41.0 22.0 42.0 c
22.0 42.0 20.0 42.0 c
20.0 42.0 18.0 41.0 c
18.0 41.0 17.0 41.0 c
17.0 41.0 16.0 42.0 c
16.0 42.0 13.0 42.0 c
13.0 42.0 12.0 43.0 c
12.0 43.0 12.0 45.0 c
12.0 45.0 11.0 46.0 c
11.0 46.0 7.0 45.0 c
7.0 45.0 4.0 46.0 c
4.0 46.0 1.0 45.0 c
1.0 45.0 0.0 43.0 c
0.0 43.0 1.0 40.0 c
1.0 40.0 12.0 40.0 c
12.0 40.0 13.0 42.0 c
13.0 42.0 14.0 40.0 c
14.0 40.0 15.0 40.0 c
15.0 40.0 11.0 39.0 c
11.0 39.0 4.0 39.0 c
4.0 39.0 4.0 33.0 c
4.0 33.0 3.0 34.0 c
3.0 34.0 0.0 34.0 c
0.0 34.0 0.0 31.0 c
0.0 31.0 4.0 31.0 c
4.0 31.0 4.0 32.0 c
4.0 32.0 4.0 33.0 c
4.0 33.0 4.0 32.0 d
4.0 32.0 7.0 32.0 c
7.0 32.0 7.0 31.0 c
7.0 31.0 9.0 32.0 c
9.0 32.0 12.0 32.0 c
12.0 32.0 15.0 31.0 c
15.0 31.0 12.0 30.0 c
12.0 30.0 11.0 28.0 c
11.0 28.0 12.0 25.0 c
12.0 25.0 23.0 25.0 c
23.0 25.0 24.0 27.0 c
24.0 27.0 25.0 25.0 c
25.0 25.0 30.0 25.0 c
30.0 25.0 26.0 24.0 c
26.0 24.0 19.0 24.0 c
19.0 24.0 19.0 18.0 c
19.0 18.0 19.0 17.0 c
19.0 17.0 19.0 18.0 d
19.0 18.0 18.0 19.0 c
18.0 19.0 15.0 19.0 c
15.0 19.0 15.0 17.0 c
15.0 17.0 15.0 16.0 c
12.0 17.0 12.0 16.0 c
12.0 16.0 15.0 16.0 c
15.0 16.0 15.0 17.0 d
12.0 21.0 11.0 25.0 c
11.0 25.0 11.0 26.0 c
11.0 26.0 7.0 26.0 c
7.0 26.0 4.0 26.0 c
4.0 26.0 0.0 26.0 c
0.0 26.0 0.0 25.0 c
0.0 25.0 4.0 25.0 c
4.0 25.0 4.0 26.0 c
4.0 26.0 4.0 25.0 d
4.0 25.0 7.0 25.0 c
7.0 25.0 7.0 26.0 c
7.0 26.0 7.0 25.0 d
7.0 25.0 11.0 25.0 c
11.0 25.0 7.0 24.0 c
7.0 24.0 0.0 24.0 c
0.0 24.0 0.0 17.0 c
0.0 17.0 3.0 17.0 c
3.0 17.0 3.0 16.0 c
3.0 16.0 5.0 17.0 c
5.0 17.0 8.0 17.0 c
8.0 17.0 11.0 16.0 c
12.0 15.0 12.0 9.0 c
12.0 9.0 12.0 8.0 c
12.0 8.0 12.0 9.0 d
12.0 9.0 11.0 10.0 c
11.0 10.0 8.0 10.0 c
8.0 10.0 8.0 7.0 c
7.0 8.0 1.0 8.0 c
1.0 8.0 0.0 7.0 c
0.0 7.0 8.0 7.0 c
10.0 5.0 7.0 6.0 c
7.0 6.0 4.0 5.0 c
4.0 5.0 3.0 3.0 c
3.0 3.0 4.0 0.0 c
3.0 0.0 3.0 1.0 c
3.0 1.0 0.0 1.0 c
0.0 1.0 0.0 0.0 c
