Processando arquivo: shirts_mod_sep.txt

Tempo de Inicio (hh:mm:ss.ms) 2026-04-27 10:11:09.755151
Tempo de Termino (hh:mm:ss.ms) 2026-04-27 10:11:19.441973
Tempo Total (hh:mm:ss.ms) 0:00:09.686822

Função Objetivo: 207.44460357600326

0.0 0.0 5.390969556549775 10.336884979919253 c
5.390969556549775 10.336884979919253 5.490187840668224 4.868585461188925 c
6.490187840668224 4.202963204582156 5.490187840668224 4.868585461188925 d
6.490187840668224 4.202963204582156 15.644147001234055 1.4674907076495254 c
15.644147001234057 2.959308415188339 15.644147001234055 1.4674907076495254 d
15.644147001234057 2.959308415188339 23.62702598246605 8.685211294447889 c
23.62702598246605 8.685211294447889 20.88414935623019 2.735549124712349 c
20.88414935623019 2.735549124712349 25.75345646393355 3.820299713420577 c
25.75345646393355 3.820299713420577 30.23584333261572 7.130402369621372 d
28.51344671954348 0.9978611760211393 30.907574172727596 2.8025903523911158 c
30.907574172727596 2.8025903523911158 26.762019053958493 7.61029096084815 c
26.762019053958493 7.61029096084815 31.328289248351435 13.140362336701422 c
31.328289248351435 13.140362336701422 25.753456463933546 15.612359118638365 c
25.753456463933546 15.612359118638365 33.007336578553065 16.904929346161083 c
33.007336578553065 16.904929346161083 33.98183455519272 8.447331189407173 c
33.98183455519272 8.447331189407173 35.74014313539143 10.660401565737018 c
35.74014313539143 10.660401565737018 38.154454180271834 9.277122166037437 c
38.154454180271834 9.277122166037437 39.16301677029678 7.61029096084815 d
39.16301677029678 7.61029096084815 43.72928696468972 13.140362336701422 c
43.72928696468972 13.140362336701422 38.15445418027183 15.612359118638365 c
38.15445418027183 15.612359118638365 45.40833429489135 16.904929346161083 c
45.745140980669305 17.904929346161083 45.40833429489135 16.904929346161083 d
45.745140980669305 17.904929346161083 38.780148455757455 18.902790522182222 c
48.4211559164858 17.904929346161083 45.745140980669305 17.904929346161083 d
48.4211559164858 17.904929346161083 52.54545189789506 23.222526492996963 c
52.54545189789506 23.222526492996963 51.08615733321774 23.91728857034223 c
51.08615733321774 23.91728857034223 53.851189250694425 24.78817337073636 c
53.851189250694425 24.78817337073636 57.02453461031094 20.635973309067477 c
57.02453461031094 20.635973309067477 59.443470659244255 21.296175637260625 c
59.443470659244255 21.296175637260625 56.11019583089306 31.130629247636357 c
56.11019583089306 31.130629247636357 58.52438872683611 28.500831020343114 c
58.52438872683611 28.500831020343114 64.92770198906184 29.549231006100648 c
64.92770198906184 29.549231006100648 61.93452795538337 20.289199551460545 c
61.93452795538337 20.289199551460545 66.0598506858276 24.17191575321285 d
64.92770198906184 18.270933790198548 66.0598506858276 24.17191575321285 c
66.0598506858276 24.17191575321285 68.43051139630943 23.98752090618552 c
68.43051139630943 23.98752090618552 68.97845897250582 27.092834952313208 c
68.97845897250582 27.092834952313208 73.24764263811062 21.930970810816657 c
73.24764263811062 21.930970810816657 72.30087734418358 20.020451892923255 c
72.30087734418358 20.020451892923255 74.24764263811062 19.362408846096905 d
74.24764263811062 19.362408846096905 79.12595271496829 26.054325532843627 c
79.12595271496829 26.054325532843627 84.13519947883486 20.833226577467308 c
85.13519947883486 22.270256981425028 84.13519947883486 20.833226577467308 d
85.13519947883486 22.270256981425028 88.24968021297511 30.613265652218523 c
88.24968021297511 30.613265652218523 87.69729946812578 31.699440468980438 c
87.69729946812578 31.699440468980438 93.57873788382165 34.28211894923608 c
93.57873788382165 34.28211894923608 94.80977442591116 36.12558567503301 c
94.80977442591116 36.12558567503301 92.74845732143655 28.7462405565654 c
92.74845732143655 28.7462405565654 96.15862376573813 25.285535072791575 c
96.15862376573813 25.285535072791575 93.57638206298635 27.37289309919483 c
93.57638206298635 27.37289309919483 91.98896340787743 25.955869762117565 c
91.98896340787743 25.955869762117565 91.0992641058095 22.84226494857704 c
91.0992641058095 22.84226494857704 92.89334233298587 23.335288407548262 c
92.89334233298587 23.335288407548262 90.22619555675573 21.189961616320737 c
90.22619555675573 21.189961616320737 86.14212628348899 17.904929346161083 c
86.14212628348899 17.904929346161083 87.43663886013371 26.371399178573682 c
87.43663886013371 26.371399178573682 85.13519947883486 22.270256981425028 c
84.13519947883486 20.833226577467308 81.08245849267429 17.904929346161083 c
81.08245849267429 17.904929346161083 74.24764263811062 19.362408846096905 c
72.30087734418358 20.020451892923255 69.26978300228505 17.904929346161083 c
69.26978300228505 17.904929346161083 65.47526214615756 19.664782570337884 c
65.47526214615756 19.664782570337884 64.92770198906184 18.270933790198548 c
61.93452795538337 20.289199551460545 48.4211559164858 17.904929346161083 c
38.780148455757455 18.902790522182222 41.17427590894157 20.707519698552197 c
41.17427590894157 20.707519698552197 37.02872079017247 25.515220307009233 c
34.92093991602908 28.241814326080338 37.02872079017247 25.515220307009233 d
34.92093991602908 28.241814326080338 35.02015820014753 22.773514807350008 c
35.02015820014753 22.773514807350008 29.529970359479304 17.904929346161083 c
29.529970359479304 17.904929346161083 34.92093991602908 28.241814326080338 c
37.02872079017247 25.515220307009233 41.59499098456541 31.045291682862505 c
41.59499098456541 31.045291682862505 36.02015820014752 33.51728846479945 c
36.02015820014752 33.51728846479945 43.27403831476704 34.809858692322166 c
43.27403831476704 34.809858692322166 47.50463522005648 37.12558567503301 d
47.50463522005648 37.12558567503301 43.31011719707184 40.08489409022135 c
43.31011719707184 40.08489409022135 43.31011719707184 40.94588538845358 d
43.31011719707184 40.94588538845358 37.395325757356986 37.12558567503301 c
37.395325757356986 37.12558567503301 33.20080773437235 40.08489409022135 c
33.20080773437235 40.08489409022135 41.18368671560434 45.8107969694809 c
41.18368671560434 45.8107969694809 38.44081008936848 39.86113479974536 c
38.44081008936848 39.86113479974536 43.31011719707184 40.94588538845358 c
43.31011719707184 40.08489409022135 51.29299617830384 45.8107969694809 c
51.29299617830384 45.8107969694809 48.550119552067976 39.86113479974536 c
48.550119552067976 39.86113479974536 53.41942665977133 40.94588538845358 c
54.41942665977133 40.08489409022135 53.41942665977133 40.94588538845358 d
54.41942665977133 40.08489409022135 62.40230564100332 45.8107969694809 c
62.40230564100332 45.8107969694809 59.65942901476747 39.86113479974536 c
59.65942901476747 39.86113479974536 64.52873612247083 37.49159011907047 d
64.52873612247083 37.49159011907047 65.66088481923659 43.392572082084776 c
65.66088481923659 43.392572082084776 68.03154552971841 43.20817723505745 c
68.03154552971841 43.20817723505745 68.5794931059148 46.31349128118514 c
68.5794931059148 46.31349128118514 72.8486767715196 41.151627139688586 c
73.8486767715196 41.32854887961516 72.8486767715196 41.151627139688586 d
73.8486767715196 41.32854887961516 83.00263593208544 38.59307638268253 c
84.00956273673957 37.12558567503301 83.00263593208544 38.59307638268253 d
84.00956273673957 37.12558567503301 85.30407531338429 45.59205550744561 c
85.30407531338429 45.59205550744561 83.00263593208544 41.49091331029695 c
83.00263593208544 41.49091331029695 86.11711666622568 49.83392198109045 c
86.11711666622568 49.83392198109045 85.56473592137635 50.920096797852366 c
85.56473592137635 50.920096797852366 91.44617433707222 53.502775278108004 c
91.44617433707222 53.502775278108004 92.67721087916173 55.34624200390493 c
92.67721087916173 55.34624200390493 90.19968493716816 60.28357760632089 d
89.32661638811439 58.63127427406459 85.24254711484765 55.34624200390493 c
85.24254711484765 55.34624200390493 86.53705969149237 63.81271183631753 c
86.53705969149237 63.81271183631753 84.23562031019353 59.71156963916888 c
84.23562031019353 59.71156963916888 84.23562031019353 60.21482746509386 d
84.23562031019353 60.21482746509386 78.7454324695253 55.34624200390493 c
74.75225843584683 57.73051220920439 78.7454324695253 55.34624200390493 d
74.75225843584683 57.73051220920439 61.238886396949255 55.34624200390493 c
61.238886396949255 55.34624200390493 61.23888639694925 56.81373271155446 d
61.23888639694925 56.81373271155446 57.02058813010176 55.34624200390493 c
57.02058813010176 55.34624200390493 58.743361142830274 56.88640373433381 c
58.743361142830274 56.88640373433381 52.08492723638342 59.54920520848709 c
48.09175320270495 57.73051220920439 52.08492723638342 59.54920520848709 d
48.09175320270495 57.73051220920439 34.57838116380738 55.34624200390493 c
34.57838116380738 55.34624200390493 34.57838116380738 56.81373271155446 d
34.57838116380738 56.81373271155446 30.360082896959888 55.34624200390493 c
31.851958394545388 55.34624200390493 30.360082896959888 55.34624200390493 d
31.851958394545388 55.34624200390493 29.79064129007077 47.96689688543732 c
29.79064129007077 47.96689688543732 33.20080773437235 44.5061914016635 c
33.20080773437235 44.5061914016635 30.61856603162058 46.59354942806675 c
30.61856603162058 46.59354942806675 29.031147376511658 45.17652609098949 c
29.031147376511658 45.17652609098949 28.141448074443723 42.062921277448964 c
28.141448074443723 42.062921277448964 29.935526301620087 42.55594473642019 c
29.935526301620087 42.55594473642019 27.268379525389957 40.41061794519266 c
27.268379525389957 40.41061794519266 23.18431025212322 37.12558567503301 c
21.17738344746909 38.59307638268253 23.18431025212322 37.12558567503301 d
21.17738344746909 38.59307638268253 16.9590851806216 37.12558567503301 c
16.9590851806216 37.12558567503301 18.681858193350116 38.665747405461886 c
18.681858193350116 38.665747405461886 12.023424286903259 41.32854887961516 c
11.023424286903259 44.5061914016635 12.023424286903259 41.32854887961516 d
11.023424286903259 44.5061914016635 8.441182584151491 46.59354942806675 c
8.441182584151491 46.59354942806675 6.853763929042566 45.17652609098949 c
6.853763929042566 45.17652609098949 5.96406462697463 42.062921277448964 c
5.96406462697463 42.062921277448964 7.758142854150995 42.55594473642019 c
7.758142854150995 42.55594473642019 5.090996077920865 40.41061794519266 c
5.090996077920865 40.41061794519266 1.0069268046541269 37.12558567503301 c
1.0069268046541269 37.12558567503301 2.3014393812988443 45.59205550744561 c
2.3014393812988443 45.59205550744561 0.0 41.49091331029695 c
0.0 41.49091331029695 3.1144807341402396 49.83392198109045 c
3.1144807341402396 49.83392198109045 2.562099989290917 50.920096797852366 c
2.562099989290917 50.920096797852366 8.443538404986779 53.502775278108004 c
8.443538404986779 53.502775278108004 9.674574947076298 55.34624200390493 c
9.674574947076298 55.34624200390493 7.613257842601678 47.96689688543732 c
7.613257842601678 47.96689688543732 11.023424286903259 44.5061914016635 c
12.023424286903259 41.32854887961516 21.17738344746909 38.59307638268253 c
25.950084477562825 34.28211894923608 23.18431025212322 37.12558567503301 d
25.950084477562825 34.28211894923608 27.18112101965234 36.12558567503301 c
27.18112101965234 36.12558567503301 25.119803915177723 28.7462405565654 c
25.119803915177723 28.7462405565654 28.529970359479304 25.285535072791575 c
28.529970359479304 25.285535072791575 25.947728656727534 27.37289309919483 c
25.947728656727534 27.37289309919483 24.36031000161861 25.955869762117565 c
24.36031000161861 25.955869762117565 23.470610699550676 22.84226494857704 c
23.470610699550676 22.84226494857704 25.26468892672704 23.335288407548262 c
25.26468892672704 23.335288407548262 22.59754215049691 21.189961616320737 c
22.59754215049691 21.189961616320737 18.51347287723017 17.904929346161083 c
18.51347287723017 17.904929346161083 19.80798545387489 26.371399178573682 c
19.80798545387489 26.371399178573682 17.506546072576043 22.270256981425028 c
17.506546072576043 22.270256981425028 20.621026806716284 30.613265652218523 c
20.621026806716284 30.613265652218523 20.06864606186696 31.699440468980438 c
16.506546072576043 29.549231006100648 20.06864606186696 31.699440468980438 d
16.506546072576043 29.549231006100648 13.513372038897574 20.289199551460545 c
13.513372038897574 20.289199551460545 0.0 17.904929346161083 c
0.0 17.904929346161083 4.124295981409262 23.222526492996963 c
4.124295981409262 23.222526492996963 2.66500141673194 23.91728857034223 c
2.66500141673194 23.91728857034223 5.43003333420862 24.78817337073636 c
5.43003333420862 24.78817337073636 8.603378693825137 20.635973309067477 c
8.603378693825137 20.635973309067477 11.02231474275845 21.296175637260625 c
11.02231474275845 21.296175637260625 7.689039914407255 31.130629247636357 c
7.689039914407255 31.130629247636357 10.103232810350303 28.500831020343114 c
10.103232810350303 28.500831020343114 16.506546072576043 29.549231006100648 c
20.06864606186696 31.699440468980438 25.950084477562825 34.28211894923608 c
23.18431025212322 37.12558567503301 24.478822828767935 45.59205550744561 c
24.478822828767935 45.59205550744561 22.17738344746909 41.49091331029695 c
22.17738344746909 41.49091331029695 25.29186418160933 49.83392198109045 c
25.29186418160933 49.83392198109045 24.739483436760008 50.920096797852366 c
24.739483436760008 50.920096797852366 30.620921852455872 53.502775278108004 c
30.620921852455872 53.502775278108004 31.851958394545388 55.34624200390493 c
30.360082896959888 55.34624200390493 32.082855909688405 56.88640373433381 c
32.082855909688405 56.88640373433381 25.424422003241546 59.54920520848709 c
25.424422003241546 59.54920520848709 21.18954737905984 63.097888700588186 d
21.748407067425042 55.34624200390493 14.783414542513194 56.34410317992607 c
14.783414542513194 56.34410317992607 17.177541995697307 58.14883235629605 c
17.177541995697307 58.14883235629605 13.031986876928205 62.95653296475308 c
13.031986876928205 62.95653296475308 11.023424286903259 62.726847730535425 d
11.023424286903259 62.726847730535425 8.441182584151491 64.81420575693868 c
8.441182584151491 64.81420575693868 6.853763929042566 63.397182419861416 c
6.853763929042566 63.397182419861416 5.96406462697463 60.28357760632089 c
5.96406462697463 60.28357760632089 7.758142854150995 60.77660106529211 c
7.758142854150995 60.77660106529211 5.090996077920865 58.63127427406459 c
5.090996077920865 58.63127427406459 1.0069268046541269 55.34624200390493 c
1.0069268046541269 55.34624200390493 2.3014393812988443 63.81271183631753 c
2.3014393812988443 63.81271183631753 0.0 59.71156963916888 c
0.0 59.71156963916888 3.1144807341402396 68.05457830996238 c
3.1144807341402396 68.05457830996238 2.562099989290917 69.14075312672429 c
2.562099989290917 69.14075312672429 8.443538404986779 71.72343160697993 c
8.443538404986779 71.72343160697993 9.674574947076298 73.56689833277686 c
10.153959160565831 73.93290277681433 9.674574947076298 73.56689833277686 d
10.153959160565831 73.93290277681433 11.286107857331583 79.83388473982863 c
9.153959160565831 75.03438904042639 10.153959160565831 73.93290277681433 d
6.658433906446856 75.10706006320574 0.0 77.76986153735902 c
0.0 77.76986153735902 9.153959160565831 75.03438904042639 c
9.153959160565831 75.03438904042639 4.935660893718341 73.56689833277686 c
4.935660893718341 73.56689833277686 6.658433906446856 75.10706006320574 c
11.286107857331583 79.83388473982863 13.656768567813417 79.6494898928013 c
13.656768567813417 79.6494898928013 14.204716144009804 82.75480393892899 c
14.204716144009804 82.75480393892899 18.47389980961461 77.59293979743244 c
19.47389980961461 77.76986153735902 18.47389980961461 77.59293979743244 d
19.47389980961461 77.76986153735902 28.62785897018044 75.03438904042639 c
29.62785897018044 75.02437783271267 28.62785897018044 75.03438904042639 d
29.62785897018044 75.02437783271267 34.50616904703812 81.7162945194594 c
34.50616904703812 81.7162945194594 39.515415810904685 76.49519556408308 c
39.515415810904685 76.49519556408308 36.46267482474413 73.56689833277684 c
36.46267482474413 73.56689833277684 29.62785897018044 75.02437783271267 c
28.62785897018044 75.03438904042639 24.40956070333295 73.56689833277686 c
24.40956070333295 73.56689833277686 26.132333716061467 75.10706006320574 c
26.132333716061467 75.10706006320574 19.47389980961461 77.76986153735902 c
18.47389980961461 77.59293979743244 17.527134515687557 75.68242087953904 c
17.527134515687557 75.68242087953904 14.496040173789044 73.56689833277686 c
14.496040173789044 73.56689833277686 10.701519317661555 75.32675155695367 c
10.701519317661555 75.32675155695367 10.153959160565831 73.93290277681433 c
9.674574947076298 73.56689833277686 7.613257842601678 66.18755321430925 c
7.613257842601678 66.18755321430925 11.023424286903259 62.726847730535425 c
13.031986876928205 62.95653296475308 17.598257071321147 68.48660434060635 c
17.598257071321147 68.48660434060635 12.023424286903257 70.9586011225433 c
12.023424286903257 70.9586011225433 19.27730440152278 72.25117135006602 c
19.27730440152278 72.25117135006602 20.25180237816243 63.793573193312106 c
20.25180237816243 63.793573193312106 22.01011095836114 66.00664356964195 c
22.01011095836114 66.00664356964195 24.424422003241542 64.62336416994236 c
24.424422003241542 64.62336416994236 21.18954737905984 63.097888700588186 c
21.18954737905984 63.097888700588186 16.50581115558543 62.476644373526305 c
16.50581115558543 62.476644373526305 21.748407067425042 55.34624200390493 c
25.424422003241546 59.54920520848709 34.57838116380738 56.81373271155446 c
34.57838116380738 55.34624200390493 38.70267714521664 60.66383915074081 c
38.70267714521664 60.66383915074081 37.24338258053932 61.35860122808608 c
37.24338258053932 61.35860122808608 40.008414498016 62.22948602848021 c
40.008414498016 62.22948602848021 43.181759857632514 58.077285966811324 c
43.181759857632514 58.077285966811324 45.60069590656583 58.737488295004475 c
45.60069590656583 58.737488295004475 42.26742107821464 68.5719419053802 c
42.26742107821464 68.5719419053802 44.681613974157685 65.94214367808696 c
44.681613974157685 65.94214367808696 51.08492723638342 66.99054366384449 c
51.08492723638342 66.99054366384449 48.09175320270495 57.73051220920439 c
52.08492723638342 59.54920520848709 61.23888639694925 56.81373271155446 c
61.238886396949255 55.34624200390493 65.36318237835852 60.66383915074081 c
65.36318237835852 60.66383915074081 63.903887813681195 61.35860122808608 c
63.903887813681195 61.35860122808608 66.66891973115787 62.22948602848021 c
66.66891973115787 62.22948602848021 69.84226509077439 58.077285966811324 c
69.84226509077439 58.077285966811324 72.26120113970771 58.737488295004475 c
72.26120113970771 58.737488295004475 68.92792631135652 68.5719419053802 c
68.92792631135652 68.5719419053802 71.34211920729956 65.94214367808696 c
71.34211920729956 65.94214367808696 77.7454324695253 66.99054366384449 c
77.7454324695253 66.99054366384449 74.75225843584683 57.73051220920439 c
78.7454324695253 55.34624200390493 84.13640202607507 65.6831269838242 c
84.13640202607507 65.6831269838242 84.23562031019353 60.21482746509386 c
84.23562031019353 59.71156963916888 87.35010104433377 68.05457830996238 c
87.35010104433377 68.05457830996238 86.79772029948444 69.14075312672429 c
86.79772029948444 69.14075312672429 83.58972787709837 73.56689833277686 d
83.58972787709837 73.56689833277686 79.79520702097088 75.32675155695367 c
79.79520702097088 75.32675155695367 79.24764686387516 73.93290277681433 c
79.24764686387516 73.93290277681433 80.37979556064091 79.83388473982863 c
78.24764686387516 78.43548379396579 80.37979556064091 79.83388473982863 d
78.24764686387516 78.43548379396579 72.75745902320693 73.56689833277686 c
67.88815191550357 76.30244745748921 72.75745902320693 73.56689833277686 d
72.75745902320693 77.38719804619744 66.84266758349207 73.56689833277686 c
66.84266758349207 73.56689833277686 62.64814956050744 76.5262067479652 c
62.64814956050744 76.5262067479652 61.648149560507434 77.38719804619744 d
61.648149560507434 77.38719804619744 55.73335812079258 73.56689833277686 c
55.73335812079258 73.56689833277686 51.53884009780794 76.5262067479652 c
50.53884009780795 80.94750405940736 51.53884009780794 76.5262067479652 d
47.27355866505568 78.99725739416405 44.60641188882555 76.85193060293652 c
44.60641188882555 76.85193060293652 40.52234261555881 73.56689833277686 c
40.52234261555881 73.56689833277686 41.81685519220353 82.03336816518947 c
41.81685519220353 82.03336816518947 39.515415810904685 77.93222596804081 c
39.515415810904685 77.93222596804081 42.62989654504493 86.2752346388343 c
42.62989654504493 86.2752346388343 42.077515800195606 87.36140945559622 c
42.077515800195606 87.36140945559622 47.95895421589147 89.94408793585185 c
47.95895421589147 89.94408793585185 49.189990757980986 91.78755466164878 c
50.11504127868736 93.15355910568626 49.189990757980986 91.78755466164878 d
50.11504127868736 93.15355910568626 51.24718997545311 99.05454106870056 c
51.24718997545311 99.05454106870056 53.61785068593494 98.87014622167322 c
53.61785068593494 98.87014622167322 54.165798262131325 101.97546026780091 c
54.165798262131325 101.97546026780091 58.43498192773614 96.81359612630436 c
58.43498192773614 96.81359612630436 57.48821663380908 94.90307720841096 c
57.48821663380908 94.90307720841096 62.194972183346074 93.78541583766992 d
62.194972183346074 93.78541583766992 64.5890996365302 95.5901450140399 c
64.5890996365302 95.5901450140399 60.44354451776108 100.39784562249693 c
60.44354451776108 100.39784562249693 65.00981471215403 105.9279169983502 c
65.00981471215403 105.9279169983502 59.43498192773614 108.39991378028715 c
59.43498192773614 108.39991378028715 66.68886204235567 109.69248400780987 c
66.68886204235567 109.69248400780987 64.83191662309899 110.69248400780987 d
64.83191662309899 110.69248400780987 57.99710076853531 112.1499635077457 c
64.83191662309899 110.69248400780987 68.88465760925956 115.05781164307382 d
68.88465760925956 115.05781164307382 71.9991383433998 123.40082031386731 c
71.9991383433998 123.40082031386731 71.44675759855048 124.48699513062923 c
71.44675759855048 124.48699513062923 77.32819601424634 127.06967361088486 c
77.32819601424634 127.06967361088486 78.55923255633586 128.9131403366818 c
78.96411693509205 128.9131403366818 78.55923255633586 128.9131403366818 d
78.96411693509205 128.9131403366818 84.35508649164183 139.25002531660107 c
78.96411693509205 132.93918180133738 78.96411693509205 128.9131403366818 d
78.96411693509205 132.93918180133738 78.017351641165 131.02866288344399 c
78.017351641165 131.02866288344399 74.98625729926648 128.9131403366818 c
74.98625729926648 128.9131403366818 71.19173644313899 130.6729935608586 c
71.19173644313899 130.6729935608586 70.64417628604328 129.27914478071926 c
70.64417628604328 129.27914478071926 68.69741099211623 131.02866288344399 d
68.69741099211623 131.02866288344399 65.66631665021771 128.9131403366818 c
65.66631665021771 128.9131403366818 61.871795794090225 130.6729935608586 c
61.871795794090225 130.6729935608586 61.3242356369945 129.27914478071926 c
61.3242356369945 129.27914478071926 62.456384333760255 135.18012674373358 c
62.456384333760255 135.18012674373358 61.3242356369945 136.2937460633123 d
61.3242356369945 136.2937460633123 58.74199393424273 138.38110408971556 c
58.74199393424273 138.38110408971556 57.15457527913381 136.9640807526383 c
57.15457527913381 136.9640807526383 56.26487597706587 133.85047593909778 c
56.26487597706587 133.85047593909778 58.058954204242234 134.34349939806899 c
58.058954204242234 134.34349939806899 55.3918074280121 132.19817260684147 c
55.3918074280121 132.19817260684147 51.307738154745365 128.9131403366818 c
51.307738154745365 128.9131403366818 52.602250731390086 137.3796101690944 c
52.602250731390086 137.3796101690944 50.30081135009124 133.27846797194576 c
50.30081135009124 133.27846797194576 49.30081135009123 133.78172579787073 d
49.30081135009123 133.78172579787073 43.81062350942301 128.9131403366818 c
42.810623509423 133.78172579787073 43.81062350942301 128.9131403366818 d
42.810623509423 133.78172579787073 37.32043566875478 128.9131403366818 c
37.32043566875478 128.9131403366818 36.373670374827725 131.02866288344399 d
36.373670374827725 131.02866288344399 33.342576032929216 128.9131403366818 c
33.342576032929216 128.9131403366818 29.548055176801725 130.6729935608586 c
29.548055176801725 130.6729935608586 28.000495019706 132.7334400501024 d
28.000495019706 132.7334400501024 22.085703579991147 128.9131403366818 c
22.085703579991147 128.9131403366818 17.89118555700651 131.87244875187014 c
17.89118555700651 131.87244875187014 17.89118555700651 133.78172579787073 d
17.89118555700651 133.78172579787073 12.400997716338285 128.9131403366818 c
9.724982780521785 128.9131403366818 12.400997716338285 128.9131403366818 d
9.724982780521785 128.9131403366818 2.759990255609937 129.91100151270294 c
2.759990255609937 129.91100151270294 5.15411770879405 131.71573068907293 c
5.15411770879405 131.71573068907293 1.0085625900249475 136.52343129752995 c
1.0085625900249475 136.52343129752995 5.5748327844178895 142.05350267338324 c
5.5748327844178895 142.05350267338324 0.0 144.52549945532016 c
1.0069268046541269 147.13379666555375 0.0 144.52549945532016 d
1.0069268046541269 147.13379666555375 2.3014393812988443 155.60026649796635 c
2.3014393812988443 155.60026649796635 0.0 151.4991243008177 c
0.0 151.4991243008177 3.1144807341402396 159.8421329716112 c
3.1144807341402396 159.8421329716112 2.562099989290917 160.9283077883731 c
2.562099989290917 160.9283077883731 8.443538404986779 163.51098626862873 c
8.443538404986779 163.51098626862873 9.674574947076298 165.35445299442566 c
9.674574947076298 165.35445299442566 11.02231474275845 169.74569928552523 d
8.603378693825137 169.08549695733208 11.02231474275845 169.74569928552523 c
11.02231474275845 169.74569928552523 7.689039914407255 179.58015289590097 c
7.689039914407255 179.58015289590097 10.103232810350303 176.95035466860773 c
10.103232810350303 176.95035466860773 16.506546072576043 177.99875465436526 c
16.506546072576043 177.99875465436526 13.513372038897574 168.73872319972517 c
13.513372038897574 168.73872319972517 17.054106229671767 168.11430621860248 d
16.506546072576043 166.72045743846314 17.638694769341793 172.62143940147746 c
17.638694769341793 172.62143940147746 20.00935547982363 172.43704455445013 c
20.00935547982363 172.43704455445013 20.557303056020015 175.5423586005778 c
20.557303056020015 175.5423586005778 24.82648672162482 170.38049445908126 c
24.82648672162482 170.38049445908126 23.879721427697767 168.46997554118786 c
23.879721427697767 168.46997554118786 25.37404687872055 168.11430621860248 d
25.37404687872055 168.11430621860248 24.826486721624825 166.72045743846314 c
24.826486721624825 166.72045743846314 25.958635418390575 172.62143940147746 c
25.958635418390575 172.62143940147746 28.32929612887241 172.43704455445013 c
28.32929612887241 172.43704455445013 28.877243705068796 175.5423586005778 c
28.877243705068796 175.5423586005778 33.14642737067361 170.38049445908126 c
34.14642737067361 169.31376140961402 33.14642737067361 170.38049445908126 d
34.14642737067361 169.31376140961402 42.1293063519056 175.03966428887358 c
42.1293063519056 175.03966428887358 39.38642972566974 169.09000211913803 c
39.38642972566974 169.09000211913803 44.2557368333731 170.17475270784627 c
44.2557368333731 170.17475270784627 38.340945393658245 166.35445299442569 c
38.340945393658245 166.35445299442569 34.14642737067361 169.31376140961402 c
33.14642737067361 170.38049445908126 32.19966207674655 168.46997554118786 c
32.19966207674655 168.46997554118786 29.168567734848036 166.35445299442569 c
29.168567734848036 166.35445299442569 25.37404687872055 168.11430621860248 c
23.879721427697767 168.46997554118786 20.848627085799254 166.35445299442569 c
20.848627085799254 166.35445299442569 17.054106229671767 168.11430621860248 c
17.054106229671767 168.11430621860248 16.506546072576043 166.72045743846314 c
13.513372038897574 168.73872319972517 0.0 166.35445299442569 c
0.0 166.35445299442569 4.124295981409262 171.67205014126156 c
4.124295981409262 171.67205014126156 2.66500141673194 172.36681221860684 c
2.66500141673194 172.36681221860684 5.43003333420862 173.23769701900096 c
5.43003333420862 173.23769701900096 8.603378693825137 169.08549695733208 c
9.674574947076298 165.35445299442566 7.613257842601678 157.97510787595806 c
7.613257842601678 157.97510787595806 11.023424286903259 154.51440239218422 c
11.023424286903259 154.51440239218422 8.441182584151491 156.60176041858747 c
8.441182584151491 156.60176041858747 6.853763929042566 155.1847370815102 c
6.853763929042566 155.1847370815102 5.96406462697463 152.0711322679697 c
5.96406462697463 152.0711322679697 7.758142854150995 152.56415572694092 c
7.758142854150995 152.56415572694092 5.090996077920865 150.4188289357134 c
5.090996077920865 150.4188289357134 1.0069268046541269 147.13379666555375 c
0.0 144.52549945532016 7.253880114619523 145.8180696828429 c
7.253880114619523 145.8180696828429 12.02342428690326 147.13379666555375 d
12.02342428690326 147.13379666555375 17.414393843453034 157.470681645473 c
17.414393843453034 157.470681645473 17.513612127571484 152.00238212674267 c
18.513612127571484 151.3367598701359 17.513612127571484 152.00238212674267 d
18.513612127571484 151.3367598701359 27.667571288137317 148.60128737320326 c
27.66757128813732 147.13379666555375 27.667571288137317 148.60128737320326 d
27.66757128813732 147.13379666555375 33.058540844687094 157.470681645473 c
33.058540844687094 157.470681645473 33.157759128805544 152.00238212674267 c
33.157759128805544 152.00238212674267 27.66757128813732 147.13379666555375 c
27.667571288137317 148.60128737320326 23.449273021289827 147.13379666555375 c
23.449273021289827 147.13379666555375 25.17204603401834 148.6739583959826 c
25.17204603401834 148.6739583959826 18.513612127571484 151.3367598701359 c
17.513612127571484 152.00238212674267 12.02342428690326 147.13379666555375 c
7.253880114619523 145.8180696828429 8.228378091259174 137.360471526089 c
8.228378091259174 137.360471526089 9.986686671457882 139.57354190241884 c
9.986686671457882 139.57354190241884 12.400997716338285 138.19026250271924 c
12.400997716338285 138.19026250271924 9.166123092156582 136.66478703336506 c
9.166123092156582 136.66478703336506 4.482386868682173 136.04354270630319 c
4.482386868682173 136.04354270630319 9.724982780521785 128.9131403366818 c
12.400997716338285 128.9131403366818 17.79196727288806 139.25002531660107 c
17.79196727288806 139.25002531660107 17.89118555700651 133.78172579787073 c
17.89118555700651 131.87244875187014 25.874064538238503 137.5983516311297 c
25.874064538238503 137.5983516311297 23.13118791200264 131.64868946139416 c
23.13118791200264 131.64868946139416 28.000495019706 132.7334400501024 c
29.548055176801725 130.6729935608586 29.000495019706 129.27914478071926 c
29.000495019706 129.27914478071926 30.13264371647175 135.18012674373358 c
30.13264371647175 135.18012674373358 32.503304426953584 134.99573189670625 c
32.503304426953584 134.99573189670625 33.05125200314997 138.10104594283393 c
33.05125200314997 138.10104594283393 37.32043566875478 132.93918180133738 c
37.32043566875478 132.93918180133738 36.373670374827725 131.02866288344399 c
37.32043566875478 128.9131403366818 42.71140522530455 139.25002531660107 c
42.71140522530455 139.25002531660107 42.810623509423 133.78172579787073 c
43.81062350942301 128.9131403366818 49.20159306597278 139.25002531660107 c
49.20159306597278 139.25002531660107 49.30081135009123 133.78172579787073 c
50.30081135009124 133.27846797194576 53.41529208423148 141.62147664273925 c
53.41529208423148 141.62147664273925 52.86291133938216 142.70765145950116 c
52.86291133938216 142.70765145950116 58.74434975507802 145.29032993975682 c
58.74434975507802 145.29032993975682 59.97538629716754 147.13379666555375 c
57.34699949616375 148.13165784157488 59.97538629716754 147.13379666555375 d
57.34699949616375 148.13165784157488 59.74112694934786 149.93638701794487 c
59.74112694934786 149.93638701794487 55.59557183057876 154.7440876264019 c
55.59557183057876 154.7440876264019 51.46057875908632 155.81900796000164 d
53.58700924055381 150.95409637897433 47.67221780083896 147.13379666555375 c
47.67221780083896 147.13379666555375 43.47769977785432 150.09310508074208 c
43.47769977785432 150.09310508074208 42.47769977785432 151.15983813020932 d
42.47769977785432 151.15983813020932 41.53093448392726 149.24931921231592 c
41.53093448392726 149.24931921231592 38.49984014202875 147.13379666555375 c
38.49984014202875 147.13379666555375 34.70531928590126 148.89364988973054 c
34.70531928590126 148.89364988973054 34.15775912880554 147.4998011095912 c
34.15775912880554 147.4998011095912 35.28990782557129 153.40078307260552 c
35.28990782557129 153.40078307260552 37.66056853605312 153.21638822557819 c
37.66056853605312 153.21638822557819 38.208516112249505 156.32170227170587 c
38.208516112249505 156.32170227170587 42.47769977785432 151.15983813020932 c
43.47769977785432 150.09310508074208 51.46057875908632 155.81900796000164 c
51.46057875908632 155.81900796000164 48.717702132850455 149.8693457902661 c
48.717702132850455 149.8693457902661 53.58700924055381 150.95409637897433 c
55.59557183057876 154.7440876264019 60.161842024971705 160.27415900225517 c
60.161842024971705 160.27415900225517 54.58700924055381 162.7461557841921 c
54.58700924055381 162.7461557841921 54.58260428707601 166.35445299442569 d
54.58260428707601 166.35445299442569 55.87711686372073 174.82092282683828 c
55.87711686372073 174.82092282683828 53.57567748242188 170.71978062968964 c
53.57567748242188 170.71978062968964 52.57567748242188 170.38049445908126 d
52.57567748242188 170.38049445908126 51.62891218849482 168.46997554118786 c
51.62891218849482 168.46997554118786 48.597817846596314 166.35445299442569 c
48.597817846596314 166.35445299442569 44.80329699046882 168.11430621860248 c
44.80329699046882 168.11430621860248 44.2557368333731 166.72045743846314 c
44.2557368333731 166.72045743846314 45.38788553013885 172.62143940147746 c
45.38788553013885 172.62143940147746 47.75854624062068 172.43704455445013 c
47.75854624062068 172.43704455445013 48.30649381681707 175.5423586005778 c
48.30649381681707 175.5423586005778 52.57567748242188 170.38049445908126 c
53.57567748242188 170.71978062968964 56.690158216562125 179.06278930048313 c
56.690158216562125 179.06278930048313 56.1377774717128 180.14896411724504 c
56.1377774717128 180.14896411724504 62.01921588740866 182.73164259750067 c
62.01921588740866 182.73164259750067 63.25025242949818 184.5751093232976 c
63.25025242949818 184.5751093232976 66.00780252751309 188.53441773848596 d
66.00780252751309 188.53441773848596 73.9906815087451 194.26032061774552 c
66.00780252751309 188.53441773848596 66.00780252751309 187.04260003094714 d
66.00780252751309 187.04260003094714 61.789504260665595 185.57510932329762 c
61.789504260665595 185.57510932329762 63.51227727339411 187.11527105372647 c
63.51227727339411 187.11527105372647 56.85384336694726 189.77807252787977 c
56.85384336694726 189.77807252787977 56.85384336694725 188.50340655460386 d
56.85384336694725 188.50340655460386 53.801102380786695 185.57510932329762 c
53.801102380786695 185.57510932329762 46.96628652622301 187.03258882323345 c
46.96628652622301 187.03258882323345 46.01952123229595 187.6906318700598 d
46.01952123229595 187.6906318700598 42.98842689039744 185.57510932329762 c
42.98842689039744 185.57510932329762 39.19390603426995 187.33496254747442 c
39.19390603426995 187.33496254747442 38.64634587717423 185.94111376733508 c
38.64634587717423 185.94111376733508 39.77849457393998 191.8420957303494 c
37.646345877174234 190.44369478448655 39.77849457393998 191.8420957303494 d
37.646345877174234 190.44369478448655 32.156158036506014 185.57510932329762 c
27.096798376577382 190.51244492571357 32.156158036506014 185.57510932329762 d
27.096798376577382 190.51244492571357 28.890876603753746 191.0054683846848 c
28.890876603753746 191.0054683846848 26.223729827523616 188.86014159345729 c
26.223729827523616 188.86014159345729 22.139660554256878 185.57510932329762 c
22.139660554256878 185.57510932329762 23.434173130901595 194.04157915571022 c
23.434173130901595 194.04157915571022 21.13273374960275 189.94043695856158 c
21.13273374960275 189.94043695856158 21.132733749602753 189.3954090367182 d
21.132733749602753 189.3954090367182 15.2179423098879 185.57510932329762 c
15.2179423098879 185.57510932329762 11.02342428690326 188.53441773848596 c
11.023424286903259 192.9557150499281 11.02342428690326 188.53441773848596 d
7.758142854150995 191.0054683846848 5.090996077920865 188.86014159345729 c
5.090996077920865 188.86014159345729 1.0069268046541269 185.57510932329762 c
1.0069268046541269 185.57510932329762 2.3014393812988443 194.04157915571022 c
2.3014393812988443 194.04157915571022 0.0 189.94043695856158 c
0.0 189.94043695856158 3.1144807341402396 198.28344562935507 c
3.1144807341402396 198.28344562935507 2.562099989290917 199.36962044611698 c
2.562099989290917 199.36962044611698 8.443538404986779 201.9522989263726 c
8.443538404986779 201.9522989263726 9.674574947076298 203.79576565216954 c
9.674574947076298 203.79576565216954 7.613257842601678 196.41642053370194 c
7.613257842601678 196.41642053370194 11.023424286903259 192.9557150499281 c
11.023424286903259 192.9557150499281 8.441182584151491 195.04307307633135 c
8.441182584151491 195.04307307633135 6.853763929042566 193.62604973925409 c
6.853763929042566 193.62604973925409 5.96406462697463 190.51244492571357 c
5.96406462697463 190.51244492571357 7.758142854150995 191.0054683846848 c
11.02342428690326 188.53441773848596 19.006303268135255 194.26032061774552 c
19.006303268135255 194.26032061774552 16.263426641899393 188.31065844800997 c
16.263426641899393 188.31065844800997 21.132733749602753 189.3954090367182 c
21.13273374960275 189.94043695856158 24.24721448374299 198.28344562935507 c
24.24721448374299 198.28344562935507 23.694833738893667 199.36962044611698 c
23.694833738893667 199.36962044611698 29.57627215458953 201.9522989263726 c
29.57627215458953 201.9522989263726 30.807308696679048 203.79576565216954 c
30.807308696679048 203.79576565216954 28.74599159220443 196.41642053370194 c
28.74599159220443 196.41642053370194 32.156158036506014 192.9557150499281 c
32.156158036506014 192.9557150499281 29.57391633375424 195.04307307633135 c
29.57391633375424 195.04307307633135 27.986497678645318 193.62604973925409 c
27.986497678645318 193.62604973925409 27.096798376577382 190.51244492571357 c
32.156158036506014 185.57510932329762 37.547127593055784 195.9119943032169 c
37.547127593055784 195.9119943032169 37.646345877174234 190.44369478448655 c
39.77849457393998 191.8420957303494 42.14915528442181 191.65770088332206 c
42.14915528442181 191.65770088332206 42.697102860618195 194.76301492944975 c
42.697102860618195 194.76301492944975 46.96628652622301 189.6011507879532 c
46.96628652622301 189.6011507879532 46.01952123229595 187.6906318700598 c
46.96628652622301 187.03258882323345 51.84459660308069 193.72450550998016 c
51.84459660308069 193.72450550998016 56.85384336694725 188.50340655460386 c
56.85384336694726 189.77807252787977 66.00780252751309 187.04260003094714 c
73.9906815087451 194.26032061774552 71.24780488250923 188.31065844800997 c
71.24780488250923 188.31065844800997 76.11711199021259 189.3954090367182 c
76.11711199021259 189.3954090367182 70.20232055049773 185.57510932329762 c
70.20232055049773 185.57510932329762 66.00780252751309 188.53441773848596 c
63.25025242949818 184.5751093232976 61.18893532502356 177.19576420483 c
61.18893532502356 177.19576420483 64.59910176932515 173.73505872105616 c
64.59910176932515 173.73505872105616 64.59910176932515 169.31376140961402 d
64.59910176932515 169.31376140961402 72.58198075055715 175.03966428887358 c
72.58198075055715 175.03966428887358 69.83910412432128 169.09000211913803 c
69.83910412432128 169.09000211913803 74.70841123202464 170.17475270784627 c
75.70841123202464 170.55741619900783 74.70841123202464 170.17475270784627 d
75.70841123202464 170.55741619900783 84.86237039259048 167.8219437020752 c
84.86237039259048 167.8219437020752 80.64407212574298 166.35445299442569 c
80.64407212574298 166.35445299442569 82.36684513847149 167.89461472485453 c
85.86237039259048 166.35445299442569 82.36684513847149 167.89461472485453 d
85.86237039259048 166.35445299442569 91.25333994914025 176.69133797434495 c
85.86237039259048 166.35445299442569 85.98252255301716 165.35445299442566 d
85.98252255301716 165.35445299442566 83.92120544854255 157.97510787595806 c
83.92120544854255 157.97510787595806 87.33137189284413 154.51440239218422 c
87.33137189284413 154.51440239218422 84.74913019009236 156.60176041858747 c
84.74913019009236 156.60176041858747 83.16171153498344 155.1847370815102 c
83.16171153498344 155.1847370815102 82.2720122329155 152.0711322679697 c
82.2720122329155 152.0711322679697 84.06609046009186 152.56415572694092 c
84.06609046009186 152.56415572694092 81.39894368386173 150.4188289357134 c
81.39894368386173 150.4188289357134 77.314874410595 147.13379666555375 c
77.314874410595 147.13379666555375 78.60938698723972 155.60026649796635 c
78.60938698723972 155.60026649796635 76.30794760594087 151.4991243008177 c
76.30794760594087 151.4991243008177 76.30794760594087 151.15983813020932 d
76.30794760594087 151.15983813020932 75.36118231201382 149.24931921231592 c
75.36118231201382 149.24931921231592 72.3300879701153 147.13379666555375 c
72.3300879701153 147.13379666555375 68.53556711398781 148.89364988973054 c
68.53556711398781 148.89364988973054 67.9880069568921 147.4998011095912 c
67.9880069568921 147.4998011095912 69.12015565365785 153.40078307260552 c
69.12015565365785 153.40078307260552 71.49081636413968 153.21638822557819 c
71.49081636413968 153.21638822557819 72.03876394033607 156.32170227170587 c
72.03876394033607 156.32170227170587 76.30794760594087 151.15983813020932 c
76.30794760594087 151.4991243008177 79.42242834008111 159.8421329716112 c
79.42242834008111 159.8421329716112 78.87004759523178 160.9283077883731 c
78.87004759523178 160.9283077883731 84.75148601092765 163.51098626862873 c
84.75148601092765 163.51098626862873 85.98252255301716 165.35445299442566 c
91.25333994914025 176.69133797434495 91.35255823325869 171.2230384556146 c
91.35255823325869 171.2230384556146 85.86237039259048 166.35445299442569 c
82.36684513847149 167.89461472485453 75.70841123202464 170.55741619900783 c
74.70841123202464 170.17475270784627 68.79361979230978 166.35445299442569 c
68.79361979230978 166.35445299442569 64.59910176932515 169.31376140961402 c
64.59910176932515 173.73505872105616 62.01686006657337 175.8224167474594 c
62.01686006657337 175.8224167474594 60.42944141146445 174.40539341038215 c
60.42944141146445 174.40539341038215 59.539742109396514 171.29178859684163 c
59.539742109396514 171.29178859684163 61.33382033657288 171.78481205581286 c
61.33382033657288 171.78481205581286 58.666673560342744 169.63948526458535 c
58.666673560342744 169.63948526458535 54.58260428707601 166.35445299442569 c
54.58700924055381 162.7461557841921 61.84088935517333 164.03872601171483 c
61.84088935517333 164.03872601171483 62.815387331812985 155.58112785496093 c
62.815387331812985 155.58112785496093 64.57369591201169 157.79419823129078 c
64.57369591201169 157.79419823129078 66.9880069568921 156.41091883159118 c
66.9880069568921 156.41091883159118 63.75313233271039 154.885443362237 c
63.75313233271039 154.885443362237 59.06939610923598 154.26419903517512 c
59.06939610923598 154.26419903517512 64.3119920210756 147.13379666555375 c
64.3119920210756 147.13379666555375 57.34699949616375 148.13165784157488 c
59.97538629716754 147.13379666555375 57.914069192692914 139.75445154708612 c
57.914069192692914 139.75445154708612 61.3242356369945 136.2937460633123 c
62.456384333760255 135.18012674373358 64.82704504424208 134.99573189670625 c
64.82704504424208 134.99573189670625 65.37499262043848 138.10104594283393 c
65.37499262043848 138.10104594283393 69.64417628604328 132.93918180133738 c
69.64417628604328 132.93918180133738 68.69741099211623 131.02866288344399 c
70.64417628604328 129.27914478071926 71.77632498280903 135.18012674373358 c
71.77632498280903 135.18012674373358 74.14698569329086 134.99573189670625 c
74.14698569329086 134.99573189670625 74.69493326948725 138.10104594283393 c
74.69493326948725 138.10104594283393 78.96411693509205 132.93918180133738 c
84.35508649164183 139.25002531660107 84.45430477576028 133.78172579787073 c
85.45430477576028 130.37061983661764 84.45430477576028 133.78172579787073 d
85.45430477576028 130.37061983661764 90.33261485261795 137.06253652336434 c
90.33261485261795 137.06253652336434 95.34186161648452 131.84143756798804 c
95.34186161648452 131.84143756798804 92.28912063032395 128.9131403366818 c
92.28912063032395 128.9131403366818 85.45430477576028 130.37061983661764 c
84.45430477576028 133.78172579787073 78.96411693509205 128.9131403366818 c
78.55923255633586 128.9131403366818 76.49791545186125 121.5337952182142 c
76.49791545186125 121.5337952182142 79.90808189616283 118.07308973444037 c
79.90808189616283 118.07308973444037 77.32584019341105 120.16044776084362 c
77.32584019341105 120.16044776084362 75.73842153830213 118.74342442376636 c
75.73842153830213 118.74342442376636 74.8487222362342 115.62981961022582 c
74.8487222362342 115.62981961022582 76.64280046341057 116.12284306919706 c
80.90808189616283 112.1499635077457 76.64280046341057 116.12284306919706 d
80.90808189616283 112.1499635077457 85.7863919730205 118.84188019449242 c
85.7863919730205 118.84188019449242 90.79563873688707 113.6207812391161 c
90.79563873688707 113.6207812391161 87.7428977507265 110.69248400780987 c
87.7428977507265 110.69248400780987 80.90808189616283 112.1499635077457 c
76.64280046341057 116.12284306919706 73.97565368718043 113.97751627796953 c
73.97565368718043 113.97751627796953 69.89158441391369 110.69248400780987 c
69.89158441391369 110.69248400780987 71.18609699055841 119.15895384022247 c
71.18609699055841 119.15895384022247 68.88465760925956 115.05781164307382 c
57.99710076853531 112.1499635077457 56.99710076853531 112.1599747154594 d
56.99710076853531 112.1599747154594 52.77880250168782 110.69248400780987 c
52.77880250168782 110.69248400780987 47.84314160796948 112.1599747154594 d
47.84314160796948 112.1599747154594 43.62484334112199 110.69248400780987 c
43.62484334112199 110.69248400780987 45.347616353850505 112.23264573823874 c
45.347616353850505 112.23264573823874 38.68918244740365 114.89544721239203 c
38.68918244740365 114.89544721239203 37.68918244740366 115.56106946899878 d
37.68918244740366 115.56106946899878 32.19899460673544 110.69248400780987 c
32.19899460673543 115.56106946899878 32.19899460673544 110.69248400780987 d
32.19899460673543 115.56106946899878 26.70880676606721 110.69248400780987 c
26.708806766067205 115.56106946899878 26.70880676606721 110.69248400780987 d
26.708806766067205 115.56106946899878 21.21861892539898 110.69248400780987 c
21.21861892539898 110.69248400780987 21.218618925398985 114.51278372123045 d
21.218618925398985 114.51278372123045 15.303827485684131 110.69248400780987 c
15.303827485684131 110.69248400780987 11.109309462699493 113.65179242299821 c
7.253880114619523 109.69248400780987 11.109309462699493 113.65179242299821 d
7.253880114619523 109.69248400780987 8.228378091259174 101.23488585105596 c
8.228378091259174 101.23488585105596 9.986686671457882 103.4479562273858 c
9.986686671457882 103.4479562273858 12.400997716338285 102.06467682768621 c
12.400997716338285 102.06467682768621 9.166123092156582 100.53920135833204 c
9.166123092156582 100.53920135833204 4.482386868682173 99.91795703127016 c
4.482386868682173 99.91795703127016 9.724982780521785 92.78755466164878 c
12.400997716338285 92.78755466164878 9.724982780521785 92.78755466164878 d
12.400997716338285 92.78755466164878 16.525293697747546 98.10515180848466 c
16.525293697747546 98.10515180848466 15.065999133070225 98.79991388582992 c
15.065999133070225 98.79991388582992 17.831031050546905 99.67079868622406 c
17.831031050546905 99.67079868622406 21.004376410163424 95.51859862455517 c
21.004376410163424 95.51859862455517 23.423312459096735 96.17880095274832 c
23.423312459096735 96.17880095274832 20.09003763074554 106.01325456312405 c
20.09003763074554 106.01325456312405 22.504230526688588 103.38345633583081 c
22.504230526688588 103.38345633583081 28.907543788914325 104.43185632158834 c
28.907543788914325 104.43185632158834 25.91436975523586 95.17182486694824 c
25.91436975523586 95.17182486694824 29.90754378891433 94.24503416158461 d
29.90754378891433 94.24503416158461 34.78585386577201 100.93695084833134 c
34.78585386577201 100.93695084833134 39.795100629638576 95.71585189295502 c
41.3426607867343 94.54740788582559 39.795100629638576 95.71585189295502 d
41.3426607867343 94.54740788582559 40.795100629638576 93.15355910568626 c
40.795100629638576 93.15355910568626 41.92724932640433 99.05454106870056 c
41.92724932640433 99.05454106870056 44.29791003688616 98.87014622167322 c
44.29791003688616 98.87014622167322 44.84585761308254 101.97546026780091 c
44.84585761308254 101.97546026780091 49.11504127868736 96.81359612630436 c
49.11504127868736 96.81359612630436 48.1682759847603 94.90307720841096 c
48.1682759847603 94.90307720841096 45.13718164286179 92.78755466164878 c
45.13718164286179 92.78755466164878 41.3426607867343 94.54740788582559 c
39.795100629638576 95.71585189295502 36.74235964347802 92.78755466164878 c
36.74235964347802 92.78755466164878 29.90754378891433 94.24503416158461 c
25.91436975523586 95.17182486694824 12.400997716338285 92.78755466164878 c
9.724982780521785 92.78755466164878 2.759990255609937 93.78541583766992 c
2.759990255609937 93.78541583766992 5.15411770879405 95.5901450140399 c
5.15411770879405 95.5901450140399 1.0085625900249475 100.39784562249693 c
1.0085625900249475 100.39784562249693 5.5748327844178895 105.9279169983502 c
5.5748327844178895 105.9279169983502 0.0 108.39991378028715 c
0.0 108.39991378028715 7.253880114619523 109.69248400780987 c
11.109309462699493 113.65179242299821 10.109309462699493 114.51278372123045 d
10.109309462699493 114.51278372123045 4.194518022984639 110.69248400780987 c
4.194518022984639 110.69248400780987 0.0 113.65179242299821 c
0.0 113.65179242299821 7.982878981231996 119.37769530225776 c
7.982878981231996 119.37769530225776 5.240002354996134 113.42803313252222 c
5.240002354996134 113.42803313252222 10.109309462699493 114.51278372123045 c
11.109309462699493 113.65179242299821 19.092188443931487 119.37769530225776 c
19.092188443931487 119.37769530225776 16.349311817695625 113.42803313252222 c
16.349311817695625 113.42803313252222 21.218618925398985 114.51278372123045 c
21.21861892539898 110.69248400780987 26.609588481948755 121.02936898772911 c
26.609588481948755 121.02936898772911 26.708806766067205 115.56106946899878 c
26.70880676606721 110.69248400780987 32.09977632261698 121.02936898772911 c
32.09977632261698 121.02936898772911 32.19899460673543 115.56106946899878 c
32.19899460673544 110.69248400780987 37.58996416328521 121.02936898772911 c
37.58996416328521 121.02936898772911 37.68918244740366 115.56106946899878 c
38.68918244740365 114.89544721239203 47.84314160796948 112.1599747154594 c
52.77880250168782 110.69248400780987 54.50157551441634 112.23264573823874 c
54.50157551441634 112.23264573823874 47.843141607969486 114.89544721239203 c
47.843141607969486 114.89544721239203 56.99710076853531 112.1599747154594 c
57.99710076853531 112.1499635077457 62.87541084539299 118.84188019449242 c
62.87541084539299 118.84188019449242 67.88465760925956 113.6207812391161 c
67.88465760925956 113.6207812391161 64.83191662309899 110.69248400780987 c
66.68886204235567 109.69248400780987 67.6633600189953 101.23488585105596 c
67.6633600189953 101.23488585105596 69.42166859919402 103.4479562273858 c
69.42166859919402 103.4479562273858 71.83597964407443 102.06467682768621 c
71.83597964407443 102.06467682768621 68.60110501989271 100.53920135833204 c
68.60110501989271 100.53920135833204 63.917368796418316 99.91795703127016 c
63.917368796418316 99.91795703127016 69.15996470825792 92.78755466164878 c
71.83597964407443 92.78755466164878 69.15996470825792 92.78755466164878 d
71.83597964407443 92.78755466164878 75.96027562548369 98.10515180848466 c
75.96027562548369 98.10515180848466 74.50098106080637 98.79991388582992 c
74.50098106080637 98.79991388582992 77.26601297828304 99.67079868622406 c
77.26601297828304 99.67079868622406 80.43935833789956 95.51859862455517 c
80.43935833789956 95.51859862455517 82.85829438683288 96.17880095274832 c
82.85829438683288 96.17880095274832 79.52501955848169 106.01325456312405 c
79.52501955848169 106.01325456312405 81.93921245442473 103.38345633583081 c
81.93921245442473 103.38345633583081 88.34252571665047 104.43185632158834 c
88.34252571665047 104.43185632158834 85.349351682972 95.17182486694824 c
89.34252571665047 96.99051786623095 85.349351682972 95.17182486694824 d
89.34252571665047 96.99051786623095 98.4964848772163 94.25504536929832 c
98.4964848772163 94.25504536929832 94.2781866103688 92.78755466164878 c
94.2781866103688 92.78755466164878 96.00095962309732 94.32771639207766 c
96.00095962309732 94.32771639207766 89.34252571665047 96.99051786623095 c
85.349351682972 95.17182486694824 71.83597964407443 92.78755466164878 c
69.15996470825792 92.78755466164878 62.194972183346074 93.78541583766992 c
57.48821663380908 94.90307720841096 54.45712229191057 92.78755466164878 c
54.45712229191057 92.78755466164878 50.66260143578308 94.54740788582559 c
50.66260143578308 94.54740788582559 50.11504127868736 93.15355910568626 c
49.189990757980986 91.78755466164878 47.12867365350636 84.40820954318119 c
47.12867365350636 84.40820954318119 50.53884009780795 80.94750405940736 c
50.53884009780795 80.94750405940736 47.956598395056176 83.03486208581062 c
47.956598395056176 83.03486208581062 46.369179739947256 81.61783874873335 c
46.369179739947256 81.61783874873335 45.47948043787932 78.50423393519281 c
45.47948043787932 78.50423393519281 47.27355866505568 78.99725739416405 c
51.53884009780794 76.5262067479652 59.52171907903994 82.25210962722475 c
59.52171907903994 82.25210962722475 56.77884245280408 76.30244745748921 c
56.77884245280408 76.30244745748921 61.648149560507434 77.38719804619744 c
62.64814956050744 76.5262067479652 70.63102854173944 82.25210962722475 c
70.63102854173944 82.25210962722475 67.88815191550357 76.30244745748921 c
67.88815191550357 76.30244745748921 72.75745902320693 77.38719804619744 c
72.75745902320693 73.56689833277686 78.14842857975671 83.9037833126961 c
78.14842857975671 83.9037833126961 78.24764686387516 78.43548379396579 c
80.37979556064091 79.83388473982863 82.75045627112274 79.6494898928013 c
82.75045627112274 79.6494898928013 83.29840384731914 82.75480393892899 c
83.29840384731914 82.75480393892899 87.56758751292394 77.59293979743244 c
88.56758751292394 76.5262067479652 87.56758751292394 77.59293979743244 d
88.56758751292394 76.5262067479652 96.55046649415594 82.25210962722475 c
96.55046649415594 82.25210962722475 93.80758986792007 76.30244745748921 c
93.80758986792007 76.30244745748921 98.67689697562344 77.38719804619744 c
98.67689697562344 77.38719804619744 92.76210553590857 73.56689833277686 c
92.76210553590857 73.56689833277686 88.56758751292394 76.5262067479652 c
87.56758751292394 77.59293979743244 86.62082221899689 75.68242087953904 c
86.62082221899689 75.68242087953904 83.58972787709837 73.56689833277686 c
86.79772029948444 69.14075312672429 92.67915871518031 71.72343160697993 c
92.67915871518031 71.72343160697993 93.91019525726982 73.56689833277686 c
93.91019525726982 73.56689833277686 91.84887815279521 66.18755321430925 c
91.84887815279521 66.18755321430925 95.25904459709679 62.726847730535425 c
95.25904459709679 62.726847730535425 92.67680289434502 64.81420575693868 c
92.67680289434502 64.81420575693868 91.0893842392361 63.397182419861416 c
91.0893842392361 63.397182419861416 90.19968493716816 60.28357760632089 c
90.19968493716816 60.28357760632089 91.99376316434453 60.77660106529211 c
91.99376316434453 60.77660106529211 89.32661638811439 58.63127427406459 c
92.67721087916173 55.34624200390493 90.61589377468712 47.96689688543732 c
90.61589377468712 47.96689688543732 94.0260602189887 44.5061914016635 c
94.0260602189887 44.5061914016635 91.44381851623693 46.59354942806675 c
91.44381851623693 46.59354942806675 89.85639986112801 45.17652609098949 c
89.85639986112801 45.17652609098949 88.96670055906007 42.062921277448964 c
88.96670055906007 42.062921277448964 90.76077878623644 42.55594473642019 c
90.76077878623644 42.55594473642019 88.0936320100063 40.41061794519266 c
88.0936320100063 40.41061794519266 84.00956273673957 37.12558567503301 c
83.00263593208544 38.59307638268253 78.78433766523794 37.12558567503301 c
78.78433766523794 37.12558567503301 80.50711067796647 38.665747405461886 c
80.50711067796647 38.665747405461886 73.8486767715196 41.32854887961516 c
72.8486767715196 41.151627139688586 71.90191147759256 39.24110822179518 c
71.90191147759256 39.24110822179518 68.87081713569404 37.12558567503301 c
68.87081713569404 37.12558567503301 65.07629627956655 38.88543889920981 c
65.07629627956655 38.88543889920981 64.52873612247083 37.49159011907047 c
59.65942901476747 39.86113479974536 64.52873612247083 40.94588538845358 c
64.52873612247083 40.94588538845358 58.61394468275597 37.12558567503301 c
58.61394468275597 37.12558567503301 54.41942665977133 40.08489409022135 c
53.41942665977133 40.94588538845358 47.50463522005648 37.12558567503301 c
43.27403831476704 34.809858692322166 44.248536291406694 26.352260535568256 c
44.248536291406694 26.352260535568256 46.0068448716054 28.5653309118981 c
46.0068448716054 28.5653309118981 48.42115591648581 27.18205151219852 c
48.42115591648581 27.18205151219852 45.1862812923041 25.65657604284434 c
45.1862812923041 25.65657604284434 40.50254506882969 25.035331715782455 c
40.50254506882969 25.035331715782455 45.745140980669305 17.904929346161083 c
45.40833429489135 16.904929346161083 46.382832271531 8.447331189407173 c
46.382832271531 8.447331189407173 48.14114085172971 10.660401565737018 c
48.14114085172971 10.660401565737018 50.555451896610116 9.277122166037437 c
50.555451896610116 9.277122166037437 47.32057727242841 7.751646696683256 c
47.32057727242841 7.751646696683256 51.55545189661011 4.202963204582156 d
51.55545189661011 4.202963204582156 60.709411057175934 1.4674907076495254 c
60.709411057175934 1.4674907076495254 56.491112790328444 0.0 c
56.491112790328444 0.0 58.21388580305696 1.5401617304288742 c
58.21388580305696 1.5401617304288742 60.70941105717594 4.202963204582156 d
60.70941105717594 4.202963204582156 69.86337021774177 1.4674907076495254 c
70.86337021774177 0.0 69.86337021774177 1.4674907076495254 d
70.86337021774177 0.0 74.98766619915104 5.3175971468358805 c
74.98766619915104 5.3175971468358805 73.52837163447371 6.012359224181148 c
73.52837163447371 6.012359224181148 76.29340355195039 6.883244024575276 c
76.29340355195039 6.883244024575276 79.46674891156691 2.7310439629063934 c
79.46674891156691 2.7310439629063934 81.88568496050023 3.3912462910995433 c
81.88568496050023 3.3912462910995433 78.55241013214903 13.225699901475274 c
78.55241013214903 13.225699901475274 80.96660302809208 10.595901674182029 c
80.96660302809208 10.595901674182029 87.36991629031782 11.644301659939565 c
87.36991629031782 11.644301659939565 84.37674225663935 2.3842702052994627 c
87.36991629031783 1.4574794999358218 84.37674225663935 2.3842702052994627 d
87.36991629031783 1.4574794999358218 92.2482263671755 8.149396186682543 c
92.2482263671755 8.149396186682543 97.25747313104208 2.9282972313062245 c
97.25747313104208 2.9282972313062245 94.2047321448815 0.0 c
94.2047321448815 0.0 87.36991629031783 1.4574794999358218 c
84.37674225663935 2.3842702052994627 70.86337021774177 0.0 c
69.86337021774177 1.4674907076495254 65.64507195089428 0.0 c
65.64507195089428 0.0 67.36784496362279 1.5401617304288742 c
67.36784496362279 1.5401617304288742 60.70941105717594 4.202963204582156 c
58.21388580305696 1.5401617304288742 51.55545189661011 4.202963204582156 c
47.32057727242841 7.751646696683256 42.636841048954 7.130402369621372 c
42.636841048954 7.130402369621372 47.87943696079361 0.0 c
47.87943696079361 0.0 40.91444443588176 0.9978611760211393 c
40.91444443588176 0.9978611760211393 43.308571889065874 2.8025903523911158 c
43.308571889065874 2.8025903523911158 39.16301677029678 7.61029096084815 c
38.154454180271834 9.277122166037437 34.91957955609013 7.751646696683256 c
34.91957955609013 7.751646696683256 30.23584333261572 7.130402369621372 c
30.23584333261572 7.130402369621372 35.47843924445533 0.0 c
35.47843924445533 0.0 28.51344671954348 0.9978611760211393 c
25.75345646393355 3.820299713420577 19.838665024218695 0.0 c
19.838665024218695 0.0 15.644147001234057 2.959308415188339 c
15.644147001234055 1.4674907076495254 11.425848734386564 0.0 c
11.425848734386564 0.0 13.14862174711508 1.5401617304288742 c
13.14862174711508 1.5401617304288742 6.490187840668224 4.202963204582156 c
5.490187840668224 4.868585461188925 0.0 0.0 c
