Processando arquivo: trousers_pack.txt

Tempo de Inicio (hh:mm:ss.ms) 2026-04-27 10:05:09.486834
Tempo de Termino (hh:mm:ss.ms) 2026-04-27 10:05:12.821250
Tempo Total (hh:mm:ss.ms) 0:00:03.334416

Função Objetivo: 250.0225000000006

0.0 0.0 2.0 2.0 d
2.0 2.0 6.0 0.0 c
6.0 0.0 10.0 2.0 c
10.0 2.0 12.0 10.0 c
12.0 10.0 12.0 8.0 c
12.0 8.0 39.0 5.0 c
39.0 5.0 49.0 2.0 c
49.0 2.0 53.0 0.0 c
53.0 0.0 59.0 3.0 c
59.0 3.0 68.0 6.0 c
68.0 6.0 70.0 10.0 d
68.0 2.0 71.0 0.0 c
71.0 0.0 76.0 2.0 c
76.0 2.0 76.0 0.0 c
76.0 0.0 88.0 0.0 c
88.0 0.0 88.0 5.0 c
88.0 5.0 90.0 2.0 d
90.0 2.0 94.0 0.0 c
94.0 0.0 98.0 2.0 c
100.0 0.0 98.0 2.0 d
100.0 0.0 115.0 4.0 c
115.0 4.0 113.0 7.0 c
113.0 7.0 117.0 11.0 d
115.0 10.0 117.0 2.0 c
117.0 2.0 121.0 0.0 c
121.0 0.0 125.0 2.0 c
127.0 0.0 125.0 2.0 d
127.0 0.0 142.0 4.0 c
142.0 4.0 142.0 0.0 d
142.0 2.0 142.0 0.0 c
142.0 0.0 163.0 0.0 c
163.0 0.0 163.0 2.0 c
163.0 2.0 166.0 0.0 c
166.0 0.0 171.0 2.0 c
171.0 2.0 171.0 10.0 c
171.0 10.0 173.0 2.0 c
173.0 2.0 177.0 0.0 c
177.0 0.0 181.0 2.0 c
181.0 2.0 183.0 10.0 c
184.0 7.0 183.0 10.0 d
184.0 7.0 183.0 6.0 c
183.0 6.0 184.0 1.0 c
184.0 1.0 186.0 0.0 c
186.0 0.0 188.0 1.0 c
188.0 1.0 189.0 6.0 c
189.0 6.0 188.0 7.0 c
188.0 7.0 184.0 7.0 c
183.0 10.0 181.0 11.0 c
181.0 11.0 173.0 11.0 c
173.0 11.0 171.0 10.0 c
171.0 10.0 165.0 10.0 c
165.0 10.0 163.0 2.0 c
163.0 2.0 142.0 2.0 c
142.0 4.0 140.0 7.0 c
140.0 7.0 127.0 6.0 c
127.0 6.0 127.0 0.0 c
125.0 2.0 127.0 10.0 c
127.0 10.0 125.0 11.0 c
125.0 11.0 117.0 11.0 c
117.0 11.0 115.0 10.0 c
113.0 7.0 100.0 6.0 c
100.0 6.0 100.0 0.0 c
98.0 2.0 100.0 10.0 c
100.0 10.0 98.0 11.0 c
98.0 11.0 90.0 11.0 c
90.0 11.0 88.0 10.0 c
88.0 10.0 90.0 2.0 c
88.0 5.0 76.0 5.0 c
76.0 5.0 76.0 2.0 c
76.0 2.0 76.0 5.0 d
76.0 5.0 76.0 10.0 c
76.0 10.0 70.0 10.0 c
70.0 10.0 68.0 2.0 c
68.0 6.0 68.0 22.0 c
68.0 22.0 77.0 22.0 c
77.0 22.0 77.0 25.0 d
77.0 25.0 89.0 24.0 c
89.0 24.0 91.0 22.0 c
91.0 22.0 101.0 25.0 c
101.0 25.0 110.0 26.0 c
110.0 26.0 136.0 27.0 c
136.0 27.0 136.0 28.0 c
136.0 28.0 137.0 23.0 c
137.0 23.0 139.0 22.0 c
139.0 22.0 141.0 23.0 c
141.0 23.0 142.0 28.0 c
142.0 28.0 142.0 22.0 c
142.0 22.0 157.0 26.0 c
157.0 24.0 157.0 26.0 d
157.0 24.0 157.0 22.0 c
157.0 22.0 178.0 22.0 c
178.0 22.0 178.0 24.0 c
178.0 24.0 157.0 24.0 c
157.0 26.0 155.0 29.0 c
155.0 29.0 142.0 28.0 c
142.0 28.0 141.0 29.0 c
141.0 29.0 137.0 29.0 c
137.0 29.0 136.0 28.0 c
136.0 28.0 136.0 38.0 c
136.0 38.0 81.0 38.0 c
81.0 38.0 81.0 33.0 c
81.0 33.0 79.0 30.0 c
79.0 30.0 77.0 30.0 c
77.0 30.0 77.0 25.0 c
77.0 22.0 77.0 24.0 c
77.0 24.0 56.0 24.0 c
56.0 24.0 56.0 22.0 c
56.0 22.0 68.0 22.0 c
68.0 22.0 56.0 22.0 d
56.0 22.0 41.0 22.0 c
41.0 22.0 47.0 25.0 c
47.0 25.0 56.0 28.0 c
56.0 28.0 56.0 44.0 c
56.0 44.0 14.0 44.0 c
14.0 44.0 24.0 47.0 c
24.0 47.0 33.0 48.0 c
33.0 48.0 59.0 49.0 c
59.0 49.0 59.0 52.0 c
59.0 52.0 86.0 49.0 c
86.0 49.0 96.0 46.0 c
96.0 46.0 100.0 44.0 c
100.0 44.0 106.0 47.0 c
106.0 47.0 115.0 50.0 c
115.0 50.0 115.0 49.0 d
115.0 49.0 115.0 44.0 c
115.0 44.0 128.0 44.0 c
128.0 44.0 149.0 44.0 c
149.0 44.0 149.0 46.0 c
149.0 46.0 128.0 46.0 c
128.0 46.0 128.0 44.0 c
128.0 44.0 128.0 46.0 d
128.0 46.0 128.0 49.0 c
128.0 49.0 115.0 49.0 c
115.0 50.0 115.0 66.0 c
115.0 66.0 127.0 66.0 c
127.0 66.0 127.0 69.0 c
127.0 69.0 139.0 68.0 c
139.0 68.0 141.0 66.0 c
141.0 66.0 151.0 69.0 c
149.0 66.0 151.0 69.0 d
149.0 66.0 149.0 52.0 c
149.0 52.0 176.0 49.0 c
176.0 49.0 186.0 46.0 c
186.0 46.0 190.0 44.0 c
190.0 44.0 196.0 47.0 c
196.0 47.0 205.0 50.0 c
205.0 50.0 205.0 66.0 c
205.0 66.0 149.0 66.0 c
151.0 69.0 160.0 70.0 c
160.0 70.0 186.0 71.0 c
186.0 71.0 186.0 82.0 c
186.0 82.0 131.0 82.0 c
131.0 82.0 131.0 77.0 c
131.0 77.0 129.0 74.0 c
129.0 74.0 127.0 74.0 c
127.0 74.0 127.0 71.0 c
127.0 71.0 127.0 69.0 c
127.0 69.0 127.0 71.0 d
127.0 71.0 115.0 71.0 c
115.0 71.0 115.0 66.0 c
115.0 66.0 70.0 66.0 c
70.0 66.0 80.0 69.0 c
80.0 69.0 89.0 70.0 c
89.0 70.0 115.0 71.0 c
115.0 71.0 115.0 82.0 c
115.0 82.0 60.0 82.0 c
60.0 82.0 60.0 77.0 c
60.0 77.0 58.0 74.0 c
58.0 74.0 56.0 74.0 c
56.0 74.0 56.0 88.0 c
56.0 88.0 59.0 91.0 d
59.0 91.0 71.0 90.0 c
71.0 90.0 73.0 88.0 c
73.0 88.0 83.0 91.0 c
83.0 91.0 92.0 92.0 c
92.0 92.0 118.0 93.0 c
118.0 93.0 118.0 90.0 d
118.0 90.0 121.0 88.0 c
121.0 88.0 126.0 90.0 c
126.0 90.0 126.0 88.0 c
126.0 88.0 139.0 89.0 c
139.0 89.0 139.0 92.0 c
139.0 92.0 141.0 90.0 d
141.0 90.0 145.0 88.0 c
145.0 88.0 149.0 90.0 c
149.0 90.0 151.0 90.0 d
151.0 88.0 172.0 88.0 c
172.0 88.0 172.0 90.0 c
172.0 90.0 175.0 88.0 c
175.0 88.0 180.0 90.0 c
180.0 90.0 180.0 94.0 c
180.0 94.0 181.0 89.0 c
181.0 89.0 183.0 88.0 c
183.0 88.0 185.0 89.0 c
186.0 88.0 185.0 89.0 d
186.0 88.0 200.0 88.0 c
200.0 88.0 200.0 93.0 c
200.0 93.0 186.0 93.0 c
186.0 93.0 186.0 88.0 c
185.0 89.0 186.0 94.0 c
186.0 94.0 185.0 95.0 c
185.0 95.0 181.0 95.0 c
181.0 95.0 180.0 94.0 c
180.0 94.0 180.0 98.0 c
180.0 98.0 174.0 98.0 c
174.0 98.0 172.0 90.0 c
172.0 90.0 151.0 90.0 c
151.0 90.0 151.0 88.0 c
149.0 90.0 151.0 98.0 c
151.0 98.0 149.0 99.0 c
149.0 99.0 141.0 99.0 c
141.0 99.0 139.0 98.0 c
139.0 98.0 141.0 90.0 c
139.0 92.0 126.0 92.0 c
126.0 92.0 126.0 90.0 c
126.0 90.0 126.0 92.0 d
126.0 92.0 126.0 98.0 c
126.0 98.0 120.0 98.0 c
120.0 98.0 118.0 90.0 c
118.0 93.0 118.0 104.0 c
118.0 104.0 167.0 104.0 c
167.0 104.0 181.0 105.0 c
181.0 105.0 181.0 104.0 c
181.0 104.0 196.0 108.0 c
196.0 108.0 194.0 111.0 c
194.0 111.0 181.0 110.0 c
181.0 110.0 181.0 108.0 c
181.0 108.0 181.0 105.0 c
181.0 105.0 181.0 108.0 d
181.0 108.0 167.0 108.0 c
167.0 108.0 167.0 104.0 c
167.0 104.0 167.0 108.0 d
167.0 108.0 167.0 109.0 c
167.0 109.0 115.0 109.0 c
115.0 109.0 115.0 104.0 c
115.0 104.0 118.0 104.0 c
118.0 104.0 115.0 104.0 d
115.0 104.0 70.0 104.0 c
70.0 104.0 80.0 107.0 c
80.0 107.0 89.0 108.0 c
89.0 108.0 115.0 109.0 c
115.0 109.0 115.0 120.0 c
115.0 120.0 60.0 120.0 c
60.0 120.0 60.0 115.0 c
60.0 115.0 58.0 112.0 c
58.0 112.0 56.0 112.0 c
56.0 112.0 56.0 110.0 c
56.0 110.0 56.0 107.0 c
56.0 107.0 68.0 106.0 c
68.0 106.0 70.0 104.0 c
70.0 104.0 63.0 104.0 c
63.0 104.0 63.0 99.0 c
63.0 99.0 61.0 96.0 c
61.0 96.0 59.0 96.0 c
59.0 96.0 59.0 93.0 c
59.0 93.0 59.0 91.0 c
56.0 88.0 14.0 88.0 c
14.0 88.0 24.0 91.0 c
24.0 91.0 33.0 92.0 c
33.0 92.0 59.0 93.0 c
59.0 93.0 59.0 96.0 d
59.0 96.0 59.0 104.0 c
59.0 104.0 41.0 104.0 c
41.0 104.0 47.0 107.0 c
47.0 107.0 56.0 110.0 c
56.0 110.0 56.0 112.0 d
56.0 112.0 56.0 126.0 c
56.0 126.0 59.0 128.0 d
59.0 128.0 62.0 126.0 c
62.0 126.0 67.0 128.0 c
67.0 128.0 70.0 126.0 c
70.0 126.0 75.0 128.0 c
75.0 128.0 78.0 126.0 c
78.0 126.0 83.0 128.0 c
83.0 130.0 83.0 126.0 d
83.0 128.0 83.0 126.0 c
83.0 126.0 98.0 127.0 c
98.0 127.0 98.0 128.0 c
98.0 128.0 101.0 126.0 c
101.0 126.0 106.0 128.0 c
106.0 128.0 106.0 134.0 c
106.0 134.0 133.0 131.0 c
133.0 131.0 143.0 128.0 c
143.0 128.0 147.0 126.0 c
147.0 126.0 153.0 129.0 c
153.0 129.0 162.0 132.0 c
162.0 131.0 162.0 132.0 d
162.0 131.0 162.0 126.0 c
162.0 126.0 206.0 126.0 c
206.0 126.0 206.0 131.0 c
206.0 131.0 162.0 131.0 c
162.0 132.0 162.0 148.0 c
162.0 148.0 177.0 152.0 c
177.0 150.0 177.0 152.0 d
177.0 150.0 177.0 148.0 c
177.0 148.0 198.0 148.0 c
198.0 148.0 198.0 150.0 c
198.0 150.0 177.0 150.0 c
177.0 152.0 175.0 155.0 c
175.0 155.0 162.0 154.0 c
162.0 154.0 162.0 148.0 c
162.0 148.0 156.0 148.0 c
156.0 148.0 160.0 150.0 c
160.0 150.0 162.0 158.0 c
162.0 158.0 160.0 159.0 c
160.0 159.0 152.0 159.0 c
152.0 159.0 150.0 158.0 c
150.0 158.0 152.0 150.0 c
152.0 150.0 156.0 148.0 c
156.0 148.0 144.0 148.0 c
144.0 148.0 148.0 150.0 c
148.0 150.0 150.0 158.0 c
150.0 158.0 148.0 159.0 c
148.0 159.0 140.0 159.0 c
140.0 159.0 138.0 158.0 c
138.0 158.0 140.0 150.0 c
140.0 150.0 144.0 148.0 c
144.0 148.0 123.0 148.0 c
123.0 148.0 129.0 151.0 c
129.0 151.0 138.0 154.0 c
138.0 154.0 138.0 158.0 c
138.0 158.0 138.0 170.0 c
138.0 170.0 135.0 170.0 c
135.0 170.0 135.0 172.0 c
135.0 172.0 114.0 172.0 c
114.0 172.0 114.0 170.0 c
114.0 170.0 135.0 170.0 c
135.0 170.0 114.0 170.0 d
114.0 170.0 99.0 170.0 c
99.0 170.0 114.0 174.0 c
114.0 174.0 112.0 177.0 c
112.0 177.0 99.0 176.0 c
99.0 176.0 99.0 174.0 c
99.0 174.0 99.0 170.0 c
99.0 170.0 84.0 170.0 c
84.0 170.0 99.0 174.0 c
99.0 174.0 97.0 177.0 c
97.0 177.0 84.0 176.0 c
84.0 176.0 83.0 177.0 c
83.0 177.0 79.0 177.0 c
79.0 177.0 78.0 176.0 c
78.0 176.0 78.0 172.0 d
78.0 172.0 57.0 172.0 c
57.0 172.0 57.0 175.0 c
57.0 175.0 0.0 175.0 c
0.0 175.0 0.0 170.0 c
0.0 170.0 57.0 170.0 c
57.0 170.0 57.0 172.0 c
57.0 172.0 57.0 170.0 d
57.0 170.0 78.0 170.0 c
78.0 170.0 78.0 172.0 c
78.0 176.0 79.0 171.0 c
79.0 171.0 81.0 170.0 c
81.0 170.0 83.0 171.0 c
83.0 171.0 84.0 176.0 c
84.0 176.0 84.0 170.0 c
84.0 170.0 82.0 170.0 c
82.0 170.0 82.0 156.0 c
82.0 156.0 82.0 152.0 d
82.0 152.0 69.0 152.0 c
69.0 152.0 69.0 153.0 c
69.0 153.0 27.0 153.0 c
27.0 153.0 27.0 148.0 c
25.0 150.0 27.0 148.0 d
25.0 150.0 27.0 158.0 c
27.0 158.0 25.0 159.0 c
25.0 159.0 17.0 159.0 c
17.0 159.0 15.0 158.0 c
15.0 158.0 17.0 150.0 c
15.0 152.0 17.0 150.0 d
15.0 152.0 13.0 155.0 c
13.0 155.0 0.0 154.0 c
0.0 154.0 0.0 148.0 c
0.0 148.0 15.0 152.0 c
17.0 150.0 21.0 148.0 c
21.0 148.0 25.0 150.0 c
27.0 148.0 69.0 148.0 c
69.0 148.0 69.0 152.0 c
69.0 152.0 69.0 148.0 d
69.0 148.0 82.0 149.0 c
82.0 149.0 82.0 152.0 c
82.0 156.0 109.0 153.0 c
109.0 153.0 119.0 150.0 c
119.0 150.0 123.0 148.0 c
123.0 148.0 106.0 148.0 c
106.0 148.0 106.0 136.0 c
106.0 136.0 106.0 134.0 c
106.0 134.0 106.0 136.0 d
106.0 136.0 100.0 136.0 c
100.0 136.0 98.0 128.0 c
98.0 128.0 98.0 130.0 c
98.0 130.0 83.0 130.0 c
83.0 130.0 83.0 128.0 c
83.0 128.0 83.0 130.0 d
83.0 130.0 83.0 136.0 c
83.0 136.0 77.0 136.0 c
77.0 136.0 75.0 128.0 c
75.0 128.0 75.0 136.0 c
75.0 136.0 69.0 136.0 c
69.0 136.0 67.0 128.0 c
67.0 128.0 67.0 136.0 c
67.0 136.0 61.0 136.0 c
61.0 136.0 59.0 128.0 c
56.0 126.0 14.0 126.0 c
14.0 126.0 24.0 129.0 c
24.0 129.0 33.0 130.0 c
33.0 130.0 59.0 131.0 c
59.0 131.0 59.0 142.0 c
59.0 142.0 4.0 142.0 c
4.0 142.0 4.0 137.0 c
4.0 137.0 2.0 134.0 c
2.0 134.0 0.0 134.0 c
0.0 134.0 0.0 129.0 c
0.0 129.0 12.0 128.0 c
12.0 128.0 14.0 126.0 c
14.0 126.0 0.0 126.0 c
0.0 126.0 0.0 112.0 c
0.0 112.0 27.0 109.0 c
27.0 109.0 37.0 106.0 c
37.0 106.0 41.0 104.0 c
41.0 104.0 4.0 104.0 c
4.0 104.0 4.0 99.0 c
4.0 99.0 2.0 96.0 c
2.0 96.0 0.0 96.0 c
0.0 96.0 0.0 91.0 c
0.0 91.0 12.0 90.0 c
12.0 90.0 14.0 88.0 c
14.0 88.0 0.0 88.0 c
0.0 88.0 0.0 74.0 c
0.0 74.0 27.0 71.0 c
27.0 71.0 37.0 68.0 c
37.0 68.0 41.0 66.0 c
41.0 66.0 47.0 69.0 c
47.0 69.0 56.0 72.0 c
56.0 72.0 56.0 74.0 c
56.0 74.0 56.0 72.0 d
56.0 72.0 56.0 69.0 c
56.0 69.0 68.0 68.0 c
68.0 68.0 70.0 66.0 c
70.0 66.0 59.0 66.0 c
59.0 66.0 59.0 60.0 c
59.0 60.0 59.0 52.0 c
59.0 52.0 59.0 60.0 d
59.0 60.0 4.0 60.0 c
4.0 60.0 4.0 55.0 c
4.0 55.0 2.0 52.0 c
2.0 52.0 0.0 52.0 c
0.0 52.0 0.0 47.0 c
0.0 47.0 12.0 46.0 c
12.0 46.0 14.0 44.0 c
14.0 44.0 0.0 44.0 c
0.0 44.0 0.0 30.0 c
0.0 30.0 27.0 27.0 c
27.0 27.0 37.0 24.0 c
37.0 24.0 41.0 22.0 c
41.0 22.0 12.0 22.0 c
12.0 22.0 12.0 10.0 c
12.0 10.0 10.0 11.0 c
10.0 11.0 2.0 11.0 c
2.0 11.0 0.0 10.0 c
0.0 10.0 2.0 2.0 c
2.0 2.0 0.0 0.0 d
