Processando arquivo: albano_mod_pack.txt

Tempo de Inicio (hh:mm:ss.ms) 2026-04-26 15:02:33.252637
Tempo de Termino (hh:mm:ss.ms) 2026-04-26 15:02:34.255002
Tempo Total (hh:mm:ss.ms) 0:00:01.002365

Função Objetivo: 7098.747146137613

0.0 0.0 804.7970003957515 996.1974368823248 d
1034.3620827217367 810.7389295509307 353.2015793981909 1361.0273659260238 c
353.2015793981909 1361.0273659260238 316.79908403685704 1660.10043720066 c
316.79908403685704 1660.10043720066 0.0 2028.0920401923975 c
0.0 2028.0920401923975 339.61175730820514 2484.266692594986 c
339.61175730820514 2484.266692594986 765.0084455722906 2621.0431157394887 c
765.0084455722906 2621.0431157394887 2571.766621828488 808.9947208881241 c
2571.766621828488 867.5266226205757 2571.766621828488 808.9947208881241 d
2571.766621828488 867.5266226205757 3180.7581843287535 929.8444763255527 c
3180.7581843287535 929.8444763255527 3274.3608994990577 65.73651272559391 c
3425.9525637328215 123.66755936863612 3274.3608994990577 65.73651272559391 d
3425.9525637328215 123.66755936863612 3274.3608994990577 245.6635682637064 c
3274.3608994990577 245.6635682637064 3460.403786195488 546.0551003203899 c
3460.403786195488 546.0551003203899 3647.049760421367 853.2927738272746 c
3647.049760421367 853.2927738272746 3746.1244463983994 1193.8197586482581 c
3746.1244463983994 1193.8197586482581 3860.344111853426 1536.1223854588486 c
3860.344111853426 1536.1223854588486 4043.509307778973 1503.3067778672264 c
4043.509307778973 1503.3067778672264 4239.909330352775 1471.4591391775284 c
4239.909330352775 1471.4591391775284 4124.028630259478 1293.0775048468984 c
4124.028630259478 1293.0775048468984 4003.902152121846 1120.6181807118508 c
4003.902152121846 1120.6181807118508 3953.396425017809 930.7748473127093 c
3953.396425017809 930.7748473127093 3905.4600155742123 733.671241993219 c
4239.909330352775 723.1708084985296 3905.4600155742123 733.671241993219 d
4239.909330352775 723.1708084985296 5008.858972026676 2217.684065239477 c
5008.858972026676 2217.684065239477 5305.1762121193915 2686.7796284650826 d
4690.246310849436 2621.0431157394887 4602.581934448823 3488.5697383600645 c
4138.644486201225 2765.6920576722828 4690.246310849436 2621.0431157394887 d
4138.644486201225 2765.6920576722828 3411.919702618715 2621.0431157394883 c
3411.919702618715 2621.0431157394883 3091.4411692894173 2744.6501561267087 c
2674.6976953472254 2835.9894601057968 3091.4411692894173 2744.6501561267087 d
2674.6976953472254 2835.9894601057968 2524.1927074933847 2621.0431157394887 c
2524.1927074933847 2621.0431157394887 0.0 4487.657342286068 c
0.0 4487.657342286068 158.06163434238806 4701.91603446971 c
158.06163434238806 4701.91603446971 2674.6976953472254 2835.9894601057968 c
3091.4411692894173 2744.6501561267087 2674.6976953472254 3344.213924238018 c
2674.6976953472254 3344.213924238018 3443.647337021126 4838.727180978965 c
3442.704178615761 4904.463693704559 3443.647337021126 4838.727180978965 d
3442.704178615761 4904.463693704559 2827.7742773458044 4838.727180978965 c
2827.7742773458044 4838.727180978965 2740.1099009451914 5706.253803599541 c
2626.8661577407784 5721.194785950272 2740.1099009451914 5706.253803599541 d
2626.8661577407784 5721.194785950272 2711.809117982424 5441.214188928778 c
2711.809117982424 5441.214188928778 2469.347976760084 5231.65993280134 c
2469.347976760084 5231.65993280134 2218.0773322356495 5028.874389466702 c
2218.0773322356495 5028.874389466702 2029.4519354339743 5180.911358743004 c
2029.4519354339743 5180.911358743004 1799.288005074997 5119.05499594249 c
1799.288005074997 5119.05499594249 1559.7155260505463 5061.293923046051 c
1559.7155260505463 5061.293923046051 1520.6426521479286 4946.433937491314 c
1520.6426521479286 4946.433937491314 1471.0270969804321 4838.727180978965 c
1471.0270969804321 4838.727180978965 1157.5826354080048 4902.438918777815 c
1157.5826354080048 4902.438918777815 839.3481264719661 4963.671868117177 c
839.3481264719661 4963.671868117177 719.5925858362875 5539.014003817798 c
719.5925858362875 5539.014003817798 428.84325263801065 5681.601998683115 c
428.84325263801065 5681.601998683115 368.6971403895377 6218.849103431116 c
368.6971403895377 6218.849103431116 311.8424348062041 6760.844454591231 c
311.8424348062041 6760.844454591231 153.12481467064606 7248.657265258513 c
153.12481467064606 7248.657265258513 0.0 7733.347702036868 c
0.0 7733.347702036868 1068.3198035695582 8005.368315887896 c
1053.21280725433 8273.437965432531 1068.3198035695582 8005.368315887896 d
1053.21280725433 8273.437965432531 965.5484308537172 9140.964588053106 c
729.5412526227882 9394.056146144383 965.5484308537172 9140.964588053106 d
729.5412526227882 9394.056146144383 679.0355255187515 9204.212812745242 c
679.0355255187515 9204.212812745242 631.0991160751547 9007.10920742575 c
631.0991160751547 9007.10920742575 407.40886901053074 8675.98155035429 c
407.40886901053074 8675.98155035429 357.51832489400056 8478.117719917213 c
357.51832489400056 8478.117719917213 297.398684980562 8273.437965432531 c
297.398684980562 8273.437965432531 151.5916642337639 8397.105524801167 c
151.5916642337639 8397.105524801167 0.0 8519.101533696237 c
0.0 8519.101533696237 186.04288669643034 8819.493065752922 c
186.04288669643034 8819.493065752922 372.6888609223093 9126.730739259807 c
372.6888609223093 9126.730739259807 471.76354689934146 9467.25772408079 c
471.76354689934146 9467.25772408079 585.9832123543681 9809.560350891381 c
585.9832123543681 9809.560350891381 769.1484082799153 9776.744743299758 c
769.1484082799153 9776.744743299758 965.5484308537172 9744.89710461006 c
965.5484308537172 9744.89710461006 849.6677307604205 9566.51547027943 c
849.6677307604205 9566.51547027943 729.5412526227882 9394.056146144383 c
965.5484308537172 9140.964588053106 1574.5399933539825 9203.282441758083 c
1668.1427085242867 9506.973185208437 1574.5399933539825 9203.282441758083 d
1668.1427085242867 9506.973185208437 1695.9165575154816 9580.242332381571 c
1695.9165575154816 9580.242332381571 1717.9946871319826 9647.13972226172 c
1717.9946871319826 9647.13972226172 2069.1607591342877 9370.781110409675 c
2069.1607591342877 9370.781110409675 2423.5711173913487 9089.555375461054 c
2423.5711173913487 9089.555375461054 2642.581004041097 8694.54992976671 c
2642.581004041097 8694.54992976671 3288.1789000092335 9116.31278313668 d
3288.1789000092335 9116.31278313668 3228.0327877607606 9653.559887884681 c
3228.0327877607606 9653.559887884681 3171.1780821774273 10195.555239044796 c
3171.1780821774273 10195.555239044796 3012.460462041869 10683.368049712077 c
3012.460462041869 10683.368049712077 2859.335647371223 11168.058486490434 c
2869.16530680905 11708.148749886097 2859.335647371223 11168.058486490434 d
2869.16530680905 11708.148749886097 2723.358286062252 11831.816309254733 c
2723.358286062252 11831.816309254733 2571.766621828488 11953.812318149803 c
2571.766621828488 11953.812318149803 2757.8095085249183 12254.203850206488 c
2757.8095085249183 12254.203850206488 2571.766621828488 12517.143470774221 d
2571.766621828488 12517.143470774221 1759.0354773366407 11708.148749886097 c
1759.0354773366407 11708.148749886097 1034.3620827217367 12518.887679437028 c
1034.3620827217367 12518.887679437028 353.2015793981909 13069.17611581212 c
353.2015793981909 13069.17611581212 316.79908403685704 13368.249187086758 c
316.79908403685704 13368.249187086758 0.0 13736.240790078495 c
0.0 13736.240790078495 339.61175730820514 14192.415442481084 c
339.61175730820514 14192.415442481084 765.0084455722906 14329.191865625586 c
1041.9879998455076 14386.598714212218 765.0084455722906 14329.191865625586 d
1041.9879998455076 14386.598714212218 826.0828268864933 14729.574896822554 c
826.0828268864933 14729.574896822554 615.8937327934443 15087.352402902208 c
615.8937327934443 15087.352402902208 309.77277962526205 15356.839078574912 c
309.77277962526205 15356.839078574912 0.0 15620.133933988123 c
0.0 15620.133933988123 27.77384899119498 15693.403081161257 c
27.77384899119498 15693.403081161257 49.851978607695855 15760.300471041406 c
49.851978607695855 15760.300471041406 401.0180506100008 15483.941859189361 c
401.0180506100008 15483.941859189361 755.4284088670622 15202.71612424074 c
755.4284088670622 15202.71612424074 974.4382955168105 14807.710678546397 c
1191.1929388469362 15109.769522710747 974.4382955168105 14807.710678546397 d
1191.1929388469362 15109.769522710747 1960.142580520837 16604.282779451692 c
1960.142580520837 16604.282779451692 3119.077177948533 16140.97785283793 c
3119.077177948533 16140.97785283793 2655.139729700936 14531.247656145011 c
2655.139729700936 14531.247656145011 1928.4149461184254 14386.598714212218 c
1928.4149461184254 14386.598714212218 1607.936412789128 14510.205754599438 c
1607.936412789128 14510.205754599438 1191.1929388469362 15109.769522710747 c
974.4382955168105 14807.710678546397 1191.1929388469362 14409.543063312409 c
1191.1929388469362 14409.543063312409 1116.1839290520472 14395.08889519222 c
1116.1839290520472 14395.08889519222 1041.9879998455076 14386.598714212218 c
765.0084455722906 14329.191865625586 2571.766621828488 12517.143470774221 c
2757.8095085249183 12254.203850206488 2944.4554827507973 12561.441523713373 c
2944.4554827507973 12561.441523713373 3043.5301687278297 12901.968508534355 c
3043.5301687278297 12901.968508534355 3157.7498341828564 13244.271135344947 c
3157.7498341828564 13244.271135344947 3340.9150301084032 13211.455527753324 c
3340.9150301084032 13211.455527753324 3537.315052682205 13179.607889063625 c
3537.315052682205 13179.607889063625 3421.4343525889085 13001.226254732996 c
3421.4343525889085 13001.226254732996 3301.3078744512763 12828.766930597949 c
3301.3078744512763 12828.766930597949 3250.8021473472395 12638.923597198807 c
3250.8021473472395 12638.923597198807 3202.8657379036426 12441.819991879316 c
3202.8657379036426 12441.819991879316 2979.175490839019 12110.692334807856 c
2979.175490839019 12110.692334807856 2929.2849467224887 11912.828504370778 c
2929.2849467224887 11912.828504370778 2869.16530680905 11708.148749886097 c
2859.335647371223 11168.058486490434 3927.6554509407815 11440.07910034146 c
3927.6554509407815 11440.07910034146 4996.94226600416 11708.148749886097 c
4976.086744057792 11781.670505984377 4996.94226600416 11708.148749886097 d
4976.086744057792 11781.670505984377 4306.637717146689 11708.148749886097 c
4306.637717146689 11708.148749886097 4282.412951446212 11891.537100957468 c
4282.412951446212 11891.537100957468 4254.97749945194 12081.37447853039 c
4254.97749945194 12081.37447853039 4082.479883325418 12183.399396041566 c
4082.479883325418 12183.399396041566 3919.051367229145 12285.829813291322 c
3919.051367229145 12285.829813291322 3850.1767517913445 13087.207529347343 c
3850.1767517913445 13087.207529347343 3692.9893465562805 13547.518814415012 c
3692.9893465562805 13547.518814415012 3537.315052682205 14018.36320236179 c
3537.315052682205 14018.36320236179 4128.317788333661 14200.30114402309 c
4128.317788333661 14200.30114402309 4727.41211151891 14386.598714212218 c
4583.023968802533 14531.247656145011 4727.41211151891 14386.598714212218 d
4583.023968802533 14531.247656145011 3856.299185220022 14386.598714212218 c
3856.299185220022 14386.598714212218 3535.820651890725 14510.205754599438 c
3535.820651890725 14510.205754599438 3119.077177948533 15109.769522710747 c
3119.077177948533 15109.769522710747 3888.026819622434 16604.282779451692 c
3888.026819622434 16604.282779451692 5046.96141705013 16140.97785283793 c
5046.96141705013 16140.97785283793 5046.96141705013 15620.133933988123 d
5096.813395657826 15760.300471041406 5447.9794676601305 15483.941859189361 c
5447.9794676601305 15483.941859189361 5802.389825917192 15202.71612424074 c
5802.389825917192 15202.71612424074 6021.39971256694 14807.710678546397 c
6021.39971256694 14807.710678546397 6238.154355897066 14409.543063312409 c
6238.154355897066 14409.543063312409 6163.145346102177 14395.08889519222 c
6163.145346102177 14395.08889519222 6088.949416895637 14386.598714212218 c
6088.949416895637 14386.598714212218 5956.87527565573 14200.30114402309 d
5956.87527565573 14200.30114402309 6555.9695988409785 14386.598714212218 c
6555.9695988409785 14386.598714212218 7194.430027326342 11960.228921132006 c
7194.430027326342 11960.228921132006 6998.130510820569 11873.929502680425 c
6998.130510820569 11873.929502680425 6804.644231379861 11781.670505984377 c
6804.644231379861 11781.670505984377 6135.195204468758 11708.148749886097 c
6135.195204468758 11708.148749886097 6110.9704387682805 11891.537100957468 c
6110.9704387682805 11891.537100957468 6083.534986774009 12081.37447853039 c
6083.534986774009 12081.37447853039 5911.037370647487 12183.399396041566 c
5911.037370647487 12183.399396041566 5747.608854551213 12285.829813291322 c
5747.608854551213 12285.829813291322 5678.734239113413 13087.207529347343 c
5678.734239113413 13087.207529347343 5521.546833878349 13547.518814415012 c
5521.546833878349 13547.518814415012 5365.872540004273 14018.36320236179 c
5365.872540004273 14018.36320236179 5956.87527565573 14200.30114402309 c
6088.949416895637 14386.598714212218 5873.044243936623 14729.574896822554 c
5873.044243936623 14729.574896822554 5662.855149843574 15087.352402902208 c
5662.855149843574 15087.352402902208 5356.734196675392 15356.839078574912 c
5356.734196675392 15356.839078574912 5046.96141705013 15620.133933988123 c
5046.96141705013 15620.133933988123 5074.735266041324 15693.403081161257 c
5074.735266041324 15693.403081161257 5096.813395657826 15760.300471041406 c
5046.96141705013 16140.97785283793 4583.023968802533 14531.247656145011 c
4727.41211151891 14386.598714212218 5365.872540004273 11960.228921132006 c
5365.872540004273 11960.228921132006 5169.5730234985 11873.929502680425 c
5169.5730234985 11873.929502680425 4976.086744057792 11781.670505984377 c
4996.94226600416 11708.148749886097 5098.504534701376 11211.5207376403 c
5098.504534701376 11211.5207376403 5194.291487000496 10708.111616040378 c
5194.291487000496 10708.111616040378 5394.264004498018 10205.01072553821 c
5394.264004498018 10205.01072553821 5599.445548316415 9695.57413689297 c
5599.445548316415 9695.57413689297 5501.121132351303 9566.858893112025 c
5501.121132351303 9566.858893112025 5409.839782799661 9435.643032669635 c
5409.839782799661 9435.643032669635 5486.201805112001 9155.905570403836 c
5486.201805112001 9155.905570403836 5571.144765353647 8875.924973382342 c
5571.144765353647 8875.924973382342 5328.683624131307 8666.370717254904 c
5328.683624131307 8666.370717254904 5077.412979606872 8463.585173920268 c
5077.412979606872 8463.585173920268 4888.787582805197 8615.622143196568 c
4888.787582805197 8615.622143196568 4658.62365244622 8553.765780396054 c
4658.62365244622 8553.765780396054 4419.051173421769 8496.004707499615 c
4419.051173421769 8496.004707499615 4379.978299519152 8381.144721944878 c
4379.978299519152 8381.144721944878 4330.362744351655 8273.437965432531 c
4330.362744351655 8273.437965432531 4016.918282779228 8337.14970323138 c
4016.918282779228 8337.14970323138 3698.683773843189 8398.38265257074 c
3698.683773843189 8398.38265257074 3578.9282332075104 8973.724788271364 c
3578.9282332075104 8973.724788271364 3288.1789000092335 9116.31278313668 c
2642.581004041097 8694.54992976671 2859.335647371223 8296.382314532722 c
2859.335647371223 8296.382314532722 2784.326637576334 8281.928146412534 c
2784.326637576334 8281.928146412534 2710.1307083697943 8273.437965432531 c
2710.1307083697943 8273.437965432531 2494.22553541078 8616.414148042868 c
2494.22553541078 8616.414148042868 2284.0364413177313 8974.191654122522 c
2284.0364413177313 8974.191654122522 1977.9154881495488 9243.678329795226 c
1977.9154881495488 9243.678329795226 1668.1427085242867 9506.973185208437 c
1574.5399933539825 9203.282441758083 1668.1427085242867 8339.174478158126 c
1668.1427085242867 8339.174478158126 1053.21280725433 8273.437965432531 c
1068.3198035695582 8005.368315887896 2137.6066186329376 8273.437965432531 c
2137.6066186329376 8273.437965432531 2239.1688873301528 7776.809953186735 c
2239.1688873301528 7776.809953186735 2334.955839629273 7273.400831586812 c
2334.955839629273 7273.400831586812 2534.9283571267947 6770.299941084645 c
2534.9283571267947 6770.299941084645 2740.1099009451914 6260.8633524394045 c
2740.1099009451914 6260.8633524394045 2641.7854849800797 6132.14810865846 c
2641.7854849800797 6132.14810865846 2550.504135428438 6000.9322482160715 c
2550.504135428438 6000.9322482160715 2626.8661577407784 5721.194785950272 c
2740.1099009451914 5706.253803599541 3349.101463445457 5768.571657304517 c
3442.7041786157615 6072.262400754871 3349.101463445457 5768.571657304517 d
3442.7041786157615 6072.262400754871 3470.4780276069564 6145.531547928005 c
3470.4780276069564 6145.531547928005 3492.5561572234574 6212.428937808154 c
3492.5561572234574 6212.428937808154 3843.722229225762 5936.07032595611 c
4633.897117462697 6705.341407525545 3843.722229225762 5936.07032595611 d
4633.897117462697 6705.341407525545 4791.958751805085 6919.600099709187 c
4791.958751805085 6919.600099709187 7308.594812809922 5053.673525345273 c
7308.594812809922 5053.673525345273 7158.089824956081 4838.727180978965 c
7158.089824956081 4838.727180978965 4633.897117462697 6705.341407525545 c
3843.722229225762 5936.07032595611 4198.1325874828235 5654.844591007489 c
4198.1325874828235 5654.844591007489 4417.142474132572 5259.839145313144 c
4417.142474132572 5259.839145313144 4633.897117462698 4861.671530079157 c
4633.897117462698 4861.671530079157 4558.888107667808 4847.2173619589685 c
4558.888107667808 4847.2173619589685 4484.692178461269 4838.727180978965 c
4484.692178461269 4838.727180978965 4268.787005502255 5181.703363589301 c
4268.787005502255 5181.703363589301 4058.5979114092056 5539.480869668956 c
4058.5979114092056 5539.480869668956 3752.4769582410236 5808.967545341659 c
3752.4769582410236 5808.967545341659 3442.7041786157615 6072.262400754871 c
3349.101463445457 5768.571657304517 3442.704178615761 4904.463693704559 c
3443.647337021126 4838.727180978965 4602.581934448823 4375.4222543652 c
4602.581934448823 4375.4222543652 4138.644486201225 2765.6920576722828 c
4602.581934448823 3488.5697383600645 5211.573496949088 3550.8875920650416 c
5211.573496949088 3550.8875920650416 5305.1762121193915 2686.7796284650826 c
5456.767876353157 2744.710675108125 5305.1762121193915 2686.7796284650826 d
5456.767876353157 2744.710675108125 5305.176212119392 2866.7066840031953 c
5305.176212119392 2866.7066840031953 5491.219098815823 3167.0982160598787 c
5491.219098815823 3167.0982160598787 5677.865073041702 3474.3358895667634 c
5677.865073041702 3474.3358895667634 5776.939759018734 3814.862874387747 c
5776.939759018734 3814.862874387747 5891.159424473761 4157.165501198338 c
5891.159424473761 4157.165501198338 6074.324620399308 4124.349893606715 c
6074.324620399308 4124.349893606715 6270.724642973109 4092.502254917017 c
6270.724642973109 4092.502254917017 6154.843942879813 3914.1206205863873 c
6154.843942879813 3914.1206205863873 6034.717464742181 3741.6612964513397 c
6034.717464742181 3741.6612964513397 5984.211737638144 3551.817963052198 c
5984.211737638144 3551.817963052198 5936.275328194547 3354.714357732708 c
5936.275328194547 3354.714357732708 5712.585081129923 3023.586700661247 c
5712.585081129923 3023.586700661247 5662.694537013393 2825.7228702241696 c
5662.694537013393 2825.7228702241696 5602.574897099955 2621.0431157394887 c
5602.574897099955 2621.0431157394887 5456.767876353157 2744.710675108125 c
5305.1762121193915 2686.7796284650826 4690.246310849436 2621.0431157394887 c
5008.858972026676 2217.684065239477 6167.793569454372 1754.3791386257121 c
6167.793569454372 1754.3791386257121 5703.856121206775 144.64894193279451 c
5703.856121206775 144.64894193279451 4977.131337624264 0.0 c
4977.131337624264 0.0 4656.652804294967 123.60704038722042 c
4656.652804294967 123.60704038722042 4239.909330352775 723.1708084985296 c
3905.4600155742123 733.671241993219 3681.7697685095886 402.5435849217581 c
3681.7697685095886 402.5435849217581 3631.8792243930584 204.679754484681 c
3631.8792243930584 204.679754484681 3571.7595844796197 0.0 c
3571.7595844796197 0.0 3425.9525637328215 123.66755936863612 c
3274.3608994990577 65.73651272559391 2659.430998229101 0.0 c
2659.430998229101 0.0 2571.766621828488 867.5266226205757 c
2571.766621828488 808.9947208881241 1759.0354773366407 0.0 c
1759.0354773366407 0.0 1034.3620827217367 810.7389295509307 c
804.7970003957515 996.1974368823248 0.0 0.0 d
