Processando arquivo: art_23_irregular_pack.txt

Tempo de Inicio (hh:mm:ss.ms) 2026-04-26 14:59:27.529018
Tempo de Termino (hh:mm:ss.ms) 2026-04-26 14:59:27.639228
Tempo Total (hh:mm:ss.ms) 0:00:00.110210

Função Objetivo: 72.29023162472708

0.0 0.0 6.88755514319954 6.079086067264832 d
12.253071156483497 0.0 34.67235077749718 2.1854558428980138 c
34.67235077749718 2.1854558428980138 41.621812866888604 0.7357563500365281 c
41.621812866888604 0.7357563500365281 47.8569445827889 9.247180126095822 c
47.8569445827889 9.247180126095822 47.79545434512228 27.961182280460125 c
47.79545434512228 27.961182280460125 50.307760227869316 25.08516617402275 d
50.307760227869316 25.08516617402275 48.358457814966705 19.224169010284704 c
48.358457814966705 19.224169010284704 66.94839677116317 5.350974297011177 c
66.94839677116317 5.350974297011177 68.89459703181113 0.0 c
68.89459703181113 0.0 72.05104040772407 2.579920624705899 c
72.05104040772407 2.579920624705899 98.72659162228575 27.27691337865425 c
104.1735628944295 27.72121292589231 98.72659162228575 27.27691337865425 d
104.1735628944295 27.72121292589231 99.18963351736767 20.7106215672565 c
99.18963351736767 20.7106215672565 98.72659162228575 11.62942162446432 c
98.72659162228575 11.62942162446432 133.74793711004313 0.0 c
133.74793711004313 0.0 148.3974783780834 13.575835192549844 c
148.3974783780834 13.575835192549844 132.78074458327535 34.62913912930831 c
132.78074458327535 34.62913912930831 116.73396471998642 35.26124966626273 c
116.73396471998642 35.26124966626273 112.50647384085214 34.020932178723996 c
112.50647384085214 34.020932178723996 104.1735628944295 27.72121292589231 c
98.72659162228575 27.27691337865425 74.68388344192388 48.73173952484898 c
77.38833290907105 48.73173952484898 74.68388344192388 48.73173952484898 d
77.38833290907105 48.73173952484898 81.0860761967551 64.4785404272586 c
81.0860761967551 61.50578290614836 81.0860761967551 64.4785404272586 d
81.0860761967551 61.50578290614836 82.53591794764284 54.772263080274776 c
82.53591794764284 54.772263080274776 88.70692828131189 51.73348707633456 c
88.70692828131189 51.73348707633456 100.70933601367655 48.731739524848976 c
100.70933601367655 48.731739524848976 112.80482007913122 66.34391182099928 c
112.80482007913122 66.34391182099928 105.47375674908835 76.68345192047472 c
112.8048200791312 78.4757556398724 105.47375674908835 76.68345192047472 d
112.8048200791312 78.4757556398724 117.10418045421928 75.07844723742036 c
112.8048200791312 78.4757556398724 123.08456989893072 91.98989873276213 d
123.08456989893072 91.98989873276213 128.60255278186855 96.66409408349473 c
128.60255278186855 96.66409408349473 125.93009173211858 122.29321046189963 c
125.93009173211858 122.29321046189963 108.42788033325664 127.65336490973587 c
108.42788033325664 127.65336490973587 99.74957615226266 133.226246756206 c
99.74957615226266 133.226246756206 89.61795464276908 115.67272145808127 c
89.61795464276908 115.67272145808127 84.28980799394776 112.74631347460779 d
84.28980799394776 112.74631347460779 50.35743264490999 128.2483439483254 c
50.35743264490999 128.2483439483254 56.158473181569605 117.18072852970312 c
56.158473181569605 117.18072852970312 40.30598318496767 120.18397220789402 c
40.30598318496767 120.18397220789402 83.52669952694534 91.98989873276213 c
83.52669952694534 91.98989873276213 81.83102880465229 103.3907480363356 c
81.83102880465229 103.3907480363356 77.47521673924463 111.16185154093037 c
77.47521673924463 111.16185154093037 83.40109992726128 112.46817899162288 c
83.40109992726128 112.46817899162288 84.28980799394776 112.74631347460779 c
89.61795464276908 115.67272145808127 84.28980799394776 97.77669862634198 c
84.28980799394776 97.77669862634198 106.72877754450812 95.53150155894801 c
106.72877754450812 95.53150155894801 123.08456989893072 91.98989873276213 c
117.10418045421928 75.07844723742036 149.87942043209546 48.731739524848976 c
149.87942043209546 48.731739524848976 146.24741338092437 61.88983332331449 c
146.24741338092437 61.88983332331449 141.37824807879846 63.38907821765795 c
141.37824807879846 63.38907821765795 150.23337669316174 70.16426855980373 c
150.23337669316174 70.16426855980373 156.77783891963244 72.85243185931654 c
156.77783891963244 72.85243185931654 137.2143225359239 73.04715001776238 c
137.2143225359239 73.04715001776238 112.8048200791312 78.4757556398724 c
105.47375674908835 76.68345192047472 98.394090146013 81.74866496232049 c
98.394090146013 81.74866496232049 92.63187631691517 64.40770673076334 c
92.63187631691517 64.40770673076334 81.0860761967551 61.50578290614836 c
81.0860761967551 64.4785404272586 59.32731699090575 84.02419582996176 c
59.32731699090575 84.02419582996176 56.83596385270945 91.98989873276213 c
56.83596385270945 91.98989873276213 41.486165321453896 70.58371057377656 c
41.486165321453896 65.74459478404887 41.486165321453896 70.58371057377656 d
41.486165321453896 65.74459478404887 32.43375626373508 79.70244276170389 c
35.4542011558941 91.98989873276213 32.43375626373508 79.70244276170389 d
35.4542011558941 91.98989873276213 40.305983184967666 105.24855749525108 c
40.305983184967666 105.24855749525108 30.10935589496389 146.02490251345574 c
30.10935589496389 146.02490251345574 18.280010555461242 139.9242075617148 c
18.280010555461242 139.9242075617148 14.650333817695865 139.76841030440835 c
14.650333817695865 139.76841030440835 1.4406424460097718 114.05566827673456 c
1.4406424460097718 114.05566827673456 11.096177978879863 114.94031049039253 c
11.096177978879863 114.94031049039253 0.0 110.76891814919013 c
0.0 110.76891814919013 35.4542011558941 91.98989873276213 c
32.43375626373508 79.70244276170389 0.0 78.8874270716682 c
0.0 78.8874270716682 2.176499876215672 74.4014120010781 c
2.176499876215672 74.4014120010781 6.6449504989773995 58.56084782537441 c
6.6449504989773995 58.56084782537441 14.262941645332416 60.59195461161178 c
14.262941645332416 60.59195461161178 14.930833685103838 60.356728869207465 c
14.930833685103838 60.356728869207465 4.538306559242471 48.73173952484899 c
4.538306559242471 48.73173952484899 41.486165321453896 65.74459478404887 c
41.486165321453896 70.58371057377656 46.616044060534435 64.50828289247278 c
46.616044060534435 64.50828289247278 54.39172542410488 53.58814800542882 c
54.39172542410488 53.58814800542882 55.75398863026985 56.66912830912065 c
55.75398863026985 56.66912830912065 77.38833290907105 48.73173952484898 c
74.68388344192388 48.73173952484898 63.92018827708888 38.897966732514334 c
63.92018827708888 38.897966732514334 50.307760227869316 25.08516617402275 c
47.79545434512228 27.961182280460125 48.3584578149667 38.81623389646352 c
48.3584578149667 38.81623389646352 28.28218089536399 30.238972660377513 c
28.28218089536399 30.238972660377513 0.0 13.882630107554828 c
0.0 13.882630107554828 12.253071156483497 0.0 c
6.88755514319954 6.079086067264832 0.0 0.0 d
