Processando arquivo: art_17_regular_sep.txt

Tempo de Inicio (hh:mm:ss.ms) 2026-04-26 15:04:22.182982
Tempo de Termino (hh:mm:ss.ms) 2026-04-26 15:04:22.320898
Tempo Total (hh:mm:ss.ms) 0:00:00.137916

Função Objetivo: 104.54485225056072

0.0 0.0 13.239073951591054 13.23907395159105 d
26.4781479031821 0.0 52.95629580636421 26.478147903182105 c
52.95629580636421 26.478147903182105 62.95629580636422 34.52674302199806 d
62.95629580636422 34.52674302199806 62.95629580636422 13.259752011356424 c
62.95629580636422 13.259752011356424 79.58349891584842 0.0 c
79.58349891584842 0.0 100.31728206024289 4.732350702128517 c
100.31728206024289 4.732350702128517 109.54468363971958 23.89324751667724 c
116.54468363971958 18.892655558970723 109.54468363971958 23.89324751667724 d
116.54468363971958 18.892655558970723 122.07821433832038 5.533530698600801 c
122.07821433832038 5.533530698600801 135.4373391986903 0.0 c
135.4373391986903 0.0 148.7964640590602 5.5335306986007975 c
148.7964640590602 5.5335306986007975 154.329994757661 18.89265555897072 c
154.329994757661 18.89265555897072 148.7964640590602 32.25178041934064 c
148.7964640590602 32.25178041934064 135.4373391986903 37.78531111794144 c
135.4373391986903 37.78531111794144 122.07821433832038 32.25178041934064 c
122.07821433832038 32.25178041934064 116.54468363971958 18.892655558970723 c
109.54468363971958 23.89324751667724 100.31728206024289 43.054144331225956 c
100.31728206024289 43.054144331225956 79.58349891584844 47.78649503335448 c
79.58349891584844 47.78649503335448 62.95629580636422 34.52674302199806 c
52.95629580636421 26.478147903182105 26.478147903182105 52.95629580636421 c
26.478147903182105 52.95629580636421 26.440386134460056 66.95629580636421 d
26.440386134460056 66.95629580636421 52.88077226892012 93.39668194082427 c
52.88077226892012 93.39668194082427 65.88077226892011 85.94409871195995 d
65.88077226892011 85.94409871195995 76.84338538778536 66.95629580636421 c
76.84338538778536 66.95629580636421 98.7686116255159 66.95629580636421 c
98.7686116255159 66.95629580636421 109.73122474438117 85.94409871195995 c
120.73122474438117 95.32508817703686 109.73122474438117 85.94409871195995 d
120.73122474438117 95.32508817703686 120.73122474438115 66.95629580636421 c
120.73122474438115 66.95629580636421 145.29931961206984 81.14069199170054 c
145.29931961206984 81.14069199170054 120.73122474438117 95.32508817703686 c
109.73122474438117 85.94409871195995 98.7686116255159 104.9319016175557 c
98.7686116255159 104.9319016175557 76.84338538778537 104.9319016175557 c
76.84338538778537 104.9319016175557 65.88077226892011 85.94409871195995 c
52.88077226892012 93.39668194082427 26.44038613446006 119.83706807528432 c
26.44038613446006 119.83706807528432 23.535724453584187 130.83706807528432 d
23.535724453584187 130.83706807528432 38.08160211575127 150.85775110687658 c
38.08160211575127 150.85775110687658 44.08160211575126 141.11740197809704 d
44.08160211575126 141.11740197809704 75.7212165251026 130.83706807528432 c
75.7212165251026 130.83706807528432 95.27557362102267 157.7513316485459 c
100.27557362102269 164.45634377896474 95.27557362102267 157.7513316485459 d
100.27557362102269 164.45634377896474 100.27557362102267 138.77350249565998 c
100.27557362102267 138.77350249565998 124.70140718048384 130.83706807528432 c
124.70140718048384 130.83706807528432 139.79740252377866 151.61492313731236 c
139.79740252377866 151.61492313731236 124.70140718048384 172.39277819934037 c
124.70140718048384 172.39277819934037 100.27557362102269 164.45634377896474 c
95.27557362102267 157.7513316485459 75.7212165251026 184.66559522180745 c
75.7212165251026 184.66559522180745 44.08160211575127 174.38526131899474 c
44.08160211575127 174.38526131899474 26.785248779031356 194.66559522180748 d
26.785248779031356 194.66559522180748 43.33944292159437 217.45048874760099 c
43.33944292159437 217.45048874760099 54.33944292159438 230.85614758860515 d
54.33944292159438 230.85614758860515 54.33944292159437 194.66559522180748 c
54.33944292159437 194.66559522180748 85.6813806482322 212.7608714052063 c
85.6813806482322 212.7608714052063 97.6813806482322 215.79612322678406 d
97.6813806482322 215.79612322678406 97.6813806482322 199.65383623144498 c
97.6813806482322 199.65383623144498 113.03360788305596 194.66559522180748 c
113.03360788305596 194.66559522180748 122.52180611718887 207.72497972911452 c
130.52180611718887 204.67884918392426 122.52180611718887 207.72497972911452 d
130.52180611718887 204.67884918392426 133.4546203009498 197.59840940556842 c
133.4546203009498 197.59840940556842 140.53506007930565 194.66559522180748 c
140.53506007930565 194.66559522180748 147.6154998576615 197.59840940556842 c
147.6154998576615 197.59840940556842 150.54831404142243 204.67884918392426 c
150.54831404142243 204.67884918392426 147.6154998576615 211.7592889622801 c
147.6154998576615 211.7592889622801 140.53506007930565 214.69210314604103 c
140.53506007930565 214.69210314604103 133.4546203009498 211.7592889622801 c
133.4546203009498 211.7592889622801 130.52180611718887 204.67884918392426 c
122.52180611718887 207.72497972911452 113.03360788305596 220.78436423642157 c
113.03360788305596 220.78436423642157 97.6813806482322 215.79612322678406 c
85.6813806482322 212.7608714052063 54.33944292159438 230.85614758860515 c
43.33944292159437 217.45048874760099 26.785248779031363 240.2353822733945 c
26.785248779031363 240.2353822733945 33.082285068500525 252.2353822733945 d
33.082285068500525 252.2353822733945 44.10971342466736 271.3354484631012 c
53.10971342466736 270.70664281126244 44.10971342466736 271.3354484631012 d
53.10971342466736 270.70664281126244 63.774100668477104 252.23538227339452 c
63.774100668477104 252.23538227339452 85.10287515609663 252.23538227339452 c
85.10287515609663 252.23538227339452 95.76726239990639 270.70664281126244 c
95.76726239990639 270.70664281126244 85.10287515609663 289.17790334913036 c
105.7672623999064 293.4398473372106 85.10287515609663 289.17790334913036 d
105.7672623999064 293.4398473372106 105.7672623999064 252.23538227339452 c
105.7672623999064 252.23538227339452 141.45137589451957 272.83761480530256 c
141.45137589451957 272.83761480530256 105.7672623999064 293.4398473372106 c
85.10287515609663 289.17790334913036 63.77410066847712 289.17790334913036 c
63.77410066847712 289.17790334913036 53.10971342466736 270.70664281126244 c
44.10971342466736 271.3354484631012 33.082285068500525 290.4355146528079 c
33.082285068500525 290.4355146528079 11.027428356166844 290.4355146528079 c
11.027428356166844 290.4355146528079 0.0 271.3354484631012 c
0.0 271.3354484631012 11.02742835616683 252.23538227339452 c
11.02742835616683 252.23538227339452 33.082285068500525 252.2353822733945 c
26.785248779031363 240.2353822733945 3.552713678800501e-15 231.5323273765888 c
3.552713678800501e-15 231.5323273765888 0.0 203.36865011861317 c
0.0 203.36865011861317 26.785248779031356 194.66559522180748 c
44.08160211575127 174.38526131899474 44.08160211575126 141.11740197809704 c
38.08160211575127 150.85775110687658 23.53572445358419 170.87843413846883 c
23.53572445358419 170.87843413846883 3.552713678800501e-15 163.2312136983889 c
3.552713678800501e-15 163.2312136983889 0.0 138.48428851536428 c
0.0 138.48428851536428 23.535724453584187 130.83706807528432 c
26.44038613446006 119.83706807528432 0.0 93.39668194082427 c
0.0 93.39668194082427 26.440386134460056 66.95629580636421 c
26.478147903182105 52.95629580636421 0.0 26.47814790318211 c
0.0 26.47814790318211 26.4781479031821 0.0 c
13.239073951591054 13.23907395159105 0.0 0.0 d
