Processando arquivo: art_24_regular_pack.txt

Tempo de Inicio (hh:mm:ss.ms) 2026-04-26 14:59:48.312212
Tempo de Termino (hh:mm:ss.ms) 2026-04-26 14:59:48.598186
Tempo Total (hh:mm:ss.ms) 0:00:00.285974

Função Objetivo: 120.69140284781335

0.0 0.0 40.820300429238856 23.567611441222436 c
40.820300429238856 23.567611441222436 40.820300429238856 16.848736701821363 d
40.820300429238856 16.848736701821363 50.54792309954054 3.552713678800501e-15 c
50.54792309954054 3.552713678800501e-15 70.00316844014392 0.0 c
70.00316844014392 0.0 79.73079111044561 16.848736701821334 c
79.73079111044561 16.848736701821334 79.73079111044561 10.507072932372841 c
79.73079111044561 10.507072932372841 92.90624383257051 0.0 c
92.90624383257051 0.0 109.33576464680404 3.7499309132059455 c
109.33576464680404 3.7499309132059455 116.64758927887993 18.933091209696187 c
116.64758927887993 18.933091209696187 116.64758927887993 15.161054673512794 c
116.64758927887993 15.161054673512794 135.65895051660075 0.0 c
135.65895051660075 0.0 159.36573021894347 5.410917765864582 c
159.36573021894347 5.410917765864582 169.91623973986725 27.319276530803 c
169.91623973986725 27.319276530803 159.36573021894347 49.22763529574141 c
159.36573021894347 49.22763529574141 135.65895051660075 54.638553061606 c
135.65895051660075 54.638553061606 130.1633347859706 54.638553061606 d
130.1633347859706 54.638553061606 148.9599406238936 62.424362126255 c
148.9599406238936 62.424362126255 156.74574968854262 81.22096796417802 c
156.74574968854262 79.28359757615227 156.74574968854262 81.22096796417802 d
156.74574968854262 79.28359757615227 156.74574968854262 60.45645887554723 c
156.74574968854262 60.45645887554723 174.65142263294572 54.638553061606004 c
174.65142263294572 54.638553061606004 185.71773710402624 69.87002822584975 c
185.71773710402624 69.87002822584975 174.65142263294572 85.1015033900935 c
174.65142263294572 85.1015033900935 156.74574968854262 79.28359757615227 c
156.74574968854262 81.22096796417802 148.9599406238936 100.01757380210103 c
148.9599406238936 100.01757380210103 130.1633347859706 107.80338286675004 c
130.1633347859706 107.80338286675004 111.36672894804758 100.01757380210103 c
111.36672894804758 100.01757380210103 102.7012523025328 107.80338286675004 d
102.7012523025328 107.80338286675004 140.59602132828917 129.68193796464917 c
140.59602132828917 129.68193796464917 140.59602132828917 113.75469082433013 c
140.59602132828917 113.75469082433013 158.91226385399344 107.80338286675004 c
158.91226385399344 107.80338286675004 170.2323242810649 123.3841093772124 c
170.2323242810649 123.3841093772124 158.91226385399344 138.96483588767475 c
158.91226385399344 138.96483588767475 140.59602132828917 133.01352793009468 c
140.59602132828917 133.01352793009468 140.59602132828917 129.68193796464917 c
98.69764043393391 109.85666897056005 102.7012523025328 107.80338286675004 d
102.7012523025328 118.17025467927658 98.69764043393391 126.48384038799311 c
98.69764043393391 126.48384038799311 89.70160622399105 128.53712649180312 c
89.70160622399105 128.53712649180312 82.4873469184466 122.78394667513417 c
82.4873469184466 122.78394667513417 82.4873469184466 113.55656268341899 c
82.4873469184466 113.55656268341899 89.70160622399105 107.80338286675004 c
89.70160622399105 107.80338286675004 98.69764043393391 109.85666897056005 c
98.69764043393391 109.85666897056005 102.7012523025328 118.17025467927658 c
140.59602132828917 129.68193796464917 102.70125230253281 151.5604930625483 c
102.70125230253281 151.5604930625483 98.02586574918371 154.22979410193847 d
98.02586574918371 154.22979410193847 117.29548744404433 154.22979410193847 c
117.29548744404433 154.22979410193847 126.93029829147463 170.9177760110035 c
134.6786813918205 161.97817720228434 126.93029829147463 170.9177760110035 d
134.6786813918205 161.97817720228434 153.38493295913798 154.22979410193847 c
153.38493295913798 154.22979410193847 172.09118452645546 161.97817720228434 c
172.09118452645546 161.97817720228434 179.83956762680134 180.68442876960182 c
179.83956762680134 180.68442876960182 172.09118452645546 199.3906803369193 c
172.09118452645546 199.3906803369193 153.38493295913798 207.13906343726518 c
153.38493295913798 207.13906343726518 134.6786813918205 199.3906803369193 c
134.6786813918205 199.3906803369193 126.93029829147463 180.68442876960182 c
126.93029829147463 180.68442876960182 134.6786813918205 161.97817720228434 c
126.93029829147463 170.9177760110035 117.29548744404433 187.60575792006853 c
117.29548744404433 187.60575792006853 98.02586574918372 187.60575792006853 c
98.02586574918372 187.60575792006853 88.39105490175342 170.9177760110035 c
88.39105490175342 170.9177760110035 88.39105490175342 174.8700274501203 d
88.39105490175342 174.8700274501203 67.7508215535716 195.5102607983021 c
67.7508215535716 195.5102607983021 47.11058820538977 174.8700274501203 c
47.11058820538977 174.8700274501203 43.994900910197444 172.3893504454645 d
43.994900910197444 172.3893504454645 36.4729663860306 175.5050377406568 c
36.4729663860306 175.5050377406568 28.951031861863754 172.3893504454645 c
28.951031861863754 172.3893504454645 25.83534456667143 164.86741592129763 c
25.83534456667143 169.14583724211295 25.83534456667143 164.86741592129763 d
25.83534456667143 169.14583724211295 1.0658141036401503e-14 184.06188038228743 c
1.0658141036401503e-14 184.06188038228743 0.0 154.22979410193847 c
0.0 154.22979410193847 25.83534456667143 169.14583724211295 c
25.83534456667143 164.86741592129763 28.95103186186375 157.34548139713078 c
28.95103186186375 157.34548139713078 36.4729663860306 154.22979410193847 c
36.4729663860306 154.22979410193847 43.994900910197444 157.34548139713078 c
43.994900910197444 157.34548139713078 47.11058820538977 164.86741592129763 c
47.11058820538977 164.86741592129763 43.994900910197444 172.3893504454645 c
47.11058820538977 174.8700274501203 67.7508215535716 154.22979410193847 c
73.52257266450735 149.6321340380899 67.7508215535716 154.22979410193847 d
73.52257266450735 149.6321340380899 53.37890776397438 154.22979410193847 c
53.37890776397438 154.22979410193847 37.22494274282958 141.34743687263833 c
37.22494274282958 141.34743687263833 31.773476092782666 139.5768589595327 d
31.773476092782666 139.5768589595327 18.612471371414788 145.0283256095796 c
18.612471371414788 145.0283256095796 5.451466650046912 139.5768589595327 c
5.451466650046912 139.5768589595327 0.0 126.41585423816483 c
0.0 126.41585423816483 5.451466650046909 113.25484951679695 c
5.451466650046909 113.25484951679695 18.612471371414784 107.80338286675004 c
18.612471371414784 107.80338286675004 31.773476092782662 113.25484951679695 c
31.773476092782662 113.25484951679695 37.224942742829576 126.41585423816483 c
37.224942742829576 126.41585423816483 31.773476092782666 139.5768589595327 c
37.22494274282958 141.34743687263833 37.224942742829576 120.6857400960502 c
37.224942742829576 120.6857400960502 53.378907763974375 107.80338286675004 c
53.378907763974375 107.80338286675004 73.52257266450735 112.40104293059859 c
73.52257266450735 112.40104293059859 82.4873469184466 131.01658848434425 c
82.4873469184466 131.01658848434425 73.52257266450735 149.6321340380899 c
67.7508215535716 154.22979410193847 88.39105490175342 174.8700274501203 c
88.39105490175342 170.9177760110035 98.02586574918371 154.22979410193847 c
102.70125230253281 151.5604930625483 102.7012523025328 107.80338286675004 c
111.36672894804758 100.01757380210103 103.58091988339856 81.22096796417802 c
103.58091988339856 75.32365065125296 103.58091988339856 81.22096796417802 d
103.58091988339856 75.32365065125296 95.5924828977141 91.91181097719655 c
95.5924828977141 91.91181097719655 77.64262792529888 96.00874824089992 c
77.64262792529888 96.00874824089992 63.24796187069499 84.52938512050446 c
63.24796187069499 84.52938512050446 63.24796187069499 72.80881694380396 c
63.24796187069499 72.80881694380396 57.92601479554821 85.65713375085514 c
57.92601479554821 85.65713375085514 45.07769798849703 90.97908082600193 c
45.07769798849703 90.97908082600193 32.229381181445845 85.65713375085515 c
32.229381181445845 85.65713375085515 26.907434106299064 72.80881694380396 c
26.907434106299064 68.7846283185829 26.907434106299064 72.80881694380396 d
26.907434106299064 68.7846283185829 16.629708827740973 82.93070357555982 c
16.629708827740973 82.93070357555982 1.7763568394002505e-15 77.52738363480854 c
1.7763568394002505e-15 77.52738363480854 0.0 60.04187300235727 c
0.0 60.04187300235727 16.62970882774097 54.63855306160599 c
16.62970882774097 54.63855306160599 26.907434106299064 68.7846283185829 c
26.907434106299064 72.80881694380396 32.229381181445845 59.96050013675278 c
32.229381181445845 59.96050013675278 45.07769798849703 54.638553061606 c
45.07769798849703 54.638553061606 57.92601479554821 59.96050013675277 c
57.92601479554821 59.96050013675277 63.24796187069499 72.80881694380396 c
63.24796187069499 72.80881694380396 63.24796187069499 66.11791618200147 c
63.24796187069499 66.11791618200147 77.64262792529887 54.638553061606004 c
77.64262792529887 54.638553061606004 95.59248289771409 58.73549032530936 c
95.59248289771409 58.73549032530936 103.58091988339856 75.32365065125296 c
103.58091988339856 81.22096796417802 111.36672894804758 62.424362126255005 c
111.36672894804758 62.424362126255005 130.1633347859706 54.638553061606 c
135.65895051660075 54.638553061606 116.64758927887993 39.47749838809321 c
116.64758927887993 39.47749838809321 116.64758927887993 18.933091209696244 c
116.64758927887993 18.933091209696244 116.64758927887993 18.933091209696187 c
116.64758927887993 18.933091209696187 116.64758927887995 18.933091209696215 c
116.64758927887995 18.933091209696215 116.64758927887993 18.933091209696244 c
116.64758927887993 18.933091209696244 109.33576464680404 34.11625150618649 c
109.33576464680404 34.11625150618649 92.90624383257051 37.86618241939243 c
92.90624383257051 37.86618241939243 79.73079111044561 27.359109487019595 c
79.73079111044561 27.359109487019595 79.73079111044561 16.848736701821384 c
79.73079111044561 16.848736701821384 79.73079111044561 16.848736701821334 c
79.73079111044561 16.848736701821334 79.73079111044562 16.84873670182136 c
79.73079111044562 16.84873670182136 79.73079111044561 16.848736701821384 c
79.73079111044561 16.848736701821384 70.00316844014392 33.69747340364272 c
70.00316844014392 33.69747340364272 50.547923099540554 33.69747340364272 c
50.547923099540554 33.69747340364272 40.820300429238856 16.848736701821363 c
40.820300429238856 23.567611441222436 1.7763568394002505e-14 47.13522288244488 c
1.7763568394002505e-14 47.13522288244488 0.0 0.0 c
