Processando arquivo: art_14_regular_sep.txt

Tempo de Inicio (hh:mm:ss.ms) 2026-04-26 15:04:20.646452
Tempo de Termino (hh:mm:ss.ms) 2026-04-26 15:04:20.784922
Tempo Total (hh:mm:ss.ms) 0:00:00.138470

Função Objetivo: 103.10723445741385

0.0 0.0 9.230467967972151 5.3292131660549344 d
12.307290623962862 3.552713678800501e-15 36.92187187188862 0.0 c
36.92187187188862 0.0 49.22916249585149 21.316852664219763 c
54.2291624958515 15.92070200525325 49.22916249585149 21.316852664219763 d
54.2291624958515 15.92070200525325 70.14986450110474 0.0 c
70.14986450110474 0.0 86.07056650635799 15.920702005253249 c
92.07056650635798 18.8834709601785 86.07056650635799 15.920702005253249 d
92.07056650635798 18.8834709601785 102.9729435484515 3.552713678800501e-15 c
102.9729435484515 3.552713678800501e-15 124.77769763263858 0.0 c
124.77769763263858 0.0 135.6800746747321 18.883470960178496 c
135.6800746747321 18.883470960178496 124.77769763263858 37.76694192035699 c
124.77769763263858 37.76694192035699 102.97294354845151 37.766941920357 c
102.97294354845151 37.766941920357 92.07056650635798 18.8834709601785 c
86.07056650635799 15.920702005253249 70.14986450110474 31.841404010506498 c
70.14986450110474 31.841404010506498 54.2291624958515 15.92070200525325 c
49.22916249585149 21.316852664219763 36.92187187188862 42.633705328439525 c
36.92187187188862 42.633705328439525 12.307290623962876 42.63370532843953 c
22.31822231537379 55.633705328439525 12.307290623962876 42.63370532843953 d
22.31822231537379 55.633705328439525 44.63644463074759 77.95192764381332 c
44.63644463074759 77.95192764381332 58.63644463074759 69.56372919894281 d
58.63644463074759 69.56372919894281 76.1041420670534 55.633705328439525 c
76.1041420670534 55.633705328439525 97.88600449403465 60.60527328746198 c
97.88600449403465 60.60527328746198 107.5798452351543 80.73474100136156 c
118.57984523515431 87.33995395183386 107.5798452351543 80.73474100136156 d
118.57984523515431 87.33995395183386 118.5798452351543 55.63370532843953 c
118.5798452351543 55.63370532843953 146.0382620017192 71.48682964013669 c
146.0382620017192 71.48682964013669 118.57984523515431 87.33995395183386 c
107.5798452351543 80.73474100136156 97.88600449403467 100.86420871526113 c
97.88600449403467 100.86420871526113 76.10414206705342 105.83577667428358 c
83.14814187385647 118.83577667428358 76.10414206705342 105.83577667428358 d
83.14814187385647 118.83577667428358 103.60248598098443 127.30824341290217 c
103.60248598098443 127.30824341290217 112.07495271960303 147.76258752003014 c
125.07495271960305 139.6725595282233 112.07495271960303 147.76258752003014 d
125.07495271960305 139.6725595282233 125.07495271960303 118.8357766742836 c
125.07495271960303 118.8357766742836 143.12013600425485 129.25416810125344 c
143.12013600425485 129.25416810125344 125.07495271960305 139.6725595282233 c
112.07495271960303 147.76258752003014 103.60248598098443 168.2169316271581 c
103.60248598098443 168.2169316271581 83.14814187385647 176.6893983657767 c
83.14814187385647 176.6893983657767 72.18007873802532 187.6893983657767 d
72.18007873802532 187.6893983657767 85.78346458817873 193.3241052791045 c
85.78346458817873 193.3241052791045 91.41817150150652 206.9274911292579 c
105.41817150150652 213.49152110700481 91.41817150150652 206.9274911292579 d
105.41817150150652 213.49152110700481 105.41817150150652 187.6893983657767 c
105.41817150150652 187.6893983657767 127.76346526697425 200.59045973639076 c
127.76346526697425 200.59045973639076 105.41817150150652 213.49152110700481 c
91.41817150150652 206.9274911292579 85.78346458817873 220.53087697941132 c
85.78346458817873 220.53087697941132 72.18007873802532 226.1655838927391 c
72.18007873802532 226.1655838927391 65.56410952004913 238.76143438555263 d
78.18008397307216 238.7614343855526 84.48807119958366 249.68718875536604 c
90.48807119958366 238.7614343855526 78.18008397307216 238.7614343855526 d
90.48807119958366 238.7614343855526 119.63398179593946 255.58883371413538 c
119.63398179593946 255.58883371413538 90.48807119958367 272.41623304271815 c
90.48807119958367 272.41623304271815 90.48807119958366 238.7614343855526 c
84.48807119958366 249.68718875536604 78.18008397307216 260.61294312517947 c
78.18008397307216 260.61294312517947 65.56410952004914 260.61294312517947 c
65.56410952004914 260.61294312517947 59.25612229353763 249.68718875536604 c
59.25612229353763 249.68718875536604 65.56410952004913 238.76143438555263 c
65.56410952004913 238.76143438555263 78.18008397307216 238.7614343855526 c
72.18007873802532 226.1655838927391 58.5766928878719 220.53087697941132 c
58.5766928878719 220.53087697941132 52.9419859745441 206.9274911292579 c
52.9419859745441 206.9274911292579 43.941985974544096 210.22541637566465 d
43.941985974544096 210.22541637566465 35.238736739193854 228.29789963257127 c
35.238736739193854 228.29789963257127 15.682713221292211 232.7614343855526 c
13.064030573384395 238.76143438555263 15.682713221292211 232.7614343855526 d
13.064030573384395 238.76143438555263 39.19209172015323 238.76143438555263 c
39.19209172015323 238.76143438555263 52.25612229353763 261.3889990902876 c
52.25612229353763 261.3889990902876 39.19209172015323 284.01656379502253 c
39.19209172015323 284.01656379502253 13.06403057338441 284.0165637950226 c
25.500310783102755 295.01656379502253 13.06403057338441 284.0165637950226 d
25.500310783102755 295.01656379502253 51.00062156620552 320.5168745781253 c
51.00062156620552 320.5168745781253 25.50031078310276 346.01718536122803 c
25.50031078310276 346.01718536122803 0.0 320.5168745781253 c
0.0 320.5168745781253 25.500310783102755 295.01656379502253 c
13.06403057338441 284.0165637950226 0.0 261.3889990902876 c
0.0 261.3889990902876 13.064030573384395 238.76143438555263 c
15.682713221292211 232.7614343855526 3.552713678800501e-15 220.25488792609784 c
3.552713678800501e-15 220.25488792609784 0.0 200.19594482523146 c
0.0 200.19594482523146 15.682713221292204 187.6893983657767 c
15.682713221292204 187.6893983657767 35.23873673919385 192.15293311875803 c
35.23873673919385 192.15293311875803 43.941985974544096 210.22541637566465 c
52.9419859745441 206.9274911292579 58.5766928878719 193.3241052791045 c
58.5766928878719 193.3241052791045 72.18007873802532 187.6893983657767 c
83.14814187385647 176.6893983657767 62.693797766728515 168.2169316271581 c
62.693797766728515 168.2169316271581 54.221331028109915 147.76258752003014 c
54.221331028109915 147.76258752003014 49.221331028109915 144.71296177567584 d
49.221331028109915 144.71296177567584 30.420455546881733 170.59014687706807 c
30.420455546881733 170.59014687706807 3.552713678800501e-15 160.70594170150864 c
3.552713678800501e-15 160.70594170150864 0.0 128.71998184984304 c
0.0 128.71998184984304 30.420455546881726 118.8357766742836 c
30.420455546881726 118.8357766742836 49.221331028109915 144.71296177567584 c
54.221331028109915 147.76258752003014 62.69379776672851 127.30824341290219 c
62.69379776672851 127.30824341290219 83.14814187385647 118.83577667428358 c
76.10414206705342 105.83577667428358 58.6364446307476 91.9057528037803 c
58.6364446307476 91.9057528037803 58.63644463074759 69.56372919894281 c
44.63644463074759 77.95192764381332 22.318222315373795 100.27014995918711 c
22.318222315373795 100.27014995918711 0.0 77.95192764381332 c
0.0 77.95192764381332 22.31822231537379 55.633705328439525 c
12.307290623962876 42.63370532843953 0.0 21.316852664219766 c
0.0 21.316852664219766 12.307290623962862 3.552713678800501e-15 c
9.230467967972151 5.3292131660549344 0.0 0.0 d
