Processando arquivo: art_20_hole_pack.txt

Tempo de Inicio (hh:mm:ss.ms) 2026-04-26 15:00:16.704394
Tempo de Termino (hh:mm:ss.ms) 2026-04-26 15:00:18.450492
Tempo Total (hh:mm:ss.ms) 0:00:01.746098

Função Objetivo: 301.07538507891684

0.0 0.0 5.382603867016881 6.749571762589059 d
0.0 11.042055109430546 13.846299153511705 0.0 c
13.846299153511705 0.0 31.112351784911233 3.940863841593819 c
31.112351784911233 3.940863841593819 38.79646809946704 19.897095782519518 c
38.79646809946704 14.843098472781579 38.79646809946704 19.897095782519518 d
38.79646809946704 14.843098472781579 57.40912487235698 0.0 c
57.40912487235698 0.0 80.61872823914452 5.297440511652908 c
80.61872823914452 5.297440511652908 90.94797347501088 26.746339254372284 c
90.94797347501088 26.746339254372284 80.61872823914453 48.19523799709166 c
80.61872823914453 48.19523799709166 57.40912487235699 53.49267850874457 c
57.40912487235699 53.49267850874457 40.74170874829788 53.49267850874457 d
40.74170874829788 53.49267850874457 54.322278331063835 77.01491502181968 c
54.322278331063835 77.01491502181968 54.32227833106384 69.06703185211843 d
54.32227833106384 69.06703185211843 73.8518997083992 53.49267850874456 c
73.8518997083992 53.49267850874456 98.20493923426102 59.051100862087914 c
98.20493923426102 59.051100862087914 109.04306143420065 81.55669350892819 c
109.04306143420064 79.37528648405097 109.04306143420065 81.55669350892819 d
109.04306143420064 79.37528648405097 109.04306143420064 63.43271145483095 c
109.04306143420064 63.43271145483095 121.50746850365351 53.49267850874457 c
121.50746850365351 53.49267850874457 136.02814769004135 45.673676896400025 d
136.02814769004135 45.673676896400025 122.84329286453308 22.836838448200012 c
114.86946301715253 27.62215685314459 122.84329286453308 22.836838448200012 d
114.86946301715253 27.62215685314459 98.92180332239144 27.62215685314459 c
98.92180332239144 27.62215685314459 90.94797347501088 13.811078426572296 c
90.94797347501088 13.811078426572296 98.92180332239143 3.552713678800501e-15 c
98.92180332239143 3.552713678800501e-15 114.86946301715253 0.0 c
114.86946301715253 0.0 122.84329286453308 13.811078426572294 c
122.84329286453308 13.811078426572294 114.86946301715253 27.62215685314459 c
122.84329286453308 22.836838448200012 136.02814769004132 7.105427357601002e-15 c
136.02814769004132 7.105427357601002e-15 162.3978573410579 0.0 c
162.3978573410579 0.0 175.58271216656615 22.83683844820001 c
186.51765854399062 28.581751833205473 175.58271216656615 22.83683844820001 d
186.51765854399062 28.581751833205473 186.51765854399062 18.939882703740388 c
186.51765854399062 18.939882703740388 194.86776215007234 23.76081726847293 c
194.86776215007234 23.76081726847293 186.51765854399062 28.581751833205473 c
175.58271216656615 22.83683844820001 162.3978573410579 45.67367689640002 c
162.3978573410579 45.67367689640002 155.74734656134675 53.492678508744575 d
155.74734656134675 53.492678508744575 179.30693177097373 53.49267850874456 c
163.69318622266252 67.25527651093932 155.74734656134675 53.492678508744575 d
163.69318622266252 67.25527651093932 175.19504505315572 73.89587780290566 c
175.19504505315572 73.89587780290566 163.69318622266252 80.53647909487199 c
163.69318622266252 80.53647909487199 163.69318622266252 67.25527651093932 c
179.30693177097373 53.49267850874456 191.08672437578724 73.89587780290566 c
191.08672437578724 73.89587780290566 191.08672437578724 62.17777419835934 c
191.08672437578724 62.17777419835934 217.81670039850636 53.49267850874456 c
217.81670039850636 53.49267850874456 216.73765490492124 47.59588880873716 d
216.73765490492124 47.59588880873716 216.73765490492124 23.76081726847293 c
216.73765490492124 23.76081726847293 175.58271216656618 47.52163453694587 c
175.58271216656618 47.52163453694587 175.58271216656615 0.0 c
175.58271216656615 0.0 216.73765490492124 23.76081726847293 c
216.73765490492124 23.76081726847293 216.73765490492124 0.0 c
216.73765490492124 0.0 257.9569037289871 23.79794440436857 c
257.9569037289871 23.79794440436857 216.73765490492124 47.59588880873716 c
217.81670039850636 53.49267850874456 234.3367340990165 76.23055421970123 c
234.3367340990165 76.23055421970123 217.81670039850636 98.96842993065789 c
217.81670039850636 98.96842993065789 191.08672437578724 90.28333424104314 c
191.08672437578724 90.28333424104314 191.08672437578724 73.89587780290566 c
191.08672437578724 73.89587780290566 204.7517153635295 80.35513714363839 d
204.7517153635295 80.35513714363839 204.7517153635295 72.10597129576408 c
204.7517153635295 72.10597129576408 212.5971382971498 69.5568388593535 c
212.5971382971498 69.5568388593535 217.44587632624504 76.23055421970123 c
217.44587632624504 76.23055421970123 212.5971382971498 82.90426958004896 c
212.5971382971498 82.90426958004896 204.7517153635295 80.35513714363839 c
191.08672437578724 73.89587780290566 179.30693177097373 94.29907709706676 c
179.30693177097373 94.29907709706676 155.74734656134677 94.29907709706676 c
155.74734656134677 94.29907709706676 143.96755395653327 73.89587780290566 c
143.96755395653327 73.89587780290566 155.74734656134675 53.492678508744575 c
162.3978573410579 45.67367689640002 136.02814769004135 45.673676896400025 c
121.50746850365351 53.49267850874457 137.05032989169308 57.04023519391522 c
137.05032989169308 57.04023519391522 143.96755395653327 71.40399896944096 c
143.96755395653327 71.40399896944096 137.05032989169308 85.7677627449667 c
137.05032989169308 85.7677627449667 121.50746850365353 89.31531943013735 c
121.50746850365353 89.31531943013735 109.04306143420064 79.37528648405097 c
109.04306143420065 81.55669350892819 98.20493923426102 104.06228615576846 c
98.20493923426102 104.06228615576846 73.8518997083992 109.62070850911182 c
73.8518997083992 109.62070850911182 54.32227833106384 94.04635516573795 c
54.32227833106384 94.04635516573795 73.14218178292944 81.55669350892819 d
73.14218178292944 81.55669350892819 76.69975489015391 75.39479613557471 c
76.69975489015391 75.39479613557471 83.81490110460288 75.39479613557471 c
83.81490110460288 75.39479613557471 87.37247421182735 81.55669350892819 c
87.37247421182735 81.55669350892819 83.81490110460288 87.71859088228167 c
83.81490110460288 87.71859088228167 76.69975489015391 87.71859088228167 c
76.69975489015391 87.71859088228167 73.14218178292944 81.55669350892819 c
54.32227833106384 94.04635516573795 54.32227833106384 69.06703185211843 c
54.322278331063835 77.01491502181968 40.74170874829788 100.53715153489478 c
40.74170874829788 100.53715153489478 38.75706787668571 109.62070850911181 d
38.75706787668571 109.62070850911181 51.676090502247604 131.9971120807169 c
51.676090502247604 131.9971120807169 51.676090502247604 134.7424128554831 d
51.676090502247604 134.7424128554831 66.18011326912725 109.62070850911184 c
66.18011326912725 109.62070850911184 95.18815880288656 109.62070850911184 c
95.18815880288656 109.62070850911184 109.6921815697662 134.7424128554831 c
109.6921815697662 134.7424128554831 109.6921815697662 120.55748231632268 c
109.6921815697662 120.55748231632268 123.40646214599693 109.62070850911184 c
123.40646214599693 109.62070850911184 140.5078903042153 113.52399788897712 c
140.5078903042153 113.52399788897712 148.1187418357224 129.328093940287 c
148.1187418357224 129.328093940287 140.5078903042153 145.13218999159687 c
131.68317746171647 135.87287861504953 140.5078903042153 145.13218999159687 d
131.68317746171647 135.87287861504953 124.12591107419189 135.87287861504953 c
124.12591107419189 135.87287861504953 120.3472778804296 129.328093940287 c
120.3472778804296 129.328093940287 124.12591107419189 122.78330926552447 c
124.12591107419189 122.78330926552447 131.68317746171647 122.78330926552447 c
131.68317746171647 122.78330926552447 135.46181065547876 129.328093940287 c
135.46181065547876 129.328093940287 131.68317746171647 135.87287861504953 c
140.5078903042153 145.13218999159687 123.40646214599694 149.03547937146217 c
123.40646214599694 149.03547937146217 109.6921815697662 138.09870556425133 c
109.6921815697662 138.09870556425133 109.6921815697662 134.7424128554831 c
109.6921815697662 134.7424128554831 95.18815880288656 159.86411720185438 c
95.18815880288656 159.86411720185438 95.76270120530029 165.5251680755161 d
95.76270120530029 165.5251680755161 117.91213677510017 165.52516807551606 c
117.91213677510017 165.52516807551606 128.9868545600001 184.7071419584494 c
128.9868545600001 184.7071419584494 128.9868545600001 165.52516807551606 c
128.9868545600001 165.52516807551606 170.81670678479225 189.67564451766205 c
170.81670678479225 185.53283283400992 170.81670678479225 189.67564451766205 d
170.81670678479225 185.53283283400992 190.82437154328608 165.5251680755161 c
195.83618284791132 157.33814952130075 190.82437154328608 165.5251680755161 d
195.83618284791132 157.33814952130075 176.07097161892452 165.52516807551606 c
176.07097161892452 165.52516807551606 156.30576038993772 157.33814952130075 c
156.30576038993772 157.33814952130075 148.1187418357224 137.57293829231395 c
148.1187418357224 137.57293829231395 156.30576038993772 117.80772706332715 c
156.30576038993772 117.80772706332715 176.07097161892452 109.62070850911184 c
176.07097161892452 109.62070850911184 195.83618284791132 117.80772706332715 c
195.83618284791132 117.80772706332715 204.02320140212663 137.57293829231395 c
213.8981669753206 143.8285927006428 204.02320140212663 137.57293829231395 d
213.8981669753206 143.8285927006428 204.02320140212663 126.72465060487731 c
204.02320140212663 126.72465060487731 213.8981669753206 109.62070850911184 c
213.8981669753206 109.62070850911184 233.64809812170856 109.62070850911182 c
233.64809812170856 109.62070850911182 243.52306369490253 126.72465060487731 c
243.52306369490253 126.72465060487731 233.64809812170856 143.8285927006428 c
233.64809812170856 143.8285927006428 213.8981669753206 143.8285927006428 c
204.02320140212663 137.57293829231395 195.83618284791132 157.33814952130075 c
190.82437154328608 165.5251680755161 210.8320363017799 185.53283283400992 c
216.07435739903963 184.19836417173116 210.8320363017799 185.53283283400992 d
216.07435739903963 184.19836417173116 221.61301109456042 178.65971047621036 c
221.61301109456042 178.65971047621036 227.1516647900812 184.19836417173116 c
227.1516647900812 184.19836417173116 221.61301109456042 189.73701786725195 c
221.61301109456042 189.73701786725195 216.07435739903963 184.19836417173116 c
210.8320363017799 185.53283283400992 190.82437154328608 205.54049759250375 c
190.82437154328608 205.54049759250375 170.81670678479225 185.53283283400992 c
170.81670678479225 189.67564451766205 186.45800110425847 188.7051866509889 d
186.45800110425847 188.7051866509889 186.45800110425847 182.36047901703094 c
186.45800110425847 182.36047901703094 192.49217664352182 180.39985653379745 c
192.49217664352182 180.39985653379745 196.2215022208698 185.53283283400992 c
196.2215022208698 185.53283283400992 192.49217664352182 190.6658091342224 c
192.49217664352182 190.6658091342224 186.45800110425847 188.7051866509889 c
170.81670678479225 189.67564451766205 128.9868545600001 213.82612095980807 c
128.9868545600001 213.82612095980807 128.9868545600001 184.7071419584494 c
128.9868545600001 184.7071419584494 117.91213677510017 203.88911584138273 c
117.91213677510017 203.88911584138273 95.76270120530032 203.88911584138273 c
95.76270120530032 203.88911584138273 84.68798342040037 184.7071419584494 c
84.68798342040037 187.4924161568131 84.68798342040037 184.7071419584494 d
84.68798342040037 187.4924161568131 76.20438907012908 205.10878134499163 c
76.20438907012908 205.10878134499163 66.28068858337501 213.82612095980807 d
84.62089702903454 213.82612095980807 93.79100125186429 229.7092073844511 c
93.79100125186429 229.7092073844511 93.79100125186429 230.05009906065885 d
93.79100125186429 230.05009906065885 114.13522630943946 213.82612095980807 c
114.13522630943946 213.82612095980807 139.5040600096735 219.6163917047754 c
139.5040600096735 219.6163917047754 150.79425314639053 243.06071932460242 c
150.79425314639053 243.06071932460242 150.79425314639053 213.82612095980807 c
150.79425314639053 213.82612095980807 189.7741706955439 236.33118684980116 c
189.7741706955439 236.33118684980116 189.7741706955439 221.63289599912125 c
189.7741706955439 221.63289599912125 213.80095371246875 213.82612095980807 c
210.83203630177997 202.87156026794628 213.80095371246875 213.82612095980807 d
210.83203630177997 202.87156026794628 210.83203630177994 165.52516807551606 c
210.83203630177994 165.52516807551606 243.17496068012133 184.19836417173116 c
243.17496068012133 184.19836417173116 210.83203630177997 202.87156026794628 c
213.80095371246875 213.82612095980807 228.65032225724707 234.26452335525428 c
228.65032225724707 234.26452335525428 213.80095371246875 254.7029257507005 c
213.80095371246875 254.7029257507005 189.7741706955439 246.89615071138732 c
189.7741706955439 246.89615071138732 189.7741706955439 236.33118684980116 c
204.14586985775435 239.48534772783307 189.7741706955439 236.33118684980116 d
204.14586985775435 239.48534772783307 204.14586985775435 229.0436989826755 c
204.14586985775435 229.0436989826755 213.18860292845474 234.26452335525428 c
213.18860292845474 234.26452335525428 204.14586985775435 239.48534772783307 c
189.7741706955439 236.33118684980116 150.79425314639053 258.83625273979425 c
150.79425314639053 258.83625273979425 159.49914667152123 272.2953176893968 d
159.49914667152123 272.2953176893968 179.90783489682292 280.74887314256085 c
179.90783489682292 280.74887314256085 188.361390349987 301.15756136786257 c
188.361390349987 301.15756136786257 188.361390349987 287.96425659367213 c
188.361390349987 287.96425659367213 208.00961826920835 272.2953176893968 c
208.00961826920835 272.2953176893968 232.51055773366943 277.88749723858814 c
232.51055773366943 277.88749723858814 243.41450159854747 300.529769981031 c
243.41450159854747 300.529769981031 232.51055773366946 323.17204272347385 c
232.51055773366946 323.17204272347385 208.00961826920835 328.76422227266517 c
208.00961826920835 328.76422227266517 188.361390349987 313.09528336838986 c
188.361390349987 313.09528336838986 188.361390349987 301.15756136786257 c
188.361390349987 301.15756136786257 179.90783489682295 321.5662495931643 c
179.90783489682295 321.5662495931643 159.49914667152123 330.0198050463283 c
159.49914667152123 330.0198050463283 139.09045844621951 321.5662495931643 c
139.09045844621951 321.5662495931643 130.63690299305546 301.15756136786257 c
130.63690299305546 296.2049240693824 130.63690299305546 301.15756136786257 d
130.63690299305546 296.2049240693824 89.22424995394744 320.114530449368 c
83.6695634268025 336.1716470965617 89.22424995394744 320.114530449368 d
98.52142393805283 330.0198050463284 113.37328444930316 336.1716470965617 c
113.37328444930316 336.1716470965617 119.52512649953647 351.023507607812 c
119.52512649953647 351.023507607812 113.37328444930317 365.87536811906233 c
113.37328444930317 365.87536811906233 98.52142393805283 372.02721016929564 c
98.52142393805283 372.02721016929564 83.66956342680251 365.87536811906233 c
83.66956342680251 365.87536811906233 77.5177213765692 351.023507607812 c
77.5177213765692 351.023507607812 77.5177213765692 347.26153303915993 d
77.5177213765692 347.26153303915993 60.275993383737635 364.5032610319915 c
60.275993383737635 364.5032610319915 43.03426539090607 347.26153303915993 c
43.03426539090607 351.5369377417814 43.03426539090607 347.26153303915993 d
43.03426539090607 351.5369377417814 21.517132695453036 373.05407043723443 c
43.03426539090607 351.5369377417814 24.342781748232145 356.4311054655537 d
24.342781748232145 356.4311054655537 18.691483642673926 356.4311054655537 c
18.691483642673926 356.4311054655537 15.865834589894817 351.5369377417814 c
15.865834589894817 351.5369377417814 18.691483642673923 346.6427700180091 c
18.691483642673923 346.6427700180091 24.342781748232145 346.6427700180091 c
24.342781748232145 346.6427700180091 27.168430801011255 351.5369377417814 c
27.168430801011255 351.5369377417814 24.342781748232145 356.4311054655537 c
21.517132695453036 373.05407043723443 0.0 351.5369377417814 c
0.0 351.5369377417814 21.517132695453032 330.0198050463284 c
21.517132695453032 330.0198050463284 43.03426539090607 351.5369377417814 c
43.03426539090607 347.26153303915993 60.275993383737635 330.0198050463284 c
63.60289687628469 323.53802384472226 60.275993383737635 330.0198050463284 d
63.60289687628469 323.53802384472226 37.981543798621956 297.91667076705954 c
37.981543798621956 297.91667076705954 37.981543798621956 292.2633969506479 d
37.981543798621956 292.2633969506479 23.47388501274116 312.231476211899 c
23.47388501274116 312.231476211899 3.552713678800501e-15 304.604348624153 c
3.552713678800501e-15 304.604348624153 0.0 279.92244527714286 c
0.0 279.92244527714286 23.473885012741157 272.2953176893968 c
23.473885012741157 272.2953176893968 37.981543798621956 292.2633969506479 c
37.981543798621956 297.91667076705954 20.20381632794587 297.8370560183777 d
23.42176989107088 292.2633969506479 20.20381632794587 297.8370560183777 c
20.20381632794587 297.8370560183777 13.767909201695842 297.8370560183777 c
13.767909201695842 297.8370560183777 10.549955638570827 292.2633969506479 c
10.549955638570827 292.2633969506479 13.767909201695838 286.6897378829181 c
13.767909201695838 286.6897378829181 20.20381632794587 286.6897378829181 c
20.20381632794587 286.6897378829181 23.42176989107088 292.2633969506479 c
37.981543798621956 297.91667076705954 63.60289687628468 272.2953176893968 c
63.60289687628468 272.2953176893968 89.22424995394742 297.91667076705954 c
96.84820667477054 300.6951464901796 89.22424995394742 297.91667076705954 d
96.84820667477054 300.6951464901796 96.84820667477054 291.7147016485852 c
96.84820667477054 291.7147016485852 105.38911726059808 288.9395915754857 c
105.38911726059808 288.9395915754857 110.66769029751329 296.2049240693824 c
110.66769029751329 296.2049240693824 105.38911726059808 303.4702565632791 c
105.38911726059808 303.4702565632791 96.84820667477054 300.6951464901796 c
89.22424995394742 297.91667076705954 69.2032138884052 297.91667076705954 d
69.2032138884052 297.91667076705954 65.33349000691706 303.24288875475537 c
65.33349000691706 303.24288875475537 59.07214523959207 301.20845451494665 c
59.07214523959207 301.20845451494665 59.07214523959207 294.62488701917243 c
59.07214523959207 294.62488701917243 65.33349000691706 292.5904527793637 c
65.33349000691706 292.5904527793637 69.2032138884052 297.91667076705954 c
89.22424995394742 297.91667076705954 63.60289687628469 323.53802384472226 c
60.275993383737635 330.0198050463284 77.5177213765692 347.26153303915993 c
77.5177213765692 351.023507607812 83.6695634268025 336.1716470965617 c
83.6695634268025 336.1716470965617 98.52142393805283 330.0198050463284 c
89.22424995394744 320.114530449368 89.22424995394742 272.2953176893968 c
89.22424995394742 272.2953176893968 130.63690299305546 296.2049240693824 c
130.63690299305546 301.15756136786257 139.09045844621951 280.74887314256085 c
139.09045844621951 280.74887314256085 159.49914667152123 272.2953176893968 c
150.79425314639053 258.83625273979425 150.79425314639053 243.06071932460242 c
127.19217206635115 243.06071932460242 150.79425314639053 243.06071932460242 d
127.19217206635115 243.06071932460242 117.61566288575553 248.58971947791622 c
117.61566288575553 248.58971947791622 117.61566288575551 237.53171917128861 c
117.61566288575551 237.53171917128861 127.19217206635115 243.06071932460242 c
150.79425314639053 243.06071932460242 139.50406000967354 266.5050469444294 c
139.50406000967354 266.5050469444294 114.13522630943947 272.29531768939677 c
114.13522630943947 272.29531768939677 93.79100125186429 256.071339588546 c
93.79100125186429 256.071339588546 93.79100125186429 230.05009906065885 c
93.79100125186429 229.7092073844511 84.62089702903454 245.59229380909414 c
84.62089702903454 245.59229380909414 66.28068858337502 245.59229380909414 c
66.28068858337502 245.59229380909414 57.11058436054526 229.7092073844511 c
57.11058436054526 229.7092073844511 66.28068858337501 213.82612095980807 c
66.28068858337501 213.82612095980807 84.62089702903454 213.82612095980807 c
76.20438907012908 205.10878134499163 57.14192559885675 209.45966423811015 c
57.14192559885675 209.45966423811015 41.85501680384218 197.26876127581366 c
41.85501680384218 197.26876127581366 41.855016803842176 177.71607103781255 c
41.855016803842176 183.648921989492 41.855016803842176 177.71607103781255 d
41.855016803842176 183.648921989492 31.391262602881632 201.77267590346796 c
41.855016803842176 183.648921989492 55.81556091494528 187.4924161568131 d
55.81556091494528 187.4924161568131 62.15580662372234 181.15217044803603 c
62.15580662372234 181.15217044803603 68.4960523324994 187.4924161568131 c
68.4960523324994 187.4924161568131 62.15580662372234 193.83266186559018 c
62.15580662372234 193.83266186559018 55.81556091494528 187.4924161568131 c
31.391262602881632 201.77267590346796 27.958453604841896 183.648921989492 d
24.442981003381494 189.73789914783777 17.412035800460686 189.73789914783777 c
17.412035800460686 189.73789914783777 13.89656319900028 183.648921989492 c
13.89656319900028 183.648921989492 17.41203580046068 177.55994483114625 c
17.41203580046068 177.55994483114625 24.442981003381494 177.55994483114625 c
24.442981003381494 177.55994483114625 27.958453604841896 183.648921989492 c
27.958453604841896 183.648921989492 24.442981003381494 189.73789914783777 c
31.391262602881632 201.77267590346796 10.463754200960548 201.77267590346796 c
10.463754200960548 201.77267590346796 0.0 213.82612095980807 d
0.0 213.82612095980807 25.312665097534847 228.44039496777665 c
25.312665097534847 228.44039496777665 25.312665097534847 220.21150614924912 c
25.312665097534847 220.21150614924912 44.964859973600284 213.82612095980807 c
44.964859973600284 213.82612095980807 57.11058436054525 230.54327641702494 c
57.11058436054525 230.54327641702494 44.964859973600284 247.26043187424182 c
44.964859973600284 247.26043187424182 25.31266509753485 240.87504668480076 c
25.31266509753485 240.87504668480076 25.312665097534847 228.44039496777665 c
25.312665097534847 228.44039496777665 25.31266509753485 228.44039496777665 c
25.31266509753485 228.44039496777665 25.312665097534847 228.44039496777665 d
25.312665097534847 228.44039496777665 1.0658141036401503e-14 243.05466897574524 c
8.437555032511622 235.6699700889322 1.0658141036401503e-14 243.05466897574524 d
8.437555032511622 235.6699700889322 1.207979911356091 228.44039496777665 c
1.207979911356091 228.44039496777665 8.43755503251162 221.21081984662112 c
8.43755503251162 221.21081984662112 15.667130153667152 228.44039496777665 c
15.667130153667152 228.44039496777665 8.437555032511622 235.6699700889322 c
1.0658141036401503e-14 243.05466897574524 0.0 213.82612095980807 c
10.463754200960548 201.77267590346796 0.0 183.648921989492 c
0.0 183.648921989492 10.463754200960535 165.52516807551606 c
10.463754200960535 165.52516807551606 31.391262602881632 165.52516807551606 c
31.391262602881632 165.52516807551606 41.855016803842176 183.648921989492 c
41.855016803842176 177.71607103781255 57.141925598856744 165.52516807551606 c
57.141925598856744 165.52516807551606 76.20438907012908 169.8760509686346 c
76.20438907012908 169.8760509686346 84.68798342040037 187.4924161568131 c
84.68798342040037 184.7071419584494 95.76270120530029 165.5251680755161 c
95.18815880288656 159.86411720185438 66.18011326912726 159.86411720185438 c
66.18011326912726 159.86411720185438 51.676090502247604 134.7424128554831 c
51.676090502247604 131.9971120807169 38.75706787668571 154.373515652322 c
38.75706787668571 154.373515652322 12.919022625561905 154.373515652322 c
12.919022625561905 154.373515652322 0.0 131.9971120807169 c
0.0 131.9971120807169 12.91902262556189 109.62070850911182 c
12.91902262556189 109.62070850911182 38.75706787668571 109.62070850911181 c
40.74170874829788 100.53715153489478 13.580569582765964 100.53715153489479 c
13.580569582765964 100.53715153489479 0.0 77.01491502181968 c
0.0 77.01491502181968 13.580569582765946 53.492678508744575 c
23.930011931130505 71.41843848611693 13.580569582765946 53.492678508744575 d
23.930011931130505 71.41843848611693 33.62339363433474 77.01491502181968 c
33.62339363433474 77.01491502181968 23.930011931130508 82.61139155752242 c
23.930011931130508 82.61139155752242 23.930011931130505 71.41843848611693 c
13.580569582765946 53.492678508744575 40.74170874829788 53.49267850874457 c
57.40912487235699 53.49267850874457 38.79646809946705 38.649580035963 c
38.79646809946705 38.649580035963 25.544454810077244 19.897095782519518 d
21.966068117632403 26.095043342962327 14.809294732742723 26.095043342962327 c
14.809294732742723 26.095043342962327 11.23090804029788 19.897095782519518 c
11.23090804029788 19.897095782519518 14.809294732742718 13.699148222076708 c
14.809294732742718 13.699148222076708 21.966068117632403 13.699148222076708 c
21.966068117632403 13.699148222076708 25.544454810077244 19.897095782519518 c
25.544454810077244 19.897095782519518 21.966068117632403 26.095043342962327 c
38.79646809946705 38.649580035963 38.79646809946704 14.843098472781579 c
38.79646809946704 19.897095782519518 56.574040602605685 26.746339254372284 d
56.574040602605685 26.746339254372284 63.51380227099257 19.806577585985394 c
63.51380227099257 19.806577585985394 70.45356393937946 26.746339254372284 c
70.45356393937946 26.746339254372284 63.51380227099257 33.686100922759174 c
63.51380227099257 33.686100922759174 56.574040602605685 26.746339254372284 c
38.79646809946704 19.897095782519518 31.112351784911237 35.85332772344522 c
31.112351784911237 35.85332772344522 13.84629915351171 39.794191565039036 c
13.84629915351171 39.794191565039036 3.552713678800501e-15 28.752136455608493 c
3.552713678800501e-15 28.752136455608493 0.0 11.042055109430546 c
5.382603867016881 6.749571762589059 0.0 0.0 d
