Processando arquivo: art_11_hole_pack.txt

Tempo de Inicio (hh:mm:ss.ms) 2026-04-26 15:00:03.770729
Tempo de Termino (hh:mm:ss.ms) 2026-04-26 15:00:03.950431
Tempo Total (hh:mm:ss.ms) 0:00:00.179702

Função Objetivo: 82.88797162646937

0.0 0.0 2.1024862456421407 6.47078730535022 d
0.0 7.153926497618128 22.017521807881124 0.0 c
22.017521807881124 0.0 35.625098633193694 18.729222723782748 c
35.625098633193694 18.729222723782748 35.62509863319369 0.0 c
41.17080454000579 21.975073237736396 35.625098633193694 18.729222723782748 d
44.741608811234165 15.79025881608488 51.88321735369094 15.790258816084876 c
51.88321735369094 15.790258816084876 55.45402162491932 21.975073237736396 c
55.45402162491932 21.975073237736396 51.88321735369094 28.159887659387916 c
51.88321735369094 28.159887659387916 44.74160881123417 28.159887659387916 c
44.74160881123417 28.159887659387916 41.17080454000579 21.975073237736396 c
41.17080454000579 21.975073237736396 44.741608811234165 15.79025881608488 c
35.62509863319369 0.0 73.68704198100026 21.975073237736396 c
73.68704198100028 17.070554600990572 73.68704198100026 21.975073237736396 d
73.68704198100028 17.070554600990572 83.54273127509839 7.105427357601002e-15 c
83.54273127509839 7.105427357601002e-15 90.49121573914627 12.035128127333923 d
90.49121573914627 12.035128127333923 96.30562539924674 12.035128127333923 c
96.30562539924674 12.035128127333923 99.21283022929697 17.07055460099057 c
99.21283022929697 17.07055460099057 96.30562539924674 22.105981074647215 c
96.30562539924674 22.105981074647215 90.49121573914627 22.105981074647218 c
90.49121573914627 22.105981074647218 87.58401090909604 17.07055460099057 c
87.58401090909604 17.07055460099057 90.49121573914627 12.035128127333923 c
83.54273127509839 7.105427357601002e-15 103.25410986329462 0.0 c
103.25410986329462 0.0 113.10979915739273 17.07055460099057 c
113.10979915739273 17.07055460099057 103.25410986329462 34.14110920198114 c
103.25410986329462 34.14110920198114 83.54273127509839 34.14110920198114 c
83.54273127509839 34.14110920198114 73.68704198100028 17.070554600990572 c
73.68704198100026 21.975073237736396 35.6250986331937 43.950146475472806 c
35.6250986331937 43.950146475472806 35.625098633193694 18.729222723782748 c
35.625098633193694 18.729222723782748 22.017521807881128 37.458445447565495 c
22.017521807881128 37.458445447565495 22.679769764005826 43.950146475472806 d
22.679769764005826 43.950146475472806 45.35953952801166 66.62991623947863 c
45.35953952801166 66.62991623947863 50.608119024955755 74.5411095818485 d
45.35953952801166 61.869917777132706 50.608119024955755 49.19872597241691 c
50.608119024955755 49.19872597241691 63.27931082967156 43.950146475472806 c
63.27931082967156 43.950146475472806 75.95050263438736 49.1987259724169 c
75.95050263438736 49.1987259724169 81.19908213133147 61.869917777132706 c
81.19908213133147 61.869917777132706 81.19908213133147 53.33803860712041 c
90.82171249953525 60.86654356715394 81.19908213133147 61.869917777132706 d
90.82171249953525 60.86654356715394 93.82694813228865 55.66132276250864 c
93.82694813228865 55.66132276250864 99.83741939779547 55.66132276250864 c
99.83741939779547 55.66132276250864 102.84265503054887 60.86654356715394 c
102.84265503054887 60.86654356715394 99.83741939779547 66.07176437179923 c
99.83741939779547 66.07176437179923 93.82694813228866 66.07176437179925 c
93.82694813228866 66.07176437179925 90.82171249953525 60.86654356715394 c
81.19908213133147 53.33803860712041 92.97112651867333 43.950146475472806 c
92.97112651867333 43.950146475472806 107.65062576374532 47.300646385475616 c
107.65062576374532 47.300646385475616 114.18361752779418 60.86654356715394 c
114.18361752779418 60.86654356715394 107.65062576374532 74.43244074883226 c
107.65062576374532 74.43244074883226 92.97112651867333 77.78294065883507 c
92.97112651867333 77.78294065883507 81.19908213133147 68.39504852718747 c
81.19908213133147 68.39504852718747 81.19908213133147 61.869917777132706 c
81.19908213133147 61.869917777132706 75.95050263438736 74.5411095818485 c
75.95050263438736 74.5411095818485 63.27931082967156 79.7896890787926 c
63.27931082967156 79.7896890787926 50.608119024955755 74.5411095818485 c
50.608119024955755 74.5411095818485 45.35953952801166 61.869917777132706 c
45.35953952801166 66.62991623947863 22.67976976400583 89.30968600348446 c
22.67976976400583 89.30968600348446 27.366728055387668 89.30968600348447 d
27.366728055387668 89.30968600348447 44.28029615449257 112.58921534575045 c
44.28029615449257 112.58921534575045 44.280296154492575 118.60026087819526 d
44.280296154492575 118.60026087819526 44.28029615449257 89.30968600348447 c
44.28029615449257 89.30968600348447 69.64667808744233 103.95497344083986 c
69.64667808744233 103.95497344083986 69.64667808744233 96.78733612617046 c
69.64667808744233 96.78733612617046 92.66051876678952 89.30968600348447 c
92.66051876678952 89.30968600348447 106.88385451830106 108.88642818065622 c
106.88385451830108 120.08265687573076 106.88385451830106 108.88642818065622 d
106.88385451830108 120.08265687573076 106.88385451830106 89.30968600348447 c
106.88385451830106 89.30968600348447 133.53402904358495 104.69617143960761 c
133.53402904358495 104.69617143960761 106.88385451830108 120.08265687573076 c
106.88385451830106 108.88642818065622 92.66051876678954 128.46317035782798 c
92.66051876678954 128.46317035782798 69.64667808744233 120.98552023514199 c
82.68431254396687 115.14837572674573 69.64667808744233 120.98552023514199 d
82.68431254396687 115.14837572674573 82.68431254396687 102.62448063456672 c
82.68431254396687 102.62448063456672 93.53032384812514 108.88642818065622 c
93.53032384812514 108.88642818065622 82.68431254396687 115.14837572674573 c
69.64667808744233 120.98552023514199 69.64667808744233 103.95497344083986 c
69.64667808744233 103.95497344083986 44.280296154492575 118.60026087819526 c
52.735756798809156 109.06703839390566 44.28029615449257 112.58921534575045 d
52.735756798809156 109.06703839390566 47.62369184574336 103.95497344083986 c
47.62369184574336 103.95497344083986 52.735756798809156 98.84290848777407 c
52.735756798809156 98.84290848777407 57.84782175187495 103.95497344083986 c
57.84782175187495 103.95497344083986 52.735756798809156 109.06703839390566 c
44.28029615449257 112.58921534575045 27.366728055387675 135.86874468801642 c
22.779856387212348 135.86874468801642 27.366728055387675 135.86874468801642 d
22.779856387212348 135.86874468801642 38.887647313065884 142.54081014937523 c
38.887647313065884 142.54081014937523 45.5597127744247 158.64860107522878 c
45.5597127744247 158.64860107522878 38.8876473130659 174.75639200108233 c
38.8876473130659 174.75639200108233 22.77985638721235 181.42845746244114 c
22.77985638721235 181.42845746244114 6.672065461358812 174.75639200108233 c
6.672065461358812 174.75639200108233 16.947057023971556 162.88637786994582 d
16.947057023971556 162.88637786994582 16.947057023971556 154.41082428051175 c
16.947057023971556 154.41082428051175 25.00778749441159 151.79173418464106 c
25.00778749441159 151.79173418464106 29.989592899295463 158.64860107522878 c
29.989592899295463 158.64860107522878 25.00778749441159 165.5054679658165 c
25.00778749441159 165.5054679658165 16.947057023971556 162.88637786994582 c
6.672065461358812 174.75639200108233 0.0 158.64860107522878 c
0.0 158.64860107522878 6.672065461358805 142.54081014937523 c
6.672065461358805 142.54081014937523 22.779856387212348 135.86874468801642 c
27.366728055387675 135.86874468801642 3.552713678800501e-15 126.9767557213713 c
3.552713678800501e-15 126.9767557213713 0.0 98.2016749701296 c
0.0 98.2016749701296 27.366728055387668 89.30968600348447 c
22.67976976400583 89.30968600348446 0.0 66.62991623947863 c
0.0 66.62991623947863 22.679769764005826 43.950146475472806 c
15.93202844979119 25.574486755682024 22.017521807881128 37.458445447565495 d
15.93202844979119 25.574486755682024 9.086764417891915 18.729222723782748 c
9.086764417891915 18.729222723782748 15.932028449791188 11.883958691883473 c
15.932028449791188 11.883958691883473 22.777292481690466 18.729222723782748 c
22.777292481690466 18.729222723782748 15.93202844979119 25.574486755682024 c
22.017521807881128 37.458445447565495 3.552713678800501e-15 30.304518949947372 c
3.552713678800501e-15 30.304518949947372 0.0 7.153926497618128 c
2.1024862456421407 6.47078730535022 0.0 0.0 d
