Processando arquivo: art_23_irregular_sep.txt

Tempo de Inicio (hh:mm:ss.ms) 2026-04-26 15:04:08.065045
Tempo de Termino (hh:mm:ss.ms) 2026-04-26 15:04:08.250573
Tempo Total (hh:mm:ss.ms) 0:00:00.185528

Função Objetivo: 91.98314058030857

0.0 0.0 6.244453047367196 5.886661722313327 d
11.79382398027209 0.0 40.220386977426884 2.0451235922083475 c
40.220386977426884 2.0451235922083475 36.803750807839194 7.765827666453772 c
36.803750807839194 7.765827666453772 48.685446213582736 16.11327692058785 c
48.685446213582736 16.11327692058785 63.685446213582736 17.185736667370758 d
63.685446213582736 17.185736667370758 72.9153829509112 3.3794656871455473 c
72.9153829509112 3.3794656871455473 88.16252801433477 0.0 c
88.16252801433477 0.0 104.82956513781261 1.9403393277511896 c
104.82956513781261 1.9403393277511896 99.3901106421827 26.48559930192424 c
99.3901106421827 26.48559930192424 94.17804893609036 24.63368667674146 c
94.17804893609036 24.63368667674146 74.14743205163043 40.467529356554735 c
74.14743205163043 40.467529356554735 73.76684226080184 52.467529356554735 d
73.76684226080184 52.467529356554735 73.85718498118774 52.8813919608948 c
73.85718498118774 52.8813919608948 71.15643760762309 75.74771310130524 c
71.15643760762309 75.74771310130524 87.97411154282099 78.9885997878714 c
97.97411154282099 80.24783908031306 87.97411154282099 78.9885997878714 d
97.97411154282099 80.24783908031306 103.63047459978412 78.0550863656185 c
103.63047459978412 78.0550863656185 107.00208999790047 62.89058339159894 c
107.00208999790047 62.89058339159894 107.87363875102632 62.81257138617778 c
107.87363875102632 62.81257138617778 113.51333699084832 52.467529356554735 c
113.51333699084832 52.467529356554735 121.29019977180813 54.595856598578436 c
121.29019977180813 54.595856598578436 130.21717117064915 69.23834014870963 c
130.21717117064915 69.23834014870963 129.75773846785467 92.7573517707376 c
116.21719585080086 109.24038584131787 129.75773846785467 92.7573517707376 d
116.21719585080086 109.24038584131787 100.46801046094004 140.0384857047157 c
100.46801046094004 140.0384857047157 100.99369367507155 143.1223546518594 c
100.99369367507155 143.1223546518594 90.19462797720244 144.2612495692389 c
90.19462797720244 144.2612495692389 90.77373031842659 137.93515055781023 c
90.77373031842659 137.93515055781023 87.5156096191863 134.01096856794592 c
87.5156096191863 134.01096856794592 82.31404691805486 118.0051643791238 c
82.31404691805486 118.0051643791238 99.26588019859334 113.25112499074851 c
99.26588019859334 113.25112499074851 116.21719585080086 109.24038584131787 c
129.75773846785467 92.7573517707376 97.97411154282099 80.24783908031306 c
87.97411154282099 78.9885997878714 65.5956336288334 87.53580543925773 c
65.5956336288334 87.53580543925773 64.93752645851276 102.24038584131787 c
63.37888432324654 109.82598723017685 64.93752645851276 102.24038584131787 d
63.37888432324654 109.82598723017685 72.31404691805486 136.02572645417666 c
72.31404691805486 136.02572645417666 55.0006071840763 146.53489265747604 c
55.0006071840763 146.53489265747604 54.211002406087204 148.1723811595377 c
54.211002406087204 148.1723811595377 46.166843601146894 148.46152026429746 c
46.166843601146894 148.46152026429746 38.25449739817006 136.84398463616134 c
25.25449739817006 133.99695671175738 38.25449739817006 136.84398463616134 d
25.25449739817006 133.99695671175738 8.786213240859674 151.10450231777784 c
8.786213240859674 151.10450231777784 7.762285836293531 151.57669274273286 c
9.40418600025217 161.57669274273286 7.762285836293531 151.57669274273286 d
9.40418600025217 161.57669274273286 17.960086557685468 163.81550676758332 c
17.960086557685468 163.81550676758332 42.358866167091406 172.40035412578698 c
42.358866167091406 172.40035412578698 35.47542002058911 180.71138939136685 c
35.47542002058911 180.71138939136685 45.48876641867782 186.78708074408513 c
45.48876641867782 186.78708074408513 60.48876641867783 188.47170040110586 d
60.48876641867783 188.47170040110586 67.72747833644935 184.47371632346872 c
67.72747833644935 184.47371632346872 88.97929030242173 161.57669274273286 c
88.97929030242173 161.57669274273286 100.49636073632679 189.30851483774362 c
100.49636073632679 189.30851483774362 90.94907619289894 206.34311774742037 c
90.94907619289894 206.34311774742037 88.38596373649136 219.01354247221784 d
88.38596373649136 219.01354247221784 94.6027306152237 227.8142077362821 c
102.14950141574329 240.02899038169625 94.6027306152237 227.8142077362821 d
102.14950141574329 240.02899038169625 109.04324668100661 216.34311774742037 c
109.04324668100661 216.34311774742037 110.66834286541294 219.24008557911128 c
110.66834286541294 219.24008557911128 131.67297895756192 237.2324599627431 c
131.67297895756192 237.2324599627431 127.73867396381723 261.4327727514411 c
127.73867396381723 261.4327727514411 120.0203570632618 271.8712800920425 c
120.0203570632618 271.8712800920425 105.89340921861105 251.13266094749562 c
105.89340921861105 251.13266094749562 101.6027306152237 240.81663881144914 c
101.6027306152237 240.81663881144914 102.14950141574329 240.02899038169625 c
94.6027306152237 227.8142077362821 61.70744631448711 249.67879786127492 c
61.70744631448711 249.67879786127492 50.04374833314918 242.6158129995463 c
37.043748333149175 241.4601100826318 50.04374833314918 242.6158129995463 d
37.043748333149175 241.4601100826318 19.81728805263144 243.26115805923683 c
19.81728805263144 243.26115805923683 0.0 242.3872086979794 c
0.0 242.3872086979794 2.936562183978932 238.1528530264155 c
2.936562183978932 238.1528530264155 12.115257871384568 232.01204916179415 c
12.115257871384568 232.01204916179415 7.113000843373623 230.82983010925238 c
7.113000843373623 230.82983010925238 22.00050584928175 216.34311774742037 c
22.00050584928175 216.34311774742037 35.53195909359785 217.36655423865824 c
35.53195909359785 217.36655423865824 37.043748333149175 241.4601100826318 c
50.04374833314918 242.6158129995463 52.23782665519501 220.75077159803052 c
52.23782665519501 220.75077159803052 62.96178544711124 225.22223275629926 c
62.96178544711124 225.22223275629926 57.453230103651904 218.51094929402166 c
57.453230103651904 218.51094929402166 58.87659035324896 216.34311774742037 c
58.87659035324896 216.34311774742037 88.38596373649136 219.01354247221784 c
90.94907619289894 206.34311774742037 70.619458636086 203.49791713852647 c
70.619458636086 203.49791713852647 71.13639883526518 198.3990251750681 c
71.13639883526518 198.3990251750681 66.94492543242048 203.55066242875432 c
66.94492543242048 203.55066242875432 60.48876641867783 188.47170040110586 c
45.48876641867782 186.78708074408513 26.23748903905768 195.43636993650674 c
26.23748903905768 195.43636993650674 0.0 194.461261027975 c
0.0 194.461261027975 14.139719825988815 183.7812627847551 c
14.139719825988815 183.7812627847551 9.40418600025217 161.57669274273286 c
7.762285836293531 151.57669274273286 7.777703040725815 145.14692190752956 c
7.777703040725815 145.14692190752956 5.0055855965570455 141.8443144174416 c
5.0055855965570455 141.8443144174416 0.0 127.07718194925229 c
0.0 127.07718194925229 9.797648653749057 125.50847490526407 c
9.797648653749057 125.50847490526407 8.159547805539487 109.24038584131787 c
8.159547805539487 109.24038584131787 25.25449739817006 133.99695671175738 c
38.25449739817006 136.84398463616134 49.55893589651406 131.14091984468777 c
49.55893589651406 131.14091984468777 44.99804877566082 109.24038584131787 c
44.99804877566082 109.24038584131787 63.37888432324654 109.82598723017685 c
64.93752645851276 102.24038584131787 55.83278224426226 95.30921306547563 c
55.83278224426226 95.30921306547563 56.90728107356519 54.954756956579644 c
41.83278224426226 68.80257322407209 56.90728107356519 54.954756956579644 d
41.83278224426226 68.80257322407209 8.796786672757904 79.88554653000904 c
8.796786672757904 79.88554653000904 5.152110899474124 73.92834805378583 c
5.152110899474124 73.92834805378583 9.200115467584869 67.79935770658535 c
9.200115467584869 67.79935770658535 13.672623823979778 65.85159373002038 c
13.672623823979778 65.85159373002038 0.0 58.99308855788167 c
0.0 58.99308855788167 17.7509271780221 53.417146622303186 c
17.7509271780221 53.417146622303186 19.817479102659277 52.467529356554735 c
19.817479102659277 52.467529356554735 41.83278224426226 68.80257322407209 c
56.90728107356519 54.954756956579644 73.76684226080184 52.467529356554735 c
74.14743205163043 40.467529356554735 73.11143207512242 19.400496781678726 c
73.11143207512242 19.400496781678726 63.685446213582736 17.185736667370758 c
48.685446213582736 16.11327692058785 45.94774436399171 31.254102595752848 c
45.94774436399171 31.254102595752848 28.767331091639125 30.876192907646775 c
28.767331091639125 30.876192907646775 16.889982713155973 36.866867961163386 c
16.889982713155973 36.866867961163386 0.0 12.510652653025412 c
0.0 12.510652653025412 11.79382398027209 0.0 c
6.244453047367196 5.886661722313327 0.0 0.0 d
