Processando arquivo: art_4_hole_sep.txt

Tempo de Inicio (hh:mm:ss.ms) 2026-04-26 15:04:36.006816
Tempo de Termino (hh:mm:ss.ms) 2026-04-26 15:04:36.961523
Tempo Total (hh:mm:ss.ms) 0:00:00.954707

Função Objetivo: 222.3219181333189

0.0 0.0 30.477449867969284 17.596163885485378 c
30.477449867969284 17.596163885485378 43.87319215238701 17.87601706321453 d
43.87319215238701 17.87601706321453 46.835682641920776 12.74483301840245 c
46.835682641920776 12.74483301840245 52.76066362098832 12.744833018402447 c
52.76066362098832 12.744833018402447 55.72315411052208 17.87601706321453 c
55.72315411052208 17.87601706321453 39.4774498679693 35.752034126429066 d
70.43961965842506 17.87601706321453 39.4774498679693 35.752034126429066 c
70.43961965842506 17.87601706321453 81.43961965842504 24.261028694362917 d
81.43961965842504 24.261028694362917 95.4467311059327 3.552713678800501e-15 c
95.4467311059327 3.552713678800501e-15 123.46095400094805 0.0 c
123.46095400094805 0.0 137.46806544845572 24.261028694362913 c
143.46806544845572 26.485597959272887 137.46806544845572 24.261028694362913 d
143.46806544845572 26.485597959272887 143.46806544845572 10.17160699428529 c
143.46806544845572 10.17160699428529 156.22285718958202 0.0 c
156.22285718958202 0.0 172.12782234043053 3.6302045060839134 c
172.12782234043053 3.6302045060839134 179.2061977402494 18.328602476779086 c
187.2061977402494 18.917252323240845 179.2061977402494 18.328602476779086 d
187.2061977402494 18.917252323240845 206.12345006349022 0.0 c
206.12345006349022 0.0 225.04070238673106 18.91725232324084 c
225.04070238673106 18.91725232324084 206.12345006349022 37.83450464648168 c
206.12345006349022 37.83450464648168 187.2061977402494 18.917252323240845 c
167.6059381189213 18.328602476779086 179.2061977402494 18.328602476779086 d
167.6059381189213 18.328602476779086 156.80639258993634 24.563722995064186 c
156.80639258993634 24.563722995064186 156.80639258993634 12.093481958493987 c
156.80639258993634 12.093481958493987 167.6059381189213 18.328602476779086 c
179.2061977402494 18.328602476779086 172.12782234043053 33.02700044747426 c
172.12782234043053 33.02700044747426 156.22285718958202 36.65720495355817 c
156.22285718958202 36.65720495355817 143.46806544845572 26.485597959272887 c
137.46806544845572 24.261028694362913 123.46095400094805 48.52205738872583 c
123.46095400094805 48.52205738872583 131.1831697610032 62.941231576473896 d
131.1831697610032 62.941231576473896 151.50885426904608 54.52205738872583 c
131.1831697610032 62.941231576473896 145.83106381092364 83.26691608451678 d
151.50885426904608 77.58912562639433 157.18664472716853 83.26691608451678 c
157.18664472716853 83.26691608451678 151.50885426904608 88.94470654263922 c
151.50885426904608 88.94470654263922 145.83106381092364 83.26691608451678 c
145.83106381092364 83.26691608451678 151.50885426904608 77.58912562639433 c
151.50885426904608 54.52205738872583 171.83453877708897 62.941231576473896 c
171.83453877708897 62.941231576473896 180.25371296483704 83.26691608451678 c
190.253712964837 72.90696223210495 180.25371296483704 83.26691608451678 d
190.253712964837 72.90696223210495 195.63852692199333 59.90687134588217 c
195.63852692199333 59.90687134588217 208.6386178082161 54.52205738872583 c
208.6386178082161 54.52205738872583 221.6387086944389 59.906871345882166 c
221.6387086944389 59.906871345882166 227.02352265159521 72.90696223210495 c
227.02352265159521 72.90696223210495 221.6387086944389 85.90705311832772 c
221.6387086944389 85.90705311832772 208.6386178082161 91.29186707548406 c
208.6386178082161 91.29186707548406 195.63852692199333 85.90705311832772 c
195.63852692199333 85.90705311832772 190.253712964837 72.90696223210495 c
180.25371296483704 83.26691608451678 171.83453877708897 103.59260059255966 c
171.83453877708897 103.59260059255966 185.13493973006325 120.01177478030773 d
185.13493973006325 120.01177478030773 215.6301234331254 137.61817730025774 c
215.6301234331254 137.61817730025774 185.13493973006325 155.22457982020777 c
185.13493973006325 155.22457982020777 177.13493973006325 144.9360714190154 d
177.13493973006325 144.9360714190154 133.96479160890337 169.8603680577231 c
137.62744734546874 177.8603680577231 133.96479160890337 169.8603680577231 d
137.62744734546874 177.8603680577231 150.01370461701038 182.99092380663802 c
150.01370461701038 182.99092380663802 155.1442603659253 195.37718107817966 c
164.1442603659253 195.31589642603552 155.1442603659253 195.37718107817966 d
164.1442603659253 195.31589642603552 174.22221436821764 177.86036805772312 c
174.22221436821764 177.86036805772312 194.3781223728023 177.8603680577231 c
194.3781223728023 177.8603680577231 204.45607637509463 195.31589642603552 c
204.45607637509463 195.31589642603552 186.42245179481554 201.8476131822407 d
191.16802179908382 195.31589642603552 186.42245179481554 201.8476131822407 c
186.42245179481554 201.8476131822407 178.74395823191747 199.35271938625755 c
178.74395823191747 199.35271938625755 178.74395823191747 191.2790734658135 c
178.74395823191747 191.2790734658135 186.42245179481554 188.78417966983034 c
186.42245179481554 188.78417966983034 191.16802179908382 195.31589642603552 c
204.45607637509463 195.31589642603552 194.3781223728023 212.77142479434795 c
194.3781223728023 212.77142479434795 174.22221436821764 212.77142479434795 c
174.22221436821764 212.77142479434795 164.1442603659253 195.31589642603552 c
155.1442603659253 195.37718107817966 150.01370461701038 207.7634383497213 c
150.01370461701038 207.7634383497213 137.62744734546874 212.89399409863623 c
137.62744734546874 212.89399409863623 125.2411900739271 207.7634383497213 c
125.2411900739271 207.7634383497213 120.11063432501217 195.37718107817966 c
111.11063432501219 205.69112915352093 120.11063432501217 195.37718107817966 d
111.11063432501219 205.69112915352093 90.89040280215798 233.52189024931877 c
90.89040280215798 233.52189024931877 80.59680461152787 245.52189024931877 d
80.59680461152787 245.52189024931877 100.55118578995975 265.47627142775065 c
100.55118578995975 265.47627142775065 113.55118578995976 262.9960551146602 d
113.55118578995976 262.9960551146602 123.63989957882853 245.52189024931877 c
123.63989957882853 245.52189024931877 143.81732715656608 245.52189024931877 c
143.81732715656608 245.52189024931877 153.90604094543485 262.9960551146602 c
159.90604094543482 261.28627304406933 153.90604094543485 262.9960551146602 d
159.90604094543482 261.28627304406933 179.67395171778438 245.52189024931872 c
179.67395171778438 245.52189024931872 204.3241332590111 251.14813332863625 c
204.3241332590111 251.14813332863625 215.29449609650402 273.92832648885235 c
215.29449609650402 273.92832648885235 204.3241332590111 296.7085196490684 c
204.3241332590111 296.7085196490684 186.1575354201378 279.2196291308013 d
186.1575354201378 279.2196291308013 180.86623277818882 273.92832648885235 c
180.86623277818882 273.92832648885235 186.1575354201378 268.6370238469034 c
186.1575354201378 268.6370238469034 191.4488380620868 273.92832648885235 c
191.4488380620868 273.92832648885235 186.1575354201378 279.2196291308013 c
204.3241332590111 296.7085196490684 179.67395171778438 302.33476272838595 c
182.5410765309195 308.334762728386 179.67395171778438 302.33476272838595 d
182.5410765309195 308.334762728386 193.97127951265793 324.06708745976647 c
203.97127951265793 320.2104952705884 193.97127951265793 324.06708745976647 d
203.97127951265793 320.2104952705884 218.86297710126996 308.334762728386 c
218.86297710126996 308.334762728386 237.43262025899782 312.57316260089107 c
237.43262025899782 312.57316260089107 245.69688893638397 329.734093336506 c
245.69688893638397 329.734093336506 237.43262025899782 346.8950240721209 c
237.43262025899782 346.8950240721209 218.86297710127 351.13342394462603 c
218.86297710127 351.13342394462603 203.97127951265793 339.25769140242363 c
203.97127951265793 339.25769140242363 203.97127951265793 320.2104952705884 c
193.97127951265793 324.06708745976647 182.5410765309195 339.7994121911469 c
177.42933435816192 330.8918859590296 182.5410765309195 339.7994121911469 d
177.42933435816192 330.8918859590296 170.6045358588988 324.06708745976647 c
170.6045358588988 324.06708745976647 177.42933435816192 317.24228896050334 c
177.42933435816192 317.24228896050334 184.25413285742505 324.06708745976647 c
184.25413285742505 324.06708745976647 177.42933435816192 330.8918859590296 c
182.5410765309195 339.7994121911469 164.04661960815636 333.79019886581017 c
164.04661960815636 333.79019886581017 153.0466196081564 325.29797690219 d
153.0466196081564 325.29797690219 140.72212309922446 342.26119107599396 c
140.72212309922446 342.26119107599396 120.7806688535432 335.7818198200448 c
106.78066885354319 338.22605069551037 120.7806688535432 335.7818198200448 d
106.78066885354319 338.22605069551037 98.02571330637232 359.36238311546384 c
98.02571330637232 359.36238311546384 76.88938088641883 368.1173386626347 c
76.88938088641883 368.1173386626347 55.75304846646536 359.36238311546384 c
72.94860488252682 345.05167495549955 55.75304846646536 359.36238311546384 d
72.94860488252682 345.05167495549955 72.94860488252682 331.4004264355212 c
72.94860488252682 331.4004264355212 84.77093289420284 338.22605069551037 c
84.77093289420284 338.22605069551037 72.94860488252682 345.05167495549955 c
55.75304846646536 359.36238311546384 46.99809291929448 338.22605069551037 c
46.99809291929448 338.22605069551037 41.99809291929448 330.4144668257294 d
41.99809291929448 330.4144668257294 25.95624888680028 352.4941709230728 c
25.95624888680028 352.4941709230728 0.0 344.0604744194279 c
0.0 344.0604744194279 0.0 316.76845923203086 c
15.207402966465944 324.22287852504223 0.0 316.76845923203086 d
15.207402966465944 324.22287852504223 25.93154848280513 330.4144668257294 c
25.93154848280513 330.4144668257294 15.20740296646595 336.60605512641655 c
15.20740296646595 336.60605512641655 15.207402966465944 324.22287852504223 c
0.0 316.76845923203086 25.956248886800278 308.334762728386 c
25.956248886800278 308.334762728386 41.99809291929448 330.4144668257294 c
46.99809291929448 338.22605069551037 55.753048466465344 317.0897182755569 c
55.753048466465344 317.0897182755569 76.88938088641883 308.334762728386 c
76.88938088641883 308.334762728386 98.02571330637231 317.0897182755569 c
98.02571330637231 317.0897182755569 106.78066885354319 338.22605069551037 c
120.7806688535432 335.7818198200448 132.51973779085947 329.9584110536377 d
129.8290348789806 325.29797690219 132.51973779085947 320.6375427507423 c
132.51973779085947 320.6375427507423 137.9011436146172 320.6375427507423 c
137.9011436146172 320.6375427507423 140.59184652649608 325.29797690219 c
140.59184652649608 325.29797690219 137.9011436146172 329.9584110536377 c
137.9011436146172 329.9584110536377 132.51973779085947 329.9584110536377 c
132.51973779085947 329.9584110536377 129.8290348789806 325.29797690219 c
120.7806688535432 335.7818198200448 120.7806688535432 314.8141339843352 c
120.7806688535432 314.8141339843352 140.72212309922446 308.334762728386 c
140.72212309922446 308.334762728386 153.0466196081564 325.29797690219 c
164.04661960815636 333.79019886581017 164.04661960815636 314.34397605372277 c
164.04661960815636 314.34397605372277 182.5410765309195 308.334762728386 c
179.67395171778438 302.33476272838595 159.90604094543482 286.57037993363537 c
159.90604094543482 286.57037993363537 159.90604094543482 261.28627304406933 c
153.90604094543485 262.9960551146602 143.81732715656608 280.4702199800016 c
143.81732715656608 280.4702199800016 140.5911143447176 262.9960551146602 d
137.15986385620747 268.9391552942553 130.29736287918718 268.9391552942553 c
130.29736287918718 268.9391552942553 126.86611239067702 262.9960551146602 c
126.86611239067702 262.9960551146602 130.29736287918715 257.0529549350651 c
130.29736287918715 257.0529549350651 137.15986385620747 257.0529549350651 c
137.15986385620747 257.0529549350651 140.5911143447176 262.9960551146602 c
140.5911143447176 262.9960551146602 137.15986385620747 268.9391552942553 c
143.81732715656608 280.4702199800016 123.63989957882853 280.4702199800016 c
123.63989957882853 280.4702199800016 113.55118578995976 262.9960551146602 c
88.01975781899453 265.47627142775065 100.55118578995975 265.47627142775065 d
88.01975781899453 265.47627142775065 84.3082812152612 271.9047374765199 c
84.3082812152612 271.9047374765199 76.88532800779454 271.9047374765199 c
76.88532800779454 271.9047374765199 73.17385140406121 265.47627142775065 c
73.17385140406121 265.47627142775065 76.88532800779454 259.04780537898137 c
76.88532800779454 259.04780537898137 84.3082812152612 259.04780537898137 c
84.3082812152612 259.04780537898137 88.01975781899453 265.47627142775065 c
100.55118578995975 265.47627142775065 80.59680461152787 285.43065260618255 c
80.59680461152787 285.43065260618255 60.642423433096 265.47627142775065 c
48.642423433096 270.468567242204 60.642423433096 265.47627142775065 d
48.642423433096 270.468567242204 39.00819491199721 290.47424890573313 c
39.00819491199721 290.47424890573313 30.08644608923922 270.468567242204 d
25.22728089605311 277.1566343626882 17.364986456527532 274.6020200417039 c
17.364986456527532 274.6020200417039 17.364986456527532 266.33511444270414 c
17.364986456527532 266.33511444270414 25.227280896053106 263.78050012171985 c
25.227280896053106 263.78050012171985 30.08644608923922 270.468567242204 c
30.08644608923922 270.468567242204 25.22728089605311 277.1566343626882 c
39.00819491199721 290.47424890573313 17.360279927535142 295.4152442350893 c
17.360279927535142 295.4152442350893 3.552713678800501e-15 281.5708829693307 c
3.552713678800501e-15 281.5708829693307 0.0 259.36625151507735 c
0.0 259.36625151507735 17.360279927535135 245.52189024931872 c
17.360279927535135 245.52189024931872 39.00819491199721 250.46288557867493 c
39.00819491199721 250.46288557867493 48.642423433096 270.468567242204 c
60.642423433096 265.47627142775065 80.59680461152787 245.52189024931877 c
90.89040280215798 233.52189024931877 81.84764036098076 213.498124132468 d
81.84764036098076 213.498124132468 74.04064538203369 205.69112915352093 c
74.04064538203369 205.69112915352093 81.84764036098076 197.88413417457386 c
81.84764036098076 197.88413417457386 89.65463533992784 205.69112915352093 c
89.65463533992784 205.69112915352093 81.84764036098076 213.498124132468 c
90.89040280215798 233.52189024931877 58.17338093778783 222.89148544350226 c
58.17338093778783 222.89148544350226 58.173380937787826 188.4907728635396 c
53.173380937787826 200.88511740633882 58.173380937787826 188.4907728635396 d
53.173380937787826 200.88511740633882 39.88003570334087 223.90986675495455 c
39.88003570334087 223.90986675495455 13.29334523444696 223.90986675495455 c
13.29334523444696 223.90986675495455 0.0 200.88511740633882 c
0.0 200.88511740633882 13.293345234446944 177.8603680577231 c
13.293345234446944 177.8603680577231 39.88003570334087 177.8603680577231 c
39.88003570334087 177.8603680577231 53.173380937787826 200.88511740633882 c
58.173380937787826 188.4907728635396 90.89040280215798 177.8603680577231 c
90.89040280215798 177.8603680577231 111.11063432501219 205.69112915352093 c
120.11063432501217 195.37718107817966 125.24119007392709 182.99092380663802 c
125.24119007392709 182.99092380663802 137.62744734546874 177.8603680577231 c
133.96479160890337 169.8603680577231 133.96479160890334 120.01177478030773 c
133.96479160890334 120.01177478030773 177.13493973006325 144.9360714190154 c
185.13493973006325 155.22457982020777 201.42166510543737 137.61817730025774 d
195.3000009644173 143.7398414412778 189.17833682339725 137.61817730025774 c
189.17833682339725 137.61817730025774 195.3000009644173 131.49651315923768 c
195.3000009644173 131.49651315923768 201.42166510543737 137.61817730025774 c
201.42166510543737 137.61817730025774 195.3000009644173 143.7398414412778 c
185.13493973006325 155.22457982020777 185.13493973006325 120.01177478030773 c
171.83453877708897 103.59260059255966 151.50885426904608 112.01177478030773 c
151.50885426904608 112.01177478030773 131.1831697610032 103.59260059255966 c
114.19644408691028 120.01177478030773 131.1831697610032 103.59260059255966 d
114.19644408691028 120.01177478030773 123.96479160890334 136.93104899438927 c
123.96479160890334 136.93104899438927 143.12577638754652 144.9360714190154 d
143.12577638754652 144.9360714190154 148.35484098262333 139.7070068239386 c
148.35484098262333 139.7070068239386 153.58390557770014 144.9360714190154 c
153.58390557770014 144.9360714190154 148.35484098262333 150.1651360140922 c
148.35484098262333 150.1651360140922 143.12577638754652 144.9360714190154 c
123.96479160890334 136.93104899438927 114.19644408691028 153.85032320847083 c
114.19644408691028 153.85032320847083 94.65974904292413 153.85032320847083 c
94.65974904292413 153.85032320847083 84.89140152093105 136.93104899438927 c
84.89140152093105 136.93104899438927 78.89140152093105 137.03039242590597 d
78.89140152093105 137.03039242590597 69.0656980420096 154.0490100715042 c
69.0656980420096 154.0490100715042 49.41429108416669 154.0490100715042 c
49.41429108416669 154.0490100715042 39.58858760524524 137.03039242590597 c
39.58858760524524 137.03039242590597 34.58858760524524 139.981505145085 d
34.58858760524524 139.981505145085 1.4210854715202004e-14 159.9512355098623 c
1.4210854715202004e-14 159.9512355098623 0.0 120.01177478030773 c
0.0 120.01177478030773 34.58858760524524 139.981505145085 c
39.58858760524524 137.03039242590597 49.41429108416668 120.01177478030775 c
49.41429108416668 120.01177478030775 69.0656980420096 120.01177478030775 c
69.0656980420096 120.01177478030775 78.89140152093105 137.03039242590597 c
84.89140152093105 136.93104899438927 94.65974904292412 120.01177478030773 c
94.65974904292412 120.01177478030773 114.19644408691028 120.01177478030773 c
131.1831697610032 103.59260059255966 122.76399557325513 83.26691608451678 c
122.76399557325513 83.26691608451678 131.1831697610032 62.941231576473896 c
123.46095400094805 48.52205738872583 95.44673110593273 48.52205738872583 c
95.44673110593273 48.52205738872583 83.67838108619694 54.52205738872583 d
83.67838108619694 54.52205738872583 107.76399557325512 78.607671875784 c
107.76399557325512 78.607671875784 83.67838108619694 102.69328636284219 c
83.67838108619694 102.69328636284219 59.592766599138756 78.607671875784 c
59.592766599138756 78.607671875784 49.592766599138756 80.59451772595567 d
49.592766599138756 80.59451772595567 30.650015354408282 106.66697806318551 c
30.650015354408282 106.66697806318551 3.552713678800501e-15 96.70818438469726 c
3.552713678800501e-15 96.70818438469726 0.0 64.48085106721409 c
0.0 64.48085106721409 30.650015354408275 54.52205738872583 c
30.650015354408275 54.52205738872583 49.592766599138756 80.59451772595567 c
59.592766599138756 78.607671875784 78.94880466727788 82.04391028358 d
78.94880466727788 82.04391028358 78.94880466727788 75.17143346798801 c
78.94880466727788 75.17143346798801 85.484918525834 73.04772133852227 c
85.484918525834 73.04772133852227 89.5244590447609 78.607671875784 c
89.5244590447609 78.607671875784 85.484918525834 84.16762241304575 c
85.484918525834 84.16762241304575 78.94880466727788 82.04391028358 c
59.592766599138756 78.607671875784 83.67838108619694 54.52205738872583 c
95.44673110593273 48.52205738872583 81.43961965842504 24.261028694362917 c
39.4774498679693 35.752034126429066 39.477449867969284 0.0 c
39.477449867969284 0.0 70.43961965842506 17.87601706321453 c
55.72315411052208 17.87601706321453 52.76066362098832 23.007201108026614 c
52.76066362098832 23.007201108026614 46.835682641920776 23.007201108026614 c
46.835682641920776 23.007201108026614 43.87319215238701 17.87601706321453 c
30.477449867969284 17.596163885485378 1.2434497875801753e-14 35.19232777097076 c
1.2434497875801753e-14 35.19232777097076 0.0 0.0 c
