Processando arquivo: art_22_hole_pack.txt

Tempo de Inicio (hh:mm:ss.ms) 2026-04-26 15:00:20.493092
Tempo de Termino (hh:mm:ss.ms) 2026-04-26 15:00:20.693370
Tempo Total (hh:mm:ss.ms) 0:00:00.200278

Função Objetivo: 99.78288274886046

0.0 0.0 2.2734179829521106 6.996861099249877 d
0.0 7.735539379681104 23.80754220001539 0.0 c
23.80754220001539 0.0 38.52141246822236 20.2519050173184 c
38.52141246822236 20.2519050173184 38.521412468222366 18.539437623952626 d
38.521412468222366 18.539437623952626 49.22516177103567 3.552713678800501e-15 c
49.22516177103567 3.552713678800501e-15 70.63266037666233 0.0 c
70.63266037666233 0.0 81.33640967947565 18.539437623952622 c
81.33640967947565 18.539437623952622 81.33640967947565 14.627515838520154 c
81.33640967947565 14.627515838520154 99.67873437951292 0.0 c
99.67873437951292 0.0 122.55123916522251 5.220499960295687 c
122.55123916522251 5.220499960295687 132.73046141889526 26.35787277051241 c
142.17713912088797 32.72425148515871 132.73046141889526 26.35787277051241 d
142.17713912088797 32.72425148515871 132.73046141889526 16.36212574257936 c
132.73046141889526 16.36212574257936 142.17713912088794 3.552713678800501e-15 c
142.17713912088794 3.552713678800501e-15 148.70950982694242 11.314397956760924 d
148.70950982694242 11.314397956760924 154.5381238188189 11.314397956760924 c
154.5381238188189 11.314397956760924 157.4524308147571 16.362125742579355 c
157.4524308147571 16.362125742579355 154.5381238188189 21.409853528397786 c
154.5381238188189 21.409853528397786 148.70950982694242 21.409853528397786 c
148.70950982694242 21.409853528397786 145.79520283100422 16.362125742579355 c
145.79520283100422 16.362125742579355 148.70950982694242 11.314397956760924 c
142.17713912088794 3.552713678800501e-15 161.07049452487337 0.0 c
161.07049452487337 0.0 170.51717222686605 16.362125742579355 c
170.51717222686605 16.362125742579355 161.07049452487337 32.72425148515871 c
161.07049452487337 32.72425148515871 142.17713912088797 32.72425148515871 c
132.73046141889526 26.35787277051241 122.55123916522253 47.49524558072913 c
122.55123916522253 47.49524558072913 99.67873437951293 52.71574554102482 c
99.67873437951293 52.71574554102482 93.9359466419948 58.98085996837757 d
93.9359466419948 58.98085996837757 100.20106106934756 74.10618418871194 c
100.20106106934756 74.10618418871194 100.20106106934756 63.53221805527792 c
100.20106106934756 63.53221805527792 133.49074045677293 52.715745541024816 c
133.49074045677293 52.715745541024816 154.0648937927886 81.03363822171846 c
154.0648937927886 81.03363822171846 133.49074045677293 109.35153090241211 c
133.49074045677293 109.35153090241211 100.20106106934756 98.53505838815902 c
100.20106106934756 98.53505838815902 100.20106106934756 74.10618418871194 c
121.43308974817745 76.08584522105352 100.20106106934756 74.10618418871194 d
121.43308974817745 76.08584522105352 130.00291861066282 81.03363822171846 c
130.00291861066282 81.03363822171846 121.43308974817747 85.9814312223834 c
121.43308974817747 85.9814312223834 121.43308974817745 76.08584522105352 c
100.20106106934756 74.10618418871194 93.9359466419948 89.2315084090463 c
93.9359466419948 89.2315084090463 78.81062242166044 95.49662283639904 c
78.81062242166044 95.49662283639904 63.68529820132608 89.2315084090463 c
57.420183773973335 81.42583742801149 63.68529820132608 89.2315084090463 d
57.420183773973335 81.42583742801149 49.01119254876382 101.72693808978865 c
49.01119254876382 101.72693808978865 28.710091886986667 110.13592931499815 c
28.710091886986667 110.13592931499815 33.621716287464714 115.90450384940632 d
33.621716287464714 115.90450384940632 39.39029082187289 129.8310747259346 c
39.39029082187289 129.8310747259346 39.390290821872895 124.65202029601787 d
39.390290821872895 124.65202029601787 57.59289316997491 110.13592931499814 c
57.59289316997491 110.13592931499814 80.2911670326378 115.31666220407143 c
80.2911670326378 115.31666220407143 90.3928492308697 136.29302143007385 c
94.97255025567608 136.8283829912076 90.3928492308697 136.29302143007385 d
94.97255025567608 136.8283829912076 90.3928492308697 125.77200666550607 c
90.3928492308697 125.77200666550607 94.97255025567608 114.71563033980453 c
102.28610489202487 119.28924933587635 94.97255025567608 114.71563033980453 d
102.28610489202487 119.28924933587635 113.51456996008311 125.77200666550607 c
113.51456996008311 125.77200666550607 102.28610489202488 132.2547639951358 c
102.28610489202488 132.2547639951358 102.28610489202487 119.28924933587635 c
94.97255025567608 114.71563033980453 106.02892658137762 110.13592931499815 c
106.02892658137762 110.13592931499815 117.08530290707915 114.71563033980453 c
117.08530290707915 114.71563033980453 121.66500393188554 125.77200666550607 c
130.28918643814208 127.46689864821263 121.66500393188554 125.77200666550607 d
130.28918643814208 127.46689864821263 136.40760700470886 121.34847808164585 c
136.40760700470886 121.34847808164585 142.52602757127565 127.46689864821263 c
142.52602757127565 127.46689864821263 136.40760700470886 133.58531921477942 c
136.40760700470886 133.58531921477942 130.28918643814208 127.46689864821263 c
121.66500393188554 125.77200666550607 117.08530290707915 136.8283829912076 c
121.66500393188555 138.1780267541213 117.08530290707915 136.8283829912076 d
121.66500393188555 138.1780267541213 121.66500393188555 116.75577054230398 c
121.66500393188555 116.75577054230398 142.03878029587872 110.13592931499815 c
142.03878029587872 110.13592931499815 154.63046656801578 127.46689864821263 c
154.63046656801578 127.46689864821263 142.03878029587872 144.79786798142712 c
142.03878029587872 144.79786798142712 121.66500393188555 138.1780267541213 c
117.08530290707915 136.8283829912076 106.02892658137762 141.408084016014 c
106.02892658137762 141.408084016014 94.97255025567608 136.8283829912076 c
90.3928492308697 136.29302143007385 80.29116703263782 157.26938065607627 c
80.29116703263782 157.26938065607627 57.592893169974914 162.45011354514958 c
57.592893169974914 162.45011354514958 39.390290821872895 147.93402256412983 c
39.390290821872895 147.93402256412983 39.390290821872895 124.65202029601787 c
39.39029082187289 129.8310747259346 33.621716287464714 143.75764560246287 c
33.621716287464714 143.75764560246287 19.695145410936444 149.52622013687105 c
25.726840346475054 162.45011354514958 19.695145410936444 149.52622013687105 d
25.726840346475054 162.45011354514958 43.918463613971234 169.98533062412844 c
43.918463613971234 169.98533062412844 51.453680692950115 188.17695389162463 c
51.453680692950115 188.17695389162463 43.91846361397124 206.3685771591208 c
43.91846361397124 206.3685771591208 25.726840346475058 213.9037942380997 c
25.726840346475058 213.9037942380997 7.535217078978878 206.36857715912083 c
7.535217078978878 206.36857715912083 0.0 188.17695389162463 c
0.0 188.17695389162463 7.535217078978871 169.98533062412847 c
7.535217078978871 169.98533062412847 25.726840346475054 162.45011354514958 c
19.695145410936444 149.52622013687105 5.768574534408174 143.75764560246287 c
5.768574534408174 143.75764560246287 0.0 129.8310747259346 c
0.0 129.8310747259346 5.7685745344081685 115.90450384940632 c
5.7685745344081685 115.90450384940632 19.69514541093644 110.13592931499815 c
19.69514541093644 110.13592931499815 33.621716287464714 115.90450384940632 c
28.710091886986667 110.13592931499815 8.408991225209515 101.72693808978865 c
8.408991225209515 101.72693808978865 0.0 81.42583742801149 c
0.0 81.42583742801149 8.408991225209508 61.124736766234335 c
8.408991225209508 61.124736766234335 28.710091886986664 52.71574554102482 c
28.710091886986664 52.71574554102482 49.011192548763816 61.124736766234335 c
49.011192548763816 61.124736766234335 57.420183773973335 81.42583742801149 c
76.03122838538135 78.92023587380126 63.68529820132608 89.2315084090463 d
76.03122838538135 78.92023587380126 76.03122838538135 69.29213250362262 c
76.03122838538135 69.29213250362262 84.36941049421861 74.10618418871194 c
84.36941049421861 74.10618418871194 76.03122838538135 78.92023587380126 c
63.68529820132608 89.2315084090463 57.42018377397333 74.10618418871194 c
57.42018377397333 74.10618418871194 63.68529820132608 58.98085996837757 c
63.68529820132608 58.98085996837757 78.81062242166044 52.71574554102482 c
78.81062242166044 52.71574554102482 93.9359466419948 58.98085996837757 c
99.67873437951293 52.71574554102482 81.33640967947565 38.08822970250468 c
81.33640967947565 38.08822970250468 81.33640967947565 18.539437623952622 c
81.33640967947565 18.539437623952622 70.63266037666233 37.078875247905245 c
70.63266037666233 37.078875247905245 49.22516177103569 37.078875247905245 c
49.22516177103569 37.078875247905245 38.521412468222366 18.539437623952626 c
38.52141246822236 20.2519050173184 23.807542200015398 40.5038100346368 c
23.807542200015398 40.5038100346368 3.552713678800501e-15 32.7682706549557 c
3.552713678800501e-15 32.7682706549557 0.0 7.735539379681104 c
2.2734179829521106 6.996861099249877 0.0 0.0 d
