Processando arquivo: art_16_hole_sep.txt

Tempo de Inicio (hh:mm:ss.ms) 2026-04-26 15:04:53.999568
Tempo de Termino (hh:mm:ss.ms) 2026-04-26 15:04:54.923984
Tempo Total (hh:mm:ss.ms) 0:00:00.924416

Função Objetivo: 220.06316855595742

0.0 0.0 4.835819287844067 6.063925587060759 d
0.0 9.920362782560662 12.439741464556283 0.0 c
12.439741464556283 0.0 27.951845346376427 3.540536485087559 c
27.951845346376427 3.540536485087559 34.85538103319641 17.875876050769943 c
34.85538103319641 17.875876050769943 40.85538103319642 35.2550070352745 d
40.85538103319642 35.2550070352745 40.85538103319641 0.0 c
40.85538103319641 0.0 71.38711273634325 17.627503517637248 c
77.38711273634325 22.237711322356578 71.38711273634325 17.627503517637248 d
77.38711273634325 22.237711322356578 77.38711273634325 8.540236107608312 c
84.63142420762466 15.388973714982443 77.38711273634325 8.540236107608312 d
84.63142420762466 15.388973714982443 91.60866291756527 8.411735005041836 c
91.60866291756527 8.411735005041836 98.58590162750588 15.388973714982443 c
98.58590162750588 15.388973714982443 91.60866291756527 22.36621242492305 c
91.60866291756527 22.36621242492305 84.63142420762466 15.388973714982443 c
77.38711273634325 8.540236107608312 88.09623008955899 0.0 c
88.09623008955899 0.0 101.45028100283578 3.0479749776292504 c
101.45028100283578 3.0479749776292504 107.39339276548084 15.388973714982443 c
114.39339276548085 25.39769958000566 107.39339276548084 15.388973714982443 d
114.39339276548085 25.39769958000566 121.83220674592577 7.43881398044493 c
121.83220674592577 7.43881398044493 139.7910923454865 0.0 c
139.7910923454865 0.0 157.74997794504722 7.438813980444923 c
157.74997794504722 7.438813980444923 165.18879192549215 25.397699580005657 c
165.18879192549215 25.397699580005657 180.18879192549218 29.82063328389703 d
180.18879192549218 29.82063328389703 180.18879192549218 0.0 c
188.79726725242372 22.485594844063314 180.18879192549218 29.82063328389703 d
188.79726725242372 7.335038439833712 196.3725454545385 14.910316641948512 c
196.3725454545385 14.910316641948512 188.79726725242372 22.485594844063314 c
188.79726725242372 22.485594844063314 181.22198905030893 14.910316641948514 c
181.22198905030893 14.910316641948514 188.79726725242372 7.335038439833712 c
180.18879192549218 0.0 206.01421790628677 14.910316641948512 c
212.01421790628677 20.192480789445302 206.01421790628677 14.910316641948512 d
212.01421790628677 20.192480789445302 232.2066986957321 0.0 c
232.2066986957321 0.0 252.3991794851774 20.1924807894453 c
252.3991794851774 20.1924807894453 232.2066986957321 40.3849615788906 c
232.2066986957321 40.3849615788906 212.01421790628677 20.192480789445302 c
206.01421790628677 14.910316641948512 180.18879192549218 29.82063328389703 c
165.18879192549215 25.397699580005657 157.74997794504725 43.35658517956638 c
157.74997794504725 43.35658517956638 142.1254883747042 32.5822318083762 d
142.1254883747042 32.5822318083762 133.67956419779182 29.837984690407673 c
133.67956419779182 29.837984690407673 133.67956419779182 20.95741446960364 c
133.67956419779182 20.95741446960364 142.1254883747042 18.213167351635114 c
142.1254883747042 18.213167351635114 147.3453565824405 25.397699580005657 c
147.3453565824405 25.397699580005657 142.1254883747042 32.5822318083762 c
157.74997794504725 43.35658517956638 139.7910923454865 50.795399160011314 c
139.7910923454865 50.795399160011314 129.12798188581706 63.795399160011314 d
129.12798188581706 63.795399160011314 152.78831905054741 69.19571671973176 c
152.78831905054741 69.19571671973176 163.3181596977816 91.06115612621066 c
163.3181596977816 91.06115612621066 176.31815969778162 101.99959977625318 d
176.31815969778162 101.99959977625318 176.31815969778162 63.795399160011314 c
176.31815969778162 63.795399160011314 209.40396796272418 82.89749946813224 c
216.4039679627242 80.74845825619144 209.40396796272418 82.89749946813224 d
216.4039679627242 80.74845825619144 226.19182119549143 63.795399160011314 c
226.19182119549143 63.795399160011314 245.76752766102592 63.795399160011314 c
245.76752766102592 63.795399160011314 255.55538089379314 80.74845825619144 c
255.55538089379314 80.74845825619144 245.76752766102592 97.70151735237157 c
245.76752766102592 97.70151735237157 226.19182119549146 97.70151735237158 c
226.19182119549146 97.70151735237158 216.4039679627242 80.74845825619144 c
209.40396796272418 82.89749946813224 194.3960293556127 82.89749946813224 d
194.3960293556127 82.89749946813224 189.52510572362806 89.6017506911917 c
189.52510572362806 89.6017506911917 181.6437857304718 87.04095459310105 c
181.6437857304718 87.04095459310105 181.6437857304718 78.75404434316344 c
181.6437857304718 78.75404434316344 189.52510572362806 76.19324824507278 c
189.52510572362806 76.19324824507278 194.3960293556127 82.89749946813224 c
209.40396796272418 82.89749946813224 176.31815969778162 101.99959977625318 c
163.3181596977816 91.06115612621066 152.78831905054741 112.92659553268956 c
152.78831905054741 112.92659553268956 129.12798188581706 118.32691309241001 c
129.12798188581706 118.32691309241001 110.15386467155413 103.19555953649979 c
110.15386467155413 103.19555953649979 110.15386467155413 78.92675271592154 c
110.15386467155413 78.92675271592154 98.15386467155415 82.29116644131389 d
98.15386467155415 82.29116644131389 84.71590315359774 100.78693372261645 c
84.71590315359774 100.78693372261645 62.97282467803113 93.72217926916711 c
62.97282467803113 93.72217926916711 57.97282467803114 92.78181149902689 d
57.97282467803114 92.78181149902689 49.48290106620289 113.27830022621421 c
49.48290106620289 113.27830022621421 28.98641233901557 121.76822383804246 c
28.98641233901557 121.76822383804246 26.562384675589467 133.76822383804245 d
26.562384675589467 133.76822383804245 42.978841227353115 156.36353783409047 c
42.978841227353115 156.36353783409047 27.027148285928885 156.36353783409047 d
27.027148285928885 156.36353783409047 19.220722115706412 164.16996400431293 c
19.220722115706412 164.16996400431293 11.41429594548394 156.36353783409047 c
11.41429594548394 156.36353783409047 19.220722115706412 148.557111663868 c
19.220722115706412 148.557111663868 27.027148285928885 156.36353783409047 c
42.978841227353115 156.36353783409047 26.562384675589474 178.95885183013849 c
30.197142950393484 184.95885183013849 26.562384675589474 178.95885183013849 d
30.197142950393484 184.95885183013849 48.860003656875946 210.64607589081282 c
48.860003656875946 210.64607589081282 58.86000365687594 209.17646176842536 d
58.86000365687594 209.17646176842536 72.84204727387521 184.95885183013849 c
72.84204727387521 184.95885183013849 68.59528816615318 177.47287805603946 d
68.59528816615318 177.47287805603946 55.97884122735312 155.62055094704095 c
55.97884122735312 155.62055094704095 68.59528816615315 133.76822383804245 c
68.59528816615315 133.76822383804245 93.82818204375327 133.76822383804245 c
93.82818204375327 133.76822383804245 106.44462898255333 155.62055094704095 c
117.01127802338944 156.0881747818468 106.44462898255333 155.62055094704095 d
117.01127802338944 156.0881747818468 117.01127802338944 148.59504887277384 c
117.01127802338944 148.59504887277384 124.13766424663329 146.2795456258791 c
124.13766424663329 146.2795456258791 128.542013149557 152.34161182731032 c
128.542013149557 152.34161182731032 124.13766424663329 158.40367802874152 c
124.13766424663329 158.40367802874152 117.01127802338944 156.0881747818468 c
106.44462898255333 155.62055094704095 89.17173504909775 155.62055094704095 d
89.17173504909775 155.62055094704095 83.67151036291752 163.19096076362865 c
83.67151036291752 163.19096076362865 74.77195987491666 160.29932152245803 c
74.77195987491666 160.29932152245803 74.77195987491666 150.9417803716239 c
74.77195987491666 150.9417803716239 83.67151036291752 148.05014113045326 c
83.67151036291752 148.05014113045326 89.17173504909775 155.62055094704095 c
106.44462898255333 155.62055094704095 93.82818204375327 177.47287805603946 c
93.82818204375327 177.47287805603946 68.59528816615318 177.47287805603946 c
72.84204727387521 184.95885183013849 83.06570217309063 202.66674155463002 d
83.06570217309063 202.66674155463002 90.5824796086584 202.66674155463002 c
90.5824796086584 202.66674155463002 94.34086832644229 209.17646176842536 c
94.34086832644229 209.17646176842536 90.5824796086584 215.6861819822207 c
90.5824796086584 215.6861819822207 83.06570217309063 215.6861819822207 c
83.06570217309063 215.6861819822207 79.30731345530674 209.17646176842536 c
79.30731345530674 209.17646176842536 83.06570217309063 202.66674155463002 c
72.84204727387521 184.95885183013849 100.80613450787381 184.95885183013849 c
100.80613450787381 184.95885183013849 111.44462898255333 170.9149998165782 d
111.44462898255333 170.9149998165782 111.44462898255331 133.76822383804245 c
111.44462898255331 133.76822383804245 143.61468064865483 152.34161182731032 c
154.61468064865483 142.13437202286514 143.61468064865483 152.34161182731032 d
154.61468064865483 142.13437202286514 180.36303718665224 133.76822383804245 c
180.36303718665224 133.76822383804245 196.27639668158523 155.67108414082648 c
196.27639668158523 155.67108414082648 180.36303718665226 177.57394444361051 c
180.36303718665226 177.57394444361051 154.61468064865483 169.20779625878782 c
154.61468064865483 169.20779625878782 154.61468064865483 142.13437202286514 c
143.61468064865483 152.34161182731032 111.44462898255333 170.9149998165782 c
100.80613450787381 184.95885183013849 114.7881781248731 209.17646176842536 c
123.78817812487308 201.1345912018922 114.7881781248731 209.17646176842536 d
123.78817812487308 201.1345912018922 144.07191372942125 184.95885183013849 c
144.07191372942125 184.95885183013849 169.36531831549064 190.7319063720187 c
169.36531831549064 190.7319063720187 180.6219423383448 214.10652700864554 c
190.6219423383448 202.24440990731858 180.6219423383448 214.10652700864554 d
190.6219423383448 202.24440990731858 200.60176394729766 184.95885183013849 c
200.60176394729766 184.95885183013849 220.56140716520335 184.95885183013849 c
220.56140716520335 184.95885183013849 230.5412287741562 202.24440990731858 c
230.5412287741562 202.24440990731858 220.56140716520335 219.52996798449868 c
220.56140716520335 219.52996798449868 200.60176394729766 219.52996798449868 c
200.60176394729766 219.52996798449868 190.6219423383448 202.24440990731858 c
180.6219423383448 214.10652700864554 169.36531831549064 237.4811476452724 c
169.36531831549064 237.4811476452724 144.07191372942128 243.2542021871526 c
144.07191372942128 243.2542021871526 136.11718974918836 256.2542021871526 d
136.11718974918836 256.2542021871526 147.6795466437884 272.1684211749153 c
158.6795466437884 277.493434980013 147.6795466437884 272.1684211749153 d
158.6795466437884 277.493434980013 164.9003739016175 262.4750294449817 c
164.9003739016175 262.4750294449817 179.91877943664878 256.2542021871526 c
179.91877943664878 256.2542021871526 194.93718497168004 262.4750294449817 c
194.93718497168004 262.4750294449817 201.15801222950915 277.493434980013 c
187.59034273975294 277.493434980013 201.15801222950915 277.493434980013 d
187.59034273975294 277.493434980013 179.91877943664878 285.16499828311714 c
179.91877943664878 285.16499828311714 172.2472161335446 277.493434980013 c
172.2472161335446 277.493434980013 179.91877943664878 269.8218716769088 c
179.91877943664878 269.8218716769088 187.59034273975294 277.493434980013 c
201.15801222950915 277.493434980013 194.93718497168004 292.51184051504424 c
194.93718497168004 292.51184051504424 179.91877943664878 298.73266777287336 c
179.91877943664878 298.73266777287336 164.9003739016175 292.51184051504424 c
164.9003739016175 292.51184051504424 158.6795466437884 277.493434980013 c
137.7774765387692 272.1684211749153 147.6795466437884 272.1684211749153 d
137.7774765387692 272.1684211749153 127.53078155546625 278.08435328182924 c
127.53078155546625 278.08435328182924 127.53078155546625 266.25248906800135 c
127.53078155546625 266.25248906800135 137.7774765387692 272.1684211749153 c
147.6795466437884 272.1684211749153 136.11718974918836 288.082640162678 c
136.11718974918836 288.082640162678 117.40890330366886 282.0039494137616 c
104.40890330366886 284.30765175400126 117.40890330366886 282.0039494137616 d
104.40890330366886 284.30765175400126 84.02687913609975 312.3611013208499 c
84.02687913609975 312.3611013208499 68.87682980345195 329.42556357108145 d
96.77437604433597 320.3611013208499 114.01600782392416 344.09217158169633 c
114.01600782392416 344.09217158169633 130.51288664444618 352.3992589398234 d
125.01600782392416 339.1286195405977 130.51288664444618 325.85798014137197 c
130.51288664444618 325.85798014137197 143.78352604367194 320.3611013208499 c
143.78352604367194 320.3611013208499 157.05416544289767 325.85798014137197 c
157.05416544289767 325.85798014137197 162.55104426341973 339.1286195405977 c
151.47096391885032 339.1286195405977 162.55104426341973 339.1286195405977 d
151.47096391885032 339.1286195405977 143.78352604367194 346.8160574157761 c
143.78352604367194 346.8160574157761 136.09608816849357 339.1286195405977 c
136.09608816849357 339.1286195405977 143.78352604367194 331.4411816654193 c
143.78352604367194 331.4411816654193 151.47096391885032 339.1286195405977 c
162.55104426341973 339.1286195405977 157.0541654428977 352.3992589398234 c
157.0541654428977 352.3992589398234 143.78352604367194 357.8961377603455 c
143.78352604367194 357.8961377603455 130.51288664444618 352.3992589398234 c
130.51288664444618 352.3992589398234 125.01600782392416 339.1286195405977 c
114.01600782392416 344.09217158169633 96.77437604433597 367.82324184254276 c
96.77437604433597 367.82324184254276 68.87682980345195 358.75877959231127 c
68.87682980345195 358.75877959231127 58.876829803451955 349.7995162225759 d
58.876829803451955 349.7995162225759 50.25451770611953 370.61561902696945 c
50.25451770611953 370.61561902696945 29.43841490172598 379.2379311243019 c
29.43841490172598 379.2379311243019 8.62231209733243 370.61561902696945 c
8.62231209733243 370.61561902696945 24.337649613553165 353.505439129807 d
24.337649613553165 353.505439129807 24.337649613553165 346.09359331534483 c
24.337649613553165 346.09359331534483 31.38673387317234 343.8032069989892 c
31.38673387317234 343.8032069989892 35.74330753517888 349.7995162225759 c
35.74330753517888 349.7995162225759 31.38673387317234 355.7958254461626 c
31.38673387317234 355.7958254461626 24.337649613553165 353.505439129807 c
8.62231209733243 370.61561902696945 0.0 349.7995162225759 c
0.0 349.7995162225759 8.622312097332422 328.98341341818235 c
8.622312097332422 328.98341341818235 29.43841490172597 320.3611013208499 c
29.43841490172597 320.3611013208499 50.25451770611952 328.98341341818235 c
50.25451770611952 328.98341341818235 58.876829803451955 349.7995162225759 c
68.87682980345195 358.75877959231127 68.87682980345195 329.42556357108145 c
68.87682980345195 329.42556357108145 96.77437604433597 320.3611013208499 c
84.02687913609975 312.3611013208499 51.04807127345113 301.64563708799477 c
51.04807127345113 301.64563708799477 51.04807127345113 266.9696664200078 c
51.04807127345113 266.9696664200078 41.04807127345112 277.83445034808955 d
41.04807127345112 277.83445034808955 25.369103219620975 299.4146985090265 c
25.369103219620975 299.4146985090265 3.552713678800501e-15 291.171777197206 c
3.552713678800501e-15 291.171777197206 0.0 264.4971234989731 c
0.0 264.4971234989731 25.369103219620968 256.2542021871526 c
25.369103219620968 256.2542021871526 41.04807127345112 277.83445034808955 c
51.04807127345113 266.9696664200078 84.02687913609974 256.2542021871526 c
84.02687913609974 256.2542021871526 104.40890330366886 284.30765175400126 c
117.40890330366886 282.0039494137616 117.40890330366886 262.332892936069 c
117.40890330366886 262.332892936069 136.11718974918836 256.2542021871526 c
144.07191372942128 243.2542021871526 123.7881781248731 227.0784628153989 c
123.7881781248731 227.0784628153989 123.78817812487308 201.1345912018922 c
114.7881781248731 209.17646176842536 100.80613450787381 233.39407170671223 c
100.80613450787381 233.39407170671223 72.84204727387524 233.39407170671223 c
72.84204727387524 233.39407170671223 58.86000365687594 209.17646176842536 c
48.860003656875946 210.64607589081282 30.19714295039349 236.33329995148716 c
30.19714295039349 236.33329995148716 3.552713678800501e-15 226.52165343694367 c
3.552713678800501e-15 226.52165343694367 0.0 194.770498344682 c
0.0 194.770498344682 30.197142950393484 184.95885183013849 c
26.562384675589474 178.95885183013849 3.552713678800501e-15 170.32820987012434 c
3.552713678800501e-15 170.32820987012434 0.0 142.3988657980566 c
0.0 142.3988657980566 26.562384675589467 133.76822383804245 c
28.98641233901557 121.76822383804246 8.489923611828246 113.27830022621421 c
8.489923611828246 113.27830022621421 0.0 92.78181149902689 c
0.0 92.78181149902689 8.489923611828242 72.28532277183956 c
8.489923611828242 72.28532277183956 28.986412339015565 63.795399160011314 c
28.986412339015565 63.795399160011314 49.482901066202885 72.28532277183956 c
49.482901066202885 72.28532277183956 57.97282467803114 92.78181149902689 c
72.65586616906474 86.68703782549076 62.97282467803113 93.72217926916711 d
72.65586616906474 86.68703782549076 72.65586616906474 77.89529505713702 c
72.65586616906474 77.89529505713702 81.01731041849835 75.17849713154267 c
81.01731041849835 75.17849713154267 86.18496715968568 82.29116644131389 c
86.18496715968568 82.29116644131389 81.01731041849835 89.40383575108511 c
81.01731041849835 89.40383575108511 72.65586616906474 86.68703782549076 c
62.97282467803113 93.72217926916711 62.97282467803113 70.86015361346067 c
62.97282467803113 70.86015361346067 84.71590315359774 63.795399160011314 c
84.71590315359774 63.795399160011314 98.15386467155415 82.29116644131389 c
110.15386467155413 78.92675271592154 129.12798188581706 63.795399160011314 c
139.7910923454865 50.795399160011314 121.83220674592577 43.35658517956639 c
121.83220674592577 43.35658517956639 114.39339276548085 25.39769958000566 c
107.39339276548084 15.388973714982443 101.4502810028358 27.729972452335634 c
101.4502810028358 27.729972452335634 88.09623008955899 30.777947429964886 c
88.09623008955899 30.777947429964886 77.38711273634325 22.237711322356578 c
71.38711273634325 17.627503517637248 40.85538103319642 35.2550070352745 c
44.30199996616253 17.627503517637248 34.85538103319641 17.875876050769943 d
44.30199996616253 17.627503517637248 51.03262493424536 10.89687854955442 c
51.03262493424536 10.89687854955442 57.76324990232819 17.627503517637248 c
57.76324990232819 17.627503517637248 51.03262493424536 24.358128485720073 c
51.03262493424536 24.358128485720073 44.30199996616253 17.627503517637248 c
34.85538103319641 17.875876050769943 27.95184534637643 32.21121561645232 c
27.95184534637643 32.21121561645232 12.439741464556288 35.751752101539886 c
12.439741464556288 35.751752101539886 0.0 25.831389318979227 c
0.0 25.831389318979227 0.0 9.920362782560662 c
4.835819287844067 6.063925587060759 0.0 0.0 d
