Processando arquivo: art_20_regular_pack.txt

Tempo de Inicio (hh:mm:ss.ms) 2026-04-26 14:59:43.807529
Tempo de Termino (hh:mm:ss.ms) 2026-04-26 14:59:44.723257
Tempo Total (hh:mm:ss.ms) 0:00:00.915728

Função Objetivo: 244.6376753894842

0.0 0.0 6.318738864927999 3.6481255846051255 d
8.424985153237326 3.552713678800501e-15 25.274955459712004 0.0 c
25.274955459712004 0.0 33.699940612949334 0.0 d
33.699940612949334 0.0 75.17148012196972 23.943604499241104 c
75.17148012196972 23.943604499241104 75.17148012196972 10.139022871193056 c
75.17148012196972 10.139022871193056 106.37618389568394 0.0 c
106.37618389568394 0.0 125.66175143671144 26.54430648949596 c
125.66175143671144 26.54430648949596 134.33857187616303 24.937136697311022 d
125.66175143671144 18.01760329673744 125.66175143671144 6.919533400573583 c
125.66175143671144 6.919533400573583 134.33857187616303 0.0 c
134.33857187616303 0.0 145.15838998927802 2.469552878406839 c
145.15838998927802 2.469552878406839 149.9736620528136 12.468568348655511 c
149.9736620528136 12.468568348655511 149.9736620528136 0.0 c
149.9736620528136 0.0 167.9245172734317 10.363931093807842 c
167.9245172734317 10.363931093807842 167.9245172734317 8.480923241436578 c
167.9245172734317 8.480923241436578 194.02611511364802 0.0 c
194.02611511364802 0.0 210.15778973958254 22.20334530205988 c
210.15778973958254 22.20334530205988 210.15778973958254 0.0 c
210.15778973958254 0.0 249.5935432015623 22.768242876969722 c
249.5935432015623 22.768242876969722 210.15778973958254 45.53648575393945 c
210.15778973958254 45.53648575393945 210.15778973958254 22.20334530205988 c
210.15778973958254 22.20334530205988 194.02611511364802 44.40669060411976 c
194.02611511364802 44.40669060411976 191.980742047345 53.08861297899192 d
191.980742047345 53.08861297899192 211.73777715124402 72.84564808289093 c
211.73777715124402 72.84564808289093 211.73777715124402 59.016638223710636 c
211.73777715124402 59.016638223710636 229.9823628548741 53.08861297899192 c
229.9823628548741 53.08861297899192 241.25813693037793 68.60838455583293 c
241.25813693037793 68.60838455583293 229.9823628548741 84.12815613267394 c
229.9823628548741 84.12815613267394 211.73777715124402 78.20013088795523 c
211.73777715124402 78.20013088795523 211.73777715124402 72.84564808289099 c
211.73777715124402 72.84564808289099 211.73777715124402 72.84564808289093 c
211.73777715124402 72.84564808289093 211.73777715124405 72.84564808289096 c
211.73777715124405 72.84564808289096 211.73777715124402 72.84564808289099 c
211.73777715124402 72.84564808289099 191.980742047345 92.60268318679 c
191.980742047345 92.60268318679 193.21721944082068 107.94879475393228 d
193.21721944082068 107.94879475393228 204.3531700113192 127.23682693261135 c
204.35317001131924 121.11545897269326 204.3531700113192 127.23682693261135 d
204.35317001131924 121.11545897269326 211.9549471423503 107.94879475393228 c
211.9549471423503 107.94879475393228 227.15850140441245 107.94879475393228 c
227.15850140441245 107.94879475393228 234.76027853544352 121.11545897269326 c
234.76027853544352 121.11545897269326 227.15850140441245 134.28212319145425 c
227.15850140441245 134.28212319145425 211.9549471423503 134.28212319145425 c
211.9549471423503 134.28212319145425 204.35317001131924 121.11545897269326 c
204.3531700113192 127.23682693261135 193.21721944082068 146.52485911129043 c
193.21721944082068 146.52485911129043 170.94531829982364 146.52485911129043 c
159.80936772932515 135.15571237838373 170.94531829982364 146.52485911129043 d
159.80936772932515 135.15571237838373 140.04238501922256 162.36263000283517 c
140.04238501922256 162.36263000283517 136.7587669451351 172.028994797317 d
136.7587669451351 172.028994797317 166.50877873744219 162.3626300028352 c
166.50877873744219 162.3626300028352 184.89529719079815 187.66950158244396 c
184.89529719079817 190.3119385807933 184.89529719079815 187.66950158244396 d
184.89529719079817 190.3119385807933 184.89529719079815 162.3626300028352 c
184.89529719079815 162.3626300028352 209.1001084375202 176.33728429181426 c
209.1001084375202 175.12442586856486 209.1001084375202 176.33728429181426 d
209.1001084375202 175.12442586856486 212.83795190647396 166.10047347178897 c
212.83795190647396 166.10047347178897 221.86190430324984 162.3626300028352 c
221.86190430324984 162.3626300028352 230.88585670002573 166.10047347178897 c
230.88585670002573 166.10047347178897 234.6237001689795 175.12442586856486 c
234.6237001689795 175.12442586856486 230.88585670002573 184.14837826534074 c
230.88585670002573 184.14837826534074 221.86190430324984 187.8862217342945 c
221.86190430324984 187.8862217342945 212.83795190647396 184.14837826534074 c
212.83795190647396 184.14837826534074 209.1001084375202 175.12442586856486 c
209.1001084375202 176.33728429181426 184.89529719079817 190.3119385807933 c
184.89529719079815 187.66950158244396 166.5087787374422 212.9763731620527 c
166.5087787374422 212.9763731620527 174.3630106416307 212.9763731620527 d
174.3630106416307 212.9763731620527 193.14044995127801 238.821301140596 c
193.140449951278 239.34484181504135 193.14044995127801 238.821301140596 d
193.140449951278 239.34484181504135 219.50891860426663 212.9763731620527 c
219.50891860426663 212.9763731620527 245.87738725725526 239.34484181504135 c
245.87738725725526 239.34484181504135 219.50891860426663 265.71331046803 c
219.50891860426663 265.71331046803 193.140449951278 239.34484181504135 c
193.14044995127801 238.821301140596 174.3630106416307 264.6662291191393 c
174.3630106416307 264.6662291191393 143.98047561693298 254.79434506812888 c
143.98047561693298 254.79434506812888 143.98047561693295 222.84825721306314 c
143.98047561693295 222.84825721306314 174.3630106416307 212.9763731620527 c
166.5087787374422 212.9763731620527 136.7587669451351 203.3100083675709 c
136.7587669451351 203.3100083675709 133.64215682727132 212.9763731620527 d
133.64215682727132 212.9763731620527 143.98047561693295 230.8828665705906 c
143.98047561693295 230.8828665705906 133.64215682727132 248.7893599791285 c
133.64215682727132 248.7893599791285 112.96551924794808 248.7893599791285 c
112.96551924794808 248.7893599791285 102.62720045828645 230.8828665705906 c
102.62720045828645 230.8828665705906 102.62720045828647 230.8917780389648 d
102.62720045828647 230.8917780389648 95.70839902106884 245.2588172619826 c
95.70839902106884 245.2588172619826 80.16199330946975 248.80718291587687 c
80.16199330946975 248.80718291587687 67.69474391320657 238.86488328979675 c
67.69474391320657 238.86488328979675 67.69474391320657 225.25293585139107 c
67.69474391320657 225.25293585139107 62.95362306426895 235.09797473794524 c
62.95362306426895 235.09797473794524 52.30042121794648 237.52949854072943 c
43.75721665023471 238.23961397405446 52.30042121794648 237.52949854072943 d
43.75721665023471 238.23961397405446 1.7763568394002505e-14 263.5028547860562 c
1.7763568394002505e-14 263.5028547860562 0.0 265.71331046803 d
0.0 265.71331046803 40.99104041346195 289.37949868510503 c
40.991040413461945 290.72718679401135 40.99104041346195 289.37949868510503 d
40.991040413461945 290.72718679401135 66.00491673944327 265.71331046803004 c
66.00491673944327 265.71331046803004 91.0187930654246 290.72718679401135 c
91.0187930654246 290.72718679401135 91.0187930654246 286.68778642732235 d
91.0187930654246 286.68778642732235 103.12841240663337 265.71331046803 c
103.12841240663337 265.71331046803 127.34765108905096 265.71331046803 c
127.34765108905096 265.71331046803 139.45727043025974 286.68778642732235 c
139.4572704302597 287.65885136478215 139.45727043025974 286.68778642732235 d
139.4572704302597 287.65885136478215 161.40281132701188 265.71331046803 c
161.40281132701188 265.71331046803 183.34835222376404 287.65885136478215 c
183.34835222376404 290.50721195913206 183.34835222376404 287.65885136478215 d
183.34835222376404 290.50721195913206 208.14225371486611 265.71331046803 c
208.14225371486611 265.71331046803 232.9361552059682 290.50721195913206 c
235.9927004200298 283.52816150167985 232.9361552059682 290.50721195913206 d
235.9927004200298 283.52816150167985 232.9361552059682 276.1490085918857 c
232.9361552059682 276.1490085918857 235.9927004200298 268.7698556820916 c
235.9927004200298 268.7698556820916 243.37185332982392 265.71331046803 c
243.37185332982392 265.71331046803 250.75100623961805 268.7698556820916 c
250.75100623961805 268.7698556820916 253.80755145367965 276.1490085918857 c
253.80755145367965 276.1490085918857 250.75100623961805 283.52816150167985 c
250.75100623961805 283.52816150167985 243.37185332982392 286.58470671574145 c
243.37185332982392 286.58470671574145 235.9927004200298 283.52816150167985 c
232.9361552059682 290.50721195913206 208.14225371486611 315.30111345023414 c
208.14225371486611 315.30111345023414 183.34835222376404 290.50721195913206 c
183.34835222376404 287.65885136478215 161.40281132701188 309.6043922615343 c
161.40281132701188 309.6043922615343 139.4572704302597 287.65885136478215 c
139.45727043025974 286.68778642732235 127.34765108905096 307.6622623866147 c
127.34765108905096 307.6622623866147 103.12841240663339 307.6622623866147 c
103.12841240663339 307.6622623866147 91.0187930654246 286.68778642732235 c
91.0187930654246 290.72718679401135 66.00491673944327 315.74106311999265 c
66.00491673944327 315.74106311999265 40.991040413461945 290.72718679401135 c
40.99104041346195 289.37949868510503 1.7763568394002505e-14 313.04568690218014 c
1.7763568394002505e-14 313.04568690218014 10.843067897679362 315.74106311999265 d
10.843067897679362 315.74106311999265 32.52920369303811 315.74106311999265 c
32.52920369303811 315.74106311999265 43.37227159071748 334.5218076286924 c
43.372271590717475 330.88907571111844 43.37227159071748 334.5218076286924 d
43.372271590717475 330.88907571111844 58.520284181843266 315.74106311999265 c
58.520284181843266 315.74106311999265 73.66829677296906 330.88907571111844 c
73.66829677296906 330.88907571111844 58.520284181843266 346.03708830224423 c
58.520284181843266 346.03708830224423 43.372271590717475 330.88907571111844 c
43.37227159071748 334.5218076286924 32.52920369303811 353.3025521373921 c
32.52920369303811 353.3025521373921 10.843067897679374 353.3025521373921 c
10.843067897679374 353.3025521373921 0.0 334.5218076286924 c
0.0 334.5218076286924 10.843067897679362 315.74106311999265 c
1.7763568394002505e-14 313.04568690218014 0.0 265.71331046803 c
1.7763568394002505e-14 263.5028547860562 0.0 212.9763731620527 c
0.0 212.9763731620527 43.75721665023471 238.23961397405446 c
52.30042121794648 237.52949854072943 43.75721665023471 230.71652024220072 c
43.75721665023471 230.71652024220072 43.75721665023471 219.78935146058143 c
43.75721665023471 219.78935146058143 52.30042121794647 212.9763731620527 c
52.30042121794647 212.9763731620527 62.953623064268946 215.4078969648369 c
62.953623064268946 215.4078969648369 67.69474391320657 225.25293585139107 c
67.69474391320657 225.25293585139107 67.69474391320657 222.91867278813282 c
67.69474391320657 222.91867278813282 80.16199330946975 212.9763731620527 c
80.16199330946975 212.9763731620527 95.70839902106884 216.52473881594696 c
95.70839902106884 216.52473881594696 102.62720045828647 230.8917780389648 c
102.62720045828645 230.8828665705906 112.96551924794807 212.9763731620527 c
112.96551924794807 212.9763731620527 133.64215682727132 212.9763731620527 c
136.7587669451351 203.3100083675709 136.7587669451351 177.72708582613237 c
136.7587669451351 177.72708582613237 130.82512381718715 190.04842274094077 c
130.82512381718715 190.04842274094077 117.49234873294971 193.09154164942953 c
117.49234873294971 193.09154164942953 106.80029326990119 184.56491194519361 c
106.80029326990119 184.56491194519361 106.80029326990119 177.93627133494684 c
106.80029326990119 177.93627133494684 91.22665193778955 193.50991266705847 c
91.22665193778955 193.50991266705847 75.6530106056779 177.93627133494684 c
75.6530106056779 180.4155746558238 75.6530106056779 177.93627133494684 d
75.6530106056779 180.4155746558238 68.68109228905226 194.89291221545153 c
68.68109228905226 194.89291221545153 53.01533403281022 198.4685193088124 c
53.01533403281022 198.4685193088124 40.452371327133534 188.44989086551317 c
40.452371327133534 188.44989086551317 40.45237132713353 172.38125844613447 c
40.45237132713353 179.87902060914462 40.45237132713353 172.38125844613447 d
40.45237132713353 179.87902060914462 30.339278495350147 197.39541121545403 c
30.339278495350147 197.39541121545403 10.113092831783385 197.39541121545406 c
10.113092831783385 197.39541121545406 0.0 179.87902060914462 c
0.0 179.87902060914462 10.113092831783373 162.3626300028352 c
10.113092831783373 162.3626300028352 30.339278495350147 162.3626300028352 c
30.339278495350147 162.3626300028352 40.45237132713353 179.87902060914462 c
40.45237132713353 172.38125844613447 53.015334032810216 162.3626300028352 c
53.015334032810216 162.3626300028352 68.68109228905226 165.93823709619608 c
68.68109228905226 165.93823709619608 75.6530106056779 180.4155746558238 c
75.6530106056779 177.93627133494684 91.22665193778955 162.3626300028352 c
91.22665193778955 162.3626300028352 106.80029326990119 177.93627133494684 c
106.80029326990119 177.93627133494684 106.8002932699012 177.93627133494684 c
106.8002932699012 177.93627133494684 106.80029326990119 177.93627133494684 d
106.80029326990119 177.93627133494684 106.80029326990119 170.88925970707112 c
106.80029326990119 170.88925970707112 117.49234873294971 162.3626300028352 c
117.49234873294971 162.3626300028352 130.82512381718715 165.40574891132397 c
130.82512381718715 165.40574891132397 136.7587669451351 177.72708582613237 c
136.7587669451351 177.72708582613237 136.7587669451351 172.028994797317 c
140.04238501922256 162.36263000283517 108.0587351392451 151.97051219941326 c
108.0587351392451 151.97051219941326 108.0587351392451 130.25375623708234 c
108.0587351392451 130.25375623708234 91.85323203621506 152.5587177202324 c
91.85323203621506 152.5587177202324 65.63217721072056 144.03898055142633 c
65.63217721072056 144.03898055142633 65.63217721072056 127.72897371064688 c
65.63217721072056 127.72897371064688 45.85199825400595 147.5091526673615 c
45.85199825400595 147.5091526673615 26.07181929729134 127.72897371064688 c
26.07181929729134 121.65556130806634 26.07181929729134 127.72897371064688 d
26.07181929729134 121.65556130806634 16.113270474271452 135.3623278622004 c
16.113270474271452 135.3623278622004 1.7763568394002505e-15 130.12680891438146 c
1.7763568394002505e-15 130.12680891438146 0.0 113.18431370175121 c
0.0 113.18431370175121 16.113270474271445 107.94879475393228 c
16.113270474271445 107.94879475393228 26.07181929729134 121.65556130806634 c
26.07181929729134 127.72897371064688 45.85199825400594 107.94879475393228 c
45.85199825400594 107.94879475393228 65.63217721072056 127.72897371064688 c
65.63217721072056 127.72897371064688 65.63217721072056 116.46853192273835 c
65.63217721072056 116.46853192273835 91.85323203621505 107.94879475393229 c
91.85323203621505 107.94879475393229 108.0587351392451 130.25375623708234 c
108.0587351392451 130.25375623708234 108.0587351392451 118.34091255735419 c
108.0587351392451 118.34091255735419 140.04238501922256 107.94879475393228 c
140.04238501922256 107.94879475393228 159.80936772932515 135.15571237838373 c
170.94531829982364 146.52485911129043 159.80936772932512 127.23682693261135 c
159.80936772932512 127.23682693261135 170.9453182998236 107.94879475393228 c
170.9453182998236 107.94879475393228 193.21721944082068 107.94879475393228 c
191.980742047345 92.60268318679 172.22370694344593 72.84564808289096 c
164.43475773875596 74.52975070859902 172.22370694344593 72.84564808289096 d
164.43475773875596 74.52975070859902 151.8319731889212 70.43485778097795 c
151.8319731889212 70.43485778097795 151.8319731889212 57.183505906613 c
151.8319731889212 57.183505906613 164.43475773875596 53.08861297899192 c
164.43475773875596 53.08861297899192 172.2237069434459 63.80918184379547 c
172.2237069434459 63.80918184379547 164.43475773875596 74.52975070859902 c
172.22370694344593 72.84564808289096 191.980742047345 53.08861297899192 c
194.02611511364802 44.40669060411976 167.9245172734317 35.92576736268319 c
167.9245172734317 35.92576736268319 167.9245172734317 10.363931093807842 c
167.9245172734317 10.363931093807842 149.9736620528136 20.72786218761569 c
149.9736620528136 20.72786218761569 149.9736620528136 12.468568348655511 c
149.9736620528136 12.468568348655511 145.15838998927802 22.46758381890418 c
145.15838998927802 22.46758381890418 134.33857187616303 24.937136697311022 c
134.33857187616303 24.937136697311022 125.66175143671144 18.01760329673744 c
125.66175143671144 26.54430648949596 106.37618389568394 53.08861297899192 c
106.37618389568394 53.08861297899192 75.17148012196972 42.94959010779887 c
75.17148012196972 42.94959010779887 75.17148012196972 23.943604499241104 c
75.17148012196972 23.943604499241104 33.699940612949355 47.88720899848222 c
33.699940612949355 47.88720899848222 32.94090797815209 53.08861297899192 d
32.94090797815209 53.08861297899192 50.79929480658018 53.08861297899192 c
50.79929480658018 53.08861297899192 59.72848822079422 68.55442964302004 c
59.72848822079422 71.71026457558524 59.72848822079422 68.55442964302004 d
59.72848822079422 71.71026457558524 78.35013981738754 53.08861297899192 c
78.35013981738754 53.08861297899192 96.97179141398087 71.71026457558524 c
96.97179141398087 80.51870386646209 96.97179141398087 71.71026457558524 d
96.97179141398087 80.51870386646209 124.40188230145105 53.08861297899191 c
124.40188230145105 53.08861297899191 151.83197318892124 80.51870386646209 c
151.83197318892124 80.51870386646209 124.40188230145105 107.94879475393228 c
124.40188230145105 107.94879475393228 96.97179141398087 80.51870386646209 c
96.97179141398087 71.71026457558524 78.35013981738754 90.33191617217857 c
78.35013981738754 90.33191617217857 59.72848822079422 71.71026457558524 c
59.72848822079422 68.55442964302004 50.79929480658018 84.02024630704817 c
50.79929480658018 84.02024630704817 32.940907978152104 84.02024630704817 c
32.940907978152104 84.02024630704817 24.01171456393806 68.55442964302004 c
24.01171456393806 68.55442964302004 24.011714563938057 65.71231838057827 d
24.011714563938057 65.71231838057827 14.840055728674578 78.33602378216462 c
14.840055728674578 78.33602378216462 1.7763568394002505e-15 73.51419738272428 c
1.7763568394002505e-15 73.51419738272428 0.0 57.910439378432265 c
0.0 57.910439378432265 14.840055728674576 53.08861297899192 c
14.840055728674576 53.08861297899192 24.011714563938057 65.71231838057827 c
24.01171456393806 68.55442964302004 32.94090797815209 53.08861297899192 c
33.699940612949355 47.88720899848222 33.699940612949334 0.0 c
25.274955459712004 0.0 33.699940612949334 14.592502338420523 c
33.699940612949334 14.592502338420523 25.274955459712004 29.185004676841046 c
25.274955459712004 29.185004676841046 8.424985153237337 29.185004676841046 c
8.424985153237337 29.185004676841046 0.0 14.592502338420525 c
0.0 14.592502338420525 8.424985153237326 3.552713678800501e-15 c
6.318738864927999 3.6481255846051255 0.0 0.0 d
