Processando arquivo: art_10_hole_sep.txt

Tempo de Inicio (hh:mm:ss.ms) 2026-04-26 15:04:45.599375
Tempo de Termino (hh:mm:ss.ms) 2026-04-26 15:04:46.362099
Tempo Total (hh:mm:ss.ms) 0:00:00.762724

Função Objetivo: 209.19587858869897

0.0 0.0 2.6597349582036216 8.185822494112792 d
0.0 9.050022768792354 27.85310608657342 0.0 c
27.85310608657342 0.0 45.067272340332366 23.693267207658806 c
45.067272340332366 23.693267207658806 59.067272340332366 32.465419807339906 d
59.06727234033236 12.468115376988548 74.70179450847846 0.0 c
74.70179450847846 0.0 94.19772476602525 4.449818858450527 c
94.19772476602525 4.449818858450527 102.8742299845382 22.466767592164224 c
107.8742299845382 15.277950926475263 102.8742299845382 22.466767592164224 d
107.8742299845382 15.277950926475263 116.69495906460457 3.552713678800501e-15 c
116.69495906460457 3.552713678800501e-15 134.33641722473737 0.0 c
134.33641722473737 0.0 143.15714630480375 15.277950926475262 c
156.15714630480375 25.718034858436344 143.15714630480375 15.277950926475262 d
156.15714630480375 25.718034858436344 181.8751811632401 0.0 c
181.8751811632401 0.0 207.59321602167643 25.71803485843634 c
221.22697834194557 28.51766429661697 207.59321602167643 25.71803485843634 d
221.22697834194557 28.51766429661697 221.22697834194557 14.954114999179886 c
212.59321602167643 0.0 221.22697834194557 14.954114999179886 d
212.59321602167643 0.0 250.24088123954692 21.73588964789843 c
250.24088123954692 21.73588964789843 212.59321602167645 43.471779295796864 c
212.59321602167645 43.471779295796864 212.59321602167643 0.0 c
221.22697834194557 14.954114999179886 232.97335659900867 21.73588964789843 c
232.97335659900867 21.73588964789843 221.22697834194557 28.51766429661697 c
207.59321602167643 25.71803485843634 181.8751811632401 51.43606971687268 c
181.8751811632401 51.43606971687268 169.06617807324434 68.47651842334803 d
169.06617807324434 68.47651842334803 174.99461469224423 80.78704391092425 c
174.99461469224423 80.78704391092425 188.99461469224423 79.72154349895528 d
188.99461469224423 79.72154349895528 206.90803221969622 65.43606971687268 c
206.90803221969622 65.43606971687268 229.24569850930385 70.53449628058046 c
229.24569850930385 70.53449628058046 239.1868952396398 91.17760399865799 c
239.1868952396398 91.17760399865799 229.24569850930385 111.8207117167355 c
229.24569850930385 111.8207117167355 206.90803221969622 116.91913828044329 c
198.5414539247529 127.91913828044326 206.90803221969622 116.91913828044329 d
198.5414539247529 127.91913828044326 214.75501069245885 150.2351846820468 c
214.75501069245885 150.2351846820468 198.54145392475291 172.55123108365032 c
198.54145392475291 172.55123108365032 172.30736799607877 164.02725985275757 c
164.30736799607877 152.49302596439938 172.30736799607877 164.02725985275757 d
164.30736799607877 152.49302596439938 150.11962732671108 177.0669136483555 c
150.11962732671108 177.0669136483555 148.5802302083103 190.06691364835552 d
148.5802302083103 190.06691364835552 162.77934590379667 214.66050345548663 c
171.77934590379664 207.66009095034144 162.77934590379667 214.66050345548663 d
171.77934590379664 207.66009095034144 181.936771554999 190.06691364835552 c
181.936771554999 190.06691364835552 202.25162285740382 190.06691364835552 c
202.25162285740382 190.06691364835552 212.4090485086062 207.66009095034144 c
212.4090485086062 207.66009095034144 193.6814016404377 212.54500390772205 d
197.23049864957918 207.66009095034144 193.6814016404377 212.54500390772205 c
193.6814016404377 212.54500390772205 187.93884205027624 210.67913319008744 c
187.93884205027624 210.67913319008744 187.93884205027624 204.64104871059544 c
187.93884205027624 204.64104871059544 193.6814016404377 202.77517799296083 c
193.6814016404377 202.77517799296083 197.23049864957918 207.66009095034144 c
212.4090485086062 207.66009095034144 202.25162285740382 225.25326825232736 c
202.25162285740382 225.25326825232736 181.93677155499904 225.25326825232736 c
181.93677155499904 225.25326825232736 171.77934590379664 207.66009095034144 c
162.77934590379667 214.66050345548663 148.5802302083103 239.25409326261774 c
148.5802302083103 239.25409326261774 120.18199881733753 239.25409326261774 c
120.18199881733753 239.25409326261774 105.98288312185113 214.66050345548663 c
105.98288312185113 214.66050345548663 98.98288312185113 207.89717606087595 d
98.98288312185113 207.89717606087595 88.68857631826081 225.72743847339638 c
88.68857631826081 225.72743847339638 68.09996271108017 225.72743847339638 c
68.09996271108017 225.72743847339638 57.805655907489836 207.89717606087595 c
45.805655907489836 209.90134447480298 57.805655907489836 207.89717606087595 d
45.805655907489836 209.90134447480298 34.35424193061738 229.73577530125044 c
34.35424193061738 229.73577530125044 11.451413976872463 229.73577530125044 c
11.451413976872463 229.73577530125044 27.162634971965332 245.25409326261772 d
9.054211657321767 245.25409326261774 27.162634971965332 245.25409326261772 c
27.162634971965332 245.25409326261772 36.216846629287105 260.93644787558145 c
36.216846629287105 260.93644787558145 47.2168466292871 274.14601815243117 d
47.2168466292871 274.14601815243117 76.10877151910054 245.25409326261772 c
76.10877151910054 245.25409326261772 105.000696408914 274.14601815243117 c
105.000696408914 274.14601815243117 113.000696408914 260.8045551174001 d
113.000696408914 285.7455594584875 113.000696408914 260.8045551174001 c
113.000696408914 260.8045551174001 132.50035880714788 245.25409326261777 c
132.50035880714788 245.25409326261777 156.81604009712197 250.803988842405 c
156.81604009712197 250.803988842405 167.63753631798022 273.2750572879438 c
172.63753631798022 266.72982452194094 167.63753631798022 273.2750572879438 d
172.63753631798022 266.72982452194094 172.63753631798022 253.50169630411312 c
172.63753631798022 253.50169630411312 182.9797034128017 245.25409326261774 c
182.9797034128017 245.25409326261774 195.87617483828205 248.19762870814267 c
195.87617483828205 248.19762870814267 201.61564457095966 260.11576041302703 c
191.46889920664924 260.11576041302703 201.61564457095966 260.11576041302703 d
191.46889920664924 260.11576041302703 186.3717819584411 265.21287766123515 c
186.3717819584411 265.21287766123515 181.27466471023294 260.11576041302703 c
181.27466471023294 260.11576041302703 186.3717819584411 255.01864316481888 c
186.3717819584411 255.01864316481888 191.46889920664924 260.11576041302703 c
201.61564457095966 260.11576041302703 195.87617483828205 272.0338921179114 c
195.87617483828205 272.0338921179114 182.9797034128017 274.9774275634363 c
182.9797034128017 274.9774275634363 172.63753631798022 266.72982452194094 c
145.86342432384362 273.2750572879438 167.63753631798022 273.2750572879438 d
145.86342432384362 273.2750572879438 135.41222932615275 279.3090575332139 c
135.41222932615275 279.3090575332139 135.41222932615275 267.24105704267373 c
135.41222932615275 267.24105704267373 145.86342432384362 273.2750572879438 c
167.63753631798022 273.2750572879438 156.81604009712197 295.7461257334826 c
156.81604009712197 295.7461257334826 132.5003588071479 301.2960213132699 c
132.5003588071479 301.2960213132699 113.000696408914 285.7455594584875 c
105.000696408914 274.14601815243117 76.10877151910054 303.0379430422446 c
70.30573248151292 312.03794304224465 76.10877151910054 303.0379430422446 d
70.30573248151292 312.03794304224465 90.27487993553872 312.03794304224465 c
90.27487993553872 312.03794304224465 100.2594536625516 329.3317320293483 c
100.2594536625516 329.3317320293483 113.2594536625516 337.5905308654588 d
113.2594536625516 337.5905308654588 138.81204148576572 312.03794304224465 c
138.81204148576572 312.03794304224465 164.36462930897983 337.5905308654588 c
172.36462930897983 340.6017556646569 164.36462930897983 337.5905308654588 d
172.36462930897983 340.6017556646569 172.36462930897983 312.03794304224465 c
180.6102917622957 332.80523653764254 172.36462930897983 340.6017556646569 d
180.6102917622957 319.834462169259 187.09567894648748 326.31984935345076 c
187.09567894648748 326.31984935345076 180.6102917622957 332.80523653764254 c
180.6102917622957 332.80523653764254 174.12490457810392 326.31984935345076 c
174.12490457810392 326.31984935345076 180.6102917622957 319.834462169259 c
172.36462930897983 312.03794304224465 197.10161666892742 326.31984935345076 c
212.10161666892742 312.0379430422446 197.10161666892742 326.31984935345076 d
212.10161666892742 312.0379430422446 247.91942678051123 332.71736535195043 c
247.91942678051123 332.71736535195043 212.10161666892742 353.3967876616563 c
212.10161666892742 353.3967876616563 212.10161666892742 312.0379430422446 c
197.10161666892742 326.31984935345076 172.36462930897983 340.6017556646569 c
164.36462930897983 337.5905308654588 145.25837439034152 337.5905308654588 d
145.25837439034152 337.5905308654588 142.03520793805362 343.173218922073 c
142.03520793805362 343.173218922073 135.58887503347782 343.173218922073 c
135.58887503347782 343.173218922073 132.36570858118992 337.5905308654588 c
132.36570858118992 337.5905308654588 135.58887503347782 332.0078428088446 c
135.58887503347782 332.0078428088446 142.03520793805362 332.0078428088446 c
142.03520793805362 332.0078428088446 145.25837439034152 337.5905308654588 c
164.36462930897983 337.5905308654588 138.81204148576572 363.1431186886729 c
138.81204148576572 363.1431186886729 113.2594536625516 337.5905308654588 c
100.2594536625516 329.3317320293483 90.27487993553872 346.62552101645196 c
90.27487993553872 346.62552101645196 70.30573248151293 346.625521016452 c
70.30573248151293 346.625521016452 60.32115875450003 329.3317320293483 c
52.32115875450003 338.8712904624702 60.32115875450003 329.3317320293483 d
52.32115875450003 338.8712904624702 41.95831158626925 360.3899643367105 c
41.95831158626925 360.3899643367105 18.673205362813363 365.70463788269575 c
18.673205362813363 365.70463788269575 3.552713678800501e-15 350.8132535207159 c
3.552713678800501e-15 350.8132535207159 0.0 326.9293274042245 c
0.0 326.9293274042245 18.673205362813356 312.03794304224465 c
18.673205362813356 312.03794304224465 41.95831158626925 317.3526165882299 c
41.95831158626925 317.3526165882299 52.32115875450003 338.8712904624702 c
60.32115875450003 329.3317320293483 70.30573248151292 312.03794304224465 c
76.10877151910054 303.0379430422446 47.2168466292871 274.14601815243117 c
36.216846629287105 260.93644787558145 27.162634971965332 276.61880248854516 c
27.162634971965332 276.61880248854516 9.05421165732178 276.61880248854516 c
9.05421165732178 276.61880248854516 0.0 260.93644787558145 c
0.0 260.93644787558145 9.054211657321767 245.25409326261774 c
11.451413976872463 229.73577530125044 0.0 209.90134447480298 c
0.0 209.90134447480298 11.451413976872448 190.06691364835552 c
11.451413976872448 190.06691364835552 34.35424193061738 190.06691364835552 c
34.35424193061738 190.06691364835552 45.805655907489836 209.90134447480298 c
57.805655907489836 207.89717606087595 68.09996271108015 190.06691364835555 c
68.09996271108015 190.06691364835555 88.68857631826081 190.06691364835552 c
88.68857631826081 190.06691364835552 98.98288312185113 207.89717606087595 c
105.98288312185113 214.66050345548663 120.1819988173375 190.06691364835552 c
120.1819988173375 190.06691364835552 148.5802302083103 190.06691364835552 c
150.11962732671108 177.0669136483555 121.74414598797571 177.0669136483555 c
121.74414598797571 177.0669136483555 107.55640531860801 152.49302596439938 c
95.556405318608 150.8524139641464 107.55640531860801 152.49302596439938 d
95.556405318608 150.8524139641464 78.89440522792648 173.7856896478495 c
78.89440522792648 173.7856896478495 51.93472276064995 165.0259578100464 c
51.93472276064995 165.0259578100464 51.93472276064995 136.6788701182464 c
36.934722760649954 149.2434104087487 51.93472276064995 136.6788701182464 d
36.934722760649954 149.2434104087487 1.4210854715202004e-14 170.56768253705414 c
1.4210854715202004e-14 170.56768253705414 0.0 127.91913828044326 c
0.0 127.91913828044326 36.934722760649954 149.2434104087487 c
51.93472276064995 136.6788701182464 78.89440522792648 127.91913828044329 c
78.89440522792648 127.91913828044329 95.556405318608 150.8524139641464 c
107.55640531860801 152.49302596439938 121.7441459879757 127.91913828044328 c
121.7441459879757 127.91913828044328 138.82220511498628 147.48684754570777 d
138.82220511498628 147.48684754570777 141.71252357262918 152.49302596439938 c
141.71252357262918 152.49302596439938 138.82220511498628 157.49920438309098 c
138.82220511498628 157.49920438309098 133.04156819970052 157.49920438309098 c
133.04156819970052 157.49920438309098 130.15124974205762 152.49302596439938 c
130.15124974205762 152.49302596439938 133.04156819970052 147.4868475457078 c
133.04156819970052 147.4868475457078 138.82220511498628 147.48684754570777 c
121.7441459879757 127.91913828044328 150.11962732671108 127.91913828044326 c
150.11962732671108 127.91913828044326 164.30736799607877 152.49302596439938 c
172.30736799607877 164.02725985275757 172.30736799607877 136.44310951133602 c
172.30736799607877 136.44310951133602 198.5414539247529 127.91913828044326 c
206.90803221969622 116.91913828044329 188.99461469224423 102.63366449836069 c
188.99461469224423 102.63366449836069 188.99461469224423 79.72154349895528 c
174.99461469224423 80.78704391092425 169.06617807324434 93.09756939850048 c
169.06617807324434 93.09756939850048 155.74510190841985 96.13801810497583 c
155.74510190841985 96.13801810497583 145.0624282503167 87.61887014052353 c
137.0624282503167 83.32516035129012 145.0624282503167 87.61887014052353 d
137.0624282503167 83.32516035129012 130.15378918565176 97.67109719026239 c
130.15378918565176 97.67109719026239 114.6302181179039 101.21425098570757 c
114.6302181179039 101.21425098570757 102.18128068422867 91.28655466248958 c
89.18128068422868 82.995231426315 102.18128068422867 91.28655466248958 d
89.18128068422868 82.995231426315 79.04349394453799 100.55439313575732 c
79.04349394453799 100.55439313575732 68.90570720484729 88.84338501041701 d
68.90570720484729 88.84338501041701 63.05755362074529 82.995231426315 c
63.05755362074529 82.995231426315 68.90570720484729 77.147077842213 c
68.90570720484729 77.147077842213 74.7538607889493 82.995231426315 c
74.7538607889493 82.995231426315 68.90570720484729 88.84338501041701 c
79.04349394453799 100.55439313575732 58.7679204651566 100.55439313575732 c
58.7679204651566 100.55439313575732 48.6301337254659 82.995231426315 c
34.630133725465896 80.43135748822553 48.6301337254659 82.995231426315 d
34.630133725465896 80.43135748822553 25.972600294099422 95.42664525957838 c
25.972600294099422 95.42664525957838 8.657533431366478 95.42664525957838 c
8.657533431366478 95.42664525957838 0.0 80.43135748822553 c
0.0 80.43135748822553 8.657533431366467 65.43606971687268 c
8.657533431366467 65.43606971687268 25.972600294099422 65.43606971687268 c
25.972600294099422 65.43606971687268 34.630133725465896 80.43135748822553 c
48.6301337254659 82.995231426315 58.767920465156585 65.43606971687268 c
58.767920465156585 65.43606971687268 79.04349394453799 65.43606971687268 c
79.04349394453799 65.43606971687268 89.18128068422868 82.995231426315 c
102.18128068422867 91.28655466248958 102.18128068422867 75.36376604009067 c
102.18128068422867 75.36376604009067 114.63021811790388 65.43606971687268 c
114.63021811790388 65.43606971687268 130.15378918565176 68.97922351231786 c
130.15378918565176 68.97922351231786 137.0624282503167 83.32516035129012 c
153.0478347233516 80.78704391092425 145.0624282503167 87.61887014052353 d
153.0478347233516 80.78704391092425 159.24886159374373 74.58601704053213 c
159.24886159374373 74.58601704053213 165.44988846413585 80.78704391092425 c
165.44988846413585 80.78704391092425 159.24886159374373 86.98807078131638 c
159.24886159374373 86.98807078131638 153.0478347233516 80.78704391092425 c
145.0624282503167 87.61887014052353 145.0624282503167 73.95521768132498 c
145.0624282503167 73.95521768132498 155.74510190841985 65.43606971687268 c
155.74510190841985 65.43606971687268 169.06617807324434 68.47651842334803 c
181.8751811632401 51.43606971687268 156.15714630480375 25.718034858436344 c
143.15714630480375 15.277950926475262 134.33641722473737 30.555901852950523 c
134.33641722473737 30.555901852950523 116.69495906460459 30.555901852950527 c
116.69495906460459 30.555901852950527 130.6185126615343 15.277950926475262 d
122.9642758862393 19.697126589132964 120.41286362780764 15.277950926475262 c
120.41286362780764 15.277950926475262 122.9642758862393 10.85877526381756 c
122.9642758862393 10.85877526381756 128.06710040310264 10.85877526381756 c
128.06710040310264 10.85877526381756 130.6185126615343 15.277950926475262 c
130.6185126615343 15.277950926475262 128.06710040310264 19.697126589132964 c
128.06710040310264 19.697126589132964 122.9642758862393 19.697126589132964 c
116.69495906460459 30.555901852950527 107.8742299845382 15.277950926475263 c
102.8742299845382 22.466767592164224 94.19772476602525 40.48371632587792 c
94.19772476602525 40.48371632587792 74.70179450847847 44.93353518432845 c
74.70179450847847 44.93353518432845 59.067272340332366 32.465419807339906 c
59.067272340332366 32.465419807339906 59.06727234033236 12.468115376988548 c
45.067272340332366 23.693267207658806 27.853106086573423 47.38653441531761 c
27.853106086573423 47.38653441531761 3.552713678800501e-15 38.33651164652527 c
17.08198272293334 29.015364284144795 3.552713678800501e-15 38.33651164652527 d
17.08198272293334 29.015364284144795 17.081982722933336 18.37117013117282 c
17.081982722933336 18.37117013117282 26.300125262220853 23.693267207658806 c
26.300125262220853 23.693267207658806 17.08198272293334 29.015364284144795 c
3.552713678800501e-15 38.33651164652527 0.0 9.050022768792354 c
2.6597349582036216 8.185822494112792 0.0 0.0 d
