Processando arquivo: art_9_regular_sep.txt

Tempo de Inicio (hh:mm:ss.ms) 2026-04-26 15:04:16.695373
Tempo de Termino (hh:mm:ss.ms) 2026-04-26 15:04:17.354477
Tempo Total (hh:mm:ss.ms) 0:00:00.659104

Função Objetivo: 203.4427976119643

0.0 0.0 4.063180742570947 5.095067495938859 d
0.0 8.335346012358636 10.452193300192704 0.0 c
10.452193300192704 0.0 23.485865159645368 2.9748505492626 c
23.485865159645368 2.9748505492626 29.28639482973645 15.019774520659405 c
42.28639482973646 27.672078948742495 29.28639482973645 15.019774520659405 d
42.28639482973646 27.672078948742495 42.28639482973645 0.0 c
42.28639482973645 0.0 66.25111817487604 13.836039474371244 c
66.25111817487604 13.836039474371244 79.25111817487604 33.39527996731033 d
79.25111817487604 0.0 108.17227899306036 16.69763998365516 c
115.17227899306035 9.10729058006154 108.17227899306036 16.69763998365516 d
115.17227899306035 9.10729058006154 143.20163727958698 0.0 c
143.20163727958698 0.0 160.524733383509 23.84319628402284 c
160.524733383509 23.84319628402284 143.201637279587 47.686392568045676 c
143.201637279587 47.686392568045676 115.17227899306036 38.57910198798415 c
130.03422725548853 57.68639256804568 115.17227899306036 38.57910198798415 d
130.03422725548853 57.68639256804568 154.96925473586097 63.37764987417975 c
154.96925473586097 63.37764987417975 166.06638594217864 86.421080264669 c
177.06638594217867 94.85748129229763 166.06638594217864 86.421080264669 d
177.06638594217867 94.85748129229763 177.06638594217867 57.68639256804567 c
177.06638594217867 57.68639256804567 209.2574930637062 76.27193693017165 c
209.2574930637062 76.27193693017165 177.06638594217867 94.85748129229763 c
166.06638594217864 86.421080264669 154.96925473586097 109.46451065515825 c
154.96925473586097 109.46451065515825 130.03422725548853 115.15576796129233 c
130.03422725548853 115.15576796129233 140.28382092077857 132.03496170836843 d
140.28382092077857 132.03496170836843 164.53348580236897 124.15576796129231 c
140.28382092077857 132.03496170836843 129.28382092077857 134.5325384410118 d
129.28382092077857 134.5325384410118 126.2445352140851 141.87002321403787 c
126.2445352140851 141.87002321403787 118.90705044105906 144.90930892073132 c
118.90705044105906 144.90930892073132 111.56956566803301 141.87002321403787 c
111.56956566803301 141.87002321403787 108.53027996133955 134.5325384410118 c
108.53027996133955 134.5325384410118 111.56956566803301 127.19505366798576 c
94.53027996133955 145.61651169422373 111.56956566803301 127.19505366798576 d
94.53027996133955 145.61651169422373 73.06953622840811 167.07725542715517 c
73.06953622840811 167.07725542715517 51.60879249547668 145.61651169422373 c
51.60879249547668 145.61651169422373 45.608792495476685 143.90495442980026 d
45.608792495476685 143.90495442980026 34.206594371607515 163.65414089830819 c
25.225367180780584 175.07725542715517 34.206594371607515 163.65414089830819 d
25.225367180780584 175.07725542715517 43.06239537223112 182.4655944164852 c
43.06239537223112 182.4655944164852 50.450734361561175 200.30262260793575 c
50.450734361561175 200.30262260793575 65.45073436156117 197.2598318299988 d
65.45073436156117 197.2598318299988 65.45073436156117 175.07725542715517 c
65.45073436156117 175.07725542715517 84.66140904781301 186.16854362857697 c
92.66140904781301 183.7563846692772 84.66140904781301 186.16854362857697 d
92.66140904781301 183.7563846692772 97.67230665208372 175.07725542715517 c
97.67230665208372 175.07725542715517 107.69410186062514 175.07725542715517 c
107.69410186062514 175.07725542715517 112.70499946489585 183.7563846692772 c
112.70499946489585 183.7563846692772 107.69410186062514 192.43551391139923 c
107.69410186062514 192.43551391139923 97.67230665208372 192.43551391139923 c
97.67230665208372 192.43551391139923 92.66140904781301 183.7563846692772 c
84.66140904781301 186.16854362857697 65.45073436156117 197.2598318299988 c
50.450734361561175 200.30262260793575 43.06239537223112 218.1396507993863 c
43.06239537223112 218.1396507993863 25.225367180780587 225.52798978871633 c
25.225367180780587 225.52798978871633 7.388338989330052 218.1396507993863 c
7.388338989330052 218.1396507993863 0.0 200.30262260793575 c
0.0 200.30262260793575 7.388338989330048 182.4655944164852 c
7.388338989330048 182.4655944164852 25.225367180780584 175.07725542715517 c
34.206594371607515 163.65414089830819 11.402198123869175 163.65414089830819 c
11.402198123869175 163.65414089830819 0.0 143.90495442980026 c
0.0 143.90495442980026 11.40219812386916 124.15576796129233 c
11.40219812386916 124.15576796129233 34.206594371607515 124.15576796129233 c
34.206594371607515 124.15576796129233 45.608792495476685 143.90495442980026 c
51.60879249547668 145.61651169422373 73.06953622840811 124.1557679612923 c
73.06953622840811 124.1557679612923 94.53027996133955 145.61651169422373 c
111.56956566803301 127.19505366798576 118.90705044105906 124.1557679612923 c
118.90705044105906 124.1557679612923 126.2445352140851 127.19505366798576 c
126.2445352140851 127.19505366798576 129.28382092077857 134.5325384410118 c
164.53348580236897 124.15576796129231 179.52060291498654 144.78376499508326 c
179.52060291498654 144.78376499508326 164.53348580236897 165.4117620288742 c
164.53348580236897 165.4117620288742 175.3846496079752 179.77899457728074 d
175.3846496079752 179.77899457728074 189.85511478640902 175.07725542715517 c
189.85511478640902 175.07725542715517 198.79835409970295 187.38656832841994 c
198.79835409970295 187.38656832841994 189.85511478640902 199.69588122968472 c
189.85511478640902 199.69588122968472 175.3846496079752 194.99414207955914 c
175.3846496079752 194.99414207955914 164.3846496079752 197.41708049869484 d
164.3846496079752 197.41708049869484 157.8414663350425 213.21372229730179 c
157.8414663350425 213.21372229730179 142.04482453643553 219.75690557023452 c
142.04482453643553 219.75690557023452 157.13760061281687 240.52798978871635 d
157.13760061281687 240.52798978871635 173.78007149722708 257.17046067312657 c
173.78007149722708 257.17046067312657 157.13760061281687 273.8129315575368 c
157.13760061281687 273.8129315575368 140.49512972840665 257.17046067312657 c
140.49512972840665 257.17046067312657 129.49512972840665 261.9854631220091 d
129.49512972840665 261.9854631220091 121.20840674573111 279.1930207030026 c
134.8120364886695 294.6108744050157 121.20840674573111 279.1930207030026 d
134.8120364886695 294.6108744050157 146.73941728348095 306.5382551998271 c
158.73941728348095 313.41124445225535 146.73941728348095 306.5382551998271 d
158.73941728348095 313.41124445225535 164.245918181501 300.1173753030357 c
164.245918181501 300.1173753030357 177.5397873307206 294.6108744050157 c
177.5397873307206 294.6108744050157 190.8336564799402 300.1173753030357 c
190.8336564799402 300.1173753030357 196.34015737796025 313.41124445225535 c
196.34015737796025 313.41124445225535 190.8336564799402 326.705113601475 c
190.8336564799402 326.705113601475 177.5397873307206 332.211614499495 c
177.5397873307206 332.211614499495 164.245918181501 326.705113601475 c
164.245918181501 326.705113601475 158.73941728348095 313.41124445225535 c
146.73941728348095 306.5382551998271 134.8120364886695 318.46563599463855 c
134.8120364886695 318.46563599463855 122.88465569385804 306.5382551998271 c
122.88465569385804 306.5382551998271 111.88465569385805 307.04241670287286 d
111.88465569385805 307.04241670287286 102.85261152576732 319.47395900073 c
102.85261152576732 319.47395900073 88.23845707390626 314.7255323755306 c
76.23845707390626 311.3882776962745 88.23845707390626 314.7255323755306 d
76.23845707390626 311.3882776962745 47.17914215437274 328.1656809875333 c
40.17914215437273 315.7342994938268 47.17914215437274 328.1656809875333 d
40.17914215437273 315.7342994938268 24.83207549021602 336.85772458263796 c
24.83207549021602 336.85772458263796 9.711649886198538 349.85772458263796 d
29.134949658595644 349.85772458263796 38.84659954479419 366.67879561085437 c
46.84659954479419 359.99458074128927 38.84659954479419 366.67879561085437 d
46.84659954479419 359.99458074128927 59.557815116334844 349.85772458263796 c
59.557815116334844 349.85772458263796 75.40844167250192 353.4755266590783 c
75.40844167250192 353.4755266590783 82.46263412264403 368.1237082173374 c
82.46263412264403 368.1237082173374 75.40844167250192 382.77188977559655 c
75.40844167250192 382.77188977559655 59.55781511633485 386.3896918520369 c
53.782699910206105 397.0717934438093 59.55781511633485 386.3896918520369 d
53.782699910206105 397.0717934438093 78.53898147493426 397.0717934438093 c
78.53898147493426 397.0717934438093 88.46263412264403 384.0096236930399 d
88.46263412264403 384.0096236930399 88.46263412264403 357.91989433340746 c
88.46263412264403 357.91989433340746 113.27544123849948 349.85772458263796 c
113.27544123849948 349.85772458263796 128.6105993923934 370.96475901322367 c
128.6105993923934 370.96475901322367 113.27544123849948 392.0717934438094 c
113.27544123849948 392.0717934438094 122.37073889453339 397.0717934438093 d
122.37073889453339 397.0717934438093 136.8336299185123 403.0625190570655 c
140.61059939239342 389.9133402087974 136.8336299185123 403.0625190570655 d
140.61059939239342 389.9133402087974 140.6105993923934 349.85772458263796 c
140.6105993923934 349.85772458263796 175.29978008887247 369.8855323957177 c
175.29978008887247 369.8855323957177 140.61059939239342 389.9133402087974 c
136.8336299185123 403.0625190570655 142.82435553176845 417.5254100810444 c
149.82435553176845 411.1011252476815 142.82435553176845 417.5254100810444 d
149.82435553176845 411.1011252476815 163.85368733564067 397.0717934438093 c
163.85368733564067 397.0717934438093 177.8830191395129 411.1011252476815 c
177.8830191395129 411.1011252476815 163.85368733564067 425.1304570515537 c
163.85368733564067 425.1304570515537 149.82435553176845 411.1011252476815 c
142.82435553176845 417.5254100810444 136.8336299185123 431.9883011050233 c
136.8336299185123 431.9883011050233 122.37073889453339 437.9790267182795 c
122.37073889453339 437.9790267182795 107.90784787055449 431.9883011050233 c
107.90784787055449 431.9883011050233 101.91712225729833 417.5254100810444 c
101.91712225729833 417.5254100810444 107.90784787055448 403.0625190570655 c
107.90784787055448 403.0625190570655 122.37073889453339 397.0717934438093 c
113.27544123849948 392.0717934438094 88.46263412264403 384.0096236930399 c
78.53898147493426 397.0717934438093 90.91712225729833 418.5113621821043 c
90.91712225729833 418.5113621821043 78.53898147493426 439.95093092039923 c
78.53898147493426 439.95093092039923 53.78269991020612 439.95093092039923 c
53.78269991020612 439.95093092039923 41.40455912784205 418.5113621821043 c
30.404559127842056 414.62587384086083 41.40455912784205 418.5113621821043 d
30.404559127842056 414.62587384086083 1.2434497875801753e-14 432.17995423791234 c
1.2434497875801753e-14 432.17995423791234 0.0 397.0717934438093 c
0.0 397.0717934438093 30.404559127842056 414.62587384086083 c
41.40455912784205 418.5113621821043 53.782699910206105 397.0717934438093 c
59.55781511633485 386.3896918520369 46.84659954479419 376.2528356933856 c
46.84659954479419 376.2528356933856 46.84659954479419 359.99458074128927 c
38.84659954479419 366.67879561085437 29.134949658595644 383.4998666390708 c
29.134949658595644 383.4998666390708 9.71164988619855 383.4998666390708 c
9.71164988619855 383.4998666390708 0.0 366.67879561085437 c
0.0 366.67879561085437 9.711649886198538 349.85772458263796 c
9.711649886198538 349.85772458263796 29.134949658595644 349.85772458263796 c
24.83207549021602 336.85772458263796 3.552713678800501e-15 328.78929415752435 c
3.552713678800501e-15 328.78929415752435 0.0 302.6793048301293 c
0.0 302.6793048301293 24.832075490216013 294.6108744050157 c
24.832075490216013 294.6108744050157 40.17914215437273 315.7342994938268 c
47.17914215437274 328.1656809875333 47.17914215437273 294.6108744050157 c
47.17914215437273 294.6108744050157 76.23845707390626 311.3882776962745 c
88.23845707390626 314.7255323755306 88.23845707390626 299.35930103021514 c
88.23845707390626 299.35930103021514 102.85261152576732 294.6108744050157 c
102.85261152576732 294.6108744050157 111.88465569385805 307.04241670287286 c
122.88465569385804 306.5382551998271 134.8120364886695 294.6108744050157 c
121.20840674573111 279.1930207030026 102.5883092220024 283.44293645530183 c
102.5883092220024 283.44293645530183 87.65615037335812 271.5349371349431 c
74.65615037335812 255.3157933033899 87.65615037335812 271.5349371349431 d
74.65615037335812 255.3157933033899 49.042923353597914 270.10359681806347 c
49.042923353597914 270.10359681806347 39.0429233535979 263.069432096866 d
39.0429233535979 263.069432096866 1.5987211554602254e-14 285.6108744050157 c
1.5987211554602254e-14 285.6108744050157 0.0 240.52798978871635 c
0.0 240.52798978871635 39.0429233535979 263.069432096866 c
49.042923353597914 270.10359681806347 49.0429233535979 240.52798978871635 c
49.0429233535979 240.52798978871635 74.65615037335812 255.3157933033899 c
87.65615037335812 271.5349371349431 87.65615037335812 252.43598910907505 c
87.65615037335812 252.43598910907505 102.5883092220024 240.52798978871633 c
102.5883092220024 240.52798978871633 121.20840674573111 244.7779055410156 c
121.20840674573111 244.7779055410156 129.49512972840665 261.9854631220091 c
140.49512972840665 257.17046067312657 157.13760061281687 240.52798978871635 c
142.04482453643553 219.75690557023452 126.24818273782857 213.2137222973018 c
126.24818273782857 213.2137222973018 119.70499946489585 197.41708049869484 c
119.70499946489585 197.41708049869484 126.24818273782857 181.6204387000879 c
126.24818273782857 181.6204387000879 142.04482453643553 175.07725542715517 c
142.04482453643553 175.07725542715517 157.84146633504247 181.62043870008787 c
157.84146633504247 181.62043870008787 164.3846496079752 197.41708049869484 c
175.3846496079752 194.99414207955914 175.3846496079752 179.77899457728074 c
164.53348580236897 165.4117620288742 140.28382092077857 157.5325682817981 c
140.28382092077857 157.5325682817981 140.28382092077857 132.03496170836843 c
130.03422725548853 115.15576796129233 110.03788777564725 99.20921935106028 c
110.03788777564725 99.20921935106028 110.03788777564723 73.63294117827773 c
97.03788777564726 71.52816533733959 110.03788777564723 73.63294117827773 d
97.03788777564726 71.52816533733959 89.04633654123379 85.3699381066335 c
89.04633654123379 85.3699381066335 73.06323407240686 85.3699381066335 c
73.06323407240686 85.3699381066335 65.07168283799338 71.52816533733959 c
50.07168283799338 79.36806724201546 65.07168283799338 71.52816533733959 d
50.07168283799338 79.36806724201546 37.55376212849504 101.04974191598524 c
37.55376212849504 101.04974191598524 12.517920709498348 101.04974191598524 c
12.517920709498348 101.04974191598524 0.0 79.36806724201546 c
0.0 79.36806724201546 12.517920709498334 57.68639256804568 c
12.517920709498334 57.68639256804568 37.55376212849504 57.686392568045676 c
37.55376212849504 57.686392568045676 50.07168283799338 79.36806724201546 c
65.07168283799338 71.52816533733959 73.06323407240684 57.68639256804568 c
73.06323407240684 57.68639256804568 89.04633654123379 57.68639256804568 c
89.04633654123379 57.68639256804568 97.03788777564726 71.52816533733959 c
110.03788777564723 73.63294117827773 130.03422725548853 57.68639256804568 c
115.17227899306036 38.57910198798415 115.17227899306035 9.10729058006154 c
108.17227899306036 16.69763998365516 79.25111817487604 33.39527996731033 c
79.25111817487604 33.39527996731033 79.25111817487604 0.0 c
66.25111817487604 13.836039474371244 42.28639482973646 27.672078948742495 c
29.28639482973645 15.019774520659405 23.48586515964537 27.06469849205621 c
23.48586515964537 27.06469849205621 10.452193300192707 30.03954904131881 c
10.452193300192707 30.03954904131881 1.7763568394002505e-15 21.70420302896018 c
1.7763568394002505e-15 21.70420302896018 0.0 8.335346012358636 c
4.063180742570947 5.095067495938859 0.0 0.0 d
