Processando arquivo: art_9_hole_pack.txt

Tempo de Inicio (hh:mm:ss.ms) 2026-04-26 15:00:01.556274
Tempo de Termino (hh:mm:ss.ms) 2026-04-26 15:00:02.684139
Tempo Total (hh:mm:ss.ms) 0:00:01.127865

Função Objetivo: 232.16678733686433

0.0 0.0 12.222484325059229 12.222484325059225 d
24.44496865011845 0.0 48.88993730023691 24.444968650118454 c
48.88993730023691 24.444968650118454 24.444968650118454 48.88993730023691 c
24.444968650118454 48.88993730023691 28.41490695460074 48.88993730023691 d
28.41490695460074 48.88993730023691 56.829813909201484 77.30484425483765 c
56.82981390920148 75.33342535489398 56.829813909201484 77.30484425483765 d
56.82981390920148 75.33342535489398 83.27330196385854 48.88993730023691 c
83.27330196385854 48.88993730023691 76.10236861715974 46.296553393929536 d
76.10236861715974 46.296553393929536 48.88993730023692 37.45469847667614 c
48.88993730023692 37.45469847667614 48.889937300236916 8.841854917253395 c
48.889937300236916 8.841854917253395 76.10236861715974 0.0 c
76.10236861715974 0.0 92.9205760875401 23.148276696964746 c
92.9205760875401 23.148276696964746 92.9205760875401 12.136221629954303 c
92.9205760875401 12.136221629954303 108.138916660587 0.0 c
108.138916660587 0.0 127.11587695760248 4.331367351554743 c
127.11587695760248 4.331367351554743 135.56141881549004 21.868715725105556 c
135.56141881549004 21.868715725105556 135.56141881549001 8.045838721423335 c
135.56141881549001 8.045838721423335 160.3239641911818 0.0 c
160.3239641911818 0.0 175.62805888132087 21.06427924068628 c
175.62805888132087 22.76802445000205 175.62805888132087 21.06427924068628 d
175.62805888132087 22.76802445000205 188.7731839264455 7.105427357601002e-15 c
188.7731839264455 7.105427357601002e-15 215.06343401669486 0.0 c
215.06343401669486 0.0 228.2085590618195 22.768024450002045 c
228.2085590618195 22.768024450002045 215.06343401669486 45.53604890000409 c
215.06343401669486 45.53604890000409 188.77318392644554 45.53604890000409 c
188.77318392644554 45.53604890000409 175.62805888132087 22.76802445000205 c
175.62805888132087 21.06427924068628 160.3239641911818 42.12855848137255 c
160.3239641911818 42.12855848137255 135.56141881549004 34.08271975994923 c
135.56141881549004 34.08271975994923 135.56141881549004 21.868715725105584 c
135.56141881549004 21.868715725105584 135.56141881549004 21.868715725105556 c
135.56141881549004 21.868715725105556 135.56141881549004 21.868715725105584 d
135.56141881549004 21.868715725105584 127.11587695760248 39.40606409865637 c
127.11587695760248 39.40606409865637 108.138916660587 43.73743145021111 c
108.138916660587 43.73743145021111 92.9205760875401 31.601209820256813 c
92.9205760875401 31.601209820256813 92.9205760875401 23.14827669696479 c
92.9205760875401 23.14827669696479 92.9205760875401 23.148276696964746 c
92.9205760875401 23.148276696964746 92.92057608754011 23.148276696964768 c
92.92057608754011 23.148276696964768 92.9205760875401 23.14827669696479 c
92.9205760875401 23.14827669696479 76.10236861715974 46.296553393929536 c
83.27330196385854 48.88993730023691 109.71679001851561 75.33342535489398 c
114.66094935459695 77.70660968372054 109.71679001851561 75.33342535489398 d
114.66094935459695 77.70660968372054 109.71679001851561 65.7703531600194 c
121.40922184864304 69.53964419217643 114.66094935459695 77.70660968372054 d
121.40922184864304 69.53964419217643 121.40922184864304 62.001062127862376 c
121.40922184864304 62.001062127862376 128.57883944453468 59.67151215649916 c
128.57883944453468 59.67151215649916 133.00990680513502 65.7703531600194 c
133.00990680513502 65.7703531600194 128.57883944453468 71.86919416353963 c
128.57883944453468 71.86919416353963 121.40922184864304 69.53964419217643 c
109.71679001851561 65.7703531600194 114.66094935459695 53.83409663631826 c
114.66094935459695 53.83409663631826 126.5972058782981 48.88993730023691 c
126.5972058782981 48.88993730023691 138.53346240199923 53.83409663631825 c
138.53346240199923 53.83409663631825 143.4776217380806 65.7703531600194 c
143.4776217380806 65.7703531600194 138.53346240199923 77.70660968372054 c
138.53346240199923 77.70660968372054 126.5972058782981 82.65076901980188 c
126.5972058782981 82.65076901980188 114.66094935459695 77.70660968372054 c
88.95248521460343 75.33342535489398 109.71679001851561 75.33342535489398 d
88.95248521460343 75.33342535489398 80.43371033848611 80.25174232278613 c
80.43371033848611 80.25174232278613 80.43371033848611 70.41510838700182 c
80.43371033848611 70.41510838700182 88.95248521460343 75.33342535489398 c
109.71679001851561 75.33342535489398 83.27330196385854 101.77691340955104 c
83.27330196385854 101.77691340955104 76.76627972276185 105.71975120943839 d
76.76627972276185 105.71975120943839 89.47520091940171 127.73224843140768 c
89.47520091940174 124.64523703578533 89.47520091940171 127.73224843140768 d
89.47520091940174 124.64523703578533 108.40068674574869 105.71975120943839 c
108.40068674574869 105.71975120943839 127.32617257209563 124.64523703578533 c
127.32617257209563 124.64523703578533 148.3617377385301 132.44810302592816 d
148.3617377385301 132.44810302592816 151.20813106355774 127.51800516865535 c
151.20813106355774 127.51800516865535 156.90091771361307 127.51800516865535 c
156.90091771361307 127.51800516865535 159.7473110386407 132.44810302592816 c
159.7473110386407 132.44810302592816 156.90091771361307 137.37820088320098 c
156.90091771361307 137.37820088320098 151.20813106355774 137.37820088320098 c
151.20813106355774 137.37820088320098 148.3617377385301 132.44810302592816 c
127.32617257209563 124.64523703578533 108.40068674574869 143.57072286213227 c
108.40068674574869 143.57072286213227 89.47520091940174 124.64523703578533 c
89.47520091940171 127.73224843140768 76.76627972276185 149.74474565337698 c
76.76627972276185 149.74474565337698 51.348437329482124 149.74474565337698 c
51.348437329482124 149.74474565337698 40.94082587660313 163.40832827211617 d
40.94082587660313 163.40832827211617 54.587767835470835 187.04552511281858 c
54.587767835470835 187.04552511281858 54.58776783547084 174.08851220256324 d
54.58776783547084 174.08851220256324 87.45799409221145 163.4083282721162 c
87.45799409221145 163.4083282721162 107.7729111367764 191.36941280812704 c
116.49687573194974 187.83299127530614 107.7729111367764 191.36941280812704 d
116.49687573194974 187.83299127530614 116.49687573194974 178.51867819438843 c
116.49687573194974 178.51867819438843 124.56330747882619 183.17583473484729 c
124.56330747882619 183.17583473484729 116.49687573194974 187.83299127530614 c
107.7729111367764 191.36941280812704 87.45799409221146 219.33049734413788 c
87.45799409221146 219.33049734413788 87.43015311231542 223.43550431918817 d
87.43015311231542 223.43550431918817 95.43432487167063 240.05633823932928 c
95.43432487167063 241.54998966643936 95.43432487167063 240.05633823932928 d
95.43432487167063 241.54998966643936 101.9422634983503 225.83843597081756 c
101.9422634983503 225.83843597081756 117.65381719397212 219.33049734413788 c
117.65381719397212 219.33049734413788 133.36537088959392 225.83843597081756 c
139.8733095162736 219.33049734413788 133.36537088959392 225.83843597081756 d
139.8733095162736 219.33049734413788 184.48941706907402 245.0896190499405 c
184.48941706907405 257.14956564100555 184.48941706907402 245.0896190499405 d
184.48941706907402 233.85464364422515 202.70212046779397 219.33049734413788 c
202.70212046779397 219.33049734413788 203.84427481761298 210.20298959520852 d
203.84427481761298 210.20298959520852 190.33581966185062 186.80565893366233 c
190.3358196618506 187.57061976845503 190.33581966185062 186.80565893366233 d
190.3358196618506 187.57061976845503 166.17352816551173 211.7329112647939 c
166.17352816551173 211.7329112647939 142.01123666917286 187.57061976845503 c
142.01123666917286 183.17583473484729 142.01123666917286 187.57061976845503 d
142.01123666917286 183.17583473484729 107.77291113677641 202.9433411975784 c
107.77291113677641 202.9433411975784 107.7729111367764 163.40832827211617 c
107.7729111367764 163.40832827211617 142.01123666917286 183.17583473484729 c
142.01123666917286 187.57061976845503 166.17352816551173 163.40832827211617 c
166.17352816551173 163.40832827211617 190.3358196618506 187.57061976845503 c
190.33581966185062 186.80565893366233 174.12868537999597 187.57061976845503 d
174.12868537999597 187.57061976845503 168.63180693771184 195.1364238754427 c
168.63180693771184 195.1364238754427 159.7376707860695 192.24654385879694 c
159.7376707860695 192.24654385879694 159.7376707860695 182.89469567811312 c
159.7376707860695 182.89469567811312 168.63180693771181 180.00481566146738 c
168.63180693771181 180.00481566146738 174.12868537999597 187.57061976845503 c
190.33581966185062 186.80565893366233 203.84427481761296 163.40832827211617 c
203.84427481761296 163.40832827211617 209.62716473641407 163.40832827211617 c
209.62716473641407 163.40832827211617 189.23117271740298 154.96003175978836 c
189.23117271740298 154.96003175978836 180.78287620507518 134.56403974077728 c
180.78287620507518 132.44810302592816 180.78287620507518 134.56403974077728 d
180.78287620507518 132.44810302592816 154.0545243885854 159.17645484241794 c
154.0545243885854 159.17645484241794 127.32617257209563 132.44810302592816 c
110.08834262953606 119.45116630583595 127.32617257209563 132.44810302592816 d
113.86205590831213 124.64523703578533 110.08834262953607 129.8393077657347 c
110.08834262953607 129.8393077657347 103.98234628067958 127.85534928686502 c
103.98234628067958 127.85534928686502 103.98234628067958 121.43512478470564 c
103.98234628067958 121.43512478470564 110.08834262953606 119.45116630583595 c
110.08834262953606 119.45116630583595 113.86205590831213 124.64523703578533 c
127.32617257209563 132.44810302592816 154.0545243885854 105.71975120943839 c
143.47762173808061 91.14723678422969 154.0545243885854 105.71975120943839 d
143.47762173808061 91.14723678422969 143.4776217380806 48.8899373002369 c
143.4776217380806 48.8899373002369 180.0735165865454 70.01858704223328 c
180.0735165865454 70.01858704223328 180.0735165865454 57.08256694579165 c
180.0735165865454 57.08256694579165 190.3467492232307 48.88993730023691 c
190.3467492232307 48.88993730023691 203.15726078542187 51.81385296790661 c
203.15726078542187 51.81385296790661 208.85847477997575 63.652545814035406 c
208.85847477997572 64.84283346803872 208.85847477997575 63.652545814035406 d
208.85847477997572 64.84283346803872 218.06888367681026 48.88993730023691 c
218.06888367681026 48.88993730023691 236.48970147047933 48.8899373002369 c
236.48970147047933 48.8899373002369 245.70011036731387 64.84283346803872 c
245.70011036731387 64.84283346803872 236.48970147047933 80.79572963584053 c
236.48970147047933 80.79572963584053 218.06888367681026 80.79572963584054 c
218.06888367681026 80.79572963584054 208.85847477997572 64.84283346803872 c
208.85847477997575 63.652545814035406 203.15726078542187 75.4912386601642 c
203.15726078542187 75.4912386601642 190.3467492232307 78.4151543278339 c
190.3467492232307 78.4151543278339 180.0735165865454 70.22252468227917 c
180.0735165865454 70.22252468227917 180.0735165865454 70.0185870422333 c
180.0735165865454 70.0185870422333 180.0735165865454 70.01858704223328 c
180.0735165865454 70.0185870422333 198.91366483829458 63.652545814035406 d
189.51139568966448 66.70752824970832 189.51139568966448 60.59756337836249 c
189.51139568966448 60.59756337836249 195.3223175948924 58.70948039808269 c
195.3223175948924 58.70948039808269 198.91366483829458 63.652545814035406 c
198.91366483829458 63.652545814035406 195.3223175948924 68.59561122998812 c
195.3223175948924 68.59561122998812 189.51139568966448 66.70752824970832 c
180.0735165865454 70.01858704223328 180.07351658654542 70.01858704223329 c
180.07351658654542 70.01858704223329 180.0735165865454 70.0185870422333 c
180.0735165865454 70.0185870422333 143.47762173808061 91.14723678422969 c
154.0545243885854 105.71975120943839 180.78287620507518 132.44810302592816 c
180.78287620507518 134.56403974077728 189.23117271740298 114.16804772176619 c
189.23117271740298 114.16804772176619 209.62716473641407 105.71975120943839 c
209.62716473641407 105.71975120943839 230.02315675542516 114.16804772176619 c
230.02315675542516 114.16804772176619 238.47145326775296 134.56403974077728 c
238.471453267753 135.55368070734664 238.47145326775296 134.56403974077728 d
238.471453267753 135.55368070734664 238.47145326775296 105.71975120943839 c
238.47145326775296 105.71975120943839 264.30839410765543 120.63671595839251 c
264.30839410765543 120.63671595839251 238.471453267753 135.55368070734664 c
238.47145326775296 134.56403974077728 248.85294492891532 115.19174580615729 d
248.85294492891532 126.08168611062774 242.4519986196022 124.00189258020258 c
242.4519986196022 124.00189258020258 242.4519986196022 117.27153933658245 c
242.4519986196022 117.27153933658245 248.85294492891532 115.19174580615729 c
248.85294492891532 115.19174580615729 252.80894730823402 120.63671595839251 c
252.80894730823402 120.63671595839251 248.85294492891532 126.08168611062774 c
238.47145326775296 134.56403974077728 230.02315675542516 154.96003175978836 c
230.02315675542516 154.96003175978836 216.51575191264482 134.56403974077728 d
211.7558552411027 141.11547546279877 204.05418064361007 138.61304969209675 c
204.05418064361007 138.61304969209675 204.05418064361007 130.5150297894578 c
204.05418064361007 130.5150297894578 211.7558552411027 128.01260401875578 c
211.7558552411027 128.01260401875578 216.51575191264482 134.56403974077728 c
216.51575191264482 134.56403974077728 211.7558552411027 141.11547546279877 c
230.02315675542516 154.96003175978836 209.62716473641407 163.40832827211617 c
209.62716473641407 163.40832827211617 230.8611851291377 163.40832827211617 c
230.8611851291377 163.40832827211617 244.36964028490007 186.80565893366233 c
244.36964028490007 186.80565893366233 230.8611851291377 210.2029895952085 c
230.8611851291377 210.2029895952085 203.84427481761298 210.20298959520852 c
202.70212046779397 219.33049734413788 225.41299013455355 224.51410514330095 c
225.41299013455355 224.51410514330095 235.52027799296852 245.50210464261536 c
214.1741113134198 245.50210464261536 235.52027799296852 245.50210464261536 d
214.1741113134198 245.50210464261536 205.92637291524974 250.26393862700445 c
205.92637291524974 250.26393862700445 205.92637291524974 240.74027065822628 c
205.92637291524974 240.74027065822628 214.1741113134198 245.50210464261536 c
235.52027799296852 245.50210464261536 225.41299013455358 266.4901041419298 c
225.41299013455358 266.4901041419298 202.702120467794 271.67371194109285 c
202.702120467794 271.67371194109285 184.48941706907405 257.14956564100555 c
184.48941706907405 257.14956564100555 184.48941706907402 233.85464364422515 c
184.48941706907402 245.0896190499405 139.87330951627362 270.8487407557431 c
139.87330951627362 270.8487407557431 139.8733095162736 219.33049734413788 c
133.36537088959392 225.83843597081756 139.8733095162736 241.54998966643936 c
139.8733095162736 241.54998966643936 133.36537088959392 257.26154336206116 c
133.36537088959392 257.26154336206116 117.65381719397212 263.76948198874084 c
117.65381719397212 263.76948198874084 101.94226349835031 257.26154336206116 c
101.94226349835031 257.26154336206116 95.43432487167063 241.54998966643936 c
95.43432487167063 240.05633823932928 87.43015311231542 256.6771721594704 c
87.43015311231542 256.6771721594704 69.44494242439293 260.7821791345207 c
69.44494242439293 260.7821791345207 55.02192328734739 249.28020518538523 c
55.02192328734739 249.28020518538523 35.39944318826501 246.84145898781156 d
35.39944318826501 246.84145898781156 27.510961643673696 254.72994053240288 c
27.510961643673696 254.72994053240288 19.622480099082384 246.84145898781156 c
19.622480099082384 246.84145898781156 27.510961643673696 238.95297744322025 c
27.510961643673696 238.95297744322025 35.39944318826501 246.84145898781156 c
55.02192328734739 249.28020518538523 55.02192328734739 246.84145898781156 c
55.02192328734739 246.84145898781156 27.510961643673696 274.35242063148524 c
27.510961643673696 274.35242063148524 37.51298797711997 280.78863183808136 d
21.97459959185802 274.3524206314853 37.51298797711997 280.78863183808136 c
37.51298797711997 280.78863183808136 43.94919918371605 296.3270202233433 c
43.94919918371605 296.3270202233433 43.94919918371605 279.85923758859406 c
43.94919918371605 279.85923758859406 60.897439074847156 274.3524206314853 c
60.897439074847156 274.3524206314853 71.372027377053 288.76945459502025 c
71.372027377053 288.76945459502025 60.897439074847156 303.1864885585552 c
60.897439074847156 303.1864885585552 43.94919918371605 297.6796716014465 c
43.94919918371605 297.6796716014465 43.94919918371605 296.3270202233433 c
43.94919918371605 296.3270202233433 37.51298797711998 311.86540860860526 c
37.51298797711998 311.86540860860526 21.974599591858023 318.3016198152013 c
21.974599591858023 318.3016198152013 6.436211206596077 311.86540860860526 c
6.436211206596077 311.86540860860526 0.0 296.3270202233433 c
0.0 296.3270202233433 6.436211206596072 280.78863183808136 c
6.436211206596072 280.78863183808136 21.97459959185802 274.3524206314853 c
27.510961643673696 274.35242063148524 16.037938008094745 292.0137831083636 d
24.242202537149815 289.34805596976867 29.312716868800997 296.3270202233433 c
29.312716868800997 296.3270202233433 24.242202537149815 303.30598447691796 c
24.242202537149815 303.30598447691796 16.037938008094745 300.640257338323 c
16.037938008094745 300.640257338323 16.037938008094745 292.0137831083636 c
16.037938008094745 292.0137831083636 24.242202537149815 289.34805596976867 c
27.510961643673696 274.35242063148524 0.0 246.84145898781156 c
0.0 246.84145898781156 27.510961643673692 219.33049734413788 c
27.510961643673692 219.33049734413788 55.02192328734739 246.84145898781156 c
55.02192328734739 246.84145898781156 55.02192328734739 230.83247129327336 c
55.02192328734739 230.83247129327336 69.44494242439293 219.33049734413788 c
69.44494242439293 219.33049734413788 87.43015311231542 223.43550431918817 c
87.45799409221146 219.33049734413788 54.58776783547084 208.65031341369084 c
54.58776783547084 208.65031341369084 75.38049877508071 196.55238124693565 d
72.38811055173322 191.36941280812704 75.38049877508071 186.18644436931842 c
75.38049877508071 186.18644436931842 81.36527522177569 186.18644436931842 c
81.36527522177569 186.18644436931842 84.35766344512318 191.36941280812704 c
84.35766344512318 191.36941280812704 81.36527522177569 196.55238124693565 c
81.36527522177569 196.55238124693565 75.38049877508071 196.55238124693565 c
75.38049877508071 196.55238124693565 72.38811055173322 191.36941280812704 c
54.58776783547084 208.65031341369084 54.58776783547084 174.08851220256324 c
54.587767835470835 187.04552511281858 40.94082587660313 210.682721953521 c
40.94082587660313 210.682721953521 27.293883917735418 193.23353096948318 d
27.293883917735418 193.23353096948318 21.10587806107081 187.04552511281858 c
21.10587806107081 187.04552511281858 27.293883917735418 180.85751925615398 c
27.293883917735418 180.85751925615398 33.481889774400024 187.04552511281858 c
33.481889774400024 187.04552511281858 27.293883917735418 193.23353096948318 c
40.94082587660313 210.682721953521 13.646941958867714 210.682721953521 c
13.646941958867714 210.682721953521 0.0 187.04552511281858 c
0.0 187.04552511281858 13.646941958867696 163.40832827211617 c
13.646941958867696 163.40832827211617 40.94082587660313 163.40832827211617 c
51.348437329482124 149.74474565337698 38.63951613284225 127.73224843140768 c
38.63951613284225 127.73224843140768 38.63951613284226 125.03950927585952 d
38.63951613284226 125.03950927585952 19.31975806642113 144.35926734228065 c
38.63951613284226 125.03950927585952 56.150342047035004 127.73224843140768 d
56.150342047035004 127.73224843140768 60.10385028657849 120.88457129237617 c
60.10385028657849 120.88457129237617 68.01086676566548 120.88457129237617 c
68.01086676566548 120.88457129237617 71.96437500520898 127.73224843140768 c
71.96437500520898 127.73224843140768 68.01086676566548 134.5799255704392 c
68.01086676566548 134.5799255704392 60.1038502865785 134.5799255704392 c
60.1038502865785 134.5799255704392 56.150342047035004 127.73224843140768 c
19.31975806642113 144.35926734228065 0.0 125.03950927585952 c
0.0 125.03950927585952 19.319758066421127 105.71975120943839 c
19.319758066421127 105.71975120943839 38.63951613284226 125.03950927585952 c
38.63951613284225 127.73224843140768 51.34843732948211 105.71975120943839 c
51.34843732948211 105.71975120943839 76.76627972276185 105.71975120943839 c
83.27330196385854 101.77691340955104 56.82981390920148 75.33342535489398 c
56.829813909201484 77.30484425483765 28.414906954600742 105.71975120943839 c
28.414906954600742 105.71975120943839 0.0 77.30484425483765 c
0.0 77.30484425483765 28.41490695460074 48.88993730023691 c
24.444968650118454 48.88993730023691 0.0 24.444968650118458 c
0.0 24.444968650118458 24.44496865011845 0.0 c
12.222484325059229 12.222484325059225 0.0 0.0 d
