Processando arquivo: art_19_hole_sep.txt

Tempo de Inicio (hh:mm:ss.ms) 2026-04-26 15:04:57.341400
Tempo de Termino (hh:mm:ss.ms) 2026-04-26 15:04:59.849512
Tempo Total (hh:mm:ss.ms) 0:00:02.508112

Função Objetivo: 355.6781831751566

0.0 0.0 14.079637572129958 14.079637572129954 d
28.159275144259908 0.0 56.31855028851982 28.15927514425991 c
56.31855028851982 28.15927514425991 35.189250773247416 28.15927514425991 d
35.189250773247416 28.15927514425991 30.33165708365876 34.84517927560459 c
30.33165708365876 34.84517927560459 22.47190539036731 32.29139114295427 c
22.47190539036731 32.29139114295427 22.47190539036731 24.027159145565555 c
22.47190539036731 24.027159145565555 30.331657083658758 21.473371012915226 c
30.331657083658758 21.473371012915226 35.189250773247416 28.15927514425991 c
56.31855028851982 28.15927514425991 28.15927514425991 56.31855028851982 c
26.631544696148758 65.83171175864396 28.15927514425991 56.31855028851982 d
26.631544696148758 65.83171175864396 53.26308939229752 92.46325645479273 c
53.26308939229752 92.46325645479273 65.26308939229753 77.77453093302373 d
65.26308939229753 96.92932566868114 65.26308939229753 77.77453093302373 c
65.26308939229753 77.77453093302373 80.23891095684738 65.83171175864396 c
80.23891095684738 65.83171175864396 98.91345499675327 70.09405457296394 c
98.91345499675327 70.09405457296394 107.22440895868964 87.35192830085244 c
115.22440895868962 82.71732667798594 107.22440895868964 87.35192830085244 d
115.22440895868962 82.71732667798594 120.17009106406014 70.77739386401448 c
103.72339232278746 56.831711758643955 120.17009106406014 70.77739386401448 d
103.72339232278746 56.831711758643955 70.31855028851982 45.977820632161496 c
70.31855028851982 45.977820632161496 70.31855028851982 10.85389112648247 c
70.31855028851982 10.85389112648247 103.72339232278746 0.0 c
103.72339232278746 0.0 124.36872008878605 28.415855879321978 c
124.36872008878605 28.415855879321978 136.36872008878606 21.15407140418097 d
136.36872008878606 21.15407140418097 142.56460415336625 6.195884064580175 c
142.56460415336625 6.195884064580175 157.52279149296703 0.0 c
157.52279149296703 0.0 172.4809788325678 6.19588406458017 c
172.4809788325678 6.19588406458017 178.676862897148 21.154071404180968 c
188.676862897148 26.211125911568836 178.676862897148 21.154071404180968 d
188.676862897148 26.211125911568836 188.676862897148 0.0 c
188.676862897148 0.0 211.37636379835917 13.105562955784416 c
220.37636379835917 0.0 211.37636379835917 13.105562955784416 d
220.37636379835917 0.0 256.39827143707157 20.797258071934436 c
229.26317278755107 15.3924046864402 220.37636379835917 0.0 d
238.62465345868776 20.797258071934436 229.26317278755107 26.202111457428675 c
229.26317278755107 26.202111457428675 229.26317278755107 15.3924046864402 c
229.26317278755107 15.3924046864402 238.62465345868776 20.797258071934436 c
256.39827143707157 20.797258071934436 220.37636379835917 41.59451614386889 c
220.37636379835917 41.59451614386889 220.37636379835917 0.0 c
211.37636379835917 13.105562955784416 188.676862897148 26.211125911568836 c
178.676862897148 21.154071404180968 172.4809788325678 36.11225874378176 c
172.4809788325678 36.11225874378176 157.52279149296703 42.308142808361936 c
157.52279149296703 42.308142808361936 142.56460415336625 36.112258743781766 c
142.56460415336625 36.112258743781766 136.36872008878606 21.15407140418097 c
124.36872008878605 28.415855879321978 103.72339232278746 56.831711758643955 c
120.17009106406014 70.77739386401448 132.1100238780316 65.83171175864396 c
132.1100238780316 65.83171175864396 144.04995669200304 70.77739386401448 c
144.04995669200304 70.77739386401448 148.99563879737357 82.71732667798594 c
148.99563879737357 82.71732667798594 144.04995669200304 94.65725949195739 c
144.04995669200304 94.65725949195739 132.1100238780316 99.60294159732791 c
132.1100238780316 99.60294159732791 120.17009106406014 94.65725949195739 c
120.17009106406014 94.65725949195739 115.22440895868962 82.71732667798594 c
107.22440895868964 87.35192830085244 98.91345499675327 104.60980202874093 c
98.91345499675327 104.60980202874093 80.23891095684739 108.87214484306091 c
80.23891095684739 108.87214484306091 65.26308939229753 96.92932566868114 c
53.26308939229752 92.46325645479273 26.63154469614876 119.09480115094149 c
26.63154469614876 119.09480115094149 26.791553408811314 134.0948011509415 d
26.791553408811314 134.0948011509415 45.736042502703356 141.94186546586076 c
45.736042502703356 141.94186546586076 53.583106817622635 160.88635455975282 c
53.583106817622635 160.88635455975282 63.583106817622635 149.00921478877208 d
63.583106817622635 149.00921478877208 82.2851899789579 134.0948011509415 c
82.2851899789579 134.0948011509415 105.60630622817088 139.41769375031845 c
105.60630622817088 139.41769375031845 115.98517936552818 160.96964589235074 c
122.9851793655282 160.6925541891468 115.98517936552818 160.96964589235074 d
122.9851793655282 160.6925541891468 122.98517936552818 144.30948051184157 c
132.65240352588253 152.50101735049418 122.9851793655282 160.6925541891468 d
132.65240352588253 152.50101735049418 139.99508088180087 145.15833999457584 c
139.99508088180087 145.15833999457584 147.3377582377192 152.50101735049418 c
147.3377582377192 152.50101735049418 139.99508088180087 159.84369470641252 c
139.99508088180087 159.84369470641252 132.65240352588253 152.50101735049418 c
122.98517936552818 144.30948051184157 135.7939821460387 134.0948011509415 c
135.7939821460387 134.0948011509415 151.7662979613749 137.74037800669055 c
151.7662979613749 137.74037800669055 158.87464722672254 152.50101735049418 c
166.87464722672254 147.51576551400294 158.87464722672254 152.50101735049418 d
166.87464722672254 147.51576551400294 174.62324461452044 134.0948011509415 c
174.62324461452044 134.0948011509415 190.12043939011625 134.0948011509415 c
190.12043939011625 134.0948011509415 190.15180807096095 118.14405030581864 d
190.15180807096095 118.14405030581864 171.65660340774414 110.48308569544812 c
190.15180807096095 118.14405030581864 193.85619036248275 98.40405937180547 d
186.44742577943916 98.40405937180547 182.74304348791736 91.9878810322313 c
182.74304348791736 91.9878810322313 186.44742577943916 85.57170269265713 c
186.44742577943916 85.57170269265713 193.85619036248275 85.57170269265713 c
193.85619036248275 85.57170269265713 197.56057265400455 91.9878810322313 c
197.56057265400455 91.9878810322313 193.85619036248275 98.40405937180547 c
193.85619036248275 98.40405937180547 186.44742577943916 98.40405937180547 c
171.65660340774414 110.48308569544812 163.9956387973736 91.9878810322313 c
163.9956387973736 91.9878810322313 171.65660340774411 73.49267636901448 c
171.65660340774411 73.49267636901448 190.15180807096095 65.83171175864396 c
190.15180807096095 65.83171175864396 208.64701273417776 73.49267636901448 c
208.64701273417776 73.49267636901448 216.3079773445483 91.9878810322313 c
229.30797734454828 91.86135369330778 216.3079773445483 91.9878810322313 d
229.30797734454828 91.86135369330778 229.30797734454828 75.82821205924117 c
229.30797734454828 75.82821205924117 241.84319223693046 65.83171175864396 c
241.84319223693046 65.83171175864396 257.4743495359465 69.39942140931032 c
257.4743495359465 69.39942140931032 264.4308689779367 83.84478287627446 c
264.4308689779367 83.84478287627446 257.4743495359465 98.29014434323861 c
257.4743495359465 98.29014434323861 241.84319223693046 101.85785399390497 c
241.84319223693046 101.85785399390497 229.30797734454828 91.86135369330778 c
216.3079773445483 91.9878810322313 208.64701273417776 110.48308569544812 c
208.64701273417776 110.48308569544812 190.15180807096095 118.14405030581864 c
190.12043939011625 134.0948011509415 197.86903677791415 147.51576551400294 c
209.86903677791412 158.2066700895856 197.86903677791415 147.51576551400294 d
209.86903677791412 158.2066700895856 223.79003080030526 134.0948011509415 c
223.79003080030526 134.0948011509415 251.6320188450876 134.0948011509415 c
251.6320188450876 134.0948011509415 265.55301286747874 158.2066700895856 c
265.55301286747874 158.2066700895856 244.9718757836137 158.2066700895856 d
244.9718757836137 158.2066700895856 239.95475116324354 165.1121497098139 c
239.95475116324354 165.1121497098139 231.8368730016907 162.4744912035064 c
231.8368730016907 162.4744912035064 231.8368730016907 153.9388489756648 c
231.8368730016907 153.9388489756648 239.95475116324354 151.3011904693573 c
239.95475116324354 151.3011904693573 244.9718757836137 158.2066700895856 c
265.55301286747874 158.2066700895856 251.6320188450876 182.3185390282297 c
251.6320188450876 182.3185390282297 223.7900308003053 182.3185390282297 c
223.7900308003053 182.3185390282297 209.86903677791412 158.2066700895856 c
187.71234790187358 147.51576551400294 197.86903677791415 147.51576551400294 d
187.71234790187358 147.51576551400294 184.0221490838406 152.59488845008764 c
184.0221490838406 152.59488845008764 178.0512819710185 150.65483612154244 c
178.0512819710185 150.65483612154244 178.05128197101848 144.37669490646343 c
178.05128197101848 144.37669490646343 184.0221490838406 142.43664257791824 c
184.0221490838406 142.43664257791824 187.71234790187358 147.51576551400294 c
197.86903677791415 147.51576551400294 190.12043939011625 160.93672987706438 c
190.12043939011625 160.93672987706438 174.62324461452044 160.93672987706438 c
174.62324461452044 160.93672987706438 166.87464722672254 147.51576551400294 c
158.87464722672254 152.50101735049418 151.7662979613749 167.2616566942978 c
151.7662979613749 167.2616566942978 135.7939821460387 170.90723355004687 c
135.7939821460387 170.90723355004687 122.9851793655282 160.6925541891468 c
115.98517936552818 160.96964589235074 95.31214060842183 160.96964589235074 d
95.31214060842183 160.96964589235074 90.54923434951016 167.52522395601576 c
90.54923434951016 167.52522395601576 82.84269013736144 165.02121595159895 c
82.84269013736144 165.02121595159895 82.84269013736144 156.91807583310253 c
82.84269013736144 156.91807583310253 90.54923434951016 154.41406782868572 c
90.54923434951016 154.41406782868572 95.31214060842183 160.96964589235074 c
115.98517936552818 160.96964589235074 105.6063062281709 182.52159803438303 c
105.6063062281709 182.52159803438303 91.56147117922664 199.84449063376 d
91.56147117922664 199.84449063376 119.63554762449755 227.91856707903088 c
132.63554762449755 213.27558523353014 119.63554762449755 227.91856707903088 d
132.63554762449755 213.27558523353014 140.38999370718616 199.84449063376 c
140.38999370718616 199.84449063376 155.89888587256343 199.84449063376 c
155.89888587256343 199.84449063376 163.65333195525207 213.27558523353014 c
163.65333195525207 213.27558523353014 178.65333195525207 227.0015544331503 d
178.65333195525207 227.0015544331503 205.81039575464237 199.84449063376 c
205.81039575464237 199.84449063376 232.96745955403267 227.0015544331503 c
232.96745955403267 227.0015544331503 244.96745955403267 224.75598726292378 d
244.96745955403267 224.75598726292378 252.26386798720893 207.14089906693624 c
252.26386798720893 207.14089906693624 269.87895618319646 199.84449063376 c
269.87895618319646 199.84449063376 287.494044379184 207.14089906693624 c
287.494044379184 207.14089906693624 294.7904528123603 224.75598726292378 c
294.7904528123603 224.75598726292378 287.494044379184 242.37107545891132 c
287.494044379184 242.37107545891132 269.87895618319646 249.66748389208757 c
269.87895618319646 249.66748389208757 280.2761943948034 260.9926435243018 d
280.2761943948034 260.9926435243018 297.2326535826669 260.9926435243018 c
297.2326535826669 260.9926435243018 305.7108831765986 275.67736793922563 c
305.7108831765986 275.67736793922563 297.2326535826669 290.36209235414947 c
297.2326535826669 290.36209235414947 280.2761943948034 290.36209235414947 c
280.2761943948034 290.36209235414947 271.7979648008717 275.67736793922563 c
265.7979648008717 286.4651002964638 271.7979648008717 275.67736793922563 d
265.7979648008717 286.4651002964638 258.33725494578664 304.47684721354074 c
258.33725494578664 304.47684721354074 240.3255080287097 311.9375570686258 c
240.3255080287097 311.9375570686258 222.31376111163274 304.47684721354074 c
222.31376111163274 304.47684721354074 214.8530512565477 286.4651002964638 c
214.8530512565477 286.4651002964638 222.31376111163274 268.45335337938684 c
222.31376111163274 268.45335337938684 240.3255080287097 260.9926435243018 c
240.3255080287097 260.9926435243018 258.33725494578664 268.45335337938684 c
258.33725494578664 268.45335337938684 265.7979648008717 286.4651002964638 c
271.7979648008717 275.67736793922563 280.2761943948034 260.9926435243018 c
269.87895618319646 249.66748389208757 252.26386798720893 242.37107545891132 c
252.26386798720893 242.37107545891132 244.96745955403267 224.75598726292378 c
232.96745955403267 227.0015544331503 205.81039575464237 254.1586182325406 c
205.81039575464237 254.1586182325406 178.65333195525207 227.0015544331503 c
163.65333195525207 213.27558523353014 155.89888587256343 226.70667983330029 c
155.89888587256343 226.70667983330029 140.3899937071862 226.70667983330029 c
140.3899937071862 226.70667983330029 132.63554762449755 213.27558523353014 c
119.63554762449755 227.91856707903088 91.56147117922664 255.99264352430177 c
98.3320971807521 260.9926435243018 91.56147117922664 255.99264352430177 d
98.3320971807521 260.9926435243018 121.97326282423214 260.9926435243018 c
121.97326282423214 260.9926435243018 133.79384564597214 281.4664935466314 c
133.79384564597214 281.4664935466314 146.79384564597214 288.52224632958956 d
146.79384564597214 288.52224632958956 174.32344845125994 260.9926435243018 c
174.32344845125994 260.9926435243018 201.85305125654773 288.52224632958956 c
201.85305125654773 288.52224632958956 174.32344845125994 316.05184913487733 c
174.32344845125994 316.05184913487733 176.67840729708533 323.0518491348774 d
176.67840729708533 323.0518491348774 195.25334192649572 330.74583897857286 c
195.25334192649572 330.74583897857286 202.94733177019117 349.32077360798326 c
212.94733177019117 348.16421757523085 202.94733177019117 349.32077360798326 d
212.94733177019117 348.16421757523085 238.05970021054463 323.0518491348774 c
238.05970021054463 323.0518491348774 263.1720686508981 348.16421757523085 c
263.1720686508981 348.16421757523085 238.05970021054463 373.2765860155843 c
238.05970021054463 373.2765860155843 232.03386329731015 352.5422443595202 d
240.36136510073646 355.2480137158685 232.03386329731015 352.5422443595202 c
232.03386329731015 352.5422443595202 232.03386329731015 343.7861907909415 c
232.03386329731015 343.7861907909415 240.36136510073646 341.0804214345932 c
240.36136510073646 341.0804214345932 245.50804425662994 348.16421757523085 c
245.50804425662994 348.16421757523085 240.36136510073646 355.2480137158685 c
238.05970021054463 373.2765860155843 212.94733177019117 348.16421757523085 c
202.94733177019117 349.32077360798326 195.25334192649572 367.89570823739365 c
205.3230337331329 382.58969808108907 195.25334192649572 367.89570823739365 d
205.3230337331329 382.58969808108907 244.42054005595494 405.1626538812135 c
244.42054005595494 405.1626538812135 205.32303373313292 427.7356096813379 c
205.32303373313292 427.7356096813379 192.7017857679009 442.9176337754404 d
192.7017857679009 442.9176337754404 208.4355471159588 449.43477111294754 c
208.4355471159588 449.43477111294754 214.95268445346596 465.16853246100544 c
214.95268445346596 465.16853246100544 228.95268445346596 463.3056344417285 d
228.95268445346596 463.3056344417285 234.9241915937859 448.8891409157603 c
234.9241915937859 448.8891409157603 249.34068511975408 442.9176337754404 c
249.34068511975408 442.9176337754404 257.420540055955 431.27652351279914 d
257.420540055955 431.27652351279914 257.4205400559549 382.58969808108907 c
257.4205400559549 382.58969808108907 299.5845677094342 406.9331107969441 c
299.5845677094342 406.9331107969441 278.80977391955093 406.9331107969441 d
278.80977391955093 406.9331107969441 273.7417190022192 413.9086899571145 c
273.7417190022192 413.9086899571145 265.54143388912547 411.2442558091449 c
265.54143388912547 411.2442558091449 265.54143388912547 402.62196578474334 c
265.54143388912547 402.62196578474334 273.7417190022192 399.9575316367737 c
273.7417190022192 399.9575316367737 278.80977391955093 406.9331107969441 c
299.5845677094342 406.9331107969441 257.420540055955 431.27652351279914 c
249.34068511975408 442.9176337754404 263.75717864572226 448.8891409157603 c
263.75717864572226 448.8891409157603 269.7286857860422 463.3056344417285 c
269.7286857860422 463.3056344417285 263.75717864572226 477.7221279676967 c
263.75717864572226 477.7221279676967 249.34068511975408 483.6936351080166 c
249.34068511975408 483.6936351080166 234.9241915937859 477.7221279676967 c
234.9241915937859 477.7221279676967 228.95268445346596 463.3056344417285 c
214.95268445346596 465.16853246100544 208.4355471159588 480.90229380906334 c
208.4355471159588 480.90229380906334 199.72529457446203 465.16853246100544 d
199.72529457446203 465.16853246100544 192.7017857679009 472.19204126756654 c
192.7017857679009 472.19204126756654 185.67827696133978 465.16853246100544 c
185.67827696133978 465.16853246100544 192.7017857679009 458.14502365444434 c
192.7017857679009 458.14502365444434 199.72529457446203 465.16853246100544 c
208.4355471159588 480.90229380906334 192.7017857679009 487.4194311465705 c
192.7017857679009 487.4194311465705 176.968024419843 480.90229380906334 c
176.968024419843 480.90229380906334 170.45088708233584 465.16853246100544 c
156.45088708233584 468.22337025987366 170.45088708233584 465.16853246100544 d
156.45088708233584 468.22337025987366 138.0651933238982 493.52910674430694 c
130.86978980973194 507.52910674430694 138.0651933238982 493.52910674430694 d
130.86978980973194 507.52910674430694 140.42418123691436 524.0777981315874 c
140.42418123691436 524.0777981315874 130.86978980973194 540.6264895188679 c
130.86978980973194 540.6264895188679 111.7610069553671 540.6264895188679 c
111.7610069553671 540.6264895188679 102.20661552818467 524.0777981315874 c
82.60111356745249 534.3719392953102 102.20661552818467 524.0777981315874 d
87.20661552818467 523.2532740001747 82.60111356745249 534.3719392953102 c
76.89801159673613 523.2532740001747 87.20661552818467 523.2532740001747 d
71.48244827231696 528.6688373245938 66.06688494789779 523.2532740001747 c
66.06688494789779 523.2532740001747 71.48244827231696 517.8377106757555 c
71.48244827231696 517.8377106757555 76.89801159673613 523.2532740001747 c
76.89801159673613 523.2532740001747 71.48244827231696 528.6688373245938 c
82.60111356745249 534.3719392953102 71.48244827231696 538.9774412560424 c
71.48244827231696 538.9774412560424 60.36378297718143 534.3719392953102 c
60.36378297718143 534.3719392953102 55.758281016449246 523.2532740001747 c
44.758281016449246 529.9082472525315 55.758281016449246 523.2532740001747 d
44.758281016449246 529.9082472525315 38.203582518716814 545.7326892630236 c
38.203582518716814 545.7326892630236 22.379140508224623 552.2873877607561 c
22.379140508224623 552.2873877607561 6.554698497732433 545.7326892630238 c
6.554698497732433 545.7326892630238 0.0 529.9082472525315 c
0.0 529.9082472525315 6.55469849773243 514.0838052420394 c
6.55469849773243 514.0838052420394 22.37914050822462 507.5291067443069 c
22.37914050822462 507.5291067443069 38.20358251871681 514.0838052420393 c
38.20358251871681 514.0838052420393 44.758281016449246 529.9082472525315 c
55.758281016449246 523.2532740001747 60.36378297718143 512.1346087050391 c
60.36378297718143 512.1346087050391 71.48244827231696 507.52910674430694 c
71.48244827231696 507.52910674430694 82.60111356745249 512.1346087050391 c
82.60111356745249 512.1346087050391 87.20661552818467 523.2532740001747 c
102.20661552818467 524.0777981315874 111.76100695536708 507.52910674430694 c
111.76100695536708 507.52910674430694 130.86978980973194 507.52910674430694 c
138.0651933238982 493.52910674430694 123.8872611263605 472.5503669295385 d
132.11769788370484 475.224597940599 123.8872611263605 472.5503669295385 c
123.8872611263605 472.5503669295385 123.8872611263605 463.89637359020884 c
123.8872611263605 463.89637359020884 132.11769788370484 461.22214257914834 c
132.11769788370484 461.22214257914834 137.20438754200012 468.22337025987366 c
137.20438754200012 468.22337025987366 132.11769788370484 475.224597940599 c
138.0651933238982 493.52910674430694 108.31651591599928 483.8631755176017 c
96.31651591599929 467.30033358231094 108.31651591599928 483.8631755176017 d
96.31651591599929 467.30033358231094 71.9338161091287 491.6830333891815 c
71.9338161091287 491.6830333891815 47.55111630225811 467.30033358231094 c
47.55111630225811 467.30033358231094 36.55111630225811 461.6631819567716 d
36.55111630225811 461.6631819567716 29.311719448572184 476.6959444217289 c
29.311719448572184 476.6959444217289 13.044942375123496 480.40873013810284 c
13.044942375123496 480.40873013810284 3.552713678800501e-15 470.00573573443745 c
3.552713678800501e-15 470.00573573443745 0.0 453.32062817910577 c
0.0 453.32062817910577 13.04494237512349 442.9176337754404 c
13.04494237512349 442.9176337754404 18.555334882388607 435.9176337754403 d
18.555334882388607 435.9176337754403 3.552713678800501e-15 421.12024798493405 c
3.552713678800501e-15 421.12024798493405 0.0 397.3870838715954 c
0.0 397.3870838715954 18.5553348823886 382.58969808108907 c
22.507346236082064 368.06654160704153 18.5553348823886 382.58969808108907 d
22.507346236082064 368.06654160704153 0.0 345.55919537095946 c
0.0 345.55919537095946 22.50734623608206 323.0518491348774 c
22.50734623608206 323.0518491348774 45.01469247216413 345.55919537095946 c
45.01469247216413 345.55919537095946 62.53856145249479 348.60189655274775 d
62.53856145249479 348.60189655274775 66.15229033958704 342.3427345155246 c
66.15229033958704 342.3427345155246 73.37974811377154 342.3427345155246 c
73.37974811377154 342.3427345155246 76.99347700086379 348.60189655274775 c
76.99347700086379 348.60189655274775 73.37974811377154 354.86105858997087 c
73.37974811377154 354.86105858997087 66.15229033958704 354.86105858997087 c
66.15229033958704 354.86105858997087 62.53856145249479 348.60189655274775 c
45.01469247216413 345.55919537095946 22.507346236082064 368.06654160704153 c
18.5553348823886 382.58969808108907 41.69345902087444 387.8708239253276 c
41.69345902087444 387.8708239253276 55.01469247216414 374.1519439706181 d
55.01469247216414 374.1519439706181 55.01469247216412 323.0518491348774 c
55.01469247216412 323.0518491348774 99.2686727357096 348.60189655274775 c
107.2686727357096 341.1222541790123 99.2686727357096 348.60189655274775 d
107.2686727357096 341.1222541790123 112.56137183434913 328.3445482335169 c
112.56137183434913 328.3445482335169 125.33907777984454 323.0518491348774 c
125.33907777984454 323.0518491348774 138.11678372533996 328.3445482335169 c
138.11678372533996 328.3445482335169 143.4094828239795 341.1222541790123 c
143.4094828239795 341.1222541790123 138.11678372533996 353.89996012450774 c
138.11678372533996 353.89996012450774 125.33907777984454 359.19265922314725 c
125.33907777984454 359.19265922314725 112.56137183434913 353.89996012450774 c
112.56137183434913 353.89996012450774 107.2686727357096 341.1222541790123 c
99.2686727357096 348.60189655274775 55.01469247216414 374.1519439706181 c
41.69345902087444 387.8708239253276 51.99089300746047 409.2536659282647 c
57.99089300746047 398.9561439525523 51.99089300746047 409.2536659282647 d
57.99089300746047 398.9561439525523 62.78451401928947 387.38331909291804 c
62.78451401928947 387.38331909291804 74.35733887892368 382.58969808108907 c
74.35733887892368 382.58969808108907 85.9301637385579 387.38331909291804 c
85.9301637385579 387.38331909291804 90.7237847503869 398.9561439525523 c
90.7237847503869 398.9561439525523 85.9301637385579 410.5289688121865 c
85.9301637385579 410.5289688121865 74.35733887892368 415.3225898240155 c
74.35733887892368 415.3225898240155 62.784514019289475 410.5289688121865 c
62.784514019289475 410.5289688121865 57.99089300746047 398.9561439525523 c
51.99089300746047 409.2536659282647 30.908899348626523 409.2536659282647 d
30.908899348626523 409.2536659282647 24.641211544855224 415.521353732036 c
24.641211544855224 415.521353732036 18.373523741083925 409.2536659282647 c
18.373523741083925 409.2536659282647 24.641211544855224 402.9859781244934 c
24.641211544855224 402.9859781244934 30.908899348626523 409.2536659282647 c
51.99089300746047 409.2536659282647 41.69345902087444 430.6365079312017 c
41.69345902087444 430.6365079312017 18.555334882388607 435.9176337754403 c
13.04494237512349 442.9176337754404 29.31171944857218 446.63041949181434 c
29.31171944857218 446.63041949181434 36.55111630225811 461.6631819567716 c
47.55111630225811 467.30033358231094 71.9338161091287 442.9176337754404 c
71.9338161091287 442.9176337754404 96.31651591599929 467.30033358231094 c
108.31651591599928 483.8631755176017 108.31651591599928 452.58356500214563 c
108.31651591599928 452.58356500214563 138.0651933238982 442.9176337754404 c
138.0651933238982 442.9176337754404 156.45088708233584 468.22337025987366 c
170.45088708233584 465.16853246100544 176.968024419843 449.43477111294754 c
176.968024419843 449.43477111294754 192.7017857679009 442.9176337754404 c
205.32303373313292 427.7356096813379 205.3230337331329 382.58969808108907 c
195.25334192649572 367.89570823739365 176.67840729708533 375.5896980810891 c
175.7791644624379 382.58969808108907 176.67840729708533 375.5896980810891 d
175.7791644624379 382.58969808108907 200.3230337331329 407.13356735178405 c
200.3230337331329 407.13356735178405 175.7791644624379 431.67743662247904 c
175.7791644624379 431.67743662247904 170.91412243055908 410.6682272884776 d
177.63744516191878 412.8527672680268 170.91412243055908 410.6682272884776 c
170.91412243055908 410.6682272884776 170.91412243055908 403.5989074150905 c
170.91412243055908 403.5989074150905 177.63744516191878 401.4143674355413 c
177.63744516191878 401.4143674355413 181.79268712723382 407.13356735178405 c
181.79268712723382 407.13356735178405 177.63744516191878 412.8527672680268 c
175.7791644624379 431.67743662247904 151.23529519174292 407.13356735178405 c
138.23529519174292 401.3602273861673 151.23529519174292 407.13356735178405 d
138.23529519174292 401.3602273861673 105.72378475038691 420.13075669124555 c
113.36326993643786 406.8987802053355 105.72378475038691 420.13075669124555 d
113.36326993643786 406.8987802053355 113.36326993643786 395.8216745669991 c
113.36326993643786 395.8216745669991 122.95632481964103 401.3602273861673 c
122.95632481964103 401.3602273861673 113.36326993643786 406.8987802053355 c
105.72378475038691 420.13075669124555 105.7237847503869 382.58969808108907 c
105.7237847503869 382.58969808108907 138.23529519174292 401.3602273861673 c
151.23529519174292 407.13356735178405 175.7791644624379 382.58969808108907 c
176.67840729708533 375.5896980810891 158.10347266767494 367.89570823739365 c
158.10347266767494 367.89570823739365 150.4094828239795 349.32077360798326 c
131.25717670179077 341.1222541790123 150.4094828239795 349.32077360798326 d
131.25717670179077 341.1222541790123 128.29812724081765 346.24747818752707 c
128.29812724081765 346.24747818752707 122.38002831887144 346.24747818752707 c
122.38002831887144 346.24747818752707 119.42097885789832 341.1222541790123 c
119.42097885789832 341.1222541790123 122.38002831887142 335.99703017049757 c
122.38002831887142 335.99703017049757 128.29812724081765 335.99703017049757 c
128.29812724081765 335.99703017049757 131.25717670179077 341.1222541790123 c
150.4094828239795 349.32077360798326 158.10347266767494 330.74583897857286 c
158.10347266767494 330.74583897857286 176.67840729708533 323.0518491348774 c
174.32344845125994 316.05184913487733 146.79384564597214 288.52224632958956 c
133.79384564597214 281.4664935466314 121.97326282423214 301.940343568961 c
121.97326282423214 301.940343568961 98.33209718075211 301.940343568961 c
98.33209718075211 301.940343568961 86.5115143590121 281.4664935466314 c
86.5115143590121 281.4664935466314 98.3320971807521 260.9926435243018 c
91.56147117922664 255.99264352430177 63.48739473395574 227.91856707903088 c
54.487394733955746 227.08818800073786 63.48739473395574 227.91856707903088 d
54.487394733955746 227.08818800073786 27.243697366977873 254.33188536771573 c
27.243697366977873 254.33188536771573 28.784728839919246 265.931322214768 d
16.861703765192726 260.9926435243018 28.784728839919246 265.931322214768 c
28.784728839919246 265.931322214768 33.72340753038546 277.8543472894945 c
38.72340753038546 271.17847401925115 33.72340753038546 277.8543472894945 d
38.72340753038546 271.17847401925115 51.496034977207266 260.9926435243018 c
51.496034977207266 260.9926435243018 67.42324088927597 264.62792433899966 c
67.42324088927597 264.62792433899966 74.5115143590121 279.3468758636628 c
74.5115143590121 279.3468758636628 67.42324088927597 294.0658273883259 c
57.79868852677419 285.85131316053935 67.42324088927597 294.0658273883259 d
57.79868852677419 285.85131316053935 50.15226389164385 283.366839190825 c
50.15226389164385 283.366839190825 50.15226389164385 275.3269125365006 c
50.15226389164385 275.3269125365006 57.79868852677419 272.8424385667862 c
57.79868852677419 272.8424385667862 62.524438843699265 279.3468758636628 c
62.524438843699265 279.3468758636628 57.79868852677419 285.85131316053935 c
67.42324088927597 294.0658273883259 51.496034977207266 297.70110820302375 c
51.496034977207266 297.70110820302375 38.72340753038546 287.5152777080744 c
38.72340753038546 287.5152777080744 38.72340753038546 271.17847401925115 c
33.72340753038546 277.8543472894945 28.78472883991925 289.77737236422104 c
28.78472883991925 289.77737236422104 16.86170376519273 294.7160510546872 c
16.86170376519273 294.7160510546872 4.93867869046621 289.77737236422104 c
4.93867869046621 289.77737236422104 0.0 277.8543472894945 c
0.0 277.8543472894945 4.938678690466206 265.931322214768 c
4.938678690466206 265.931322214768 16.861703765192726 260.9926435243018 c
27.243697366977873 254.33188536771573 29.37130840935626 233.6363014793781 d
29.37130840935626 233.6363014793781 21.673539343191663 231.13514469272883 c
21.673539343191663 231.13514469272883 21.673539343191663 223.0412313087469 c
21.673539343191663 223.0412313087469 29.37130840935626 220.54007452209763 c
29.37130840935626 220.54007452209763 34.12879132979352 227.08818800073786 c
34.12879132979352 227.08818800073786 29.37130840935626 233.6363014793781 c
27.243697366977873 254.33188536771573 0.0 227.08818800073786 c
0.0 227.08818800073786 27.24369736697787 199.84449063376 c
27.24369736697787 199.84449063376 54.487394733955746 227.08818800073786 c
63.48739473395574 227.91856707903088 91.56147117922664 199.84449063376 c
105.6063062281709 182.52159803438303 82.28518997895792 187.84449063376 c
82.28518997895792 187.84449063376 63.583106817622635 172.9300769959294 c
63.583106817622635 172.9300769959294 63.583106817622635 149.00921478877208 c
53.583106817622635 160.88635455975282 45.73604250270337 179.83084365364488 c
45.73604250270337 179.83084365364488 26.791553408811318 187.67790796856414 c
26.791553408811318 187.67790796856414 7.8470643149192725 179.83084365364488 c
7.8470643149192725 179.83084365364488 0.0 160.88635455975282 c
0.0 160.88635455975282 7.847064314919269 141.94186546586076 c
7.847064314919269 141.94186546586076 26.791553408811314 134.0948011509415 c
26.63154469614876 119.09480115094149 30.566236507731354 99.27834258457901 d
30.566236507731354 99.27834258457901 22.69685288456617 99.27834258457901 c
22.69685288456617 99.27834258457901 18.762161072983574 92.46325645479273 c
18.762161072983574 92.46325645479273 22.696852884566166 85.64817032500645 c
22.696852884566166 85.64817032500645 30.566236507731354 85.64817032500645 c
30.566236507731354 85.64817032500645 34.50092831931395 92.46325645479273 c
34.50092831931395 92.46325645479273 30.566236507731354 99.27834258457901 c
26.63154469614876 119.09480115094149 0.0 92.46325645479273 c
0.0 92.46325645479273 26.631544696148758 65.83171175864396 c
28.15927514425991 56.31855028851982 0.0 28.159275144259915 c
0.0 28.159275144259915 28.159275144259908 0.0 c
14.079637572129958 14.079637572129954 0.0 0.0 d
