Processando arquivo: art_18_regular_sep.txt

Tempo de Inicio (hh:mm:ss.ms) 2026-04-26 15:04:22.507053
Tempo de Termino (hh:mm:ss.ms) 2026-04-26 15:04:22.594900
Tempo Total (hh:mm:ss.ms) 0:00:00.087847

Função Objetivo: 68.30574737676092

0.0 0.0 1.2384831085700976 3.8116590743158185 d
0.0 4.214066629742001 12.96956349091655 0.0 c
12.96956349091655 0.0 20.985194547552716 11.03256966752127 c
20.985194547552716 11.03256966752127 32.985194547552716 12.520380662055944 d
32.985194547552716 12.520380662055944 36.65232914043199 3.66713459287927 c
36.65232914043199 3.66713459287927 45.50557520960866 0.0 c
45.50557520960866 0.0 54.35882127878533 3.6671345928792682 c
54.35882127878533 3.6671345928792682 63.0259558716646 0.0 d
63.0259558716646 0.0 99.63034445086795 21.133553599724703 c
99.63034445086795 21.133553599724703 63.025955871664614 42.26710719944941 c
63.025955871664614 42.26710719944941 68.02283800220307 50.267107199449406 d
68.02283800220307 50.267107199449406 79.02636386340767 69.32577305345384 c
94.02636386340765 82.10811893061876 79.02636386340767 69.32577305345384 d
94.02636386340765 82.10811893061876 94.02636386340765 57.78375044037364 c
94.02636386340765 57.78375044037364 117.16021302081978 50.26710719944941 c
117.16021302081978 50.26710719944941 131.4577180907136 69.9459346854962 c
131.4577180907136 69.9459346854962 117.16021302081978 89.62476217154298 c
117.16021302081978 89.62476217154298 94.02636386340765 82.10811893061876 c
79.02636386340767 69.32577305345384 68.02283800220307 88.38443890745828 c
68.02283800220307 88.38443890745828 64.0588871240951 103.62476217154298 d
64.0588871240951 103.62476217154298 88.22377173545667 109.14023939347722 c
88.22377173545667 109.14023939347722 98.97815712079017 131.47195075310705 c
98.97815712079017 131.47195075310705 88.22377173545668 153.80366211273687 c
88.22377173545668 153.80366211273687 64.05888712409511 159.31913933467112 c
64.05888712409511 159.31913933467112 67.85767450655726 173.31913933467112 d
67.85767450655726 173.31913933467112 78.48867042156729 191.73256439452567 c
88.48867042156729 182.23827097710702 78.48867042156729 191.73256439452567 d
88.48867042156729 182.23827097710702 93.63813347626537 173.31913933467112 c
93.63813347626537 173.31913933467112 103.93705958566152 173.31913933467112 c
103.93705958566152 173.31913933467112 109.08652264035959 182.23827097710702 c
109.08652264035959 182.23827097710702 103.93705958566152 191.15740261954292 c
103.93705958566152 191.15740261954292 93.63813347626537 191.15740261954292 c
93.63813347626537 191.15740261954292 88.48867042156729 182.23827097710702 c
78.48867042156729 191.73256439452567 67.85767450655726 210.1459894543802 c
67.85767450655726 210.1459894543802 46.5956826765372 210.14598945438024 c
46.5956826765372 210.14598945438024 35.96468676152716 191.73256439452567 c
35.96468676152716 191.73256439452567 26.96468676152716 184.99519120495737 d
26.96468676152716 184.99519120495737 20.22351507114537 196.6712430752436 c
14.859615851764598 218.14598945438024 20.22351507114537 196.6712430752436 d
14.859615851764598 218.14598945438024 24.043363507921846 230.78633369048458 c
24.043363507921846 230.78633369048458 14.859615851764602 243.42667792658892 c
14.859615851764602 243.42667792658892 1.7763568394002505e-15 238.5984960578959 c
1.7763568394002505e-15 238.5984960578959 0.0 222.97417132307328 c
0.0 222.97417132307328 14.859615851764598 218.14598945438024 c
20.22351507114537 196.6712430752436 6.741171690381793 196.6712430752436 c
6.741171690381793 196.6712430752436 0.0 184.99519120495737 c
0.0 184.99519120495737 6.741171690381784 173.31913933467115 c
6.741171690381784 173.31913933467115 20.22351507114537 173.31913933467112 c
20.22351507114537 173.31913933467112 26.96468676152716 184.99519120495737 c
35.96468676152716 191.73256439452567 46.59568267653719 173.31913933467112 c
46.59568267653719 173.31913933467112 67.85767450655726 173.31913933467112 c
64.05888712409511 159.31913933467112 44.68015427287463 143.86511557556156 c
44.68015427287463 143.86511557556156 44.68015427287463 119.07878593065256 c
44.68015427287463 119.07878593065256 34.68015427287463 121.85719824588449 d
34.68015427287463 121.85719824588449 21.43351407572642 140.089634320226 c
21.43351407572642 140.089634320226 1.7763568394002505e-15 133.12546343753723 c
1.7763568394002505e-15 133.12546343753723 0.0 110.58893305423175 c
0.0 110.58893305423175 21.433514075726414 103.62476217154298 c
21.433514075726414 103.62476217154298 34.68015427287463 121.85719824588449 c
44.68015427287463 119.07878593065256 64.0588871240951 103.62476217154298 c
68.02283800220307 88.38443890745828 46.01578627979389 88.38443890745829 c
46.01578627979389 88.38443890745829 35.01226041858929 69.32577305345384 c
27.012260418589296 64.46829291016601 35.01226041858929 69.32577305345384 d
27.012260418589296 64.46829291016601 16.694495051651646 78.66947862088261 c
16.694495051651646 78.66947862088261 0.0 73.24510835993821 c
0.0 73.24510835993821 0.0 55.69147746039382 c
0.0 55.69147746039382 16.694495051651643 50.267107199449406 c
16.694495051651643 50.267107199449406 27.012260418589296 64.46829291016601 c
35.01226041858929 69.32577305345384 46.01578627979388 50.26710719944941 c
46.01578627979388 50.26710719944941 68.02283800220307 50.267107199449406 c
63.025955871664614 42.26710719944941 63.0259558716646 0.0 c
54.35882127878533 3.6671345928792682 58.0259558716646 12.520380662055942 c
58.0259558716646 12.520380662055942 54.35882127878533 21.373626731232612 c
54.35882127878533 21.373626731232612 45.50557520960866 25.040761324111884 c
45.50557520960866 25.040761324111884 36.65232914043199 21.373626731232612 c
36.65232914043199 21.373626731232612 32.985194547552716 12.520380662055944 c
20.985194547552716 11.03256966752127 12.969563490916551 22.065139335042538 c
12.969563490916551 22.065139335042538 0.0 17.851072705300545 c
0.0 17.851072705300545 0.0 4.214066629742001 c
1.2384831085700976 3.8116590743158185 0.0 0.0 d
