Processando arquivo: art_17_irregular_sep.txt

Tempo de Inicio (hh:mm:ss.ms) 2026-04-26 15:04:03.092424
Tempo de Termino (hh:mm:ss.ms) 2026-04-26 15:04:03.539097
Tempo Total (hh:mm:ss.ms) 0:00:00.446673

Função Objetivo: 142.8125947862526

0.0 0.0 19.325852506023953 1.3041975496850036 c
19.325852506023953 1.3041975496850036 46.827649035864624 29.05328721939933 c
46.827649035864624 29.05328721939933 59.089264309890176 23.6508524929831 d
58.82764903586463 26.120532065012434 59.089264309890176 23.6508524929831 c
59.089264309890176 23.6508524929831 61.57542744385624 7.499333145337879 c
61.57542744385624 7.499333145337879 81.25499056774478 0.062451857332966654 c
81.25499056774478 0.062451857332966654 93.50504817867935 0.0 c
93.50504817867935 0.0 87.02660382126382 11.243088949914778 c
87.02660382126382 11.243088949914778 90.5230751995884 8.821495734468144 c
90.5230751995884 8.821495734468144 101.06293867963231 10.457733795786236 c
110.0629386796323 15.025730413111484 101.06293867963231 10.457733795786236 d
110.0629386796323 15.025730413111484 124.33182400525533 11.638100108105427 c
124.33182400525533 11.638100108105427 126.9892250068146 10.979956910481304 c
126.9892250068146 10.979956910481304 128.47811980977522 10.828692459344012 c
128.47811980977522 10.828692459344012 158.78721132534892 0.0 c
170.78721132534892 5.642223991059975 158.78721132534892 0.0 d
170.78721132534892 5.642223991059975 171.78426507542827 3.4981068786111305 c
171.78426507542827 3.4981068786111305 179.98969309328714 0.8796777331926542 c
179.98969309328714 0.8796777331926542 183.86156144022775 6.715298699358245 c
183.86156144022775 6.715298699358245 194.59436128084738 0.574041061348332 c
194.59436128084738 0.574041061348332 196.74867979660846 0.0 c
196.74867979660846 0.0 199.14835725252092 41.31879445169169 c
199.14835725252092 41.31879445169169 187.71128069063133 32.89118364749878 c
187.71128069063133 32.89118364749878 170.78721132534892 5.642223991059975 c
158.78721132534892 0.0 150.6674609809247 15.292339638990217 c
150.6674609809247 15.292339638990217 154.49577266804806 18.26556609085039 c
154.49577266804806 18.26556609085039 151.43122074087603 26.461872108986537 c
151.43122074087603 26.461872108986537 110.0629386796323 15.025730413111484 c
101.06293867963231 10.457733795786236 58.82764903586463 26.120532065012434 c
46.827649035864624 29.05328721939933 25.45899516166576 42.87070046349166 c
20.506248746326218 54.87070046349166 25.45899516166576 42.87070046349166 d
20.506248746326218 54.87070046349166 34.83818480354783 61.63305420187751 c
34.83818480354783 61.63305420187751 42.778290290277816 89.04450545180059 c
42.778290290277816 89.04450545180059 54.91279852367801 93.74090719399575 d
54.778290290277816 77.48800681963097 80.57426362153312 54.87070046349166 c
80.57426362153312 54.87070046349166 87.5090194670597 90.36356922165297 c
87.5090194670597 90.36356922165297 95.12682851777058 94.83399078712947 c
105.12682851777058 87.64350670264541 95.12682851777058 94.83399078712947 d
105.12682851777058 87.64350670264541 111.7174380190636 80.50345359450971 c
111.7174380190636 80.50345359450971 115.97814282707611 71.09051764460973 c
115.97814282707611 71.09051764460973 125.81928806119834 54.87070046349166 c
125.81928806119834 54.87070046349166 147.49296749132637 98.45025216844958 c
155.49296749132637 82.57101470906146 147.49296749132637 98.45025216844958 d
155.49296749132637 82.57101470906146 171.67432837497003 54.89902498791965 c
171.67432837497003 54.89902498791965 177.99602661878578 54.87070046349166 c
177.99602661878578 54.87070046349166 191.14303635236615 67.81274504186342 c
191.14303635236615 67.81274504186342 195.144191399567 73.00796142830187 c
195.144191399567 73.00796142830187 194.19545257441274 74.62371600175011 c
194.19545257441274 74.62371600175011 197.67496169101707 83.55207659841322 c
197.67496169101707 83.55207659841322 175.45812415255978 93.78877232093208 c
175.45812415255978 93.78877232093208 155.49296749132637 82.57101470906146 c
147.49296749132637 98.45025216844958 131.98977683617372 87.23145106832351 c
131.98977683617372 87.23145106832351 131.52413711472835 88.45657718375126 c
131.52413711472835 88.45657718375126 119.54434277236113 90.88646081086526 c
119.54434277236113 90.88646081086526 105.12682851777058 87.64350670264541 c
95.12682851777058 94.83399078712947 84.23387592664093 97.0877736038422 c
84.23387592664093 97.0877736038422 68.52375211610763 108.69389204849931 c
63.92020330997103 116.83183524791018 68.52375211610763 108.69389204849931 d
63.92020330997103 116.83183524791018 84.67546495315112 118.33699276720927 c
84.67546495315112 118.33699276720927 82.67767327252112 124.64626839384445 c
82.67767327252112 124.64626839384445 96.6836638011583 119.08231847097572 c
96.6836638011583 119.08231847097572 99.54399660698667 133.3557002104625 c
104.54399660698668 142.34831272415795 99.54399660698667 133.3557002104625 d
104.54399660698668 142.34831272415795 114.89042006002661 118.80143345340078 c
114.89042006002661 118.80143345340078 123.20201950205623 115.69389204849932 c
123.20201950205623 115.69389204849932 124.45256850505862 120.49119535647745 c
124.45256850505862 120.49119535647745 130.73493692886834 124.13700465535285 c
130.73493692886834 124.13700465535285 131.29241307284917 126.37997218794759 c
131.29241307284917 126.37997218794759 139.78960023346872 136.96626050153841 c
147.78960023346872 151.51004841134417 139.78960023346872 136.96626050153841 d
147.78960023346872 151.51004841134417 158.67599844445016 118.62498006657037 c
158.67599844445016 118.62498006657037 162.32556990952722 115.69389204849931 c
162.32556990952722 115.69389204849931 173.19954549769955 128.39927504870576 c
173.19954549769955 128.39927504870576 181.05514796230347 162.4208117431213 c
181.05514796230347 162.4208117431213 170.8528662110904 155.2825912030754 c
170.8528662110904 155.2825912030754 163.16876174205817 165.28783657064608 c
163.16876174205817 165.28783657064608 161.48473044800474 180.2878365706461 d
161.48473044800474 180.2878365706461 161.36849860994826 187.309178100482 c
161.36849860994826 187.309178100482 183.51126176412114 194.55817131629306 c
183.51126176412114 194.55817131629306 179.08729639102393 202.97664609577387 c
179.08729639102393 202.97664609577387 181.17033333458562 212.65440986953553 c
181.17033333458562 212.65440986953553 168.91827498147813 219.07742951305954 c
168.91827498147813 219.07742951305954 156.4540885203271 218.0028868965625 c
156.4540885203271 218.0028868965625 147.67699970223146 192.58658382892528 c
147.67699970223146 192.58658382892528 137.67699970223148 203.0881802693096 d
137.67699970223148 203.0881802693096 130.92191020233145 216.56987764051507 c
130.92191020233145 216.56987764051507 128.82037722969105 219.59832261980455 c
138.34283593712846 229.59832261980455 128.82037722969105 219.59832261980455 d
138.34283593712846 229.59832261980455 138.7012021157909 245.24749356154206 c
138.7012021157909 245.24749356154206 158.16329712496156 244.88932902203217 c
158.16329712496156 244.88932902203217 145.8058772746781 279.2784302951247 c
145.8058772746781 279.2784302951247 132.1479254287804 268.26323669495247 c
132.1479254287804 268.26323669495247 123.37972940272482 261.758085223659 c
123.37972940272482 261.758085223659 120.8794550918995 254.32616620071397 c
120.8794550918995 254.32616620071397 105.83842534629753 241.75518296732704 c
105.83842534629753 241.75518296732704 94.83842534629754 254.04358977921214 d
94.83842534629754 254.04358977921214 91.88059331987418 261.91229752024424 c
91.88059331987418 261.91229752024424 85.03316718403875 271.43630075180346 c
85.03316718403875 271.43630075180346 85.18679586836717 277.8651347317407 c
85.18679586836717 277.8651347317407 67.15872189493672 276.9456424589293 c
67.15872189493672 276.9456424589293 52.741895691121144 241.3564787075791 c
52.741895691121144 241.3564787075791 40.741895691121144 235.62255492363258 d
40.741895691121144 235.62255492363258 35.31808724173722 264.14879916252033 c
35.31808724173722 264.14879916252033 38.36979523904723 271.0881062901684 c
30.186120714998403 290.2784302951247 38.36979523904723 271.0881062901684 d
30.186120714998403 290.2784302951247 44.57728111927865 320.781119062577 c
44.57728111927865 320.781119062577 30.47294081707506 339.24195570429265 c
30.47294081707506 339.24195570429265 18.084866400369673 341.90808266024385 c
18.084866400369673 341.90808266024385 16.322957805364425 326.5498406209512 c
16.322957805364425 326.5498406209512 0.0 320.0169307779818 c
0.0 320.0169307779818 25.82692834052508 300.0144835791599 c
25.82692834052508 300.0144835791599 25.819904086794683 305.09538876049135 c
25.819904086794683 305.09538876049135 30.186120714998403 290.2784302951247 c
38.36979523904723 271.0881062901684 23.586967361654274 262.03633740546735 c
23.586967361654274 262.03633740546735 15.534208498164638 267.0753848848086 c
15.534208498164638 267.0753848848086 12.03857824520833 258.0764191782504 c
12.03857824520833 258.0764191782504 0.0 247.19650125513596 c
0.0 247.19650125513596 33.118593545037555 229.59832261980455 c
33.118593545037555 229.59832261980455 40.741895691121144 235.62255492363258 c
52.741895691121144 241.3564787075791 65.15215061326757 229.59832261980455 c
65.15215061326757 229.59832261980455 67.62118330436994 237.6863124909968 c
67.62118330436994 237.6863124909968 94.83842534629754 254.04358977921214 c
105.83842534629753 241.75518296732704 138.34283593712846 229.59832261980455 c
128.82037722969105 219.59832261980455 95.05437325004493 209.07400441849387 c
95.05437325004493 209.07400441849387 95.250202731386 204.07885615636144 c
95.250202731386 204.07885615636144 86.05437325004492 199.2810682697859 d
86.05437325004492 199.2810682697859 71.79530580362348 212.50060016154183 c
71.79530580362348 212.50060016154183 66.76513784382574 207.5293509512673 c
66.76513784382574 207.5293509512673 49.677104776063466 206.55773165191246 c
49.677104776063466 206.55773165191246 43.67710477606347 203.82327377438756 d
43.67710477606347 203.82327377438756 41.88962069384067 203.74070211780594 c
41.88962069384067 203.74070211780594 15.315686019043738 213.2977379590904 c
15.315686019043738 213.2977379590904 0.0 214.36901644439942 c
0.0 214.36901644439942 11.08925619461359 207.3380092638462 c
11.08925619461359 207.3380092638462 12.692081495786084 205.8488469376409 c
12.692081495786084 205.8488469376409 12.135623951468009 195.15689961677595 c
12.135623951468009 195.15689961677595 20.092588632670978 180.2878365706461 c
20.092588632670978 180.2878365706461 43.67710477606347 203.82327377438756 c
49.677104776063466 206.55773165191246 49.73630140722631 191.03108417851442 c
49.73630140722631 191.03108417851442 52.01527602496171 190.1499329432882 c
52.01527602496171 190.1499329432882 61.33446370797567 180.2878365706461 c
61.33446370797567 180.2878365706461 77.58540302479122 195.63568257953386 c
77.58540302479122 195.63568257953386 86.05437325004492 199.2810682697859 c
95.250202731386 204.07885615636144 106.65778253482301 183.4891655979886 c
106.65778253482301 183.4891655979886 131.45861602212753 180.2878365706461 c
131.45861602212753 180.2878365706461 130.87823928463342 181.03299391668918 c
130.87823928463342 181.03299391668918 137.67699970223148 203.0881802693096 c
147.67699970223146 192.58658382892528 161.48473044800474 180.2878365706461 c
163.16876174205817 165.28783657064608 149.68013895177427 161.3262562331721 c
149.68013895177427 161.3262562331721 147.78960023346872 151.51004841134417 c
139.78960023346872 136.96626050153841 126.01723881520955 144.5406517654704 c
126.01723881520955 144.5406517654704 104.54399660698668 142.34831272415795 c
99.54399660698667 133.3557002104625 69.07352024005627 151.41820971786547 c
69.07352024005627 151.41820971786547 59.111256173211956 138.61775468457364 c
40.75325179490946 136.11045950489648 59.111256173211956 138.61775468457364 d
40.75325179490946 136.11045950489648 31.349771416310585 152.61086756462035 c
31.349771416310585 152.61086756462035 33.35987802276257 159.7650781394456 c
33.35987802276257 159.7650781394456 0.0 151.3000793896363 c
0.0 151.3000793896363 7.392225912697153 130.53101593119501 c
7.392225912697153 130.53101593119501 6.569554920262183 126.24165372277865 c
6.569554920262183 126.24165372277865 20.862370977600186 115.6938920484993 c
20.862370977600186 115.6938920484993 33.96794930229193 130.65751971405564 c
33.96794930229193 130.65751971405564 40.75325179490946 136.11045950489648 c
59.111256173211956 138.61775468457364 51.75325179490945 115.6938920484993 c
51.75325179490945 115.6938920484993 63.92020330997103 116.83183524791018 c
68.52375211610763 108.69389204849931 54.88331423621898 96.44114437865123 c
54.88331423621898 96.44114437865123 54.91279852367801 93.74090719399575 c
54.91279852367801 93.74090719399575 54.778290290277816 77.48800681963097 c
42.778290290277816 89.04450545180059 23.70106801516441 88.9494184618056 c
23.70106801516441 88.9494184618056 18.781035975903983 88.68341883217013 c
18.781035975903983 88.68341883217013 10.67284208408631 92.21668376730665 c
10.67284208408631 92.21668376730665 0.0 54.88594579114506 c
0.0 54.88594579114506 10.549154735089743 57.18886294848492 c
10.549154735089743 57.18886294848492 20.506248746326218 54.87070046349166 c
25.45899516166576 42.87070046349166 14.700375710963485 22.811270931181525 c
14.700375710963485 22.811270931181525 8.529258056428507 17.730025578248206 c
8.529258056428507 17.730025578248206 8.59695864962045 15.370274195303626 c
8.59695864962045 15.370274195303626 2.777504450730323 8.75573564251162 c
2.777504450730323 8.75573564251162 0.0 0.0 c
