Processando arquivo: art_10_irregular_sep.txt

Tempo de Inicio (hh:mm:ss.ms) 2026-04-26 15:03:56.512599
Tempo de Termino (hh:mm:ss.ms) 2026-04-26 15:03:56.628351
Tempo Total (hh:mm:ss.ms) 0:00:00.115752

Função Objetivo: 73.70536826320404

0.0 0.0 10.84573471741143 4.757908871906672 d
12.932978912774821 0.0 34.15614284137358 9.523647689579489 c
34.15614284137358 9.523647689579489 43.48748033998538 28.305862545043862 c
43.48748033998538 28.305862545043862 63.85603318845689 9.107798887802119 d
63.85603318845689 9.107798887802119 79.10254294500538 10.64940540581214 c
79.10254294500538 10.64940540581214 76.9020824357151 0.0 c
76.9020824357151 0.0 79.76193542336753 6.822898166497431 c
79.76193542336753 6.822898166497431 102.41455060574556 21.10692343888397 c
102.41455060574556 21.10692343888397 108.09999710236296 21.52855587558858 c
108.09999710236296 21.52855587558858 107.81562899996493 22.830424819306113 c
113.61318157942232 30.45587837389591 107.81562899996493 22.830424819306113 d
113.61318157942232 30.45587837389591 113.09999710236295 1.8202629324188155 c
113.09999710236295 1.8202629324188155 123.8604297057601 6.041423948495456 c
123.8604297057601 6.041423948495456 121.09881712382389 0.0 c
121.09881712382389 0.0 144.89483320553188 3.894356344732188 c
144.89483320553188 3.894356344732188 145.196157110683 12.567352410042952 c
145.196157110683 12.567352410042952 133.98016013401912 29.596460165629274 c
133.98016013401912 29.596460165629274 134.89791796863304 38.1285658049651 c
134.89791796863304 38.1285658049651 113.61318157942232 30.45587837389591 c
107.81562899996493 22.830424819306113 75.06849115416745 45.1146583283968 c
75.06849115416745 45.1146583283968 63.85603318845689 9.107798887802119 c
43.48748033998538 28.305862545043862 48.85603318845689 30.86826291260174 c
48.85603318845689 30.86826291260174 34.63754709676858 50.93069941468848 c
34.63754709676858 50.93069941468848 17.673894768712493 65.93069941468849 d
17.673894768712493 65.93069941468849 28.021928302010856 76.8158024729135 c
28.021928302010856 76.8158024729135 44.133611252709 72.67844720485593 c
44.133611252709 72.67844720485593 40.964007879014396 87.06007015487332 c
51.133611252709 86.62450623093086 40.964007879014396 87.06007015487332 d
51.133611252709 86.62450623093086 64.25720321965994 82.5209944483486 c
64.25720321965994 82.5209944483486 58.900424257014464 65.93069941468849 c
58.900424257014464 65.93069941468849 67.23770454591889 80.0415902701582 c
67.23770454591889 80.0415902701582 80.94252392285503 83.56603420454938 c
89.94252392285503 70.81165980300264 80.94252392285503 83.56603420454938 d
89.94252392285503 70.81165980300264 93.4010907423785 68.88912575798417 c
93.4010907423785 68.88912575798417 109.70493626217296 65.93069941468849 c
109.70493626217296 65.93069941468849 116.67549748746441 72.47605457906086 c
116.67549748746441 72.47605457906086 112.08220069104192 85.30496343228428 c
112.08220069104192 85.30496343228428 117.82239628044886 98.02835023897593 c
117.82239628044886 98.02835023897593 106.9922229846183 94.56397348365658 c
106.9922229846183 94.56397348365658 104.48715949415411 103.34463759904763 c
104.48715949415411 103.34463759904763 89.94252392285503 70.81165980300264 c
80.94252392285503 83.56603420454938 70.48765791193547 113.36762114464952 c
70.48765791193547 113.36762114464952 69.5928993990605 108.86139020324347 c
69.5928993990605 108.86139020324347 61.37759526804151 105.56910998573373 c
61.37759526804151 105.56910998573373 51.133611252709 86.62450623093086 c
40.964007879014396 87.06007015487332 25.864415713052257 105.84542428138455 c
25.864415713052257 105.84542428138455 7.975117099950097 125.3676211446495 d
7.975117099950097 125.3676211446495 27.04098335362767 134.64267373753356 c
27.04098335362767 134.64267373753356 42.37722523694947 141.8138291344825 c
42.37722523694947 141.8138291344825 41.50805986649419 153.91052173045117 c
41.50805986649419 153.91052173045117 57.37722523694947 149.73098234981205 d
57.37722523694947 149.73098234981205 69.46994109985016 138.2823213075218 c
69.46994109985016 138.2823213075218 77.06177831450748 132.12645744681654 c
77.06177831450748 132.12645744681654 80.00172295394287 125.36762114464953 c
80.00172295394287 125.36762114464953 86.88662464386626 134.3279851742052 c
86.88662464386626 134.3279851742052 91.07322435403583 138.19486338403817 c
98.07322435403583 139.33362337930524 91.07322435403583 138.19486338403817 d
98.07322435403583 139.33362337930524 101.63245503228477 138.08546834223552 c
101.63245503228477 138.08546834223552 118.1453108570767 127.51789320561197 c
118.1453108570767 127.51789320561197 145.19699512901983 125.36762114464953 c
145.19699512901983 125.36762114464953 136.2734780396062 131.68033664071643 c
136.2734780396062 131.68033664071643 140.75496660500758 134.23670329896936 c
140.75496660500758 134.23670329896936 139.5347393761567 139.75960846082174 c
139.5347393761567 139.75960846082174 103.86034769037947 154.48924323586735 c
103.86034769037947 154.48924323586735 98.07322435403583 139.33362337930524 c
91.07322435403583 138.19486338403817 89.86056153484223 160.34712939505937 c
89.86056153484223 160.34712939505937 78.12171003265499 162.20734344635315 c
78.12171003265499 162.20734344635315 57.37722523694947 149.73098234981205 c
41.50805986649419 153.91052173045117 34.942698498832684 162.31984142476588 c
34.942698498832684 162.31984142476588 21.628464782875636 169.3045789564653 c
21.718726213541004 177.30457895646526 21.628464782875636 169.3045789564653 d
21.718726213541004 177.30457895646526 45.60471490783303 191.42144684574453 c
45.60471490783303 191.42144684574453 34.490198369730685 225.64364690699773 c
34.490198369730685 225.64364690699773 25.51504560200071 226.17434552339338 c
25.51504560200071 226.17434552339338 0.0 214.28564941175267 c
0.0 214.28564941175267 1.625260581944623 204.93405562969397 c
1.625260581944623 204.93405562969397 11.45540786077333 202.27299193461164 c
11.45540786077333 202.27299193461164 22.245949172279502 193.26712847789497 c
22.245949172279502 193.26712847789497 21.718726213541004 177.30457895646526 c
21.628464782875636 169.3045789564653 4.78247138181565 159.87867040492432 c
4.78247138181565 159.87867040492432 0.0 153.26640256529262 c
0.0 153.26640256529262 7.975117099950097 125.3676211446495 c
25.864415713052257 105.84542428138455 15.148144683326695 101.76333652561392 c
15.148144683326695 101.76333652561392 4.7148221957181065 107.6762417791626 c
4.7148221957181065 107.6762417791626 0.0 68.39342262514235 c
0.0 68.39342262514235 17.673894768712493 65.93069941468849 c
34.63754709676858 50.93069941468848 20.63320596463806 30.67218628701346 c
20.63320596463806 30.67218628701346 12.916081379732672 35.13666322804807 c
12.916081379732672 35.13666322804807 0.0 29.480946813010586 c
0.0 29.480946813010586 12.932978912774821 0.0 c
10.84573471741143 4.757908871906672 0.0 0.0 d
