Processando arquivo: art_17_regular_pack.txt

Tempo de Inicio (hh:mm:ss.ms) 2026-04-26 14:59:41.611933
Tempo de Termino (hh:mm:ss.ms) 2026-04-26 14:59:42.530739
Tempo Total (hh:mm:ss.ms) 0:00:00.918806

Função Objetivo: 239.808698618916

0.0 0.0 34.900105083622066 20.149585064775415 c
34.90010508362207 27.507055031718238 34.900105083622066 20.149585064775415 d
34.90010508362207 27.507055031718238 34.900105083622066 0.0 c
34.900105083622066 0.0 58.721913524386636 13.753527515859115 c
58.721913524386636 13.753527515859115 67.04582955158475 8.323916027198106 d
67.04582955158475 8.323916027198106 87.14154051650118 0.0 c
87.14154051650118 0.0 107.23725148141762 8.323916027198099 c
107.23725148141762 8.323916027198099 115.56116750861571 28.419626992114495 c
115.56116750861571 28.419626992114495 115.5611675086157 0.0 c
115.5611675086157 0.0 155.72613421610214 23.189254340559636 c
155.72613421610214 23.189254340559636 115.56116750861571 46.378508681119285 c
115.56116750861571 46.378508681119285 115.56116750861571 28.419626992114587 c
115.56116750861571 28.419626992114587 115.56116750861571 28.419626992114495 c
115.56116750861571 28.419626992114495 115.56116750861572 28.41962699211454 c
115.56116750861572 28.41962699211454 115.56116750861571 28.419626992114587 c
115.56116750861571 28.419626992114587 107.23725148141762 48.51533795703098 c
107.23725148141762 48.51533795703098 87.14154051650118 56.83925398422908 c
87.14154051650118 56.83925398422908 79.93009700098123 62.76712750356982 d
94.24124964740598 56.839253984229074 108.55240229383071 62.76712750356981 c
108.55240229383071 62.76712750356981 114.48027581317146 56.83925398422908 d
114.48027581317146 56.83925398422908 155.78873947718495 80.68870660045712 c
155.78873947718495 80.68870660045712 114.48027581317149 104.53815921668517 c
114.48027581317149 104.53815921668517 113.3686626048334 107.70662921840017 d
113.3686626048334 107.70662921840017 124.20975879228489 110.18103867842191 c
124.20975879228489 110.18103867842191 129.0345004897688 120.19971804618194 c
129.0345004897688 120.19971804618194 124.2097587922849 130.21839741394197 c
124.2097587922849 130.21839741394197 129.0345004897688 123.42748156676288 d
129.0345004897688 123.42748156676288 138.11093882498636 107.70662921840017 c
138.11093882498636 107.70662921840017 155.78873947718498 107.70662921840017 c
155.78873947718498 107.70662921840017 155.78873947718495 56.839253984229074 c
155.72613421610217 51.50525540547474 155.78873947718495 56.839253984229074 d
155.72613421610217 51.50525540547474 155.72613421610214 0.0 c
155.72613421610214 0.0 200.33099382564907 25.752627702737367 c
200.33099382564905 17.48061923569641 200.33099382564907 25.752627702737367 d
200.33099382564905 17.48061923569641 210.4234340469797 3.552713678800501e-15 c
210.4234340469797 3.552713678800501e-15 230.60831448964106 0.0 c
230.60831448964106 0.0 240.70075471097175 17.480619235696405 c
240.70075471097175 17.480619235696405 230.60831448964106 34.96123847139281 c
230.60831448964106 34.96123847139281 210.42343404697974 34.96123847139282 c
210.42343404697974 34.96123847139282 200.33099382564905 17.48061923569641 c
200.33099382564907 25.752627702737367 155.72613421610217 51.50525540547474 c
155.78873947718495 56.839253984229074 199.84117865381253 82.27294160131461 c
208.93295940139717 88.33410635641542 199.84117865381253 82.27294160131461 d
208.93295940139717 88.33410635641542 199.84117865381253 72.58668017032225 c
199.84117865381253 72.58668017032225 208.93295940139717 56.83925398422909 c
208.93295940139717 56.83925398422909 227.1165208965665 56.83925398422908 c
227.1165208965665 56.83925398422908 236.20830164415113 72.58668017032225 c
236.20830164415113 72.58668017032225 227.1165208965665 88.33410635641542 c
227.1165208965665 88.33410635641542 208.93295940139717 88.33410635641542 c
199.84117865381253 82.27294160131461 155.78873947718498 107.70662921840017 c
155.78873947718498 107.70662921840017 156.2638154954215 107.70662921840017 c
156.2638154954215 107.70662921840017 165.34025383063909 123.42748156676288 c
165.34025383063909 123.42748156676288 165.34025383063909 127.73667319591632 d
165.34025383063909 127.73667319591632 185.37029780815524 107.70662921840017 c
185.37029780815524 107.70662921840017 205.4003417856714 127.73667319591632 c
205.40034178567143 129.24345556374507 205.4003417856714 127.73667319591632 d
205.40034178567143 129.24345556374507 205.4003417856714 107.70662921840017 c
205.4003417856714 107.70662921840017 224.05178051763409 118.47504239107262 c
224.05178051763409 120.93338450068404 224.05178051763409 118.47504239107262 d
224.05178051763409 120.93338450068404 227.92580744672006 111.58065614748612 c
227.92580744672006 111.58065614748612 237.27853579991796 107.70662921840017 c
237.27853579991796 107.70662921840017 246.63126415311586 111.58065614748612 c
246.63126415311586 111.58065614748612 250.50529108220184 120.93338450068404 c
250.50529108220184 120.93338450068404 246.63126415311586 130.28611285388195 c
246.63126415311586 130.28611285388195 237.27853579991796 134.16013978296792 c
237.27853579991796 134.16013978296792 227.92580744672006 130.28611285388195 c
227.92580744672006 130.28611285388195 224.05178051763409 120.93338450068404 c
224.05178051763409 118.47504239107262 205.40034178567143 129.24345556374507 c
205.4003417856714 127.73667319591632 185.37029780815524 147.76671717343248 c
185.37029780815524 147.76671717343248 165.34025383063909 127.73667319591632 c
165.34025383063909 123.42748156676288 156.2638154954215 139.1483339151256 c
156.2638154954215 139.1483339151256 138.11093882498636 139.1483339151256 c
138.11093882498636 139.1483339151256 129.0345004897688 123.42748156676288 c
124.2097587922849 130.21839741394197 113.3686626048334 132.69280687396372 c
113.3686626048334 132.69280687396372 104.6747784746261 125.75966563409634 c
104.6747784746261 125.75966563409634 104.6747784746261 124.78225083678711 c
104.6747784746261 124.78225083678711 75.09893426075841 141.85787245517406 c
75.0989342607584 136.01531071703246 75.09893426075841 141.85787245517406 d
75.0989342607584 136.01531071703246 54.53147324024351 164.32399221566476 c
54.53147324024351 164.32399221566476 61.84024407806991 164.32399221566476 d
52.95226148581607 171.41192181383724 61.84024407806991 164.32399221566476 c
61.84024407806991 164.32399221566476 72.92337708880636 166.8536450011634 c
72.92337708880636 166.8536450011634 77.85583530622864 164.32399221566476 d
77.85583530622864 164.32399221566476 108.9373364647905 182.26890527637812 c
108.93733646479049 178.6435864111354 108.9373364647905 182.26890527637812 d
108.93733646479049 178.6435864111354 117.20475802823167 164.3239922156648 c
117.20475802823167 164.3239922156648 133.739601155114 164.32399221566476 c
133.739601155114 164.32399221566476 142.0070227185552 178.6435864111354 c
142.0070227185552 178.6435864111354 133.739601155114 192.96318060660604 c
133.739601155114 192.96318060660604 142.0070227185552 184.8441689828657 d
142.0070227185552 184.8441689828657 162.52719948575614 164.32399221566476 c
162.52719948575614 164.32399221566476 183.04737625295706 184.84416898286568 c
183.04737625295706 184.84416898286568 183.04737625295706 175.22157596885302 c
183.04737625295706 175.22157596885302 216.586690365133 164.32399221566476 c
216.586690365133 164.32399221566476 237.31512644581676 192.8542368767602 c
237.31512644581676 192.8542368767602 216.58669036513302 221.38448153785566 c
216.58669036513302 221.38448153785566 183.04737625295706 210.48689778466743 c
183.04737625295706 210.48689778466743 186.49967538439068 221.38448153785566 d
186.49967538439068 221.38448153785566 222.63560694675357 242.24757135280376 c
222.63560694675357 242.24757135280376 186.49967538439068 263.11066116775186 c
186.49967538439068 263.11066116775186 186.49967538439068 238.8449958284726 c
186.49967538439068 238.8449958284726 169.03916109377374 256.30551011908955 c
169.03916109377374 256.30551011908955 151.5786468031568 238.8449958284726 c
151.5786468031568 246.78201209662274 151.5786468031568 238.8449958284726 d
151.5786468031568 246.78201209662274 141.770301854267 267.14925024795457 c
141.770301854267 267.14925024795457 119.73115080788641 272.1795426553898 c
119.73115080788641 272.1795426553898 141.60965492851767 272.1795426553898 c
141.60965492851767 272.1795426553898 155.88611080367738 296.90708958318163 c
155.88611080367738 296.90708958318163 155.88611080367735 297.5024120222634 d
155.88611080367735 297.5024120222634 181.20898017055094 272.1795426553898 c
181.20898017055094 272.1795426553898 206.53184953742453 297.5024120222634 c
206.53184953742453 297.5024120222634 206.53184953742453 283.99647411026996 c
206.53184953742453 283.99647411026996 221.34981289472304 272.1795426553898 c
221.34981289472304 272.1795426553898 239.82751096990705 276.39695666280204 c
239.82751096990705 276.39695666280204 248.05086023601257 293.4729173653575 c
248.05086023601257 293.4729173653575 239.82751096990708 310.54887806791294 c
239.82751096990708 310.54887806791294 221.34981289472304 314.76629207532517 c
221.34981289472304 314.76629207532517 206.53184953742453 302.949360620445 c
206.53184953742453 302.949360620445 206.53184953742453 297.5024120222634 c
206.53184953742453 297.5024120222634 181.20898017055094 322.825281389137 c
181.20898017055094 322.825281389137 155.88611080367735 297.5024120222634 c
155.88611080367738 296.90708958318163 141.60965492851767 321.63463651097345 c
141.60965492851767 321.63463651097345 113.05674317819823 321.63463651097345 c
113.05674317819823 321.63463651097345 98.7802873030385 296.90708958318163 c
98.7802873030385 296.90708958318163 89.18612761644687 298.589998524866 d
89.18612761644687 298.589998524866 73.66245115004759 293.5460502829856 c
73.66245115004759 293.5460502829856 73.66245115004759 295.14727548849015 d
73.66245115004759 295.14727548849015 33.88117094844994 318.1150083215905 c
33.88117094844994 318.1150083215905 33.88117094844992 272.1795426553898 c
33.88117094844992 272.1795426553898 73.66245115004759 295.14727548849015 c
73.66245115004759 293.5460502829856 73.66245115004759 277.2234908972702 c
73.66245115004759 277.2234908972702 89.18612761644687 272.1795426553898 c
89.18612761644687 272.1795426553898 98.78028730303849 285.3847705901279 c
98.78028730303849 285.3847705901279 89.18612761644687 298.589998524866 c
98.7802873030385 296.90708958318163 113.05674317819822 272.1795426553898 c
113.05674317819822 272.1795426553898 119.73115080788641 272.1795426553898 c
119.73115080788641 272.1795426553898 102.05712391869112 258.08497653686453 c
102.05712391869112 258.08497653686453 102.05712391869112 236.35891771843123 c
102.05712391869112 236.35891771843123 96.27410359179872 248.36748316403606 c
96.27410359179872 248.36748316403606 83.27977486938796 251.3333538990068 c
83.27977486938796 251.3333538990068 72.85913231543411 243.02316876717305 c
72.85913231543411 243.02316876717305 72.85913231543411 230.72047313991516 c
72.85913231543411 230.72047313991516 56.688720521630714 240.05646474197465 c
56.6887205216307 230.0670586936682 56.688720521630714 240.05646474197465 d
56.6887205216307 230.0670586936682 41.6500557471265 238.74963584948074 c
41.6500557471265 242.74506380589045 41.6500557471265 238.74963584948074 d
41.6500557471265 242.74506380589045 33.40075140199592 259.8749207853913 c
33.40075140199592 259.8749207853913 14.86473279362962 264.10564607392524 c
16.940585474224957 272.1795426553898 14.86473279362962 264.10564607392524 d
16.940585474224957 272.1795426553898 33.88117094844992 289.1201281296148 c
33.88117094844992 289.1201281296148 16.94058547422496 306.06071360383976 c
16.94058547422496 306.06071360383976 0.0 289.1201281296148 c
0.0 289.1201281296148 16.940585474224957 272.1795426553898 c
14.86473279362962 264.10564607392524 3.552713678800501e-15 252.25141723815804 c
3.552713678800501e-15 252.25141723815804 0.0 233.23871037362287 c
0.0 233.23871037362287 14.864732793629615 221.38448153785566 c
14.864732793629615 221.38448153785566 33.40075140199591 225.61520682638965 c
33.40075140199591 225.61520682638965 41.6500557471265 242.74506380589045 c
41.6500557471265 238.74963584948074 41.6500557471265 221.38448153785566 c
41.6500557471265 221.38448153785566 56.6887205216307 230.0670586936682 c
56.688720521630714 240.05646474197465 56.68872052163071 221.38448153785566 c
56.68872052163071 221.38448153785566 72.85913231543411 230.72047313991516 c
72.85913231543411 230.72047313991516 72.85913231543411 229.69466666968944 c
72.85913231543411 229.69466666968944 83.27977486938796 221.38448153785566 c
83.27977486938796 221.38448153785566 96.2741035917987 224.3503522728264 c
96.2741035917987 224.3503522728264 102.05712391869112 236.35891771843123 c
102.05712391869112 236.35891771843123 102.05712391869112 235.47904765638097 c
102.05712391869112 235.47904765638097 119.7311508078864 221.38448153785566 c
119.7311508078864 221.38448153785566 141.770301854267 226.41477394529088 c
141.770301854267 226.41477394529088 151.5786468031568 246.78201209662274 c
151.5786468031568 238.8449958284726 169.03916109377374 221.38448153785566 c
169.03916109377374 221.38448153785566 186.49967538439068 238.8449958284726 c
186.49967538439068 238.8449958284726 186.49967538439068 221.38448153785566 c
183.04737625295706 210.48689778466743 183.04737625295706 184.84416898286574 c
183.04737625295706 184.84416898286574 183.04737625295706 184.84416898286568 c
183.04737625295706 184.84416898286568 183.0473762529571 184.8441689828657 c
183.0473762529571 184.8441689828657 183.04737625295706 184.84416898286574 c
183.04737625295706 184.84416898286574 162.52719948575614 205.36434575006666 c
162.52719948575614 205.36434575006666 142.0070227185552 184.8441689828657 c
133.739601155114 192.96318060660604 117.20475802823168 192.96318060660604 c
117.20475802823168 192.96318060660604 108.93733646479049 178.6435864111354 c
108.9373364647905 182.26890527637812 77.85583530622866 200.21381833709148 c
77.85583530622866 200.21381833709148 77.85583530622864 164.32399221566476 c
72.92337708880636 166.8536450011634 77.85583530622863 177.09600002733978 c
77.85583530622863 177.09600002733978 72.92337708880636 187.33835505351618 c
72.92337708880636 187.33835505351618 61.840244078069915 189.8680078390148 c
61.840244078069915 189.8680078390148 52.95226148581607 182.78007824084233 c
52.95226148581607 182.78007824084233 52.95226148581607 177.94361810815332 c
52.95226148581607 177.94361810815332 39.332635593327524 191.56324400064187 c
39.332635593327524 191.56324400064187 25.71300970083898 177.94361810815332 c
25.71300970083898 177.18049706608426 25.71300970083898 177.94361810815332 d
25.71300970083898 177.18049706608426 12.85650485041949 190.03700191650375 c
12.85650485041949 190.03700191650375 0.0 177.18049706608426 c
0.0 177.18049706608426 12.856504850419489 164.32399221566476 c
12.856504850419489 164.32399221566476 25.71300970083898 177.18049706608426 c
25.71300970083898 177.94361810815332 39.332635593327524 164.32399221566476 c
39.332635593327524 164.32399221566476 52.95226148581607 177.94361810815332 c
52.95226148581607 177.94361810815332 52.95226148581607 171.41192181383724 c
54.53147324024351 164.32399221566476 21.252622246761817 153.51103805988254 c
21.252622246761817 153.51103805988254 21.252622246761813 118.6062157320327 c
21.252622246761813 118.6062157320327 17.043279764483707 127.34700546198408 c
17.043279764483707 127.34700546198408 7.584973061743337 129.5058022456652 c
7.584973061743337 129.5058022456652 0.0 123.45698807353499 c
0.0 123.45698807353499 0.0 113.75544339053037 c
0.0 113.75544339053037 7.584973061743335 107.70662921840017 c
7.584973061743335 107.70662921840017 17.043279764483703 109.86542600208126 c
13.611459000411084 103.99073109193442 17.043279764483703 109.86542600208126 d
13.611459000411084 103.99073109193442 0.0 80.41499253808175 c
0.0 80.41499253808175 13.611459000411067 56.83925398422908 c
13.611459000411067 56.83925398422908 40.83437700123324 56.839253984229074 c
40.83437700123324 56.839253984229074 54.44583600164432 80.41499253808175 c
54.44583600164432 80.41499253808175 40.83437700123324 103.99073109193442 c
40.83437700123324 103.99073109193442 13.611459000411084 103.99073109193442 c
17.043279764483703 109.86542600208126 21.252622246761813 118.60621573203267 c
21.252622246761813 118.60621573203267 21.252622246761817 118.60621573203268 c
21.252622246761817 118.60621573203268 21.252622246761813 118.6062157320327 c
21.252622246761813 118.6062157320327 21.252622246761813 118.60621573203267 c
21.252622246761813 118.60621573203267 21.252622246761813 118.5195833741824 c
21.252622246761813 118.5195833741824 54.5314732402435 107.70662921840017 c
54.5314732402435 107.70662921840017 75.0989342607584 136.01531071703246 c
75.09893426075841 141.85787245517406 75.0989342607584 107.70662921840017 c
75.0989342607584 107.70662921840017 104.6747784746261 124.78225083678711 c
104.6747784746261 124.78225083678711 104.6747784746261 114.63977045826755 c
104.6747784746261 114.63977045826755 113.3686626048334 107.70662921840017 c
114.48027581317149 104.53815921668517 114.48027581317146 56.83925398422908 c
108.55240229383071 62.76712750356981 114.48027581317146 77.07828014999455 c
114.48027581317146 77.07828014999455 108.55240229383072 91.3894327964193 c
108.55240229383072 91.3894327964193 94.24124964740598 97.31730631576004 c
94.24124964740598 97.31730631576004 79.93009700098123 91.3894327964193 c
79.93009700098123 91.3894327964193 74.0022234816405 77.07828014999455 c
74.0022234816405 77.07828014999455 79.93009700098123 62.76712750356982 c
79.93009700098123 62.76712750356982 74.0022234816405 67.12065532312018 d
74.0022234816405 67.12065532312018 66.53234816144486 77.40205666201126 c
66.53234816144486 77.40205666201126 54.44583600164432 73.47491080253354 c
54.44583600164432 73.47491080253354 54.44583600164432 60.76639984370681 c
54.44583600164432 60.76639984370681 66.53234816144486 56.83925398422908 c
66.53234816144486 56.83925398422908 74.0022234816405 67.12065532312018 c
79.93009700098123 62.76712750356982 94.24124964740598 56.839253984229074 c
87.14154051650118 56.83925398422908 67.04582955158475 48.51533795703098 c
67.04582955158475 48.51533795703098 58.721913524386636 28.419626992114544 c
58.721913524386636 28.419626992114544 67.04582955158475 8.323916027198106 c
58.721913524386636 13.753527515859115 34.90010508362207 27.507055031718238 c
34.900105083622066 20.149585064775415 1.4210854715202004e-14 40.29917012955084 c
1.4210854715202004e-14 40.29917012955084 0.0 0.0 c
