Processando arquivo: art_5_hole_sep.txt

Tempo de Inicio (hh:mm:ss.ms) 2026-04-26 15:04:37.357510
Tempo de Termino (hh:mm:ss.ms) 2026-04-26 15:04:38.351608
Tempo Total (hh:mm:ss.ms) 0:00:00.994098

Função Objetivo: 223.8663419327971

0.0 0.0 7.702665106948107 7.702665106948114 d
7.702665106948107 7.702665106948114 26.298543674560243 0.0 c
26.298543674560243 0.0 44.89442224217238 7.702665106948107 c
44.89442224217238 7.702665106948107 52.59708734912049 26.298543674560246 c
63.5970873491205 25.6612024772471 52.59708734912049 26.298543674560246 d
63.5970873491205 25.6612024772471 63.5970873491205 9.855003726957701 c
63.5970873491205 9.855003726957701 75.95487115024358 0.0 c
75.95487115024358 0.0 91.36477549739416 3.5172101082135256 c
91.36477549739416 3.5172101082135256 98.22282811240501 17.7581031021024 c
98.22282811240501 17.7581031021024 111.22282811240501 0.0 d
111.22282811240501 0.0 150.82120779681748 22.862135170268534 c
155.82120779681748 12.87844815816182 150.82120779681748 22.862135170268534 d
155.82120779681748 12.87844815816182 171.97027099779768 0.0 c
171.97027099779768 0.0 192.10782342856433 4.5962649325119855 c
192.10782342856433 4.5962649325119855 201.06987737754122 23.206161714798096 c
201.06987737754122 23.206161714798096 192.10782342856433 41.8160584970842 c
192.10782342856433 41.8160584970842 171.97027099779768 46.41232342959619 c
171.97027099779768 46.41232342959619 155.82120779681748 33.533875271434376 c
155.82120779681748 33.533875271434376 155.82120779681748 12.87844815816182 c
150.82120779681748 22.862135170268534 111.22282811240503 45.724270340537075 c
111.22282811240503 45.724270340537075 111.22282811240501 0.0 c
85.05807127035689 17.7581031021024 98.22282811240501 17.7581031021024 d
85.05807127035689 17.7581031021024 77.48302781609044 22.131556479546248 c
77.48302781609044 22.131556479546248 77.48302781609044 13.384649724658551 c
77.48302781609044 13.384649724658551 85.05807127035689 17.7581031021024 c
98.22282811240501 17.7581031021024 91.36477549739418 31.998996095991274 c
91.36477549739418 31.998996095991274 75.95487115024358 35.5162062042048 c
75.95487115024358 35.5162062042048 63.5970873491205 25.6612024772471 c
52.59708734912049 26.298543674560246 44.89442224217238 44.89442224217238 c
44.89442224217238 44.89442224217238 26.298543674560246 52.59708734912049 c
26.298543674560246 52.59708734912049 18.68837821037912 67.5970873491205 d
18.68837821037912 67.5970873491205 31.903057172317112 73.07078659756164 c
31.903057172317112 73.07078659756164 37.37675642075825 86.28546555949963 c
37.37675642075825 86.28546555949963 50.37675642075825 87.21768300621036 d
50.37675642075825 87.21768300621036 56.12349583780054 73.3438267661628 c
56.12349583780054 73.3438267661628 69.9973520778481 67.5970873491205 c
69.9973520778481 67.5970873491205 83.87120831789566 73.3438267661628 c
83.87120831789566 73.3438267661628 89.61794773493796 87.21768300621036 c
76.76471607415934 87.21768300621036 89.61794773493796 87.21768300621036 d
76.76471607415934 87.21768300621036 72.08858255982943 93.65382863304337 c
72.08858255982943 93.65382863304337 64.52243959771116 91.19543976013716 c
64.52243959771116 91.19543976013716 64.52243959771116 83.23992625228357 c
64.52243959771116 83.23992625228357 72.08858255982943 80.78153737937735 c
72.08858255982943 80.78153737937735 76.76471607415934 87.21768300621036 c
89.61794773493796 87.21768300621036 83.87120831789566 101.09153924625792 c
83.87120831789566 101.09153924625792 98.61794773493796 109.35076762621402 d
98.61794773493796 109.35076762621402 98.61794773493796 77.45379420530683 c
98.61794773493796 109.35076762621402 113.37592552186852 93.40228091576043 d
113.37592552186852 93.40228091576043 116.97254101197478 87.17276015160714 c
116.97254101197478 87.17276015160714 124.16577199218733 87.17276015160714 c
124.16577199218733 87.17276015160714 127.76238748229359 93.40228091576043 c
127.76238748229359 93.40228091576043 124.16577199218733 99.63180167991372 c
124.16577199218733 99.63180167991372 116.9725410119748 99.63180167991372 c
116.9725410119748 99.63180167991372 113.37592552186852 93.40228091576043 c
98.61794773493796 77.45379420530683 128.95377215698505 67.5970873491205 c
128.95377215698505 67.5970873491205 147.7023427265593 93.40228091576043 c
158.70234272655927 87.21146959829325 147.7023427265593 93.40228091576043 d
158.70234272655927 87.21146959829325 178.31672497573203 67.5970873491205 c
178.31672497573203 67.5970873491205 197.9311072249048 87.21146959829325 c
197.9311072249048 87.21146959829325 178.31672497573203 106.825851847466 c
178.31672497573203 106.825851847466 158.70234272655927 87.21146959829325 c
147.7023427265593 93.40228091576043 128.95377215698505 119.20747448240034 c
120.3402296322503 124.20747448240033 128.95377215698505 119.20747448240034 d
120.3402296322503 124.20747448240033 142.27787409813075 129.21459867522873 c
142.27787409813075 129.21459867522873 152.04104436882935 149.48803064071328 c
165.04104436882935 137.2995252171733 152.04104436882935 149.48803064071328 d
165.04104436882935 137.2995252171733 172.59974338479475 124.20747448240036 c
172.59974338479475 124.20747448240036 187.71714141672555 124.20747448240034 c
187.71714141672555 124.20747448240034 195.27584043269096 137.2995252171733 c
195.27584043269096 137.2995252171733 187.71714141672555 150.39157595194627 c
187.71714141672555 150.39157595194627 172.59974338479475 150.39157595194627 c
172.59974338479475 150.39157595194627 165.04104436882935 137.2995252171733 c
152.04104436882935 149.48803064071328 142.27787409813075 169.76146260619782 c
142.27787409813075 169.76146260619782 127.77233267792256 154.60308242997843 d
127.77233267792256 154.60308242997843 121.759228665038 152.6493065006951 c
121.759228665038 152.6493065006951 121.759228665038 146.32675478073145 c
121.759228665038 146.32675478073145 127.77233267792256 144.37297885144812 c
127.77233267792256 144.37297885144812 131.4886353357736 149.48803064071328 c
131.4886353357736 149.48803064071328 127.77233267792256 154.60308242997843 c
142.27787409813075 169.76146260619782 120.3402296322503 174.76858679902622 c
120.3402296322503 174.76858679902622 102.74760470039058 160.73893657527898 c
102.74760470039058 160.73893657527898 102.74760470039058 138.23712470614757 c
102.74760470039058 138.23712470614757 87.74760470039058 139.9914741737738 d
87.74760470039058 139.9914741737738 78.63470822968713 155.7754738651473 c
78.63470822968713 155.7754738651473 60.40891528828024 155.7754738651473 c
60.40891528828024 155.7754738651473 51.296018817576794 139.9914741737738 c
51.296018817576794 139.9914741737738 45.29601881757679 147.43791965255005 d
45.29601881757679 147.43791965255005 36.32458677154088 166.06729025403837 c
45.29601881757679 147.43791965255005 29.11627436461467 147.43791965255005 d
21.468159465225767 155.08603455193895 13.820044565836863 147.43791965255005 c
13.820044565836863 147.43791965255005 21.468159465225767 139.78980475316115 c
21.468159465225767 139.78980475316115 29.11627436461467 147.43791965255005 c
29.11627436461467 147.43791965255005 21.468159465225767 155.08603455193895 c
36.32458677154088 166.06729025403837 16.16596194796092 170.66836482269977 c
16.16596194796092 170.66836482269977 17.90226524981401 183.76858679902622 d
17.90226524981401 183.76858679902622 40.22602487667207 188.86383925771088 c
40.22602487667207 188.86383925771088 50.161032559841516 209.49409528692277 c
50.161032559841516 209.49409528692277 55.16103255984152 206.6993948009559 d
55.16103255984152 206.6993948009559 61.877310725519976 190.48486496470468 c
61.877310725519976 190.48486496470468 78.09184056177119 183.76858679902622 c
78.09184056177119 183.76858679902622 94.30637039802241 190.48486496470468 c
94.30637039802241 190.48486496470468 101.02264856370087 206.6993948009559 c
101.02264856370087 206.6993948009559 109.02264856370086 191.28829023282933 d
109.02264856370086 215.62256171525476 109.02264856370086 191.28829023282933 c
109.02264856370086 191.28829023282933 132.16591602635688 183.76858679902622 c
132.16591602635688 183.76858679902622 146.46924192900786 203.45542597404204 c
154.46924192900786 194.86724201651424 146.46924192900786 203.45542597404204 d
154.46924192900786 194.86724201651424 168.38651537313103 183.76858679902625 c
168.38651537313103 183.76858679902625 185.74107149731137 187.729650985308 c
185.74107149731137 187.729650985308 193.46457557161114 203.7676724521051 c
193.46457557161114 203.7676724521051 185.74107149731137 219.8056939189022 c
185.74107149731137 219.8056939189022 168.38651537313103 223.76675810518395 c
172.95117616721595 210.7582708760166 168.38651537313103 223.76675810518395 d
172.95117616721595 210.7582708760166 165.96057774330444 203.7676724521051 c
165.96057774330444 203.7676724521051 172.95117616721595 196.7770740281936 c
172.95117616721595 196.7770740281936 179.94177459112746 203.7676724521051 c
179.94177459112746 203.7676724521051 172.95117616721595 210.7582708760166 c
168.38651537313103 223.76675810518395 154.46924192900786 212.66810288769597 c
154.46924192900786 212.66810288769597 154.46924192900786 194.86724201651424 c
146.46924192900786 203.45542597404204 132.1659160263569 223.14226514905786 c
132.1659160263569 223.14226514905786 109.02264856370086 215.62256171525476 c
101.02264856370087 206.6993948009559 94.30637039802241 222.91392463720712 c
94.30637039802241 222.91392463720712 78.09184056177119 229.63020280288558 c
78.09184056177119 229.63020280288558 61.877310725519976 222.91392463720712 c
61.877310725519976 222.91392463720712 55.16103255984152 206.6993948009559 c
50.161032559841516 209.49409528692277 40.226024876672085 230.12435131613466 c
40.226024876672085 230.12435131613466 17.90226524981402 235.21960377481932 c
17.90226524981402 235.21960377481932 25.753562175093737 248.2196037748193 d
25.753562175093737 248.2196037748193 51.50712435018748 273.97316594991304 c
56.50712435018748 272.6116787621554 51.50712435018748 273.97316594991304 d
56.50712435018748 272.6116787621554 56.50712435018748 257.5872080451792 c
65.9858919682242 265.0994434036673 56.50712435018748 272.6116787621554 d
65.9858919682242 265.0994434036673 72.10644180817533 258.97889356371616 c
72.10644180817533 258.97889356371616 78.22699164812647 265.0994434036673 c
78.22699164812647 265.0994434036673 72.10644180817533 271.21999324361843 c
72.10644180817533 271.21999324361843 65.9858919682242 265.0994434036673 c
56.50712435018748 257.5872080451792 68.25372856413853 248.2196037748193 c
68.25372856413853 248.2196037748193 82.90150443187713 251.56286303096016 c
82.90150443187713 251.56286303096016 89.42037796482106 265.0994434036673 c
95.42037796482106 266.7580974978048 89.42037796482106 265.0994434036673 d
95.42037796482106 266.7580974978048 106.12358230615689 248.21960377481932 c
106.12358230615689 248.21960377481932 127.5299909888286 248.21960377481932 c
127.5299909888286 248.21960377481932 138.23319533016445 266.7580974978048 c
138.23319533016445 266.7580974978048 148.23319533016445 272.98768674746395 d
148.23319533016445 272.98768674746395 162.53305470173183 248.2196037748193 c
162.53305470173183 248.2196037748193 191.1327734448666 248.2196037748193 c
191.1327734448666 248.2196037748193 205.43263281643397 272.98768674746395 c
213.43263281643397 269.74213423984685 205.43263281643397 272.98768674746395 d
213.43263281643397 269.74213423984685 213.43263281643397 256.48517972101564 c
213.43263281643397 256.48517972101564 223.79733722090302 248.21960377481932 c
223.79733722090302 248.21960377481932 236.72191221183652 251.16955367576602 c
236.72191221183652 251.16955367576602 242.47388920777843 263.11365698043124 c
242.47388920777843 263.11365698043124 236.72191221183652 275.0577602850965 c
236.72191221183652 275.0577602850965 223.79733722090302 278.00771018604314 c
223.79733722090302 278.00771018604314 213.43263281643397 269.74213423984685 c
205.43263281643397 272.98768674746395 191.1327734448666 297.7557697201086 c
191.1327734448666 297.7557697201086 162.53305470173183 297.7557697201086 c
162.53305470173183 297.7557697201086 153.05981989813768 313.6180486832879 d
171.19144019258158 307.7267281250068 182.39739780565526 323.15040558520775 c
193.39739780565526 334.5361022237606 182.39739780565526 323.15040558520775 d
193.39739780565526 334.5361022237606 201.24968167981325 315.5790119991648 c
201.24968167981325 315.5790119991648 220.2067719044091 307.7267281250068 c
220.2067719044091 307.7267281250068 239.1638621290049 315.5790119991648 c
239.1638621290049 315.5790119991648 247.01614600316293 334.5361022237606 c
247.01614600316293 334.5361022237606 239.16386212900494 353.49319244835647 c
239.16386212900494 353.49319244835647 220.2067719044091 361.34547632251446 c
220.2067719044091 361.34547632251446 201.24968167981328 353.49319244835647 c
201.24968167981328 353.49319244835647 193.39739780565526 334.5361022237606 c
182.39739780565526 323.15040558520775 171.19144019258158 338.5740830454087 c
166.17998359741875 329.5831333092766 171.19144019258158 338.5740830454087 d
166.17998359741875 329.5831333092766 159.7472558733499 323.15040558520775 c
159.7472558733499 323.15040558520775 166.17998359741875 316.7176778611389 c
166.17998359741875 316.7176778611389 172.6127113214876 323.15040558520775 c
172.6127113214876 323.15040558520775 166.17998359741875 329.5831333092766 c
171.19144019258158 338.5740830454087 153.05981989813768 332.6827624871276 c
142.05981989813768 324.0833685092152 153.05981989813768 332.6827624871276 d
142.05981989813768 324.0833685092152 130.17602504372033 340.44000889342357 c
130.17602504372033 340.44000889342357 110.94764105394194 334.1923282084151 c
110.94764105394194 334.1923282084151 110.94764105394194 313.97440881001523 c
110.94764105394194 313.97440881001523 130.1760250437203 307.7267281250068 c
130.1760250437203 307.7267281250068 142.05981989813768 324.0833685092152 c
153.05981989813768 332.6827624871276 153.05981989813768 313.6180486832879 c
153.05981989813768 313.6180486832879 171.19144019258158 307.7267281250068 c
162.53305470173183 297.7557697201086 148.23319533016445 272.98768674746395 c
138.23319533016445 266.7580974978048 127.5299909888286 285.2965912207902 c
127.5299909888286 285.2965912207902 111.01603888122575 270.9798528695099 d
119.04629479415422 273.5890411814111 111.01603888122575 270.9798528695099 c
111.01603888122575 270.9798528695099 111.01603888122575 262.53634212609967 c
111.01603888122575 262.53634212609967 119.04629479415422 259.92715381419845 c
119.04629479415422 259.92715381419845 124.00926588670382 266.7580974978048 c
124.00926588670382 266.7580974978048 119.04629479415422 273.5890411814111 c
127.5299909888286 285.2965912207902 106.1235823061569 285.2965912207903 c
106.1235823061569 285.2965912207903 95.42037796482106 266.7580974978048 c
89.42037796482106 265.0994434036673 82.90150443187713 278.63602377637443 c
82.90150443187713 278.63602377637443 68.25372856413853 281.9792830325153 c
68.25372856413853 281.9792830325153 56.50712435018748 272.6116787621554 c
51.50712435018748 273.97316594991304 25.75356217509374 299.7267281250068 c
22.203279108043795 307.7267281250068 25.75356217509374 299.7267281250068 d
22.203279108043795 307.7267281250068 35.925660258515315 326.6139654463302 c
45.925660258515315 330.2529065870196 35.925660258515315 326.6139654463302 d
45.925660258515315 330.2529065870196 58.93115545737196 307.7267281250068 c
58.93115545737196 307.7267281250068 84.94214585508527 307.7267281250068 c
84.94214585508527 307.7267281250068 97.94764105394194 330.2529065870196 c
97.94764105394194 330.2529065870196 84.94214585508527 352.7790850490324 c
84.94214585508527 352.7790850490324 82.21995612207598 367.34547632251446 d
82.21995612207598 367.34547632251446 98.15522355162275 389.27849031041575 c
108.15522355162274 392.43595886052225 98.15522355162275 389.27849031041575 d
108.15522355162274 392.43595886052225 108.15522355162274 373.26853578975573 c
108.15522355162274 373.26853578975573 126.38452616366126 367.34547632251446 c
126.38452616366126 367.34547632251446 137.65085476910832 382.852247325139 c
137.65085476910832 382.852247325139 126.38452616366126 398.3590183277635 c
126.38452616366126 398.3590183277635 108.15522355162274 392.43595886052225 c
98.15522355162275 389.27849031041575 82.219956122076 411.21150429831704 c
82.219956122076 411.21150429831704 56.436151801250176 402.83383843066565 c
46.43615180125016 391.1606483065277 56.436151801250176 402.83383843066565 d
46.43615180125016 391.1606483065277 37.23890243498432 410.25893340519013 c
37.23890243498432 410.25893340519013 16.572870698681562 414.975820290541 c
16.572870698681562 414.975820290541 3.552713678800501e-15 401.75939693095347 c
3.552713678800501e-15 401.75939693095347 0.0 380.56189968210197 c
0.0 380.56189968210197 16.572870698681555 367.34547632251446 c
16.572870698681555 367.34547632251446 37.23890243498431 372.0623632078653 c
37.23890243498431 372.0623632078653 46.43615180125016 391.1606483065277 c
56.436151801250176 402.83383843066565 56.43615180125017 375.72314219016585 c
56.43615180125017 375.72314219016585 82.21995612207598 367.34547632251446 c
84.94214585508527 352.7790850490324 74.01435619144335 336.64742670784784 d
74.01435619144335 336.64742670784784 66.49714694642267 334.20493736343656 c
66.49714694642267 334.20493736343656 66.49714694642267 326.30087581060263 c
66.49714694642267 326.30087581060263 74.01435619144334 323.85838646619135 c
74.01435619144334 323.85838646619135 78.66024700541107 330.2529065870196 c
78.66024700541107 330.2529065870196 74.01435619144335 336.64742670784784 c
84.94214585508527 352.7790850490324 58.93115545737197 352.7790850490324 c
58.93115545737197 352.7790850490324 45.925660258515315 330.2529065870196 c
35.925660258515315 326.6139654463302 22.203279108043798 345.50120276765364 c
22.203279108043798 345.50120276765364 3.552713678800501e-15 338.2869200644936 c
3.552713678800501e-15 338.2869200644936 0.0 314.94101082816684 c
0.0 314.94101082816684 22.203279108043795 307.7267281250068 c
25.75356217509374 299.7267281250068 0.0 273.97316594991304 c
0.0 273.97316594991304 18.05035173179946 273.97316594991304 d
18.05035173179946 273.97316594991304 25.75356217509374 266.26995550661877 c
25.75356217509374 266.26995550661877 33.45677261838802 273.97316594991304 c
33.45677261838802 273.97316594991304 25.75356217509374 281.6763763932073 c
25.75356217509374 281.6763763932073 18.05035173179946 273.97316594991304 c
0.0 273.97316594991304 25.753562175093737 248.2196037748193 c
17.90226524981402 235.21960377481932 3.552713678800501e-15 220.94302363737845 c
3.552713678800501e-15 220.94302363737845 0.0 198.0451669364671 c
0.0 198.0451669364671 17.90226524981401 183.76858679902622 c
16.16596194796092 170.66836482269977 0.0 157.77644036351538 c
0.0 157.77644036351538 0.0 137.09939894158472 c
0.0 137.09939894158472 16.165961947960913 124.20747448240033 c
16.165961947960913 124.20747448240033 36.32458677154087 128.80854905106173 c
36.32458677154087 128.80854905106173 45.29601881757679 147.43791965255005 c
51.296018817576794 139.9914741737738 60.40891528828023 124.20747448240033 c
60.40891528828023 124.20747448240033 78.63470822968713 124.20747448240033 c
78.63470822968713 124.20747448240033 87.74760470039058 139.9914741737738 c
102.74760470039058 138.23712470614757 120.3402296322503 124.20747448240033 c
128.95377215698505 119.20747448240034 98.61794773493796 109.35076762621402 c
83.87120831789566 101.09153924625792 69.9973520778481 106.83827866330023 c
69.9973520778481 106.83827866330023 56.12349583780055 101.09153924625792 c
56.12349583780055 101.09153924625792 50.37675642075825 87.21768300621036 c
37.37675642075825 86.28546555949963 31.90305717231712 99.50014452143762 c
31.90305717231712 99.50014452143762 18.688378210379124 104.97384376987875 c
18.688378210379124 104.97384376987875 5.473699248441131 99.50014452143762 c
5.473699248441131 99.50014452143762 0.0 86.28546555949963 c
0.0 86.28546555949963 5.473699248441127 73.07078659756164 c
5.473699248441127 73.07078659756164 18.68837821037912 67.5970873491205 c
26.298543674560246 52.59708734912049 7.702665106948114 44.89442224217238 c
7.702665106948114 44.89442224217238 0.0 26.29854367456025 c
0.0 26.29854367456025 7.702665106948107 7.702665106948114 c
7.702665106948107 7.702665106948114 0.0 0.0 d
