Processando arquivo: art_23_regular_pack.txt

Tempo de Inicio (hh:mm:ss.ms) 2026-04-26 14:59:47.762853
Tempo de Termino (hh:mm:ss.ms) 2026-04-26 14:59:48.069658
Tempo Total (hh:mm:ss.ms) 0:00:00.306805

Função Objetivo: 131.77336077091044

0.0 0.0 3.475640296933056 4.358315080336274 d
0.0 7.130045726467724 8.940794546711983 0.0 c
8.940794546711983 0.0 20.08978298749018 2.5446838576588355 c
20.08978298749018 2.5446838576588355 25.051549628510422 12.847898452536212 c
25.051549628510422 12.847898452536212 25.051549628510422 16.147137149622882 d
25.051549628510422 16.147137149622882 34.37410360848699 3.552713678800501e-15 c
34.37410360848699 3.552713678800501e-15 53.01921156844015 0.0 c
53.01921156844015 0.0 62.341765548416724 16.14713714962288 c
62.34176554841672 17.575522074196808 62.341765548416724 16.14713714962288 d
62.34176554841672 17.575522074196808 72.48899794910244 3.552713678800501e-15 c
72.48899794910244 3.552713678800501e-15 92.78346275047393 0.0 c
92.78346275047393 0.0 102.93069515115967 17.575522074196805 c
102.93069515115965 20.29757425355808 102.93069515115967 17.575522074196805 d
102.93069515115965 20.29757425355808 108.87571700838934 5.945021857229685 c
108.87571700838934 5.945021857229685 123.22826940471774 0.0 c
123.22826940471774 0.0 137.5808218010461 5.945021857229682 c
137.5808218010461 5.945021857229682 143.52584365827582 20.297574253558075 c
143.52584365827582 20.297574253558075 137.5808218010461 34.65012664988647 c
143.52584365827585 33.78998079050522 137.5808218010461 34.65012664988647 d
143.52584365827585 33.78998079050522 143.52584365827582 12.976803675490967 c
143.52584365827582 12.976803675490967 159.79824077697708 0.0 c
159.79824077697708 0.0 180.08958808758845 4.631367610231159 c
180.08958808758845 4.631367610231159 189.1200871971668 23.38339223299809 c
189.1200871971668 23.38339223299809 180.08958808758845 42.135416855765015 c
180.08958808758845 42.135416855765015 159.79824077697708 46.76678446599618 c
159.79824077697708 46.76678446599618 143.52584365827585 33.78998079050522 c
137.5808218010461 34.65012664988647 123.22826940471774 40.59514850711615 c
123.22826940471774 40.59514850711615 120.90728146141961 51.62741266545069 d
120.90728146141961 51.62741266545069 135.86675685121054 46.76678446599618 c
135.86675685121054 46.76678446599618 145.11222109596895 59.49207429884429 c
145.11222109596895 59.49207429884429 135.86675685121057 72.21736413169239 c
135.86675685121057 72.21736413169239 120.90728146141961 67.35673593223788 c
120.90728146141961 67.35673593223788 120.90728146141964 72.56586306811322 d
120.90728146141964 72.56586306811322 106.01217648564305 98.36494167023025 c
106.01217648564305 98.36494167023025 104.6540800218691 104.44409090136139 d
104.6540800218691 104.44409090136139 119.33044454335582 98.36494167023027 c
119.33044454335582 98.36494167023027 134.00680906484254 104.44409090136138 c
140.08595829597365 103.78269568011888 134.00680906484254 104.44409090136138 d
140.08595829597365 103.78269568011888 146.87960694358702 98.36494167023027 c
146.87960694358702 98.36494167023027 155.35114824198368 100.29851568961597 c
155.35114824198368 100.29851568961597 159.12133880552108 108.12739706395652 c
159.12133880552108 108.12739706395652 155.35114824198368 115.95627843829708 c
155.35114824198368 115.95627843829708 146.87960694358705 117.88985245768278 c
146.87960694358705 117.88985245768278 140.08595829597365 112.47209844779417 c
140.08595829597365 112.47209844779417 140.08595829597365 103.78269568011888 c
134.00680906484254 104.44409090136138 140.08595829597365 119.1204554228481 c
140.08595829597365 119.1204554228481 134.00680906484254 133.7968199443348 c
134.00680906484254 133.7968199443348 119.33044454335582 139.8759691754659 c
119.33044454335582 139.8759691754659 104.65408002186912 133.7968199443348 c
104.65408002186912 133.7968199443348 98.574930790738 119.1204554228481 c
98.574930790738 119.1204554228481 98.574930790738 121.29482308797222 d
98.574930790738 121.29482308797222 89.71957431968472 139.68316027438965 c
89.71957431968472 139.68316027438965 69.82176894558053 144.2247045057142 c
69.82176894558053 144.2247045057142 65.2714636471255 153.61514764273122 d
65.2714636471255 153.61514764273122 91.43993348115384 179.78361747675956 c
91.43993348115384 179.78361747675956 91.43993348115384 164.81974660303052 c
91.43993348115384 164.81974660303052 105.49005617678594 153.61514764273122 c
105.49005617678594 153.61514764273122 123.01027260796702 157.61402271305138 c
123.01027260796702 157.61402271305138 130.8075024547334 173.80513732385418 c
130.8075024547334 170.0843245522671 130.8075024547334 173.80513732385418 d
130.8075024547334 170.0843245522671 147.27667936426928 153.61514764273122 c
147.27667936426928 153.61514764273122 163.74585627380517 170.0843245522671 c
163.74585627380517 170.0843245522671 147.27667936426928 186.553501461803 c
147.27667936426928 186.553501461803 130.8075024547334 170.0843245522671 c
130.8075024547334 173.80513732385418 123.01027260796704 189.99625193465698 c
123.01027260796704 189.99625193465698 105.49005617678594 193.99512700497715 c
105.49005617678594 193.99512700497715 91.43993348115384 182.79052804467784 c
91.43993348115384 182.79052804467784 91.43993348115384 179.78361747675956 c
91.43993348115384 179.78361747675956 65.2714636471255 205.9520873107879 c
65.2714636471255 205.9520873107879 56.69934733945311 205.9520873107879 d
56.69934733945311 205.9520873107879 63.22228657694595 217.2501494848101 c
63.222286576945955 216.66518568264325 63.22228657694595 217.2501494848101 d
63.222286576945955 216.66518568264325 96.19381306814422 205.9520873107879 c
96.19381306814422 205.9520873107879 116.57133710067231 233.9993429731264 c
125.37315635784121 236.44248361569728 116.57133710067231 233.9993429731264 d
125.37315635784121 236.44248361569728 116.57133710067231 221.1972854632426 c
116.57133710067231 221.1972854632426 125.3731563578412 205.9520873107879 c
125.3731563578412 205.9520873107879 142.97679487217903 205.9520873107879 c
142.97679487217903 205.9520873107879 151.77861412934791 221.1972854632426 c
151.77861412934791 221.1972854632426 142.97679487217903 236.44248361569728 c
142.97679487217903 236.44248361569728 125.37315635784121 236.44248361569728 c
116.57133710067231 233.9993429731264 96.19381306814422 262.04659863546493 c
96.19381306814422 262.04659863546493 63.22228657694596 251.33350026360955 c
63.22228657694596 251.33350026360955 63.222286576945955 216.66518568264325 c
63.22228657694595 217.2501494848101 56.69934733945311 228.5482116588323 c
56.69934733945311 228.5482116588323 43.65346886446744 228.5482116588323 c
37.13052962697461 224.9947925011024 43.65346886446744 228.5482116588323 d
37.13052962697461 224.9947925011024 29.77637285829048 240.26585638502226 c
29.77637285829048 240.26585638502226 13.251732596516497 244.03749769141692 c
13.251732596516497 244.03749769141692 3.552713678800501e-15 233.46959358910948 c
3.552713678800501e-15 233.46959358910948 0.0 216.51999141309534 c
0.0 216.51999141309534 13.251732596516494 205.9520873107879 c
13.251732596516494 205.9520873107879 29.776372858290475 209.72372861718256 c
29.776372858290475 209.72372861718256 37.13052962697461 224.9947925011024 c
43.65346886446744 228.5482116588323 37.13052962697461 217.2501494848101 c
37.13052962697461 217.2501494848101 43.653468864467435 205.9520873107879 c
43.653468864467435 205.9520873107879 56.69934733945311 205.9520873107879 c
65.2714636471255 205.9520873107879 39.10299381309716 179.78361747675956 c
39.10299381309716 174.1728080672784 39.10299381309716 179.78361747675956 d
39.10299381309716 174.1728080672784 24.1669792383709 194.73046849182555 c
24.1669792383709 194.73046849182555 3.552713678800501e-15 186.87814093882713 c
3.552713678800501e-15 186.87814093882713 0.0 161.46747519572966 c
0.0 161.46747519572966 24.166979238370892 153.61514764273122 c
24.166979238370892 153.61514764273122 19.224184487780462 153.61514764273122 d
19.224184487780462 153.61514764273122 3.552713678800501e-15 138.2843720907604 c
3.552713678800501e-15 138.2843720907604 0.0 113.69571722220108 c
0.0 113.69571722220108 19.224184487780455 98.36494167023025 c
19.224184487780455 98.36494167023025 43.19635044214441 103.83643211631156 c
43.19635044214441 103.83643211631156 53.86496795638607 125.99004465648073 c
53.86496795638607 125.99004465648073 43.196350442144414 148.1436571966499 c
43.196350442144414 148.1436571966499 19.224184487780462 153.61514764273122 c
24.166979238370892 153.61514764273122 39.10299381309716 174.1728080672784 c
39.10299381309716 179.78361747675956 65.2714636471255 153.61514764273122 c
69.82176894558053 144.2247045057142 53.864967956386074 131.49958034513918 c
53.864967956386074 131.49958034513918 53.86496795638607 111.09006583080526 c
53.86496795638607 111.09006583080526 69.82176894558053 98.36494167023025 c
69.82176894558053 98.36494167023025 89.71957431968471 102.90648590155479 c
89.71957431968471 102.90648590155479 98.574930790738 121.29482308797222 c
98.574930790738 119.1204554228481 104.6540800218691 104.44409090136139 c
106.01217648564305 98.36494167023025 76.22196653408989 98.36494167023025 c
76.22196653408989 98.36494167023025 61.32686155831329 72.56586306811322 c
55.47060880237315 67.05343909650333 61.32686155831329 72.56586306811322 d
55.47060880237315 67.05343909650333 43.75810329049288 67.05343909650333 c
37.90185053455274 65.71770973327256 43.75810329049288 67.05343909650333 d
37.90185053455274 65.71770973327256 18.95092526727637 84.66863500054893 c
18.95092526727637 84.66863500054893 0.0 65.71770973327256 c
0.0 65.71770973327256 18.950925267276368 46.76678446599618 c
18.950925267276368 46.76678446599618 37.90185053455274 65.71770973327256 c
43.75810329049288 67.05343909650333 37.90185053455274 56.91011178124975 c
37.90185053455274 56.91011178124975 43.758103290492876 46.76678446599618 c
43.758103290492876 46.76678446599618 55.47060880237315 46.76678446599618 c
55.47060880237315 46.76678446599618 61.32686155831329 56.91011178124975 c
61.32686155831329 56.91011178124975 55.47060880237315 67.05343909650333 c
61.32686155831329 72.56586306811322 76.22196653408986 46.76678446599618 c
76.22196653408986 46.76678446599618 106.01217648564305 46.76678446599618 c
106.01217648564305 46.76678446599618 120.90728146141964 72.56586306811322 c
120.90728146141961 67.35673593223788 120.90728146141961 51.62741266545069 c
123.22826940471774 40.59514850711615 108.87571700838934 34.65012664988647 c
108.87571700838934 34.65012664988647 102.93069515115965 20.29757425355808 c
102.93069515115967 17.575522074196805 92.78346275047393 35.15104414839361 c
92.78346275047393 35.15104414839361 72.48899794910245 35.15104414839361 c
72.48899794910245 35.15104414839361 62.34176554841672 17.575522074196808 c
62.341765548416724 16.14713714962288 53.01921156844015 32.29427429924576 c
53.01921156844015 32.29427429924576 34.374103608487005 32.29427429924576 c
34.374103608487005 32.29427429924576 25.051549628510422 16.147137149622882 c
25.051549628510422 12.847898452536212 20.08978298749019 23.151113047413588 c
20.08978298749019 23.151113047413588 8.940794546711986 25.695796905072424 c
8.940794546711986 25.695796905072424 1.7763568394002505e-15 18.565751178604703 c
1.7763568394002505e-15 18.565751178604703 0.0 7.130045726467724 c
3.475640296933056 4.358315080336274 0.0 0.0 d
