Processando arquivo: dighe2_sep.txt

Tempo de Inicio (hh:mm:ss.ms) 2026-04-26 15:06:31.816924
Tempo de Termino (hh:mm:ss.ms) 2026-04-26 15:06:31.864664
Tempo Total (hh:mm:ss.ms) 0:00:00.047740

Função Objetivo: 78.2673162939297

0.0 0.0 11.463258785942491 10.581469648562301 d
12.0 10.0 23.0 0.0 c
23.0 0.0 53.0 21.0 c
66.0 30.0 53.0 21.0 d
66.0 30.0 64.0 5.0 c
64.0 5.0 63.0 0.0 c
63.0 0.0 115.0 7.0 c
115.0 7.0 103.0 20.0 c
103.0 20.0 110.0 39.0 c
110.0 39.0 66.0 30.0 c
53.0 21.0 53.0 70.0 c
67.0 83.0 53.0 70.0 d
67.0 83.0 79.0 111.0 c
92.0 94.0 79.0 111.0 d
92.0 94.0 89.0 83.0 c
89.0 83.0 122.0 83.0 c
122.0 83.0 122.0 102.0 c
122.0 102.0 92.0 94.0 c
79.0 111.0 39.0 111.0 c
39.0 111.0 67.0 83.0 c
53.0 70.0 19.0 70.0 c
30.0 83.0 19.0 70.0 d
30.0 83.0 30.0 134.0 c
30.0 134.0 30.0 150.0 d
30.0 150.0 67.0 161.0 c
78.0 153.0 67.0 161.0 d
78.0 153.0 82.0 175.0 c
98.0 142.0 78.0 153.0 d
108.0 169.0 110.0 206.0 c
110.0 206.0 98.0 206.0 c
98.0 206.0 91.0 229.0 d
91.0 229.0 63.0 257.0 c
63.0 257.0 49.0 257.0 c
49.0 257.0 47.0 220.0 c
47.0 220.0 42.0 220.0 d
42.0 220.0 37.0 250.0 c
37.0 250.0 0.0 239.0 c
0.0 239.0 0.0 220.0 c
0.0 220.0 42.0 220.0 c
47.0 220.0 91.0 229.0 c
98.0 206.0 98.0 142.0 c
98.0 142.0 106.0 144.0 c
106.0 144.0 108.0 169.0 c
82.0 175.0 83.0 180.0 c
83.0 180.0 75.0 178.0 c
75.0 178.0 75.0 142.0 c
75.0 142.0 78.0 153.0 c
67.0 161.0 56.0 171.0 c
56.0 171.0 4.0 164.0 c
4.0 164.0 0.0 142.0 c
0.0 142.0 30.0 150.0 c
30.0 134.0 0.0 113.0 c
0.0 113.0 5.0 83.0 c
5.0 83.0 30.0 83.0 c
19.0 70.0 7.0 42.0 c
7.0 42.0 0.0 23.0 c
0.0 23.0 12.0 10.0 c
11.463258785942491 10.581469648562301 0.0 0.0 d
