Processando arquivo: dighe1_mod_pack.txt

Tempo de Inicio (hh:mm:ss.ms) 2026-04-26 15:02:49.748587
Tempo de Termino (hh:mm:ss.ms) 2026-04-26 15:02:49.890484
Tempo Total (hh:mm:ss.ms) 0:00:00.141897

Função Objetivo: 100.27127104561536

0.0 0.0 14.29946635852885 12.338571312576585 d
15.22256234677146 11.268773222086665 0.0 28.910565991594183 c
0.0 28.910565991594183 6.555011349722015 32.35897740775327 c
6.555011349722015 32.35897740775327 20.36031807869645 32.87824997313696 c
20.36031807869645 32.87824997313696 21.15417016517824 38.21453016529376 c
21.15417016517824 38.21453016529376 27.73598082102479 36.331928351862175 c
27.73598082102479 36.331928351862175 28.80157407157739 17.91331203086463 c
28.80157407157739 17.91331203086463 35.99586354846782 0.0 c
35.99586354846782 0.0 55.040963936587104 57.79303485588036 c
55.040963936587104 57.79303485588036 59.84303195195663 57.79303485588035 d
59.84303195195663 57.79303485588035 39.71291567144034 67.13876969412917 c
39.71291567144034 67.13876969412917 28.099477369102452 76.27036713325649 c
28.099477369102452 76.27036713325649 28.099477369102452 73.29835090801359 d
28.099477369102452 73.29835090801359 13.139894203379352 60.5935274061985 c
13.139894203379352 60.5935274061985 2.987688886535981 57.79303485588036 c
2.987688886535981 57.79303485588036 0.0 66.70703717061292 c
0.0 66.70703717061292 14.007469871043297 80.02335109302793 c
14.007469871043297 80.02335109302793 24.17466498392544 72.99349909839346 c
24.17466498392544 72.99349909839346 28.099477369102452 73.29835090801359 c
28.099477369102452 76.27036713325649 50.99762100086433 87.02330055287965 c
50.99762100086433 87.02330055287965 64.34122469525938 101.31775280411244 c
64.34122469525938 101.31775280411244 68.51985520985772 94.6069577337404 c
68.51985520985772 94.6069577337404 80.7962476220759 95.12764176172558 c
87.12848425977432 101.31775280411246 80.7962476220759 95.12764176172558 d
87.12848425977432 101.31775280411246 96.14079314439005 126.78367901140024 c
96.14079314439005 126.78367901140024 87.12848425977432 124.43606014678119 d
87.12848425977432 124.43606014678119 46.8772027714212 101.31775280411246 c
46.8772027714212 101.31775280411246 46.877202771421196 101.31775280411246 d
46.877202771421196 101.31775280411246 24.829245787252198 109.54283192773103 c
24.8292457872522 101.31775280411247 24.829245787252198 109.54283192773103 d
24.8292457872522 101.31775280411247 12.009772240890051 115.43513685793182 c
12.009772240890051 115.43513685793182 0.0 132.77454704639212 c
0.0 132.77454704639212 12.619059016862611 143.26293544285284 c
0.0 149.54148670004656 12.619059016862611 143.26293544285284 d
0.0 149.54148670004656 6.6267030415872235 193.88997758161509 c
6.6267030415872235 193.88997758161509 22.45057441304744 171.57157930332556 c
22.45057441304744 171.57157930332556 0.0 149.54148670004656 c
12.619059016862611 143.26293544285284 24.72457040559488 144.09067216832838 c
33.01463608207836 153.5909893990986 24.72457040559488 144.09067216832838 d
33.01463608207836 153.5909893990986 22.45057441304744 195.46613769070757 c
35.94743792380952 199.80919827929722 22.45057441304744 195.46613769070757 d
35.94743792380952 199.80919827929722 20.917673220453445 222.54969768358592 c
20.917673220453445 222.54969768358592 0.0 232.674114730694 c
0.0 232.674114730694 22.339308321137295 225.89414052591138 c
22.339308321137295 225.89414052591138 45.60895330772429 215.65204004449066 c
45.60895330772429 215.65204004449066 41.03541147404802 213.55533597767374 c
41.03541147404802 213.55533597767374 35.94743792380952 199.80919827929722 c
22.45057441304744 195.46613769070757 86.45357286728026 191.5761701008863 c
86.45357286728026 191.5761701008863 72.37267708085368 173.9005996439429 c
72.37267708085368 173.9005996439429 50.92077859019895 149.54148670004656 c
50.92077859019895 149.54148670004656 33.01463608207836 153.5909893990986 c
24.72457040559488 144.09067216832838 24.8292457872522 101.31775280411247 c
24.829245787252198 109.54283192773103 26.296296719423317 132.91021454345045 c
26.296296719423317 132.91021454345045 46.877202771421196 101.31775280411246 c
46.8772027714212 101.31775280411246 70.25370516085665 149.54148670004656 c
70.25370516085665 149.54148670004656 87.12848425977432 124.43606014678119 c
96.14079314439005 126.78367901140024 87.76972702125609 146.96470123711885 c
87.76972702125609 146.96470123711885 92.78471208704319 158.62346359925385 d
92.78471208704319 158.62346359925385 86.45357286728026 160.912936856184 c
86.45357286728026 160.912936856184 87.31464154878917 161.24248865432858 c
87.31464154878917 161.24248865432858 93.8136279609068 176.9986417298213 c
93.8136279609068 176.9986417298213 97.15960247397382 159.34549753892856 c
97.15960247397382 159.34549753892856 109.55284284172535 149.54148670004656 c
109.55284284172535 149.54148670004656 117.47598314964517 199.8091982792972 c
117.47598314964517 199.8091982792972 134.01098517625186 171.78065940387893 c
134.01098517625186 171.78065940387893 109.55284284172535 149.54148670004656 c
109.55284284172535 149.54148670004656 92.78471208704319 158.62346359925385 c
87.76972702125609 146.96470123711885 113.81600615259362 137.40566145818403 c
113.81600615259362 137.40566145818403 129.74133961660482 127.32634354010557 c
129.74133961660482 127.32634354010557 109.59886617769494 110.30991096663101 c
109.59886617769494 110.30991096663101 87.12848425977432 101.31775280411246 c
80.7962476220759 95.12764176172558 75.10778960344673 77.32486921796212 c
75.10778960344673 77.32486921796212 59.84303195195663 57.79303485588035 c
55.040963936587104 57.79303485588036 60.992243926269595 13.133490174730408 c
60.992243926269595 13.133490174730408 77.28879270343228 6.111299993860646 c
82.45446224816487 7.017973488616036 77.28879270343228 6.111299993860646 d
82.45446224816487 7.017973488616036 79.48972924697549 0.0 c
79.48972924697549 0.0 77.28879270343228 14.228485512774352 c
77.28879270343228 14.228485512774352 82.99462510107098 26.90045245232219 c
82.99462510107098 26.90045245232219 93.96660742596988 17.584125732472586 c
93.96660742596988 17.584125732472586 105.3812984062771 18.739978594830234 d
105.3812984062771 18.739978594830234 93.9666074259699 36.35609942813662 c
93.9666074259699 36.35609942813662 118.33966976101163 52.473296064066005 c
121.8674311679161 61.57888917522836 118.33966976101163 52.473296064066005 d
121.8674311679161 61.57888917522836 100.24590771347043 64.3220204787816 c
100.24590771347043 64.3220204787816 80.7962476220759 57.79303485588035 c
80.7962476220759 57.79303485588035 90.93421145850465 62.081556726110556 c
90.93421145850465 62.081556726110556 96.77341582760994 68.88509240764922 c
96.77341582760994 68.88509240764922 106.55273646219193 68.92745130395137 c
106.55273646219193 68.92745130395137 121.8674311679161 61.57888917522836 c
118.33966976101163 52.473296064066005 136.93651416033998 27.30735831593465 c
136.93651416033998 27.30735831593465 113.46620652848515 7.510385694144873 c
113.46620652848515 7.510385694144873 109.36449087122597 0.0 c
109.36449087122597 0.0 105.3812984062771 18.739978594830234 c
93.96660742596988 17.584125732472586 82.45446224816487 7.017973488616036 c
77.28879270343228 6.111299993860646 35.99586354846782 0.0 c
35.99586354846782 0.0 28.890762886686264 6.0784237729196775 c
28.890762886686264 6.0784237729196775 15.22256234677146 11.268773222086665 c
14.29946635852885 12.338571312576585 0.0 0.0 d
