Processando arquivo: dighe1_sep.txt

Tempo de Inicio (hh:mm:ss.ms) 2026-04-26 15:06:32.015006
Tempo de Termino (hh:mm:ss.ms) 2026-04-26 15:06:32.104142
Tempo Total (hh:mm:ss.ms) 0:00:00.089136

Função Objetivo: 98.3575

0.0 0.0 32.0 0.0 c
39.0 3.0 32.0 0.0 d
39.0 3.0 58.0 0.0 c
58.0 0.0 67.0 5.0 c
67.0 5.0 66.0 20.0 c
78.0 15.0 66.0 20.0 d
78.0 15.0 93.0 0.0 c
93.0 0.0 107.0 33.0 c
107.0 33.0 101.0 34.0 c
101.0 34.0 76.0 38.0 c
76.0 38.0 82.0 52.0 d
82.0 52.0 102.0 79.0 c
103.0 85.0 102.0 79.0 d
103.0 85.0 128.0 94.0 c
95.0 85.0 103.0 85.0 d
95.0 85.0 95.0 122.0 c
95.0 122.0 104.0 138.0 d
110.0 137.0 128.0 145.0 c
128.0 145.0 106.0 156.0 c
106.0 156.0 91.0 160.0 d
91.0 160.0 72.0 163.0 c
72.0 163.0 52.0 203.0 c
52.0 203.0 61.0 216.0 d
61.0 216.0 87.0 210.0 c
61.0 216.0 53.0 225.0 d
53.0 225.0 51.0 248.0 c
51.0 248.0 48.0 272.0 c
48.0 272.0 39.0 267.0 c
39.0 267.0 35.0 282.0 d
35.0 282.0 0.0 316.0 c
41.0 293.0 35.0 282.0 d
41.0 293.0 63.0 282.0 c
63.0 282.0 43.0 314.0 c
43.0 314.0 41.0 293.0 c
0.0 316.0 0.0 282.0 c
0.0 282.0 35.0 282.0 c
39.0 267.0 0.0 244.0 c
0.0 244.0 35.0 210.0 c
35.0 210.0 53.0 225.0 c
87.0 210.0 94.0 212.0 c
94.0 212.0 58.0 239.0 c
58.0 239.0 61.0 216.0 c
52.0 203.0 52.0 137.0 c
52.0 137.0 91.0 160.0 c
106.0 156.0 104.0 138.0 c
104.0 138.0 110.0 137.0 c
95.0 122.0 75.0 117.0 c
75.0 117.0 95.0 85.0 c
128.0 94.0 102.0 100.0 c
102.0 100.0 103.0 85.0 c
102.0 79.0 46.0 79.0 c
46.0 79.0 45.0 85.0 d
45.0 85.0 65.0 90.0 c
28.0 85.0 45.0 85.0 d
32.0 124.0 25.0 122.0 c
20.0 137.0 25.0 122.0 d
20.0 137.0 44.0 177.0 c
44.0 177.0 0.0 177.0 c
0.0 177.0 20.0 137.0 c
25.0 122.0 0.0 113.0 c
0.0 113.0 3.0 89.0 c
3.0 89.0 28.0 85.0 c
28.0 85.0 30.0 103.0 c
30.0 103.0 32.0 124.0 c
65.0 90.0 65.0 112.0 c
65.0 112.0 45.0 85.0 c
46.0 79.0 82.0 52.0 c
76.0 38.0 78.0 15.0 c
66.0 20.0 63.0 43.0 c
63.0 43.0 39.0 3.0 c
32.0 0.0 32.0 41.0 c
33.0 52.0 32.0 41.0 d
33.0 52.0 18.0 67.0 c
18.0 67.0 0.0 52.0 c
0.0 52.0 33.0 52.0 c
32.0 41.0 14.0 33.0 c
14.0 33.0 0.0 0.0 c
