Processando arquivo: dighe2_mod_pack.txt

Tempo de Inicio (hh:mm:ss.ms) 2026-04-26 15:02:49.492669
Tempo de Termino (hh:mm:ss.ms) 2026-04-26 15:02:49.574523
Tempo Total (hh:mm:ss.ms) 0:00:00.081854

Função Objetivo: 77.45026317190279

0.0 0.0 13.216770170540864 10.9836441507832 d
17.08946700137668 6.323574755719161 6.022146957011229 19.641033280608465 c
6.022146957011229 19.641033280608465 3.3742136676478296 25.386807369975116 c
3.3742136676478296 25.386807369975116 0.0 38.30784174129112 c
0.0 38.30784174129112 4.469698552790872 44.039149931411316 c
4.469698552790872 44.039149931411316 19.60407432866646 56.96071845251082 c
19.60407432866646 56.96071845251082 23.700474123366032 71.74645280091737 c
23.700474123366032 71.74645280091737 17.07442307103897 76.6154886127197 d
17.07442307103897 76.6154886127197 8.14383865795446 84.52906830061602 c
8.14383865795446 84.52906830061602 0.0 98.80711897079863 c
0.0 98.80711897079863 34.80000860220509 104.67614992364109 c
35.777314933288125 100.47334490179837 34.80000860220509 104.67614992364109 d
35.777314933288125 100.47334490179837 42.11583751850107 119.37315560519706 c
42.11583751850107 119.37315560519706 53.293752044708334 113.12855340763545 c
53.293752044708334 113.12855340763545 42.6823097299744 140.04556034425275 d
42.6823097299744 140.04556034425275 43.45406036449527 187.9157408405411 c
42.68230972997439 157.6349527826477 42.6823097299744 140.04556034425275 d
15.520985147136262 189.6801209471081 42.68230972997439 157.6349527826477 c
42.68230972997439 157.6349527826477 15.041849647278454 140.04556034425275 c
15.041849647278454 140.04556034425275 0.0 175.83038680865508 c
0.0 175.83038680865508 15.520985147136262 189.6801209471081 c
43.45406036449527 187.9157408405411 69.54371159279032 182.52352432258022 c
69.54371159279032 182.52352432258022 72.84786051123375 154.54985662112253 c
72.84786051123375 163.40313055054565 72.84786051123375 154.54985662112253 d
72.84786051123375 163.40313055054565 76.6755309644375 172.36831233022144 c
76.6755309644375 172.36831233022144 104.29934449685743 177.47125245609777 c
104.29934449685743 177.47125245609777 121.78956632213767 173.74056535066424 c
121.78956632213767 173.74056535066424 121.98834594018815 165.276117458331 c
121.98834594018815 165.276117458331 109.57522426262517 163.02246415390536 c
109.57522426262517 163.02246415390536 117.33120657759613 156.69027041513993 c
117.33120657759613 156.69027041513993 127.98601040613838 142.61221525362032 c
127.98601040613838 142.61221525362032 96.33478562021776 147.92276726202732 c
96.33478562021776 147.92276726202732 73.59503292510225 140.04556034425275 c
73.59503292510225 140.04556034425275 72.84786051123375 163.40313055054565 c
72.84786051123375 154.54985662112253 42.6823097299744 140.04556034425275 c
53.293752044708334 113.12855340763545 78.09551266106024 104.7755003045747 c
78.09551266106024 98.85643256367732 78.09551266106024 104.7755003045747 d
78.09551266106024 98.85643256367732 113.92111609263998 140.04556034425275 c
113.92111609263998 140.04556034425275 137.31598454547353 139.99716054436246 c
137.31598454547353 139.99716054436246 104.58185832756217 102.69658436149342 c
104.58185832756217 102.69658436149342 137.31598454547353 105.11588505392591 d
137.31598454547353 105.11588505392591 161.9806733344492 104.11362316135398 c
161.9806733344492 104.11362316135398 160.78235518643723 94.29241968167429 c
160.78235518643723 94.29241968167429 161.08638585270936 76.61548861271972 c
161.08638585270936 76.61548861271972 153.17566937060838 80.36136944005868 c
153.17566937060838 80.36136944005868 143.72104530558462 96.33943035139927 c
143.72104530558462 96.33943035139927 137.31598454547353 105.11588505392591 c
104.58185832756217 102.69658436149342 91.80864896796228 76.61548861271972 c
91.80864896796228 76.61548861271972 78.09551266106024 98.85643256367732 c
78.09551266106024 104.7755003045747 69.70910778779134 99.70659620710587 c
69.70910778779134 99.70659620710587 69.59941440034387 94.45918826311977 c
69.59941440034387 94.45918826311977 45.66966462571895 84.01636257792683 c
45.66966462571895 84.01636257792683 34.80000860220509 76.61548861271972 c
34.80000860220509 76.61548861271972 35.777314933288125 100.47334490179837 c
34.80000860220509 104.67614992364109 22.12683565371556 90.20579045574571 c
22.12683565371556 90.20579045574571 17.07442307103897 76.6154886127197 c
23.700474123366032 71.74645280091737 49.21323463859896 76.61548861271972 c
49.21323463859896 76.61548861271972 60.710834544341495 69.78600617945621 c
60.710834544341495 69.78600617945621 60.43209229969513 45.07089084075525 c
60.43209229969513 45.07089084075525 54.96994238423348 12.34536875144657 c
54.96994238423348 12.34536875144657 34.96424834289796 13.990870867389813 c
34.96424834289796 13.990870867389813 63.88318018214382 24.853305546929256 d
60.710834544341495 32.60325438384174 119.03535520778473 8.820915578320957 c
126.89725898122353 0.0 119.03535520778473 8.820915578320957 d
126.89725898122353 0.0 121.53382179874082 23.20801559816865 c
121.53382179874082 23.20801559816865 119.03535520778473 40.63532244003852 c
119.03535520778473 40.63532244003852 136.29098011575357 0.9578771115836417 c
136.29098011575357 0.9578771115836417 128.76198322598094 4.640395018442042 c
128.76198322598094 4.640395018442042 126.89725898122353 0.0 c
119.03535520778473 8.820915578320957 106.74618006739811 0.0 c
106.74618006739811 0.0 81.95703546416303 17.287443663169057 c
81.95703546416303 17.287443663169057 63.88318018214382 24.853305546929256 c
63.88318018214382 24.853305546929256 60.710834544341495 32.60325438384174 c
34.96424834289796 13.990870867389813 19.114643155737777 0.0 c
19.114643155737777 0.0 17.08946700137668 6.323574755719161 c
13.216770170540864 10.9836441507832 0.0 0.0 d
