Processando arquivo: dighe2_pack.txt

Tempo de Inicio (hh:mm:ss.ms) 2026-04-26 15:01:51.406925
Tempo de Termino (hh:mm:ss.ms) 2026-04-26 15:01:51.462997
Tempo Total (hh:mm:ss.ms) 0:00:00.056072

Função Objetivo: 77.26481629392973

0.0 0.0 11.463258785942491 10.581469648562301 d
12.0 10.0 23.0 0.0 c
23.0 0.0 53.0 21.0 c
53.0 21.0 56.0 30.0 d
56.0 30.0 54.0 5.0 c
54.0 5.0 53.0 0.0 c
53.0 0.0 105.0 7.0 c
110.0 0.0 105.0 7.0 d
110.0 0.0 135.0 0.0 c
135.0 0.0 135.0 51.0 c
135.0 51.0 105.0 30.0 c
105.0 30.0 110.0 0.0 c
105.0 7.0 93.0 20.0 c
93.0 20.0 100.0 39.0 c
100.0 39.0 56.0 30.0 c
53.0 21.0 53.0 70.0 c
53.0 70.0 73.0 70.0 c
73.0 70.0 103.0 78.0 c
103.0 78.0 140.0 89.0 c
140.0 89.0 140.0 70.0 c
140.0 70.0 143.0 81.0 c
143.0 81.0 147.0 103.0 c
147.0 103.0 148.0 108.0 c
148.0 108.0 140.0 106.0 c
140.0 106.0 140.0 89.0 c
140.0 89.0 129.0 99.0 c
129.0 99.0 77.0 92.0 c
77.0 92.0 73.0 70.0 c
73.0 70.0 73.0 89.0 c
73.0 89.0 43.0 81.0 c
43.0 81.0 40.0 70.0 c
40.0 70.0 53.0 70.0 c
53.0 70.0 40.0 70.0 d
40.0 70.0 28.0 70.0 c
28.0 70.0 40.0 98.0 c
40.0 98.0 0.0 98.0 c
0.0 98.0 0.0 108.0 d
0.0 108.0 8.0 110.0 c
8.0 110.0 12.0 108.0 d
12.0 108.0 54.0 108.0 c
54.0 108.0 98.0 117.0 c
98.0 117.0 70.0 145.0 c
70.0 145.0 56.0 145.0 c
56.0 145.0 54.0 108.0 c
54.0 108.0 49.0 138.0 c
49.0 138.0 12.0 127.0 c
12.0 127.0 12.0 108.0 c
8.0 110.0 10.0 135.0 c
10.0 135.0 12.0 172.0 c
12.0 172.0 0.0 172.0 c
0.0 172.0 0.0 108.0 c
0.0 98.0 28.0 70.0 c
28.0 70.0 19.0 70.0 c
19.0 70.0 7.0 42.0 c
7.0 42.0 0.0 23.0 c
0.0 23.0 12.0 10.0 c
11.463258785942491 10.581469648562301 0.0 0.0 d
