Processando arquivo: fu_mod_pack.txt

Tempo de Inicio (hh:mm:ss.ms) 2026-04-26 15:03:21.924627
Tempo de Termino (hh:mm:ss.ms) 2026-04-26 15:03:22.006466
Tempo Total (hh:mm:ss.ms) 0:00:00.081839

Função Objetivo: 32.00614721775811

0.0 0.0 0.2691560225735756 1.656282821638691 d
0.0 1.7000223107773582 1.1623541099961798 6.768051362942114 c
1.1623541099961798 6.768051362942114 6.510141288621757 17.66469577607215 c
6.510141288621757 17.66469577607215 9.68498842747906 23.495257238817693 d
9.68498842747906 23.495257238817693 0.0 26.678220120664008 c
0.0 26.678220120664008 7.826811676285965 30.116368333713268 c
7.826811676285965 30.116368333713268 3.8422151909632403 35.09093736801189 d
3.8422151909632403 35.09093736801189 0.0 46.4975931624341 c
0.0 46.4975931624341 4.9101981226516385 51.869655586033204 c
4.393324040170665 51.88780827133553 4.9101981226516385 51.869655586033204 d
4.393324040170665 51.88780827133553 0.0 68.18087472230846 c
0.0 68.18087472230846 18.759780216298594 72.82419562443278 c
18.759780216298594 72.82419562443278 14.382704556090683 54.55354850971267 c
14.382704556090683 54.55354850971267 4.393324040170665 51.88780827133553 c
4.9101981226516385 51.869655586033204 12.961675927762348 51.88780827133552 c
12.961675927762348 51.88780827133552 19.85541579827006 47.29179068932909 c
23.11293598168664 47.05776844163862 19.85541579827006 47.29179068932909 d
23.11293598168664 47.05776844163862 34.38014697013085 48.596011463009376 c
34.38014697013085 48.596011463009376 27.537259461029848 39.56273666755853 c
27.537259461029848 39.56273666755853 29.038349311585772 36.23120166834492 c
29.038349311585772 36.23120166834492 25.046063555461465 35.09093736801189 c
25.046063555461465 35.09093736801189 27.343885417707387 38.699847941493694 c
27.343885417707387 38.699847941493694 19.85541579827006 36.7597922692882 c
19.85541579827006 36.7597922692882 27.282516188359445 41.31875827594878 c
27.282516188359445 41.31875827594878 23.11293598168664 47.05776844163862 c
19.64881149199045 51.88780827133553 19.85541579827006 47.29179068932909 d
19.64881149199045 51.88780827133553 18.759780216298594 61.952368114048966 c
18.759780216298594 61.952368114048966 31.399925195378586 65.85977538066928 c
31.399925195378586 65.85977538066928 19.64881149199045 51.88780827133553 c
19.85541579827006 47.29179068932909 14.87954142754341 39.60367016668281 c
14.87954142754341 39.60367016668281 14.780688294792025 40.95065741149665 c
14.780688294792025 40.95065741149665 3.8422151909632403 35.09093736801189 c
7.826811676285965 30.116368333713268 12.49989270070632 35.09093736801189 c
12.49989270070632 35.09093736801189 17.954357047726642 29.32330540492778 c
21.01768554161627 29.733814398518568 17.954357047726642 29.32330540492778 d
21.01768554161627 29.733814398518568 33.831430363334285 31.688795035404546 c
34.380146970130866 35.09093736801189 33.831430363334285 31.688795035404546 d
34.380146970130866 35.09093736801189 41.26292169564099 40.67722189338762 c
45.152144811602646 40.17362632494809 41.26292169564099 40.67722189338762 d
45.152144811602646 40.17362632494809 53.125675810096844 38.880543453220604 c
53.125675810096844 38.880543453220604 54.603664521339596 35.09093736801189 c
54.603664521339596 35.09093736801189 45.152144811602646 40.17362632494809 c
41.26292169564099 40.67722189338762 45.11541722914841 49.285172763579666 c
45.11541722914841 49.285172763579666 45.15214481160265 35.65728508289547 c
45.15214481160265 35.65728508289547 41.81688922905404 36.64959787728833 c
41.81688922905404 36.64959787728833 34.380146970130866 35.09093736801189 c
33.831430363334285 31.688795035404546 34.80423929408897 17.66469577607215 c
38.275412356825996 17.66469577607215 34.80423929408897 17.66469577607215 d
38.275412356825996 17.66469577607215 34.80423929408897 26.718026924522952 c
37.02226108379395 14.181443753287972 38.275412356825996 17.66469577607215 d
26.094945872615746 15.368223470487393 37.02226108379395 14.181443753287972 c
37.02226108379395 14.181443753287972 46.40186899415328 11.234214851025543 c
46.40186899415328 11.234214851025543 42.00416703895641 4.068350257533368 c
42.00416703895641 4.068350257533368 35.238834405652504 0.0 c
35.238834405652504 0.0 40.20105499746854 7.350633092046657 c
40.20105499746854 7.350633092046657 26.094945872615746 15.368223470487393 c
34.80423929408897 26.718026924522952 41.53947807862249 28.240705796388085 c
41.53947807862249 28.240705796388085 48.13005053719081 24.54602162114882 c
48.13005053719081 24.54602162114882 38.275412356825996 17.66469577607215 c
34.80423929408897 17.66469577607215 29.248870284534156 21.173797608080065 c
29.248870284534156 21.173797608080065 21.01768554161627 29.733814398518568 c
17.954357047726642 29.32330540492778 21.01768554161627 22.59832880722187 c
21.01768554161627 22.59832880722187 14.154370363656934 22.62292586790906 c
14.154370363656934 22.62292586790906 18.32880350244703 17.66469577607215 c
18.32880350244703 17.66469577607215 9.68498842747906 23.495257238817693 c
6.510141288621757 17.66469577607215 11.723735644807592 8.152664621480122 c
11.723735644807592 8.152664621480122 8.120548578387744 8.993791030461024 c
8.120548578387744 8.993791030461024 7.340552641247571 4.005543070460032 c
7.340552641247571 4.005543070460032 10.625238176877113 1.3505021843934113 c
11.723735644807592 0.7043752222885731 10.625238176877113 1.3505021843934113 d
11.723735644807592 0.7043752222885731 18.11083761783732 9.94700611560978 c
18.11083761783732 9.94700611560978 26.094945872615746 0.0 c
26.094945872615746 0.0 11.723735644807592 0.7043752222885731 c
10.625238176877113 1.3505021843934113 10.461284584383996 0.0 c
10.461284584383996 0.0 0.0 1.7000223107773582 c
0.2691560225735756 1.656282821638691 0.0 0.0 d
