Processando arquivo: han100_mod_pack.txt

Tempo de Inicio (hh:mm:ss.ms) 2026-04-26 15:00:40.010905
Tempo de Termino (hh:mm:ss.ms) 2026-04-26 15:00:45.828167
Tempo Total (hh:mm:ss.ms) 0:00:05.817262

Função Objetivo: 23164.566070200643

0.0 0.0 360.71873365122826 1433.6915661292635 c
360.71873365122826 1433.6915661292635 1172.6701997841744 1236.0514547668217 c
1172.6701997841744 1236.0514547668217 872.2622134563235 5.266313546484525 c
872.2622134563235 5.266313546484525 1172.6701997841744 386.4325822994312 d
1172.6701997841744 386.4325822994312 1555.3014387735047 1197.1177089698945 c
1555.3014387735047 1197.1177089698945 1933.8100774716872 2007.5147274243886 c
1933.8100774716872 2007.5147274243886 2336.6241398162933 1777.8634863636132 c
2336.6241398162933 1777.8634863636132 2487.858362874143 2110.7920703417312 d
2487.858362874143 2110.7920703417312 2251.3991284076665 2466.0892149320152 c
2001.0363039175368 2482.80319287849 2251.3991284076665 2466.0892149320152 d
2001.0363039175368 2482.80319287849 343.67858127592217 2110.7920703417312 c
343.67858127592217 2110.7920703417312 0.0 2691.816391142832 c
0.0 2691.816391142832 1389.4372860990472 3513.2007287009046 c
1389.4372860990472 3513.2007287009046 2001.0363039175368 2482.80319287849 c
2251.3991284076665 2466.0892149320152 2001.0363039175368 2824.2385901900743 c
2001.0363039175368 2824.2385901900743 2105.118327883186 3154.111087613748 c
2105.118327883186 3154.111087613748 2201.209838410771 3486.921142658461 c
2201.209838410771 3486.921142658461 2526.2104837146144 3392.3180801163044 c
2526.2104837146144 3392.3180801163044 2849.3628568497174 3293.737954749924 c
2849.3628568497174 3293.737954749924 2674.2249999210253 2705.6427869886525 c
2674.2249999210253 2705.6427869886525 2849.362856849718 2902.3151563671195 d
2849.362856849718 2902.3151563671195 3511.7838281925706 3782.7595629507528 c
3511.7838281925706 3782.7595629507528 4169.6802505091455 4667.245238444043 c
4242.398631142344 4667.245238444043 4169.6802505091455 4667.245238444043 d
4242.398631142344 4667.245238444043 4223.14341315465 5035.474146357133 c
4223.14341315465 5035.474146357133 4190.047767904043 5397.496851702297 c
4190.047767904043 5397.496851702297 4455.244777236489 5320.544485933439 c
4455.244777236489 5320.544485933439 4713.129042428849 5249.558083210995 c
4713.129042428849 5249.558083210995 5267.7473282680085 4667.245238444043 d
5267.7473282680085 4667.245238444043 5362.5082216967085 6010.747352472194 c
5209.536823991971 5714.023914097232 5267.7473282680085 4667.245238444043 c
5267.7473282680085 4667.245238444043 4713.129042428849 5330.467469701156 c
4713.129042428849 5330.467469701156 5209.536823991971 5714.023914097232 c
5362.5082216967085 6010.747352472194 5421.827686625853 6040.513048134909 c
5421.827686625853 6040.513048134909 5974.848497664189 5068.3327864850025 c
5974.848497664189 5068.3327864850025 5267.7473282680085 4667.245238444043 c
4713.129042428849 5249.558083210995 4473.927065298113 4958.837172671787 c
4473.927065298113 4958.837172671787 4242.398631142344 4667.245238444043 c
4190.047767904043 4770.36894195416 4169.6802505091455 4667.245238444043 d
4190.047767904043 4770.36894195416 3633.396780744796 4723.908113533794 c
3633.396780744796 4723.908113533794 3073.118320390131 4667.245238444043 c
2984.0301865464444 4835.268062090821 3073.118320390131 4667.245238444043 d
2984.0301865464444 4835.268062090821 2222.1476081383007 4743.640885031053 c
2222.1476081383007 4743.640885031053 1455.0170965195493 4667.245238444043 c
1455.0170965195493 4667.245238444043 1436.7529143303718 4801.704484909649 c
1436.7529143303718 4801.704484909649 1419.9580143570456 4936.871041569348 c
1419.9580143570456 5329.8419467716 1419.9580143570456 4936.871041569348 d
1419.9580143570456 5329.8419467716 0.0 4667.245238444043 c
0.0 4667.245238444043 1058.9299508725396 6124.591166048447 c
1058.9299508725396 6124.591166048447 1419.9580143570456 5329.8419467716 c
1419.9580143570456 4936.871041569348 2372.1782015088747 5048.760230419631 c
2372.1782015088747 5048.760230419631 2676.282331645524 4941.556124560538 c
2676.282331645524 4941.556124560538 2984.0301865464444 4835.268062090821 c
3073.118320390131 4667.245238444043 3030.7145599959667 5143.403220222151 c
3030.7145599959667 5143.403220222151 2984.0301865464444 5617.055318947043 c
2984.0301865464444 5617.055318947043 3547.7406396965666 5667.220650112487 c
3547.7406396965666 5667.220650112487 4099.39213168899 5714.177721366346 c
4099.39213168899 5714.177721366346 4144.011121060718 5242.9182915988495 c
4144.011121060718 5242.9182915988495 4190.047767904043 4770.36894195416 c
4169.6802505091455 4667.245238444043 4513.417185750878 4017.1000522041777 c
4513.417185750878 4017.1000522041777 4860.471840824078 3373.0506860252935 c
4860.471840824078 3373.0506860252935 4860.471840824077 3394.135058773383 d
4860.471840824077 3394.135058773383 5517.713116462921 3705.7267066097847 c
5517.713116462921 3705.7267066097847 6175.338922950347 4008.0855373893505 c
6175.338922950347 4008.0855373893505 5912.59984563866 3057.5314640598176 c
5912.59984563866 3057.5314640598176 5643.67799187458 2110.7920703417312 c
5643.67799187458 2110.7920703417312 5302.82734830941 2204.0355108437684 c
5302.82734830941 2204.0355108437684 4951.400126342397 2306.820636948135 c
4951.400126342397 2306.820636948135 4909.589204520651 2850.5790133614264 c
4909.589204520651 2850.5790133614264 4860.471840824077 3394.135058773383 c
4860.471840824078 3373.0506860252935 3916.289465956217 2110.7920703417312 c
3916.289465956217 2110.7920703417312 3380.1233900953075 2505.3242414679926 c
3380.1233900953075 2505.3242414679926 2849.362856849718 2902.3151563671195 c
2674.2249999210253 2705.6427869886525 2487.858362874143 2110.7920703417312 c
2336.6241398162933 1777.8634863636132 2741.733657890427 1536.3581929999882 c
2741.733657890427 1536.3581929999882 2286.9596037712163 769.1804205096014 c
2286.9596037712163 769.1804205096014 2774.4175719472705 662.9138001475397 d
2774.4175719472705 662.9138001475397 4216.83299033714 572.4305894060413 c
4216.83299033714 969.2436154626974 4216.83299033714 572.4305894060413 d
4216.83299033714 969.2436154626974 4660.495705665841 1388.9593869921623 c
4660.495705665841 1388.9593869921623 5299.017024700987 1131.5605627879022 d
5299.017024700987 1131.5605627879022 7516.059629335132 1113.6224875213977 c
7560.219708400344 1188.738562682519 7516.059629335132 1113.6224875213977 d
7560.219708400344 1188.738562682519 7775.837243292748 1506.1087394792405 c
7775.837243292748 1506.1087394792405 7978.431492306347 1818.832397516337 c
7978.431492306347 1818.832397516337 7324.661447859033 2110.7920703417312 d
7324.661447859033 2110.7920703417312 6175.338922950346 2384.967697909334 c
7324.661447859033 2110.7920703417312 7425.9967551896925 3084.252625347594 c
7425.9967551896925 3084.252625347594 9380.02475934731 2873.177225867704 c
9380.02475934731 2873.177225867704 9380.02475934731 2261.1167281971266 d
9463.770790089791 2692.8018951523813 9556.02640553715 3115.3856245505385 c
9556.02640553715 3115.3856245505385 9911.028906467298 3047.0359012862214 c
9911.028906467298 3047.0359012862214 10259.232906391835 2967.570160038041 c
10259.232906391835 3314.2215529498394 10259.232906391835 2967.570160038041 d
10259.232906391835 3314.2215529498394 11334.419918937514 4482.280685153067 c
11334.419918937514 4482.280685153067 11285.625478516604 5016.178521408367 d
10987.4260027303 4667.245238444043 10836.524475748158 5405.61387152086 c
10836.524475748158 5405.61387152086 10678.018595084652 6142.524077225909 c
10678.018595084652 6142.524077225909 11590.319611192976 5368.131325184303 c
11590.319611192976 5130.678716746209 11590.319611192976 5368.131325184303 d
11590.319611192976 5130.678716746209 12748.327411023678 5682.329294795103 c
12748.327411023678 5682.329294795103 12765.861071591962 5633.723732115058 c
12765.861071591962 5633.723732115058 12132.777872939427 4667.245238444043 c
12765.861071591962 4931.1929651500195 12132.777872939427 4667.245238444043 d
12765.861071591962 4931.1929651500195 13600.869272104434 5047.748649249131 c
13600.869272104434 5047.748649249131 13633.181146392359 4874.912695721577 c
13633.181146392359 4874.912695721577 13653.024060585896 4702.462455334369 c
13653.024060585896 4702.462455334369 13228.573839503551 4687.805787311511 c
13228.573839503551 4687.805787311511 12806.110320155347 4667.245238444043 c
12806.110320155347 4667.245238444043 12790.802589978724 4800.922893817593 c
12790.802589978724 4800.922893817593 12765.861071591962 4931.1929651500195 c
12132.777872939427 4667.245238444043 11590.319611192976 5130.678716746209 c
11590.319611192976 5368.131325184303 11285.625478516604 5016.178521408367 c
10678.018595084652 4847.451686108122 11285.625478516604 5016.178521408367 d
10678.018595084652 4847.451686108122 10593.592075369961 4667.245238444043 c
10593.592075369961 4667.245238444043 9620.682868730823 5104.1232735804315 c
9620.682868730823 5104.1232735804315 9620.682868730823 4874.22073568759 d
9620.682868730823 4874.22073568759 8790.593241541217 4667.245238444042 c
8790.593241541217 4667.245238444042 8398.814715637613 4958.004097061533 c
8398.814715637613 4958.004097061533 8398.814715637613 5124.351145759945 d
8398.814715637613 5124.351145759945 8084.288876575611 4895.84092697262 c
8084.288876575611 4895.84092697262 7774.562858503931 4667.245238444043 c
7774.562858503931 4667.245238444043 7560.075797191444 4955.974596740744 c
7560.075797191444 4955.974596740744 7340.350715063407 5244.552960569874 c
7340.350715063407 5244.552960569874 7785.219308427767 5576.181939915181 c
7122.351852920369 5896.430206294749 7785.219308427767 5576.181939915181 d
7122.351852920369 5896.430206294749 7340.350715063407 4687.105705205792 c
7340.350715063407 4687.105705205792 7299.190911385008 4679.86189773554 c
7299.190911385008 4679.86189773554 7253.141083664121 4667.245238444043 c
7253.141083664121 4667.245238444043 6616.241174502043 5799.632116724542 c
6616.241174502043 5799.632116724542 5974.84849766419 6935.3311129657195 c
5969.446749076243 7103.429930779077 5974.84849766419 6935.3311129657195 d
5969.446749076243 7103.429930779077 4625.031995317624 7632.807499527134 c
4625.031995317624 7632.807499527134 4573.532894089336 8005.8503956731865 c
4573.532894089336 8005.8503956731865 3928.521548523782 7846.663350291901 d
3928.521548523782 7846.663350291901 4523.683028167434 7103.429930779076 c
4523.683028167434 7103.429930779076 3824.05577459332 7720.665741354049 c
3824.05577459332 7720.665741354049 3805.3468986325115 7264.712001023636 d
3805.3468986325115 7264.712001023636 2711.8807344697857 7103.429930779076 c
2711.8807344697857 7103.429930779076 2631.27846595001 7125.990182378221 c
2631.27846595001 7125.990182378221 2552.1194802677173 7140.758998649311 c
2552.1194802677173 7140.758998649311 2157.4744213056874 7621.2145522804485 c
2157.4744213056874 7621.2145522804485 2318.8561195650923 8263.84053541674 c
2318.8561195650923 8263.84053541674 2475.5259711507492 8911.20531224466 c
2475.5259711507492 8911.20531224466 2513.709549877119 8918.861295466715 c
2513.709549877119 8918.861295466715 2538.673158431787 8917.625655192354 c
2538.673158431787 8917.625655192354 2633.947121099211 8016.0121975453285 c
2633.947121099211 8016.0121975453285 2711.8807344697857 7103.429930779076 c
2711.8807344697857 7103.429930779076 3312.840029763514 7724.666280875451 c
3312.840029763514 7724.666280875451 3805.3468986325115 7264.712001023636 c
3824.05577459332 7720.665741354049 3805.3468986325115 7740.2143036174875 c
3805.3468986325115 7740.2143036174875 3928.521548523782 7846.663350291901 c
4573.532894089336 8005.8503956731865 4523.683028167434 8375.931410019153 c
4523.683028167434 8375.931410019153 5148.332286530459 8466.034357027756 c
5148.332286530459 8466.034357027756 5761.30688592373 8549.892396112824 c
5761.30688592373 8549.892396112824 5863.869952507165 7820.529067774749 c
5863.869952507165 7820.529067774749 5969.446749076243 7103.429930779077 c
5974.84849766419 6935.3311129657195 6437.464253059437 7021.017964849037 c
6335.5185579037525 7138.6568832615185 6437.464253059437 7021.017964849037 d
6335.5185579037525 7138.6568832615185 6197.8820921706165 7103.429930779076 c
6197.8820921706165 7103.429930779076 6083.497865875026 7568.049144299101 c
6083.497865875026 7568.049144299101 5969.446749076243 8022.612744391214 c
5969.446749076243 8022.612744391214 6119.43958432648 8052.267712455749 c
6119.43958432648 8052.267712455749 6275.107542061861 8080.34155998154 c
6275.107542061861 8080.34155998154 6366.967709490727 7625.971805525376 c
6366.967709490727 7625.971805525376 6464.043042330399 7161.281480278724 c
6464.043042330399 7161.281480278724 6335.5185579037525 7138.6568832615185 c
6437.464253059437 7021.017964849037 6900.122374208754 7103.429930779077 c
7062.882946286533 7103.429930779076 6900.122374208754 7103.429930779077 d
7062.882946286533 7103.429930779076 6464.043042330399 7997.426790748533 c
6464.043042330399 7997.426790748533 7534.02750734035 8710.897971840672 c
7534.02750734035 8710.897971840672 8131.6758920980255 7808.624368385373 c
8131.6758920980255 7808.624368385373 8131.675892098026 8438.945725678339 d
8131.675892098026 8438.945725678339 10016.226144857817 8902.42144994438 c
10016.226144857817 8902.42144994438 10329.652669126368 7607.140956177494 c
10391.75964821391 7401.102966429174 10329.652669126368 7607.140956177494 d
10391.75964821391 7401.102966429174 11107.170820821391 7253.427710445443 c
11107.170820821391 7253.427710445443 11833.39604808565 7103.429930779076 c
12332.278908765844 7103.429930779076 11833.39604808565 7103.429930779076 d
12332.278908765844 7103.429930779076 12085.592596014532 8040.4473029531 c
12085.592596014532 8040.4473029531 11833.39604808565 8973.8959497413 c
11833.39604808565 8973.8959497413 11694.079460753746 9646.803371474709 d
11694.079460753746 9646.803371474709 11364.93968286035 9646.98401945708 c
11364.93968286035 9646.98401945708 11361.600694655284 9898.777004500173 c
11361.600694655284 9898.777004500173 11355.751465085666 10144.235189571535 c
11355.751465085666 10144.235189571535 11355.751465085666 10090.0735496799 d
11355.751465085666 10090.0735496799 11055.072626000876 9873.961266242186 c
11055.072626000876 9873.961266242186 10754.481232402246 9646.803371474709 c
10754.481232402246 9646.803371474709 10478.594860103913 10023.670730757698 c
10478.594860103913 10023.670730757698 10207.081924550159 10397.431619107163 c
10207.081924550159 10397.431619107163 10207.081924550159 10399.059331568858 d
10207.081924550159 10399.059331568858 9926.385361911043 10020.99316871944 c
9926.385361911043 10020.99316871944 9655.80895889725 9646.803371474709 c
9655.80895889725 9646.803371474709 9634.99978364563 10885.969884046648 c
9634.999783645631 11048.83096032674 9634.99978364563 10885.969884046648 d
9634.999783645631 11048.83096032674 8895.801114340746 9646.803371474709 c
8895.801114340746 9646.803371474709 8495.55893818732 10492.832569611768 c
8180.064842727836 10654.0747743285 8495.55893818732 10492.832569611768 d
8180.064842727836 10654.0747743285 7874.279144643826 9646.803371474709 c
7874.279144643826 9646.803371474709 7667.527139838698 9708.176355326696 c
7667.527139838698 9708.176355326696 7454.534249423771 9777.051774366633 c
7454.534249423771 9777.051774366633 7287.551719826181 10283.781396330374 c
7287.551719826181 10283.781396330374 7100.054715121445 10203.372108608057 d
7100.054715121445 10203.372108608057 7126.6881798544455 9880.483122210353 c
7126.6881798544455 9880.483122210353 4150.924575892419 9646.80337147471 c
4150.924575892419 9646.80337147471 4026.3834076013445 9646.803371474709 d
4026.3834076013445 9646.803371474709 3731.8815664152157 9820.584462807914 c
3731.8815664152157 9820.584462807914 3441.349637268337 9993.711755284021 c
3441.349637268337 9993.711755284021 3049.0062117658563 11339.546505294129 c
3049.0062117658563 11339.546505294129 3049.0062117658567 11447.764044109177 d
3049.0062117658567 11447.764044109177 2984.2108480997867 10546.23432807831 c
2984.2108480997867 10546.23432807831 2909.2601664788144 9646.803371474709 c
2909.2601664788144 9646.803371474709 2583.8971709542393 9678.964987520614 c
2583.8971709542393 9678.964987520614 2257.963654052951 9704.452220223251 c
2257.963654052951 9704.452220223251 2157.4744213056874 9646.803371474709 d
2157.4744213056874 9646.803371474709 1397.7254188267566 7103.429930779076 c
1397.7254188267566 7103.429930779076 647.4640472669423 7324.953701061189 c
647.4640472669423 7324.953701061189 580.2904340562812 7289.116775620838 d
580.2904340562812 7289.116775620838 317.2194210887213 7103.429930779076 c
317.2194210887213 7103.429930779076 0.0 7537.3846303337605 c
0.0 7537.3846303337605 647.4640472669423 8022.66190563536 c
647.4640472669423 8022.66190563536 580.2904340562812 7289.116775620838 c
647.4640472669423 7324.953701061189 1242.3615667130823 9350.099646748717 c
1242.3615667130823 9350.099646748717 1123.8226201883942 9784.51797319387 d
1123.8226201883942 9784.51797319387 38.96592359453507 9646.803371474709 c
1123.8226201883942 9784.51797319387 1123.8226201883945 9925.141593109573 d
1123.8226201883945 9925.141593109573 1508.2394110664811 10111.128551283384 c
1508.2394110664811 10111.128551283384 1603.122657973996 10028.785737686012 c
1603.122657973996 10028.785737686012 1701.5472986725758 9933.253132527243 c
1701.5472986725758 9983.567364702354 1701.5472986725758 9933.253132527243 d
1701.5472986725758 9983.567364702354 2257.963654052951 9877.266909472259 c
2257.963654052951 9877.266909472259 1930.8270520256212 9646.80337147471 c
1930.8270520256212 9646.80337147471 1701.5472986725758 9983.567364702354 c
1701.5472986725758 9933.253132527243 1565.151776513184 9790.12738105204 c
1565.151776513184 9790.12738105204 1431.3743045619788 9646.803371474709 c
1431.3743045619788 9646.803371474709 1277.7865226684357 9783.5016971508 c
1277.7865226684357 9783.5016971508 1123.8226201883945 9925.141593109573 c
38.96592359453507 9646.803371474709 0.0 9958.192789966064 c
0.0 9958.192789966064 1088.9608356761287 10093.303911709547 c
1088.9608356761287 10093.303911709547 1123.8226201883942 9784.51797319387 c
1242.3615667130823 9350.099646748717 2157.4744213056874 9646.803371474709 c
2257.963654052951 9704.452220223251 2557.6818638771524 10586.176520918685 c
2557.6818638771524 10586.176520918685 2851.6745805966184 11468.282755809472 c
2572.312991238136 11966.782522324123 2851.6745805966184 11468.282755809472 d
2572.312991238136 11966.782522324123 1287.5766345794548 12043.6206726035 c
1287.5766345794548 12043.6206726035 0.0 12127.52840339746 c
0.0 12127.52840339746 104.11561080509242 12590.546547907072 c
104.11561080509242 12590.546547907072 213.8093015757344 13049.76222127259 c
213.8093015757344 13049.76222127259 1397.9100952550439 12526.576670589744 c
1397.9100952550439 12526.576670589744 2570.7725652858994 11996.93599060627 c
2570.7725652858994 11996.93599060627 2576.462499001825 11982.770193612621 c
2576.462499001825 11982.770193612621 2572.312991238136 11966.782522324123 c
2851.6745805966184 11468.282755809472 2951.9089299847715 11459.814985971056 c
2951.9089299847715 11459.814985971056 3049.0062117658567 11447.764044109177 c
3049.0062117658563 11339.546505294129 3389.383211317054 11401.938755548827 c
3389.383211317054 11401.938755548827 3730.290126257192 11455.31190776847 c
3730.290126257192 11455.31190776847 3879.7711968365898 10547.237011973091 c
3879.7711968365898 10547.237011973091 4026.3834076013445 9646.803371474709 c
4150.924575892419 9646.80337147471 4026.3834076013445 11151.232735831152 c
4026.3834076013445 11151.232735831152 6404.7481087676315 11341.096305269251 c
6404.7481087676315 11341.096305269251 7100.054715121445 10203.372108608057 c
7287.551719826181 10283.781396330374 7126.6881798544455 10791.579671979014 c
7126.6881798544455 10791.579671979014 7301.068835802832 11383.096244950631 c
7301.068835802832 11383.096244950631 7483.573921980472 11966.782522324123 c
7483.573921980472 11966.782522324123 8495.55893818732 11657.030984522251 c
8495.55893818732 11657.030984522251 8947.54263629193 11966.782522324123 d
8947.54263629193 11966.782522324123 8348.113202865245 12379.287443952204 c
8348.113202865245 12379.287443952204 7761.57320441035 12791.422641494788 c
7761.57320441035 12791.422641494788 7759.612517960704 12951.904502831458 d
7759.612517960704 12951.904502831458 6757.19411347451 12452.862182985624 c
6757.19411347451 12452.862182985624 5767.640080070379 11966.782522324123 c
5767.640080070379 11966.782522324123 5491.057483589744 12600.780932147529 c
5491.057483589744 12600.780932147529 5212.262749678943 13236.33436403001 c
5212.262749678943 13236.33436403001 5212.262749678942 13712.226330245248 d
5212.262749678942 13712.226330245248 4171.438807658471 11966.782522324123 c
4171.438807658471 11966.782522324123 2576.462499001825 12873.978077256868 c
2576.462499001825 12873.978077256868 3586.1200747049484 14645.060025134688 c
3586.1200747049484 14645.060025134688 3224.081548804444 14645.060025134686 d
3224.081548804444 14645.060025134686 2231.8193558370117 15655.265391260831 c
2231.8193558370117 16105.862656165555 2231.8193558370117 15655.265391260831 d
2231.8193558370117 16105.862656165555 1662.3527360396379 15371.291090084691 c
1662.3527360396379 15371.291090084691 1101.6111821829281 14645.060025134688 c
1101.6111821829281 14645.060025134688 564.9132179725141 14854.905100361748 c
564.9132179725141 14854.905100361748 29.475376887286075 15065.931498032984 c
29.475376887286075 15065.931498032984 11.690065239512933 15091.121178746529 c
11.690065239512933 15091.121178746529 0.0 15115.932040247906 c
0.0 15115.932040247906 1115.6924122453584 15605.225976867036 c
1115.6924122453584 15605.225976867036 2231.8193558370117 16105.862656165555 c
2231.8193558370117 15655.265391260831 3190.4273792356535 16603.27730723333 c
3342.526932791723 16819.569863643534 3190.4273792356535 16603.27730723333 d
3342.526932791723 16819.569863643534 2709.1328193488457 18106.528969103038 c
2709.1328193488457 18106.528969103038 2544.4917101002584 18565.93456126236 d
2544.4917101002584 18565.93456126236 1436.9619016883557 20335.19022774217 c
1436.9619016883557 20335.19022774217 1103.883902703631 20120.006452215355 d
1103.883902703631 20120.006452215355 1436.9619016883557 19933.384659015002 c
1436.9619016883557 19933.384659015002 1049.123945429833 19246.056756291004 c
1049.123945429833 19246.056756291004 662.487834623835 18565.934561262362 c
662.487834623835 18565.934561262362 334.59282993144666 18750.472675311514 c
334.59282993144666 18750.472675311514 0.0 18943.73783267809 c
0.0 18943.73783267809 386.2247230664277 19619.02377419407 c
386.2247230664277 19619.02377419407 771.2882927345186 20308.989327447856 c
771.2882927345186 20308.989327447856 530.7471925219268 20335.19022774217 d
530.7471925219268 20335.19022774217 266.2004409246413 20921.400829244416 c
266.2004409246413 20921.400829244416 0.0 21520.09046117241 c
0.0 21520.09046117241 935.116766164697 21934.656926171385 c
935.116766164697 21934.656926171385 1871.572918761482 22360.9495577944 c
1871.572918761482 22360.9495577944 1503.790105822621 22616.042767631414 d
1503.790105822621 22616.042767631414 0.0 24064.622360412137 c
0.0 24064.622360412137 959.1076557154712 24198.61210046813 c
959.1076557154712 24198.61210046813 2034.8296968725779 23164.381247541776 c
2034.8296968725776 23345.89696178405 2034.8296968725779 23164.381247541776 d
2034.8296968725776 23345.89696178405 2859.1478799241304 24125.87137639062 c
2859.1478799241304 24125.87137639062 3525.838364815595 24430.365655308182 d
3525.838364815595 24430.365655308182 4137.883972807409 24824.184919824198 c
4137.883972807409 24824.184919824198 5320.845644406643 23013.0497027347 c
5320.845644406643 23038.78113800317 5320.845644406643 23013.0497027347 d
5320.845644406643 23038.78113800317 5440.254673610296 23292.591109012097 c
5440.254673610296 23292.591109012097 5546.7078162508205 23543.187881068323 c
5546.7078162508205 23543.187881068323 6003.993571095106 23324.916966544813 c
6460.366112759102 23809.285385573377 6003.993571095106 23324.916966544813 d
6460.366112759102 23809.285385573377 6863.362137886868 24006.0128571746 c
6863.362137886868 24006.0128571746 7445.743620664653 22818.61576417173 c
7445.743620664653 22818.61576417173 7038.89640558645 22616.042767631414 c
7038.89640558645 22616.042767631414 6460.366112759102 23809.285385573377 c
6003.993571095106 23324.916966544813 6460.366112759103 23111.697751307172 c
6460.366112759103 23111.697751307172 6347.5410313950415 22869.925266235292 c
6347.5410313950415 22869.925266235292 6224.230747317194 22616.042767631414 c
6224.230747317194 22616.042767631414 5775.962117498372 22831.57202048987 c
5775.962117498372 22831.57202048987 5320.845644406643 23038.78113800317 c
5320.845644406643 23013.0497027347 4708.639014185061 22616.042767631414 c
4708.639014185061 22616.042767631414 3525.838364815595 24430.365655308182 c
2859.1478799241304 24125.87137639062 3525.838364815595 23422.4744775743 c
3525.838364815595 23422.4744775743 2717.3777507020304 22616.042767631414 c
2717.3777507020304 22616.042767631414 2034.8296968725776 23345.89696178405 c
2034.8296968725779 23164.381247541776 1503.790105822621 22616.042767631414 c
1871.572918761482 22360.9495577944 2197.549462072008 21798.013706927726 c
2197.549462072008 21798.013706927726 2526.643863327995 21227.524740712568 c
2526.643863327995 21350.895282097325 2526.643863327995 21227.524740712568 d
2526.643863327995 21350.895282097325 3223.3195368268666 21623.86110721377 c
3223.3195368268666 21623.86110721377 3920.555395156663 21881.62724698227 c
3920.555395156663 21881.62724698227 4220.935096796487 21115.788815612745 c
4220.935096796487 21115.788815612745 4514.964481196954 20335.19022774217 c
4514.964481196954 20335.19022774217 4514.964481196954 20969.92693018147 d
4514.964481196954 20969.92693018147 4801.752172293784 21798.33477353888 c
4801.752172293784 21798.33477353888 6323.947715183299 21275.193039284626 c
6397.933862590139 21018.847806912276 6323.947715183299 21275.193039284626 d
6397.933862590139 21018.847806912276 7488.717425559264 20696.54321405412 c
7488.717425559264 20696.54321405412 7488.717425559263 21277.93668832542 d
7958.782823416913 20810.93101354435 7488.717425559263 21277.93668832542 c
7488.717425559263 21277.93668832542 8166.02740190113 21949.0165418873 c
8166.02740190113 21949.0165418873 8846.91273038529 22616.04276763141 c
8846.91273038529 22616.04276763141 9310.97169228647 21730.44029211204 c
9310.97169228647 21730.44029211204 9775.13220306491 20861.361116918302 c
10199.788764528263 21001.904327924593 9775.13220306491 20861.361116918302 d
10199.788764528263 21001.904327924593 9775.13220306491 21669.11010513769 c
9775.13220306491 21669.11010513769 10003.484697115233 22108.293435847427 c
10003.484697115233 22108.293435847427 10232.55382100697 22551.811190677905 c
10232.55382100697 22551.811190677905 10801.146781588735 21680.785019079078 c
10801.146781588735 21680.785019079078 11359.679480718623 20808.597076012033 c
11656.574369135275 20335.19022774217 11359.679480718623 20808.597076012033 d
11656.574369135275 20335.19022774217 11359.679480718623 21865.148102087318 c
11359.679480718623 21865.148102087318 13253.969697766634 22230.334464870073 c
13253.969697766634 22230.334464870073 13356.239671173566 21699.246699602572 c
13356.239671173566 21699.246699602572 11656.574369135275 20335.19022774217 c
11359.679480718623 20808.597076012033 10635.042505199848 20335.19022774217 c
10635.042505199848 20335.19022774217 10199.788764528263 21001.904327924593 c
9775.13220306491 20861.361116918302 9101.44873279675 20595.456577483008 c
9101.44873279675 20595.456577483008 8425.566464924512 20335.19022774217 c
8425.566464924512 20335.19022774217 7958.782823416913 20810.93101354435 c
7488.717425559264 20696.54321405412 7381.282269705965 20518.616780396642 c
7381.282269705965 20518.616780396642 7275.974092124918 20335.19022774217 c
7275.974092124918 20335.19022774217 6795.97140575491 20618.219023817142 c
6795.97140575491 20618.219023817142 6323.9477151833 20909.162059387723 c
6323.9477151833 20909.162059387723 6362.680328636842 20956.661957474364 c
6362.680328636842 20956.661957474364 6397.933862590139 21018.847806912276 c
6323.947715183299 21275.193039284626 6006.123497179069 20335.19022774217 c
6006.123497179069 20335.19022774217 4514.964481196954 20969.92693018147 c
4514.964481196954 20335.19022774217 3629.5900771840656 20550.945054112068 c
3629.5900771840656 20550.945054112068 2751.6962323671078 20758.631566624397 c
2751.6962323671078 20758.631566624397 2635.1972291129396 21053.767396661533 c
2635.1972291129396 21053.767396661533 2526.643863327995 21350.895282097325 c
2526.643863327995 21227.524740712568 1526.8692745962373 20778.562033442748 c
1526.8692745962373 20778.562033442748 530.7471925219268 20335.19022774217 c
771.2882927345186 20308.989327447856 1103.883902703631 20120.006452215355 c
2544.4917101002584 18565.93456126236 3082.224543004372 18565.934561262362 d
2874.675264512979 19981.44844643035 4864.823108560473 18834.5348038313 c
4864.823108560473 18834.5348038313 4864.823108560473 19117.626479464958 d
4864.823108560473 19117.626479464958 4893.765172169058 19149.36902619748 c
4893.765172169058 19149.36902619748 6477.508971180518 19186.406032484225 c
6477.508971180518 19186.406032484225 6602.506437713354 18565.934561262362 c
6611.725660267335 18565.934561262362 6602.506437713354 18565.934561262362 d
6611.725660267335 18565.934561262362 6610.412095970629 18867.101977576676 c
6610.412095970629 18867.101977576676 6602.506437713354 19159.87019623582 c
6602.506437713354 19159.87019623582 7315.191058851231 19168.92024488806 c
7315.191058851231 19168.92024488806 8021.780165714472 19181.047933987884 c
8021.780165714472 19181.047933987884 7783.461000685906 18885.4757377271 c
7783.461000685906 18885.4757377271 7543.330424723859 18582.54073554875 c
7543.330424723859 18582.54073554875 8021.780165714473 18948.31431278401 d
8021.780165714473 18948.31431278401 8214.715292667159 19559.277821776628 c
8214.715292667159 19559.277821776628 9896.864419977788 19028.01653891753 c
9896.864419977788 19028.01653891753 9896.864419977786 19238.106515696883 d
9896.864419977786 19238.106515696883 10383.213707401037 19249.216637259542 c
10383.213707401037 19249.216637259542 10870.30386758392 19243.58861064065 c
10870.30386758392 19090.92677290019 10870.30386758392 19243.58861064065 d
10870.30386758392 19090.92677290019 11979.859865232225 19304.881503323737 c
11979.859865232225 19304.881503323737 12111.023891087096 18795.458037955537 c
12111.023891087096 18795.458037955537 10969.149446448308 18565.934561262362 c
10969.149446448308 18565.934561262362 10870.30386758392 19090.92677290019 c
10870.30386758392 19243.58861064065 10779.74645218523 18905.86551104645 c
10779.74645218523 18905.86551104645 10685.24071159871 18565.934561262362 c
10685.24071159871 18565.934561262362 10293.927690035105 18901.615966176778 c
10293.927690035105 18901.615966176778 9896.864419977786 19238.106515696883 c
9896.864419977788 19028.01653891753 9221.125001273434 18565.934561262366 c
9221.125001273434 18565.934561262366 8021.780165714473 18948.31431278401 c
7543.330424723859 18582.54073554875 7076.08533938691 18577.92910533073 c
7076.08533938691 18577.92910533073 6611.725660267335 18565.934561262362 c
6602.506437713354 18565.934561262362 4864.823108560473 19117.626479464958 c
4864.823108560473 18834.5348038313 3082.224543004372 18565.934561262362 c
3082.224543004372 18565.934561262362 2874.675264512979 19981.44844643035 c
1436.9619016883557 20335.19022774217 2874.675264512979 19267.44276619554 c
2874.675264512979 19267.44276619554 2544.4917101002584 18565.93456126236 c
2709.1328193488457 18106.528969103038 3640.463780291658 18565.934561262362 c
3640.463780291658 18565.934561262362 3838.064382978611 18165.843951803407 c
3838.064382978611 18165.843951803407 3968.068518899227 17564.989135546013 d
4093.5882649862524 18322.25956058359 4569.12478492763 17050.745179313642 c
4586.7644349637785 17103.510215318285 4569.12478492763 17050.745179313642 d
4586.7644349637785 17103.510215318285 4596.143587381743 17282.052246968502 c
4596.143587381743 17282.052246968502 5237.7407954751 17239.42687743029 c
5237.7407954751 17239.42687743029 5865.575308323121 17195.260096274436 c
5865.575308323121 17195.260096274436 5852.6935062145585 17008.589173678516 c
5852.6935062145585 17008.589173678516 5840.953316465924 16819.569863643534 c
5840.953316465924 16819.569863643534 5205.766740447197 16872.45666484686 c
5205.766740447197 16872.45666484686 4569.12478492763 16913.863638891253 c
4569.12478492763 16913.863638891253 4586.7644349637785 17103.510215318285 c
4569.12478492763 17050.745179313642 4204.410348287274 16934.6237886563 c
4204.410348287274 16934.6237886563 3838.0643829786104 16819.569863643534 c
3838.0643829786104 16819.569863643534 3968.068518899227 17564.989135546013 c
3968.068518899227 17564.989135546013 4093.5882649862524 18322.25956058359 c
3838.064382978611 18165.843951803407 3342.526932791723 16819.569863643534 c
3190.4273792356535 16603.27730723333 2709.132819348846 16878.650022504535 d
2709.132819348846 16878.650022504535 2496.4282165207683 16819.569863643534 c
2496.4282165207683 16819.569863643534 1953.7423580495274 17058.07355875428 c
1953.7423580495274 17058.07355875428 1586.7169771671063 17295.197319993655 d
1586.7169771671063 17295.197319993655 1486.036700653133 17058.65928440747 c
1486.036700653133 17058.65928440747 1381.6559661551885 16819.569863643534 c
1381.6559661551885 16819.569863643534 692.1397900350946 17111.025083344244 c
692.1397900350946 17111.025083344244 0.0 17409.580028115786 c
0.0 17409.580028115786 794.1223095554018 17350.912031953125 c
794.1223095554018 17350.912031953125 1586.7169771671063 17295.197319993655 c
1953.7423580495274 17058.07355875428 1586.7169771671065 18370.14367763447 c
1586.7169771671065 18370.14367763447 1629.588339643593 18401.238152671365 c
1629.588339643593 18401.238152671365 2709.132819348846 16878.650022504535 c
3190.4273792356535 16603.27730723333 3445.3409799462165 16342.535455027242 c
3445.3409799462165 16342.535455027242 3224.081548804444 14645.060025134686 c
3586.1200747049484 14645.060025134688 3445.340979946217 15274.956875918451 d
3995.2737610630184 14645.060025134688 3445.340979946217 15274.956875918451 c
3445.340979946217 15274.956875918451 3603.6579995932916 15523.019070035121 c
3603.6579995932916 15523.019070035121 4278.404165644918 15063.001069047428 c
4278.404165644918 15410.1318389463 4278.404165644918 15063.001069047428 d
4278.404165644918 15410.1318389463 4424.609031893021 15571.055117418924 c
4424.609031893021 15571.055117418924 5292.914005497649 14816.948268727469 c
5292.914005497649 14816.948268727469 5818.238436329653 15216.28292697664 d
5818.238436329653 15216.28292697664 5292.91400549765 15796.516776992346 c
5292.91400549765 15796.516776992346 5905.12757317172 15672.203478161735 c
5905.12757317172 15672.203478161735 6519.489846591459 15553.415115707456 c
6519.489846591459 15553.415115707456 6519.489846591459 15764.896324498059 d
6519.489846591459 15764.896324498059 7851.120491668889 16094.305687308393 c
7851.120491668889 16094.305687308393 8119.5842091198265 14967.509827533424 c
8119.584209119827 15073.285281458851 8119.5842091198265 14967.509827533424 d
8119.584209119827 15073.285281458851 9071.09689641721 15291.94688135893 c
9071.09689641721 15291.94688135893 9172.722623284035 14857.662139591988 c
9427.964938222864 14645.060025134688 9172.722623284035 14857.662139591988 d
9427.964938222864 14645.060025134688 9301.542030851866 15733.814326978134 c
9301.542030851866 15733.814326978134 9172.722623284033 16819.569863643537 c
9172.722623284033 16819.569863643537 9502.378249283363 16819.569863643534 d
9502.378249283363 16819.569863643534 8419.661727151984 16825.872624319996 c
9502.378249283363 16819.569863643534 9504.914668044023 17246.65240778184 c
9504.914668044023 17246.65240778184 9517.49018372644 17677.249303403507 c
9517.49018372644 17677.249303403507 10745.179044059425 17329.705540408686 c
10745.179044059425 17329.705540408686 11982.919538708446 16979.679701211982 c
11982.919538708447 16819.569863643534 11982.919538708446 16979.679701211982 d
11982.919538708447 16819.569863643534 12482.127990982046 17413.382039539654 c
12482.127990982046 17413.382039539654 12982.581478735534 18010.745871053263 c
12982.581478735534 18010.745871053263 13303.836570024432 17990.432696804688 c
13303.836570024432 17990.432696804688 13616.017413198228 17978.760843102136 c
13616.017413198228 17978.760843102136 12802.968453870028 17393.14142302572 c
12802.968453870028 17393.14142302572 11982.919538708447 16819.569863643534 c
11982.919538708446 16979.679701211982 10742.65724562495 16897.056610884654 c
10742.65724562495 16897.056610884654 9502.378249283363 16819.569863643534 c
7909.796266557249 17030.31691695877 8419.661727151984 16825.872624319996 d
8389.417543870037 16892.802960072706 8351.053534625711 16819.569863643534 c
8351.053534625711 16819.569863643534 7909.796266557249 17030.31691695877 c
7909.796266557249 17030.31691695877 7472.488534062036 17230.243318769393 c
7472.488534062036 17230.243318769393 7503.142836867183 17306.849963473083 c
7503.142836867183 17306.849963473083 7472.488534062037 17319.834360246332 d
7472.488534062037 17319.834360246332 6100.97690534875 16819.569863643534 c
6100.97690534875 16819.569863643534 5865.575308323122 17456.913428943844 c
5865.575308323122 17456.913428943844 7472.488534062037 17319.834360246332 c
7503.142836867183 17306.849963473083 7538.278658340885 17373.38496717531 c
7538.278658340885 17373.38496717531 7976.038012480627 17170.81000863545 c
7976.038012480627 17170.81000863545 8419.661727151984 16972.048073374277 c
8419.661727151984 16972.048073374277 8389.417543870037 16892.802960072706 c
8419.661727151984 16825.872624319996 8439.491166160358 18292.18997691644 c
8439.491166160358 18292.18997691644 9275.439060624398 18287.20490168966 c
9275.439060624398 18287.20490168966 9502.378249283363 16819.569863643534 c
9172.722623284033 16819.569863643537 9792.994914453278 16494.835290164858 c
9792.994914453278 16494.835290164858 10405.211849853778 16177.731833935497 c
10405.211849853778 16177.731833935497 11040.013149274837 15605.822379264926 d
11040.013149274837 15605.822379264926 11125.299078748105 15721.022942348298 c
11125.299078748105 15721.022942348298 11040.013149274839 15787.228844909916 d
11040.013149274839 15787.228844909916 10926.980685071758 15212.57134536041 c
10926.980685071758 15212.57134536041 10825.542853462757 14645.060025134688 c
10825.542853462757 14645.060025134688 10618.679635079985 14677.708048580645 c
10618.679635079985 14677.708048580645 10405.211849853778 14721.427600129071 c
10405.211849853778 14721.427600129071 10453.265145817764 14948.194802171636 c
10453.265145817764 14948.194802171636 10742.531781504485 15362.760570516055 c
10742.531781504485 15362.760570516055 11040.013149274839 15787.228844909916 c
11125.299078748105 15721.022942348298 11198.326917257025 15828.260645977018 c
11198.326917257025 15828.260645977018 11874.242128930155 15350.742115335717 c
11874.242128930155 15350.742115335717 12552.159197082465 14862.044325466688 c
12552.159197082465 14862.044325466688 12470.54095039942 14751.549782832708 c
12470.54095039942 14751.549782832708 12389.107769742903 14645.060025134688 c
12389.107769742903 14645.060025134688 11040.013149274837 15605.822379264926 c
10405.211849853778 16177.731833935497 9427.964938222864 14645.060025134688 c
9172.722623284035 14857.662139591988 8209.273768237425 14645.060025134688 c
8209.273768237425 14645.060025134688 8119.584209119827 15073.285281458851 c
8119.5842091198265 14967.509827533424 6791.913113318138 14645.060025134688 c
6791.913113318138 14645.060025134688 6519.489846591459 15764.896324498059 c
6519.489846591459 15553.415115707456 6424.073291661005 15100.836519586679 c
6424.073291661005 15100.836519586679 6336.05706332054 14645.060025134688 c
6336.05706332054 14645.060025134688 5818.238436329653 15216.28292697664 c
5292.914005497649 14816.948268727469 5140.576191872125 14645.060025134688 c
5140.576191872125 14645.060025134688 4278.404165644918 15410.1318389463 c
4278.404165644918 15063.001069047428 3995.2737610630184 14645.060025134688 c
3586.1200747049484 14645.060025134688 5212.262749678942 13712.226330245248 c
5212.262749678943 13236.33436403001 6488.978148146368 13148.857657071461 c
6488.978148146368 13148.857657071461 7761.573204410351 13053.908166670417 c
7761.573204410351 13053.908166670417 7761.399780020975 13004.019308926538 c
7761.399780020975 13004.019308926538 7759.612517960704 12951.904502831458 c
7761.57320441035 12791.422641494788 8157.811079444996 13363.454042222986 c
8157.811079444996 13363.454042222986 8547.87589202979 13932.319802502581 c
8547.87589202979 13932.319802502581 9152.037751154683 13524.656149787472 c
9152.037751154683 13524.656149787472 9740.947463469256 13114.03519215262 c
9784.899423606985 12890.102797620131 9740.947463469256 13114.03519215262 d
9784.899423606985 12890.102797620131 11197.765467773635 12807.204466231191 c
11197.765467773635 12807.204466231191 12341.303954259552 11966.782522324123 c
12341.303954259552 11966.782522324123 9740.947463469258 12115.975073032889 c
9740.947463469258 12115.975073032889 9784.899423606985 12890.102797620131 c
9740.947463469256 13114.03519215262 9348.264304349948 12541.063355610626 c
9348.264304349948 12541.063355610626 8947.54263629193 11966.782522324123 c
8495.55893818732 11657.030984522251 8180.064842727836 10654.0747743285 c
8495.55893818732 10492.832569611768 9634.999783645631 11048.83096032674 c
9634.99978364563 10885.969884046648 9916.322302476841 10637.080254053844 c
9916.322302476841 10637.080254053844 10207.081924550159 10399.059331568858 c
10207.081924550159 10397.431619107163 10446.29717061263 10575.745710352146 c
10446.29717061263 10575.745710352146 10687.149954813649 10751.394902055285 c
10687.149954813649 10751.394902055285 11025.465624714807 10420.945200460583 c
11025.465624714807 10420.945200460583 11355.751465085666 10090.0735496799 c
11355.751465085666 10144.235189571535 11691.11469157584 10148.062907601457 c
11691.11469157584 10148.062907601457 12018.304121168341 10152.78704239022 c
12022.870016967432 10211.888113570007 12018.304121168341 10152.78704239022 d
12022.870016967432 10211.888113570007 12419.460399962145 10051.797122184867 c
12419.460399962145 10051.797122184867 12815.789559460512 9893.024870471681 c
12854.577229695416 9989.340429085434 12815.789559460512 9893.024870471681 d
12854.577229695416 9989.340429085434 12815.789559460512 10330.195190097467 c
12815.789559460512 10330.195190097467 13016.331709472457 10354.247140723946 c
13016.331709472457 10354.247140723946 13213.06496053791 10370.378728798527 c
13213.06496053791 10370.378728798527 13237.481690732524 10137.603049975152 c
13237.481690732524 10137.603049975152 13263.768649238504 9906.990900149165 c
13263.768649238504 9906.990900149165 13078.801811860923 9779.284719567473 c
13263.768649238504 9651.939713079662 13078.801811860923 9779.284719567473 d
13263.768649238504 9651.939713079662 13471.84371340751 10898.284342327708 c
13471.84371340751 10898.284342327708 13558.078018440907 10893.869457070314 c
13558.078018440907 10893.869457070314 13527.812417408853 9646.803371474709 c
13527.812417408853 9646.803371474709 13263.768649238504 9651.939713079662 c
13078.801811860923 9779.284719567473 12889.22013867245 9646.803371474709 c
12889.22013867245 9646.803371474709 12854.577229695416 9989.340429085434 c
12815.789559460512 9893.024870471681 12541.766291518217 9777.085623296554 c
12541.766291518217 9777.085623296554 12260.213489778369 9646.803371474709 c
12260.213489778369 9646.803371474709 12138.595152260781 9933.155782393804 c
12138.595152260781 9933.155782393804 12022.870016967432 10211.888113570007 c
12018.304121168341 10152.78704239022 12019.466181470998 9903.620387817242 c
12019.466181470998 9903.620387817242 12022.870016967432 9653.278019029462 c
12022.870016967432 9653.278019029462 11694.079460753746 9646.803371474709 c
11833.39604808565 8973.8959497413 12319.10396367799 8149.67542074379 c
12319.10396367799 8149.67542074379 12814.932043335926 7319.7671475451625 c
12814.932043335926 7319.7671475451625 12575.379286547075 7207.436291827242 c
12575.379286547075 7207.436291827242 12332.278908765844 7103.429930779076 c
11833.39604808565 7103.429930779076 11078.049347562122 7114.693396391637 c
11078.049347562122 7114.693396391637 10329.652669126368 7120.501857797852 c
10329.652669126368 7120.501857797852 10358.760289355509 7261.125381594169 c
10358.760289355509 7261.125381594169 10391.75964821391 7401.102966429174 c
10329.652669126368 7607.140956177494 8454.852432232288 7103.429930779076 c
8454.852432232288 7103.429930779076 8131.675892098026 8438.945725678339 c
8131.6758920980255 7808.624368385373 7062.882946286533 7103.429930779076 c
6900.122374208754 7103.429930779077 7122.351852920369 5896.430206294749 c
7785.219308427767 5576.181939915181 8233.135215489809 5905.1339187575695 c
8233.135215489809 5905.1339187575695 8318.925038005242 5516.84611146808 c
8318.925038005242 5516.84611146808 8398.814715637613 5124.351145759945 c
8398.814715637613 4958.004097061533 8795.885995472117 5494.064527696342 c
8795.885995472117 5494.064527696342 9620.682868730823 4874.22073568759 c
9620.682868730823 5104.1232735804315 9698.062001931981 5290.296776162848 c
9698.062001931981 5290.296776162848 10678.018595084652 4847.451686108122 c
11285.625478516604 5016.178521408367 10987.4260027303 4667.245238444043 c
11334.419918937514 4482.280685153067 12640.000485611517 3283.424949700952 c
12640.000485611517 3283.424949700952 11561.186728961418 2110.7920703417312 c
11561.186728961418 2110.7920703417312 11271.934722181919 1706.1547670609814 d
11271.934722181919 1706.1547670609814 11575.597188595766 918.6181809335548 c
11698.192817989477 655.3379897892091 11575.597188595766 918.6181809335548 d
11698.192817989477 655.3379897892091 11612.820315914767 1318.6597110424852 c
11612.820315914767 1318.6597110424852 12995.995786918003 433.52001847801165 c
12995.995786918003 433.52001847801165 12715.951690136942 0.0 c
12715.951690136942 0.0 11698.192817989477 655.3379897892091 c
11575.597188595766 918.6181809335548 11612.820315914769 34.022708298731914 c
11612.820315914769 34.022708298731914 10730.064555927582 0.0 c
10730.064555927582 0.0 10646.352462374452 1764.7909383811361 c
10646.352462374452 1764.7909383811361 11271.934722181919 1706.1547670609814 c
11561.186728961418 2110.7920703417312 10259.232906391835 3314.2215529498394 c
10259.232906391835 2967.570160038041 10163.176869383817 2545.537663112815 c
10163.176869383817 2545.537663112815 10074.235534673726 2110.7920703417312 c
10074.235534673726 2110.7920703417312 10007.09714672188 2110.7920703417312 d
10007.09714672188 2110.7920703417312 10646.352462374452 313.68267703526067 c
10646.352462374452 313.68267703526067 9780.483071702483 0.0 c
9780.483071702483 0.0 9368.340143974863 1887.5874571307027 c
9368.340143974863 1887.5874571307027 10007.09714672188 2110.7920703417312 c
10074.235534673726 2110.7920703417312 9380.02475934731 2261.1167281971266 c
9380.02475934731 2261.1167281971266 9463.770790089791 2692.8018951523813 c
9380.02475934731 2873.177225867704 7324.661447859033 2110.7920703417312 c
6175.338922950346 2384.967697909334 6320.506740470379 3959.8534737738196 c
6320.506740470379 3959.8534737738196 6353.64936829864 4048.122351680504 c
6353.64936829864 4048.122351680504 7324.661447859033 2110.7920703417312 c
7978.431492306347 1818.832397516337 8411.47828634752 1535.7406769202398 c
8411.47828634752 1535.7406769202398 8852.77849710271 1243.0209372347708 c
8852.77849710271 1243.0209372347708 9108.983373482766 622.5805820286214 c
9108.983373482766 622.5805820286214 9368.340143974863 0.0 c
9368.340143974863 0.0 8468.684684694132 592.473764963991 c
8468.684684694132 592.473764963991 7560.219708400344 1188.738562682519 c
7516.059629335132 1113.6224875213977 7560.219708400344 1041.3353933701233 c
7560.219708400344 1041.3353933701233 6124.422806895501 0.0 c
6124.422806895501 0.0 5299.017024700987 1131.5605627879022 c
4660.495705665841 1388.9593869921623 5299.017024700987 705.1730209274615 c
5299.017024700987 705.1730209274615 4552.490534706419 0.0 c
4552.490534706419 0.0 4216.83299033714 969.2436154626974 c
4216.83299033714 572.4305894060413 3810.646591438454 0.0 c
3810.646591438454 0.0 2741.733657890427 59.531042903996536 c
2741.733657890427 59.531042903996536 2774.4175719472705 662.9138001475397 c
2286.9596037712163 769.1804205096014 1834.9051812915704 0.0 c
1834.9051812915704 0.0 1505.6788529728426 195.9631993165935 c
1505.6788529728426 195.9631993165935 1172.6701997841744 386.4325822994312 c
872.2622134563235 5.266313546484525 0.0 0.0 c
