Processando arquivo: han100_pack.txt

Tempo de Inicio (hh:mm:ss.ms) 2026-04-26 15:00:35.928465
Tempo de Termino (hh:mm:ss.ms) 2026-04-26 15:00:39.468864
Tempo Total (hh:mm:ss.ms) 0:00:03.540399

Função Objetivo: 22526.510000000002

0.0 0.0 624.0 0.0 c
624.0 0.0 3024.0 0.0 c
3024.0 0.0 3960.0 0.0 c
3960.0 0.0 4680.0 0.0 c
4680.0 0.0 4874.0 0.0 c
4874.0 0.0 6602.0 0.0 c
6602.0 0.0 6634.0 0.0 d
6634.0 0.0 8138.0 0.0 c
8138.0 0.0 8510.0 0.0 c
8510.0 0.0 9470.0 0.0 c
9470.0 0.0 10006.0 0.0 c
10006.0 0.0 9470.0 1536.0 c
9470.0 1536.0 9470.0 1296.0 c
9470.0 1296.0 9470.0 0.0 c
9470.0 0.0 9470.0 1296.0 d
9470.0 1296.0 8510.0 0.0 c
8510.0 0.0 8510.0 364.0 c
8510.0 364.0 8138.0 0.0 c
8138.0 0.0 8138.0 624.0 c
8138.0 624.0 7018.0 624.0 c
7018.0 624.0 6634.0 0.0 c
6602.0 0.0 6634.0 1920.0 c
6634.0 1920.0 4874.0 1920.0 c
4874.0 1920.0 4874.0 1009.0 c
4874.0 1009.0 4874.0 0.0 c
4874.0 0.0 4874.0 1009.0 d
4874.0 1009.0 4680.0 1009.0 c
4680.0 1009.0 4680.0 0.0 c
4680.0 0.0 4680.0 1009.0 d
4680.0 1009.0 4680.0 2416.0 c
4680.0 2416.0 4451.0 2697.0 d
4451.0 2416.0 4451.0 2697.0 c
4451.0 2697.0 4451.0 2416.0 d
4451.0 2416.0 4680.0 2416.0 c
4680.0 2416.0 6384.0 2416.0 c
6384.0 2416.0 6774.0 2416.0 c
6774.0 2416.0 6997.0 2416.0 c
6997.0 2416.0 7685.0 2416.0 c
7685.0 2416.0 8752.0 2416.0 c
8752.0 2416.0 9949.0 2416.0 c
9949.0 2416.0 11479.0 2416.0 c
11479.0 2416.0 11479.0 3538.0 c
11479.0 3538.0 9949.0 3282.0 c
9949.0 3282.0 9949.0 2416.0 c
9949.0 2416.0 9949.0 3282.0 d
9949.0 3282.0 9949.0 3474.0 c
9949.0 3474.0 8752.0 3445.0 c
8752.0 3445.0 8752.0 2820.0 c
8752.0 2820.0 8752.0 2416.0 c
8752.0 2416.0 8752.0 2820.0 d
8752.0 2820.0 7685.0 2546.0 c
7685.0 2546.0 7685.0 2416.0 c
7685.0 2416.0 7493.0 2876.0 c
7493.0 2876.0 6997.0 2416.0 c
6997.0 2416.0 6997.0 3565.0 c
6997.0 3565.0 6774.0 3565.0 c
6774.0 3565.0 6774.0 3478.0 c
6774.0 3478.0 6774.0 2416.0 c
6774.0 2416.0 6774.0 3478.0 d
6774.0 3478.0 6384.0 2624.0 c
6384.0 2624.0 6384.0 2416.0 c
6384.0 2416.0 6384.0 2624.0 d
6384.0 2624.0 6384.0 3976.0 c
6384.0 3976.0 4451.0 2964.0 c
4451.0 2964.0 4451.0 2697.0 c
4451.0 2697.0 2736.0 2697.0 c
2736.0 2697.0 2736.0 2416.0 c
2448.0 2416.0 2736.0 2416.0 d
2448.0 2416.0 2736.0 4048.0 c
2736.0 4048.0 2704.0 4084.0 d
2704.0 4084.0 3296.0 4084.0 c
3296.0 4084.0 4763.0 4084.0 c
4763.0 4084.0 5435.0 4084.0 c
5435.0 4084.0 5728.0 4084.0 c
5728.0 4084.0 6096.0 4084.0 c
6096.0 4084.0 7440.0 4084.0 c
7440.0 4084.0 8016.0 5428.0 c
8016.0 5428.0 8016.0 5560.0 d
8016.0 5428.0 8016.0 4084.0 c
8016.0 4084.0 8736.0 4084.0 c
8736.0 4084.0 10080.0 4084.0 c
10080.0 4084.0 10800.0 4084.0 c
10800.0 4084.0 11481.0 4084.0 c
11481.0 4084.0 11481.0 4601.0 c
11481.0 4601.0 10800.0 4601.0 c
10800.0 4601.0 10800.0 4084.0 c
10800.0 4084.0 10800.0 4601.0 d
10800.0 4601.0 10800.0 6484.0 c
10800.0 6484.0 10080.0 5388.0 c
10080.0 5388.0 10080.0 4084.0 c
10080.0 4084.0 9888.0 4852.0 c
9888.0 4852.0 8736.0 4852.0 c
8736.0 4852.0 8736.0 4084.0 c
8736.0 4084.0 8736.0 4852.0 d
8736.0 4852.0 8736.0 5560.0 c
8736.0 5560.0 8016.0 5560.0 c
8016.0 5560.0 8016.0 5428.0 d
8016.0 5428.0 6096.0 6004.0 c
6096.0 6004.0 6096.0 4723.0 c
6096.0 4723.0 6096.0 4084.0 c
6096.0 4084.0 6096.0 4723.0 d
6096.0 4723.0 5728.0 4519.0 c
5728.0 4519.0 5728.0 4084.0 c
5728.0 4084.0 5435.0 5600.0 c
5435.0 5600.0 5435.0 4948.0 c
5435.0 4948.0 5435.0 4084.0 c
5435.0 4084.0 5435.0 4948.0 d
5435.0 4948.0 4763.0 4084.0 c
4763.0 4084.0 4763.0 4590.0 c
4763.0 4590.0 3296.0 4590.0 c
3296.0 4590.0 3296.0 4148.0 c
3296.0 4148.0 3296.0 4084.0 c
3296.0 4084.0 3296.0 4148.0 d
3296.0 4148.0 2032.0 4592.0 c
2032.0 4592.0 1512.0 4244.0 c
1512.0 4244.0 1456.0 4084.0 c
1456.0 4084.0 1456.0 6964.0 c
1456.0 6964.0 1651.0 6964.0 c
1651.0 6964.0 2611.0 6964.0 c
2611.0 6964.0 3331.0 6964.0 c
3331.0 6964.0 5731.0 6964.0 c
5731.0 6964.0 7081.0 6964.0 c
7081.0 6964.0 7925.0 6964.0 c
7925.0 6964.0 8671.0 6964.0 c
8671.0 6964.0 10417.0 6964.0 c
10417.0 6964.0 10417.0 7876.0 c
10417.0 7876.0 8671.0 7717.0 c
8671.0 7717.0 8671.0 6964.0 c
8671.0 6964.0 8671.0 7717.0 d
8671.0 7717.0 8671.0 7880.0 c
8671.0 7880.0 7925.0 7880.0 c
7925.0 7880.0 7925.0 6964.0 c
7925.0 6964.0 7925.0 7880.0 d
7925.0 7880.0 7925.0 8980.0 c
7925.0 8980.0 7081.0 8500.0 c
7081.0 8500.0 7081.0 8364.0 c
7081.0 8364.0 7081.0 6964.0 c
7081.0 6964.0 7081.0 8364.0 d
7081.0 8364.0 5731.0 8364.0 c
5731.0 8364.0 5731.0 6964.0 c
5731.0 6964.0 5131.0 8116.0 c
5131.0 8116.0 3331.0 7060.0 c
3331.0 7060.0 3331.0 6964.0 c
3331.0 6964.0 3331.0 7060.0 d
3331.0 7060.0 3331.0 9016.0 c
3331.0 9016.0 4358.0 9016.0 c
4358.0 9016.0 6083.0 9016.0 c
6083.0 9016.0 6707.0 9016.0 c
6707.0 9016.0 9259.0 9016.0 c
9259.0 9016.0 9940.0 9016.0 c
9940.0 9016.0 9940.0 9742.0 c
9940.0 9742.0 9259.0 10057.0 c
9259.0 10057.0 9259.0 9052.0 c
9259.0 9052.0 9259.0 9016.0 c
9259.0 9016.0 9259.0 9052.0 d
9259.0 9052.0 6859.0 9936.0 c
6859.0 9936.0 6707.0 9016.0 c
6707.0 9016.0 6707.0 9476.0 c
6707.0 9476.0 6083.0 9984.0 c
6083.0 9984.0 6083.0 9094.0 c
6083.0 9094.0 6083.0 9016.0 c
6083.0 9016.0 6083.0 9094.0 d
6083.0 9094.0 4358.0 10376.0 c
4358.0 10376.0 4358.0 9016.0 c
4358.0 9016.0 4358.0 10376.0 d
4358.0 10376.0 4358.0 10952.0 c
4358.0 10952.0 2822.0 9016.0 c
2822.0 9016.0 2822.0 10074.0 c
2822.0 10074.0 2522.0 10074.0 c
2522.0 10074.0 2522.0 10456.0 c
2522.0 10456.0 1786.0 11032.0 c
1786.0 11032.0 1784.0 11236.0 d
1786.0 11032.0 3304.0 11032.0 c
3304.0 11032.0 3774.0 11032.0 c
3774.0 11032.0 4979.0 11032.0 c
4979.0 11032.0 5659.0 11032.0 c
5659.0 11032.0 6907.0 11032.0 c
6907.0 11032.0 6935.0 11080.0 c
6935.0 11080.0 6935.0 11359.0 d
6935.0 11080.0 6935.0 11032.0 c
6935.0 11032.0 7732.0 11032.0 c
7732.0 11032.0 9820.0 11032.0 c
9820.0 11032.0 8824.0 12200.0 c
8824.0 12200.0 7732.0 11800.0 c
7732.0 11800.0 7732.0 11281.0 c
7732.0 11281.0 7732.0 11032.0 c
7732.0 11032.0 7732.0 11281.0 d
7732.0 11281.0 6935.0 11359.0 c
6935.0 11359.0 6935.0 11080.0 d
6935.0 11080.0 5755.0 11800.0 c
5755.0 11800.0 5659.0 11032.0 c
5659.0 11032.0 5659.0 11732.0 c
5659.0 11732.0 4979.0 12280.0 c
4979.0 12280.0 4979.0 11032.0 c
4979.0 11032.0 4979.0 12280.0 d
4979.0 12280.0 4979.0 12459.0 c
4979.0 12459.0 3774.0 12459.0 c
3774.0 12459.0 3774.0 11032.0 c
3774.0 11032.0 3774.0 12459.0 d
3774.0 12459.0 3774.0 12546.0 d
3774.0 12546.0 4102.0 12546.0 c
4102.0 12546.0 5030.0 12546.0 c
5030.0 12546.0 6122.0 12546.0 c
6122.0 12546.0 6505.0 12546.0 c
6505.0 12546.0 8665.0 12546.0 c
8665.0 12546.0 10076.0 12546.0 c
10076.0 12546.0 10876.0 12546.0 c
10876.0 12546.0 10876.0 12836.0 c
10876.0 12836.0 10076.0 13045.0 c
10076.0 13045.0 10076.0 12546.0 c
10076.0 12546.0 10076.0 13045.0 d
10076.0 13045.0 10076.0 13142.0 c
10076.0 13142.0 8665.0 14116.0 c
8665.0 14116.0 10269.0 14116.0 c
10269.0 14116.0 10269.0 15076.0 c
10269.0 15076.0 8349.0 14116.0 c
8349.0 14116.0 8349.0 14884.0 c
8349.0 14884.0 6813.0 14692.0 c
6813.0 14692.0 6333.0 14116.0 c
6333.0 14116.0 6333.0 14186.0 c
6333.0 14186.0 5145.0 14978.0 c
5145.0 14978.0 5145.0 14897.0 c
5145.0 14897.0 3836.0 15641.0 c
3836.0 15641.0 4798.0 15641.0 c
4798.0 15641.0 7248.0 15641.0 c
7248.0 15641.0 7641.0 15641.0 c
7641.0 15641.0 8687.0 15641.0 c
8687.0 15641.0 9728.0 15641.0 c
9728.0 15641.0 11072.0 15641.0 c
11072.0 15641.0 10264.0 16253.0 c
10264.0 16253.0 9728.0 15641.0 c
9728.0 15641.0 9728.0 16884.0 c
9728.0 16884.0 8687.0 16884.0 c
8687.0 16884.0 8687.0 15641.0 c
8687.0 15641.0 8687.0 16884.0 d
8687.0 16884.0 8687.0 17072.0 d
8533.0 17072.0 8687.0 17072.0 c
8533.0 17072.0 8341.0 19568.0 c
8341.0 19568.0 8380.0 19568.0 d
8341.0 19568.0 8380.0 19568.0 d
8380.0 19568.0 9836.0 19568.0 c
9836.0 19568.0 9836.0 21296.0 c
9836.0 21296.0 8380.0 21984.0 c
8380.0 21984.0 8380.0 19568.0 c
8380.0 19568.0 8248.0 20918.0 c
8248.0 20918.0 6616.0 19568.0 c
6616.0 19568.0 6136.0 19952.0 c
6136.0 19952.0 4696.0 19568.0 c
4696.0 19568.0 4696.0 21051.0 c
4696.0 21051.0 4427.0 20493.0 c
4427.0 20493.0 4427.0 20742.0 c
4427.0 20742.0 3894.0 20711.0 c
3894.0 20711.0 3894.0 20469.0 c
3894.0 20469.0 3743.0 20469.0 c
3743.0 20469.0 3743.0 21008.0 c
3743.0 21008.0 3071.0 19568.0 c
3071.0 19568.0 2159.0 21200.0 c
2159.0 21200.0 2159.0 21744.0 c
2159.0 21744.0 1423.0 21744.0 c
1423.0 21744.0 1423.0 19602.0 c
1423.0 19602.0 1248.0 20582.0 c
1248.0 20582.0 1248.0 21668.0 c
1248.0 21668.0 0.0 21544.0 c
0.0 21544.0 0.0 19568.0 c
0.0 19568.0 1248.0 19568.0 c
1248.0 19568.0 1248.0 20582.0 c
1248.0 20582.0 1248.0 19568.0 d
1248.0 19568.0 1423.0 19568.0 c
1423.0 19568.0 1423.0 19602.0 c
1423.0 19602.0 1423.0 19568.0 d
1423.0 19568.0 2159.0 19568.0 c
2159.0 19568.0 2159.0 21200.0 c
2159.0 21200.0 2159.0 19568.0 d
2159.0 19568.0 3071.0 19568.0 c
3071.0 19568.0 3743.0 19568.0 c
3743.0 19568.0 3743.0 20469.0 c
3743.0 20469.0 3743.0 19568.0 d
3743.0 19568.0 3894.0 19568.0 c
3894.0 19568.0 3894.0 20469.0 c
3894.0 20469.0 3894.0 19568.0 d
3894.0 19568.0 4427.0 19568.0 c
4427.0 19568.0 4427.0 20493.0 c
4427.0 20493.0 4427.0 19568.0 d
4427.0 19568.0 4696.0 19568.0 c
4696.0 19568.0 6616.0 19568.0 c
6616.0 19568.0 8341.0 19568.0 c
8341.0 19568.0 7669.0 17072.0 c
7669.0 17072.0 7669.0 18348.0 c
7669.0 18348.0 7017.0 18864.0 c
7017.0 18864.0 7017.0 17120.0 c
7017.0 17120.0 5753.0 17572.0 c
5753.0 17572.0 5253.0 17272.0 c
5253.0 17272.0 5177.0 17072.0 c
5177.0 17072.0 5177.0 17709.0 c
5177.0 17709.0 3642.0 18212.0 c
3642.0 18212.0 3642.0 17072.0 c
3642.0 17072.0 2970.0 17744.0 c
2970.0 17744.0 2970.0 17072.0 c
2970.0 17072.0 1458.0 18872.0 c
1458.0 18872.0 1438.0 18772.0 c
1438.0 18578.0 1438.0 18772.0 d
1438.0 18578.0 0.0 17461.0 c
0.0 17461.0 0.0 17072.0 c
0.0 17072.0 1438.0 17072.0 c
1438.0 17072.0 1438.0 18578.0 c
1438.0 18772.0 1686.0 17072.0 c
1686.0 17072.0 2970.0 17072.0 c
2970.0 17072.0 3642.0 17072.0 c
3642.0 17072.0 5177.0 17072.0 c
5177.0 17072.0 7017.0 17072.0 c
7017.0 17072.0 7017.0 17120.0 c
7017.0 17120.0 7017.0 17072.0 d
7017.0 17072.0 7669.0 17072.0 c
7669.0 17072.0 8533.0 17072.0 c
8687.0 17072.0 9065.0 17072.0 c
9065.0 17072.0 10451.0 17072.0 c
10451.0 17072.0 10451.0 17170.0 c
10451.0 17170.0 9065.0 17367.0 c
9065.0 17367.0 9065.0 17072.0 c
9065.0 17072.0 9065.0 17367.0 d
9065.0 17367.0 9065.0 18044.0 c
9065.0 18044.0 8533.0 18044.0 c
8533.0 18044.0 8533.0 17072.0 c
8687.0 16884.0 8687.0 17072.0 d
8687.0 17072.0 7641.0 16083.0 c
7641.0 16083.0 7641.0 15905.0 c
7641.0 15905.0 7641.0 15641.0 c
7641.0 15641.0 7641.0 15905.0 d
7641.0 15905.0 7248.0 16053.0 c
7248.0 16053.0 7248.0 15641.0 c
7248.0 15641.0 7248.0 16053.0 d
7248.0 16053.0 7248.0 16581.0 c
7248.0 16581.0 4798.0 15725.0 c
4798.0 15725.0 4798.0 15641.0 c
4798.0 15641.0 4446.0 16313.0 c
4446.0 16313.0 3294.0 15641.0 c
3294.0 15641.0 3294.0 16441.0 c
3294.0 16441.0 2294.0 16291.0 c
2294.0 16291.0 2294.0 16586.0 c
2294.0 16586.0 1867.0 16586.0 c
1867.0 16586.0 1867.0 16306.0 c
1867.0 16306.0 0.0 16541.0 c
0.0 16541.0 0.0 15641.0 c
0.0 15641.0 1867.0 15641.0 c
1867.0 15641.0 1867.0 16306.0 c
1867.0 16306.0 1867.0 15641.0 d
1867.0 15641.0 2294.0 15641.0 c
2294.0 15641.0 2294.0 16291.0 c
2294.0 16291.0 2294.0 15641.0 d
2294.0 15641.0 3294.0 15641.0 c
3294.0 15641.0 3836.0 15641.0 c
3836.0 15641.0 3836.0 15268.0 c
3836.0 15268.0 2492.0 15268.0 c
2492.0 15268.0 1532.0 14596.0 c
1532.0 14596.0 1532.0 14417.0 c
1532.0 14417.0 1025.0 14869.0 c
1025.0 14869.0 1025.0 14789.0 c
1025.0 14789.0 0.0 15243.0 c
0.0 15243.0 0.0 14116.0 c
0.0 14116.0 1025.0 14116.0 c
1025.0 14116.0 1025.0 14789.0 c
1025.0 14789.0 1025.0 14116.0 d
1025.0 14116.0 1532.0 14116.0 c
1532.0 14116.0 1532.0 14417.0 c
1532.0 14417.0 1532.0 14116.0 d
1532.0 14116.0 3836.0 14116.0 c
3836.0 14116.0 3836.0 15268.0 c
3836.0 15268.0 3836.0 14116.0 d
3836.0 14116.0 5145.0 14116.0 c
5145.0 14116.0 5145.0 14897.0 c
5145.0 14897.0 5145.0 14116.0 d
5145.0 14116.0 6333.0 14116.0 c
6333.0 14116.0 8349.0 14116.0 c
8349.0 14116.0 8665.0 14116.0 c
8665.0 14116.0 8665.0 12546.0 c
8665.0 12546.0 8233.0 13218.0 c
8233.0 13218.0 6505.0 12546.0 c
6505.0 12546.0 6505.0 13869.0 c
6505.0 13869.0 6122.0 13869.0 c
6122.0 13869.0 6122.0 12546.0 c
6122.0 12546.0 5798.0 13218.0 c
5798.0 13218.0 5030.0 12546.0 c
5030.0 12546.0 4102.0 13802.0 c
4102.0 13802.0 4102.0 12546.0 c
4102.0 12546.0 3702.0 13122.0 c
3702.0 13122.0 2934.0 12546.0 c
2934.0 12546.0 2934.0 13747.0 c
2934.0 13747.0 1920.0 13747.0 c
1920.0 13747.0 1920.0 13506.0 c
1920.0 13506.0 960.0 13506.0 c
960.0 13506.0 96.0 13218.0 c
96.0 13218.0 0.0 12546.0 c
0.0 12546.0 1920.0 12546.0 c
1920.0 12546.0 1920.0 13506.0 c
1920.0 13506.0 1920.0 12546.0 d
1920.0 12546.0 2934.0 12546.0 c
2934.0 12546.0 3774.0 12546.0 c
3774.0 12459.0 3774.0 12546.0 d
3774.0 12546.0 3304.0 12152.0 c
3304.0 12152.0 3304.0 11857.0 c
3304.0 11857.0 3304.0 11032.0 c
3304.0 11032.0 3304.0 11857.0 d
3304.0 11857.0 1784.0 11973.0 c
1784.0 11973.0 1784.0 11236.0 c
1784.0 11236.0 0.0 11678.0 c
0.0 11678.0 0.0 11032.0 c
0.0 11032.0 1784.0 11032.0 c
1784.0 11032.0 1784.0 11236.0 c
1784.0 11236.0 1784.0 11032.0 d
1784.0 11032.0 1786.0 11032.0 c
1786.0 11032.0 1786.0 10279.0 c
1786.0 10279.0 0.0 10240.0 c
0.0 10240.0 0.0 9016.0 c
0.0 9016.0 1786.0 9016.0 c
1786.0 9016.0 1786.0 10279.0 c
1786.0 10279.0 1786.0 9016.0 d
1786.0 9016.0 2522.0 9016.0 c
2522.0 9016.0 2522.0 10074.0 c
2522.0 10074.0 2522.0 9016.0 d
2522.0 9016.0 2822.0 9016.0 c
2822.0 9016.0 3331.0 9016.0 c
3331.0 9016.0 2611.0 7960.0 c
2611.0 7960.0 2611.0 6964.0 c
2611.0 6964.0 2611.0 7960.0 d
2611.0 7960.0 2611.0 8212.0 c
2611.0 8212.0 1651.0 6964.0 c
1651.0 6964.0 1651.0 8448.0 c
1651.0 8448.0 0.0 8448.0 c
0.0 8448.0 0.0 6964.0 c
0.0 6964.0 1152.0 6964.0 c
1152.0 6964.0 1456.0 6964.0 c
1456.0 6964.0 1152.0 6964.0 d
1152.0 6964.0 0.0 6388.0 c
0.0 6388.0 0.0 4084.0 c
0.0 4084.0 1456.0 4084.0 c
1456.0 4084.0 2704.0 4084.0 c
2736.0 4048.0 2704.0 4084.0 d
2704.0 4084.0 1776.0 2416.0 c
1776.0 2416.0 1708.0 2896.0 c
1708.0 2896.0 0.0 2416.0 c
0.0 2416.0 1776.0 2416.0 c
1776.0 2416.0 2448.0 2416.0 c
2736.0 2416.0 4451.0 2416.0 c
4680.0 2416.0 3960.0 1920.0 c
3960.0 1920.0 3960.0 309.0 c
3960.0 309.0 3960.0 0.0 c
3960.0 0.0 3960.0 309.0 d
3960.0 309.0 3024.0 271.0 c
3024.0 271.0 3024.0 56.0 c
3024.0 56.0 3024.0 0.0 c
3024.0 0.0 3024.0 56.0 d
3024.0 56.0 2224.0 864.0 c
2224.0 864.0 624.0 0.0 c
624.0 0.0 624.0 988.0 c
624.0 988.0 0.0 1504.0 c
0.0 1504.0 0.0 0.0 c
