Processando arquivo: han150_sep.txt

Tempo de Inicio (hh:mm:ss.ms) 2026-04-26 15:05:32.352852
Tempo de Termino (hh:mm:ss.ms) 2026-04-26 15:05:39.436561
Tempo Total (hh:mm:ss.ms) 0:00:07.083709

Função Objetivo: 35663.35749999998

0.0 0.0 1043.0 0.0 c
1043.0 0.0 1058.0 0.0 d
1058.0 0.0 1559.0 0.0 c
1571.0 0.0 1559.0 0.0 d
1571.0 0.0 2915.0 0.0 c
2915.0 0.0 3491.0 1344.0 c
3491.0 1344.0 1571.0 1920.0 c
1571.0 1920.0 1571.0 0.0 c
1559.0 0.0 1559.0 1847.0 c
1559.0 1847.0 1543.0 2426.0 c
1543.0 2426.0 1987.0 2432.0 d
1987.0 2432.0 0.0 2811.0 c
1987.0 2432.0 1997.0 2432.0 d
1997.0 2432.0 3194.0 2432.0 c
3194.0 2432.0 3203.0 2432.0 d
3203.0 2432.0 5603.0 2432.0 c
5609.0 2432.0 5603.0 2432.0 d
5609.0 2432.0 6072.0 2432.0 c
6072.0 2432.0 6302.0 2432.0 d
6302.0 2432.0 7323.0 2432.0 c
7329.0 2432.0 7323.0 2432.0 d
7329.0 2432.0 7722.0 2432.0 c
7722.0 2432.0 7722.0 2696.0 c
7722.0 2696.0 7329.0 2844.0 c
7329.0 2844.0 7736.0 2432.0 d
7736.0 2432.0 8360.0 2432.0 c
8365.0 2432.0 8360.0 2432.0 d
8365.0 2432.0 8755.0 2432.0 c
8755.0 2432.0 8755.0 3494.0 c
8755.0 3494.0 8365.0 2640.0 c
8365.0 2640.0 8770.0 2432.0 d
8770.0 2432.0 9302.0 2432.0 c
9302.0 2432.0 9309.0 2432.0 d
9309.0 2432.0 9842.0 2432.0 c
9847.0 2432.0 9842.0 2432.0 d
9847.0 2432.0 10154.0 2432.0 c
9847.0 2432.0 10165.0 2432.0 d
10165.0 2432.0 11255.0 2432.0 c
10202.0 2416.0 10165.0 2432.0 d
10202.0 2416.0 9482.0 1920.0 c
9482.0 1920.0 9482.0 0.0 c
9472.0 0.0 9482.0 0.0 d
9472.0 0.0 8191.0 716.0 c
8191.0 716.0 8191.0 0.0 c
8191.0 0.0 8184.0 0.0 d
8184.0 0.0 8184.0 1152.0 c
8184.0 1152.0 6840.0 1152.0 c
6840.0 1152.0 5880.0 480.0 c
5880.0 480.0 5880.0 0.0 c
5869.0 0.0 5880.0 0.0 d
5869.0 0.0 5869.0 1544.0 c
5869.0 1544.0 5830.0 1976.0 c
5830.0 1976.0 4794.0 1976.0 c
4794.0 1976.0 4794.0 0.0 c
4794.0 0.0 4786.0 0.0 d
4786.0 0.0 4786.0 1072.0 c
4786.0 1072.0 4486.0 1206.0 c
4157.0 1003.0 4486.0 1206.0 d
4157.0 1003.0 4157.0 0.0 c
4157.0 0.0 4152.0 0.0 d
4152.0 0.0 4152.0 1276.0 c
4152.0 1276.0 3500.0 1792.0 c
3500.0 1792.0 3500.0 0.0 c
3500.0 0.0 4152.0 0.0 c
4157.0 0.0 4276.0 0.0 c
4276.0 0.0 4157.0 1003.0 c
4486.0 1206.0 4286.0 1206.0 c
4286.0 1206.0 4286.0 0.0 c
4286.0 0.0 4786.0 0.0 c
4794.0 0.0 5869.0 0.0 c
5880.0 0.0 8184.0 0.0 c
8191.0 0.0 9472.0 0.0 c
9482.0 0.0 10202.0 0.0 c
10208.0 0.0 10202.0 0.0 d
10208.0 0.0 10880.0 0.0 c
10880.0 0.0 11278.0 197.0 d
11278.0 0.0 11837.0 0.0 c
11844.0 0.0 11837.0 0.0 d
11844.0 0.0 12038.0 0.0 c
12046.0 0.0 12038.0 0.0 d
12046.0 0.0 13550.0 0.0 c
13550.0 0.0 13198.0 672.0 c
13198.0 672.0 12046.0 0.0 c
12038.0 0.0 12038.0 1009.0 c
12038.0 1009.0 11844.0 1009.0 c
11844.0 1009.0 11844.0 0.0 c
11837.0 0.0 11278.0 197.0 c
11278.0 197.0 11278.0 0.0 c
10895.0 0.0 10880.0 0.0 d
10895.0 0.0 11263.0 0.0 c
11263.0 0.0 11263.0 639.0 c
11263.0 639.0 10895.0 435.0 c
10895.0 435.0 10895.0 0.0 c
10880.0 0.0 10208.0 672.0 c
10208.0 672.0 10208.0 0.0 c
10202.0 0.0 10202.0 2416.0 c
11260.0 2432.0 11255.0 2432.0 d
11260.0 2432.0 11660.0 2432.0 c
11672.0 2432.0 11660.0 2432.0 d
11672.0 2432.0 13592.0 2432.0 c
13592.0 2432.0 13112.0 2816.0 c
13112.0 2816.0 11672.0 2432.0 c
11660.0 2432.0 11260.0 2965.0 c
11260.0 2965.0 11260.0 2432.0 c
11255.0 2432.0 11255.0 4009.0 c
11255.0 4009.0 10977.0 4159.0 d
10977.0 4063.0 13377.0 4063.0 c
13384.0 4063.0 13377.0 4063.0 d
13384.0 4063.0 14104.0 4063.0 c
14104.0 4063.0 14104.0 6463.0 c
14104.0 6463.0 14533.0 6542.0 d
14533.0 6478.0 14533.0 6542.0 c
14533.0 6542.0 13269.0 6986.0 c
13269.0 6986.0 12749.0 6638.0 c
12749.0 6638.0 12693.0 6478.0 c
12693.0 6478.0 12683.0 6478.0 d
12683.0 6478.0 12683.0 7918.0 c
12683.0 7918.0 11947.0 8494.0 c
11947.0 8494.0 11657.0 8507.0 d
11657.0 8507.0 11657.0 9830.0 c
11667.0 8507.0 11657.0 8507.0 d
11667.0 10011.0 11667.0 8507.0 c
11496.0 10035.0 11667.0 10011.0 d
10717.0 10035.0 11496.0 10035.0 c
11496.0 10035.0 11508.0 10035.0 d
11508.0 10035.0 13223.0 10035.0 c
13233.0 10035.0 13223.0 10035.0 d
13233.0 10035.0 13502.0 10035.0 c
13515.0 10035.0 13502.0 10035.0 d
13515.0 10035.0 14824.0 10035.0 c
14824.0 10035.0 14824.0 10816.0 c
14824.0 10816.0 13515.0 11560.0 c
13515.0 11560.0 13515.0 10035.0 c
13502.0 10035.0 13502.0 11518.0 c
13337.0 11571.0 13502.0 11518.0 d
13337.0 11571.0 14009.0 11571.0 c
13337.0 11571.0 13322.0 11571.0 d
13322.0 11571.0 13322.0 11873.0 c
13322.0 11873.0 12973.0 12211.0 c
12973.0 12211.0 12803.0 12211.0 c
12803.0 12211.0 12803.0 11571.0 c
12803.0 11571.0 12789.0 11571.0 d
12789.0 11571.0 12789.0 12208.0 c
12789.0 12208.0 11254.0 12711.0 c
11254.0 12711.0 11254.0 11571.0 c
11254.0 11571.0 11240.0 11571.0 d
11240.0 11571.0 11240.0 12998.0 c
11240.0 12998.0 10035.0 12998.0 c
10035.0 12998.0 10035.0 11571.0 c
10035.0 11571.0 10026.0 11571.0 d
10026.0 11571.0 10026.0 11605.0 c
10026.0 11605.0 9851.0 12585.0 c
9851.0 12585.0 9851.0 11571.0 c
9851.0 11571.0 9845.0 11571.0 d
9845.0 11571.0 9845.0 11641.0 c
9845.0 11641.0 8657.0 12433.0 c
8657.0 12433.0 8657.0 11571.0 c
8644.0 11571.0 8657.0 11571.0 d
8644.0 11571.0 7132.0 13371.0 c
7132.0 13371.0 7112.0 13271.0 c
7112.0 13271.0 7360.0 11571.0 c
7374.0 11551.0 7360.0 11571.0 d
7374.0 11551.0 7374.0 10035.0 c
7374.0 10035.0 7667.0 10035.0 c
7676.0 10035.0 7667.0 10035.0 d
7676.0 10035.0 8743.0 10035.0 c
8753.0 10035.0 8743.0 10035.0 d
8753.0 10035.0 9799.0 10035.0 c
9809.0 10035.0 9799.0 10035.0 d
9809.0 10035.0 10589.0 10035.0 c
10081.0 9857.0 9809.0 10035.0 d
10081.0 9857.0 8449.0 8507.0 c
8449.0 8507.0 10213.0 8507.0 c
10219.0 8507.0 10213.0 8507.0 d
10219.0 8507.0 11259.0 8507.0 c
11259.0 8507.0 10256.0 9219.0 c
10256.0 9219.0 10219.0 8507.0 c
10213.0 8507.0 10081.0 9857.0 c
10589.0 10035.0 10709.0 11144.0 c
10709.0 11144.0 9809.0 10035.0 c
9799.0 10035.0 9799.0 11466.0 c
9799.0 11466.0 8753.0 10477.0 c
8753.0 10477.0 8753.0 10035.0 c
8743.0 10035.0 8743.0 10439.0 c
8743.0 10439.0 7676.0 10165.0 c
7676.0 10165.0 7676.0 10035.0 c
7667.0 10035.0 7374.0 11551.0 c
7107.0 11571.0 7360.0 11571.0 d
7107.0 11571.0 7107.0 12077.0 c
7107.0 12077.0 5640.0 12077.0 c
5640.0 12077.0 5640.0 11571.0 c
5640.0 11571.0 5630.0 11571.0 d
5630.0 11571.0 5630.0 13740.0 c
5630.0 11571.0 5594.0 11511.0 d
6314.0 11511.0 5594.0 11511.0 c
5594.0 11511.0 5594.0 10035.0 c
5601.0 10021.0 5594.0 10035.0 d
5601.0 10021.0 5131.0 9627.0 c
5131.0 9627.0 5131.0 8507.0 c
5131.0 8507.0 5121.0 8507.0 d
5121.0 8507.0 5121.0 9947.0 c
5121.0 9947.0 4449.0 8507.0 c
4449.0 8507.0 4442.0 8507.0 d
4442.0 8507.0 3748.0 8757.0 c
3733.0 8507.0 3748.0 8757.0 d
3665.0 8987.0 1957.0 8507.0 c
1957.0 8507.0 1948.0 8507.0 d
1948.0 8507.0 0.0 8933.0 c
0.0 8933.0 0.0 8507.0 c
0.0 8507.0 1948.0 8507.0 c
1957.0 8507.0 3733.0 8507.0 c
3733.0 8507.0 3665.0 8987.0 c
3748.0 8757.0 3748.0 8507.0 c
3748.0 8507.0 4442.0 8507.0 c
4449.0 8507.0 5121.0 8507.0 c
5131.0 8507.0 5601.0 8507.0 c
5601.0 8507.0 5912.0 8507.0 d
5612.0 8507.0 5912.0 8507.0 c
5918.0 8507.0 5912.0 8507.0 d
5918.0 8507.0 6878.0 8507.0 c
6840.0 8207.0 6878.0 8507.0 d
6840.0 8207.0 6840.0 6478.0 c
6825.0 6478.0 6840.0 6478.0 d
6825.0 6478.0 4879.0 7723.0 c
4879.0 7723.0 4879.0 6478.0 c
4879.0 6478.0 4872.0 6478.0 d
4872.0 6478.0 4872.0 6550.0 c
4872.0 6550.0 4440.0 7065.0 c
4440.0 7065.0 2860.0 7065.0 c
2860.0 7065.0 2860.0 6478.0 c
2851.0 6478.0 2860.0 6478.0 d
2851.0 6478.0 1539.0 7035.0 c
1539.0 7035.0 1539.0 6478.0 c
1539.0 6478.0 1530.0 6478.0 d
1530.0 6478.0 1530.0 7600.0 c
1530.0 7600.0 0.0 7344.0 c
0.0 7344.0 0.0 6478.0 c
0.0 6478.0 1530.0 6478.0 c
1539.0 6478.0 2851.0 6478.0 c
2860.0 6478.0 4872.0 6478.0 c
4879.0 6478.0 6825.0 6478.0 c
6840.0 6478.0 7840.0 6478.0 c
7851.0 6478.0 7840.0 6478.0 d
7851.0 6478.0 9131.0 6478.0 c
9143.0 6478.0 9131.0 6478.0 d
9143.0 6478.0 10988.0 6478.0 c
10988.0 6478.0 10988.0 6836.0 c
10988.0 6836.0 10631.0 6967.0 c
10631.0 6967.0 9143.0 6967.0 c
9143.0 6967.0 9143.0 6478.0 c
9131.0 6478.0 7851.0 7043.0 c
7851.0 7043.0 7851.0 6478.0 c
7840.0 6478.0 7840.0 7752.0 c
7840.0 7752.0 7340.0 8207.0 c
7340.0 8207.0 6840.0 8207.0 c
6884.0 8507.0 6878.0 8507.0 d
6884.0 8507.0 7537.0 8507.0 c
7537.0 8507.0 8438.0 9304.0 c
8438.0 9304.0 6884.0 8507.0 c
6878.0 8507.0 6878.0 9803.0 c
6878.0 9803.0 5918.0 8507.0 c
5912.0 8507.0 5714.0 8790.0 c
5714.0 8790.0 5612.0 8507.0 c
5601.0 8507.0 5601.0 10021.0 c
5583.0 10035.0 5594.0 10035.0 d
5583.0 10035.0 3733.0 10955.0 c
3733.0 10955.0 3733.0 10035.0 c
3733.0 10035.0 3726.0 10035.0 d
3726.0 10035.0 3534.0 10803.0 c
3534.0 10803.0 2382.0 10803.0 c
2382.0 10803.0 2382.0 10035.0 c
2373.0 10035.0 2382.0 10035.0 d
2373.0 10035.0 2373.0 11435.0 c
2373.0 11435.0 2296.0 11571.0 d
2296.0 11571.0 2977.0 11571.0 c
2296.0 11571.0 2289.0 11571.0 d
2289.0 11571.0 2289.0 11872.0 c
2289.0 11872.0 1782.0 12324.0 c
1782.0 12324.0 1782.0 11571.0 c
1769.0 11571.0 1782.0 11571.0 d
1769.0 11571.0 1769.0 11847.0 c
1769.0 11847.0 1613.0 12081.0 c
1613.0 12081.0 0.0 12081.0 c
0.0 12081.0 0.0 11571.0 c
0.0 11571.0 1769.0 11571.0 c
1782.0 11571.0 2289.0 11571.0 c
2977.0 11571.0 2977.0 12088.0 c
2977.0 12088.0 2296.0 12088.0 c
2296.0 12088.0 2296.0 11571.0 c
2373.0 11435.0 1023.0 11435.0 c
1023.0 11435.0 1023.0 10035.0 c
1023.0 10035.0 1014.0 10035.0 d
1014.0 10035.0 1014.0 11236.0 c
1014.0 11236.0 0.0 11236.0 c
0.0 11236.0 0.0 10035.0 c
0.0 10035.0 1014.0 10035.0 c
1023.0 10035.0 2373.0 10035.0 c
2382.0 10035.0 3726.0 10035.0 c
3733.0 10035.0 5583.0 10035.0 c
5594.0 10035.0 6314.0 10035.0 c
6320.0 10035.0 6314.0 10035.0 d
6320.0 10035.0 7361.0 10035.0 c
7361.0 10035.0 7361.0 11278.0 c
7361.0 11278.0 6320.0 11278.0 c
6320.0 11278.0 6320.0 10035.0 c
6314.0 10035.0 6314.0 11511.0 c
5630.0 13740.0 5495.0 13998.0 c
5495.0 13998.0 5094.0 13998.0 c
5094.0 13998.0 5017.0 14003.0 d
5017.0 14003.0 7247.0 14003.0 c
5017.0 14003.0 5010.0 14003.0 d
5010.0 14003.0 5010.0 15266.0 c
5010.0 15266.0 3224.0 15227.0 c
3224.0 15227.0 3224.0 14003.0 c
3216.0 14051.0 3224.0 14003.0 d
3188.0 14003.0 3216.0 14051.0 c
3216.0 14051.0 2036.0 14771.0 c
2036.0 14771.0 1940.0 14003.0 c
1940.0 14003.0 1933.0 14003.0 d
1933.0 14003.0 1933.0 15563.0 c
1933.0 15563.0 0.0 14551.0 c
0.0 14551.0 0.0 14003.0 c
0.0 14003.0 1933.0 14003.0 c
1940.0 14003.0 3188.0 14003.0 c
3224.0 14003.0 5010.0 14003.0 c
7255.0 14003.0 7247.0 14003.0 d
7255.0 14003.0 9001.0 14003.0 c
9011.0 14003.0 9001.0 14003.0 d
9011.0 14003.0 10422.0 14003.0 c
10422.0 14003.0 10435.0 14003.0 d
10435.0 14003.0 11891.0 14003.0 c
11901.0 14003.0 11891.0 14003.0 d
11901.0 14003.0 12926.0 14003.0 c
12940.0 14003.0 12926.0 14003.0 d
12940.0 14003.0 14591.0 14003.0 c
14591.0 14003.0 14591.0 15487.0 c
14591.0 15487.0 12940.0 15487.0 c
12940.0 15487.0 12940.0 14003.0 c
12926.0 14003.0 12926.0 14676.0 c
12926.0 14676.0 11901.0 15130.0 c
11901.0 15130.0 11901.0 14003.0 c
11891.0 14003.0 11891.0 16883.0 c
11891.0 16883.0 11667.0 16893.0 d
11667.0 16893.0 12915.0 16893.0 c
11667.0 16893.0 11662.0 16893.0 d
11662.0 16893.0 11662.0 19069.0 c
11662.0 19069.0 10926.0 19069.0 c
10916.0 18829.0 10926.0 19069.0 d
10916.0 18829.0 9380.0 16893.0 c
9380.0 16893.0 9375.0 16893.0 d
9375.0 16893.0 9183.0 19389.0 c
9183.0 19389.0 8511.0 16893.0 c
8498.0 16893.0 8511.0 16893.0 d
8498.0 16893.0 7586.0 18525.0 c
7586.0 18525.0 7586.0 16893.0 c
7586.0 16893.0 7573.0 16893.0 d
7573.0 16893.0 7573.0 18909.0 c
7573.0 18909.0 6729.0 18429.0 c
6729.0 18429.0 6729.0 16893.0 c
6729.0 16893.0 6722.0 16893.0 d
6722.0 16893.0 6722.0 17757.0 c
6722.0 17757.0 6050.0 16893.0 c
6035.0 17183.0 6050.0 16893.0 d
6035.0 16893.0 6035.0 17183.0 c
6035.0 17183.0 5235.0 17392.0 c
5059.0 17558.0 5235.0 17392.0 d
5059.0 17558.0 3192.0 17793.0 c
3192.0 17793.0 3192.0 16893.0 c
3192.0 16893.0 3177.0 16893.0 d
3177.0 16893.0 3177.0 17257.0 c
3177.0 17257.0 2805.0 16893.0 c
2805.0 16893.0 2797.0 16893.0 d
2797.0 16893.0 2797.0 18621.0 c
2797.0 18621.0 1341.0 19309.0 c
1341.0 19309.0 1341.0 16893.0 c
1341.0 16893.0 1336.0 16893.0 d
1336.0 16893.0 800.0 18429.0 c
800.0 18429.0 800.0 16893.0 c
787.0 16893.0 800.0 16893.0 d
787.0 16893.0 168.0 18251.0 c
168.0 18251.0 0.0 16893.0 c
0.0 16893.0 787.0 16893.0 c
800.0 16893.0 1336.0 16893.0 c
1341.0 16893.0 2797.0 16893.0 c
2805.0 16893.0 3177.0 16893.0 c
3192.0 16893.0 5059.0 16893.0 c
5059.0 16893.0 5059.0 17558.0 c
5235.0 17392.0 5235.0 16893.0 c
5235.0 16893.0 5225.0 16893.0 d
5225.0 16893.0 5225.0 17794.0 c
5225.0 17794.0 5074.0 17794.0 c
5074.0 17794.0 5074.0 16893.0 c
5074.0 16893.0 5225.0 16893.0 c
5235.0 16893.0 6035.0 16893.0 c
6050.0 16893.0 6722.0 16893.0 c
6729.0 16893.0 7573.0 16893.0 c
7586.0 16893.0 8498.0 16893.0 c
8511.0 16893.0 9375.0 16893.0 c
9380.0 16893.0 10916.0 16893.0 c
10916.0 16893.0 10916.0 18829.0 c
10926.0 19069.0 10926.0 16893.0 c
10926.0 16893.0 11662.0 16893.0 c
12927.0 16893.0 12915.0 16893.0 d
12927.0 16893.0 14131.0 16893.0 c
14131.0 16893.0 14174.0 17401.0 c
14174.0 17401.0 12927.0 16893.0 c
12915.0 16893.0 12915.0 18993.0 c
12915.0 18993.0 12570.0 19394.0 d
12570.0 19394.0 12144.0 20743.0 c
12578.0 19394.0 12570.0 19394.0 d
12578.0 21185.0 12578.0 19394.0 c
12408.0 21455.0 12578.0 21185.0 d
12408.0 21455.0 12408.0 23023.0 c
12408.0 23023.0 12359.0 23322.0 d
12359.0 23322.0 12359.0 24729.0 c
12364.0 23322.0 12359.0 23322.0 d
12364.0 24263.0 12364.0 23322.0 c
12364.0 23322.0 13884.0 23322.0 c
13884.0 23322.0 13884.0 24147.0 c
13884.0 24147.0 12364.0 24263.0 c
12359.0 24729.0 12192.0 25287.0 c
12192.0 25287.0 10964.0 25287.0 c
10964.0 25287.0 10964.0 23322.0 c
10964.0 23322.0 10959.0 23322.0 d
10959.0 23322.0 10014.0 23621.0 c
10014.0 23621.0 9796.0 23322.0 c
9787.0 23322.0 9796.0 23322.0 d
9787.0 23322.0 9595.0 23782.0 c
9595.0 23782.0 9099.0 23322.0 c
8865.0 23322.0 9099.0 23322.0 d
9088.0 23322.0 9088.0 24471.0 c
9088.0 24471.0 8865.0 24471.0 c
8865.0 24471.0 8865.0 23322.0 c
8865.0 23322.0 8856.0 23322.0 d
8856.0 23322.0 7928.0 24578.0 c
7928.0 24578.0 7928.0 23322.0 c
7928.0 23322.0 7923.0 23322.0 d
7923.0 23322.0 7923.0 23370.0 c
7923.0 23370.0 6659.0 23822.0 c
6659.0 23822.0 6159.0 23522.0 c
6159.0 23522.0 6083.0 23322.0 c
6075.0 23322.0 6083.0 23322.0 d
6075.0 23322.0 6075.0 24048.0 c
6075.0 24048.0 5394.0 24363.0 c
5380.0 24282.0 5394.0 24363.0 d
5380.0 24282.0 4420.0 24282.0 c
4420.0 24282.0 3556.0 23994.0 c
3556.0 23994.0 3460.0 23322.0 c
3460.0 23322.0 3451.0 23322.0 d
3451.0 23322.0 3451.0 23571.0 c
3451.0 23571.0 2654.0 23649.0 c
2654.0 23649.0 2654.0 23322.0 c
2643.0 23322.0 2654.0 23322.0 d
2643.0 23322.0 1711.0 24750.0 c
1344.0 25292.0 1711.0 24750.0 d
1344.0 25292.0 536.0 25904.0 c
536.0 25904.0 0.0 25292.0 c
0.0 25292.0 1344.0 25292.0 c
1711.0 24750.0 750.0 23322.0 c
436.0 23322.0 750.0 23322.0 d
736.0 23322.0 736.0 24380.0 c
736.0 24380.0 436.0 24380.0 c
436.0 24380.0 436.0 23322.0 c
436.0 23322.0 427.0 23322.0 d
427.0 23322.0 427.0 24267.0 c
427.0 24267.0 0.0 24267.0 c
0.0 24267.0 0.0 23322.0 c
0.0 23322.0 427.0 23322.0 c
436.0 23322.0 736.0 23322.0 c
750.0 23322.0 2643.0 23322.0 c
2654.0 23322.0 3451.0 23322.0 c
3460.0 23322.0 5380.0 23322.0 c
5380.0 23322.0 5380.0 24282.0 c
5394.0 24363.0 5394.0 23322.0 c
5394.0 23322.0 6075.0 23322.0 c
6083.0 23322.0 7923.0 23322.0 c
7928.0 23322.0 8856.0 23322.0 c
8865.0 23322.0 9088.0 23322.0 c
9099.0 23322.0 9787.0 23322.0 c
9796.0 23322.0 10959.0 23322.0 c
10964.0 23322.0 12359.0 23322.0 c
12420.0 21455.0 12408.0 21455.0 d
12420.0 21844.0 12420.0 21455.0 c
12420.0 21455.0 13858.0 21455.0 c
13870.0 21455.0 13858.0 21455.0 d
13870.0 21455.0 14870.0 21455.0 c
14870.0 21455.0 14870.0 22255.0 c
14870.0 22255.0 13870.0 22105.0 c
13870.0 22105.0 13870.0 21455.0 c
13858.0 21455.0 13858.0 22961.0 c
13858.0 22961.0 12420.0 21844.0 c
12408.0 23023.0 12338.0 23313.0 c
12338.0 23313.0 10452.0 23313.0 c
10452.0 23313.0 10452.0 21455.0 c
10452.0 21455.0 10440.0 21455.0 d
10440.0 21455.0 10440.0 22703.0 c
10440.0 22703.0 9480.0 21455.0 c
9480.0 21455.0 9468.0 21455.0 d
9468.0 21455.0 9036.0 22127.0 c
9036.0 22127.0 7308.0 21455.0 c
7308.0 21455.0 7299.0 21455.0 d
7299.0 21455.0 7299.0 22395.0 c
7299.0 22395.0 4849.0 21539.0 c
4849.0 21539.0 4849.0 21455.0 c
4849.0 21455.0 4842.0 21455.0 d
4842.0 21455.0 4294.0 22046.0 c
4294.0 22046.0 4294.0 21455.0 c
4284.0 21533.0 4294.0 21455.0 d
4284.0 21455.0 4284.0 21533.0 c
4284.0 21533.0 2559.0 22815.0 c
2559.0 22815.0 2559.0 21455.0 c
2559.0 21455.0 2552.0 21455.0 d
2552.0 21455.0 2552.0 21491.0 c
2552.0 21491.0 152.0 22375.0 c
152.0 22375.0 0.0 21455.0 c
0.0 21455.0 2552.0 21455.0 c
2559.0 21455.0 4284.0 21455.0 c
4294.0 21455.0 4842.0 21455.0 c
4849.0 21455.0 7299.0 21455.0 c
7308.0 21455.0 9468.0 21455.0 c
9480.0 21455.0 10440.0 21455.0 c
10452.0 21455.0 12408.0 21455.0 c
12578.0 19394.0 13969.0 19394.0 c
13979.0 19394.0 13969.0 19394.0 d
13979.0 19394.0 14293.0 19394.0 c
14293.0 19394.0 13979.0 20909.0 c
13979.0 20909.0 13979.0 19394.0 c
13969.0 19394.0 13969.0 20943.0 c
13969.0 20943.0 13871.0 21185.0 c
13871.0 21185.0 12578.0 21185.0 c
12144.0 20743.0 12144.0 19394.0 c
12132.0 19394.0 12144.0 19394.0 d
12132.0 19394.0 12132.0 20747.0 c
12132.0 20747.0 11775.0 21093.0 c
11775.0 21093.0 9665.0 21093.0 c
9665.0 21093.0 9665.0 19394.0 c
9650.0 19394.0 9665.0 19394.0 d
9650.0 19394.0 9650.0 20018.0 c
9650.0 20018.0 8530.0 20018.0 c
8530.0 20018.0 8146.0 19394.0 c
8146.0 19394.0 8131.0 19394.0 d
8131.0 19394.0 7851.0 19781.0 c
7851.0 19781.0 7851.0 19394.0 c
7851.0 19394.0 7837.0 19394.0 d
7837.0 19394.0 7837.0 20162.0 c
7837.0 20162.0 6301.0 19970.0 c
6301.0 19970.0 5821.0 19394.0 c
5821.0 19394.0 5815.0 19394.0 d
5815.0 19394.0 5815.0 21446.0 c
5815.0 21446.0 5095.0 20390.0 c
5095.0 20390.0 5095.0 19394.0 c
5082.0 19394.0 5095.0 19394.0 d
5082.0 19394.0 5082.0 19712.0 c
5082.0 19712.0 4976.0 20127.0 c
4976.0 20127.0 2979.0 20127.0 c
2564.0 19970.0 2979.0 20127.0 d
2564.0 19970.0 1796.0 19394.0 c
1796.0 19394.0 1784.0 19394.0 d
1784.0 19394.0 1784.0 19598.0 c
1784.0 19598.0 0.0 20040.0 c
0.0 20040.0 0.0 19394.0 c
0.0 19394.0 1784.0 19394.0 c
1796.0 19394.0 2964.0 19394.0 c
2964.0 19394.0 2564.0 19970.0 c
2979.0 20127.0 2979.0 19394.0 c
2979.0 19394.0 5082.0 19394.0 c
5095.0 19394.0 5815.0 19394.0 c
5821.0 19394.0 7837.0 19394.0 c
7851.0 19394.0 8131.0 19394.0 c
8146.0 19394.0 9650.0 19394.0 c
9665.0 19394.0 12132.0 19394.0 c
12144.0 19394.0 12570.0 19394.0 c
12915.0 18993.0 11667.0 18869.0 c
11667.0 18869.0 11667.0 16893.0 c
11891.0 16883.0 11587.0 16883.0 c
11587.0 16883.0 10435.0 16307.0 c
10435.0 16307.0 10435.0 14003.0 c
10422.0 14003.0 10422.0 14599.0 c
10422.0 14599.0 9011.0 15573.0 c
9011.0 15573.0 9011.0 14003.0 c
9001.0 14003.0 9001.0 14915.0 c
9001.0 14915.0 7255.0 14756.0 c
7255.0 14756.0 7255.0 14003.0 c
7247.0 14003.0 7247.0 14468.0 c
7247.0 14468.0 5314.0 14694.0 c
5314.0 14694.0 5017.0 14694.0 c
5017.0 14694.0 5017.0 14003.0 c
5094.0 13998.0 5094.0 11571.0 c
5080.0 11571.0 5094.0 11571.0 d
5080.0 11571.0 4084.0 12739.0 c
4084.0 12739.0 2992.0 12339.0 c
2992.0 12339.0 2992.0 11571.0 c
2992.0 11571.0 5080.0 11571.0 c
5094.0 11571.0 5630.0 11571.0 c
5640.0 11571.0 7107.0 11571.0 c
7360.0 11571.0 8644.0 11571.0 c
8657.0 11571.0 9845.0 11571.0 c
9851.0 11571.0 10026.0 11571.0 c
10035.0 11571.0 11240.0 11571.0 c
11254.0 11571.0 12789.0 11571.0 c
12803.0 11571.0 13322.0 11571.0 c
14009.0 11571.0 14297.0 13203.0 c
14297.0 13203.0 14265.0 13239.0 c
14265.0 13239.0 13337.0 11571.0 c
13502.0 11518.0 13233.0 10960.0 c
13233.0 10960.0 13233.0 10035.0 c
13223.0 10035.0 13223.0 10316.0 c
13223.0 10316.0 11508.0 10316.0 c
11508.0 10316.0 11508.0 10035.0 c
11496.0 10035.0 11496.0 10718.0 c
11496.0 10718.0 11091.0 10970.0 c
11091.0 10970.0 10717.0 10970.0 c
10717.0 10970.0 10717.0 10035.0 c
11667.0 8507.0 12291.0 8507.0 c
12291.0 8507.0 12306.0 8507.0 d
12306.0 8507.0 14247.0 8507.0 c
14261.0 8507.0 14247.0 8507.0 d
14261.0 8507.0 14789.0 8507.0 c
14789.0 8507.0 14261.0 8758.0 c
14261.0 8758.0 14261.0 8507.0 c
14247.0 8507.0 13802.0 9073.0 c
13802.0 9073.0 12306.0 8507.0 c
12291.0 8507.0 12291.0 9495.0 c
12291.0 9495.0 11667.0 10011.0 c
11657.0 9830.0 11274.0 9830.0 c
11274.0 9830.0 11274.0 8507.0 c
11274.0 8507.0 11657.0 8507.0 c
11947.0 8494.0 11947.0 6478.0 c
11947.0 6478.0 11939.0 6478.0 d
11939.0 6478.0 11939.0 6787.0 c
11939.0 6787.0 11003.0 6749.0 c
11003.0 6749.0 11003.0 6478.0 c
11003.0 6478.0 11939.0 6478.0 c
11947.0 6478.0 12683.0 6478.0 c
12693.0 6478.0 14533.0 6478.0 c
14104.0 6463.0 13384.0 5367.0 c
13384.0 5367.0 13384.0 4063.0 c
10977.0 4063.0 10970.0 4063.0 d
10970.0 4063.0 10048.0 4545.0 c
10048.0 4545.0 10048.0 4063.0 c
10048.0 4063.0 10970.0 4063.0 c
13377.0 4063.0 12777.0 5215.0 c
12777.0 5215.0 10977.0 4159.0 c
10977.0 4159.0 10977.0 4063.0 c
11255.0 4009.0 10816.0 4055.0 c
10816.0 4055.0 10165.0 4055.0 c
10038.0 4161.0 10165.0 4055.0 d
10038.0 4063.0 10038.0 4161.0 c
10038.0 4161.0 8652.0 4358.0 c
8652.0 4358.0 8652.0 4063.0 c
8652.0 4063.0 8647.0 4063.0 d
8647.0 4063.0 8647.0 4763.0 c
8647.0 4763.0 7967.0 5311.0 c
7967.0 5311.0 7967.0 4063.0 c
7967.0 4063.0 7962.0 4063.0 d
7962.0 4063.0 7638.0 4735.0 c
7638.0 4735.0 6870.0 4063.0 c
6862.0 4063.0 6870.0 4063.0 d
6862.0 4063.0 6862.0 5023.0 c
6862.0 5023.0 4942.0 4063.0 c
4928.0 4063.0 4942.0 4063.0 d
4928.0 4063.0 4928.0 5053.0 c
4928.0 5053.0 4467.0 5246.0 c
4467.0 5246.0 2532.0 5246.0 c
2532.0 5246.0 2532.0 4063.0 c
2517.0 4063.0 2532.0 4063.0 d
2517.0 4063.0 2517.0 4979.0 c
2517.0 4979.0 1771.0 4979.0 c
1771.0 4979.0 1771.0 4063.0 c
1728.0 4063.0 1771.0 4063.0 d
1728.0 4063.0 1760.0 5983.0 c
1760.0 5983.0 0.0 5983.0 c
0.0 5983.0 0.0 4063.0 c
0.0 4063.0 1728.0 4063.0 c
1771.0 4063.0 2517.0 4063.0 c
2532.0 4063.0 4928.0 4063.0 c
4942.0 4063.0 6862.0 4063.0 c
6870.0 4063.0 7962.0 4063.0 c
7967.0 4063.0 8647.0 4063.0 c
8652.0 4063.0 10038.0 4063.0 c
10165.0 4055.0 10165.0 2432.0 c
10154.0 2432.0 10154.0 3296.0 c
10154.0 3296.0 10112.0 3573.0 c
10112.0 3573.0 9847.0 3573.0 c
9847.0 3573.0 9847.0 2432.0 c
9842.0 2432.0 9842.0 3606.0 c
9842.0 3606.0 9309.0 3575.0 c
9309.0 3575.0 9309.0 2432.0 c
9302.0 2432.0 9302.0 3404.0 c
9302.0 3404.0 8770.0 3404.0 c
8770.0 3404.0 8770.0 2432.0 c
8365.0 2640.0 8365.0 2432.0 c
8360.0 2432.0 8360.0 2892.0 c
8360.0 2892.0 7736.0 3400.0 c
7736.0 3400.0 7736.0 2432.0 c
7329.0 2844.0 7329.0 2432.0 c
6302.0 2432.0 6296.0 2432.0 d
6296.0 2432.0 6087.0 3188.0 c
6087.0 3188.0 6087.0 2432.0 c
6087.0 2432.0 6296.0 2432.0 c
7323.0 2432.0 7323.0 3327.0 c
7323.0 3327.0 7202.0 3354.0 c
7202.0 3354.0 6302.0 3354.0 c
6302.0 3354.0 6302.0 2432.0 c
6072.0 2432.0 5808.0 3213.0 c
5808.0 3213.0 5609.0 2432.0 c
5603.0 2432.0 5603.0 2488.0 c
5603.0 2488.0 4803.0 3296.0 c
4803.0 3296.0 3203.0 2432.0 c
3194.0 2432.0 3194.0 3490.0 c
3194.0 3490.0 1997.0 3461.0 c
1997.0 3461.0 1997.0 2432.0 c
0.0 2811.0 0.0 2432.0 c
0.0 2432.0 1987.0 2432.0 c
1543.0 2426.0 1058.0 2426.0 c
1058.0 2426.0 1058.0 0.0 c
1043.0 0.0 0.0 335.0 c
0.0 335.0 0.0 0.0 c
