Processando arquivo: han150_pack.txt

Tempo de Inicio (hh:mm:ss.ms) 2026-04-26 15:00:51.937020
Tempo de Termino (hh:mm:ss.ms) 2026-04-26 15:00:59.516824
Tempo Total (hh:mm:ss.ms) 0:00:07.579804

Função Objetivo: 32593.5475

0.0 0.0 1043.0 0.0 c
1043.0 0.0 1544.0 0.0 c
1544.0 0.0 2888.0 0.0 c
2888.0 0.0 3464.0 1344.0 c
3464.0 1344.0 3464.0 0.0 c
3464.0 0.0 4116.0 0.0 c
4116.0 0.0 4235.0 0.0 c
4235.0 0.0 4735.0 0.0 c
4735.0 0.0 5810.0 0.0 c
5810.0 0.0 8114.0 0.0 c
8114.0 0.0 9395.0 0.0 c
9395.0 0.0 10115.0 0.0 c
10115.0 0.0 10787.0 0.0 c
10787.0 0.0 11155.0 0.0 c
11155.0 0.0 11714.0 0.0 c
11714.0 0.0 11908.0 0.0 c
11908.0 0.0 13412.0 0.0 c
13412.0 0.0 13060.0 672.0 c
13060.0 672.0 11908.0 0.0 c
11908.0 0.0 11908.0 1009.0 c
11908.0 1009.0 11714.0 1009.0 c
11714.0 1009.0 11714.0 0.0 c
11714.0 0.0 11155.0 197.0 c
11155.0 197.0 11155.0 0.0 c
11155.0 0.0 11155.0 197.0 d
11155.0 197.0 11155.0 639.0 c
11155.0 639.0 10787.0 435.0 c
10787.0 435.0 10787.0 0.0 c
10787.0 0.0 10115.0 672.0 c
10115.0 672.0 10115.0 0.0 c
10115.0 0.0 10115.0 672.0 d
10115.0 672.0 10115.0 2416.0 c
10115.0 2416.0 9395.0 1920.0 c
9395.0 1920.0 9395.0 0.0 c
9395.0 0.0 8114.0 716.0 c
8114.0 716.0 8114.0 0.0 c
8114.0 0.0 8114.0 716.0 d
8114.0 716.0 8114.0 1152.0 c
8114.0 1152.0 6770.0 1152.0 c
6770.0 1152.0 5810.0 480.0 c
5810.0 480.0 5810.0 0.0 c
5810.0 0.0 5810.0 480.0 d
5810.0 480.0 5810.0 1544.0 c
5810.0 1544.0 5771.0 1976.0 c
5771.0 1976.0 4735.0 1976.0 c
4735.0 1976.0 4735.0 1072.0 c
4735.0 1072.0 4735.0 0.0 c
4735.0 0.0 4735.0 1072.0 d
4735.0 1072.0 4435.0 1206.0 c
4435.0 1206.0 4235.0 1206.0 c
4235.0 1206.0 4235.0 0.0 c
4235.0 0.0 4116.0 1003.0 c
4116.0 1003.0 4116.0 0.0 c
4116.0 0.0 4116.0 1003.0 d
4116.0 1003.0 4116.0 1276.0 c
4116.0 1276.0 3464.0 1792.0 c
3464.0 1792.0 3464.0 1344.0 c
3464.0 1344.0 1544.0 1920.0 c
1544.0 1920.0 1544.0 1847.0 c
1544.0 1847.0 1544.0 0.0 c
1544.0 0.0 1544.0 1847.0 d
1544.0 1847.0 1528.0 2426.0 c
1528.0 2426.0 1987.0 2426.0 c
1987.0 2426.0 3184.0 2426.0 c
3184.0 2426.0 5584.0 2426.0 c
5584.0 2426.0 6047.0 2426.0 c
6047.0 2426.0 6256.0 2426.0 c
6256.0 2426.0 7277.0 2426.0 c
7277.0 2426.0 7670.0 2426.0 c
7670.0 2426.0 8294.0 2426.0 c
8294.0 2426.0 8684.0 2426.0 c
8684.0 2426.0 9216.0 2426.0 c
9216.0 2426.0 9749.0 2426.0 c
9749.0 2426.0 10056.0 2426.0 c
10056.0 2426.0 11146.0 2426.0 c
11146.0 2426.0 11546.0 2426.0 c
11546.0 2426.0 13466.0 2426.0 c
13466.0 2426.0 12986.0 2810.0 c
12986.0 2810.0 11546.0 2426.0 c
11546.0 2426.0 11146.0 2959.0 c
11146.0 2959.0 11146.0 2426.0 c
11146.0 2426.0 11146.0 2959.0 d
11146.0 2959.0 11146.0 4003.0 c
11146.0 4003.0 10707.0 4049.0 c
10707.0 4049.0 10056.0 4049.0 c
10056.0 4049.0 9980.0 4147.0 d
9980.0 4049.0 9980.0 4147.0 c
9980.0 4147.0 9980.0 4049.0 d
9980.0 4049.0 10056.0 4049.0 c
10056.0 4049.0 10707.0 4049.0 d
10707.0 4049.0 10902.0 4049.0 c
10902.0 4049.0 13302.0 4049.0 c
13302.0 4049.0 14022.0 4049.0 c
14022.0 4049.0 14022.0 6449.0 c
14022.0 6449.0 14437.0 6449.0 c
14437.0 6449.0 14437.0 6513.0 c
14437.0 6513.0 13173.0 6957.0 c
13173.0 6957.0 12653.0 6609.0 c
12653.0 6609.0 12597.0 6449.0 c
12597.0 6449.0 12597.0 7889.0 c
12597.0 7889.0 11861.0 8465.0 c
11861.0 8465.0 12185.0 8465.0 c
12185.0 8465.0 14126.0 8465.0 c
14126.0 8465.0 14654.0 8465.0 c
14654.0 8465.0 14126.0 8716.0 c
14126.0 8716.0 14126.0 8465.0 c
14126.0 8465.0 13681.0 9031.0 c
13681.0 9031.0 12185.0 8465.0 c
12185.0 8465.0 12185.0 9453.0 c
12185.0 9453.0 11561.0 9969.0 c
11561.0 9969.0 11404.0 9979.0 d
11404.0 9979.0 11404.0 10260.0 c
11404.0 10260.0 11404.0 9979.0 d
11404.0 9979.0 13119.0 9979.0 c
13119.0 9979.0 13388.0 9979.0 c
13388.0 9979.0 14697.0 9979.0 c
14697.0 9979.0 14697.0 10760.0 c
14697.0 10760.0 13388.0 11504.0 c
13388.0 11504.0 13388.0 11462.0 c
13388.0 11462.0 13388.0 9979.0 c
13388.0 9979.0 13388.0 11462.0 d
13388.0 11504.0 13388.0 11462.0 d
13388.0 11504.0 13874.0 11504.0 c
13874.0 11504.0 14162.0 13136.0 c
14162.0 13136.0 14130.0 13172.0 c
14130.0 13172.0 13202.0 11504.0 c
13202.0 11504.0 13202.0 11806.0 c
13202.0 11806.0 12853.0 12144.0 c
12853.0 12144.0 12683.0 12144.0 c
12683.0 12144.0 12683.0 12141.0 c
12683.0 12141.0 11148.0 12644.0 c
11148.0 12644.0 11148.0 12931.0 c
11148.0 12931.0 9943.0 12931.0 c
9943.0 12931.0 9943.0 11538.0 c
9943.0 11538.0 9768.0 12518.0 c
9768.0 12518.0 9768.0 11574.0 c
9768.0 11574.0 8580.0 12366.0 c
8580.0 12366.0 8580.0 11504.0 c
8580.0 11504.0 7068.0 13304.0 c
7068.0 13304.0 7048.0 13204.0 c
7048.0 13204.0 7296.0 11504.0 c
7319.0 11495.0 7296.0 11504.0 d
7319.0 11495.0 7319.0 11222.0 c
7319.0 11222.0 6278.0 11222.0 c
6278.0 11222.0 6278.0 11455.0 c
6278.0 11455.0 5558.0 11455.0 c
5558.0 11455.0 5581.0 11504.0 d
5581.0 11504.0 5581.0 12010.0 c
5581.0 12010.0 5581.0 11504.0 d
5581.0 11504.0 7048.0 11504.0 c
7048.0 11504.0 7048.0 12010.0 c
7048.0 12010.0 5581.0 12010.0 c
5581.0 12010.0 5581.0 13673.0 c
5581.0 13673.0 5446.0 13931.0 c
5446.0 13931.0 5045.0 13931.0 c
5045.0 13931.0 4995.0 13931.0 d
5045.0 13931.0 5446.0 13931.0 d
5446.0 13931.0 7225.0 13931.0 c
7225.0 13931.0 8971.0 13931.0 c
8971.0 13931.0 10382.0 13931.0 c
10382.0 13931.0 11838.0 13931.0 c
11838.0 13931.0 12863.0 13931.0 c
12863.0 13931.0 14514.0 13931.0 c
14514.0 13931.0 14514.0 15415.0 c
14514.0 15415.0 12863.0 15415.0 c
12863.0 15415.0 12863.0 14604.0 c
12863.0 14604.0 12863.0 13931.0 c
12863.0 13931.0 12863.0 14604.0 d
12863.0 14604.0 11838.0 15058.0 c
11838.0 15058.0 11838.0 13931.0 c
11838.0 13931.0 11838.0 15058.0 d
11838.0 15058.0 11838.0 16811.0 c
11838.0 16811.0 11534.0 16811.0 c
11533.0 16811.0 11534.0 16811.0 d
11534.0 16811.0 11838.0 16811.0 d
11838.0 16811.0 12781.0 16811.0 c
12781.0 16811.0 13985.0 16811.0 c
13985.0 16811.0 14028.0 17319.0 c
14028.0 17319.0 12781.0 16811.0 c
12781.0 16811.0 12781.0 18911.0 c
12781.0 18911.0 11533.0 18787.0 c
11533.0 18787.0 11533.0 18987.0 c
11533.0 18987.0 10797.0 18987.0 c
10797.0 18987.0 10797.0 18747.0 c
10797.0 18747.0 9261.0 16811.0 c
9261.0 16811.0 9069.0 19307.0 c
9069.0 19307.0 9575.0 19307.0 c
9575.0 19307.0 12042.0 19307.0 c
12042.0 19307.0 12468.0 19307.0 c
12468.0 19307.0 13859.0 19307.0 c
13859.0 19307.0 14173.0 19307.0 c
14173.0 19307.0 13859.0 20822.0 c
13859.0 20822.0 13859.0 19307.0 c
13859.0 19307.0 13859.0 20822.0 d
13859.0 20822.0 13859.0 20856.0 c
13859.0 20856.0 13761.0 21098.0 c
13761.0 21098.0 12468.0 21098.0 c
12468.0 21098.0 12468.0 19307.0 c
12468.0 19307.0 12042.0 20656.0 c
12042.0 20656.0 12042.0 19307.0 c
12042.0 19307.0 12042.0 20656.0 d
12042.0 20656.0 12042.0 20660.0 c
12042.0 20660.0 11685.0 21006.0 c
11685.0 21006.0 9575.0 21006.0 c
9575.0 21006.0 9575.0 19931.0 c
9575.0 19931.0 9575.0 19307.0 c
9575.0 19307.0 9575.0 19931.0 d
9575.0 19931.0 8455.0 19931.0 c
8455.0 19931.0 8071.0 19307.0 c
8071.0 19307.0 7791.0 19694.0 c
7791.0 19694.0 7791.0 20075.0 c
7791.0 20075.0 6255.0 19883.0 c
6255.0 19883.0 5775.0 19307.0 c
5775.0 19307.0 5775.0 21359.0 c
5775.0 21359.0 7275.0 21359.0 c
7275.0 21359.0 9435.0 21359.0 c
9435.0 21359.0 10395.0 21359.0 c
10395.0 21359.0 12351.0 21359.0 c
12351.0 21359.0 13789.0 21359.0 c
13789.0 21359.0 14789.0 21359.0 c
14789.0 21359.0 14789.0 22159.0 c
14789.0 22159.0 13789.0 22009.0 c
13789.0 22009.0 13789.0 21359.0 c
13789.0 21359.0 13789.0 22009.0 d
13789.0 22009.0 13789.0 22865.0 c
13789.0 22865.0 12351.0 21748.0 c
12351.0 21748.0 12351.0 21359.0 c
12351.0 21359.0 12351.0 21748.0 d
12351.0 21748.0 12351.0 22927.0 c
12351.0 22927.0 12281.0 23217.0 c
12281.0 23217.0 12255.0 23217.0 c
12255.0 23217.0 10860.0 23217.0 c
10860.0 23217.0 9915.0 23516.0 c
10860.0 23217.0 12255.0 23217.0 d
12255.0 23217.0 12281.0 23217.0 d
12281.0 23217.0 13775.0 23217.0 c
13775.0 23217.0 13775.0 24042.0 c
13775.0 24042.0 12255.0 24158.0 c
12255.0 24158.0 12255.0 23217.0 c
12255.0 23217.0 12255.0 24158.0 d
12255.0 24158.0 12255.0 24624.0 c
12255.0 24624.0 12088.0 25182.0 c
12088.0 25182.0 10860.0 25182.0 c
10860.0 25182.0 10860.0 23217.0 c
9915.0 23516.0 9697.0 23217.0 c
9697.0 23217.0 9505.0 23677.0 c
9505.0 23677.0 9009.0 23217.0 c
9009.0 23217.0 9009.0 24366.0 c
9009.0 24366.0 8786.0 24366.0 c
8786.0 24366.0 8786.0 23217.0 c
8786.0 23217.0 7858.0 24473.0 c
7858.0 24473.0 7858.0 23265.0 c
7858.0 23265.0 6594.0 23717.0 c
6594.0 23717.0 6094.0 23417.0 c
6094.0 23417.0 6018.0 23217.0 c
6018.0 23217.0 6018.0 23943.0 c
6018.0 23943.0 5337.0 24258.0 c
5337.0 24258.0 5337.0 24177.0 c
5337.0 24177.0 4377.0 24177.0 c
4377.0 24177.0 3513.0 23889.0 c
3513.0 23889.0 3417.0 23217.0 c
3417.0 23217.0 3417.0 23466.0 c
3417.0 23466.0 2620.0 23544.0 c
2620.0 23544.0 2620.0 23217.0 c
2620.0 23217.0 1688.0 24645.0 c
1344.0 25182.0 1688.0 24645.0 d
1344.0 25182.0 536.0 25794.0 c
536.0 25794.0 0.0 25182.0 c
0.0 25182.0 1344.0 25182.0 c
1688.0 24645.0 727.0 23217.0 c
727.0 23217.0 727.0 24275.0 c
727.0 24275.0 427.0 24275.0 c
427.0 24275.0 427.0 24162.0 c
427.0 24162.0 0.0 24162.0 c
0.0 24162.0 0.0 23217.0 c
0.0 23217.0 427.0 23217.0 c
427.0 23217.0 427.0 24162.0 c
427.0 24162.0 427.0 23217.0 d
427.0 23217.0 727.0 23217.0 c
727.0 23217.0 2620.0 23217.0 c
2620.0 23217.0 3417.0 23217.0 c
3417.0 23217.0 5337.0 23217.0 c
5337.0 23217.0 5337.0 24177.0 c
5337.0 24177.0 5337.0 23217.0 d
5337.0 23217.0 6018.0 23217.0 c
6018.0 23217.0 7858.0 23217.0 c
7858.0 23217.0 7858.0 23265.0 c
7858.0 23265.0 7858.0 23217.0 d
7858.0 23217.0 8786.0 23217.0 c
8786.0 23217.0 9009.0 23217.0 c
9009.0 23217.0 9697.0 23217.0 c
9697.0 23217.0 10395.0 23217.0 c
10395.0 23217.0 10860.0 23217.0 c
10860.0 23217.0 10395.0 23217.0 d
10395.0 23217.0 10395.0 22607.0 c
10395.0 22607.0 10395.0 21359.0 c
10395.0 21359.0 10395.0 22607.0 d
10395.0 22607.0 9435.0 21359.0 c
9435.0 21359.0 9003.0 22031.0 c
9003.0 22031.0 7275.0 21359.0 c
7275.0 21359.0 7275.0 22299.0 c
7275.0 22299.0 4825.0 21443.0 c
4825.0 21443.0 4825.0 21359.0 c
4825.0 21359.0 4277.0 21950.0 c
4277.0 21950.0 4277.0 21437.0 c
4277.0 21437.0 2552.0 22719.0 c
2552.0 22719.0 2552.0 21395.0 c
2552.0 21395.0 152.0 22279.0 c
152.0 22279.0 0.0 21359.0 c
0.0 21359.0 2552.0 21359.0 c
2552.0 21359.0 2552.0 21395.0 c
2552.0 21395.0 2552.0 21359.0 d
2552.0 21359.0 4277.0 21359.0 c
4277.0 21359.0 4277.0 21437.0 c
4277.0 21437.0 4277.0 21359.0 d
4277.0 21359.0 4825.0 21359.0 c
4825.0 21359.0 5775.0 21359.0 c
5775.0 21359.0 5055.0 20303.0 c
5055.0 20303.0 5055.0 19625.0 c
5055.0 19625.0 4949.0 20040.0 c
4949.0 20040.0 2952.0 20040.0 c
2952.0 20040.0 2952.0 19307.0 c
2952.0 19307.0 2552.0 19883.0 c
2552.0 19883.0 1784.0 19307.0 c
1784.0 19307.0 1784.0 19511.0 c
1784.0 19511.0 0.0 19953.0 c
0.0 19953.0 0.0 19307.0 c
0.0 19307.0 1784.0 19307.0 c
1784.0 19307.0 2952.0 19307.0 c
2952.0 19307.0 5055.0 19307.0 c
5055.0 19307.0 5055.0 19625.0 c
5055.0 19625.0 5055.0 19307.0 d
5055.0 19307.0 5775.0 19307.0 c
5775.0 19307.0 7791.0 19307.0 c
7791.0 19307.0 7791.0 19694.0 c
7791.0 19694.0 7791.0 19307.0 d
7791.0 19307.0 8071.0 19307.0 c
8071.0 19307.0 9069.0 19307.0 c
9069.0 19307.0 8397.0 16811.0 c
8397.0 16811.0 7485.0 18443.0 c
7485.0 18443.0 7485.0 18827.0 c
7485.0 18827.0 6641.0 18347.0 c
6641.0 18347.0 6641.0 17675.0 c
6641.0 17675.0 5969.0 16811.0 c
5969.0 16811.0 5969.0 17101.0 c
5969.0 17101.0 5169.0 17310.0 c
5169.0 17310.0 5169.0 17712.0 c
5169.0 17712.0 5018.0 17712.0 c
5018.0 17712.0 5018.0 17476.0 c
5018.0 17476.0 3151.0 17711.0 c
3151.0 17711.0 3151.0 17175.0 c
3151.0 17175.0 2779.0 16811.0 c
2779.0 16811.0 2779.0 18539.0 c
2779.0 18539.0 1323.0 19227.0 c
1323.0 19227.0 1323.0 16811.0 c
1323.0 16811.0 787.0 18347.0 c
787.0 18347.0 787.0 16811.0 c
787.0 16811.0 168.0 18169.0 c
168.0 18169.0 0.0 16811.0 c
0.0 16811.0 787.0 16811.0 c
787.0 16811.0 1323.0 16811.0 c
1323.0 16811.0 2779.0 16811.0 c
2779.0 16811.0 3151.0 16811.0 c
3151.0 16811.0 3151.0 17175.0 c
3151.0 17175.0 3151.0 16811.0 d
3151.0 16811.0 5018.0 16811.0 c
5018.0 16811.0 5018.0 17476.0 c
5018.0 17476.0 5018.0 16811.0 d
5018.0 16811.0 5169.0 16811.0 c
5169.0 16811.0 5169.0 17310.0 c
5169.0 17310.0 5169.0 16811.0 d
5169.0 16811.0 5969.0 16811.0 c
5969.0 16811.0 6641.0 16811.0 c
6641.0 16811.0 6641.0 17675.0 c
6641.0 17675.0 6641.0 16811.0 d
6641.0 16811.0 7485.0 16811.0 c
7485.0 16811.0 7485.0 18443.0 c
7485.0 18443.0 7485.0 16811.0 d
7485.0 16811.0 8397.0 16811.0 c
8397.0 16811.0 9261.0 16811.0 c
9261.0 16811.0 10797.0 16811.0 c
10797.0 16811.0 10797.0 18747.0 c
10797.0 18747.0 10797.0 16811.0 d
10797.0 16811.0 11533.0 16811.0 c
11533.0 16811.0 11533.0 18787.0 c
11533.0 18787.0 11533.0 16811.0 d
11533.0 16811.0 11534.0 16811.0 d
11534.0 16811.0 10382.0 16235.0 c
10382.0 16235.0 10382.0 14527.0 c
10382.0 14527.0 10382.0 13931.0 c
10382.0 13931.0 10382.0 14527.0 d
10382.0 14527.0 8971.0 15501.0 c
8971.0 15501.0 8971.0 14843.0 c
8971.0 14843.0 8971.0 13931.0 c
8971.0 13931.0 8971.0 14843.0 d
8971.0 14843.0 7225.0 14684.0 c
7225.0 14684.0 7225.0 14396.0 c
7225.0 14396.0 7225.0 13931.0 c
7225.0 13931.0 7225.0 14396.0 d
7225.0 14396.0 5292.0 14622.0 c
5292.0 14622.0 4995.0 14622.0 c
4995.0 14622.0 4995.0 15194.0 c
4995.0 15194.0 3209.0 15155.0 c
3209.0 15155.0 3209.0 13979.0 c
3209.0 13979.0 3209.0 13931.0 d
3209.0 13979.0 2029.0 14699.0 c
2029.0 14699.0 1933.0 13931.0 c
1933.0 13931.0 1933.0 15491.0 c
1933.0 15491.0 0.0 14479.0 c
0.0 14479.0 0.0 13931.0 c
0.0 13931.0 1933.0 13931.0 c
1933.0 13931.0 3181.0 13931.0 c
3181.0 13931.0 3209.0 13979.0 c
3209.0 13979.0 3209.0 13931.0 d
3209.0 13931.0 4995.0 13931.0 c
4995.0 13931.0 4995.0 14622.0 c
4995.0 14622.0 4995.0 13931.0 d
4995.0 13931.0 5045.0 13931.0 d
5045.0 13931.0 5045.0 11504.0 c
5045.0 11504.0 4049.0 12672.0 c
4049.0 12672.0 2957.0 12272.0 c
2957.0 12272.0 2957.0 12021.0 c
2957.0 12021.0 2276.0 12021.0 c
2276.0 12021.0 2276.0 11805.0 c
2276.0 11805.0 1769.0 12257.0 c
1769.0 12257.0 1769.0 11780.0 c
1769.0 11780.0 1613.0 12014.0 c
1613.0 12014.0 0.0 12014.0 c
0.0 12014.0 0.0 11504.0 c
0.0 11504.0 1769.0 11504.0 c
1769.0 11504.0 1769.0 11780.0 c
1769.0 11780.0 1769.0 11504.0 d
1769.0 11504.0 2276.0 11504.0 c
2276.0 11504.0 2276.0 11805.0 c
2276.0 11805.0 2276.0 11504.0 d
2276.0 11504.0 2957.0 11504.0 c
2957.0 11504.0 2957.0 12021.0 c
2957.0 12021.0 2957.0 11504.0 d
2957.0 11504.0 5045.0 11504.0 c
5045.0 11504.0 5581.0 11504.0 c
5558.0 11455.0 5558.0 9979.0 c
5560.0 9979.0 5558.0 9979.0 d
5560.0 9979.0 5090.0 9585.0 c
5090.0 9585.0 5090.0 9905.0 c
5090.0 9905.0 4418.0 8465.0 c
4418.0 8465.0 3724.0 8715.0 c
3724.0 8715.0 3724.0 8465.0 c
3724.0 8465.0 3656.0 8945.0 c
3656.0 8945.0 1948.0 8465.0 c
1948.0 8465.0 0.0 8891.0 c
0.0 8891.0 0.0 8465.0 c
0.0 8465.0 1948.0 8465.0 c
1948.0 8465.0 3724.0 8465.0 c
3724.0 8465.0 4418.0 8465.0 c
4418.0 8465.0 5090.0 8465.0 c
5090.0 8465.0 5090.0 9585.0 c
5090.0 9585.0 5090.0 8465.0 d
5090.0 8465.0 5560.0 8465.0 c
5560.0 8465.0 5860.0 8465.0 c
5860.0 8465.0 6820.0 8465.0 c
6820.0 8465.0 7473.0 8465.0 c
7473.0 8465.0 8374.0 9262.0 c
8374.0 9262.0 6820.0 8465.0 c
6820.0 8465.0 6820.0 9761.0 c
6820.0 9761.0 5860.0 8465.0 c
5860.0 8465.0 5662.0 8748.0 c
5662.0 8748.0 5560.0 8465.0 c
5560.0 8465.0 5560.0 9979.0 c
5558.0 9979.0 3708.0 10899.0 c
3708.0 10899.0 3708.0 9979.0 c
3708.0 9979.0 3516.0 10747.0 c
3516.0 10747.0 2364.0 10747.0 c
2364.0 10747.0 2364.0 11379.0 c
2364.0 11379.0 1014.0 11379.0 c
1014.0 11379.0 1014.0 11180.0 c
1014.0 11180.0 0.0 11180.0 c
0.0 11180.0 0.0 9979.0 c
0.0 9979.0 1014.0 9979.0 c
1014.0 9979.0 1014.0 11180.0 c
1014.0 11180.0 1014.0 9979.0 d
1014.0 9979.0 2364.0 9979.0 c
2364.0 9979.0 2364.0 10747.0 c
2364.0 10747.0 2364.0 9979.0 d
2364.0 9979.0 3708.0 9979.0 c
3708.0 9979.0 5558.0 9979.0 c
5558.0 9979.0 5560.0 9979.0 d
5560.0 9979.0 6278.0 9979.0 c
6278.0 9979.0 6278.0 11222.0 c
6278.0 11222.0 6278.0 9979.0 d
6278.0 9979.0 7319.0 9979.0 c
7319.0 9979.0 7319.0 11222.0 c
7319.0 11222.0 7319.0 9979.0 d
7319.0 9979.0 7612.0 9979.0 c
7612.0 9979.0 8679.0 9979.0 c
8679.0 9979.0 9725.0 9979.0 c
9725.0 9979.0 10505.0 9979.0 c
10505.0 9979.0 10625.0 11088.0 c
10625.0 11088.0 9725.0 9979.0 c
9725.0 9979.0 9725.0 11410.0 c
9725.0 11410.0 8679.0 10421.0 c
8679.0 10421.0 8679.0 10383.0 c
8679.0 10383.0 8679.0 9979.0 c
8679.0 9979.0 8679.0 10383.0 d
8679.0 10383.0 7612.0 10109.0 c
7612.0 10109.0 7612.0 9979.0 c
7612.0 9979.0 7319.0 11495.0 c
7296.0 11504.0 8580.0 11504.0 c
8580.0 11504.0 9768.0 11504.0 c
9768.0 11504.0 9768.0 11574.0 c
9768.0 11574.0 9768.0 11504.0 d
9768.0 11504.0 9943.0 11504.0 c
9943.0 11504.0 9943.0 11538.0 c
9943.0 11538.0 9943.0 11504.0 d
9943.0 11504.0 11148.0 11504.0 c
11148.0 11504.0 11148.0 12644.0 c
11148.0 12644.0 11148.0 11504.0 d
11148.0 11504.0 12683.0 11504.0 c
12683.0 11504.0 12683.0 12141.0 c
12683.0 12141.0 12683.0 11504.0 d
12683.0 11504.0 13202.0 11504.0 c
13202.0 11504.0 13388.0 11504.0 c
13388.0 11462.0 13119.0 10904.0 c
13119.0 10904.0 13119.0 10260.0 c
13119.0 10260.0 13119.0 9979.0 c
13119.0 9979.0 13119.0 10260.0 d
13119.0 10260.0 11404.0 10260.0 c
11404.0 10260.0 11404.0 10662.0 c
11404.0 10662.0 10999.0 10914.0 c
10999.0 10914.0 10625.0 10914.0 c
10625.0 10914.0 10625.0 9979.0 c
10625.0 9979.0 11404.0 9979.0 c
11561.0 9969.0 11561.0 9788.0 c
11561.0 9788.0 11178.0 9788.0 c
11178.0 9788.0 11178.0 8465.0 c
11178.0 8465.0 10175.0 9177.0 c
10175.0 9177.0 10138.0 8465.0 c
10138.0 8465.0 10006.0 9815.0 c
10006.0 9815.0 8374.0 8465.0 c
8374.0 8465.0 10138.0 8465.0 c
10138.0 8465.0 11178.0 8465.0 c
11178.0 8465.0 11561.0 8465.0 c
11561.0 8465.0 11561.0 9788.0 c
11561.0 9788.0 11561.0 8465.0 d
11561.0 8465.0 11861.0 8465.0 c
11861.0 8465.0 11861.0 6758.0 c
11861.0 6758.0 10925.0 6720.0 c
10925.0 6720.0 10925.0 6807.0 c
10925.0 6807.0 10568.0 6938.0 c
10568.0 6938.0 9080.0 6938.0 c
9080.0 6938.0 9080.0 6449.0 c
9080.0 6449.0 7800.0 7014.0 c
7800.0 7014.0 7800.0 7723.0 c
7800.0 7723.0 7300.0 8178.0 c
7300.0 8178.0 6800.0 8178.0 c
6800.0 8178.0 6800.0 6449.0 c
6800.0 6449.0 4854.0 7694.0 c
4854.0 7694.0 4854.0 6521.0 c
4854.0 6521.0 4422.0 7036.0 c
4422.0 7036.0 2842.0 7036.0 c
2842.0 7036.0 2842.0 6449.0 c
2842.0 6449.0 1530.0 7006.0 c
1530.0 7006.0 1530.0 7571.0 c
1530.0 7571.0 0.0 7315.0 c
0.0 7315.0 0.0 6449.0 c
0.0 6449.0 1530.0 6449.0 c
1530.0 6449.0 1530.0 7006.0 c
1530.0 7006.0 1530.0 6449.0 d
1530.0 6449.0 2842.0 6449.0 c
2842.0 6449.0 4854.0 6449.0 c
4854.0 6449.0 4854.0 6521.0 c
4854.0 6521.0 4854.0 6449.0 d
4854.0 6449.0 6800.0 6449.0 c
6800.0 6449.0 7800.0 6449.0 c
7800.0 6449.0 7800.0 7014.0 c
7800.0 7014.0 7800.0 6449.0 d
7800.0 6449.0 9080.0 6449.0 c
9080.0 6449.0 10925.0 6449.0 c
10925.0 6449.0 10925.0 6720.0 c
10925.0 6720.0 10925.0 6449.0 d
10925.0 6449.0 11861.0 6449.0 c
11861.0 6449.0 11861.0 6758.0 c
11861.0 6758.0 11861.0 6449.0 d
11861.0 6449.0 12597.0 6449.0 c
12597.0 6449.0 14022.0 6449.0 c
14022.0 6449.0 13302.0 5353.0 c
13302.0 5353.0 13302.0 4049.0 c
13302.0 4049.0 12702.0 5201.0 c
12702.0 5201.0 10902.0 4145.0 c
10902.0 4145.0 10902.0 4049.0 c
10902.0 4049.0 9980.0 4531.0 c
9980.0 4531.0 9980.0 4147.0 c
9980.0 4147.0 8594.0 4344.0 c
8594.0 4344.0 8594.0 4749.0 c
8594.0 4749.0 7914.0 5297.0 c
7914.0 5297.0 7914.0 4049.0 c
7914.0 4049.0 7590.0 4721.0 c
7590.0 4721.0 6822.0 4049.0 c
6822.0 4049.0 6822.0 5009.0 c
6822.0 5009.0 4902.0 4049.0 c
4902.0 4049.0 4902.0 5039.0 c
4902.0 5039.0 4441.0 5232.0 c
4441.0 5232.0 2506.0 5232.0 c
2506.0 5232.0 2506.0 4965.0 c
2506.0 4965.0 1760.0 4965.0 c
1760.0 4965.0 1760.0 4049.0 c
1728.0 4049.0 1760.0 4049.0 d
1728.0 4049.0 1760.0 5969.0 c
1760.0 5969.0 0.0 5969.0 c
0.0 5969.0 0.0 4049.0 c
0.0 4049.0 1728.0 4049.0 c
1760.0 4049.0 2506.0 4049.0 c
2506.0 4049.0 2506.0 4965.0 c
2506.0 4965.0 2506.0 4049.0 d
2506.0 4049.0 4902.0 4049.0 c
4902.0 4049.0 6822.0 4049.0 c
6822.0 4049.0 7914.0 4049.0 c
7914.0 4049.0 8594.0 4049.0 c
8594.0 4049.0 8594.0 4344.0 c
8594.0 4344.0 8594.0 4049.0 d
8594.0 4049.0 9980.0 4049.0 c
10056.0 4049.0 10056.0 3290.0 c
10056.0 3290.0 10056.0 2426.0 c
10056.0 2426.0 10056.0 3290.0 d
10056.0 3290.0 10014.0 3567.0 c
10014.0 3567.0 9749.0 3567.0 c
9749.0 3567.0 9749.0 2426.0 c
9749.0 2426.0 9749.0 3567.0 d
9749.0 3567.0 9749.0 3600.0 c
9749.0 3600.0 9216.0 3569.0 c
9216.0 3569.0 9216.0 3398.0 c
9216.0 3398.0 9216.0 2426.0 c
9216.0 2426.0 9216.0 3398.0 d
9216.0 3398.0 8684.0 3398.0 c
8684.0 3398.0 8684.0 2426.0 c
8684.0 2426.0 8684.0 3398.0 d
8684.0 3398.0 8684.0 3488.0 c
8684.0 3488.0 8294.0 2634.0 c
8294.0 2634.0 8294.0 2426.0 c
8294.0 2426.0 8294.0 2634.0 d
8294.0 2634.0 8294.0 2886.0 c
8294.0 2886.0 7670.0 3394.0 c
7670.0 3394.0 7670.0 2690.0 c
7670.0 2690.0 7670.0 2426.0 c
7670.0 2426.0 7670.0 2690.0 d
7670.0 2690.0 7277.0 2838.0 c
7277.0 2838.0 7277.0 2426.0 c
7277.0 2426.0 7277.0 2838.0 d
7277.0 2838.0 7277.0 3321.0 c
7277.0 3321.0 7156.0 3348.0 c
7156.0 3348.0 6256.0 3348.0 c
6256.0 3348.0 6256.0 2426.0 c
6256.0 2426.0 6047.0 3182.0 c
6047.0 3182.0 6047.0 2426.0 c
6047.0 2426.0 5783.0 3207.0 c
5783.0 3207.0 5584.0 2426.0 c
5584.0 2426.0 5584.0 2482.0 c
5584.0 2482.0 4784.0 3290.0 c
4784.0 3290.0 3184.0 2426.0 c
3184.0 2426.0 3184.0 3484.0 c
3184.0 3484.0 1987.0 3455.0 c
1987.0 3455.0 1987.0 2426.0 c
1987.0 2426.0 0.0 2805.0 c
0.0 2805.0 0.0 2426.0 c
0.0 2426.0 1043.0 2426.0 c
1043.0 2426.0 1528.0 2426.0 c
1528.0 2426.0 1043.0 2426.0 d
1043.0 2426.0 1043.0 0.0 c
1043.0 0.0 0.0 335.0 c
0.0 335.0 0.0 0.0 c
