Processando arquivo: han150_mod_sep.txt

Tempo de Inicio (hh:mm:ss.ms) 2026-04-26 15:05:40.278073
Tempo de Termino (hh:mm:ss.ms) 2026-04-26 15:05:53.071465
Tempo Total (hh:mm:ss.ms) 0:00:12.793392

Função Objetivo: 33448.506461209196

0.0 0.0 610.7326314874517 209.2385559384057 d
682.4182939754055 0.0 0.0 1991.8657848960888 c
0.0 1991.8657848960888 596.6864022447893 2199.2572039124316 c
596.6864022447893 2199.2572039124316 1183.43033237415 2397.0386004079046 c
973.3630596618855 2403.0386004079046 1183.43033237415 2397.0386004079046 d
973.3630596618855 2403.0386004079046 0.0 2445.457083676819 c
0.0 2445.457083676819 65.44479701540774 3149.034546543316 c
65.44479701540774 3149.034546543316 90.09711064795158 3811.043397612572 d
90.09711064795158 3811.043397612572 0.0 4921.499858709796 c
0.0 4921.499858709796 980.4964420004113 4973.538121192113 c
980.4964420004113 4973.538121192113 1036.6604138063774 3862.96632483724 c
1036.6604138063774 3862.96632483724 982.3630596618854 3800.0433976125723 d
982.3630596618854 3800.0433976125723 1473.634621431091 3187.5728072796364 c
1473.634621431091 3187.5728072796364 1958.7529009257496 2581.121901791974 c
1965.7529009257496 2765.170847257519 1958.7529009257496 2581.121901791974 d
1965.7529009257496 2765.170847257519 3119.5178822671105 3418.1651708643126 c
3119.5178822671105 3418.1651708643126 3178.582638170622 3387.5101420876204 c
3178.582638170622 3387.5101420876204 3209.3599602772233 3811.0433976125723 d
3209.3599602772233 3811.0433976125723 2619.9427737468095 4629.64207037584 c
2619.9427737468095 4629.64207037584 2613.9427737468095 4378.086048411053 d
2613.9427737468095 4378.086048411053 2512.454239808735 4090.62850840682 c
2512.454239808735 4090.62850840682 2399.586616417427 3811.043397612572 c
2399.586616417427 3811.043397612572 1719.1485909029784 4066.4192303200653 c
1719.1485909029784 4066.4192303200653 1043.6604138063774 4321.447086421176 c
1043.6604138063774 4321.447086421176 1382.6111168617404 4517.172217500864 c
1382.6111168617404 4517.172217500864 1726.932773135419 4708.171488285521 c
1726.932773135419 4708.171488285521 2172.6004628723167 4541.226843300919 c
2172.6004628723167 4541.226843300919 2613.9427737468095 4378.086048411053 c
2619.9427737468095 4629.64207037584 3057.950604580691 6133.238642553244 c
3057.950604580691 6133.238642553244 3565.9860967535224 6394.889286819889 d
3565.9860967535224 6394.889286819889 3199.435657745107 7689.802906732374 c
3565.9860967535224 6394.889286819889 3187.435657745107 6538.586531550235 d
2934.888204282149 7063.951011341106 3063.437011094035 6798.614963813337 c
3063.437011094035 6798.614963813337 3187.435657745107 6538.586531550235 c
3187.435657745107 6538.586531550235 3035.53128155743 6459.69687686503 c
3035.53128155743 6459.69687686503 2879.2975909572647 6394.889286819889 c
2879.2975909572647 6394.889286819889 2798.142931604323 6569.3526733187 c
2798.142931604323 6569.3526733187 2710.472265147278 6744.32156985274 c
2710.472265147278 6744.32156985274 2683.285828223065 6722.493051121657 d
2683.285828223065 6722.493051121657 2699.472265147278 6394.889286819889 c
2699.472265147278 6394.889286819889 1678.1791232713226 6687.5664894265965 c
1227.2147398380696 7120.137540513225 1678.1791232713226 6687.5664894265965 d
1227.2147398380696 7120.137540513225 776.8721345860208 6762.8079557907695 c
1304.6553170063667 7266.014706814714 1227.2147398380696 7120.137540513225 d
1304.6553170063667 7266.014706814714 1233.2147398380696 8136.445060128469 c
1233.2147398380696 8136.445060128469 1376.706167111261 8146.643571029962 c
1376.706167111261 8146.643571029962 1513.6337966642034 8163.53593163538 c
1513.6337966642034 8163.53593163538 1589.911205366466 7286.360749748122 c
1589.911205366466 7286.360749748122 1667.1791232713226 6424.198098862646 c
1667.1791232713226 6424.198098862646 1520.8495080740631 6411.288797350759 c
1520.8495080740631 6411.288797350759 1381.5124645969208 6394.889286819889 c
1381.5124645969208 6394.889286819889 1304.6553170063667 7266.014706814714 c
776.8721345860208 6762.8079557907695 318.99999558877795 6394.889286819889 c
318.99999558877795 6394.889286819889 158.6029498563292 6591.228274233972 c
158.6029498563292 6591.228274233972 0.0 6795.764539328409 c
0.0 6795.764539328409 614.0437169283359 6965.642991140327 c
614.0437169283359 6965.642991140327 1227.2147398380696 7120.137540513225 c
1678.1791232713226 6687.5664894265965 2683.285828223065 6722.493051121657 c
2710.472265147278 6744.32156985274 2825.9818898527046 6907.501080629665 c
2825.9818898527046 6907.501080629665 2934.888204282149 7063.951011341106 c
3199.435657745107 7689.802906732374 4857.376205515783 8162.852867358506 c
4857.376205515783 8162.852867358506 4128.455846993671 8403.364293800336 d
5582.948041189198 8700.525216049411 4128.455846993671 8403.364293800336 c
5864.503779105304 7969.8259465217925 5582.948041189198 8700.525216049411 d
5209.490293341303 7555.402189194483 5864.503779105304 7969.8259465217925 c
5864.503779105304 7969.8259465217925 6520.237866326093 7744.792871349269 d
6520.237866326093 7744.792871349269 6924.339559844967 8036.685573977732 c
6924.339559844967 8036.685573977732 7766.275015601216 6394.889286819889 c
7766.275015601216 6394.889286819889 8106.355818063149 5939.549531077743 d
8106.355818063149 5939.549531077743 8996.859291550913 5476.93264045429 c
8996.859291550913 5476.93264045429 9888.623582758592 5024.454857318963 c
9903.62358275859 5202.282478055106 9888.623582758592 5024.454857318963 d
9903.62358275859 5202.282478055106 10942.973776706802 4958.195334043631 c
10942.973776706802 4958.195334043631 11974.35783605012 4706.751915583113 c
11974.35783605012 4706.751915583113 11884.92470540793 4331.136261072033 c
11884.92470540793 4331.136261072033 11798.478423606832 3945.061397100503 c
11982.35783605012 3811.043397612572 11798.478423606832 3945.061397100503 d
11982.35783605012 3811.043397612572 12062.270367135652 4142.102547985807 c
12062.270367135652 4142.102547985807 12254.669506942459 3924.263313048629 c
12254.669506942459 3924.263313048629 11982.35783605012 3811.043397612572 c
11798.478423606832 3945.061397100503 10616.211922184251 3811.0433976125714 c
10616.211922184251 3811.0433976125714 10260.390742042018 4507.936482679861 c
10260.390742042018 4507.936482679861 9903.62358275859 5202.282478055106 c
9888.623582758592 5024.454857318963 9479.761193703265 4416.625837932506 c
9479.761193703265 4416.625837932506 9075.241221552695 3811.043397612572 c
9341.433412285247 3160.6911629585065 9075.241221552695 3811.043397612572 d
9604.967521279683 3784.9564425590047 10469.66161308974 3418.7480842238697 c
10469.66161308974 3418.7480842238697 11133.146713402502 2802.1135864879684 d
11127.846617897609 2842.6696319190164 12449.522516305959 3121.9758096516857 c
11925.999250879566 2075.815344791317 11127.846617897609 2842.6696319190164 d
11925.999250879566 2075.815344791317 12166.049572803506 1838.8288485238843 c
12166.049572803506 1838.8288485238843 12395.423330157333 1589.5237136221613 c
12408.423330157333 1694.8445278135116 12395.423330157333 1589.5237136221613 d
12408.423330157333 1694.8445278135116 12663.639769570973 1983.5170385809247 c
12663.639769570973 1983.5170385809247 12918.523792553258 2288.959402067098 c
12918.523792553258 2288.959402067098 13459.697654317104 1823.3579104989108 c
13459.697654317104 1823.3579104989108 14006.675614592776 1367.71800929405 c
14006.675614592776 1367.71800929405 14200.248605261657 687.6873195835574 c
14200.248605261657 687.6873195835574 15031.57733761951 1221.5587894463736 d
15031.57733761951 1221.5587894463736 15943.983378834811 598.7143381425758 c
16092.225540772617 771.4678396630798 15943.983378834811 598.7143381425758 d
16092.225540772617 771.4678396630798 16389.04969253566 719.1801674503974 c
16389.04969253566 719.1801674503974 16692.24413097728 658.1655696460911 c
16692.24413097728 658.1655696460911 16322.432649205319 325.8041543162307 c
16322.432649205319 325.8041543162307 15949.983378834811 0.0 c
15949.983378834811 0.0 16015.244218020762 386.6866506003518 c
16015.244218020762 386.6866506003518 16092.225540772617 771.4678396630798 c
15943.983378834811 598.7143381425758 15480.717242150253 0.0 c
15480.717242150253 0.0 15031.57733761951 1221.5587894463736 c
14200.248605261657 687.6873195835574 14404.114084559904 0.0 c
14633.650650812433 142.4148011190714 14404.114084559904 0.0 d
14633.650650812433 142.4148011190714 14415.114084559904 293.3382810233817 c
14415.114084559904 293.3382810233817 14624.507619196249 609.5062917849857 c
14624.507619196249 609.5062917849857 14836.7867227178 929.7091253409644 c
14836.7867227178 929.7091253409644 14930.118623918928 594.6374673047274 c
14930.118623918928 594.6374673047274 15021.57733761951 255.80225351631267 c
15021.57733761951 255.80225351631267 14937.463549358677 130.6366025565341 c
14937.463549358677 130.6366025565341 14847.0110710412 0.0 c
14847.0110710412 0.0 14633.650650812433 142.4148011190714 c
14404.114084559904 0.0 12408.423330157333 1694.8445278135116 c
12395.423330157333 1589.5237136221613 12245.426275736492 1169.217185955893 c
12245.426275736492 1169.217185955893 12095.555939964705 741.4173318722715 c
12095.555939964705 741.4173318722715 11804.811721340122 368.5147538261058 c
11804.811721340122 368.5147538261058 11515.028206895622 0.0 c
11515.028206895622 0.0 11144.812060605507 286.10308074608133 c
11144.812060605507 286.10308074608133 10771.18085791366 579.7188951055582 c
10771.18085791366 579.7188951055582 11925.999250879566 2075.815344791317 c
12449.522516305959 3121.9758096516857 13770.030907618584 3388.351352412244 c
13815.997837065852 3284.7051003257275 13770.030907618584 3388.351352412244 d
13815.997837065852 3284.7051003257275 14581.754659076223 3714.262634440354 c
14581.754659076223 3714.262634440354 15164.426869664983 4400.9830211599 d
14958.241073998526 4221.876654928676 14210.615786008371 4628.694103249658 c
14210.615786008371 4628.694103249658 14196.615786008373 4369.264281919275 d
14196.615786008373 4369.264281919275 13479.217284048325 4095.450737654453 c
13479.217284048325 4095.450737654453 12763.470890181534 3811.043397612572 c
12763.470890181534 3811.043397612572 12515.216951769991 4464.198725542369 c
12515.216951769991 4464.198725542369 12263.669506942459 5105.505732861224 c
12263.669506942459 5105.505732861224 12984.559052142671 5384.965865247857 c
12984.559052142671 5384.965865247857 13706.591687015727 5662.3881910215505 c
13706.591687015727 5662.3881910215505 13952.997990437188 5015.151953161163 c
13952.997990437188 5015.151953161163 14196.615786008373 4369.264281919275 c
14210.615786008371 4628.694103249658 14424.886383193627 4815.674840807885 c
14424.886383193627 4815.674840807885 14630.597840176482 5000.455932631154 c
14630.597840176482 5000.455932631154 15164.426869664983 4400.9830211599 c
15164.426869664983 4400.9830211599 15699.035913363778 3811.0433976125723 c
15699.035913363778 3811.0433976125723 14958.241073998526 4221.876654928676 c
14581.754659076223 3714.262634440354 15112.307843908928 2761.512675639699 c
15127.30784390893 2975.862733404529 15112.307843908928 2761.512675639699 d
15127.30784390893 2975.862733404529 15132.578761394921 3002.5613950892002 c
15132.578761394921 3002.5613950892002 15129.535082436523 3045.6364864052275 c
15129.535082436523 3045.6364864052275 16118.144088369578 2977.8060091519033 c
16118.144088369578 2977.8060091519033 17096.3544079095 2902.296846947752 c
17096.3544079095 2902.296846947752 17058.88118915867 2828.4791438764873 c
17058.88118915867 2828.4791438764873 17029.828194953756 2735.0531105867954 c
17029.828194953756 2735.0531105867954 16734.536999426833 2572.096224425021 c
16734.536999426833 2572.096224425021 16444.22705966903 2403.0386004079046 c
16444.22705966903 2403.0386004079046 15787.47743298135 2684.9743504027156 c
15787.47743298135 2684.9743504027156 15127.30784390893 2975.862733404529 c
15112.307843908928 2761.512675639699 14493.021220897372 2403.0386004079046 c
14493.021220897372 2403.0386004079046 13815.997837065852 3284.7051003257275 c
13770.030907618584 3388.351352412244 13795.048781699703 2898.6971602916665 c
13795.048781699703 2898.6971602916665 13810.997837065854 2403.0386004079046 c
13810.997837065854 2403.0386004079046 12477.673974521553 2610.2076893111266 c
12477.673974521553 2610.2076893111266 11133.146713402502 2802.1135864879684 c
11133.146713402502 2802.1135864879684 11131.49445230961 2825.920916117354 c
11131.49445230961 2825.920916117354 11127.846617897609 2842.6696319190164 c
9604.967521279683 3784.9564425590047 9326.433412285247 3633.5157944462244 d
9326.433412285247 3633.5157944462244 9184.302901933474 2403.0386004079046 c
9184.302901933474 2403.0386004079046 8495.825087812367 2474.439210562869 c
8495.825087812367 2474.439210562869 8476.983377257586 2403.0386004079046 d
8476.983377257586 2403.0386004079046 7838.482062175623 2416.452926466848 c
7838.482062175623 2416.452926466848 7846.956724139961 2588.852587849901 c
7846.956724139961 2588.852587849901 8190.804790246039 2928.594790147261 c
8190.804790246039 2928.594790147261 8486.825087812369 2915.8133874081423 c
8486.825087812369 2915.8133874081423 8476.983377257586 2403.0386004079046 c
8495.825087812367 2474.439210562869 9326.433412285247 3633.5157944462244 c
10469.66161308974 3418.7480842238697 11117.846617897605 2403.0386004079046 c
11117.846617897605 2403.0386004079046 10674.203364796542 1917.9195995733376 d
10764.18085791366 1935.3212297515302 9824.720321093708 0.0 c
9824.720321093708 0.0 9339.699984387902 1065.931439801709 c
9339.699984387902 1065.931439801709 9327.699984387902 1079.2251923751633 d
9327.699984387902 1079.2251923751633 9287.955175443072 542.2207491689444 c
9287.955175443072 542.2207491689444 9255.123120893177 0.0 c
9255.123120893177 0.0 8921.3880643557 190.52932072645342 c
8921.3880643557 190.52932072645342 8579.537746929644 368.7665034055625 c
8579.537746929644 368.7665034055625 8619.789564869496 1113.620795459959 c
8619.789564869496 1113.620795459959 8977.683138702629 1101.0181902922466 c
8977.683138702629 1101.0181902922466 9327.699984387902 1079.2251923751633 c
9339.699984387902 1065.931439801709 10674.203364796542 1917.9195995733376 c
10674.203364796542 1917.9195995733376 10764.18085791366 1935.3212297515302 c
11117.846617897605 2403.0386004079046 9341.433412285247 3160.6911629585065 c
9341.433412285247 3160.6911629585065 9604.967521279683 3784.9564425590047 c
9075.241221552695 3811.043397612572 8419.191364384911 3930.724768223481 c
8419.191364384911 3930.724768223481 7757.546078838472 4059.255795505037 c
7757.546078838472 4059.255795505037 8106.355818063149 5939.549531077743 c
7778.275015601217 6394.889286819889 7766.275015601216 6394.889286819889 d
7778.275015601217 6394.889286819889 8288.016030284673 6598.779388006349 c
8288.016030284673 6598.779388006349 8786.98443217037 6805.117015438798 c
8786.98443217037 6805.117015438798 8804.06434586749 6804.2827617931725 c
8804.06434586749 6804.2827617931725 8814.386442323248 6815.30263840278 c
8870.381831193603 6800.757451743229 8814.386442323248 6815.30263840278 d
8870.381831193603 6800.757451743229 10208.298208174592 7638.4707428594975 c
10208.298208174592 7638.4707428594975 9556.189220991884 6394.889286819889 c
9556.189220991884 6394.889286819889 8870.381831193603 6800.757451743229 c
8814.386442323248 6815.30263840278 8839.358965616228 6716.085834853982 c
8839.358965616228 6716.085834853982 8857.381831193603 6626.158974766908 c
8857.381831193603 6626.158974766908 8316.502812043542 6515.6915490897345 c
8316.502812043542 6515.6915490897345 7778.275015601217 6394.889286819889 c
7766.275015601216 6394.889286819889 6520.237866326093 7744.792871349269 c
5864.503779105304 7969.8259465217925 6515.237866326093 8390.364293800336 c
6589.645132367567 8403.364293800336 6515.237866326093 8390.364293800336 d
6589.645132367567 8403.364293800336 5596.948041189198 10157.726560223367 c
6595.645132367568 8849.222049580385 6589.645132367567 8403.364293800336 d
6678.613857919776 9035.210314837439 7145.929465320115 8811.269111387443 c
7145.929465320115 8811.269111387443 7621.170143367031 8584.743761189337 c
7621.170143367031 8584.743761189337 7582.720064233776 8492.279567855685 c
7582.720064233776 8492.279567855685 7541.260880138312 8403.364293800336 c
7541.260880138312 8403.364293800336 7066.603314993435 8632.543479023434 c
7066.603314993435 8632.543479023434 6595.645132367568 8849.222049580385 c
6595.645132367568 8849.222049580385 6631.930475699257 8944.394998040616 c
6631.930475699257 8944.394998040616 6678.613857919776 9035.210314837439 c
5596.948041189198 10157.726560223367 5978.128488125659 10371.425994948078 c
5978.128488125659 10371.425994948078 6602.028822541881 10647.850309053632 d
6602.028822541881 10647.850309053632 6680.912138513686 11534.809952616666 c
6589.028822541881 12068.175579737726 6680.912138513686 11534.809952616666 d
6589.028822541881 12068.175579737726 5143.250351037566 10647.850309053632 c
5143.250351037566 10647.850309053632 3703.144165618729 12120.826955014943 c
3703.144165618729 12120.826955014943 3871.600287057401 12398.649477319133 c
3871.600287057401 12398.649477319133 5099.113127293856 13592.047152642597 c
4781.630875933763 13604.047152642597 5099.113127293856 13592.047152642597 d
4781.630875933763 13604.047152642597 4054.844070808838 14681.237588972032 c
3520.7531786348754 14004.566717778556 4054.844070808838 14681.237588972032 d
3557.1988355058857 14414.569055798873 3520.7531786348754 14004.566717778556 c
3606.5080097853843 13953.112268494559 3520.7531786348754 14004.566717778556 d
3606.5080097853843 13953.112268494559 3658.24607916412 14215.072486765812 c
3658.24607916412 14215.072486765812 3856.2210723625994 13908.923838691937 c
3856.2210723625994 13908.923838691937 4047.844070808838 13604.047152642597 c
4047.844070808838 13604.047152642597 3807.3941386944216 13651.858942708837 c
3807.3941386944216 13651.858942708837 3563.1988355058857 13693.137889477388 c
3563.1988355058857 13693.137889477388 3606.5080097853843 13953.112268494559 c
3520.7531786348754 14004.566717778556 3467.059258349756 13604.047152642597 c
3467.059258349756 13604.047152642597 2857.4054719186033 13670.457899576086 c
2857.4054719186033 13670.457899576086 2252.8067427827054 13742.565720989935 c
1479.2971597829362 14076.517000395499 2252.8067427827054 13742.565720989935 d
1479.2971597829362 14076.517000395499 977.0834731650821 13604.047152642597 c
385.84088099061023 12744.352443461668 977.0834731650821 13604.047152642597 d
385.84088099061023 12744.352443461668 1640.4314932603388 10903.551563202105 c
1640.4314932603388 10903.551563202105 2141.2377961341244 10647.850309053632 d
2141.2377961341244 10647.850309053632 1651.431493260339 11776.082837719548 c
1651.431493260339 11776.082837719548 1958.1196933951312 12374.112616532107 c
1958.1196933951312 12374.112616532107 2612.8572117785593 10844.775081390519 c
2612.8572117785593 10844.775081390519 2621.8572117785593 11047.856467818674 d
2621.8572117785593 11047.856467818674 3163.0320939746994 11134.618578546862 c
3163.0320939746994 11134.618578546862 3697.1441656187285 11204.693208007879 c
3697.1441656187285 11204.693208007879 3315.2820050001383 10922.251800148784 c
3315.2820050001383 10922.251800148784 2917.837708446405 10647.850309053632 c
2917.837708446405 10647.850309053632 2621.8572117785593 11047.856467818674 c
2612.8572117785593 10844.775081390519 2141.2377961341244 10647.850309053632 c
1640.4314932603388 10903.551563202105 1269.3448403219913 10647.850309053632 c
1269.3448403219913 10647.850309053632 962.9802260677435 11078.67422812786 c
962.9802260677435 11078.67422812786 0.0 12483.473814470697 c
0.0 12483.473814470697 385.84088099061023 12744.352443461668 c
1517.855660099014 14272.275146773602 1479.2971597829362 14076.517000395499 d
1491.2971597829362 13604.047152642597 1517.855660099014 14272.275146773602 c
1517.855660099014 14272.275146773602 1556.4210484529347 14945.218454146661 c
1556.4210484529347 14945.218454146661 1842.0965226942274 14655.659107778818 c
1842.0965226942274 14655.659107778818 2132.198469596244 14377.835737610449 c
2132.198469596244 14377.835737610449 1814.0102149907766 13986.983624051281 c
1814.0102149907766 13986.983624051281 1491.2971597829362 13604.047152642597 c
977.0834731650821 13604.047152642597 485.06878300592314 14113.171297729701 c
485.06878300592314 14113.171297729701 0.0 14628.125861039747 c
0.0 14628.125861039747 495.6256400825692 15099.916653997516 c
495.6256400825692 15099.916653997516 986.9891042245775 14586.802119845453 c
986.9891042245775 14586.802119845453 704.160018673752 15351.245790061934 d
1544.5347906390937 15312.06224387744 704.160018673752 15351.245790061934 c
704.160018673752 15351.245790061934 354.52334935050044 16183.505915263895 c
354.52334935050044 16183.505915263895 0.0 17014.249823104605 c
0.0 17014.249823104605 1400.9511259534129 17608.797106092283 c
1400.9511259534129 17608.797106092283 1893.6251573621435 16441.069911577706 c
1893.6251573621435 16441.069911577706 2388.9121088233055 15287.513842863782 c
2611.4968432241553 15287.513842863782 2388.9121088233055 15287.513842863782 d
2611.4968432241553 15287.513842863782 2402.9121088233055 16040.607313176783 c
2402.9121088233055 16040.607313176783 3138.796414495874 17454.732666973432 c
3138.796414495874 17454.732666973432 3796.833628416195 17006.346965284712 c
3796.833628416195 17006.346965284712 3193.123270348366 17833.29225742006 d
3640.0980633676727 17613.797106092283 3193.123270348366 17833.29225742006 c
3193.123270348366 17833.29225742006 3021.864382914512 19027.75349486047 c
3012.864382914512 19341.091020717802 3021.864382914512 19027.75349486047 d
3012.864382914512 19341.091020717802 874.7325969080034 17613.797106092283 c
874.7325969080034 17613.797106092283 0.0 18706.1997714442 c
0.0 18706.1997714442 1711.2045859374825 20080.69427691384 c
1711.2045859374825 20080.69427691384 1352.931765470712 20689.802180166338 d
1774.8173658843898 20445.68609116595 1293.5807340945123 20274.042863226794 c
1293.5807340945123 20274.042863226794 1162.5453985929587 20624.350913624825 c
1162.5453985929587 20624.350913624825 1263.8000871183572 20655.000379939735 c
1263.8000871183572 20655.000379939735 1150.5453985929587 20854.626646943245 d
1150.5453985929587 20854.626646943245 718.4682332861689 20274.042863226794 c
718.4682332861689 20274.042863226794 0.0 20813.64075470406 c
0.0 20813.64075470406 432.56558846785174 21388.207980434858 c
432.56558846785174 21388.207980434858 1150.5453985929587 20854.626646943245 c
1263.8000871183572 20655.000379939735 1352.931765470712 20689.802180166338 c
1352.931765470712 20689.802180166338 1806.038496774379 20655.634394560995 c
1806.038496774379 20655.634394560995 2250.9814495202572 20614.141843719925 c
2594.628833844054 20274.042863226794 2250.9814495202572 20614.141843719925 d
2594.628833844054 20274.042863226794 2260.9814495202572 21357.125813255418 c
2260.9814495202572 21357.125813255418 2979.8690286094698 21670.769227030396 c
2979.8690286094698 21670.769227030396 2594.628833844054 20274.042863226794 c
2250.9814495202572 20614.141843719925 1774.8173658843898 20445.68609116595 c
1711.2045859374825 20080.69427691384 2837.645956447094 19570.51944327509 c
2837.645956447094 19570.51944327509 3012.864382914512 19341.091020717802 c
3021.864382914512 19027.75349486047 3629.3205657646363 20261.042863226798 c
3629.3205657646363 20261.042863226798 3371.0955900712734 20274.042863226794 d
3371.0955900712734 20274.042863226794 3177.398977143385 20583.0949721241 c
3177.398977143385 20583.0949721241 2990.8690286094698 20876.074577156127 c
2990.8690286094698 20876.074577156127 3813.7197811555598 21402.91621765372 c
3813.7197811555598 21402.91621765372 4625.211081662995 21917.873246250743 c
4625.211081662995 21917.873246250743 4781.692325040229 21781.091830284633 c
4781.692325040229 21781.091830284633 4932.503266829745 21632.036436027134 c
4932.503266829745 21632.036436027134 5015.596920855617 21509.290361176467 c
5015.596920855617 21509.290361176467 5099.659556614911 21374.218190024763 c
5113.659556614911 21357.095543271167 5099.659556614911 21374.218190024763 d
5113.659556614911 21357.095543271167 5444.204090851263 22008.202014249433 c
5444.204090851263 22008.202014249433 6596.4975724964725 20284.939209234155 c
6596.4975724964725 20284.939209234155 6556.972086056772 20274.042863226794 c
6556.972086056772 20274.042863226794 5113.659556614911 21357.095543271167 c
5099.659556614911 21374.218190024763 4236.632425208309 20830.444990541942 c
4236.632425208309 20830.444990541942 3371.0955900712734 20274.042863226794 c
3629.3205657646363 20261.042863226798 4690.090024197179 19740.29682689731 c
4695.090024197179 19383.648073582022 4690.090024197179 19740.29682689731 d
4695.090024197179 19383.648073582022 6176.2740735516745 19035.346061415985 c
6176.2740735516745 19035.346061415985 5840.709993052596 17613.797106092283 c
5840.709993052596 17613.797106092283 5454.740284380041 17708.440917261963 c
5454.740284380041 17708.440917261963 6188.2740735516745 18537.315714561264 d
6275.457425891303 18076.818812461468 6188.2740735516745 18537.315714561264 c
6188.2740735516745 18537.315714561264 7183.070911417896 18585.03214921078 c
7183.070911417896 18585.03214921078 8164.753003691625 18627.925268670984 c
8164.753003691625 18627.925268670984 8295.822565112345 18894.778096788035 d
8295.822565112345 18894.778096788035 8319.232622380658 18941.964624133336 c
8319.232622380658 18941.964624133336 8343.561965311219 18977.11999012518 c
8343.561965311219 18977.11999012518 9415.724898003711 18962.036250366345 c
9415.724898003711 18962.036250366345 10480.178581442471 18942.865162248676 c
10480.178581442471 18942.865162248676 10494.178581442471 19136.2877964779 d
10494.178581442471 19136.2877964779 10849.990055514614 19705.099916063322 c
10849.990055514614 19705.099916063322 11440.467301265806 20274.042863226794 d
11440.467301265806 20274.042863226794 10387.34556961552 22120.384347100287 c
11440.467301265806 20274.042863226794 11578.16689177766 20274.042863226794 d
11567.855084653309 20988.32437191642 12220.496277109827 20995.714299860192 c
12220.496277109827 20995.714299860192 12873.69107679778 21008.646379306316 c
12881.691076797779 21049.786298541676 12873.69107679778 21008.646379306316 d
12881.691076797779 21049.786298541676 13802.285875859814 22197.10075109738 c
13802.285875859814 22197.10075109738 14242.277020758102 22808.46877217152 d
14242.277020758102 22808.46877217152 13996.026510809206 24171.23784438248 c
13996.026510809206 24171.23784438248 15007.130930222544 23044.445876670226 c
15012.130930222545 22950.198589739954 15007.130930222544 23044.445876670226 d
15012.130930222545 22950.198589739954 15711.675626342685 23924.210223540875 c
15711.675626342685 23924.210223540875 15902.9749022301 23788.35709507311 c
16124.524091167159 23533.665984995358 15902.9749022301 23788.35709507311 d
16124.524091167159 23533.665984995358 16437.907421934604 23547.041967922116 c
16437.907421934604 23547.041967922116 16744.09077386353 23571.941103678877 c
16744.09077386353 23571.941103678877 16769.765738171125 23212.273981923558 c
16769.765738171125 23212.273981923558 16789.387070351102 22856.015841917175 c
17074.931151268815 22808.46877217152 16789.387070351102 22856.015841917175 d
17074.931151268815 22808.46877217152 16799.387070351102 24220.1640144331 c
16799.387070351102 24220.1640144331 16891.068170980336 24255.24981937123 c
16891.068170980336 24255.24981937123 17350.640926526252 22912.216720624794 c
17350.640926526252 22912.216720624794 17074.931151268815 22808.46877217152 c
16789.387070351102 22856.015841917175 16366.759877842009 22828.882490820644 c
16366.759877842009 22828.882490820644 15936.385916884932 22808.46877217152 c
15936.385916884932 22808.46877217152 15915.974902230098 23147.60095220719 c
15915.974902230098 23147.60095220719 16019.265034582337 23342.51617932334 c
16019.265034582337 23342.51617932334 16124.524091167159 23533.665984995358 c
15902.9749022301 23788.35709507311 15192.794045224135 22808.46877217152 c
15192.794045224135 22808.46877217152 15012.130930222545 22950.198589739954 c
15007.130930222544 23044.445876670226 14242.277020758102 22808.46877217152 c
13991.026510809204 22808.46877217152 13802.285875859814 22197.10075109738 d
13991.026510809204 22808.46877217152 13675.626682661357 23479.55701563013 c
13675.626682661357 23479.55701563013 13432.25515069241 23724.197328969938 d
13432.25515069241 23724.197328969938 13667.626682661357 22850.429757029142 c
13667.626682661357 22850.429757029142 13524.623671676147 22808.46877217152 c
13524.623671676147 22808.46877217152 13278.769137646626 23685.04959486349 c
13278.769137646626 23685.04959486349 13271.769137646626 23701.559204876656 d
13271.769137646626 23701.559204876656 13137.016710239304 23254.113675717945 c
13137.016710239304 23254.113675717945 13001.024734153943 22808.46877217152 c
13001.024734153943 22808.46877217152 12174.939770111914 22908.08834925506 c
12174.939770111914 22908.08834925506 11337.52765837576 23015.153346211395 c
11331.527658375762 23279.01511540646 11337.52765837576 23015.153346211395 d
11331.527658375762 23279.01511540646 10015.59696668662 22808.46877217152 c
10015.59696668662 22808.46877217152 10253.96945227599 24160.892145037848 c
10008.596966686619 23707.458319909925 10253.96945227599 24160.892145037848 d
10008.596966686619 23707.458319909925 9385.311319387358 22808.46877217152 c
9128.162187306803 22241.159437738872 9385.311319387358 22808.46877217152 d
9128.162187306803 22241.159437738872 10380.34556961552 20796.18605040051 c
10380.34556961552 20796.18605040051 9779.955814817498 20274.042863226794 c
9779.955814817498 20274.042863226794 8820.425402617791 21376.505816335266 c
8220.255405050288 20505.5936210359 8820.425402617791 21376.505816335266 d
8806.425402617791 20630.823374679996 8728.596440479094 20448.691892663865 c
8728.596440479094 20448.691892663865 8648.878690672576 20274.042863226794 c
8648.878690672576 20274.042863226794 8146.5536021610515 20324.21662407319 c
8146.5536021610515 20324.21662407319 7641.740517374347 20376.378873457237 c
7641.740517374347 20376.378873457237 7630.740517374349 20274.042863226794 d
7630.740517374349 20274.042863226794 7114.138942507743 20719.37558682066 c
7114.138942507743 20719.37558682066 6603.4975724964725 21166.68443039516 c
6603.4975724964725 21166.68443039516 6779.830604774894 21274.659114159334 c
6779.830604774894 21274.659114159334 6952.577498826505 21378.154578631784 c
6952.577498826505 21378.154578631784 7296.81818516054 20823.02440063394 c
7296.81818516054 20823.02440063394 7630.740517374349 20274.042863226794 c
7641.740517374347 20376.378873457237 8220.255405050288 20505.5936210359 c
8220.255405050288 20505.5936210359 8806.425402617791 20630.823374679996 c
8820.425402617791 21376.505816335266 9128.162187306803 22241.159437738872 c
9385.311319387358 22808.46877217152 8397.841883803507 23491.949440768934 c
8385.841883803507 22808.46877217152 8397.841883803507 23491.949440768934 d
8165.429094868861 22844.716897508253 7750.086206494622 23287.436939381536 c
7750.086206494622 23287.436939381536 7934.742083555708 24675.97292236377 c
7934.742083555708 24675.97292236377 7739.086206494622 24846.855862062996 d
7739.086206494622 24846.855862062996 7631.691948488331 22808.46877217152 c
8102.992414697443 25134.044599181965 7739.086206494622 24846.855862062996 d
8102.992414697443 25134.044599181965 6991.312187680796 26711.849465359497 c
6991.312187680796 26711.849465359497 6905.274722621722 26838.770851546513 d
6905.274722621722 26838.770851546513 6140.286145362545 25987.282387364176 c
6140.286145362545 25987.282387364176 5382.781136570211 25134.044599181965 c
5382.781136570211 25134.044599181965 5175.848072133931 25325.745855918296 c
5175.848072133931 25325.745855918296 4961.017333085811 25506.742552298834 c
4961.017333085811 25506.742552298834 4951.017333085811 25425.067876331 d
4951.017333085811 25425.067876331 4916.252926200636 25276.99035076377 c
4916.252926200636 25276.99035076377 4873.4270032483455 25134.044599181965 c
5033.443155728784 25119.044599181965 4873.4270032483455 25134.044599181965 d
5033.443155728784 25119.044599181965 6938.498596159877 24537.46094381901 c
6938.498596159877 24537.46094381901 6454.916583389379 22808.46877217152 c
6454.916583389379 22808.46877217152 4532.55090047702 23360.447533620234 c
4525.55090047702 22968.240407759695 4532.55090047702 23360.447533620234 d
4525.55090047702 22968.240407759695 2038.5117705114567 22808.46877217152 c
2038.5117705114567 22808.46877217152 1956.5845363441995 22808.46877217152 d
1956.5845363441995 22808.46877217152 1642.7281061335661 23000.666253480802 c
1325.6502698450242 22808.46877217152 1642.7281061335661 23000.666253480802 d
1325.6502698450242 22808.46877217152 949.6865712954728 23384.477965734826 c
939.6865712954728 22808.46877217152 1325.6502698450242 22808.46877217152 d
939.6865712954728 22808.46877217152 0.0 23555.41863824024 c
0.0 23555.41863824024 158.4182039657222 23752.19880949774 c
158.4182039657222 23752.19880949774 320.1712283570087 23950.80378999061 c
320.1712283570087 23950.80378999061 939.6865712954728 22808.46877217152 c
949.6865712954728 23384.477965734826 1158.2469144267097 23516.993902596543 c
1158.2469144267097 23516.993902596543 1325.6502698450242 22808.46877217152 c
1642.7281061335661 23000.666253480802 1337.6502698450242 23184.148043707974 c
1337.6502698450242 23184.148043707974 1684.5396453497324 23263.738741980116 c
1684.5396453497324 23263.738741980116 2032.5117705114562 23330.913495337445 c
2032.5117705114562 23330.913495337445 1999.1303356182668 23075.31693568099 c
1999.1303356182668 23075.31693568099 1956.5845363441995 22808.46877217152 c
2038.5117705114567 22808.46877217152 3486.9978572674936 24122.393721086893 c
3486.9978572674936 24122.393721086893 4525.55090047702 22968.240407759695 c
4532.55090047702 23360.447533620234 5033.443155728784 25119.044599181965 c
4873.4270032483455 25134.044599181965 4166.869688503455 25314.333424904416 c
4166.869688503455 25314.333424904416 3471.389989083386 25497.42999218614 c
2654.665463650592 25956.200460468273 3471.389989083386 25497.42999218614 d
3457.3899890833854 25737.00456350915 3065.8052105989595 25435.14775269708 c
3065.8052105989595 25435.14775269708 2680.5375036768623 25134.044599181965 c
2680.5375036768623 25134.044599181965 2266.4126120175974 25653.6490570378 c
2266.4126120175974 25653.6490570378 1858.7324870307134 26180.94241665995 c
1858.7324870307134 26180.94241665995 1845.7324870307134 26244.008313330847 d
1845.7324870307134 26244.008313330847 922.4537076694771 25684.893300643278 c
922.4537076694771 25684.893300643278 0.0 25134.044599181965 c
0.0 25134.044599181965 522.2164650868003 25943.09766089945 c
522.2164650868003 25943.09766089945 1025.7451391603745 26758.052044859687 c
1412.7381975880076 27423.208525505564 1025.7451391603745 26758.052044859687 d
1412.7381975880076 27423.208525505564 1159.7627954226812 27608.701538065467 c
1159.7627954226812 27608.701538065467 910.8357951786218 27810.865608139324 c
910.8357951786218 27810.865608139324 454.8081867431881 28430.619185985237 c
454.8081867431881 28430.619185985237 0.0 29062.646451589797 c
0.0 29062.646451589797 622.0362314213764 29508.63180307648 c
622.0362314213764 29508.63180307648 1235.9826518601412 29955.93700978578 c
1235.9826518601412 29955.93700978578 1872.3174421653184 29079.35273270702 c
1872.3174421653184 29079.35273270702 2500.862092800153 28209.318143246943 c
2500.862092800153 28209.318143246943 1964.4972432874574 27813.173852051485 c
1964.4972432874574 27813.173852051485 1412.7381975880076 27423.208525505564 c
1025.7451391603745 26758.052044859687 1441.0453846703847 26506.739849739235 c
1441.0453846703847 26506.739849739235 1845.7324870307134 26244.008313330847 c
1858.7324870307134 26180.94241665995 2654.665463650592 25956.200460468273 c
2654.665463650592 25956.200460468273 3457.3899890833854 25737.00456350915 c
3471.389989083386 25497.42999218614 4211.59045595639 25455.703547489633 c
4211.59045595639 25455.703547489633 4951.017333085811 25425.067876331 c
4961.017333085811 25506.742552298834 5810.988404241134 26461.32317091984 c
5810.988404241134 26461.32317091984 6662.9701306896995 27416.208525505564 c
6662.9701306896995 27416.208525505564 6823.5562860401815 27276.916502652224 c
6823.5562860401815 27276.916502652224 6977.312187680797 27138.49711175207 c
6977.312187680797 27138.49711175207 6944.368144599701 26985.948927676567 c
6944.368144599701 26985.948927676567 6905.274722621722 26838.770851546513 c
6991.312187680796 26711.849465359497 7438.742380530969 27029.41804044463 c
7438.742380530969 27029.41804044463 9377.297044709041 26029.650279496786 c
9377.297044709041 26029.650279496786 9383.297044709041 25134.044599181965 d
9383.297044709041 25134.044599181965 10878.991300154688 25784.86625482931 c
10878.991300154688 25784.86625482931 10948.91288515459 26194.54447103711 d
10948.91288515459 26194.54447103711 11335.763340007028 26528.839570996235 c
11335.763340007028 26528.839570996235 11726.029804292491 26855.26949190354 c
11726.029804292491 26855.26949190354 11787.903240240345 26003.91437497492 c
11857.809652606418 25999.456621509566 11787.903240240345 26003.91437497492 d
11857.809652606418 25999.456621509566 12067.073629472885 26504.477910338024 c
12067.073629472885 26504.477910338024 12278.667230767018 27001.342448235246 c
12278.667230767018 27001.342448235246 13101.340326440517 26651.199419681987 c
13101.340326440517 26651.199419681987 13923.219852809416 26308.44210874234 c
13923.219852809416 26308.44210874234 14083.716110110003 26142.949830275345 c
14256.981716543762 26249.769048446942 14083.716110110003 26142.949830275345 d
14256.981716543762 26249.769048446942 16315.993622718894 26413.30958588579 c
16315.993622718894 26413.30958588579 16398.436061814373 25333.243947443218 c
16398.436061814373 25333.243947443218 15950.657025160592 25266.77928150125 c
15950.657025160592 25266.77928150125 14351.128216173149 25134.044599181965 c
14351.128216173149 25134.044599181965 14256.981716543762 26249.769048446942 c
14083.716110110003 26142.949830275345 14249.981716543762 25975.62429993482 c
14249.981716543762 25975.62429993482 14071.141259601249 25556.98726625224 c
14071.141259601249 25556.98726625224 13894.78480976837 25134.044599181965 c
13894.78480976837 25134.044599181965 12874.248221076088 25566.086592417654 c
12874.248221076088 25566.086592417654 11857.809652606418 25999.456621509566 c
11787.903240240345 26003.91437497492 11849.80965260642 25134.044599181965 c
11849.80965260642 25134.044599181965 11395.243337963257 25662.425238514457 c
11395.243337963257 25662.425238514457 10948.91288515459 26194.54447103711 c
10878.991300154688 25784.86625482931 10938.91288515459 25473.812702802876 c
10938.91288515459 25473.812702802876 9383.297044709041 25134.044599181965 c
9377.297044709041 26029.650279496786 8102.992414697443 25134.044599181965 c
7631.691948488331 22808.46877217152 6948.498596159876 22843.703128580353 c
6948.498596159876 22843.703128580353 7045.359796985734 24879.588526172374 c
7045.359796985734 24879.588526172374 7739.086206494622 24846.855862062996 c
7934.742083555708 24675.97292236377 7989.449735285639 24683.861066336853 c
7989.449735285639 24683.861066336853 8385.841883803507 22808.46877217152 c
8385.841883803507 22808.46877217152 8165.429094868861 22844.716897508253 c
8397.841883803507 23491.949440768934 8901.64904317575 23800.279639316705 c
8901.64904317575 23800.279639316705 9414.0900319144 24119.58357279797 c
9414.0900319144 24119.58357279797 9707.002704715931 23909.423194010327 c
9707.002704715931 23909.423194010327 10008.596966686619 23707.458319909925 c
10253.96945227599 24160.892145037848 10924.640420840296 24402.937661290234 c
10924.640420840296 24402.937661290234 11331.527658375762 23279.01511540646 c
11337.52765837576 23015.153346211395 11514.187606312427 23595.461469099166 c
11514.187606312427 23595.461469099166 11687.344192354956 24175.015254434566 c
11687.344192354956 24175.015254434566 12473.564584775218 23936.5711674505 c
12473.564584775218 23936.5711674505 13271.769137646626 23701.559204876656 c
13278.769137646626 23685.04959486349 13432.25515069241 23724.197328969938 c
13675.626682661357 23479.55701563013 13868.524212201066 23515.42300076457 c
13868.524212201066 23515.42300076457 13991.026510809204 22808.46877217152 c
13802.285875859814 22197.10075109738 14771.052897130166 21429.214072562154 c
14771.052897130166 21429.214072562154 15589.012989760256 20729.063291242397 d
15176.462698360318 21483.953577137956 15589.012989760256 20729.063291242397 c
15596.012989760256 20522.162217295332 15589.012989760256 20729.063291242397 d
15596.012989760256 20522.162217295332 16374.482218806366 21845.521611665445 c
16374.482218806366 21845.521611665445 16648.2797631071 21853.070239642453 c
16648.2797631071 21853.070239642453 16871.23483237285 21716.06151095093 c
16871.23483237285 21716.06151095093 16012.922720071962 20274.042863226794 c
16012.922720071962 20274.042863226794 15596.012989760256 20522.162217295332 c
15589.012989760256 20729.063291242397 15406.891964388642 20274.042863226794 c
15406.891964388642 20274.042863226794 14786.052897130165 20522.573323900495 c
14786.052897130165 20522.573323900495 15176.462698360318 21483.953577137956 c
14771.052897130166 21429.214072562154 13844.695016467052 20274.042863226794 c
13844.695016467052 20274.042863226794 12881.691076797779 21049.786298541676 c
12873.69107679778 21008.646379306316 12597.92894484878 20642.1372580407 c
12597.92894484878 20642.1372580407 12311.624165548335 20280.023237921436 c
12311.624165548335 20280.023237921436 11943.01276191502 20275.415394186104 c
11943.01276191502 20275.415394186104 11578.16689177766 20274.042863226794 c
11578.16689177766 20274.042863226794 11576.310099722796 20622.864979291142 c
11576.310099722796 20622.864979291142 11567.855084653309 20988.32437191642 c
10387.34556961552 22120.384347100287 11562.855084653309 22800.46877217152 c
11562.855084653309 22800.46877217152 11440.467301265806 20274.042863226794 c
10849.990055514614 19705.099916063322 10883.329023218355 19719.158406626775 c
10883.329023218355 19719.158406626775 10918.770496017936 19732.701415539705 c
10918.770496017936 19732.701415539705 11245.455059838658 18767.63802945889 c
11245.455059838658 18767.63802945889 11555.463142986993 17796.92131458124 c
11563.463142986993 17956.72827150311 11555.463142986993 17796.92131458124 d
11563.463142986993 17956.72827150311 12246.149170754183 19456.503412634498 c
12246.149170754183 19456.503412634498 12982.240207068975 19037.485774316785 c
12982.240207068975 19037.485774316785 12183.456692162215 17613.797106092283 c
12183.456692162215 17613.797106092283 13000.187247723396 17654.567538394072 d
12993.240207068975 17613.797106092283 13000.187247723396 17654.567538394072 c
13000.187247723396 17654.567538394072 12997.819377691194 17693.87826673176 c
12997.819377691194 17693.87826673176 14100.484655305443 18142.33767929009 c
14100.484655305443 18142.33767929009 15197.771942569141 18594.161057240322 c
15197.771942569141 18594.161057240322 15218.609216462703 18164.292370297953 c
15252.43679240207 18012.03204877932 15218.609216462703 18164.292370297953 d
15252.43679240207 18012.03204877932 15844.99711380955 18946.736956316243 c
15844.99711380955 18946.736956316243 16280.20731763643 18667.879631127726 c
16280.20731763643 18667.879631127726 15612.645242970844 17613.797106092283 c
15612.645242970844 17613.797106092283 15437.034709319307 17725.003914144436 c
15437.034709319307 17725.003914144436 15252.43679240207 18012.03204877932 c
15218.609216462703 18164.292370297953 15242.436792402072 17732.602002558226 c
15242.436792402072 17732.602002558226 14117.338988355714 17674.726582653817 c
14117.338988355714 17674.726582653817 12993.240207068975 17613.797106092283 c
12183.456692162215 17613.797106092283 11563.463142986993 17956.72827150311 c
11555.463142986993 17796.92131458124 11276.032555525155 17700.855300688265 c
11276.032555525155 17700.855300688265 10994.23799245687 17613.797106092283 c
10994.23799245687 17613.797106092283 10743.553323548736 18370.97902591239 c
10743.553323548736 18370.97902591239 10494.178581442471 19136.2877964779 c
10480.178581442471 18942.865162248676 10440.944948896755 18281.958537148334 c
10440.944948896755 18281.958537148334 10388.997173977783 17613.797106092283 c
10388.997173977783 17613.797106092283 9348.20624232332 18255.824948783513 c
9348.20624232332 18255.824948783513 8295.822565112345 18894.778096788035 c
8164.753003691625 18627.925268670984 8221.038088157395 18290.468118540357 c
8221.038088157395 18290.468118540357 8280.822565112345 17940.870923334078 c
8280.822565112345 17940.870923334078 7314.941713063784 17780.97241933917 c
7314.941713063784 17780.97241933917 6352.857691574741 17613.797106092283 c
6352.857691574741 17613.797106092283 6275.457425891303 18076.818812461468 c
5454.740284380041 17708.440917261963 4695.090024197179 19383.648073582022 c
4690.090024197179 19740.29682689731 3640.0980633676727 17613.797106092283 c
3796.833628416195 17006.346965284712 2611.4968432241553 15287.513842863782 c
2388.9121088233055 15287.513842863782 1544.5347906390937 15312.06224387744 c
986.9891042245775 14586.802119845453 1479.2971597829362 14076.517000395499 c
2252.8067427827054 13742.565720989935 2196.4091737469007 14154.581729494821 c
2196.4091737469007 14154.581729494821 2137.198469596244 14576.219033502111 c
2137.198469596244 14576.219033502111 2853.9964982041006 14493.763869135108 c
2853.9964982041006 14493.763869135108 3557.1988355058857 14414.569055798873 c
4054.844070808838 14681.237588972032 4742.03939793946 15392.799782709057 d
4671.19156310075 15287.513842863782 4243.665546185894 15577.62468165157 c
4243.665546185894 15577.62468165157 3809.8336284161956 15866.874506067448 c
3809.8336284161956 15866.874506067448 4742.03939793946 15392.799782709057 c
4742.03939793946 15392.799782709057 4749.039397939461 15540.12300245558 d
4749.039397939461 15540.12300245558 4784.1483542181395 15965.39310921345 c
4784.1483542181395 15965.39310921345 4811.781188981163 16394.771532103616 c
4811.781188981163 16394.771532103616 5611.257048059314 16331.13412865058 c
5611.257048059314 16331.13412865058 6395.800773417941 16263.70163502689 c
6404.80077341794 16356.370408212757 6395.800773417941 16263.70163502689 d
6404.80077341794 16356.370408212757 7680.864276259702 16682.083997974634 c
7680.864276259702 16682.083997974634 7953.435976904772 15604.42978105083 c
7961.435976904772 15287.513842863782 7953.435976904772 15604.42978105083 d
7961.435976904772 15287.513842863782 8663.664636667212 16595.918381173855 c
7961.435976904772 15287.513842863782 8319.000600677338 15034.740115981172 d
8956.973504788288 15134.693258479187 9211.727686740553 13604.047152642597 c
9329.231517851718 13604.047152642597 9211.727686740553 13604.047152642597 d
9329.231517851718 13604.047152642597 9217.727686740553 14617.332012771274 c
9217.727686740553 14617.332012771274 10422.635333469414 14738.563965474508 c
10531.868799523385 14389.67845518222 10422.635333469414 14738.563965474508 d
10531.868799523385 14389.67845518222 12552.565198600361 14832.297459060532 c
12552.565198600361 14832.297459060532 12561.565198600361 13987.062493470838 d
12676.923489515917 14260.369893162006 13615.911017381362 13905.797505312728 c
13625.911017381362 13793.889001724705 13615.911017381362 13905.797505312728 d
13625.911017381362 13793.889001724705 13649.177515565829 14050.281695790989 c
13649.177515565829 14050.281695790989 13677.788527332177 14313.807386959292 c
13677.788527332177 14313.807386959292 13945.832750963591 14555.865721212946 c
13945.832750963591 14555.865721212946 14213.59873156159 14782.407283376577 c
14213.59873156159 14782.407283376577 14871.689800765585 14714.9359809685 c
14871.689800765585 14714.9359809685 15545.251357536765 14640.526325749395 c
15545.251357536765 14640.526325749395 15489.65843070103 14123.755004944522 c
15489.65843070103 14123.755004944522 15428.6018044594 13604.047152642597 c
15428.6018044594 13604.047152642597 14530.749751070392 13695.635910595012 c
14530.749751070392 13695.635910595012 13625.911017381362 13793.889001724705 c
13615.911017381362 13905.797505312728 13490.427009413357 13604.047152642597 c
13490.427009413357 13604.047152642597 12561.565198600361 13987.062493470838 c
12561.565198600361 13987.062493470838 12676.923489515917 14260.369893162006 c
12552.565198600361 14832.297459060532 12067.437365202417 13604.047152642597 c
12067.437365202417 13604.047152642597 10531.868799523385 14389.67845518222 c
10422.635333469414 14738.563965474508 10743.354475840544 15470.689836201953 d
10773.148091933703 15287.513842863782 10743.354475840544 15470.689836201953 c
10743.354475840544 15470.689836201953 10705.470952525724 15647.728788255938 c
10705.470952525724 15647.728788255938 11692.751980994755 15646.55948551559 c
11692.751980994755 15646.55948551559 12672.905351613448 15642.657208164575 c
12672.905351613448 15642.657208164575 12692.338858280404 15796.799331799675 d
12692.338858280404 15796.799331799675 13082.254237926274 15682.935935423939 c
13082.254237926274 15682.935935423939 13480.034961794076 15574.13790385611 c
13480.034961794076 15574.13790385611 13470.74107534994 15431.738045980432 c
13489.034961794076 15442.748222060742 13470.74107534994 15431.738045980432 d
13489.034961794076 15442.748222060742 14858.711346351414 16451.164752928908 c
14858.711346351414 16451.164752928908 15222.641622507324 15952.109024623287 c
15222.641622507324 15952.109024623287 13611.076626037335 15287.51384286378 c
13611.076626037335 15287.51384286378 13489.034961794076 15442.748222060742 c
13470.74107534994 15431.738045980432 13474.721208770114 15287.513842863782 c
13474.721208770114 15287.513842863782 13078.847391828423 15295.026036142812 c
13078.847391828423 15295.026036142812 12677.905351613448 15307.092419534416 c
12677.905351613448 15307.092419534416 12692.338858280404 15796.799331799675 c
12672.905351613448 15642.657208164575 11720.183007851987 15467.584738623464 c
11720.183007851987 15467.584738623464 10773.148091933703 15287.513842863782 c
10422.635333469414 14738.563965474508 10520.868799523383 13728.236590630266 c
10520.868799523383 13728.236590630266 9329.231517851718 13604.047152642597 c
9211.727686740553 13604.047152642597 8508.591586068107 13889.038040362451 c
8311.000600677338 13714.54022073772 8508.591586068107 13889.038040362451 d
8311.000600677338 13714.54022073772 8130.150451311974 13668.353540284892 c
8130.150451311974 13668.353540284892 7941.921416014719 13604.047152642597 c
7941.921416014719 13604.047152642597 7865.676952919767 13853.1925925593 c
7865.676952919767 13853.1925925593 7789.916460551726 14099.461927262366 c
7789.916460551726 14099.461927262366 8052.422252314537 13912.39892814226 c
8052.422252314537 13912.39892814226 8311.000600677338 13714.54022073772 c
8508.591586068107 13889.038040362451 8319.000600677338 15034.740115981172 c
8319.000600677338 15034.740115981172 8956.973504788288 15134.693258479187 c
8663.664636667212 16595.918381173855 8985.801129775202 16131.81777801538 c
8997.801129775204 15651.587020051615 8985.801129775202 16131.81777801538 d
8997.801129775204 15651.587020051615 10692.470952525724 16217.511791577483 c
10692.470952525724 16217.511791577483 9549.583793041287 15287.513842863782 c
9549.583793041287 15287.513842863782 8997.801129775204 15651.587020051615 c
8985.801129775202 16131.81777801538 7961.435976904772 15287.513842863782 c
7953.435976904772 15604.42978105083 6666.586245016522 15287.513842863782 c
6666.586245016522 15287.513842863782 6404.80077341794 16356.370408212757 c
6395.800773417941 16263.70163502689 6358.399896793106 15782.888076013014 c
6358.399896793106 15782.888076013014 6321.243707292155 15287.513842863782 c
6145.622282033173 15272.513842863782 6321.243707292155 15287.513842863782 d
6145.622282033173 15272.513842863782 7775.916460551726 14884.064313196104 c
7775.916460551726 14884.064313196104 6422.243529283249 13604.047152642597 c
6422.243529283249 13604.047152642597 6145.622282033173 15272.513842863782 c
6321.243707292155 15287.513842863782 5532.9152101039335 15408.857515212561 c
5532.9152101039335 15408.857515212561 4749.039397939461 15540.12300245558 c
4742.03939793946 15392.799782709057 4703.88797665335 15339.242358040194 c
4703.88797665335 15339.242358040194 4671.19156310075 15287.513842863782 c
4054.844070808838 14681.237588972032 6097.558032194521 14598.22888998101 c
6097.558032194521 14598.22888998101 6136.622282033173 14534.826443071914 c
6136.622282033173 14534.826443071914 4781.630875933763 13604.047152642597 c
5099.113127293856 13592.047152642597 6589.028822541881 12068.175579737726 c
6680.912138513686 11534.809952616666 7820.920394007203 12289.610999025364 c
7820.920394007203 12289.610999025364 8211.098177253349 11711.227877567593 c
8233.968697291444 11449.197952598213 8211.098177253349 11711.227877567593 d
8233.968697291444 11449.197952598213 8554.644941294584 11443.110648677972 c
8554.644941294584 11443.110648677972 10675.82791659813 11159.269791490984 c
10675.82791659813 11159.269791490984 10689.827916598128 11854.791230795689 d
11315.70230460651 10647.850309053632 10689.827916598128 11854.791230795689 c
10689.827916598128 11854.791230795689 11620.954102525613 12343.227264433423 c
11620.954102525613 12343.227264433423 11906.961540747585 11815.740216676086 d
11906.961540747585 11815.740216676086 12293.662492788695 11344.853987577157 c
12293.662492788695 11344.853987577157 12685.787592670507 10874.481912958909 c
12700.787592670507 10874.894509502628 12685.787592670507 10874.481912958909 d
12700.787592670507 10874.894509502628 13103.60457545527 11150.262850230423 c
13103.60457545527 11150.262850230423 13508.103358135355 11428.142911797222 c
13508.103358135355 11428.142911797222 13589.275310203953 11310.388460767297 c
13589.275310203953 11310.388460767297 13665.453195543154 11196.90812393111 c
13665.453195543154 11196.90812393111 13257.856034647124 10921.287365486365 c
13257.856034647124 10921.287365486365 12857.013697771963 10647.850309053632 c
12857.013697771963 10647.850309053632 12785.788422619176 10757.838615157321 c
12785.788422619176 10757.838615157321 12700.787592670507 10874.894509502628 c
12685.787592670507 10874.481912958909 12545.240196268267 10759.395648785116 c
12545.240196268267 10759.395648785116 12416.817820205722 10647.850309053632 c
12416.817820205722 10647.850309053632 12014.610010483739 11119.617344402417 c
12014.610010483739 11119.617344402417 11628.954102525611 11585.382168858268 c
11628.954102525611 11585.382168858268 11765.276847030815 11700.442990032334 c
11765.276847030815 11700.442990032334 11906.961540747585 11815.740216676086 c
11620.954102525613 12343.227264433423 11315.70230460651 10647.850309053632 c
10675.82791659813 11159.269791490984 10666.791305296381 10647.850309053632 c
10666.791305296381 10647.850309053632 8223.098177253349 10686.181006374172 c
8493.658009264767 10640.850309053634 8223.098177253349 10686.181006374172 d
8493.658009264767 10640.850309053634 9226.198553465925 10024.284135086004 c
9226.198553465925 10024.284135086004 9961.51373679985 9402.227200875664 c
9961.51373679985 9402.227200875664 10493.392138369223 9773.575248364554 d
10493.392138369223 9773.575248364554 11910.75851842629 10088.604085376528 c
11910.75851842629 10088.604085376528 12208.833140646182 8718.123308282591 c
12223.833140646182 8881.096357982651 12208.833140646182 8718.123308282591 d
12223.833140646182 8881.096357982651 12420.985625816926 9321.933660990358 c
12420.985625816926 9321.933660990358 13909.238381448955 9826.478415649683 c
14296.496339025434 9497.910949018788 13909.238381448955 9826.478415649683 d
14296.496339025434 9497.910949018788 14843.49958061252 9809.314264892488 c
14855.49958061252 8853.990206022001 14296.496339025434 9497.910949018788 d
14855.49958061252 8853.990206022001 15872.197739527483 9038.56199200554 c
15872.197739527483 9038.56199200554 15945.308335881236 8579.589394096858 c
15945.308335881236 8579.589394096858 14940.021280468027 8403.364293800336 c
14738.212138804407 7725.612312243209 14940.021280468027 8403.364293800336 d
14738.212138804407 7725.612312243209 16038.60238233039 6394.889286819889 c
16072.693548444928 6394.889286819889 16038.60238233039 6394.889286819889 d
16072.693548444928 6394.889286819889 16060.153062311703 6792.691259970775 c
16060.153062311703 6792.691259970775 16051.602382330388 7205.870942340953 c
16051.602382330388 7205.870942340953 16596.071628780024 6962.329031295165 c
16596.071628780024 6962.329031295165 17141.31685240763 6711.591002686024 c
17141.31685240763 6711.591002686024 16601.172044517374 6549.374723059895 c
16650.676428993404 6385.889286819889 16601.172044517374 6549.374723059895 d
16650.676428993404 6385.889286819889 16718.56261311919 6377.911111469235 c
16718.56261311919 6377.911111469235 16476.439221899684 3811.043397612572 c
16476.439221899684 3811.043397612572 15707.035913363776 5607.725087749771 c
15707.035913363776 5607.725087749771 16650.676428993404 6385.889286819889 c
16601.172044517374 6549.374723059895 16072.693548444928 6394.889286819889 c
16038.60238233039 6394.889286819889 14798.931702585507 7133.561634738156 c
14724.212138804407 6998.624725828093 14798.931702585507 7133.561634738156 d
14724.212138804407 6998.624725828093 14489.325008974281 6394.889286819889 c
14489.325008974281 6394.889286819889 14039.813108588149 6572.047846142917 c
14039.813108588149 6572.047846142917 14269.721147187804 7171.877660572936 c
14028.813108588149 7255.525483375114 14269.721147187804 7171.877660572936 d
14028.813108588149 7255.525483375114 13317.961904932641 6394.889286819889 c
13317.961904932641 6394.889286819889 12901.679442067802 6702.420576858598 c
12886.679442067802 6394.889286819889 12901.679442067802 6702.420576858598 d
12886.679442067802 6394.889286819889 11921.18357336499 7036.208582636181 c
11921.18357336499 7036.208582636181 10953.58948390723 7669.991579010513 c
10747.178484868069 7157.072269137691 10953.58948390723 7669.991579010513 d
10747.178484868069 7157.072269137691 10940.58948390723 7014.513489596962 c
10940.58948390723 7014.513489596962 10479.7169534336 6394.889286819889 c
10479.7169534336 6394.889286819889 10223.298208174592 6583.0288005502825 c
10223.298208174592 6583.0288005502825 10747.178484868069 7157.072269137691 c
10953.58948390723 7669.991579010513 11403.397234961702 7932.1297159659 c
11403.397234961702 7932.1297159659 11851.712551786093 8190.411593725208 c
11851.712551786093 8190.411593725208 12365.895713085938 7286.3306817085895 c
12365.895713085938 7286.3306817085895 12886.679442067802 6394.889286819889 c
12901.679442067802 6702.420576858598 13626.50348985592 7586.585361680598 c
13626.50348985592 7586.585361680598 14028.813108588149 7255.525483375114 c
14269.721147187804 7171.877660572936 14724.212138804407 6998.624725828093 c
14798.931702585507 7133.561634738156 14738.212138804407 7725.612312243209 c
14940.021280468027 8403.364293800336 14855.49958061252 8853.990206022001 c
14843.49958061252 9809.314264892488 13920.238381448951 8403.364293800336 c
13920.238381448951 8403.364293800336 14296.496339025434 9497.910949018788 c
13909.238381448955 9826.478415649683 14284.24731364569 10647.850309053632 d
14284.24731364569 10647.850309053632 13679.453195543154 10956.767689772187 c
14284.24731364569 10647.850309053632 14296.247313645692 10819.155825823904 d
14296.247313645692 10819.155825823904 14552.596835371893 10897.364797196835 c
14552.596835371893 10897.364797196835 14812.635205897295 10987.728745474025 c
14825.635205897295 10881.837378123173 14812.635205897295 10987.728745474025 d
14825.635205897295 10881.837378123173 14938.541264060184 10940.361987974387 c
14938.541264060184 10940.361987974387 15052.937344732918 11007.745408879915 c
15052.937344732918 11007.745408879915 15425.788662475617 11142.239738796043 c
15425.788662475617 11142.239738796043 15791.219545011234 11282.444490299142 c
15791.219545011234 11282.444490299142 15841.57958789844 11151.63522679201 c
15841.57958789844 11151.63522679201 15890.61134815757 11013.246946082745 c
15904.611348157572 10677.627758034258 15890.61134815757 11013.246946082745 d
15904.611348157572 10677.627758034258 16130.831084317639 11826.359106385815 c
16130.831084317639 11826.359106385815 16814.626932068582 11602.617653789182 c
16985.6672858228 11260.125713070758 16814.626932068582 11602.617653789182 d
16985.6672858228 11260.125713070758 17330.804150749635 11019.656490905456 c
17330.804150749635 11019.656490905456 17088.1699020149 10647.850309053632 c
17088.1699020149 10647.850309053632 16824.626932068582 11023.931163975332 c
16824.626932068582 11023.931163975332 16985.6672858228 11260.125713070758 c
16814.626932068582 11602.617653789182 15947.375416754923 10647.850309053632 c
15947.375416754923 10647.850309053632 15904.611348157572 10677.627758034258 c
15890.61134815757 11013.246946082745 14914.329624103828 10647.850309053632 c
14914.329624103828 10647.850309053632 14871.797265994384 10763.34256567195 c
14871.797265994384 10763.34256567195 14825.635205897295 10881.837378123173 c
14812.635205897295 10987.728745474025 14723.662578332853 10814.620154243192 c
14723.662578332853 10814.620154243192 14635.658719698753 10647.850309053632 c
14635.658719698753 10647.850309053632 14463.403863134241 10736.105172658301 c
14463.403863134241 10736.105172658301 14296.247313645692 10819.155825823904 c
13679.453195543154 10956.767689772187 13988.291288404931 11559.667172908383 c
13988.291288404931 11559.667172908383 14284.24731364569 10647.850309053632 c
13909.238381448955 9826.478415649683 13249.36264093958 8403.364293800336 c
13249.36264093958 8403.364293800336 12223.833140646182 8881.096357982651 c
12208.833140646182 8718.123308282591 10790.061768266642 8403.364293800336 c
10790.061768266642 8403.364293800336 10493.392138369223 9773.575248364554 c
9961.51373679985 9402.227200875664 9538.534374766876 8902.497613863192 c
9966.51373679985 8658.498415739055 9538.534374766876 8902.497613863192 d
9966.51373679985 8658.498415739055 10219.373313961887 8627.180142870646 c
10219.373313961887 8627.180142870646 10482.392138369223 8581.746469079191 c
10482.392138369223 8581.746469079191 10472.74192629126 8498.176074111592 c
10472.74192629126 8498.176074111592 10458.068445766708 8403.364293800336 c
10458.068445766708 8403.364293800336 10207.743646735533 8529.409618377515 c
10207.743646735533 8529.409618377515 9966.51373679985 8658.498415739055 c
9538.534374766876 8902.497613863192 9114.097886458525 8403.364293800336 c
9114.097886458525 8403.364293800336 8368.661570272405 9002.815665043516 c
8368.661570272405 9002.815665043516 7627.170143367031 9606.677391563537 c
7627.170143367031 9606.677391563537 8058.160310694321 10125.076097598738 c
8058.160310694321 10125.076097598738 8493.658009264767 10640.850309053634 c
8223.098177253349 10686.181006374172 8233.968697291444 11449.197952598213 c
8211.098177253349 11711.227877567593 6602.028822541881 10647.850309053632 c
5978.128488125659 10371.425994948078 6589.645132367567 8403.364293800336 c
6515.237866326093 8390.364293800336 6479.838776254659 7548.0356912325215 c
6479.838776254659 7548.0356912325215 6461.979658372624 6706.106340673956 c
6461.979658372624 6706.106340673956 6214.979439845785 6546.384670401062 c
5469.501172676197 6043.789847399028 6214.979439845785 6546.384670401062 d
5469.501172676197 6043.789847399028 7489.090469641511 5526.696303673561 c
7489.090469641511 5526.696303673561 7748.546078838472 5103.249469388611 c
7748.546078838472 5103.249469388611 7409.749322805132 3811.043397612572 c
7409.749322805132 3811.043397612572 7441.392458223943 3780.655111483841 d
7441.392458223943 3780.655111483841 7639.728607275416 3646.261232614589 c
7639.728607275416 3646.261232614589 7825.482062175623 3514.9441579997565 c
7825.482062175623 3514.9441579997565 7447.152382763008 2961.5762741593985 c
7447.152382763008 2961.5762741593985 7063.192369144343 2403.0386004079046 c
7063.192369144343 2403.0386004079046 6869.598666780313 2533.129682601645 c
6869.598666780313 2533.129682601645 6680.759088863759 2662.6030400741834 c
6665.759088863759 2738.6773747558386 6680.759088863759 2662.6030400741834 d
6665.759088863759 2738.6773747558386 6375.1272757687675 2403.0386004079046 c
6375.1272757687675 2403.0386004079046 5944.032218937633 2791.6199236504867 c
5944.032218937633 2791.6199236504867 5510.2715739220785 3178.3608873578046 c
5510.2715739220785 3178.3608873578046 5552.839264568392 3236.8761279305763 c
5552.839264568392 3236.8761279305763 5596.662106109379 3285.895751572221 c
5596.662106109379 3285.895751572221 6137.868319324054 3009.98930027468 c
6137.868319324054 3009.98930027468 6665.759088863759 2738.6773747558386 c
6680.759088863759 2662.6030400741834 7059.700059640948 3217.3998868949534 c
7059.700059640948 3217.3998868949534 7441.392458223943 3780.655111483841 c
7409.749322805132 3811.043397612572 5055.463701575227 4421.807183105453 c
5044.463701575227 3940.8486272685914 5055.463701575227 4421.807183105453 d
5044.463701575227 3940.8486272685914 4037.9232490795202 3811.043397612572 c
4037.9232490795202 3811.043397612572 3831.455449672447 5313.6060063678215 c
3831.455449672447 5313.6060063678215 4439.907384082698 5397.8252743016 c
4439.907384082698 5397.8252743016 4847.0496379308315 5404.560189125893 c
4847.0496379308315 5404.560189125893 5044.463701575227 3940.8486272685914 c
5055.463701575227 4421.807183105453 5469.501172676197 6043.789847399028 c
6214.979439845785 6546.384670401062 5967.283906074599 6394.889286819889 c
5967.283906074599 6394.889286819889 5589.423864837476 6968.918969450379 c
5589.423864837476 6968.918969450379 5209.490293341303 7555.402189194483 c
4128.455846993671 8403.364293800336 3985.564120163016 8456.465805174308 d
3985.564120163016 8456.465805174308 2231.0078272304627 8403.364293800336 c
2231.0078272304627 8403.364293800336 2052.7304443932103 9148.408863874067 c
2052.7304443932103 9148.408863874067 2040.73044439321 9172.948745702977 d
2040.73044439321 9172.948745702977 1785.175383736198 8786.469707560118 c
1785.175383736198 8786.469707560118 1537.6721070358417 8403.364293800336 c
1537.6721070358417 8403.364293800336 1155.6738034870514 8650.442327637471 c
1155.6738034870514 8650.442327637471 781.5560577969491 8894.925370484994 c
781.5560577969491 8894.925370484994 740.3163084769224 8935.027543732143 c
740.3163084769224 8935.027543732143 695.5459636063306 8988.0678689746 c
695.5459636063306 8988.0678689746 943.2723275438852 9356.021456105944 c
685.5459636063307 9267.558861850459 943.2723275438852 9356.021456105944 d
685.5459636063307 9267.558861850459 467.7865662614359 8403.364293800336 c
467.7865662614359 8403.364293800336 0.0 8523.67719835714 c
0.0 8523.67719835714 221.89904885858803 9391.134138573138 c
221.89904885858803 9391.134138573138 685.5459636063307 9267.558861850459 c
943.2723275438852 9356.021456105944 1188.0274060614465 9728.517947779283 c
1188.0274060614465 9728.517947779283 1615.6496580754579 9447.871669030614 c
1615.6496580754579 9447.871669030614 2040.73044439321 9172.948745702977 c
2052.7304443932103 9148.408863874067 3985.564120163016 8456.465805174308 c
4128.455846993671 8403.364293800336 3994.564120163016 9069.92503224102 c
3994.564120163016 9069.92503224102 5582.948041189198 8700.525216049411 c
4857.376205515783 8162.852867358506 5200.490293341303 6963.2421592415685 c
5200.490293341303 6963.2421592415685 5002.106426627628 6806.032467777072 c
5002.106426627628 6806.032467777072 3565.9860967535224 6394.889286819889 c
3057.950604580691 6133.238642553244 3819.4554496724472 5904.614314191986 c
3819.4554496724472 5904.614314191986 3209.3599602772233 3811.0433976125723 c
3178.582638170622 3387.5101420876204 2675.8536984033353 2403.0386004079046 c
2675.8536984033353 2403.0386004079046 2787.844710927403 1819.613544570874 d
2787.844710927403 1819.613544570874 4773.834659883684 599.0843335002523 c
5053.31332959188 474.5282495428713 4773.834659883684 599.0843335002523 d
5053.31332959188 474.5282495428713 4787.834659883684 949.3956767860997 c
4787.834659883684 949.3956767860997 5546.298108083289 1107.31352073938 c
5546.298108083289 1107.31352073938 6305.9696405566665 1254.0463155163313 c
6305.9696405566665 1254.0463155163313 6461.484467981324 994.1756819475439 c
6461.484467981324 994.1756819475439 6610.111770753432 729.9378778297137 c
6610.111770753432 729.9378778297137 7388.809165480461 250.43725591486617 d
7388.809165480461 250.43725591486617 7733.388424356436 495.41920042524447 c
8066.651235752353 789.6642998088515 7733.388424356436 495.41920042524447 d
8066.651235752353 789.6642998088515 7744.388424356435 1587.718761367273 c
7744.388424356435 1587.718761367273 8154.52353984703 1536.3198599780817 c
8154.52353984703 1536.3198599780817 8572.537746929644 1479.734452078059 c
8572.537746929644 1479.734452078059 8479.469556729866 737.7200097739718 c
8479.469556729866 737.7200097739718 8379.196767489317 0.0 c
8379.196767489317 0.0 8066.651235752353 789.6642998088515 c
7733.388424356436 495.41920042524447 7556.337822217386 0.0 c
7556.337822217386 0.0 7373.809165480461 29.351344115637744 d
7373.809165480461 29.351344115637744 6619.111770753432 0.0 c
6619.111770753432 0.0 6674.862679825328 206.45317555740118 c
6674.862679825328 206.45317555740118 6734.128816165401 413.44463656517996 c
6734.128816165401 413.44463656517996 7059.732333491124 224.35788346143408 c
7059.732333491124 224.35788346143408 7373.809165480461 29.351344115637744 c
7556.337822217386 0.0 7388.809165480461 250.43725591486617 c
6610.111770753432 729.9378778297137 5969.052470134277 360.6022290542126 c
5969.052470134277 360.6022290542126 5327.613654914501 0.0 c
5327.613654914501 0.0 5053.31332959188 474.5282495428713 c
2787.844710927403 1819.613544570874 3439.7545228249896 2586.940402316046 d
3704.541719957259 2403.0386004079046 3439.7545228249896 2586.940402316046 c
3439.7545228249896 2586.940402316046 3183.582638170622 2774.6233640063 c
3183.582638170622 2774.6233640063 3461.8268446873517 2718.80735583329 c
3461.8268446873517 2718.80735583329 3746.137511635117 2671.258244584085 c
3803.8138609895477 2622.8668344146745 3746.137511635117 2671.258244584085 d
3803.8138609895477 2622.8668344146745 3755.1375116351173 2839.606015508909 c
3755.1375116351173 2839.606015508909 4423.820458587054 2972.4169890243384 c
4423.820458587054 2972.4169890243384 5095.580001877537 3102.6179093549636 c
5095.580001877537 3102.6179093549636 5267.429714172025 3067.776912435159 c
5267.429714172025 3067.776912435159 5435.462836281331 3038.771175323809 c
5435.462836281331 3038.771175323809 5466.518420607995 2875.893212968045 c
5466.518420607995 2875.893212968045 5502.2715739220785 2716.3804093990357 c
5502.2715739220785 2716.3804093990357 4667.042873717095 2560.794167084738 c
4667.042873717095 2560.794167084738 3842.2926989758917 2403.0386004079046 c
3842.2926989758917 2403.0386004079046 3803.8138609895477 2622.8668344146745 c
3746.137511635117 2671.258244584085 3726.529153257198 2532.472505530086 c
3726.529153257198 2532.472505530086 3704.541719957259 2403.0386004079046 c
4773.834659883684 599.0843335002523 4593.753536047453 301.36130384989326 c
4593.753536047453 301.36130384989326 4406.661402380318 0.0 c
4406.661402380318 0.0 3621.6531877497046 493.4531902500048 c
3621.6531877497046 493.4531902500048 2833.2933915421463 973.097767855404 c
2833.2933915421463 973.097767855404 2787.844710927403 1819.613544570874 c
2675.8536984033353 2403.0386004079046 1965.7529009257496 2765.170847257519 c
1958.7529009257496 2581.121901791974 1852.969536590861 2495.9446845711655 c
1852.969536590861 2495.9446845711655 1747.9110313205977 2403.0386004079046 c
1830.7838599013799 2341.7900384928967 1747.9110313205977 2403.0386004079046 d
1830.7838599013799 2341.7900384928967 2776.8447109274034 274.91588654590595 c
2776.8447109274034 274.91588654590595 2042.6733839472897 0.0 c
2042.6733839472897 0.0 1830.7838599013799 2341.7900384928967 c
1747.9110313205977 2403.0386004079046 1436.7726849158284 2780.2371287265023 c
1436.7726849158284 2780.2371287265023 1130.9598647137295 3161.3178744749753 c
1130.9598647137295 3161.3178744749753 1054.5529799654078 3478.3257364389206 c
1054.5529799654078 3478.3257364389206 982.3630596618854 3800.0433976125723 c
1036.6604138063774 3862.96632483724 90.09711064795158 3811.043397612572 c
65.44479701540774 3149.034546543316 973.3630596618855 2403.0386004079046 c
1183.43033237415 2397.0386004079046 1503.8793466854358 1459.9980029399605 c
1503.8793466854358 1459.9980029399605 1819.7838599013799 517.4049695741123 c
1819.7838599013799 517.4049695741123 1250.7612830187275 260.3572623980631 c
1250.7612830187275 260.3572623980631 682.4182939754055 0.0 c
610.7326314874517 209.2385559384057 0.0 0.0 d
