Processando arquivo: han120_mod_sep.txt

Tempo de Inicio (hh:mm:ss.ms) 2026-04-26 15:06:04.585726
Tempo de Termino (hh:mm:ss.ms) 2026-04-26 15:06:12.384175
Tempo Total (hh:mm:ss.ms) 0:00:07.798449

Função Objetivo: 25296.105857001927

0.0 0.0 660.3321779793582 312.8592290040694 d
808.5619635889889 0.0 0.0 1706.580573466282 c
0.0 1706.580573466282 1091.1306382117143 207.98894164082333 c
1105.1306382117143 72.83900753149237 1091.1306382117143 207.98894164082333 d
1105.1306382117143 72.83900753149237 1318.393393199439 2124.556304519753 c
1107.3135680774155 2367.7748534956663 1318.393393199439 2124.556304519753 d
1107.3135680774155 2367.7748534956663 1056.5648501153967 2333.0767387613782 c
1056.5648501153967 2333.0767387613782 0.0 3812.602704791083 c
0.0 3812.602704791083 158.70923286906654 3862.702675317786 c
158.70923286906654 3862.702675317786 737.6147483846253 3643.842104180437 c
737.6147483846253 3643.842104180437 1107.3135680774155 2367.7748534956663 c
1318.393393199439 2124.556304519753 1848.2433201818053 1576.4245390388849 c
1848.2433201818053 1576.4245390388849 2465.3119048047765 2333.0767387613782 d
2465.3119048047765 2333.0767387613782 1115.3135680774155 2791.86329869722 c
1115.3135680774155 2791.86329869722 1360.568003324014 3250.4146775606205 c
1360.568003324014 3250.4146775606205 1606.6614708171965 3697.0997238736777 c
1606.6614708171965 3697.0997238736777 816.0074866741672 4622.737415122991 d
816.0074866741672 4622.737415122991 410.5164460245322 5006.0928865895685 c
410.5164460245322 5006.0928865895685 0.0 5383.712294008188 c
0.0 5383.712294008188 44.70294797443147 5437.765811460262 c
44.70294797443147 5437.765811460262 97.42769496140563 5488.8603953351885 c
97.42769496140563 5488.8603953351885 602.603681580108 5206.7082537139495 c
602.603681580108 5206.7082537139495 1103.309831691595 4932.574479499103 c
1241.7719016079568 4906.468035603577 1103.309831691595 4932.574479499103 d
1241.7719016079568 4906.468035603577 1111.309831691595 5192.753175853633 c
1111.309831691595 5192.753175853633 2002.5757603744473 5129.928578521372 c
2002.5757603744473 5129.928578521372 2908.3813423787788 5064.088046104268 c
2908.3813423787788 5064.088046104268 2895.2719782273452 5034.639968040906 c
2895.2719782273452 5034.639968040906 2890.5701968293524 5014.446076336785 c
2890.5701968293524 5014.446076336785 2130.4597934908056 4823.071221183432 c
2130.4597934908056 4823.071221183432 1372.788931614182 4622.737415122991 c
1372.788931614182 4622.737415122991 1241.7719016079568 4906.468035603577 c
1103.309831691595 4932.574479499103 963.6927648839048 4774.408062559659 c
963.6927648839048 4774.408062559659 816.0074866741672 4622.737415122991 c
1606.6614708171965 3697.0997238736777 2222.1069923813197 3365.14133401915 c
2222.1069923813197 3365.14133401915 2835.144308022897 3031.1030993692725 c
2835.144308022897 3031.1030993692725 2652.7816544518328 2682.1970016510923 c
2652.7816544518328 2682.1970016510923 2845.1443080228973 2508.925339525893 d
2845.1443080228973 2508.925339525893 3151.701136632156 3760.107763463456 c
3151.701136632156 3760.107763463456 3360.990407532622 2333.0767387613782 c
3360.990407532622 2333.0767387613782 3454.8391143084946 2333.076738761378 d
3454.8391143084946 2333.076738761378 3373.9904075326217 3842.2668958094246 c
3373.9904075326217 3842.2668958094246 4811.54682283832 4614.737415122991 c
4811.54682283832 4614.737415122991 4886.212993829541 4622.737415122991 d
4886.212993829541 4622.737415122991 3254.205585091476 4942.173407577331 c
3254.205585091476 4942.173407577331 2923.381342378779 5941.41381936714 c
2923.381342378779 5941.41381936714 2212.357037224606 6836.113845068052 d
3440.274237257764 6424.808937470221 2212.357037224606 6836.113845068052 c
2212.357037224606 6836.113845068052 986.4444693603443 7238.355167846483 c
986.4444693603443 7238.355167846483 802.0014409644075 6997.161073110032 d
802.0014409644075 6997.161073110032 885.2393009605048 6708.227349958783 c
885.2393009605048 6708.227349958783 978.4444693603442 6424.80893747022 c
978.4444693603442 6424.80893747022 483.99751798380044 6956.355731338574 c
483.99751798380044 6956.355731338574 0.0 7484.4126761531315 c
0.0 7484.4126761531315 95.97147888087328 7566.422292459084 c
95.97147888087328 7566.422292459084 188.44094680953663 7660.709385257371 c
188.44094680953663 7660.709385257371 802.0014409644075 6997.161073110032 c
986.4444693603443 7238.355167846483 1108.5841005480838 7600.134142607932 c
1108.5841005480838 7600.134142607932 1230.49670275021 7976.847233927055 c
1230.49670275021 7976.847233927055 1895.4637321145728 7748.593544282937 c
1895.4637321145728 7748.593544282937 2555.5514832935482 7531.91935724776 c
2555.5514832935482 7531.91935724776 3440.274237257764 6424.808937470221 c
2923.381342378779 5941.41381936714 5062.403159178745 5522.457331130508 c
5072.403159178744 5568.334124254398 5062.403159178745 5522.457331130508 d
5072.403159178744 5568.334124254398 6606.278704112401 5825.427604675112 c
6606.278704112401 5825.427604675112 6828.086768429167 6448.5649487356095 d
6874.985193403496 6424.80893747022 6828.086768429167 6448.5649487356095 c
6828.086768429167 6448.5649487356095 7674.075020858022 6424.80893747022 d
7637.1228604388125 6453.981372292936 9186.207906835978 8062.943739865686 c
9186.207906835978 8062.943739865686 8729.651150405802 6437.463220422755 c
8729.651150405802 6437.463220422755 8678.217880426428 6410.808937470221 d
8678.217880426428 6410.808937470221 8831.797066275329 4622.737415122991 c
8831.797066275329 4622.737415122991 8594.126657870227 5278.123040357933 c
8846.797066275329 5249.889806786164 8594.126657870227 5278.123040357933 d
8846.797066275329 5249.889806786164 9373.54344500401 5190.710715594615 c
9378.54344500401 4935.590143455585 9373.54344500401 5190.710715594615 d
9378.54344500401 4935.590143455585 9864.817222277003 5147.467949717395 c
9864.817222277003 5147.467949717395 10360.676324364771 5356.6754016015275 c
10360.676324364771 5356.6754016015275 10063.410963249296 4989.695708306334 c
10063.410963249296 4989.695708306334 9761.04745095557 4622.737415122991 c
9761.04745095557 4622.737415122991 9378.54344500401 4935.590143455585 c
9373.54344500401 5190.710715594615 9317.456775482142 4622.737415122991 c
9317.456775482142 4622.737415122991 8846.797066275329 5249.889806786164 c
8594.126657870227 5278.123040357933 8359.987074117023 5930.7117267192125 c
8344.987074117023 6001.5670502502935 8359.987074117023 5930.7117267192125 d
8344.987074117023 6001.5670502502935 8131.127760445629 4622.737415122991 c
8131.127760445629 4622.737415122991 7478.0390804328445 4723.420147895278 c
7478.0390804328445 4723.420147895278 6812.120186778745 4824.2409308555225 c
6812.120186778745 4824.2409308555225 6839.121280603216 4997.812630847709 c
6839.121280603216 4997.812630847709 6870.776131765227 5179.380190754861 c
6870.776131765227 5179.380190754861 7602.415524592235 5594.4750367058705 c
7602.415524592235 5594.4750367058705 8344.987074117023 6001.5670502502935 c
8359.987074117023 5930.7117267192125 8511.132335858567 6169.679678558974 c
8511.132335858567 6169.679678558974 8678.217880426428 6410.808937470221 c
8729.651150405802 6437.463220422755 9194.207906835978 7300.613219563447 d
9356.824752289456 6424.80893747022 9194.207906835978 7300.613219563447 c
9194.207906835978 7300.613219563447 9913.037899950774 7380.862433377423 c
9913.037899950774 7380.862433377423 10638.755397899997 7467.250306093656 c
10638.755397899997 7467.250306093656 10801.010807234561 7324.140946302547 d
10801.010807234561 7324.140946302547 10974.698842485226 7471.2648377611 c
10974.698842485226 7471.2648377611 11732.92092827534 6578.005855055428 c
11732.92092827534 6578.005855055428 11745.92092827534 6708.997667578585 d
11745.92092827534 6708.997667578585 12032.078698251351 6675.859842369916 c
12032.078698251351 6675.859842369916 11895.109093355644 6424.80893747022 c
11895.109093355644 6424.80893747022 11745.92092827534 6708.997667578585 c
11732.92092827534 6578.005855055428 11565.05545272412 6424.80893747022 c
11565.05545272412 6424.80893747022 10801.010807234561 7324.140946302547 c
10638.755397899997 7467.250306093656 10708.368481646532 7083.917337826859 c
10708.368481646532 7083.917337826859 10787.01080723456 6691.331989853701 c
10787.01080723456 6691.331989853701 10065.987310212737 6561.618616425701 c
10065.987310212737 6561.618616425701 9356.824752289456 6424.80893747022 c
8729.651150405802 6437.463220422755 7674.075020858022 6424.80893747022 c
7674.075020858022 6424.80893747022 7637.1228604388125 6453.981372292936 c
6828.086768429167 6448.5649487356095 6813.086768429167 6430.899705879054 d
6813.086768429167 6430.899705879054 6476.333162598163 6424.80893747022 c
6476.333162598163 6424.80893747022 6130.859372758169 6434.650419480848 c
6130.859372758169 6434.650419480848 6127.581675657395 6626.474678219885 c
6116.581675657394 6620.3662862475285 6127.581675657395 6626.474678219885 d
6116.581675657394 6620.3662862475285 5339.546324745778 6424.80893747022 c
4792.338564747284 6424.80893747022 5339.546324745778 6424.80893747022 d
4792.338564747284 6424.80893747022 3454.274237257764 7328.250657470581 c
3454.274237257764 7328.250657470581 4178.966497783204 7778.783769587799 c
4178.966497783204 7778.783769587799 4792.338564747284 6424.80893747022 c
5339.546324745778 6424.80893747022 4805.338564747284 8543.48190498726 c
4805.338564747284 8543.48190498726 5729.6773220831365 8131.268579477092 c
5729.6773220831365 8131.268579477092 6550.4690402383285 8554.48190498726 d
6550.4690402383285 8554.48190498726 4573.691587944564 8899.021505567813 c
4573.691587944564 8899.021505567813 4545.8292311192245 8736.242534351715 d
4545.8292311192245 8736.242534351715 4188.525258461601 8639.773650746967 c
4188.525258461601 8639.773650746967 3813.0100826346534 8554.48190498726 c
3813.0100826346534 8554.48190498726 3777.1941724672706 8681.784447680151 c
3777.1941724672706 8681.784447680151 3734.086110711271 8674.26626395785 d
3734.086110711271 8674.26626395785 3506.6064475750495 8554.48190498726 c
3506.6064475750495 8554.48190498726 3281.3564243551427 8941.114917733159 c
3281.3564243551427 8941.114917733159 3063.588978326169 9329.161753557897 c
3063.588978326169 9329.161753557897 3193.5459112267786 9389.79529875646 c
3050.588978326169 9549.248043410027 3193.5459112267786 9389.79529875646 d
3050.588978326169 9549.248043410027 2342.1612651258965 9053.282591167756 c
2342.1612651258965 9053.282591167756 1645.7948374792315 8554.48190498726 c
1645.7948374792315 8554.48190498726 1621.2555442818157 9340.146865832197 c
1621.2555442818157 9340.146865832197 1607.0911106270153 10128.741193320237 c
1598.0911106270153 9817.242634327542 1607.0911106270153 10128.741193320237 d
1598.0911106270153 9817.242634327542 358.1673456103993 8554.48190498726 c
358.1673456103993 8554.48190498726 0.0 8904.654220693135 c
0.0 8904.654220693135 582.469198443966 10813.730629654925 c
206.73879847266494 11142.69986928384 582.469198443966 10813.730629654925 d
206.73879847266494 11142.69986928384 0.0 12052.214611745323 c
0.0 12052.214611745323 948.2130833204687 12504.510670650085 d
948.2130833204687 12504.510670650085 1819.864503703795 13266.166846582737 c
2222.5468689480945 13855.180930076978 1819.864503703795 13266.166846582737 d
2222.5468689480945 13855.180930076978 1382.4564546406634 14330.631587359045 c
1382.4564546406634 14330.631587359045 1369.4564546406632 15180.520945842685 d
1369.4564546406632 15180.520945842685 0.0 13855.180930076978 c
0.0 13855.180930076978 713.8117428921462 15861.200170322187 c
713.8117428921462 15861.200170322187 883.5163830952134 15869.200170322187 d
883.5163830952134 15869.200170322187 0.0 16567.46484128587 c
0.0 16567.46484128587 584.242582911329 17321.910125168513 c
584.242582911329 17321.910125168513 173.79029358047032 17947.043040754168 d
173.79029358047032 17947.043040754168 0.0 18406.392161054933 c
0.0 18406.392161054933 1103.2317118701978 18841.55468201231 c
1103.2317118701978 18841.55468201231 1675.9617531109482 18524.636430588147 c
1675.9617531109482 18524.636430588147 1681.9617531109482 18103.38206420993 d
1681.9617531109482 18103.38206420993 2219.2946382585064 18902.210140246625 c
2219.2946382585064 18902.210140246625 2451.335408893598 19239.96885390443 d
2451.335408893598 19239.96885390443 3591.822106246006 18581.349587508656 c
3602.034645458388 18442.169202588077 3591.822106246006 18581.349587508656 d
3602.034645458388 18442.169202588077 3616.567968870435 18808.934342682576 c
3616.567968870435 18808.934342682576 4123.25042555676 18380.096922959692 c
4123.25042555676 18380.096922959692 4630.80522426297 17947.043040754168 c
4630.80522426297 17947.043040754168 4111.9502189692585 18010.80134641065 c
4111.9502189692585 18010.80134641065 4952.637581386788 17191.531391030097 d
4952.637581386788 17191.531391030097 6502.494306279821 16443.501944184045 c
6502.494306279821 16443.501944184045 6517.49430627982 16647.919427638015 d
6517.49430627982 16647.919427638015 6682.274889591513 16770.67660009121 c
6682.274889591513 16770.67660009121 6844.887054099508 16897.85218886337 c
6844.887054099508 16897.85218886337 7238.217870536056 16379.804664231653 c
7238.217870536056 16379.804664231653 7643.149033190529 15869.200170322187 c
7650.149033190529 15869.200170322187 7643.149033190529 15869.200170322187 d
7650.149033190529 15869.200170322187 7673.023558813325 17611.729551912227 c
7673.023558813325 17611.729551912227 8179.616277203575 17942.043040754168 c
8179.616277203575 17942.043040754168 8410.378608306051 18891.195308919483 d
8986.191832766677 18371.982935953223 8361.720332881403 18791.663953044666 c
8361.720332881403 18791.663953044666 8388.503126581252 18842.042437987515 c
8388.503126581252 18842.042437987515 8410.378608306051 18891.195308919483 c
8410.378608306051 18891.195308919483 8247.043004272828 19223.160696891857 d
8247.043004272828 19223.160696891857 8352.720332881403 17947.043040754168 c
8352.720332881403 17947.043040754168 7660.095879943767 18674.867674241195 c
7660.095879943767 18674.867674241195 6978.208411702895 19404.242123410935 c
6978.208411702895 19404.242123410935 7547.147584823969 19952.870844577465 c
7547.147584823969 19952.870844577465 8134.403465358811 20498.228558315477 c
8257.834349324825 20506.22855831548 8134.403465358811 20498.228558315477 d
8257.834349324825 20506.22855831548 7934.945270345406 20769.431205562807 c
7342.7499392749405 20506.228558315477 8257.834349324825 20506.22855831548 d
7598.573186106638 21294.033626163462 7342.7499392749405 20506.228558315477 c
7342.7499392749405 20506.228558315477 7110.477953915307 20506.228558315477 d
7110.477953915307 20506.228558315477 7028.835641209932 20754.102521090885 c
7028.835641209932 20754.102521090885 6942.093481629839 21012.053723996858 c
6942.093481629839 21012.053723996858 6934.093481629838 20975.56176295592 d
6934.093481629838 20975.56176295592 6668.2903458930095 20506.228558315477 c
6668.2903458930095 20506.228558315477 6639.604351659874 20506.228558315477 d
6639.604351659874 20506.228558315477 5720.696149820441 20537.20519051464 c
5720.696149820441 20537.20519051464 5742.217168258318 20948.592733920737 c
5742.217168258318 20948.592733920737 6661.2903458930095 20918.350231745062 c
6661.2903458930095 20918.350231745062 6639.604351659874 20506.228558315477 c
6668.2903458930095 20506.228558315477 6698.25374466529 20989.725592010287 c
6698.25374466529 20989.725592010287 6934.093481629838 20975.56176295592 c
6942.093481629839 21012.053723996858 7033.1908741923235 21038.02667377938 c
7033.1908741923235 21038.02667377938 7114.24837826551 21068.452659244802 c
7114.24837826551 21068.452659244802 7110.477953915307 20506.228558315477 c
7342.7499392749405 20506.228558315477 7122.24837826551 21324.2088527258 c
7122.24837826551 21324.2088527258 7598.573186106638 21294.033626163462 c
7934.945270345406 20769.431205562807 7608.573186106638 21044.36111797225 c
7608.573186106638 21044.36111797225 8773.971336458142 21889.01656138033 c
8550.410345594082 22700.206676308608 8773.971336458142 21889.01656138033 d
8550.410345594082 22700.206676308608 7067.670915885204 23346.50464935684 c
8550.410345594082 22700.206676308608 9433.708336639229 23535.528641144523 d
8559.410345594082 23184.593335474772 8999.047813983652 23361.854176276236 c
8999.047813983652 23361.854176276236 9433.708336639229 23535.528641144523 c
9637.877753918401 23382.224744052462 9433.708336639229 23535.528641144523 d
9637.877753918401 23382.224744052462 11590.707134715578 23938.45508118822 c
11590.707134715578 23938.45508118822 11194.230151191434 22700.206676308608 c
11194.230151191434 22700.206676308608 9637.877753918401 23382.224744052462 c
9433.708336639229 23535.528641144523 9628.877753918401 23062.52266274417 c
9628.877753918401 23062.52266274417 9193.501969240668 22877.551796649055 c
9193.501969240668 22877.551796649055 8761.576320288252 22700.206676308608 c
8761.576320288252 22700.206676308608 8658.627074504699 22942.472729128825 c
8658.627074504699 22942.472729128825 8559.410345594082 23184.593335474772 c
8550.410345594082 22700.206676308608 9264.607236609578 21714.149623446305 d
9264.607236609578 21714.149623446305 9451.278225737211 21844.736036748458 c
9451.278225737211 21844.736036748458 9638.558570033527 21980.095742362566 c
9638.558570033527 21980.095742362566 10019.808273082948 21244.377351676783 c
10019.808273082948 21244.377351676783 10405.49330766731 20506.228558315477 c
10477.041878064932 20506.228558315477 10405.49330766731 20506.228558315477 d
10477.041878064932 20506.228558315477 10410.49330766731 20819.13990184119 c
10410.49330766731 20819.13990184119 11207.142939757254 20916.394277101794 c
11207.142939757254 20916.394277101794 11253.420144383423 20675.061953223507 c
11262.42014438342 20506.228558315477 11253.420144383423 20675.061953223507 d
11262.42014438342 20506.228558315477 11548.321295137575 21268.044144828706 c
10930.89017006395 20339.656108249746 11548.321295137575 21268.044144828706 d
10930.89017006395 20339.656108249746 11008.79585958408 19154.357528079083 c
11088.27732282228 19140.519125407216 11008.79585958408 19154.357528079083 d
11088.27732282228 19140.519125407216 11583.443097193185 19315.405792753518 c
11583.443097193185 19315.405792753518 12086.118131580595 19494.014918739605 c
12086.118131580595 19494.014918739605 12288.219990474487 18897.30371498999 c
12288.219990474487 18897.30371498999 12502.71183492164 18296.239526053414 c
12502.71183492164 18296.239526053414 12004.48414455425 18123.581350550274 c
12004.48414455425 18123.581350550274 11502.632176805402 17947.043040754168 c
11502.632176805402 17947.043040754168 11287.750927198498 18542.518656102908 c
11287.750927198498 18542.518656102908 11088.27732282228 19140.519125407216 c
11008.79585958408 19154.357528079083 11081.27732282228 17975.749390877856 c
11081.27732282228 17975.749390877856 10836.652031718864 17965.57787551453 c
10836.652031718864 17965.57787551453 10593.398738559887 17947.043040754168 c
10593.398738559887 17947.043040754168 10216.466930767054 18411.864020678615 c
10216.466930767054 18411.864020678615 9844.452993670362 18885.452188334686 c
9844.452993670362 18885.452188334686 9795.63857131135 19569.317429140865 c
9795.63857131135 19569.317429140865 9750.320909031238 20261.69127731183 c
9750.320909031238 20261.69127731183 10348.489617334537 20299.592945905468 c
10348.489617334537 20299.592945905468 10930.89017006395 20339.656108249746 c
11548.321295137575 21268.044144828706 12740.353466292314 21648.652513584067 c
12740.353466292314 21648.652513584067 12932.55004790154 21029.352109305204 c
13010.87824054118 21239.75620510068 12932.55004790154 21029.352109305204 d
13010.87824054118 21239.75620510068 12941.550047901539 21975.021237248242 c
12941.550047901539 21975.021237248242 13081.267740091449 21964.9555839847 c
13081.267740091449 21964.9555839847 13223.13501626677 21952.416957658887 c
13223.13501626677 21952.416957658887 13154.117281929917 21228.699741857698 c
13154.117281929917 21228.699741857698 13082.663045069206 20506.228558315477 c
13082.663045069206 20506.228558315477 13010.87824054118 21239.75620510068 c
12932.55004790154 21029.352109305204 11262.42014438342 20506.228558315477 c
11253.420144383423 20675.061953223507 10477.041878064932 20506.228558315477 c
10405.49330766731 20506.228558315477 9841.229169871089 21114.84848899264 c
9841.229169871089 21114.84848899264 9264.607236609578 21714.149623446305 c
7067.670915885204 23346.50464935684 7141.079300045782 24070.80609557657 c
7141.079300045782 24070.80609557657 7059.670915885204 23937.458550399155 d
7059.670915885204 23937.458550399155 6845.244540293488 22700.206676308608 c
6845.244540293488 22700.206676308608 5100.064234594315 22999.02629641862 c
5100.064234594315 22999.02629641862 5091.064234594316 22911.081402230266 d
5091.064234594316 22911.081402230266 4673.169444081557 22700.206676308608 c
4673.169444081557 22700.206676308608 4113.143357335894 24799.77324963001 c
4113.143357335894 24799.77324963001 4199.643397234753 24854.78357445855 d
4199.643397234753 24854.78357445855 4144.026261683164 24914.762513739042 c
4144.026261683164 24914.762513739042 4132.026261683164 24951.28684735668 d
4132.026261683164 24951.28684735668 3901.753771844615 24805.77324963001 c
3901.753771844615 24805.77324963001 3497.316948852569 25441.450003160306 c
3411.03690263164 25612.403024346797 3497.316948852569 25441.450003160306 d
3411.03690263164 25612.403024346797 3324.2699145300458 25011.34307577678 c
3324.2699145300458 25011.34307577678 2971.539082132936 24910.215149555468 c
2971.539082132936 24910.215149555468 2623.6377907759484 24805.77324963001 c
2305.7735808109705 24855.65528821639 2623.6377907759484 24805.77324963001 d
2305.7735808109705 24855.65528821639 2264.912941026884 24827.616603196057 c
2264.912941026884 24827.616603196057 2226.464117381618 24805.77324963001 c
2984.8080780339433 24120.94240521357 2226.464117381618 24805.77324963001 d
2984.8080780339433 24120.94240521357 2080.7410465703156 22700.206676308608 c
2990.8080780339433 23720.29480123682 2984.8080780339433 24120.94240521357 d
2990.8080780339433 23720.29480123682 3514.665909293281 23968.463091433354 c
3514.665909293281 23968.463091433354 4098.143357335894 22700.206676308608 c
4098.143357335894 22700.206676308608 4775.7233812757095 21726.644626853325 d
4775.7233812757095 21726.644626853325 5709.696149820441 22011.394330517276 c
4775.7233812757095 21726.644626853325 4762.7233812757095 21571.48556111604 d
4762.7233812757095 21571.48556111604 4685.317196032905 20506.228558315477 c
4619.334836184096 20729.48414210772 4685.317196032905 20506.228558315477 d
4619.334836184096 20729.48414210772 4340.538222598417 20506.228558315477 c
4340.538222598417 20506.228558315477 3969.354083828662 20984.315943398735 c
3583.371397473361 20901.25515245551 3969.354083828662 20984.315943398735 d
3583.371397473361 20901.25515245551 2565.751409365813 20506.228558315477 c
2565.751409365813 20506.228558315477 2095.3029998786315 21706.982492414856 c
2095.3029998786315 21706.982492414856 3115.429527661286 22106.691390934684 c
3115.429527661286 22106.691390934684 3583.371397473361 20901.25515245551 c
3969.354083828662 20984.315943398735 3590.3713974733614 21458.579057104806 c
3590.3713974733614 21458.579057104806 3724.984884083323 21571.3605910838 c
3724.984884083323 21571.3605910838 3861.1631441828886 21682.62669921486 c
3861.1631441828886 21682.62669921486 4243.711848171693 21200.17124041412 c
4243.711848171693 21200.17124041412 4619.334836184096 20729.48414210772 c
4685.317196032905 20506.228558315477 4632.334836184096 21574.080495798302 c
4632.334836184096 21574.080495798302 4762.7233812757095 21571.48556111604 c
5709.696149820441 22011.394330517276 5132.373060926927 20506.228558315477 c
5132.373060926927 20506.228558315477 4775.7233812757095 21726.644626853325 c
4098.143357335894 22700.206676308608 3421.1507545494765 22781.610158583946 c
3421.1507545494765 22781.610158583946 2990.8080780339433 23720.29480123682 c
2080.7410465703156 22700.206676308608 1722.4817086346268 23637.913704192022 c
1722.4817086346268 23637.913704192022 1650.8713945474626 23396.603215150026 d
1597.6840984335695 23876.927761561943 1650.8713945474626 23396.603215150026 c
1650.8713945474626 23396.603215150026 1712.4817086346268 22909.38965678616 c
1712.4817086346268 22909.38965678616 855.3716577426268 22801.16908855645 c
572.7925799999136 22690.206676308608 855.3716577426268 22801.16908855645 d
572.7925799999136 22690.206676308608 1334.2655883383677 21597.271969758265 c
1334.2655883383677 21597.271969758265 2084.3029998786315 20506.22855831548 c
2084.3029998786315 20506.22855831548 1043.925594824214 21255.834846338348 c
1043.925594824214 21255.834846338348 0.0 22011.850187410026 c
0.0 22011.850187410026 283.8378216848519 22347.1336560728 c
283.8378216848519 22347.1336560728 572.7925799999136 22690.206676308608 c
855.3716577426268 22801.16908855645 0.0 22700.206676308608 c
0.0 22700.206676308608 799.6009096509922 23287.349392404714 c
799.6009096509922 23287.349392404714 1597.6840984335695 23876.927761561943 c
1722.4817086346268 23637.913704192022 2984.8080780339433 24120.94240521357 c
2226.464117381618 24805.77324963001 1117.7887741505153 25670.460977325514 c
1117.7887741505153 25670.460977325514 0.0 26532.27135229296 c
0.0 26532.27135229296 426.9572169696585 26807.43133009906 c
426.9572169696585 26807.43133009906 861.7171386627087 27090.949470913118 c
861.7171386627087 27090.949470913118 1585.5020256267528 25965.162860159602 c
1585.5020256267528 25965.162860159602 2305.7735808109705 24855.65528821639 c
2623.6377907759484 24805.77324963001 2462.9059884414405 25343.92058036544 c
2462.9059884414405 25343.92058036544 2311.7735808109705 25875.568484445328 c
2311.7735808109705 25875.568484445328 2904.4324418806164 26042.334019830858 c
2904.4324418806164 26042.334019830858 3491.316948852569 26212.0969658395 c
3491.316948852569 26212.0969658395 3411.03690263164 25612.403024346797 c
3497.316948852569 25441.450003160306 3893.567387267142 25691.141648248053 c
3893.567387267142 25691.141648248053 4132.026261683164 24951.28684735668 c
4144.026261683164 24914.762513739042 4463.445640584346 25232.90147513193 c
4463.445640584346 25232.90147513193 4780.512319271195 25557.30709060899 c
4780.512319271195 25557.30709060899 4839.205654834896 25504.544989858256 c
4839.205654834896 25504.544989858256 4895.222147743615 25449.906201627702 c
4895.222147743615 25449.906201627702 4569.740724679877 25127.177431861557 c
4569.740724679877 25127.177431861557 4255.982212418405 24805.77324963001 c
4255.982212418405 24805.77324963001 4199.643397234753 24854.78357445855 c
4113.143357335894 24799.77324963001 5091.064234594316 22911.081402230266 c
5100.064234594315 22999.02629641862 5299.066322161394 24197.21328016304 c
5299.066322161394 24197.21328016304 5561.191599590297 24805.77324963001 d
5561.191599590297 24805.77324963001 4905.222147743615 27172.396807127716 c
4905.222147743615 27172.396807127716 5613.640226879154 27369.809117099485 c
5613.640226879154 27369.809117099485 6131.27063515616 25486.95255924902 c
6140.27063515616 25354.482576579343 6131.27063515616 25486.95255924902 d
6140.27063515616 25354.482576579343 6696.226560851714 25704.860755236077 c
6696.226560851714 25704.860755236077 6489.410278355986 24805.77324963001 c
6489.410278355986 24805.77324963001 6140.27063515616 25354.482576579343 c
6131.27063515616 25486.95255924902 5561.191599590297 24805.77324963001 c
5299.066322161394 24197.21328016304 7059.670915885204 23937.458550399155 c
7141.079300045782 24070.80609557657 8550.410345594082 22700.206676308608 c
8773.971336458142 21889.01656138033 9013.620190056072 21552.288398798082 c
9013.620190056072 21552.288398798082 9252.607236609578 21229.614132358183 c
9252.607236609578 21229.614132358183 8750.679373081803 20861.76972825725 c
8750.679373081803 20861.76972825725 8257.834349324825 20506.22855831548 c
8134.403465358811 20498.228558315477 8247.043004272828 19223.160696891857 c
8410.378608306051 18891.195308919483 9074.448256588385 18561.780527750965 c
9074.448256588385 18561.780527750965 9740.320909031238 18225.08489218059 c
9740.320909031238 18225.08489218059 9663.95599913651 18090.754121800874 c
9663.95599913651 18090.754121800874 9599.279157747822 17947.04304075417 c
9599.279157747822 17947.04304075417 8986.191832766677 18371.982935953223 c
8179.616277203575 17942.043040754168 8970.889233655358 16757.158030722643 c
8970.889233655358 16757.158030722643 7650.149033190529 15869.200170322187 c
7643.149033190529 15869.200170322187 7075.838412352758 16259.374188828862 c
7075.838412352758 16259.374188828862 6517.49430627982 16647.919427638015 c
4952.637581386788 17191.531391030097 4636.80522426297 18224.29297486224 d
5023.069118837717 17947.043040754168 4636.80522426297 18224.29297486224 c
4636.80522426297 18224.29297486224 4968.056385528426 18282.907039869293 c
5033.069118837719 18398.57477460597 4968.056385528426 18282.907039869293 d
5033.069118837719 18398.57477460597 5538.865488965018 18987.43933085494 c
6016.133006583679 19148.943484391843 5538.865488965018 18987.43933085494 d
6016.133006583679 19148.943484391843 6970.208411702895 18363.189623135666 c
6970.208411702895 18363.189623135666 6628.687878630763 17947.043040754168 c
6628.687878630763 17947.043040754168 6016.133006583679 19148.943484391843 c
5538.865488965018 18987.43933085494 6005.13300658368 17947.043040754168 c
6005.13300658368 17947.043040754168 5033.069118837719 18398.57477460597 c
4968.056385528426 18282.907039869293 5023.069118837717 17947.043040754168 c
6502.494306279821 16443.501944184045 6304.229323018061 15869.200170322187 c
6304.229323018061 15869.200170322187 4687.183182012977 16411.454778451418 c
4687.183182012977 16411.454778451418 4952.637581386788 17191.531391030097 c
4111.9502189692585 18010.80134641065 3598.822106246006 18076.21661878957 c
3598.822106246006 18076.21661878957 3602.034645458388 18442.169202588077 c
3591.822106246006 18581.349587508656 3192.2612447363285 17947.043040754168 c
3192.2612447363285 17947.043040754168 2451.335408893598 19239.96885390443 c
2219.2946382585064 18902.210140246625 2442.335408893598 18755.087078107004 c
2442.335408893598 18755.087078107004 1911.1817641923926 17947.043040754168 c
1911.1817641923926 17947.043040754168 1681.9617531109482 18103.38206420993 c
1675.9617531109482 18524.636430588147 173.79029358047032 17947.043040754168 c
584.242582911329 17321.910125168513 1475.704633704262 16617.887886620865 c
1523.6507445999375 16482.215132591333 1475.704633704262 16617.887886620865 d
1523.6507445999375 16482.215132591333 1483.704633704262 17091.110636336376 c
1483.704633704262 17091.110636336376 1835.3040960472124 16844.555242554165 c
1835.3040960472124 16844.555242554165 2182.7590894743303 16595.175262461355 c
2182.7590894743303 16595.175262461355 2208.198491666386 16251.363622458462 c
2208.198491666386 16251.363622458462 2230.8815909923433 15911.612740158242 c
2239.8815909923433 16057.641753232916 2230.8815909923433 15911.612740158242 d
2239.8815909923433 16057.641753232916 2674.5799746784373 16383.17759229226 c
2674.5799746784373 16383.17759229226 3109.172217257477 16704.31598844212 c
3109.172217257477 16704.31598844212 2808.4356445266526 16280.683865569059 c
2808.4356445266526 16280.683865569059 2510.166372742352 15869.200170322187 c
2755.298850549964 15555.16984121213 2510.166372742352 15869.200170322187 d
2755.298850549964 15555.16984121213 3740.0017129013177 14023.178792790668 c
3740.0017129013177 14023.178792790668 3496.673867409807 13855.180930076978 c
3496.673867409807 13855.180930076978 2498.8903639596556 15391.073580908289 c
2498.8903639596556 15391.073580908289 3114.1722172574773 15869.200170322187 d
3114.1722172574773 15869.200170322187 4124.445437859531 16257.318345583099 c
4124.445437859531 16257.318345583099 4676.183182012978 16041.229501566757 c
4676.183182012978 16041.229501566757 4941.468779608629 15820.076966932753 d
4941.468779608629 15820.076966932753 5294.587779452959 15160.293254283011 c
5294.587779452959 15160.293254283011 5661.051690538061 14499.968839701556 c
5661.051690538061 14499.968839701556 5066.900634249108 14175.817130763739 c
5066.900634249108 14175.817130763739 4474.449072740623 13855.180930076978 c
4474.449072740623 13855.180930076978 4112.8754563751945 14513.32885253932 c
4112.8754563751945 14513.32885253932 3751.0017129013177 15168.639449524479 c
3751.0017129013177 15168.639449524479 4340.867823836843 15494.02161654417 c
4340.867823836843 15494.02161654417 4941.468779608629 15820.076966932753 c
4676.183182012978 16041.229501566757 3114.1722172574773 15869.200170322187 c
2498.8903639596556 15391.073580908289 2755.298850549964 15555.16984121213 c
2510.166372742352 15869.200170322187 2381.4344879671635 15963.693306307685 c
2381.4344879671635 15963.693306307685 2239.8815909923433 16057.641753232916 c
2230.8815909923433 15911.612740158242 1898.5256709114333 15888.401066432245 c
1898.5256709114333 15888.401066432245 1565.0392272888002 15869.200170322187 c
1565.0392272888002 15869.200170322187 1523.6507445999375 16482.215132591333 c
1475.704633704262 16617.887886620865 883.5163830952134 15869.200170322187 c
713.8117428921462 15861.200170322187 1369.4564546406632 15180.520945842685 c
1382.4564546406634 14330.631587359045 2485.890363959656 14089.316325584383 c
2485.890363959656 14089.316325584383 2222.5468689480945 13855.180930076978 c
1819.864503703795 13266.166846582737 2148.268716242851 11142.69986928384 c
2148.268716242851 11142.69986928384 2158.268716242851 11707.843028156241 d
2158.268716242851 11707.843028156241 2346.8954471085435 12115.157176311515 c
2346.8954471085435 12115.157176311515 2531.1350145395204 12536.682545655074 c
2531.1350145395204 12536.682545655074 3317.7997731252854 12180.303660848973 c
3317.7997731252854 12180.303660848973 4100.459088851271 11819.744155824776 c
4183.610603755093 11989.53909572784 4100.459088851271 11819.744155824776 d
4183.610603755093 11989.53909572784 4149.78582290742 12038.653622990028 c
4149.78582290742 12038.653622990028 4111.459088851272 12076.630230945639 c
4111.459088851272 12076.630230945639 5358.301532127785 12159.43375482867 c
5358.301532127785 12159.43375482867 6601.774369485691 12248.772496156149 c
6616.774369485691 11923.469831264869 6601.774369485691 12248.772496156149 d
6616.774369485691 11923.469831264869 8185.520755440466 12970.641292340444 c
8185.520755440466 12970.641292340444 7991.2987015178705 13855.180930076978 d
7991.2987015178705 13855.180930076978 7410.672076085925 14108.89192696731 c
7410.672076085925 14108.89192696731 6832.243574787171 14367.541189055277 c
6832.243574787171 14367.541189055277 6728.888766269473 14483.554057047033 d
6728.888766269473 14483.554057047033 6821.2435747871705 14119.081540547599 c
6821.2435747871705 14119.081540547599 6732.188640325491 13992.947619806351 c
6732.188640325491 13992.947619806351 6631.921598580313 13855.180930076978 c
6631.921598580313 13855.180930076978 6410.653790219034 14003.80421741271 c
6410.653790219034 14003.80421741271 6188.651510106009 14167.814363977517 c
6188.651510106009 14167.814363977517 6176.651510106009 14062.365751418902 d
6176.651510106009 14062.365751418902 5676.051690538061 13855.180930076978 c
5676.051690538061 13855.180930076978 6020.509381295784 14428.467884951617 c
6020.509381295784 14428.467884951617 6176.651510106009 14062.365751418902 c
6188.651510106009 14167.814363977517 6413.6367795957185 14507.844266739134 c
6413.6367795957185 14507.844266739134 6650.282487170865 14841.921450926538 c
6650.282487170865 14841.921450926538 6728.888766269473 14483.554057047033 c
6832.243574787171 14367.541189055277 7703.4498142416105 14855.257631079026 c
7703.4498142416105 14855.257631079026 8572.599074606103 15346.836791977663 c
8572.599074606103 15346.836791977663 8609.21927605644 15333.155195826877 c
8609.21927605644 15333.155195826877 8635.899120159836 15317.215971704338 c
8635.899120159836 15317.215971704338 8310.02980656671 14590.276474677325 c
8310.02980656671 14590.276474677325 7991.2987015178705 13855.180930076978 c
8185.520755440466 12970.641292340444 8471.106276435614 12371.222551921204 c
8471.106276435614 12371.222551921204 7925.467095224012 11659.919599551577 c
7843.911149097944 11129.69986928384 7925.467095224012 11659.919599551577 d
7843.911149097944 11129.69986928384 8493.587078932596 10544.863132614282 c
7843.911149097944 11129.69986928384 8481.106276435614 11697.446823435 d
8481.106276435614 11697.446823435 9349.700307819265 13773.098526687048 c
9289.350113927625 13948.229389918188 9349.700307819265 13773.098526687048 d
9289.350113927625 13948.229389918188 9041.673559259472 13855.180930076978 c
9041.673559259472 13855.180930076978 8841.633604126315 14375.733196864454 c
8841.633604126315 14375.733196864454 8642.899120159836 14912.160531108704 c
8642.899120159836 14912.160531108704 8878.242645888515 15012.42640649638 c
8878.242645888515 15012.42640649638 9121.4113100465 15121.308967490806 c
9121.4113100465 15121.308967490806 9329.861165733753 14583.378946863775 c
9329.861165733753 14583.378946863775 9536.449152983316 14035.105401205736 c
9543.449152983316 13855.180930076978 9536.449152983316 14035.105401205736 d
9543.449152983316 13855.180930076978 10415.438420935443 14215.299995571337 c
10415.438420935443 14215.299995571337 10453.102329956644 14053.1881242347 c
10453.102329956644 14053.1881242347 9543.449152983316 13855.180930076978 c
9536.449152983316 14035.105401205736 9289.350113927625 13948.229389918188 c
9349.700307819265 13773.098526687048 10608.640509874213 13849.180930076976 c
10608.640509874213 13849.180930076976 10681.786634269543 13855.180930076978 d
10681.786634269543 13855.180930076978 10465.102329956644 15503.799129012736 c
10465.102329956644 15503.799129012736 10094.369522526646 15974.811668724702 d
10594.68642825231 15869.200170322187 10094.369522526646 15974.811668724702 c
10094.369522526646 15974.811668724702 10359.908490078287 17172.12436075244 c
10359.908490078287 17172.12436075244 10083.369522526644 16926.223053498885 d
10083.369522526644 16926.223053498885 10082.515498473242 16716.2679593923 c
10082.515498473242 16716.2679593923 9657.85812768112 15869.200170322185 c
9651.85812768112 16311.385581608254 9657.85812768112 15869.200170322185 d
9651.85812768112 16311.385581608254 9043.83557060701 15869.200170322187 c
9043.83557060701 15869.200170322187 8975.889233655356 16056.676259945403 c
8975.889233655356 16056.676259945403 9651.85812768112 16311.385581608254 c
9657.85812768112 15869.200170322185 9693.706263656346 16934.989864937812 c
9693.706263656346 16934.989864937812 10083.369522526644 16926.223053498885 c
10359.908490078287 17172.12436075244 10552.553914347885 17129.043819261544 c
10552.553914347885 17129.043819261544 10827.145224221058 16933.271283573238 c
10827.145224221058 16933.271283573238 10594.68642825231 15869.200170322187 c
10465.102329956644 15503.799129012736 11990.365646788927 14884.649225940275 c
11990.365646788927 14884.649225940275 12371.457549879073 15869.200170322187 d
12371.457549879073 15869.200170322187 12401.225008274361 16125.219032138733 c
12363.457549879073 16007.753838019682 12401.225008274361 16125.219032138733 d
12363.457549879073 16007.753838019682 11637.580897175538 15931.648367244958 c
11637.580897175538 15931.648367244958 10913.913538791894 15869.200170322187 c
10913.913538791894 15869.200170322187 10878.681360798417 16222.562031271918 c
10878.681360798417 16222.562031271918 10838.14522422106 16570.93753399091 c
10838.14522422106 16570.93753399091 11567.202130836527 16649.720749250773 c
11567.202130836527 16649.720749250773 12298.75965079499 16714.534984232567 c
12298.75965079499 16714.534984232567 12333.874335864492 16359.914335839501 c
12333.874335864492 16359.914335839501 12363.457549879073 16007.753838019682 c
12401.225008274361 16125.219032138733 12758.311750879035 16092.430429100956 c
12766.311750879036 16091.36641401963 12758.311750879035 16092.430429100956 d
12766.311750879036 16091.36641401963 12942.120648936629 16164.73653690358 c
12942.120648936629 16164.73653690358 13097.089536755624 16242.607787307694 c
13097.089536755624 16242.607787307694 13260.684570329779 15891.811836021792 c
13260.684570329779 15891.811836021792 13065.708313892776 15881.96101199709 c
13065.708313892776 15881.96101199709 12874.451082631735 15869.200170322187 c
12874.451082631735 15869.200170322187 12824.863530424545 15979.258699847847 c
12824.863530424545 15979.258699847847 12766.311750879036 16091.36641401963 c
12758.311750879035 16092.430429100956 12371.457549879073 15869.200170322187 c
11990.365646788927 14884.649225940275 12049.48162516754 14471.425418755154 c
12049.48162516754 14471.425418755154 12108.81596685747 14038.675510589768 c
12116.81596685747 14044.794867763067 12108.81596685747 14038.675510589768 d
12116.81596685747 14044.794867763067 12226.212087824764 14708.673236775594 c
12226.212087824764 14708.673236775594 13315.776515680565 13855.180930076978 c
13315.776515680565 13855.180930076978 12116.81596685747 14044.794867763067 c
12108.81596685747 14038.675510589768 11401.990648717294 13948.578429961059 c
11401.990648717294 13948.578429961059 10681.786634269543 13855.180930076978 c
10608.640509874213 13849.180930076976 10878.238578732062 13737.026236684953 c
10878.238578732062 13737.026236684953 9785.010689914085 11142.69986928384 c
9785.010689914085 11142.69986928384 8481.106276435614 11697.446823435 c
8493.587078932596 10544.863132614282 9145.8328958924 9949.964068613404 c
9145.8328958924 9949.964068613404 10162.669669041661 9455.699407829232 d
10162.669669041661 9455.699407829232 10326.413175572474 9767.244553870396 c
10162.669669041661 9455.699407829232 10150.669669041661 9109.434099489546 d
10150.669669041661 9109.434099489546 9160.8328958924 8554.48190498726 c
9160.8328958924 8554.48190498726 9515.133417071931 9381.43881681928 c
9515.133417071931 9381.43881681928 10150.669669041661 9109.434099489546 c
10326.413175572474 9767.244553870396 10492.658777800609 10070.265626428116 c
10492.658777800609 10070.265626428116 11065.102943617223 11142.69986928384 d
11065.102943617223 11142.69986928384 10971.944349071446 11191.994215291024 c
10971.944349071446 11191.994215291024 10885.238578732064 11244.060742555208 c
10885.238578732064 11244.060742555208 11131.182205182127 11721.116235474676 c
11131.182205182127 11721.116235474676 11378.344306696405 12193.54258435602 c
11378.344306696405 12193.54258435602 11558.028583282136 12099.815857218551 c
11566.028583282136 12078.548674470476 11558.028583282136 12099.815857218551 d
11566.028583282136 12078.548674470476 11784.333310622404 12361.483830583951 c
11784.333310622404 12361.483830583951 12002.626349173719 12642.56501734435 c
12002.626349173719 12642.56501734435 12387.3725962573 11892.189629475113 c
12387.3725962573 11892.189629475113 12779.970304056968 11142.69986928384 c
12779.970304056968 11142.69986928384 12170.501225031396 11614.440824193916 c
12170.501225031396 11614.440824193916 11566.028583282136 12078.548674470476 c
11558.028583282136 12099.815857218551 11316.91080488807 11626.140629173218 c
11316.91080488807 11626.140629173218 11065.102943617223 11142.69986928384 c
10492.658777800609 10070.265626428116 11227.364455990883 9412.36021828301 c
11227.364455990883 9412.36021828301 11968.847065954218 8752.93375446967 c
11976.847065954218 9143.419169733306 11968.847065954218 8752.93375446967 d
11976.847065954218 9143.419169733306 13264.668200753153 9313.20302290402 c
13264.668200753153 9313.20302290402 13306.212261356617 9267.806079858445 c
13306.212261356617 9267.806079858445 12492.834413443854 8554.48190498726 c
12492.834413443854 8554.48190498726 11976.847065954218 9143.419169733306 c
11968.847065954218 8752.93375446967 11915.016251386574 8654.19245896014 c
11915.016251386574 8654.19245896014 11872.362937028818 8554.48190498726 c
11872.362937028818 8554.48190498726 11019.637862185637 9005.964686047699 c
11019.637862185637 9005.964686047699 10162.669669041661 9455.699407829232 c
9145.8328958924 9949.964068613404 8488.51317525988 9258.702067274366 c
8488.51317525988 9258.702067274366 7832.1258116248955 8554.48190498726 c
7832.1258116248955 8554.48190498726 6557.4690402383285 9716.541344533927 c
6557.4690402383285 9716.541344533927 7205.4886214697835 10424.499399654645 c
7205.4886214697835 10424.499399654645 7843.911149097944 11129.69986928384 c
7925.467095224012 11659.919599551577 7143.372507892831 11142.69986928384 c
7143.372507892831 11142.69986928384 6616.774369485691 11923.469831264869 c
6601.774369485691 12248.772496156149 6207.866099283847 11700.310082263128 c
6207.866099283847 11700.310082263128 5799.723996209 11142.69986928384 c
5799.723996209 11142.69986928384 4998.07451897587 11570.258292110897 c
4998.07451897587 11570.258292110897 4183.610603755093 11989.53909572784 c
4100.459088851271 11819.744155824776 3947.7864632102346 11476.86054639714 c
3947.7864632102346 11476.86054639714 3800.781630642434 11142.69986928384 c
3800.781630642434 11142.69986928384 2977.059381066961 11421.935650508125 c
2977.059381066961 11421.935650508125 2158.268716242851 11707.843028156241 c
2148.268716242851 11142.69986928384 948.2130833204687 12504.510670650085 c
0.0 12052.214611745323 940.2130833204687 11259.94236228946 c
940.2130833204687 11259.94236228946 206.73879847266494 11142.69986928384 c
582.469198443966 10813.730629654925 1598.0911106270153 9817.242634327542 c
1607.0911106270153 10128.741193320237 2336.662909751625 9837.138007717407 c
2336.662909751625 9837.138007717407 3050.588978326169 9549.248043410027 c
3193.5459112267786 9389.79529875646 3325.1794431876287 9462.562752321528 c
3325.1794431876287 9462.562752321528 3530.0833806555293 9069.39458472222 c
3530.0833806555293 9069.39458472222 3734.086110711271 8674.26626395785 c
3777.1941724672706 8681.784447680151 3743.0861107112705 8817.768627013644 c
3743.0861107112705 8817.768627013644 4146.939718184406 8778.001677636354 c
4146.939718184406 8778.001677636354 4545.8292311192245 8736.242534351715 c
4573.691587944564 8899.021505567813 4554.8292311192245 9768.803818457924 c
4554.8292311192245 9768.803818457924 6550.4690402383285 8554.48190498726 c
5729.6773220831365 8131.268579477092 6116.581675657394 6620.3662862475285 c
6127.581675657395 6626.474678219885 6128.555286934262 6821.011441284673 c
6128.555286934262 6821.011441284673 6371.395903072782 6820.184418854592 c
6371.395903072782 6820.184418854592 6596.393040189271 6825.757651263522 c
6596.393040189271 6825.757651263522 6710.704292334696 6622.522944816045 c
6710.704292334696 6622.522944816045 6813.086768429167 6430.899705879054 c
6828.086768429167 6448.5649487356095 6885.45096313426 7671.099366369854 c
6885.45096313426 7671.099366369854 7626.1228604388125 7533.483177455353 c
7626.1228604388125 7533.483177455353 6874.985193403496 6424.80893747022 c
6606.278704112401 5825.427604675112 6800.120186778745 4704.201306908597 c
6800.120186778745 4704.201306908597 6330.480737716019 4622.737415122991 c
6330.480737716019 4622.737415122991 5072.403159178744 5568.334124254398 c
5062.403159178745 5522.457331130508 4886.212993829541 4622.737415122991 c
4811.54682283832 4614.737415122991 5453.630074404094 3408.0996209309624 c
5453.630074404094 3408.0996209309624 6313.280753036868 2572.7785373963966 d
5465.630074404095 3009.1814549609626 6011.187880031921 3475.3796440877604 c
6011.187880031921 3475.3796440877604 6303.599747769551 3146.231532717317 c
6303.599747769551 3146.231532717317 6583.094433924538 2804.20720898362 c
6590.094433924538 2974.1746550738767 6583.094433924538 2804.20720898362 d
6590.094433924538 2974.1746550738767 8080.500851197468 3436.9902243123042 c
8080.500851197468 3436.9902243123042 8443.017063738134 2588.8259621287316 d
8443.017063738134 2588.8259621287316 9227.570282466919 4256.266336762212 c
9420.97586553871 2203.749697163482 8443.017063738134 2588.8259621287316 d
9420.97586553871 2203.749697163482 10792.098079316156 818.6447230881478 c
10805.098079316158 674.9459501249548 10792.098079316156 818.6447230881478 d
10805.098079316158 674.9459501249548 11062.695229802972 771.084374482534 c
11062.695229802972 771.084374482534 11320.977496415393 858.0336048383011 c
11320.977496415393 858.0336048383011 11433.435448640097 516.0976883732367 c
11433.435448640097 516.0976883732367 11549.462664308341 176.11408831844776 c
11549.462664308341 176.11408831844776 11297.539931291412 94.77745721402948 c
11297.539931291412 94.77745721402948 11037.56246716616 0.0 c
11037.56246716616 0.0 10805.098079316158 674.9459501249548 c
10792.098079316156 818.6447230881478 9963.789308479476 0.0 c
9963.789308479476 0.0 8677.602639788918 1313.4076728639898 c
7688.514075868292 613.536062004519 8677.602639788918 1313.4076728639898 d
8668.60263978892 1123.4055210850881 8136.537423162636 554.4967724744853 c
8136.537423162636 554.4967724744853 7615.1246134544745 0.0 c
7615.1246134544745 0.0 7688.514075868292 613.536062004519 c
7688.514075868292 613.536062004519 7602.1246134544745 546.698535419552 d
7602.1246134544745 546.698535419552 6267.062238978017 0.0 c
6267.062238978017 0.0 7488.533078101553 823.7578760465751 c
7488.533078101553 823.7578760465751 7602.1246134544745 546.698535419552 c
7688.514075868292 613.536062004519 7758.813862609821 1221.1656752585868 c
7758.813862609821 1221.1656752585868 8215.054790591224 1171.5191592330675 c
8215.054790591224 1171.5191592330675 8668.60263978892 1123.4055210850881 c
8677.602639788918 1313.4076728639898 9420.97586553871 2203.749697163482 c
9227.570282466919 4256.266336762212 10372.290696306078 3558.286653720853 c
10372.290696306078 3558.286653720853 10185.81048428121 2333.0767387613782 c
10379.290696306078 2333.076738761378 10185.81048428121 2333.0767387613782 d
10379.290696306078 2333.076738761378 10488.56045882229 3184.609925163501 c
10488.56045882229 3184.609925163501 10587.30018912048 4038.639904762073 c
10587.30018912048 4038.639904762073 11010.648480361711 3989.4530942282354 c
11010.648480361711 3989.4530942282354 11440.2521656905 3940.7781654299556 c
11440.2521656905 3940.7781654299556 11735.286786337021 4706.237738187488 d
12133.669680991992 4662.426343735207 11735.286786337021 4706.237738187488 c
11735.286786337021 4706.237738187488 11720.038646810408 4622.737415122991 d
11720.038646810408 4622.737415122991 10369.541059180854 4627.430868114222 c
10369.541059180854 4627.430868114222 10367.676324364773 5092.9209345768795 c
10367.676324364773 5092.9209345768795 11726.28678633702 5086.937561601367 c
11726.28678633702 5086.937561601367 11720.038646810408 4622.737415122991 c
11735.286786337021 4706.237738187488 11837.803764936438 5688.0278469058685 c
11837.803764936438 5688.0278469058685 12156.231869107838 5660.433751186784 c
12156.231869107838 5660.433751186784 12470.503957561898 5631.930058405211 c
12470.503957561898 5631.930058405211 12497.640349705065 5128.040549391391 c
12497.640349705065 5128.040549391391 12530.558610954111 4622.737415122991 c
12530.558610954111 4622.737415122991 12133.669680991992 4662.426343735207 c
11440.2521656905 3940.7781654299556 10909.354518272296 3135.0577155756546 c
10909.354518272296 3135.0577155756546 11876.829579622754 4023.9671922781877 d
11454.2521656905 2779.7452779693685 11665.068347586714 3402.9447645753016 c
11665.068347586714 3402.9447645753016 11876.829579622754 4023.9671922781877 c
11876.829579622754 4023.9671922781877 12526.51515175606 3806.0130536245806 c
12526.51515175606 3806.0130536245806 13176.72131566739 3582.290026347168 c
13176.72131566739 3582.290026347168 12957.845314173584 2961.2608105027903 c
12957.845314173584 2961.2608105027903 12746.09578376493 2333.0767387613782 c
12746.09578376493 2333.0767387613782 12094.821633512061 2556.23014840962 c
12094.821633512061 2556.23014840962 12295.377970459196 2321.0767387613782 d
12295.377970459196 2321.0767387613782 12523.13273127564 1233.7893230294535 c
12523.13273127564 1233.7893230294535 12746.934937976532 160.25327719368022 c
12746.934937976532 160.25327719368022 12378.582140191385 82.91491989514167 c
12378.582140191385 82.91491989514167 12011.946942794206 0.0 c
12011.946942794206 0.0 11783.114120892544 1083.4136884427294 c
11783.114120892544 1083.4136884427294 11563.462664308341 2172.0820474810457 c
11563.462664308341 2172.0820474810457 11927.110712694515 2243.241038696203 c
11927.110712694515 2243.241038696203 12295.377970459196 2321.0767387613782 c
12094.821633512061 2556.23014840962 11454.2521656905 2779.7452779693685 c
10909.354518272296 3135.0577155756546 10379.290696306078 2333.076738761378 c
10185.81048428121 2333.0767387613782 8443.017063738134 2588.8259621287316 c
8080.500851197468 3436.9902243123042 8431.017063738134 2333.0767387613782 c
8431.017063738134 2333.0767387613782 6794.5428940231695 2351.6383829538927 c
6794.5428940231695 2351.6383829538927 6590.094433924538 2974.1746550738767 c
6583.094433924538 2804.20720898362 6313.280753036868 2572.7785373963966 c
6313.280753036868 2572.7785373963966 6039.179543940581 2333.0767387613782 c
6039.179543940581 2333.0767387613782 5465.630074404095 3009.1814549609626 c
5453.630074404094 3408.0996209309624 3454.8391143084946 2333.076738761378 c
3360.990407532622 2333.0767387613782 2845.1443080228973 2508.925339525893 c
2652.7816544518328 2682.1970016510923 2465.3119048047765 2333.0767387613782 c
1848.2433201818053 1576.4245390388849 1889.8553385140674 0.0 c
1889.8553385140674 0.0 1105.1306382117143 72.83900753149237 c
1091.1306382117143 207.98894164082333 1899.8553385140672 700.0755156238332 d
1899.8553385140672 700.0755156238332 2558.0181377300846 632.7916770186891 c
2558.0181377300846 632.7916770186891 3220.088010865353 560.2171119795479 c
3220.088010865353 560.2171119795479 3294.753157821018 535.0237581078142 d
3294.753157821018 535.0237581078142 3235.088010865353 1061.0736997760596 c
3235.088010865353 1061.0736997760596 3833.0876521184646 1135.4852641238278 c
3833.0876521184646 1135.4852641238278 4436.0976857604255 1208.4327208453103 c
4436.0976857604255 1208.4327208453103 4501.161732902455 688.6036715340754 c
4573.4540058195 697.7381884178951 4501.161732902455 688.6036715340754 d
4573.4540058195 697.7381884178951 5068.620267207746 1133.4473653197413 c
5068.620267207746 1133.4473653197413 5258.70808820659 0.0 c
5335.118016399903 0.0 5258.70808820659 0.0 d
5335.118016399903 0.0 5273.708088206589 768.9768948022229 c
5273.708088206589 768.9768948022229 5926.2426018866945 1124.3265163867482 c
5926.2426018866945 1124.3265163867482 6260.062238978018 519.091783191796 c
6260.062238978018 519.091783191796 5335.118016399903 0.0 c
5258.70808820659 0.0 4573.4540058195 697.7381884178951 c
4501.161732902455 688.6036715340754 4559.454005819499 166.60105590197168 c
4559.454005819499 166.60105590197168 3365.025281810271 0.0 c
3365.025281810271 0.0 3294.753157821018 535.0237581078142 c
3220.088010865353 560.2171119795479 3192.1762611502345 273.15480573757213 c
3192.1762611502345 273.15480573757213 3159.644033129521 0.0 c
3159.644033129521 0.0 2530.4090435815338 345.8048723819845 c
2530.4090435815338 345.8048723819845 1899.8553385140672 700.0755156238332 c
1091.1306382117143 207.98894164082333 808.5619635889889 0.0 c
660.3321779793582 312.8592290040694 0.0 0.0 d
