Processando arquivo: han80_mod_pack.txt

Tempo de Inicio (hh:mm:ss.ms) 2026-04-26 15:00:31.694002
Tempo de Termino (hh:mm:ss.ms) 2026-04-26 15:00:35.347238
Tempo Total (hh:mm:ss.ms) 0:00:03.653236

Função Objetivo: 15898.96952966389

0.0 0.0 31.547221784477074 139.43252863703827 d
0.0 146.57022607426757 649.894701290457 641.1561195001053 c
649.894701290457 641.1561195001053 1295.2048138948542 1126.8102713666203 c
1295.2048138948542 1126.8102713666203 1452.4002130808612 930.899368921026 c
1452.4002130808612 930.899368921026 1599.1560533573104 722.6781783592564 c
1599.1560533573104 722.6781783592564 1125.9223362707855 364.8351108291806 c
1125.9223362707855 364.8351108291806 1599.1560533573104 0.0 d
1599.1560533573104 0.0 2869.2127920509215 520.7677900718209 c
2869.2127920509215 520.7677900718209 3353.374577154357 228.51974398090016 c
3363.0337230111486 242.81790620444787 3353.374577154357 228.51974398090016 d
3363.0337230111486 242.81790620444787 3360.273111397559 268.6240215978729 c
3360.273111397559 268.6240215978729 3353.3745771543568 301.03818928675116 c
3353.3745771543568 301.03818928675116 4296.477727128437 463.0898236055247 c
4296.477727128437 463.0898236055247 5254.68829990808 622.7588600973645 c
5254.68829990808 622.7588600973645 5224.002839090014 446.52487451085483 c
5425.189328576331 334.1516838133544 5224.002839090014 446.52487451085483 d
5425.189328576331 334.1516838133544 5592.217094141236 423.10177728402164 c
5592.217094141236 423.10177728402164 5683.808927133646 343.01501800795916 c
5683.808927133646 343.01501800795916 5768.751231294009 270.06646606651606 c
5768.751231294009 270.06646606651606 5655.353801440251 132.53273782845278 c
5655.353801440251 132.53273782845278 5541.077183503973 0.0 c
5541.077183503973 0.0 5399.927313375311 122.69017698912931 c
5399.927313375311 122.69017698912931 5254.688299908081 244.6491189416805 c
5254.688299908081 244.6491189416805 5768.751231294009 752.5851154115236 d
5768.751231294009 752.5851154115236 6091.008322546482 1253.1792756047419 c
6091.008322546482 1253.1792756047419 6945.820916744179 0.0 c
6945.820916744179 0.0 6945.820916744179 25.24360467077811 d
6945.820916744179 25.24360467077811 6960.923951668856 872.7219330986287 c
6960.923951668856 872.7219330986287 6976.37907306947 1723.4564444995437 c
6976.37907306947 1723.4564444995437 6588.566131703869 1723.4564444995437 d
6588.566131703869 1723.4564444995437 6336.4947072410805 1740.7394615440023 c
6336.4947072410805 1740.7394615440023 6081.8292819269545 1767.8201653376152 c
6081.8292819269545 1767.8201653376152 5969.358054431215 1723.456444499544 d
5969.358054431215 1723.456444499544 5428.84383516806 1876.1419782746989 c
4892.99598070145 2297.7218005750083 5428.84383516806 1876.1419782746989 d
4892.99598070145 2297.7218005750083 4218.883100721882 1723.4564444995435 c
4218.883100721882 1723.4564444995435 4121.149430519013 1838.2707776934453 c
4121.149430519012 1833.0750224245462 4121.149430519013 1838.2707776934453 d
4121.149430519012 1833.0750224245462 3397.3497743721327 1723.4564444995437 c
2844.5792424200486 2239.0054707479776 3397.3497743721327 1723.4564444995437 d
2844.5792424200486 2239.0054707479776 2702.1054431169605 1723.4564444995435 c
2702.1054431169605 1723.4564444995435 2072.0989202485966 2127.8257180572286 c
2072.0989202485966 2127.8257180572286 1436.4688561265716 2542.0300917647255 c
1436.4688561265716 2542.0300917647255 1436.4688561265716 2631.1765611290875 d
1436.4688561265716 2631.1765611290875 133.81486494520323 1723.4564444995435 c
133.81486494520323 1723.4564444995435 0.0 3286.946325384418 c
0.0 3286.946325384418 666.2273284496194 3755.9539256243092 c
666.2273284496194 3755.9539256243092 1436.4688561265716 2631.1765611290875 c
1436.4688561265716 2542.0300917647255 1512.9613121922757 2831.5079388276527 c
1512.9613121922757 2831.5079388276527 1592.9466843754158 3119.2776995070135 c
1592.9466843754158 3119.2776995070135 2282.374071127736 2938.187165075848 c
2282.374071127736 2938.187165075848 2971.399743332821 2747.415334494436 c
2971.399743332821 2747.415334494436 2844.5792424200486 2239.0054707479776 c
3397.3497743721327 1723.4564444995437 2971.3997433328204 3365.9663926526237 c
2971.3997433328204 3365.9663926526237 3842.9131421590337 3505.233594536078 c
3842.9131421590337 3505.233594536078 4121.149430519012 1833.0750224245462 c
4121.149430519013 1838.2707776934453 4797.564654509285 2410.1771108175485 c
4797.564654509285 2410.1771108175485 4892.99598070145 2297.7218005750083 c
5428.84383516806 1876.1419782746989 4892.995980701451 2039.6503514210308 c
4892.995980701451 2039.6503514210308 4906.115645610821 2103.359944585353 c
4906.115645610821 2103.359944585353 4926.237998469592 2168.76830267678 c
4926.237998469592 2168.76830267678 5502.876502199731 2146.4352727347564 c
5502.876502199731 2146.4352727347564 6081.829281926955 2130.3870147459647 c
6081.829281926955 2130.3870147459647 6028.373229347839 1923.1596405099558 c
6028.373229347839 1923.1596405099558 5969.358054431215 1723.456444499544 c
6081.8292819269545 1767.8201653376152 6149.026250255293 2503.508075486064 c
6149.026250255293 2503.508075486064 6211.6501724159825 3226.605154575634 c
6418.922195528292 3759.6824731431543 6211.6501724159825 3226.605154575634 d
6418.922195528292 3759.6824731431543 5434.702718502031 3755.9539256243097 c
5434.702718502031 3755.9539256243097 5368.667938434954 3755.9539256243097 d
5368.667938434954 3755.9539256243097 3786.981127010891 4806.961640385038 c
3786.981127010891 4806.961640385038 3786.9811270108908 4746.4858163499475 d
3786.9811270108908 4746.4858163499475 2113.300567761127 3755.9539256243097 c
2113.300567761127 3755.9539256243097 1854.8375477114707 4396.034645050536 c
1854.837547711471 4253.559646847975 1854.8375477114707 4396.034645050536 d
1854.837547711471 4253.559646847975 1360.5043345641154 3755.9539256243097 c
1360.5043345641154 3755.9539256243097 0.0 5099.409282562217 c
0.0 5099.409282562217 884.923663518588 5214.772145387054 c
884.923663518588 5214.772145387054 1854.837547711471 4253.559646847975 c
1854.8375477114707 4396.034645050536 2458.950615376094 5087.36118280787 c
2458.950615376094 5087.36118280787 3295.2132882683572 5582.206975546336 c
3290.2732197271725 5582.206975546336 3295.2132882683572 5582.206975546336 d
3290.2732197271725 5582.206975546336 2737.38164911748 6471.483101903812 c
2737.38164911748 6471.483101903812 2454.4500189870196 6561.297622074071 d
2454.4500189870196 6561.297622074071 2463.518319775141 5582.206975546336 c
2711.0192244589293 5582.206975546336 2463.518319775141 5582.206975546336 d
2590.3012937995095 5785.9707022384155 2463.518319775141 5987.064193572359 c
2463.518319775141 5987.064193572359 2600.7408210623166 5975.21879331786 c
2600.7408210623166 5975.21879331786 2737.38164911748 5965.55271781177 c
2737.38164911748 5965.55271781177 2722.8057717049423 5774.731826263136 c
2722.8057717049423 5774.731826263136 2711.0192244589293 5582.206975546336 c
2711.0192244589293 5582.206975546336 2590.3012937995095 5785.9707022384155 c
2463.518319775141 5582.206975546336 2079.7267624858373 5635.032450918755 c
2079.7267624858373 5635.032450918755 1697.9282520963102 5692.415989357501 c
1697.9282520963102 5692.415989357501 1769.2885448951502 6173.6023349945635 c
1769.2885448951502 6173.6023349945635 1697.9282520963104 6131.169950130139 d
1697.9282520963104 6131.169950130139 875.2298821790113 5853.074037570684 c
875.2298821790113 5853.074037570684 58.48835570693109 5582.206975546336 c
58.48835570693109 5582.206975546336 26.116857842067247 6484.172862930367 c
26.116857842067247 6484.172862930367 0.0 7385.7616703213325 c
210.6966369288764 7463.004907140334 0.0 7385.7616703213325 d
210.6966369288764 7463.004907140334 0.0 8454.569872726794 c
0.0 8454.569872726794 1187.9692443479503 8701.011049604944 c
1187.9692443479503 8701.011049604944 1454.8316967798419 8450.927524202827 d
1454.8316967798419 8450.927524202827 1528.9296846370203 9432.2602839516 c
1528.9296846370203 9432.2602839516 1874.1161694138939 9406.045064736041 c
1874.1161694138939 9406.045064736041 2229.8963059513753 9383.207081467492 c
2229.8963059513762 9458.729013736862 2229.8963059513753 9383.207081467492 d
2229.8963059513762 9458.729013736862 3141.3245221317425 7912.266578387185 c
2229.8963059513762 9458.729013736862 2230.8127474746975 9834.167242618358 d
4642.909068608405 9458.729013736862 3431.079119837585 9646.439404363651 c
3431.079119837585 9646.439404363651 2230.8127474746975 9834.167242618358 c
2230.8127474746975 9834.167242618358 2230.8127474746975 9679.941343979839 d
2230.8127474746975 9679.941343979839 1975.4368749921086 9570.880116688159 c
1975.4368749921086 9570.880116688159 1716.387507654841 9458.729013736862 c
1716.387507654841 9458.729013736862 863.3377560376307 10176.170193828477 c
863.3377560376307 10176.170193828477 0.0 10892.326188809784 c
0.0 10892.326188809784 737.1517320629034 11199.792471434723 c
737.1517320629034 11199.792471434723 1476.1047819031578 11502.68251257201 c
1476.1047819031578 11502.68251257201 1817.2689856897732 11878.632839826758 d
1817.2689856897732 11878.632839826758 1230.4646112431767 12249.49021940115 c
1230.4646112431767 12249.49021940115 1895.9330861378469 12417.194828043745 c
1895.9330861378469 12417.194828043745 2566.3712809623707 12580.61990782648 c
2566.3712809623707 12580.61990782648 2683.3287589450706 12090.910821236972 c
2683.3287589450706 12090.910821236972 2809.8349063947994 11608.747263304782 c
2809.8349063947994 11608.747263304782 3174.446219116157 11525.339518905925 d
3174.446219116157 11525.339518905925 2809.8349063948 13176.628938717742 c
2809.8349063948 13176.628938717742 3441.950078592617 13434.505294230132 c
3441.950078592617 13434.505294230132 3428.4304033922217 13502.384833500639 d
3428.4304033922217 13502.384833500639 3431.809326265232 13695.66431675117 c
3426.753563320493 13769.193877262675 3431.809326265232 13695.66431675117 d
3426.753563320493 13769.193877262675 3186.5253718812255 13638.89049040462 c
3186.5253718812255 13638.89049040462 2953.259409755361 13502.384833500639 c
2953.259409755361 13502.384833500639 2777.783494086866 13808.769009592486 c
2600.966445736657 13763.667014204771 2777.783494086866 13808.769009592486 d
2600.966445736657 13763.667014204771 1954.6924771949075 13502.384833500639 c
1954.6924771949075 13502.384833500639 1630.8429885831213 14287.299680521646 c
1285.6909107885012 14070.353343032655 1630.8429885831213 14287.299680521646 d
1285.6909107885012 14070.353343032655 1210.8442449641443 13502.384833500639 c
1285.6909107885012 13539.971575861775 1210.8442449641443 13502.384833500639 d
1285.6909107885012 13539.971575861775 1447.4455808523614 14513.025466326233 c
1447.4455808523614 14513.025466326233 1630.8429885831215 14482.417448413267 c
1630.8429885831215 14482.417448413267 1467.196038792235 13502.384833500639 c
1467.196038792235 13502.384833500639 1285.6909107885012 13539.971575861775 c
1210.8442449641443 13502.384833500639 0.0 14241.979957796326 c
0.0 14241.979957796326 1285.6909107885012 14070.353343032655 c
1630.8429885831213 14287.299680521646 2276.552561098415 14553.560453900502 c
2276.552561098415 14553.560453900502 2600.966445736657 13763.667014204771 c
2777.783494086866 13808.769009592486 2600.966445736657 14129.97901564717 c
2600.966445736657 14129.97901564717 2835.230571613169 14257.47843085029 c
2835.230571613169 14257.47843085029 3072.112109897119 14393.642780494583 c
3072.112109897119 14393.642780494583 3243.593058248319 14080.454157056214 c
3243.593058248319 14080.454157056214 3426.753563320493 13769.193877262675 c
3431.809326265232 13695.66431675117 3426.753563320493 13892.924241496443 c
3426.753563320493 13892.924241496443 4089.01679855323 13902.734606565698 c
4089.01679855323 13902.734606565698 4755.589706215107 13922.351861563075 c
4755.589706215107 13922.351861563075 5122.603742899244 13725.16844596366 d
5122.603742899244 13725.16844596366 5232.12466282705 14496.621791554635 c
5232.12466282705 14496.621791554635 5333.636278931631 15258.799599048962 c
5333.636278931631 15258.799599048962 5541.702552908095 15225.409739214654 c
5541.702552908095 15225.409739214654 5750.69092976164 15199.77182200475 c
5871.45416474191 15258.79959904896 5750.69092976164 15199.77182200475 d
5871.45416474191 15258.79959904896 5633.5830462067 15511.49617377089 c
5633.5830462067 15511.49617377089 6297.907031207211 16012.800371652695 c
6297.907031207211 16012.800371652695 6478.33256473113 16492.008012121863 d
6478.33256473113 16492.008012121863 6482.021106273147 16567.20158158011 c
6482.021106273147 16567.20158158011 8215.784849963897 16622.691779602108 c
8264.750308560706 16114.681625157806 8215.784849963897 16622.691779602108 d
8264.750308560706 16114.681625157806 9276.416196184406 17256.74692550734 c
9276.416196184406 17256.74692550734 10234.141741685666 16399.254449067288 c
10234.141741685666 16399.254449067288 9213.929393516586 15258.79959904896 c
9213.929393516586 15258.79959904896 8264.750308560706 16114.681625157806 c
8215.784849963897 16622.691779602108 8264.750308560706 15258.79959904896 c
8106.634385546899 15137.62075485814 8264.750308560706 15258.79959904896 d
8106.634385546899 15137.62075485814 9082.096414454736 14315.083646079058 c
9082.096414454736 14315.083646079058 8386.13257150523 13502.384833500639 c
8386.13257150523 13502.384833500639 7414.694960781138 14322.896892406021 c
7272.920866239267 14146.745173985366 7414.694960781138 14322.896892406021 d
7272.920866239267 14146.745173985366 7414.694960781139 13502.384833500639 c
7414.694960781139 13502.384833500639 7072.237790390079 14105.379314066415 c
7072.237790390079 14105.379314066415 6723.29895302901 14705.133171294232 c
6723.29895302901 14705.133171294232 6926.202328486336 14752.29404708262 c
6926.202328486336 14752.29404708262 7140.203730754067 14790.041824400018 c
7140.203730754067 14790.041824400018 7272.920866239267 14146.745173985366 c
7414.694960781138 14322.896892406021 8106.634385546899 15137.62075485814 c
8264.750308560706 15258.79959904896 6478.33256473113 16492.008012121863 c
6297.907031207211 16012.800371652695 6478.332564731129 15818.514293949102 c
6478.332564731129 15818.514293949102 5871.45416474191 15258.79959904896 c
5750.69092976164 15199.77182200475 6237.527905200548 14344.241741957236 c
6237.527905200548 14344.241741957236 6723.29895302901 13502.384833500639 c
6528.119173478546 13502.384833500637 6723.29895302901 13502.384833500639 d
6528.119173478546 13502.384833500637 6811.136353359243 12760.973649642801 c
6811.136353359243 12760.973649642801 7099.732450459666 12019.439904010891 c
7099.732450459666 12019.439904010891 7626.285470105496 11597.127377198867 d
7209.907693430763 12297.525324672013 7317.048926268211 12893.401922431223 c
7317.048926268211 12893.401922431223 7831.3430803318815 12797.390108849879 c
7831.3430803318815 12797.390108849879 8347.885487686513 12706.738323359736 c
8347.885487686513 12879.944481497088 8347.885487686513 12706.738323359736 d
8347.885487686513 12879.944481497088 9434.62753772851 13315.213950323496 c
9434.62753772851 13315.213950323496 10022.026564054657 11841.846055258347 c
10022.026564054657 11841.846055258347 9184.749197102907 11502.68251257201 c
9184.749197102907 11502.68251257201 8347.885487686513 12879.944481497088 c
8347.885487686513 12706.738323359736 8243.957075427417 12105.674688235353 c
8243.957075427417 12105.674688235353 8156.596254052923 11502.68251257201 c
8156.596254052923 11502.68251257201 7626.285470105496 11597.127377198867 c
7626.285470105496 11597.127377198867 7099.732450459666 11699.09191433254 c
7099.732450459666 11699.09191433254 7209.907693430763 12297.525324672013 c
7099.732450459666 12019.439904010891 6430.889153591617 11763.822515910104 c
6430.889153591617 11763.822515910104 5770.467397644179 11502.68251257201 c
5770.467397644179 11502.68251257201 5482.646375288079 12249.00586507115 c
5482.646375288079 12249.00586507115 5192.5462395828645 12988.49367569534 c
5192.5462395828645 12988.49367569534 5860.91039977627 13243.178010486354 c
5860.91039977627 13243.178010486354 6528.119173478546 13502.384833500637 c
6723.29895302901 13502.384833500639 5919.019186292958 13615.01943185175 c
5919.019186292958 13615.01943185175 5122.603742899244 13725.16844596366 c
4755.589706215107 13922.351861563075 4760.816866323193 13727.58488564325 c
4760.816866323193 13727.58488564325 4764.054352009429 13531.541465081571 c
4764.054352009429 13577.410128890546 4764.054352009429 13531.541465081571 d
4764.054352009429 13577.410128890546 4940.483832405752 14292.261817701441 c
4940.483832405752 14292.261817701441 5122.603742899244 14994.970803894095 c
5122.603742899244 14994.970803894095 5027.248171490688 15258.79959904896 d
5027.248171490688 15258.79959904896 4147.889955812905 15291.711565502399 c
5027.248171490688 15258.79959904896 5418.781979954963 15867.163290944036 c
5418.781979954963 15867.163290944036 5522.139705749962 15794.832173258163 c
5522.139705749962 15794.832173258163 5633.583046206699 15730.279407263231 c
5633.583046206699 15730.279407263231 5339.408619109852 15493.275428034727 c
5339.408619109852 15493.275428034727 5027.248171490688 15258.79959904896 c
4147.889955812905 15291.711565502399 4206.348881423531 16864.996951732148 c
4206.348881423531 16864.996951732148 3967.420688365001 17256.74692550734 d
3967.420688365001 17256.74692550734 3369.2912069535746 17574.64463433411 c
3967.420688365001 17322.77628449521 3967.420688365001 17256.74692550734 d
3967.420688365001 17322.77628449521 4405.882837869416 18849.56501969858 c
4405.882837869416 18849.56501969858 4655.457523422714 18778.943192611398 c
4655.457523422714 18778.943192611398 4214.8247157666965 17256.74692550734 c
4655.457523422714 17290.3041464098 4214.8247157666965 17256.74692550734 d
4655.457523422714 17290.3041464098 5153.111963689753 17499.104097167707 c
5153.111963689753 17499.104097167707 5648.784458935671 17705.77099529863 c
5648.784458935671 17705.77099529863 5723.72117263724 17523.028936649276 c
5723.72117263724 17523.028936649276 5801.43310908071 17347.52734861119 c
5801.43310908071 17347.52734861119 5705.2475113141945 17298.56271167633 c
5705.2475113141945 17298.56271167633 5602.336817938724 17256.74692550734 c
5602.336817938724 17256.74692550734 5127.71937193396 17275.363140580223 c
5127.71937193396 17275.363140580223 4655.457523422714 17290.3041464098 c
4214.8247157666965 17256.74692550734 3967.420688365001 17322.77628449521 c
3304.287957812571 17256.74692550734 3369.2912069535746 17574.64463433411 d
3195.22523209986 17705.365808658404 3304.287957812571 17256.74692550734 c
3304.287957812571 17256.74692550734 2531.1270421547147 17271.56950966892 c
2531.1270421547147 17271.56950966892 2471.097512234245 17534.83496863631 c
2471.097512234245 17534.83496863631 2449.166702382515 17605.2080941752 d
2449.166702382515 17605.2080941752 2434.657635321468 17256.74692550734 c
2550.214129969946 16817.708948470012 2434.657635321468 17256.74692550734 d
2550.214129969946 16817.708948470012 1955.528759943879 15258.79959904896 c
1955.528759943879 15258.79959904896 1689.0222675290645 15428.802460045354 c
1689.0222675290645 15428.802460045354 2550.214129969946 16817.708948470012 c
2434.657635321468 17256.74692550734 1939.7221012054406 17610.945613715685 c
1395.76338068111 17296.485952217965 1939.7221012054406 17610.945613715685 d
1446.4672757648545 17330.454386401274 1395.76338068111 17296.485952217965 c
1395.76338068111 17296.485952217965 1339.2733493922108 17256.74692550734 c
1339.2733493922108 17256.74692550734 1046.7572239651022 17709.021139377925 c
1046.7572239651022 17709.021139377925 753.0172683712927 18148.54886569417 c
753.0172683712927 18148.54886569417 605.8830698789916 17899.44663439963 d
605.8830698789916 17899.44663439963 753.0172683712926 17392.017850617984 c
753.0172683712926 17392.017850617984 524.6321325439698 17321.092503355456 c
611.8010626480309 16964.460349921326 524.6321325439698 17321.092503355456 d
611.8010626480309 16964.460349921326 1689.0222675290645 16369.595572437223 c
1689.0222675290645 16369.595572437223 1076.436290921974 15258.79959904896 c
1076.436290921974 15258.79959904896 0.0 15854.085817453633 c
0.0 15854.085817453633 611.8010626480309 16964.460349921326 c
524.6321325439698 17321.092503355456 289.1395945749284 17256.74692550734 c
289.1395945749284 17256.74692550734 145.5287981778676 17755.818622111376 c
145.5287981778676 17755.818622111376 0.0 18252.695143337638 c
0.0 18252.695143337638 228.40357049041086 18333.251977237596 c
228.40357049041086 18333.251977237596 459.93399142614476 18410.530967961884 c
459.93399142614476 18410.530967961884 605.8830698789916 17899.44663439963 c
753.0172683712927 18148.54886569417 1103.774761493553 17736.37342656305 c
1103.774761493553 17736.37342656305 1446.4672757648545 17330.454386401274 c
1939.7221012054406 17610.945613715685 1446.4672757648545 17962.411876703045 c
1446.4672757648545 17962.411876703045 2471.097512234245 17957.101177661334 c
2471.097512234245 17957.101177661334 2449.166702382515 17605.2080941752 c
2471.097512234245 17534.83496863631 3195.22523209986 17705.365808658404 c
3369.2912069535746 17574.64463433411 3304.287957812571 17871.413326836744 c
3304.287957812571 17871.413326836744 3789.8930039156885 17987.379634053832 c
3789.8930039156885 17987.379634053832 3967.420688365001 17256.74692550734 c
3847.8714550889745 16602.80649234044 4206.348881423531 16864.996951732148 d
3847.8714550889745 16602.80649234044 4147.889955812905 16354.148074794914 c
4147.889955812905 16354.148074794914 3687.1481495961216 15812.42648177212 c
3687.1481495961216 15812.42648177212 3231.8293087059956 15258.79959904896 c
3231.8293087059956 15258.79959904896 2550.214129969946 15833.194217363476 c
2550.214129969946 15833.194217363476 3050.815064839124 16346.821968045791 c
3050.815064839124 16346.821968045791 3553.562561700971 16859.942125879552 c
3553.562561700971 16859.942125879552 3847.8714550889745 16602.80649234044 c
4206.348881423531 16864.996951732148 5027.248171490688 15258.79959904896 c
5122.603742899244 14994.970803894095 5087.630128069653 14255.894014858062 c
5087.630128069653 14255.894014858062 5061.253456379362 13502.384833500639 c
5061.253456379362 13502.384833500639 4920.098881621758 13545.58262522899 c
4920.098881621758 13545.58262522899 4764.054352009429 13577.410128890546 c
4764.054352009429 13531.541465081571 4094.8171337151725 13521.038237430299 c
4050.107931529924 13382.120814891234 4094.8171337151725 13521.038237430299 d
4050.107931529924 13382.120814891234 4617.596846325739 12669.618545268933 c
4617.596846325739 12669.618545268933 5192.5462395828645 11966.934734518001 c
5192.5462395828645 11966.934734518001 4971.989115739614 11731.399016966 c
4971.989115739614 11731.399016966 4739.3370605824075 11502.68251257201 c
4739.3370605824075 11502.68251257201 4093.2777502210774 12129.2177175916 c
4093.2777502210774 12129.2177175916 3441.9500785926166 12759.336171066256 c
3441.9500785926166 12759.336171066256 3744.2009537286544 13071.912700547307 c
3744.2009537286544 13071.912700547307 4050.107931529924 13382.120814891234 c
4094.8171337151725 13521.038237430299 3428.4304033922217 13502.384833500639 c
3441.950078592617 13434.505294230132 3210.9749252670817 11502.68251257201 c
3210.9749252670817 11502.68251257201 3174.446219116157 11525.339518905925 c
2809.8349063947994 11608.747263304782 2598.680513148237 11552.964859752734 c
2598.680513148237 11552.964859752734 2396.7730714084123 11502.68251257201 c
2396.7730714084123 11502.68251257201 1817.2689856897732 11878.632839826758 c
1230.464611243177 11580.262887806573 1476.1047819031578 11502.68251257201 d
1230.464611243177 11580.262887806573 1215.184292792642 11502.68251257201 c
1215.184292792642 11502.68251257201 0.0 11866.285464070797 c
0.0 11866.285464070797 258.4211037358295 12746.517943639203 c
258.4211037358295 12746.517943639203 1230.464611243177 11580.262887806573 c
1476.1047819031578 11502.68251257201 1852.318966346269 10590.19702127786 c
1852.318966346269 10590.19702127786 2230.8127474746975 9679.941343979839 c
2230.8127474746975 9834.167242618358 3166.5805290769667 10240.713916134571 c
3166.5805290769667 10240.713916134571 4107.78251764385 10655.258838695268 c
4107.78251764385 10655.258838695268 4374.747534981255 10056.484763138757 c
4374.747534981255 10056.484763138757 4642.909068608405 9458.729013736862 c
3141.3245221317425 7912.266578387185 2369.017211208491 7463.004907140334 c
2369.017211208491 7463.004907140334 2229.8963059513762 9458.729013736862 c
2229.8963059513753 9383.207081467492 1925.1644673022895 8422.596291658449 c
1925.1644673022895 8422.596291658449 1615.9797537218337 7463.004907140334 c
1615.9797537218337 7463.004907140334 1500.746056473889 7473.916529027513 c
1500.746056473889 7473.916529027513 1392.6257405879796 7476.078430187391 c
1392.6257405879796 7476.078430187391 1454.8316967798419 8450.927524202827 c
1187.9692443479503 8701.011049604944 1392.6257405879796 7712.727955949364 c
1392.6257405879796 7712.727955949364 210.6966369288764 7463.004907140334 c
0.0 7385.7616703213325 657.4402102267859 7335.15934884683 c
657.4402102267859 7335.15934884683 1313.8956282493436 7278.162364153953 c
1313.8956282493436 7278.162364153953 1503.7933045117213 6704.944930504175 c
1503.7933045117213 6704.944930504175 1697.9282520963104 6131.169950130139 c
1769.2885448951502 6173.6023349945635 1837.6823074314207 6646.404376647305 c
1837.6823074314207 6646.404376647305 2150.0227759442723 6604.86519228233 c
2150.0227759442723 6604.86519228233 2454.4500189870196 6561.297622074071 c
2737.38164911748 6471.483101903812 3500.692019005851 5825.107094309317 c
3500.692019005851 5825.107094309317 3290.2732197271725 5582.206975546336 c
3295.2132882683572 5582.206975546336 3786.9811270108908 4746.4858163499475 c
3786.981127010891 4806.961640385038 4228.2061999129555 5471.191500095665 c
4228.2061999129555 5471.191500095665 4520.429867207908 5582.206975546336 d
4520.429867207908 5582.206975546336 3500.69201900585 7133.7075670276645 c
3499.1728020555 7463.004907140334 3500.69201900585 7133.7075670276645 d
3499.1728020555 7463.004907140334 3141.324522131742 8549.597572656841 c
3141.324522131742 8549.597572656841 4671.77609487491 9046.085285036886 c
4671.77609487491 9046.085285036886 5179.048924255319 9458.729013736862 d
5179.048924255319 9458.729013736862 4911.962531119407 9854.6931773313 c
4911.962531119407 9854.6931773313 4642.909068608405 10251.161966289546 c
4642.909068608405 10251.161966289546 4862.032639960532 10402.40493090086 c
4862.032639960532 10402.40493090086 5074.433361754759 10540.292289759584 c
5074.433361754759 10540.292289759584 5340.642526808313 10145.690235355376 c
5340.642526808313 10145.690235355376 5612.781010427668 9759.850637828136 c
5612.781010427668 9759.850637828136 6012.458507856765 9647.923256489023 d
6012.458507856765 9647.923256489023 6310.144291786529 10649.223098822406 c
6310.144291786529 10649.223098822406 7408.371325989451 10324.841549755896 c
7520.561818685249 10359.289009073043 7408.371325989451 10324.841549755896 d
7520.561818685249 10359.289009073043 7953.669740975937 10158.751520237607 c
7953.669740975937 10158.751520237607 8376.163457355815 9952.414187303768 c
8376.163457355815 9952.414187303768 8574.512953416355 9713.865621089286 c
8574.512953416355 9713.865621089286 8776.40175252414 9458.729013736862 c
8745.943413653602 9138.86751299835 8776.40175252414 9458.729013736862 d
8745.943413653602 9138.86751299835 9108.50648894783 8402.657145515444 c
9108.50648894783 8402.657145515444 7181.491426454982 7463.004907140334 c
7670.079466314266 7024.09234768623 7181.491426454982 7463.004907140334 d
7315.709758420175 7004.203551977872 7670.079466314266 7024.09234768623 c
7670.079466314266 7024.09234768623 8015.818567521473 7029.582240019399 c
8015.818567521473 7029.582240019399 8044.699026395055 6321.495849184221 c
8044.699026395055 6321.495849184221 8072.2223172131435 5611.164802230569 c
8072.2223172131435 5582.206975546336 8072.2223172131435 5611.164802230569 d
8072.2223172131435 5582.206975546336 8605.282008744593 5881.620146323131 c
8605.282008744593 5881.620146323131 8660.552212428676 5787.794812667922 c
8707.440407396198 5820.519564453065 8660.552212428676 5787.794812667922 d
8707.440407396198 5820.519564453065 9916.109328327215 5889.030450797402 c
9916.109328327215 5889.030450797402 9927.242562368596 5656.157451163742 c
9927.242562368596 5585.664378947254 9927.242562368596 5656.157451163742 d
9927.242562368596 5585.664378947254 10130.929778395517 6526.234728073196 c
10130.929778395517 6526.234728073196 10328.87309437447 7463.004907140334 c
10328.87309437447 7463.004907140334 10307.895690818354 6519.367166600421 c
10307.895690818354 6519.367166600421 10286.01605594045 5583.142649914264 c
10286.01605594045 5583.142649914264 10110.570877714865 5582.206975546336 c
10110.570877714865 5582.206975546336 9927.242562368596 5585.664378947254 c
9927.242562368596 5656.157451163742 8728.176416773691 5582.206975546336 c
8728.176416773691 5582.206975546336 8707.440407396198 5820.519564453065 c
8660.552212428676 5787.794812667922 8707.440407396198 5691.914110466244 c
8707.440407396198 5691.914110466244 8392.190087265995 5640.243760669882 c
8392.190087265995 5640.243760669882 8072.2223172131435 5582.206975546336 c
8072.2223172131435 5611.164802230569 7721.451676767223 5596.080457401506 c
7721.451676767223 5596.080457401506 7371.259514269971 5582.206975546336 c
7315.709758420175 5582.206975546336 7371.259514269971 5582.206975546336 d
7315.709758420175 5582.206975546336 6920.3300145390995 5745.720349619517 c
6920.3300145390995 5745.720349619517 6536.028211023311 5917.657287698023 c
6536.028211023311 5917.657287698023 6664.4559168335445 6216.073648723813 c
6664.4559168335445 6216.073648723813 6785.601263656464 6522.385969982758 c
6785.601263656464 6522.385969982758 7051.763680091746 6056.350347679271 c
7051.763680091746 6056.350347679271 7315.709758420175 5582.206975546336 c
7371.259514269971 5582.206975546336 7347.270778435728 6291.776231210593 c
7347.270778435728 6291.776231210593 7315.709758420175 7004.203551977872 c
7181.491426454982 7463.004907140334 7369.8890921664 8244.221315408715 c
7369.8890921664 8244.221315408715 7181.491426454981 8199.014636536838 d
7181.491426454981 8199.014636536838 6549.831230165142 7463.004907140334 c
6549.831230165142 7463.004907140334 6330.120076805581 7648.7963636971435 c
6330.120076805581 7648.7963636971435 6330.1200768055805 7463.004907140334 d
6330.1200768055805 7463.004907140334 5758.893908811282 7586.962539013418 c
5758.893908811282 7586.962539013418 5892.179160974329 8195.425115361439 c
5892.179160974329 8195.425115361439 5758.893908811282 8253.649674234304 d
5758.893908811282 8253.649674234304 5593.71087165587 7854.951966493103 c
5593.71087165587 7854.951966493103 5437.364809527659 7463.004907140334 c
5437.364809527659 7463.004907140334 5020.450829444369 7628.927316494805 c
5020.450829444369 7628.927316494805 5393.234102140707 7939.781551362323 c
5393.234102140707 7939.781551362323 5758.893908811282 8253.649674234304 c
5892.179160974329 8195.425115361439 6330.1200768055805 7463.004907140334 c
6330.120076805581 7648.7963636971435 6938.282361132611 8407.837803466378 c
6938.282361132611 8407.837803466378 7181.491426454981 8199.014636536838 c
7369.8890921664 8244.221315408715 8745.943413653602 9138.86751299835 c
8776.40175252414 9603.608670852795 8776.40175252414 9458.729013736862 d
8776.40175252414 9603.608670852795 9936.565411380636 10102.904720998658 c
9936.565411380636 10102.904720998658 10213.144256949385 9458.729013736862 c
10213.144256949385 9458.729013736862 8776.40175252414 9603.608670852795 c
8776.40175252414 9458.729013736862 8085.879725134364 9784.742056034456 c
8085.879725134364 9784.742056034456 7408.371325989452 10110.16030190619 c
7408.371325989452 10110.16030190619 7520.561818685249 10359.289009073043 c
7408.371325989451 10324.841549755896 6664.875644303957 9458.729013736862 c
6664.875644303957 9458.729013736862 6012.458507856765 9647.923256489023 c
5662.462243774528 9789.133122358593 5612.781010427668 9759.850637828136 d
5662.462243774528 9789.133122358593 5702.040158262355 10046.821087835662 c
5702.040158262355 10046.821087835662 5858.358207234206 9753.275294640445 c
5858.358207234206 9753.275294640445 6012.458507856766 9458.729013736862 c
6012.458507856766 9458.729013736862 5612.781010427668 9520.61104509531 c
5612.781010427668 9520.61104509531 5662.462243774528 9789.133122358593 c
5612.781010427668 9759.850637828136 5179.048924255319 9458.729013736862 c
4671.77609487491 9046.085285036886 5020.450829444369 7997.49572860664 c
5020.450829444369 7997.49572860664 3499.1728020555 7463.004907140334 c
3500.69201900585 7133.7075670276645 4790.1846574373 5865.631731267922 c
4790.1846574373 5865.631731267922 4824.705516879743 6071.586040032843 d
4824.705516879743 6071.586040032843 4806.684613079205 6094.37465073403 c
4806.684613079205 6094.37465073403 4790.1846574373 6103.7997616783405 c
4790.1846574373 6103.7997616783405 4853.027262071882 6173.13547837643 c
4853.027262071882 6173.13547837643 4908.946434342926 6252.355055813041 c
4908.946434342926 6252.355055813041 5352.668731006675 5911.454361350583 c
5352.668731006675 5911.454361350583 5795.291625154396 5582.206975546336 c
5795.291625154396 5727.556194095663 5795.291625154396 5582.206975546336 d
5795.291625154396 5727.556194095663 6297.470462722834 6591.834970776814 c
6297.470462722834 6591.834970776814 6536.028211023311 6453.014446510244 c
6536.028211023311 6453.014446510244 6037.756321535557 5582.206975546336 c
6037.756321535557 5582.206975546336 5795.291625154396 5727.556194095663 c
5795.291625154396 5582.206975546336 5315.2366975020705 5829.008885894686 c
5315.2366975020705 5829.008885894686 4824.705516879743 6071.586040032843 c
4790.1846574373 5865.631731267922 4520.429867207908 5582.206975546336 c
4228.2061999129555 5471.191500095665 5434.702718502031 4673.906606454173 c
5434.702718502031 4673.906606454173 5368.667938434954 3755.9539256243097 c
5434.702718502031 3755.9539256243097 5630.253434279908 4150.215221127201 c
5630.253434279908 4150.215221127201 5820.492583367022 4545.502262304966 c
5820.492583367022 4545.502262304966 6610.574959003261 4154.621279826289 c
6610.574959003261 4154.621279826289 7407.060097461137 3759.327906400538 c
7407.060097461137 4316.365828292273 7407.060097461137 3759.327906400538 d
7407.060097461137 4316.365828292273 7432.104432734466 4410.632473838788 c
7432.104432734466 4410.632473838788 8769.106890195917 4043.3873764733607 c
8769.106890195917 4043.3873764733607 8686.109545074314 3755.9539256243097 c
8686.109545074314 3755.9539256243097 7407.060097461137 4316.365828292273 c
7407.060097461137 3759.327906400538 6418.922195528292 3759.6824731431543 c
6211.6501724159825 3226.605154575634 6459.192341851822 3205.6859262851767 c
6459.192341851822 3205.6859262851767 6712.711807087531 3183.0944477573526 c
6712.711807087531 3183.0944477573526 6646.8512555423395 2457.8945059694133 c
6646.8512555423395 2457.8945059694133 6588.566131703869 1723.4564444995437 c
6986.254604814122 1723.4564444995437 6976.37907306947 1723.4564444995437 d
6986.254604814122 1723.4564444995437 6854.965537432677 1901.8311049746812 c
6854.965537432677 1901.8311049746812 6712.711807087532 2084.4800630008694 c
6712.711807087532 2084.4800630008694 7109.3425102511555 2390.6405946091095 c
7109.3425102511555 2390.6405946091095 7506.644613404238 2705.158340478611 c
7506.644613404238 2705.158340478611 7649.877824741515 2525.6314996948017 c
7649.877824741515 2525.6314996948017 7786.914050029324 2345.196622196469 c
7786.914050029324 2226.2185702852644 7786.914050029324 2345.196622196469 d
7786.914050029324 2226.2185702852644 8082.400353949891 2433.1524199388678 c
8082.400353949891 2433.1524199388678 8322.651689922475 2083.4996523335394 c
8322.651689922475 1908.7832310851095 8322.651689922475 2083.4996523335394 d
8322.651689922475 1908.7832310851095 8660.61641725876 2054.124873949505 c
8660.61641725876 2054.124873949505 9000.225333052003 2203.618005202242 c
9000.225333052003 2471.542246429164 9000.225333052003 2203.618005202242 d
9000.225333052003 2471.542246429164 9357.419969453425 2588.9278248959235 c
9357.419969453425 2588.9278248959235 9709.619404168538 2715.8977408012865 c
9709.619404168538 2715.8977408012865 9964.948726549235 2457.8703764197544 c
9964.948726549235 2457.8703764197544 10216.544652708279 2191.7256462579207 c
10216.544652708279 2191.7256462579207 9969.992799385382 1959.845664388765 c
9969.992799385382 1959.845664388765 9728.200362958787 1723.4564444995437 c
9728.200362958787 1723.4564444995437 9361.536934152089 2097.0381772100754 c
9361.536934152089 2097.0381772100754 9000.225333052003 2471.542246429164 c
9000.225333052003 2203.618005202242 8703.957458638619 1957.6735176103564 c
8703.957458638619 1957.6735176103564 8411.79484776661 1723.4564444995437 c
8411.79484776661 1723.4564444995437 8366.143040682393 1807.935299695343 c
8366.143040682393 1807.935299695343 8322.651689922475 1908.7832310851095 c
8322.651689922475 2083.4996523335394 8146.482661920594 1723.4564444995435 c
8146.482661920594 1723.4564444995435 7786.914050029324 2226.2185702852644 c
7786.914050029324 2345.196622196469 7390.132911980235 2033.9704979316298 c
7390.132911980235 2033.9704979316298 6986.254604814122 1723.4564444995437 c
6976.37907306947 1723.4564444995437 7729.675303344433 1190.3696519424504 c
7729.675303344433 1190.3696519424504 8483.193235106226 644.669538710507 c
8483.193235106226 644.669538710507 8480.985391552107 316.81580168164055 c
8483.193235106226 244.7707863959041 8480.985391552107 316.81580168164055 d
8483.193235106226 244.7707863959041 9081.034115814926 198.6373467661994 c
9081.034115814926 198.6373467661994 8576.511858488264 0.0 c
8576.511858488264 0.0 8483.193235106226 244.7707863959041 c
8480.985391552107 316.81580168164055 8468.993800570885 0.0 c
8468.993800570885 0.0 7703.146257453185 17.0582156186381 c
7703.146257453185 17.0582156186381 6945.820916744179 25.24360467077811 c
6945.820916744179 0.0 5768.751231294009 752.5851154115236 c
5254.688299908081 244.6491189416805 5425.189328576331 334.1516838133544 c
5224.002839090014 446.52487451085483 4987.954711763105 217.6428338465558 c
4987.954711763105 217.6428338465558 4740.811093598332 0.0 c
4740.811093598332 0.0 3363.0337230111486 242.81790620444787 c
3353.374577154357 228.51974398090016 1599.1560533573104 0.0 c
1125.9223362707855 364.8351108291806 639.0513378591436 0.0 c
639.0513378591436 0.0 319.8055201509601 74.21282302977875 c
319.8055201509601 74.21282302977875 0.0 146.57022607426757 c
31.547221784477074 139.43252863703827 0.0 0.0 d
