Processando arquivo: han80_mod_sep.txt

Tempo de Inicio (hh:mm:ss.ms) 2026-04-26 15:05:12.323320
Tempo de Termino (hh:mm:ss.ms) 2026-04-26 15:05:16.004034
Tempo Total (hh:mm:ss.ms) 0:00:03.680714

Função Objetivo: 15899.970881549998

0.0 0.0 31.547221784477074 139.43252863703827 d
0.0 146.57022607426757 649.894701290457 641.1561195001053 c
649.894701290457 641.1561195001053 1295.2048138948542 1126.8102713666203 c
1295.2048138948542 1126.8102713666203 1452.4002130808612 930.899368921026 c
1452.4002130808612 930.899368921026 1599.1560533573104 722.6781783592564 c
1599.1560533573104 722.6781783592564 1125.9223362707855 364.8351108291806 c
1125.9223362707855 364.8351108291806 1614.1560533573104 0.0 d
1614.1560533573104 0.0 2884.2127920509215 520.7677900718209 c
2884.2127920509215 520.7677900718209 3368.374577154357 228.51974398090016 c
3384.0337230111486 242.81790620444787 3368.374577154357 228.51974398090016 d
3384.0337230111486 242.81790620444787 3381.273111397559 268.6240215978729 c
3381.273111397559 268.6240215978729 3374.3745771543568 301.03818928675116 c
3374.3745771543568 301.03818928675116 4317.477727128437 463.0898236055247 c
4317.477727128437 463.0898236055247 5275.68829990808 622.7588600973645 c
5275.68829990808 622.7588600973645 5245.002839090014 446.52487451085483 c
5283.688299908081 244.6491189416805 5245.002839090014 446.52487451085483 d
5283.688299908081 244.6491189416805 5454.189328576331 334.1516838133544 c
5283.688299908081 244.6491189416805 5805.751231294009 752.5851154115236 d
5805.751231294009 752.5851154115236 6128.008322546482 1253.1792756047419 c
6128.008322546482 1253.1792756047419 6982.820916744179 0.0 c
6982.820916744179 0.0 6992.820916744179 25.24360467077811 d
6992.820916744179 25.24360467077811 7007.923951668856 872.7219330986287 c
7007.923951668856 872.7219330986287 7023.37907306947 1723.4564444995437 c
7023.37907306947 1723.4564444995437 6639.566131703869 1728.4564444995437 d
6639.566131703869 1728.4564444995437 6387.4947072410805 1745.7394615440023 c
6387.4947072410805 1745.7394615440023 6132.8292819269545 1772.8201653376152 c
6132.8292819269545 1772.8201653376152 6012.358054431215 1728.456444499544 d
6012.358054431215 1728.456444499544 5471.84383516806 1881.1419782746989 c
4926.99598070145 2302.7218005750083 5471.84383516806 1881.1419782746989 d
4926.99598070145 2302.7218005750083 4252.883100721882 1728.4564444995435 c
4252.883100721882 1728.4564444995435 4155.149430519013 1843.2707776934453 c
4140.149430519012 1838.0750224245462 4155.149430519013 1843.2707776934453 d
4140.149430519012 1838.0750224245462 3416.3497743721327 1728.4564444995437 c
2857.5792424200486 2244.0054707479776 3416.3497743721327 1728.4564444995437 d
2857.5792424200486 2244.0054707479776 2715.1054431169605 1728.4564444995435 c
2715.1054431169605 1728.4564444995435 2085.0989202485966 2132.8257180572286 c
2085.0989202485966 2132.8257180572286 1449.4688561265716 2547.0300917647255 c
1449.4688561265716 2547.0300917647255 1436.4688561265716 2636.1765611290875 d
1436.4688561265716 2636.1765611290875 133.81486494520323 1728.4564444995435 c
133.81486494520323 1728.4564444995435 0.0 3291.946325384418 c
0.0 3291.946325384418 666.2273284496194 3760.9539256243092 c
666.2273284496194 3760.9539256243092 1436.4688561265716 2636.1765611290875 c
1449.4688561265716 2547.0300917647255 1525.9613121922757 2836.5079388276527 c
1525.9613121922757 2836.5079388276527 1605.9466843754158 3124.2776995070135 c
1605.9466843754158 3124.2776995070135 2295.374071127736 2943.187165075848 c
2295.374071127736 2943.187165075848 2984.399743332821 2752.415334494436 c
2984.399743332821 2752.415334494436 2857.5792424200486 2244.0054707479776 c
3416.3497743721327 1728.4564444995437 2990.3997433328204 3370.9663926526237 c
2990.3997433328204 3370.9663926526237 3861.9131421590337 3510.233594536078 c
3861.9131421590337 3510.233594536078 4140.149430519012 1838.0750224245462 c
4155.149430519013 1843.2707776934453 4831.564654509285 2415.1771108175485 c
4831.564654509285 2415.1771108175485 4926.99598070145 2302.7218005750083 c
5471.84383516806 1881.1419782746989 4935.995980701451 2044.6503514210308 c
4935.995980701451 2044.6503514210308 4949.115645610821 2108.359944585353 c
4949.115645610821 2108.359944585353 4969.237998469592 2173.76830267678 c
4969.237998469592 2173.76830267678 5545.876502199731 2151.4352727347564 c
5545.876502199731 2151.4352727347564 6124.829281926955 2135.3870147459647 c
6124.829281926955 2135.3870147459647 6071.373229347839 1928.1596405099558 c
6071.373229347839 1928.1596405099558 6012.358054431215 1728.456444499544 c
6132.8292819269545 1772.8201653376152 6200.026250255293 2508.508075486064 c
6200.026250255293 2508.508075486064 6262.6501724159825 3231.605154575634 c
6444.922195528292 3775.6824731431543 6262.6501724159825 3231.605154575634 d
6444.922195528292 3775.6824731431543 5460.702718502031 3771.9539256243097 c
5460.702718502031 3771.9539256243097 5387.667938434954 3771.9539256243097 d
5387.667938434954 3771.9539256243097 3805.981127010891 4822.961640385038 c
3805.981127010891 4822.961640385038 3797.9811270108908 4762.4858163499475 d
3797.9811270108908 4762.4858163499475 2124.300567761127 3771.9539256243097 c
2124.300567761127 3771.9539256243097 1865.8375477114707 4412.034645050536 c
1854.837547711471 4269.559646847975 1865.8375477114707 4412.034645050536 d
1854.837547711471 4269.559646847975 1360.5043345641154 3771.9539256243097 c
1360.5043345641154 3771.9539256243097 0.0 5115.409282562217 c
0.0 5115.409282562217 884.923663518588 5230.772145387054 c
884.923663518588 5230.772145387054 1854.837547711471 4269.559646847975 c
1865.8375477114707 4412.034645050536 2469.950615376094 5103.36118280787 c
2469.950615376094 5103.36118280787 3306.2132882683572 5598.206975546336 c
3311.2732197271725 5612.206975546336 3306.2132882683572 5598.206975546336 d
3311.2732197271725 5612.206975546336 2758.38164911748 6501.483101903812 c
2758.38164911748 6501.483101903812 2459.4500189870196 6591.297622074071 d
2459.4500189870196 6591.297622074071 2468.518319775141 5612.206975546336 c
2725.0192244589293 5612.206975546336 2468.518319775141 5612.206975546336 d
2604.3012937995095 5815.9707022384155 2477.518319775141 6017.064193572359 c
2477.518319775141 6017.064193572359 2614.7408210623166 6005.21879331786 c
2614.7408210623166 6005.21879331786 2751.38164911748 5995.55271781177 c
2751.38164911748 5995.55271781177 2736.8057717049423 5804.731826263136 c
2736.8057717049423 5804.731826263136 2725.0192244589293 5612.206975546336 c
2725.0192244589293 5612.206975546336 2604.3012937995095 5815.9707022384155 c
2468.518319775141 5612.206975546336 2084.7267624858373 5665.032450918755 c
2084.7267624858373 5665.032450918755 1702.9282520963102 5722.415989357501 c
1702.9282520963102 5722.415989357501 1774.2885448951502 6203.6023349945635 c
1774.2885448951502 6203.6023349945635 1697.9282520963104 6161.169950130139 d
1697.9282520963104 6161.169950130139 875.2298821790113 5883.074037570684 c
875.2298821790113 5883.074037570684 58.48835570693109 5612.206975546336 c
58.48835570693109 5612.206975546336 26.116857842067247 6514.172862930367 c
26.116857842067247 6514.172862930367 0.0 7415.7616703213325 c
210.6966369288764 7499.004907140334 0.0 7415.7616703213325 d
210.6966369288764 7499.004907140334 0.0 8490.569872726794 c
0.0 8490.569872726794 1187.9692443479503 8737.011049604944 c
1187.9692443479503 8737.011049604944 1466.8316967798419 8486.927524202827 d
1466.8316967798419 8486.927524202827 1540.9296846370203 9468.2602839516 c
1540.9296846370203 9468.2602839516 1886.1161694138939 9442.045064736041 c
1886.1161694138939 9442.045064736041 2241.8963059513753 9419.207081467492 c
2246.8963059513762 9494.729013736862 2241.8963059513753 9419.207081467492 d
2246.8963059513762 9494.729013736862 3158.3245221317425 7948.266578387185 c
2246.8963059513762 9494.729013736862 2239.8127474746975 9883.167242618358 d
4651.909068608405 9507.729013736862 3440.079119837585 9695.439404363651 c
3440.079119837585 9695.439404363651 2239.8127474746975 9883.167242618358 c
2239.8127474746975 9883.167242618358 2230.8127474746975 9728.941343979839 d
2230.8127474746975 9728.941343979839 1975.4368749921086 9619.880116688159 c
1975.4368749921086 9619.880116688159 1716.387507654841 9507.729013736862 c
1716.387507654841 9507.729013736862 863.3377560376307 10225.170193828477 c
863.3377560376307 10225.170193828477 0.0 10941.326188809784 c
0.0 10941.326188809784 737.1517320629034 11248.792471434723 c
737.1517320629034 11248.792471434723 1476.1047819031578 11551.68251257201 c
1476.1047819031578 11551.68251257201 1831.2689856897732 11937.632839826758 d
1831.2689856897732 11937.632839826758 1244.4646112431767 12308.49021940115 c
1244.4646112431767 12308.49021940115 1909.9330861378469 12476.194828043745 c
1909.9330861378469 12476.194828043745 2580.3712809623707 12639.61990782648 c
2580.3712809623707 12639.61990782648 2697.3287589450706 12149.910821236972 c
2697.3287589450706 12149.910821236972 2823.8349063947994 11667.747263304782 c
2823.8349063947994 11667.747263304782 3202.446219116157 11584.339518905925 d
3202.446219116157 11584.339518905925 2837.8349063948 13235.628938717742 c
2837.8349063948 13235.628938717742 3469.950078592617 13493.505294230132 c
3469.950078592617 13493.505294230132 3477.4304033922217 13568.384833500639 d
3477.4304033922217 13568.384833500639 3480.809326265232 13761.66431675117 c
3464.753563320493 13835.193877262675 3480.809326265232 13761.66431675117 d
3464.753563320493 13835.193877262675 3224.5253718812255 13704.89049040462 c
3224.5253718812255 13704.89049040462 2991.259409755361 13568.384833500639 c
2991.259409755361 13568.384833500639 2815.783494086866 13874.769009592486 c
2624.966445736657 13829.667014204771 2815.783494086866 13874.769009592486 d
2624.966445736657 13829.667014204771 1978.6924771949075 13568.384833500639 c
1978.6924771949075 13568.384833500639 1654.8429885831213 14353.299680521646 c
1285.6909107885012 14136.353343032655 1654.8429885831213 14353.299680521646 d
1285.6909107885012 14136.353343032655 1210.8442449641443 13568.384833500639 c
1295.6909107885012 13605.971575861775 1210.8442449641443 13568.384833500639 d
1295.6909107885012 13605.971575861775 1457.4455808523614 14579.025466326233 c
1457.4455808523614 14579.025466326233 1640.8429885831215 14548.417448413267 c
1640.8429885831215 14548.417448413267 1477.196038792235 13568.384833500639 c
1477.196038792235 13568.384833500639 1295.6909107885012 13605.971575861775 c
1210.8442449641443 13568.384833500639 0.0 14307.979957796326 c
0.0 14307.979957796326 1285.6909107885012 14136.353343032655 c
1654.8429885831213 14353.299680521646 2300.552561098415 14619.560453900502 c
2300.552561098415 14619.560453900502 2624.966445736657 13829.667014204771 c
2815.783494086866 13874.769009592486 2638.966445736657 14195.97901564717 c
2638.966445736657 14195.97901564717 2873.230571613169 14323.47843085029 c
2873.230571613169 14323.47843085029 3110.112109897119 14459.642780494583 c
3110.112109897119 14459.642780494583 3281.593058248319 14146.454157056214 c
3281.593058248319 14146.454157056214 3464.753563320493 13835.193877262675 c
3480.809326265232 13761.66431675117 3475.753563320493 13958.924241496443 c
3475.753563320493 13958.924241496443 4138.01679855323 13968.734606565698 c
4138.01679855323 13968.734606565698 4804.589706215107 13988.351861563075 c
4804.589706215107 13988.351861563075 5183.603742899244 13791.16844596366 d
5183.603742899244 13791.16844596366 5293.12466282705 14562.621791554635 c
5293.12466282705 14562.621791554635 5394.636278931631 15324.799599048962 c
5394.636278931631 15324.799599048962 5602.702552908095 15291.409739214654 c
5602.702552908095 15291.409739214654 5811.69092976164 15265.77182200475 c
5913.45416474191 15337.79959904896 5811.69092976164 15265.77182200475 d
5913.45416474191 15337.79959904896 5675.5830462067 15590.49617377089 c
5675.5830462067 15590.49617377089 6339.907031207211 16091.800371652695 c
6339.907031207211 16091.800371652695 6520.332564731129 15897.514293949102 c
6520.332564731129 15897.514293949102 5913.45416474191 15337.79959904896 c
5811.69092976164 15265.77182200475 6298.527905200548 14410.241741957236 c
6298.527905200548 14410.241741957236 6793.29895302901 14771.133171294232 d
6793.29895302901 14771.133171294232 6996.202328486336 14818.29404708262 c
6996.202328486336 14818.29404708262 7210.203730754067 14856.041824400018 c
7210.203730754067 14856.041824400018 7342.920866239267 14212.745173985366 c
7342.920866239267 14212.745173985366 7492.694960781138 14388.896892406021 d
7492.694960781138 14388.896892406021 8184.634385546899 15203.62075485814 c
8184.634385546899 15203.62075485814 8318.750308560706 15337.79959904896 d
8318.750308560706 15337.79959904896 6532.33256473113 16571.008012121863 c
6532.33256473113 16571.008012121863 6536.021106273147 16646.20158158011 c
6536.021106273147 16646.20158158011 8269.784849963897 16701.691779602108 c
8330.750308560706 16193.681625157806 8269.784849963897 16701.691779602108 d
8330.750308560706 16193.681625157806 9342.416196184406 17335.74692550734 c
9342.416196184406 17335.74692550734 10300.141741685666 16478.254449067288 c
10300.141741685666 16478.254449067288 9279.929393516586 15337.79959904896 c
9279.929393516586 15337.79959904896 8330.750308560706 16193.681625157806 c
8269.784849963897 16701.691779602108 8318.750308560706 15337.79959904896 c
8184.634385546899 15203.62075485814 9160.096414454736 14381.083646079058 c
9160.096414454736 14381.083646079058 8464.13257150523 13568.384833500639 c
8464.13257150523 13568.384833500639 7492.694960781138 14388.896892406021 c
7342.920866239267 14212.745173985366 7484.694960781139 13568.384833500639 c
7484.694960781139 13568.384833500639 7142.237790390079 14171.379314066415 c
7142.237790390079 14171.379314066415 6793.29895302901 14771.133171294232 c
6298.527905200548 14410.241741957236 6784.29895302901 13568.384833500639 c
6571.119173478546 13561.384833500637 6784.29895302901 13568.384833500639 d
6571.119173478546 13561.384833500637 6854.136353359243 12819.973649642801 c
6854.136353359243 12819.973649642801 7142.732450459666 12078.439904010891 c
7142.732450459666 12078.439904010891 7676.285470105496 11656.127377198867 d
7259.907693430763 12356.525324672013 7367.048926268211 12952.401922431223 c
7367.048926268211 12952.401922431223 7881.3430803318815 12856.390108849879 c
7881.3430803318815 12856.390108849879 8397.885487686513 12765.738323359736 c
8409.885487686513 12938.944481497088 8397.885487686513 12765.738323359736 d
8409.885487686513 12938.944481497088 9496.62753772851 13374.213950323496 c
9496.62753772851 13374.213950323496 10084.026564054657 11900.846055258347 c
10084.026564054657 11900.846055258347 9246.749197102907 11561.68251257201 c
9246.749197102907 11561.68251257201 8409.885487686513 12938.944481497088 c
8397.885487686513 12765.738323359736 8293.957075427417 12164.674688235353 c
8293.957075427417 12164.674688235353 8206.596254052922 11561.68251257201 c
8206.596254052922 11561.68251257201 7676.285470105496 11656.127377198867 c
7676.285470105496 11656.127377198867 7149.732450459666 11758.09191433254 c
7149.732450459666 11758.09191433254 7259.907693430763 12356.525324672013 c
7142.732450459666 12078.439904010891 6473.889153591617 11822.822515910104 c
6473.889153591617 11822.822515910104 5813.467397644179 11561.68251257201 c
5813.467397644179 11561.68251257201 5525.646375288079 12308.00586507115 c
5525.646375288079 12308.00586507115 5235.5462395828645 13047.49367569534 c
5235.5462395828645 13047.49367569534 5903.91039977627 13302.178010486354 c
5903.91039977627 13302.178010486354 6571.119173478546 13561.384833500637 c
6784.29895302901 13568.384833500639 5980.019186292958 13681.01943185175 c
5980.019186292958 13681.01943185175 5183.603742899244 13791.16844596366 c
4804.589706215107 13988.351861563075 4809.816866323193 13793.58488564325 c
4809.816866323193 13793.58488564325 4813.054352009429 13597.541465081571 c
4819.054352009429 13643.410128890546 4813.054352009429 13597.541465081571 d
4819.054352009429 13643.410128890546 4995.483832405752 14358.261817701441 c
4995.483832405752 14358.261817701441 5177.603742899244 15060.970803894095 c
5177.603742899244 15060.970803894095 5049.248171490688 15337.79959904896 d
5049.248171490688 15337.79959904896 4169.889955812905 15370.711565502399 c
5054.248171490688 15337.79959904896 5049.248171490688 15337.79959904896 d
5054.248171490688 15337.79959904896 5445.781979954963 15946.163290944036 c
5445.781979954963 15946.163290944036 5549.139705749962 15873.832173258163 c
5549.139705749962 15873.832173258163 5660.583046206699 15809.279407263231 c
5660.583046206699 15809.279407263231 5366.408619109852 15572.275428034727 c
5366.408619109852 15572.275428034727 5054.248171490688 15337.79959904896 c
4169.889955812905 15370.711565502399 4228.348881423531 16943.996951732148 c
4228.348881423531 16943.996951732148 3997.420688365001 17341.74692550734 d
3997.420688365001 17341.74692550734 3399.2912069535746 17659.64463433411 c
4002.420688365001 17407.77628449521 3997.420688365001 17341.74692550734 d
4002.420688365001 17407.77628449521 4440.882837869416 18934.56501969858 c
4440.882837869416 18934.56501969858 4690.457523422714 18863.943192611398 c
4690.457523422714 18863.943192611398 4249.8247157666965 17341.74692550734 c
4704.457523422714 17375.3041464098 4249.8247157666965 17341.74692550734 d
4704.457523422714 17375.3041464098 5202.111963689753 17584.104097167707 c
5202.111963689753 17584.104097167707 5697.784458935671 17790.77099529863 c
5697.784458935671 17790.77099529863 5772.72117263724 17608.028936649276 c
5772.72117263724 17608.028936649276 5850.43310908071 17432.52734861119 c
5850.43310908071 17432.52734861119 5754.2475113141945 17383.56271167633 c
5754.2475113141945 17383.56271167633 5651.336817938724 17341.74692550734 c
5651.336817938724 17341.74692550734 5176.71937193396 17360.363140580223 c
5176.71937193396 17360.363140580223 4704.457523422714 17375.3041464098 c
4249.8247157666965 17341.74692550734 4002.420688365001 17407.77628449521 c
3328.287957812571 17341.74692550734 3399.2912069535746 17659.64463433411 d
3219.22523209986 17790.365808658404 3328.287957812571 17341.74692550734 c
3328.287957812571 17341.74692550734 2555.1270421547147 17356.56950966892 c
2555.1270421547147 17356.56950966892 2495.097512234245 17619.83496863631 c
2495.097512234245 17619.83496863631 2462.166702382515 17690.2080941752 d
2462.166702382515 17690.2080941752 2447.657635321468 17341.74692550734 c
2558.214129969946 16896.708948470012 2447.657635321468 17341.74692550734 d
2558.214129969946 16896.708948470012 1963.528759943879 15337.79959904896 c
1963.528759943879 15337.79959904896 1697.0222675290645 15507.802460045354 c
1697.0222675290645 15507.802460045354 2558.214129969946 16896.708948470012 c
2447.657635321468 17341.74692550734 1952.7221012054406 17695.945613715685 c
1403.76338068111 17381.485952217965 1952.7221012054406 17695.945613715685 d
1454.4672757648545 17415.454386401274 1403.76338068111 17381.485952217965 c
1403.76338068111 17381.485952217965 1347.2733493922108 17341.74692550734 c
1347.2733493922108 17341.74692550734 1054.7572239651022 17794.021139377925 c
1054.7572239651022 17794.021139377925 761.0172683712927 18233.54886569417 c
761.0172683712927 18233.54886569417 605.8830698789916 17984.44663439963 d
605.8830698789916 17984.44663439963 753.0172683712926 17477.017850617984 c
753.0172683712926 17477.017850617984 524.6321325439698 17406.092503355456 c
611.8010626480309 17043.460349921323 524.6321325439698 17406.092503355456 d
611.8010626480309 17043.460349921323 1689.0222675290645 16448.59557243722 c
1689.0222675290645 16448.59557243722 1076.436290921974 15337.799599048958 c
1076.436290921974 15337.799599048958 0.0 15933.08581745363 c
0.0 15933.08581745363 611.8010626480309 17043.460349921323 c
524.6321325439698 17406.092503355456 289.1395945749284 17341.74692550734 c
289.1395945749284 17341.74692550734 145.5287981778676 17840.818622111376 c
145.5287981778676 17840.818622111376 0.0 18337.695143337638 c
0.0 18337.695143337638 228.40357049041086 18418.251977237596 c
228.40357049041086 18418.251977237596 459.93399142614476 18495.530967961884 c
459.93399142614476 18495.530967961884 605.8830698789916 17984.44663439963 c
761.0172683712927 18233.54886569417 1111.774761493553 17821.37342656305 c
1111.774761493553 17821.37342656305 1454.4672757648545 17415.454386401274 c
1952.7221012054406 17695.945613715685 1459.4672757648545 18047.411876703045 c
1459.4672757648545 18047.411876703045 2484.097512234245 18042.101177661334 c
2484.097512234245 18042.101177661334 2462.166702382515 17690.2080941752 c
2495.097512234245 17619.83496863631 3219.22523209986 17790.365808658404 c
3399.2912069535746 17659.64463433411 3334.287957812571 17956.413326836744 c
3334.287957812571 17956.413326836744 3819.8930039156885 18072.379634053832 c
3819.8930039156885 18072.379634053832 3997.420688365001 17341.74692550734 c
3860.8714550889745 16681.80649234044 4228.348881423531 16943.996951732148 d
3860.8714550889745 16681.80649234044 4160.889955812905 16433.148074794914 c
4160.889955812905 16433.148074794914 3700.1481495961216 15891.42648177212 c
3700.1481495961216 15891.42648177212 3244.8293087059956 15337.79959904896 c
3244.8293087059956 15337.79959904896 2563.214129969946 15912.194217363476 c
2563.214129969946 15912.194217363476 3063.815064839124 16425.82196804579 c
3063.815064839124 16425.82196804579 3566.562561700971 16938.942125879552 c
3566.562561700971 16938.942125879552 3860.8714550889745 16681.80649234044 c
4228.348881423531 16943.996951732148 5049.248171490688 15337.79959904896 c
5177.603742899244 15060.970803894095 5142.630128069653 14321.894014858062 c
5142.630128069653 14321.894014858062 5116.253456379362 13568.384833500639 c
5116.253456379362 13568.384833500639 4975.098881621758 13611.58262522899 c
4975.098881621758 13611.58262522899 4819.054352009429 13643.410128890546 c
4813.054352009429 13597.541465081571 4143.8171337151725 13587.038237430299 c
4083.107931529924 13441.120814891234 4143.8171337151725 13587.038237430299 d
4083.107931529924 13441.120814891234 4650.596846325739 12728.618545268933 c
4650.596846325739 12728.618545268933 5225.5462395828645 12025.934734518001 c
5225.5462395828645 12025.934734518001 5004.989115739614 11790.399016966 c
5004.989115739614 11790.399016966 4772.3370605824075 11561.68251257201 c
4772.3370605824075 11561.68251257201 4126.277750221077 12188.2177175916 c
4126.277750221077 12188.2177175916 3474.9500785926166 12818.336171066256 c
3474.9500785926166 12818.336171066256 3777.2009537286544 13130.912700547307 c
3777.2009537286544 13130.912700547307 4083.107931529924 13441.120814891234 c
4143.8171337151725 13587.038237430299 3477.4304033922217 13568.384833500639 c
3469.950078592617 13493.505294230132 3238.9749252670817 11561.68251257201 c
3238.9749252670817 11561.68251257201 3202.446219116157 11584.339518905925 c
2823.8349063947994 11667.747263304782 2612.680513148237 11611.964859752734 c
2612.680513148237 11611.964859752734 2410.7730714084123 11561.68251257201 c
2410.7730714084123 11561.68251257201 1831.2689856897732 11937.632839826758 c
1230.464611243177 11639.262887806573 1476.1047819031578 11551.68251257201 d
1230.464611243177 11639.262887806573 1215.184292792642 11561.68251257201 c
1215.184292792642 11561.68251257201 0.0 11925.285464070797 c
0.0 11925.285464070797 258.4211037358295 12805.517943639203 c
258.4211037358295 12805.517943639203 1230.464611243177 11639.262887806573 c
1476.1047819031578 11551.68251257201 1852.318966346269 10639.19702127786 c
1852.318966346269 10639.19702127786 2230.8127474746975 9728.941343979839 c
2239.8127474746975 9883.167242618358 3175.5805290769667 10289.713916134571 c
3175.5805290769667 10289.713916134571 4116.78251764385 10704.258838695268 c
4116.78251764385 10704.258838695268 4383.747534981255 10105.484763138757 c
4383.747534981255 10105.484763138757 4651.909068608405 9507.729013736862 c
3158.3245221317425 7948.266578387185 2386.017211208491 7499.004907140334 c
2386.017211208491 7499.004907140334 2246.8963059513762 9494.729013736862 c
2241.8963059513753 9419.207081467492 1937.1644673022895 8458.596291658449 c
1937.1644673022895 8458.596291658449 1627.9797537218337 7499.004907140334 c
1627.9797537218337 7499.004907140334 1512.746056473889 7509.916529027513 c
1512.746056473889 7509.916529027513 1404.6257405879796 7512.078430187391 c
1404.6257405879796 7512.078430187391 1466.8316967798419 8486.927524202827 c
1187.9692443479503 8737.011049604944 1392.6257405879796 7748.727955949364 c
1392.6257405879796 7748.727955949364 210.6966369288764 7499.004907140334 c
0.0 7415.7616703213325 657.4402102267859 7365.15934884683 c
657.4402102267859 7365.15934884683 1313.8956282493436 7308.162364153953 c
1313.8956282493436 7308.162364153953 1503.7933045117213 6734.944930504175 c
1503.7933045117213 6734.944930504175 1697.9282520963104 6161.169950130139 c
1774.2885448951502 6203.6023349945635 1842.6823074314207 6676.404376647305 c
1842.6823074314207 6676.404376647305 2155.0227759442723 6634.86519228233 c
2155.0227759442723 6634.86519228233 2459.4500189870196 6591.297622074071 c
2758.38164911748 6501.483101903812 3521.692019005851 5855.107094309317 c
3521.692019005851 5855.107094309317 3311.2732197271725 5612.206975546336 c
3306.2132882683572 5598.206975546336 3797.9811270108908 4762.4858163499475 c
3805.981127010891 4822.961640385038 4247.2061999129555 5487.191500095665 c
4247.2061999129555 5487.191500095665 4549.429867207908 5612.206975546336 d
4549.429867207908 5612.206975546336 3529.69201900585 7163.7075670276645 c
3521.1728020555 7499.004907140334 3529.69201900585 7163.7075670276645 d
3521.1728020555 7499.004907140334 3163.324522131742 8585.597572656841 c
3163.324522131742 8585.597572656841 4693.77609487491 9082.085285036886 c
4693.77609487491 9082.085285036886 5198.048924255319 9507.729013736862 d
5198.048924255319 9507.729013736862 4930.962531119407 9903.6931773313 c
4930.962531119407 9903.6931773313 4661.909068608405 10300.161966289546 c
4661.909068608405 10300.161966289546 4881.032639960532 10451.40493090086 c
4881.032639960532 10451.40493090086 5093.433361754759 10589.292289759584 c
5093.433361754759 10589.292289759584 5359.642526808313 10194.690235355376 c
5359.642526808313 10194.690235355376 5631.781010427668 9808.850637828136 c
5693.462243774528 9838.133122358593 5631.781010427668 9808.850637828136 d
5693.462243774528 9838.133122358593 5733.040158262355 10095.821087835662 c
5733.040158262355 10095.821087835662 5889.358207234206 9802.275294640445 c
5889.358207234206 9802.275294640445 6043.458507856766 9507.729013736862 c
6043.458507856766 9507.729013736862 5643.781010427668 9569.61104509531 c
5643.781010427668 9569.61104509531 6058.458507856765 9696.923256489023 d
6058.458507856765 9696.923256489023 6356.144291786529 10698.223098822406 c
6356.144291786529 10698.223098822406 7454.371325989451 10373.841549755896 c
7575.561818685249 10408.289009073043 7454.371325989451 10373.841549755896 d
7575.561818685249 10408.289009073043 8008.669740975937 10207.751520237607 c
8008.669740975937 10207.751520237607 8431.163457355815 10001.414187303768 c
8431.163457355815 10001.414187303768 8629.512953416355 9762.865621089286 c
8629.512953416355 9762.865621089286 8831.40175252414 9507.729013736862 c
8805.943413653602 9174.86751299835 8831.40175252414 9507.729013736862 d
8805.943413653602 9174.86751299835 9168.50648894783 8438.657145515444 c
9168.50648894783 8438.657145515444 7241.491426454982 7499.004907140334 c
7731.079466314266 7054.09234768623 7241.491426454982 7499.004907140334 d
7376.709758420175 7034.203551977872 7731.079466314266 7054.09234768623 c
7731.079466314266 7054.09234768623 8076.818567521473 7059.582240019399 c
8076.818567521473 7059.582240019399 8105.699026395055 6351.495849184221 c
8105.699026395055 6351.495849184221 8133.2223172131435 5641.164802230569 c
8144.2223172131435 5612.206975546336 8133.2223172131435 5641.164802230569 d
8144.2223172131435 5612.206975546336 8677.282008744593 5911.620146323131 c
8677.282008744593 5911.620146323131 8732.552212428676 5817.794812667922 c
8784.440407396198 5850.519564453065 8732.552212428676 5817.794812667922 d
8784.440407396198 5850.519564453065 9993.109328327215 5919.030450797402 c
9993.109328327215 5919.030450797402 10004.242562368596 5686.157451163742 c
10017.242562368596 5615.664378947254 10004.242562368596 5686.157451163742 d
10017.242562368596 5615.664378947254 10220.929778395517 6556.234728073196 c
10220.929778395517 6556.234728073196 10418.87309437447 7493.004907140334 c
10418.87309437447 7493.004907140334 10397.895690818354 6549.367166600421 c
10397.895690818354 6549.367166600421 10376.01605594045 5613.142649914264 c
10376.01605594045 5613.142649914264 10200.570877714865 5612.206975546336 c
10200.570877714865 5612.206975546336 10017.242562368596 5615.664378947254 c
10004.242562368596 5686.157451163742 8805.176416773691 5612.206975546336 c
8805.176416773691 5612.206975546336 8784.440407396198 5850.519564453065 c
8732.552212428676 5817.794812667922 8779.440407396198 5721.914110466244 c
8779.440407396198 5721.914110466244 8464.190087265995 5670.243760669882 c
8464.190087265995 5670.243760669882 8144.2223172131435 5612.206975546336 c
8133.2223172131435 5641.164802230569 7782.451676767223 5626.080457401506 c
7782.451676767223 5626.080457401506 7432.259514269971 5612.206975546336 c
7371.709758420175 5612.206975546336 7432.259514269971 5612.206975546336 d
7371.709758420175 5612.206975546336 6976.3300145390995 5775.720349619517 c
6976.3300145390995 5775.720349619517 6592.028211023311 5947.657287698023 c
6592.028211023311 5947.657287698023 6720.4559168335445 6246.073648723813 c
6720.4559168335445 6246.073648723813 6841.601263656464 6552.385969982758 c
6841.601263656464 6552.385969982758 7107.763680091746 6086.350347679271 c
7107.763680091746 6086.350347679271 7371.709758420175 5612.206975546336 c
7432.259514269971 5612.206975546336 7408.270778435728 6321.776231210593 c
7408.270778435728 6321.776231210593 7376.709758420175 7034.203551977872 c
7241.491426454982 7499.004907140334 7429.8890921664 8280.221315408715 c
7429.8890921664 8280.221315408715 7227.491426454981 8235.014636536838 d
7227.491426454981 8235.014636536838 6595.831230165142 7499.004907140334 c
6595.831230165142 7499.004907140334 6376.120076805581 7684.7963636971435 c
6376.120076805581 7684.7963636971435 6369.1200768055805 7499.004907140334 d
6369.1200768055805 7499.004907140334 5797.893908811282 7622.962539013418 c
5797.893908811282 7622.962539013418 5931.179160974329 8231.425115361439 c
5931.179160974329 8231.425115361439 5790.893908811282 8289.649674234304 d
5790.893908811282 8289.649674234304 5625.71087165587 7890.951966493103 c
5625.71087165587 7890.951966493103 5469.364809527659 7499.004907140334 c
5469.364809527659 7499.004907140334 5052.450829444369 7664.927316494805 c
5052.450829444369 7664.927316494805 5425.234102140707 7975.781551362323 c
5425.234102140707 7975.781551362323 5790.893908811282 8289.649674234304 c
5931.179160974329 8231.425115361439 6369.1200768055805 7499.004907140334 c
6376.120076805581 7684.7963636971435 6984.282361132611 8443.837803466378 c
6984.282361132611 8443.837803466378 7227.491426454981 8235.014636536838 c
7429.8890921664 8280.221315408715 8805.943413653602 9174.86751299835 c
8845.40175252414 9652.608670852795 8831.40175252414 9507.729013736862 d
8845.40175252414 9652.608670852795 10005.565411380636 10151.904720998658 c
10005.565411380636 10151.904720998658 10282.144256949385 9507.729013736862 c
10282.144256949385 9507.729013736862 8845.40175252414 9652.608670852795 c
8831.40175252414 9507.729013736862 8140.879725134364 9833.742056034456 c
8140.879725134364 9833.742056034456 7463.371325989452 10159.16030190619 c
7463.371325989452 10159.16030190619 7575.561818685249 10408.289009073043 c
7454.371325989451 10373.841549755896 6710.875644303957 9507.729013736862 c
6710.875644303957 9507.729013736862 6058.458507856765 9696.923256489023 c
5643.781010427668 9569.61104509531 5693.462243774528 9838.133122358593 c
5631.781010427668 9808.850637828136 5198.048924255319 9507.729013736862 c
4693.77609487491 9082.085285036886 5042.450829444369 8033.49572860664 c
5042.450829444369 8033.49572860664 3521.1728020555 7499.004907140334 c
3529.69201900585 7163.7075670276645 4819.1846574373 5895.631731267922 c
4819.1846574373 5895.631731267922 4861.705516879743 6101.586040032843 d
4861.705516879743 6101.586040032843 4843.684613079205 6124.37465073403 c
4843.684613079205 6124.37465073403 4827.1846574373 6133.7997616783405 c
4827.1846574373 6133.7997616783405 4890.027262071882 6203.13547837643 c
4890.027262071882 6203.13547837643 4945.946434342926 6282.355055813041 c
4945.946434342926 6282.355055813041 5389.668731006675 5941.454361350583 c
5389.668731006675 5941.454361350583 5832.291625154396 5612.206975546336 c
5845.291625154396 5757.556194095663 5832.291625154396 5612.206975546336 d
5845.291625154396 5757.556194095663 6347.470462722834 6621.834970776814 c
6347.470462722834 6621.834970776814 6586.028211023311 6483.014446510244 c
6586.028211023311 6483.014446510244 6087.756321535557 5612.206975546336 c
6087.756321535557 5612.206975546336 5845.291625154396 5757.556194095663 c
5832.291625154396 5612.206975546336 5352.2366975020705 5859.008885894686 c
5352.2366975020705 5859.008885894686 4861.705516879743 6101.586040032843 c
4819.1846574373 5895.631731267922 4549.429867207908 5612.206975546336 c
4247.2061999129555 5487.191500095665 5453.702718502031 4689.906606454173 c
5453.702718502031 4689.906606454173 5387.667938434954 3771.9539256243097 c
5460.702718502031 3771.9539256243097 5656.253434279908 4166.215221127201 c
5656.253434279908 4166.215221127201 5846.492583367022 4561.502262304966 c
5846.492583367022 4561.502262304966 6636.574959003261 4170.621279826289 c
6636.574959003261 4170.621279826289 7433.060097461137 3775.327906400538 c
7445.060097461137 4332.365828292273 7433.060097461137 3775.327906400538 d
7445.060097461137 4332.365828292273 7470.104432734466 4426.632473838788 c
7470.104432734466 4426.632473838788 8807.106890195917 4059.3873764733607 c
8807.106890195917 4059.3873764733607 8724.109545074314 3771.9539256243097 c
8724.109545074314 3771.9539256243097 7445.060097461137 4332.365828292273 c
7433.060097461137 3775.327906400538 6444.922195528292 3775.6824731431543 c
6262.6501724159825 3231.605154575634 6510.192341851822 3210.6859262851767 c
6510.192341851822 3210.6859262851767 6763.711807087531 3188.0944477573526 c
6763.711807087531 3188.0944477573526 6697.8512555423395 2462.8945059694133 c
6697.8512555423395 2462.8945059694133 6639.566131703869 1728.4564444995437 c
7044.254604814122 1728.4564444995437 7023.37907306947 1723.4564444995437 d
7044.254604814122 1728.4564444995437 6912.965537432677 1906.8311049746812 c
6912.965537432677 1906.8311049746812 6770.711807087532 2089.4800630008694 c
6770.711807087532 2089.4800630008694 7167.3425102511555 2395.6405946091095 c
7167.3425102511555 2395.6405946091095 7564.644613404238 2710.158340478611 c
7564.644613404238 2710.158340478611 7707.877824741515 2530.6314996948017 c
7707.877824741515 2530.6314996948017 7844.914050029324 2350.196622196469 c
7851.914050029324 2231.2185702852644 7844.914050029324 2350.196622196469 d
7851.914050029324 2231.2185702852644 8147.400353949891 2438.1524199388678 c
8147.400353949891 2438.1524199388678 8387.651689922475 2088.4996523335394 c
8401.651689922475 1913.7832310851095 8387.651689922475 2088.4996523335394 d
8401.651689922475 1913.7832310851095 8739.61641725876 2059.124873949505 c
8739.61641725876 2059.124873949505 9079.225333052003 2208.618005202242 c
9092.225333052003 2476.542246429164 9079.225333052003 2208.618005202242 d
9092.225333052003 2476.542246429164 9449.419969453425 2593.9278248959235 c
9449.419969453425 2593.9278248959235 9801.619404168538 2720.8977408012865 c
9801.619404168538 2720.8977408012865 10056.948726549235 2462.8703764197544 c
10056.948726549235 2462.8703764197544 10308.544652708279 2196.7256462579207 c
10308.544652708279 2196.7256462579207 10061.992799385382 1964.845664388765 c
10061.992799385382 1964.845664388765 9820.200362958787 1728.4564444995437 c
9820.200362958787 1728.4564444995437 9453.536934152089 2102.0381772100754 c
9453.536934152089 2102.0381772100754 9092.225333052003 2476.542246429164 c
9079.225333052003 2208.618005202242 8782.957458638619 1962.6735176103564 c
8782.957458638619 1962.6735176103564 8490.79484776661 1728.4564444995437 c
8490.79484776661 1728.4564444995437 8445.143040682393 1812.935299695343 c
8445.143040682393 1812.935299695343 8401.651689922475 1913.7832310851095 c
8387.651689922475 2088.4996523335394 8211.482661920594 1728.4564444995435 c
8211.482661920594 1728.4564444995435 7851.914050029324 2231.2185702852644 c
7844.914050029324 2350.196622196469 7448.132911980235 2038.9704979316298 c
7448.132911980235 2038.9704979316298 7044.254604814122 1728.4564444995437 c
7023.37907306947 1723.4564444995437 7776.675303344433 1190.3696519424504 c
7776.675303344433 1190.3696519424504 8530.193235106226 644.669538710507 c
8530.193235106226 644.669538710507 8527.985391552107 316.81580168164055 c
8543.193235106226 244.7707863959041 8527.985391552107 316.81580168164055 d
8543.193235106226 244.7707863959041 9141.034115814926 198.6373467661994 c
9141.034115814926 198.6373467661994 8636.511858488264 0.0 c
8636.511858488264 0.0 8543.193235106226 244.7707863959041 c
8527.985391552107 316.81580168164055 8515.993800570885 0.0 c
8515.993800570885 0.0 7750.146257453185 17.0582156186381 c
7750.146257453185 17.0582156186381 6992.820916744179 25.24360467077811 c
6982.820916744179 0.0 5805.751231294009 752.5851154115236 c
5454.189328576331 334.1516838133544 5621.217094141236 423.10177728402164 c
5621.217094141236 423.10177728402164 5712.808927133646 343.01501800795916 c
5712.808927133646 343.01501800795916 5797.751231294009 270.06646606651606 c
5797.751231294009 270.06646606651606 5684.353801440251 132.53273782845278 c
5684.353801440251 132.53273782845278 5570.077183503973 0.0 c
5570.077183503973 0.0 5428.927313375311 122.69017698912931 c
5428.927313375311 122.69017698912931 5283.688299908081 244.6491189416805 c
5245.002839090014 446.52487451085483 5008.954711763105 217.6428338465558 c
5008.954711763105 217.6428338465558 4761.811093598332 0.0 c
4761.811093598332 0.0 3384.0337230111486 242.81790620444787 c
3368.374577154357 228.51974398090016 1614.1560533573104 0.0 c
1125.9223362707855 364.8351108291806 639.0513378591436 0.0 c
639.0513378591436 0.0 319.8055201509601 74.21282302977875 c
319.8055201509601 74.21282302977875 0.0 146.57022607426757 c
31.547221784477074 139.43252863703827 0.0 0.0 d
