Processando arquivo: han_mod_pack.txt

Tempo de Inicio (hh:mm:ss.ms) 2026-04-26 15:03:22.189882
Tempo de Termino (hh:mm:ss.ms) 2026-04-26 15:03:22.980584
Tempo Total (hh:mm:ss.ms) 0:00:00.790702

Função Objetivo: 70.13954960177061

0.0 0.0 4.463658533471807 3.156205951202657 d
6.398955279797349 0.41921604303631277 0.0 9.468926924256916 c
0.0 9.468926924256916 2.3737377276541523 12.598288712723434 c
2.3737377276541523 12.598288712723434 7.788468724003565 13.51760700385201 c
7.788468724003565 13.51760700385201 18.199593744034015 18.13316857941558 c
17.75294806954635 18.13316857941558 18.199593744034015 18.13316857941558 d
17.75294806954635 18.13316857941558 14.688196579287704 18.391434340774843 c
14.688196579287704 18.391434340774843 12.726549551616008 24.944047716895078 c
12.726549551616008 24.944047716895078 7.808977851285748 23.035711880228018 c
7.808977851285748 23.035711880228018 9.541181724855834 23.65329291416142 c
9.541181724855834 23.65329291416142 3.9989214954407437 19.984580621109963 c
3.9989214954407437 19.984580621109963 4.4600693704864 24.090569746964345 c
4.4600693704864 24.090569746964345 0.0 34.5101915358953 c
0.0 34.5101915358953 4.470650773236152 33.10446843929975 c
4.470650773236152 33.10446843929975 1.0655715798531205 41.66112237979932 d
1.0655715798531205 41.66112237979932 0.0 44.601763767533704 c
0.0 44.601763767533704 1.0107533661780588 44.11717732004208 c
1.0107533661780588 44.11717732004208 0.6196181801922993 44.706594979336934 c
0.6196181801922993 44.706594979336934 2.2777021407474454 46.000701670004645 c
2.2777021407474454 46.000701670004645 10.609287240620185 47.51192059538914 c
10.609287240620185 47.51192059538914 19.271259660740036 41.66112237979932 d
19.271259660740036 41.66112237979932 10.609287240620187 58.505091181698575 c
10.609287240620187 58.505091181698575 19.30677520587135 67.099012111803 c
19.30677520587135 67.099012111803 26.377123026600948 67.099012111803 d
16.74746184704105 73.33956753690588 23.711893472430347 78.31462878537688 c
16.747461847041045 76.04339952353236 16.74746184704105 73.33956753690588 d
16.747461847041045 76.04339952353236 10.087163077088146 73.08692569402442 c
10.087163077088146 73.08692569402442 11.106305872884 67.099012111803 c
11.106305872884 67.099012111803 8.22718975465686 70.45820744568964 c
8.22718975465686 70.45820744568964 2.789514404860946 67.65024251544423 c
2.789514404860946 67.65024251544423 0.0 68.80590857931922 c
0.0 68.80590857931922 0.4580639578616641 74.84079582109851 c
0.4580639578616641 74.84079582109851 1.9414917139662518 80.74112656059839 c
1.9414917139662518 80.74112656059839 10.032286025903328 76.29678839958586 c
10.032286025903328 76.29678839958586 16.747461847041045 76.04339952353236 c
23.711893472430347 78.31462878537688 27.485643890293975 76.29366411067008 c
27.485643890293975 76.29366411067008 28.987795469071006 79.14662727555785 c
28.987795469071006 79.14662727555785 27.01932893697288 81.60746293740272 d
27.01932893697288 81.60746293740272 30.947018013302795 97.90272559448955 c
30.947018013302795 97.90272559448955 28.512209296882194 103.9641443107553 d
28.512209296882194 103.9641443107553 20.617533016679154 105.73282151488998 c
20.617533016679154 105.73282151488998 14.910385300464787 108.00377777653425 c
14.910385300464787 108.00377777653425 14.910385300464785 108.09260823434896 d
14.910385300464785 108.09260823434896 6.932424655672356 103.9641443107553 c
6.932424655672356 103.9641443107553 0.0 105.70587062703162 c
0.0 105.70587062703162 9.340092725541838 116.9480429627847 c
9.340092725541838 116.9480429627847 14.240116818904333 114.53505487508434 c
14.240116818904333 114.53505487508434 11.328005110320364 108.21234007018396 c
11.328005110320364 108.21234007018396 14.910385300464785 108.09260823434896 c
14.910385300464787 108.00377777653425 15.576054643563213 113.22450354900242 c
15.576054643563213 113.22450354900242 18.97350880543709 109.00685780806036 c
18.97350880543709 109.00685780806036 22.150093283742574 109.61262105742851 c
22.150093283742574 109.61262105742851 21.837290653561553 110.3445088442587 c
21.837290653561553 110.3445088442587 25.440160547533424 111.33648948524309 c
25.440160547533424 111.33648948524309 25.863422493836406 110.32073959910193 c
25.863422493836406 110.32073959910193 27.31627522674029 110.59779339645812 c
27.31627522674029 110.59779339645812 26.022942642514774 109.9379209349802 c
26.022942642514774 109.9379209349802 28.512209296882194 103.9641443107553 c
25.875870519914237 82.48613065248705 27.01932893697288 81.60746293740272 d
23.228211443601747 94.90779318421863 26.1908379548954 87.27891030075574 c
26.1908379548954 87.27891030075574 22.83436036624626 87.73231231773487 c
22.83436036624626 87.73231231773487 27.019328936972876 85.58854569918397 c
27.019328936972876 85.58854569918397 25.875870519914237 82.48613065248705 c
25.875870519914237 82.48613065248705 21.260594607862377 87.41881070470129 c
21.260594607862377 87.41881070470129 16.656199896579444 86.19204768799975 c
16.656199896579444 86.19204768799975 20.070394965728944 80.74112656059839 c
20.070394965728944 80.74112656059839 14.588130921720039 81.23111776209912 c
14.588130921720039 81.23111776209912 15.99145494496695 86.6155865230413 c
15.99145494496695 86.6155865230413 9.841057335979606 81.42997394278711 c
9.841057335979606 81.42997394278711 6.377997051969388 81.28188160456048 c
6.377997051969388 81.28188160456048 5.503706597707424 83.93736503356585 c
5.503706597707424 83.93736503356585 7.5044773918065175 93.62207492509158 c
7.5044773918065175 93.62207492509158 0.0 96.08440975758468 c
0.0 96.08440975758468 7.366249278381467 97.91123475059041 c
7.366249278381467 97.91123475059041 9.610254533034695 102.44489567989896 c
9.610254533034695 102.44489567989896 20.25074682882151 103.96414431075532 c
20.25074682882151 103.96414431075532 12.059206325010486 101.75404536406141 c
12.059206325010486 101.75404536406141 20.428602060536186 94.06437981785076 c
20.428602060536186 94.06437981785076 23.15865393129028 100.21523386524487 c
23.15865393129028 100.21523386524487 23.228211443601747 94.90779318421863 c
30.947018013302795 97.90272559448955 42.334729898556596 95.02103904876131 c
43.3250202939016 94.20292363550955 42.334729898556596 95.02103904876131 d
43.3250202939016 94.20292363550955 51.364128786593156 101.02427264909852 c
51.364128786593156 101.02427264909852 53.77510294423912 99.39235074969669 c
53.77510294423912 99.39235074969669 57.812224708958304 92.40451802782337 c
57.812224708958304 92.40451802782337 48.70256814647651 88.92479663508516 c
48.70256814647651 88.92479663508516 56.38002024683321 88.28149305083716 c
57.81222470895831 86.98168198570126 56.38002024683321 88.28149305083716 d
57.81222470895831 86.98168198570126 64.7766563343476 91.95674323417227 c
64.7766563343476 91.95674323417227 68.55040675221123 89.93577855946546 c
68.55040675221123 89.93577855946546 70.05255833098826 92.78874172435323 c
70.05255833098826 92.78874172435323 72.04348390876393 87.48446679454504 c
72.04348390876393 87.48446679454504 79.4977303589943 86.38237251461474 c
79.4977303589943 86.38237251461474 75.91233019092294 83.1893301308137 c
75.91233019092294 83.1893301308137 74.20598097958741 83.99607641126707 c
74.20598097958741 83.99607641126707 74.58411773820758 82.24374857367722 c
74.58411773820758 82.24374857367722 73.11738494219375 84.34537405839825 c
73.11738494219375 84.34537405839825 67.4418858885182 80.74112656059839 c
67.4418858885182 80.74112656059839 57.81222470895831 86.98168198570126 c
56.38002024683321 88.28149305083716 46.80648528849043 80.74112656059839 c
47.271722074089524 79.14045407781211 46.80648528849043 80.74112656059839 d
47.271722074089524 79.14045407781211 56.1122683463235 78.25583845485498 c
56.1122683463235 78.25583845485498 53.51079759006131 74.0604301089404 c
53.51079759006131 74.0604301089404 54.27504950032143 72.40462089549919 c
54.27504950032143 72.40462089549919 50.11156367018403 67.099012111803 c
50.11156367018403 67.099012111803 51.64504162490632 69.97458750822838 c
51.64504162490632 69.97458750822838 46.276321411131356 73.24537023937748 c
44.628247164625435 74.8599012455344 46.276321411131356 73.24537023937748 d
44.628247164625435 74.8599012455344 46.27632141113136 67.099012111803 c
46.27632141113136 67.099012111803 38.432967497077044 69.18725320535054 c
38.432967497077044 69.18725320535054 44.628247164625435 74.8599012455344 c
46.276321411131356 73.24537023937748 47.271722074089524 79.14045407781211 c
46.80648528849043 80.74112656059839 44.96594116521166 82.60037245325294 c
44.96594116521166 82.60037245325294 43.3250202939016 94.20292363550955 c
42.334729898556596 95.02103904876131 43.32502029390161 80.74112656059839 c
43.32502029390161 80.74112656059839 27.01932893697288 81.60746293740272 c
28.987795469071006 79.14662727555785 30.978721046846672 73.84235234574966 c
30.978721046846672 73.84235234574966 38.432967497077044 72.74025806581936 c
38.432967497077044 72.74025806581936 34.847567329005685 69.54721568201832 c
34.847567329005685 69.54721568201832 33.14121811767015 70.35396196247169 c
33.14121811767015 70.35396196247169 33.519354876290315 68.60163412488184 c
33.519354876290315 68.60163412488184 32.052622080276485 70.70325960960287 c
32.052622080276485 70.70325960960287 26.377123026600948 67.099012111803 c
26.377123026600948 67.099012111803 16.74746184704105 73.33956753690588 c
19.30677520587135 67.099012111803 28.02170735209211 57.838295078047715 c
28.02170735209211 57.838295078047715 30.345773617097656 58.34845489165399 c
30.345773617097656 58.34845489165399 35.283953140506874 53.713133462450934 d
35.283953140506874 53.713133462450934 39.04915487647883 58.504098071256664 c
39.04915487647883 58.504098071256664 44.94440036497457 50.60756985306444 c
44.94440036497457 49.09668519956583 44.94440036497457 50.60756985306444 d
44.94440036497457 49.09668519956583 58.325934709160336 63.264094034229075 c
58.325934709160336 63.264094034229075 67.7803745746823 58.68529156403579 c
67.7803745746823 58.68529156403579 57.669296713291615 41.66112237979932 c
57.669296713291615 41.66112237979932 44.94440036497457 49.09668519956583 c
44.94440036497457 50.60756985306444 42.056705269701865 50.49781332156361 c
42.056705269701865 50.49781332156361 44.32405375852578 43.47074483068056 c
44.32405375852578 43.47074483068056 33.94003897168991 46.53402601032969 c
33.94003897168991 46.53402601032969 36.40484812999108 45.73441705165363 c
36.40484812999108 45.73441705165363 38.92523629468386 41.66112237979932 c
38.92523629468386 41.66112237979932 30.345773617097652 44.6602799188095 c
30.345773617097652 44.6602799188095 35.283953140506874 53.713133462450934 c
30.345773617097656 58.34845489165399 19.271259660740036 41.66112237979932 c
10.609287240620185 47.51192059538914 3.8264090671696676 43.353660550307524 c
3.8264090671696676 43.353660550307524 2.315126237746778 44.5122959374327 c
2.315126237746778 44.5122959374327 2.0520364030034903 43.617954003520744 c
2.0520364030034903 43.617954003520744 3.292383531809013 43.02627489042121 c
3.292383531809013 43.02627489042121 2.1851255575560877 42.34746768259667 c
2.1851255575560877 42.34746768259667 1.8339648317705128 42.87664618773978 c
1.8339648317705128 42.87664618773978 1.5667820163114587 41.96839066308656 c
1.5667820163114587 41.96839066308656 1.0655715798531205 41.66112237979932 c
4.470650773236152 33.10446843929975 12.812787547806957 32.08194039369157 c
12.812787547806957 32.08194039369157 12.987109154971519 31.539094851633877 c
12.987109154971519 31.539094851633877 8.58399787192258 28.79114165439543 c
8.58399787192258 28.79114165439543 26.47516288237614 25.195603680392892 c
26.475162882376136 24.373724004518458 26.47516288237614 25.195603680392892 d
26.475162882376136 24.373724004518458 33.439594507765435 29.34878525298947 c
33.439594507765435 29.34878525298947 37.21334492562906 27.32782057828266 c
37.21334492562906 27.32782057828266 38.71549650440609 30.180783743170423 c
38.71549650440609 30.180783743170423 40.70642208218176 24.87650881336224 c
40.70642208218176 24.87650881336224 48.82633787551055 27.3935278176627 d
48.16066853241213 22.17280204519453 48.82633787551055 27.3935278176627 c
48.82633787551055 27.3935278176627 52.22379203738443 23.175882076720633 c
52.22379203738443 23.175882076720633 55.40037651568992 23.781645326088785 c
55.40037651568992 23.781645326088785 55.087573885508895 24.513533112918978 c
55.087573885508895 24.513533112918978 58.690443779480766 25.505513753903365 c
58.690443779480766 25.505513753903365 59.113705725783745 24.489763867762207 c
59.113705725783745 24.489763867762207 60.56655845868763 24.766817665118396 c
60.56655845868763 24.766817665118396 59.27322587446212 24.10694520364047 c
59.27322587446212 24.10694520364047 61.76249252882953 18.13316857941558 c
61.76249252882954 18.13316857941558 61.76249252882953 18.13316857941558 d
61.76249252882954 18.13316857941558 66.45733622515668 33.26513110955431 c
66.45733622515668 33.26513110955431 71.06784840416515 31.768960040457348 c
71.06784840416515 31.768960040457348 70.76582160482137 39.67352645189907 c
70.76582160482137 39.67352645189907 67.6122420468473 41.66112237979932 c
67.6122420468473 41.66112237979932 76.73418682276436 38.65346523571803 c
76.73418682276436 38.65346523571803 71.65520020421167 28.728498990557426 c
71.65520020421167 28.728498990557426 70.26284448870267 23.63123469804779 c
70.26284448870267 23.63123469804779 64.47835668971693 24.073540662725428 c
64.47835668971693 24.073540662725428 67.63658544681306 19.663996881561772 c
67.63658544681306 19.663996881561772 61.76249252882954 18.13316857941558 c
61.76249252882953 18.13316857941558 53.8678162486265 19.901845783550247 c
53.8678162486265 19.901845783550247 48.16066853241213 22.17280204519453 c
40.70642208218176 24.87650881336224 48.16066853241213 23.774414533431944 c
48.16066853241213 23.774414533431944 44.57526836434077 20.581372149630898 c
44.57526836434077 20.581372149630898 42.86891915300524 21.388118430084276 c
42.86891915300524 21.388118430084276 43.2470559116254 19.635790592494423 c
43.2470559116254 19.635790592494423 41.78032311561157 21.737416077215443 c
41.78032311561157 21.737416077215443 36.104824061936036 18.13316857941558 c
36.104824061936036 18.13316857941558 26.475162882376136 24.373724004518458 c
26.47516288237614 25.195603680392892 24.246855396987975 20.130436945383288 c
24.246855396987975 20.130436945383288 20.71605731966654 21.605179458800436 c
20.71605731966654 21.605179458800436 17.75294806954635 18.13316857941558 c
18.199593744034015 18.13316857941558 17.934039760225016 7.865572551430889 c
17.934039760225016 7.865572551430889 13.346888524997935 2.9147211800386543 c
13.346888524997935 2.9147211800386543 17.362387085272157 0.6283236492710778 c
18.798153867244704 0.2733984992910212 17.362387085272157 0.6283236492710778 d
18.798153867244704 0.2733984992910212 18.917640785788507 3.4415181933666332 c
18.917640785788507 3.4415181933666332 18.199593744034015 4.526403530053962 c
18.199593744034015 4.526403530053962 18.981634633824072 5.138274396739959 c
18.981634633824072 5.138274396739959 19.154252230156906 9.715120240208282 c
19.154252230156906 9.715120240208282 19.05971692598991 5.199366189258848 c
19.05971692598991 5.199366189258848 21.437074354569507 7.059416947778518 c
21.437074354569507 7.059416947778518 26.921077811418996 7.7996678308153164 c
26.921077811418996 7.7996678308153164 29.62930588632694 0.0 c
29.62930588632694 0.0 37.51289005500861 2.623802737110551 d
37.51289005500861 2.623802737110551 42.9313017478747 6.771856471306644 c
42.9313017478747 6.771856471306644 43.455518952940835 10.010502579794185 c
43.455518952940835 10.010502579794185 48.446706663745054 3.139885490217993 c
48.446706663745054 3.139885490217993 56.110448974833574 3.1687416050913244 c
59.77911159723848 0.47256254895492766 56.110448974833574 3.1687416050913244 d
59.77911159723848 0.47256254895492766 56.110448974833574 9.653725443984204 c
56.110448974833574 9.653725443984204 59.77484526042916 7.946431326196721 c
59.77484526042916 7.946431326196721 67.52676019477049 0.0 c
67.52676019477049 0.0 59.77911159723848 0.47256254895492766 c
56.110448974833574 3.1687416050913244 43.81450202074003 0.0 c
43.81450202074003 0.0 37.51289005500861 2.623802737110551 c
32.139999727184666 1.9422827731256271 29.62930588632694 0.0 d
32.139999727184666 1.9422827731256271 32.67981990290868 2.605258088341796 c
32.67981990290868 2.605258088341796 29.629305886326936 6.607249994077517 c
29.629305886326936 6.607249994077517 30.413911357338876 7.605553176196093 c
30.413911357338876 7.605553176196093 37.51289005500861 9.71757348145583 c
37.51289005500861 9.71757348145583 33.47172561933938 0.0 c
33.47172561933938 0.0 32.139999727184666 1.9422827731256271 c
29.62930588632694 0.0 22.67439797424661 1.532054318890161 c
22.67439797424661 1.532054318890161 23.63504615896346 3.9624057523662213 c
23.63504615896346 3.9624057523662213 18.798153867244704 0.2733984992910212 c
17.362387085272157 0.6283236492710778 10.646289000113192 0.0 c
10.646289000113192 0.0 10.794563357940175 0.5030543064081563 c
10.794563357940175 0.5030543064081563 6.398955279797349 0.41921604303631277 c
4.463658533471807 3.156205951202657 0.0 0.0 d
