Processando arquivo: han_pack.txt

Tempo de Inicio (hh:mm:ss.ms) 2026-04-26 15:02:11.561387
Tempo de Termino (hh:mm:ss.ms) 2026-04-26 15:02:12.266927
Tempo Total (hh:mm:ss.ms) 0:00:00.705540

Função Objetivo: 53.42999999999996

0.0 0.0 3.0 3.0 d
1.0 5.0 5.0 1.0 c
5.0 1.0 9.0 0.0 c
9.0 0.0 13.0 1.0 c
13.0 1.0 17.0 5.0 c
17.0 5.0 18.0 7.0 d
18.0 7.0 24.0 0.0 c
24.0 0.0 24.0 2.0 c
24.0 2.0 29.0 2.0 c
29.0 2.0 29.0 0.0 c
29.0 0.0 41.0 0.0 c
41.0 0.0 46.0 0.0 c
46.0 0.0 47.0 2.0 c
47.0 2.0 47.0 3.0 c
47.0 3.0 44.0 3.0 c
44.0 3.0 44.0 6.0 c
44.0 6.0 49.0 6.0 c
49.0 6.0 49.0 11.0 c
49.0 11.0 41.0 11.0 c
41.0 11.0 41.0 0.0 c
41.0 0.0 38.0 3.0 c
38.0 3.0 38.0 5.0 c
38.0 5.0 26.0 10.0 c
26.0 10.0 26.0 15.0 c
26.0 15.0 23.0 15.0 c
23.0 15.0 18.0 7.0 c
17.0 5.0 18.0 9.0 c
18.0 9.0 17.0 13.0 c
17.0 13.0 13.0 17.0 c
13.0 17.0 9.0 18.0 c
9.0 18.0 11.0 18.0 d
11.0 18.0 15.0 23.0 c
15.0 23.0 15.0 18.0 c
15.0 18.0 20.0 18.0 c
20.0 18.0 21.0 20.0 c
21.0 20.0 21.0 21.0 c
21.0 21.0 18.0 21.0 c
18.0 21.0 18.0 24.0 c
18.0 24.0 23.0 24.0 c
23.0 24.0 23.0 26.0 c
23.0 26.0 29.0 26.0 c
29.0 26.0 29.0 18.0 c
29.0 18.0 38.0 18.0 c
38.0 18.0 49.0 18.0 c
49.0 18.0 38.0 28.0 c
38.0 28.0 38.0 18.0 c
38.0 18.0 38.0 28.0 d
38.0 28.0 38.0 30.0 c
38.0 30.0 23.0 30.0 c
23.0 30.0 23.0 29.0 c
23.0 29.0 23.0 26.0 c
23.0 26.0 23.0 29.0 d
23.0 29.0 15.0 29.0 c
15.0 29.0 15.0 23.0 c
15.0 23.0 12.0 28.0 c
12.0 28.0 12.0 31.0 c
12.0 31.0 11.0 31.0 c
11.0 31.0 3.0 31.0 c
3.0 31.0 5.0 34.0 c
5.0 34.0 8.0 37.0 c
8.0 37.0 11.0 37.0 c
11.0 37.0 11.0 31.0 c
11.0 31.0 12.0 31.0 d
12.0 31.0 21.0 31.0 c
21.0 31.0 29.0 31.0 c
29.0 31.0 34.0 31.0 c
34.0 31.0 41.0 38.0 c
41.0 38.0 41.0 39.0 c
41.0 39.0 41.0 40.0 d
41.0 39.0 41.0 38.0 d
41.0 38.0 41.0 37.0 c
41.0 37.0 43.0 34.0 c
43.0 34.0 46.0 31.0 c
46.0 31.0 48.0 31.0 c
48.0 31.0 53.0 31.0 c
53.0 31.0 53.0 37.0 c
53.0 37.0 48.0 37.0 c
48.0 37.0 48.0 31.0 c
48.0 31.0 45.0 34.0 c
45.0 34.0 43.0 37.0 c
43.0 37.0 43.0 40.0 c
43.0 40.0 45.0 43.0 c
45.0 43.0 48.0 46.0 c
48.0 46.0 46.0 46.0 c
46.0 46.0 43.0 43.0 c
43.0 43.0 41.0 40.0 c
41.0 40.0 41.0 39.0 d
41.0 39.0 29.0 39.0 c
29.0 39.0 29.0 31.0 c
29.0 31.0 29.0 39.0 d
29.0 39.0 29.0 48.0 c
29.0 48.0 36.0 48.0 c
36.0 48.0 36.0 53.0 c
36.0 53.0 40.0 48.0 c
40.0 48.0 42.0 48.0 c
42.0 48.0 47.0 48.0 c
47.0 48.0 48.0 50.0 c
48.0 50.0 48.0 51.0 c
48.0 51.0 45.0 51.0 c
45.0 51.0 45.0 54.0 c
45.0 54.0 50.0 54.0 c
50.0 54.0 50.0 59.0 c
50.0 59.0 42.0 59.0 c
42.0 59.0 42.0 58.0 c
42.0 58.0 42.0 48.0 c
42.0 48.0 38.0 53.0 c
38.0 53.0 42.0 58.0 c
42.0 58.0 40.0 58.0 c
40.0 58.0 36.0 53.0 c
36.0 53.0 36.0 61.0 c
36.0 61.0 23.0 61.0 c
23.0 61.0 23.0 59.0 c
23.0 59.0 33.0 59.0 c
33.0 59.0 33.0 51.0 c
33.0 51.0 19.0 51.0 c
19.0 51.0 17.0 61.0 c
17.0 61.0 17.0 57.0 c
17.0 57.0 15.0 59.0 c
15.0 59.0 11.0 59.0 c
11.0 59.0 9.0 57.0 c
9.0 57.0 9.0 64.0 c
9.0 64.0 7.0 64.0 c
7.0 64.0 7.0 69.0 c
7.0 69.0 7.0 64.0 d
7.0 64.0 9.0 64.0 d
9.0 64.0 12.0 64.0 c
12.0 64.0 19.0 71.0 c
19.0 72.0 19.0 71.0 d
19.0 71.0 19.0 64.0 c
19.0 64.0 24.0 64.0 c
24.0 64.0 24.0 76.0 c
24.0 76.0 26.0 75.0 c
26.0 75.0 27.0 72.0 c
27.0 72.0 30.0 72.0 c
30.0 72.0 35.0 64.0 c
35.0 64.0 41.0 64.0 c
41.0 64.0 41.0 69.0 c
41.0 69.0 39.0 69.0 c
39.0 69.0 39.0 72.0 c
39.0 72.0 41.0 72.0 c
41.0 72.0 41.0 74.0 c
41.0 74.0 38.0 74.0 c
38.0 74.0 27.0 79.0 c
27.0 79.0 24.0 76.0 c
24.0 76.0 24.0 77.0 c
24.0 77.0 19.0 77.0 c
19.0 77.0 19.0 72.0 c
19.0 72.0 19.0 71.0 d
19.0 71.0 19.0 72.0 d
19.0 72.0 7.0 72.0 c
7.0 72.0 7.0 69.0 c
7.0 69.0 0.0 69.0 c
0.0 69.0 0.0 64.0 c
0.0 64.0 5.0 64.0 c
5.0 64.0 7.0 64.0 c
7.0 64.0 5.0 64.0 d
5.0 64.0 5.0 55.0 c
5.0 55.0 3.0 53.0 c
3.0 53.0 3.0 56.0 c
3.0 56.0 1.0 61.0 c
1.0 61.0 0.0 61.0 c
0.0 61.0 0.0 57.0 c
0.0 57.0 2.0 57.0 c
2.0 57.0 2.0 52.0 c
2.0 52.0 0.0 52.0 c
0.0 52.0 0.0 48.0 c
0.0 48.0 1.0 48.0 c
1.0 48.0 3.0 53.0 c
3.0 53.0 3.0 48.0 c
3.0 48.0 9.0 48.0 c
9.0 48.0 9.0 50.0 c
9.0 50.0 9.0 57.0 c
9.0 57.0 9.0 50.0 d
9.0 50.0 11.0 48.0 c
11.0 48.0 15.0 48.0 c
15.0 48.0 17.0 50.0 c
17.0 50.0 17.0 57.0 c
17.0 57.0 17.0 50.0 d
17.0 50.0 17.0 48.0 c
17.0 48.0 21.0 48.0 c
21.0 48.0 29.0 48.0 c
29.0 48.0 21.0 48.0 d
21.0 48.0 21.0 44.0 c
21.0 44.0 21.0 31.0 c
21.0 31.0 21.0 44.0 d
21.0 44.0 11.0 44.0 c
11.0 44.0 11.0 39.0 c
11.0 39.0 11.0 37.0 c
11.0 37.0 11.0 39.0 d
11.0 39.0 0.0 39.0 c
0.0 39.0 0.0 33.0 c
0.0 33.0 3.0 31.0 c
3.0 31.0 0.0 31.0 c
0.0 31.0 0.0 29.0 c
0.0 29.0 2.0 28.0 c
2.0 28.0 3.0 28.0 c
3.0 28.0 6.0 20.0 c
6.0 20.0 11.0 18.0 c
9.0 18.0 5.0 17.0 c
5.0 17.0 1.0 13.0 c
1.0 13.0 0.0 9.0 c
0.0 9.0 1.0 5.0 c
3.0 3.0 0.0 0.0 d
