Processando arquivo: jakobs1_mod_sep.txt

Tempo de Inicio (hh:mm:ss.ms) 2026-04-26 15:08:05.621428
Tempo de Termino (hh:mm:ss.ms) 2026-04-26 15:08:06.135283
Tempo Total (hh:mm:ss.ms) 0:00:00.513855

Função Objetivo: 40.34026612857292

0.0 0.0 0.4227499593370059 1.9593852010414126 d
0.0 2.0505962237767337 3.132712515899506 8.445473103303577 c
3.132712515899506 8.445473103303577 10.650836015923552 5.331076199178413 c
10.650836015923552 5.331076199178413 9.757264877762278 3.661933786704 c
9.757264877762278 3.661933786704 9.504218286574833 0.0 c
9.504218286574833 0.0 24.06832663930388 2.3756529126995005 d
19.650836015923552 0.0 20.62340372574375 4.728567655676984 c
27.676605385220263 18.445473103303577 20.62340372574375 4.728567655676984 d
27.676605385220263 18.445473103303577 25.732657304614044 20.843447334812012 c
25.732657304614044 20.843447334812012 25.237435724654066 27.494209945257968 c
25.237435724654066 27.494209945257968 21.483092965593478 41.0146927163331 d
21.483092965593478 41.0146927163331 14.973551961366837 42.24109443606546 c
14.973551961366837 42.24109443606546 8.973551961366837 42.576839435484125 d
8.973551961366837 42.576839435484125 3.0477779706570693 41.0146927163331 c
3.0477779706570693 41.0146927163331 0.0 41.775591890246986 c
0.0 41.775591890246986 2.2671740224670494 46.36765783340517 c
2.2671740224670494 46.36765783340517 1.8570875465732977 46.9654932699023 c
1.8570875465732977 46.9654932699023 8.769108445641738 49.06096687897098 c
8.769108445641738 49.06096687897098 0.0 63.06096687897097 d
0.0 63.06096687897097 0.3417533390665497 68.29571430907835 c
0.3417533390665497 68.29571430907835 0.42576777738852645 69.58259088005528 c
0.42576777738852645 69.58259088005528 4.892786902038925 65.63816316380566 c
4.892786902038925 65.63816316380566 19.34020203821855 64.24534577969075 d
13.892786902038925 63.06096687897098 18.046353512185444 69.16650298424723 c
19.991839976283877 82.83242621257145 18.046353512185444 69.16650298424723 d
19.991839976283877 82.83242621257145 18.785983945757174 95.52527672691947 c
19.991839976283877 82.83242621257145 12.83392460348661 82.83242621257145 d
13.365543067418505 90.2743004263215 11.432967358400818 90.42584083454831 c
11.432967358400818 90.42584083454831 12.83392460348661 82.83242621257145 c
12.83392460348661 82.83242621257145 9.609250577254489 83.16393405078972 c
9.609250577254489 83.16393405078972 0.14539755810203658 87.04211207205903 c
0.14539755810203658 87.04211207205903 8.423064992900551 87.36271643744513 c
8.423064992900551 87.36271643744513 0.0 88.8224160423221 c
0.0 88.8224160423221 2.130480997067398 94.14714495600576 c
2.130480997067398 94.14714495600576 13.365543067418505 90.2743004263215 c
18.785983945757174 95.52527672691947 18.565723548606925 94.02099839105158 c
18.565723548606925 94.02099839105158 18.365543067418507 97.39975362038795 c
18.365543067418507 97.39975362038795 24.18069694133612 98.92198912313587 c
24.18069694133612 98.92198912313587 9.374365662069511 113.5614212370713 d
9.374365662069511 113.5614212370713 8.10412129451993 113.82577679846459 c
8.10412129451993 113.82577679846459 7.4396836115187455 110.91641841268444 c
7.4396836115187455 110.91641841268444 4.720318128632134 112.15752727483081 c
4.720318128632134 112.15752727483081 5.177292377611149 110.24111236539727 c
5.177292377611149 110.24111236539727 4.170504782357536 112.40846015637325 c
4.170504782357536 112.40846015637325 0.0 113.78009478418333 c
0.0 113.78009478418333 3.247003730854518 118.3361723177242 c
3.247003730854518 118.3361723177242 3.888864837391805 115.64439658396715 c
3.888864837391805 115.64439658396715 9.220363013745697 118.71343938815752 c
9.220363013745697 118.71343938815752 0.8588344802646803 133.71343938815752 d
0.8588344802646803 133.71343938815752 0.0 134.8264193336725 c
0.0 134.8264193336725 5.351300095283823 138.20228667927512 c
5.351300095283823 138.20228667927512 4.632647641080355 147.49507277793109 d
4.632647641080355 147.49507277793109 3.517743911756275 150.20400156948682 c
3.517743911756275 150.20400156948682 4.3364412621681305 149.8203164310834 c
4.3364412621681305 149.8203164310834 2.668127310619211 151.87612391150097 c
2.668127310619211 151.87612391150097 0.0 155.16396795235718 c
4.182293448016869 165.1639679523572 0.0 155.16396795235718 d
4.182293448016869 165.1639679523572 0.0 165.71070434467015 c
0.0 165.71070434467015 4.168115436958721 166.9946361442316 c
4.168115436958721 166.9946361442316 4.182293448016869 165.1639679523572 c
0.0 155.16396795235718 10.071431820069442 153.12362845050183 c
10.071431820069442 153.12362845050183 21.45725116888747 165.1639679523572 d
21.45725116888747 165.1639679523572 19.185417454782083 173.976050537392 c
29.578353276452077 153.29555961532512 21.45725116888747 165.1639679523572 d
29.578353276452077 153.29555961532512 30.219838310295778 147.49507277793109 c
30.219838310295778 147.49507277793109 33.4776315091731 142.49507277793109 d
33.4776315091731 142.49507277793109 32.85097112396578 133.71343938815752 c
32.85097112396578 133.71343938815752 31.125132205839314 140.42340594930215 c
23.125132205839314 138.260166770005 31.125132205839314 140.42340594930215 d
23.125132205839314 138.260166770005 15.351300095283822 133.71343938815752 c
15.351300095283822 133.71343938815752 18.323848511987933 135.88656750470602 c
18.323848511987933 135.88656750470602 23.125132205839314 138.260166770005 c
31.125132205839314 140.42340594930215 33.4776315091731 142.49507277793109 c
30.219838310295778 147.49507277793109 24.071431820069442 149.4263832008547 c
24.071431820069442 149.4263832008547 29.578353276452077 153.29555961532512 c
19.185417454782083 173.976050537392 19.18229344801687 174.34868301643215 c
19.18229344801687 174.34868301643215 24.202495676715813 173.0297468016225 c
24.202495676715813 173.0297468016225 20.662073064050972 172.34740690084342 c
20.662073064050972 172.34740690084342 21.664969385437566 186.34868301643215 d
21.664969385437566 186.34868301643215 22.60223205263541 190.71752268528246 c
9.664969385437564 189.05254745952652 22.60223205263541 190.71752268528246 d
9.664969385437564 189.05254745952652 3.6964181423125053 186.34868301643215 c
3.6964181423125053 186.34868301643215 0.0 190.74300646649598 c
0.0 190.74300646649598 0.997902100624231 192.73344611464313 c
0.997902100624231 192.73344611464313 13.682683719366437 207.58989493428217 d
4.418980805200094 206.73344611464313 1.0867873376586425 211.62580372110918 c
1.0867873376586425 211.62580372110918 0.0 209.3562172503995 c
0.0 209.3562172503995 1.2122773858338576 215.66306257743832 c
1.2122773858338576 215.66306257743832 5.1182181499082136 230.4784413482991 d
2.9372487591369847 224.66306257743832 0.0 226.6345567952814 c
0.0 226.6345567952814 2.0682592750645004 228.8496408994117 c
2.0682592750645004 228.8496408994117 2.862323867411342 228.9211742289947 c
2.862323867411342 228.9211742289947 2.137160766089976 228.92343367740693 c
2.137160766089976 228.92343367740693 3.9038937798076248 230.8155863016499 c
3.9038937798076248 230.8155863016499 4.393409759431358 229.93457700605623 c
4.393409759431358 229.93457700605623 5.277678699323668 229.56109450433652 c
5.277678699323668 229.56109450433652 5.1182181499082136 230.4784413482991 c
5.1182181499082136 230.4784413482991 6.8999152058577 229.65550046675935 c
6.8999152058577 229.65550046675935 5.5466435758642545 229.44749368626717 c
5.5466435758642545 229.44749368626717 7.084830716023312 229.57009058608526 c
7.084830716023312 229.57009058608526 7.711473938727198 229.2806528702958 c
7.711473938727198 229.2806528702958 6.8334240129439365 228.9040052122029 c
6.8334240129439365 228.9040052122029 9.794190565136219 228.3186752710113 c
9.794190565136219 228.3186752710113 6.903546157185227 226.8867349694634 c
6.903546157185227 226.8867349694634 7.423906851971901 226.2549058779524 c
7.423906851971901 226.2549058779524 3.241369770743514 226.4258762174124 c
3.241369770743514 226.4258762174124 2.9372487591369847 224.66306257743832 c
1.2122773858338576 215.66306257743832 13.682683719366437 207.58989493428217 c
13.682683719366437 207.58989493428217 21.682683719366437 208.85128424604815 d
21.682683719366437 208.85128424604815 24.492774200621405 210.77881487609068 c
24.492774200621405 210.77881487609068 31.797555485097703 224.66306257743832 d
31.797555485097703 224.66306257743832 26.85211444304123 226.0613047301313 c
26.85211444304123 226.0613047301313 24.79419056513622 234.73297009704373 c
24.79419056513622 234.73297009704373 28.71818902858562 230.21509736092074 c
28.71818902858562 230.21509736092074 28.582809594304102 236.78127740098947 c
28.582809594304102 236.78127740098947 31.961925345457356 235.69320665872192 c
31.961925345457356 235.69320665872192 29.90476612187062 234.333443853928 c
29.90476612187062 234.333443853928 31.797555485097703 224.66306257743832 c
24.492774200621405 210.77881487609068 29.36751855995835 209.1166747377864 c
29.36751855995835 209.1166747377864 28.72312235692896 207.79579470612282 c
28.72312235692896 207.79579470612282 28.204851672057654 206.73344611464313 c
28.204851672057654 206.73344611464313 21.682683719366437 208.85128424604815 c
13.682683719366437 207.58989493428217 4.418980805200094 206.73344611464313 c
0.997902100624231 192.73344611464313 1.185365077843881 191.05853785474224 c
1.185365077843881 191.05853785474224 0.4449650467512356 190.86397671873746 c
0.4449650467512356 190.86397671873746 1.9464328603419414 190.56898740751885 c
1.9464328603419414 190.56898740751885 2.793984490262916 189.22121149693564 c
2.793984490262916 189.22121149693564 3.9280401294552956 190.1796663990161 c
3.9280401294552956 190.1796663990161 9.664969385437564 189.05254745952652 c
22.60223205263541 190.71752268528246 27.027509608393444 189.3873687279264 c
27.027509608393444 189.3873687279264 32.69807488423837 190.74599302122118 c
32.69807488423837 190.74599302122118 21.664969385437566 186.34868301643215 c
20.662073064050972 172.34740690084342 21.45725116888747 165.1639679523572 c
10.071431820069442 153.12362845050183 4.632647641080355 147.49507277793109 c
5.351300095283823 138.20228667927512 0.8588344802646803 133.71343938815752 c
9.220363013745697 118.71343938815752 23.98937985824201 110.31545934369318 d
23.37436566206951 113.04733080433867 23.96441612291527 112.96860630268534 c
23.96441612291527 112.96860630268534 23.946258849274635 114.89836219509114 c
23.946258849274635 114.89836219509114 26.701346461167663 114.82090752252027 c
26.701346461167663 114.82090752252027 26.34614758956571 114.23080803255824 c
26.34614758956571 114.23080803255824 28.598130824955117 113.60439533371115 c
28.598130824955117 113.60439533371115 28.53078080433004 112.47560918303896 c
28.53078080433004 112.47560918303896 26.173162030290694 113.94342341942982 c
26.173162030290694 113.94342341942982 25.465813377915094 112.76828995937784 c
25.465813377915094 112.76828995937784 28.52389960219224 112.36028025513316 c
28.52389960219224 112.36028025513316 28.39745758215441 110.24111236539727 c
28.39745758215441 110.24111236539727 28.16190860477437 112.26603664377346 c
28.16190860477437 112.26603664377346 25.431684259707676 112.71159052461832 c
25.431684259707676 112.71159052461832 23.98937985824201 110.31545934369318 c
23.98937985824201 110.31545934369318 23.964581673292706 112.9510116008225 c
23.964581673292706 112.9510116008225 23.37436566206951 113.04733080433867 c
9.220363013745697 118.71343938815752 8.124618259564345 113.91552639976001 c
8.124618259564345 113.91552639976001 9.374365662069511 113.5614212370713 c
24.18069694133612 98.92198912313587 21.74865616079733 100.24111236539726 c
21.74865616079733 100.24111236539726 24.404494008799443 99.706550954665 c
24.404494008799443 99.706550954665 24.88346005267733 90.0167915787406 c
24.88346005267733 90.0167915787406 22.68190656773698 89.2458730750121 c
22.68190656773698 89.2458730750121 27.30734483494937 88.92072789845862 c
27.30734483494937 88.92072789845862 21.703880185747963 88.55616148505963 c
21.703880185747963 88.55616148505963 19.991839976283877 82.83242621257145 c
18.046353512185444 69.16650298424723 20.530879986616018 70.46888041562569 c
20.530879986616018 70.46888041562569 16.830252339877745 70.2499437775172 c
16.830252339877745 70.2499437775172 21.717774678480527 72.83242621257145 c
21.717774678480527 72.83242621257145 20.055314628407444 67.60233307931503 c
20.055314628407444 67.60233307931503 21.305778741409103 63.67566139641992 c
21.305778741409103 63.67566139641992 19.34020203821855 64.24534577969075 c
19.34020203821855 64.24534577969075 13.892786902038925 63.06096687897098 c
4.892786902038925 65.63816316380566 0.0 63.06096687897097 c
8.769108445641738 49.06096687897098 8.973551961366837 42.576839435484125 c
14.973551961366837 42.24109443606546 22.18645393772873 46.37928875178194 c
22.18645393772873 46.37928875178194 21.483092965593478 41.0146927163331 c
25.237435724654066 27.494209945257968 27.676605385220263 18.445473103303577 c
10.237435724654066 18.445473103303577 20.62340372574375 4.728567655676984 d
10.237435724654066 18.445473103303577 2.529286228494556 22.123688911498313 c
2.529286228494556 22.123688911498313 4.669514644030974 25.992203579935143 c
4.669514644030974 25.992203579935143 0.0 24.31836747771873 c
0.0 24.31836747771873 1.7131752575912036 28.26440761115371 c
1.7131752575912036 28.26440761115371 2.87312709203387 29.014692716333098 c
2.87312709203387 29.014692716333098 5.358846521426122 26.97196408715923 c
5.358846521426122 26.97196408715923 4.325051745892248 28.566663720855942 c
4.325051745892248 28.566663720855942 10.21698855173777 22.88279316445039 c
10.21698855173777 22.88279316445039 10.237435724654066 18.445473103303577 c
20.62340372574375 4.728567655676984 24.06832663930388 2.3756529126995005 c
24.06832663930388 2.3756529126995005 24.88177502030996 1.4119133104614656 c
24.88177502030996 1.4119133104614656 19.650836015923552 0.0 c
9.504218286574833 0.0 0.0 2.0505962237767337 c
0.4227499593370059 1.9593852010414126 0.0 0.0 d
