Processando arquivo: jakobs1_sep.txt

Tempo de Inicio (hh:mm:ss.ms) 2026-04-26 15:06:51.930856
Tempo de Termino (hh:mm:ss.ms) 2026-04-26 15:06:52.424098
Tempo Total (hh:mm:ss.ms) 0:00:00.493242

Função Objetivo: 25.322499999999994

0.0 0.0 4.0 0.0 c
4.0 0.0 4.0 1.0 c
4.0 1.0 2.0 1.0 c
2.0 1.0 2.0 4.0 c
2.0 4.0 4.0 18.0 d
2.0 18.0 4.0 18.0 c
4.0 18.0 4.0 20.0 c
4.0 20.0 6.0 20.0 c
6.0 20.0 6.0 22.0 c
6.0 22.0 4.0 22.0 c
4.0 22.0 4.0 24.0 c
4.0 24.0 19.0 24.0 d
19.0 18.0 25.0 18.0 c
25.0 18.0 25.0 21.0 c
25.0 21.0 23.0 21.0 c
23.0 21.0 23.0 24.0 c
23.0 24.0 19.0 24.0 c
19.0 24.0 19.0 18.0 c
4.0 24.0 2.0 24.0 c
0.0 34.0 2.0 24.0 d
0.0 34.0 2.0 34.0 c
2.0 34.0 0.0 36.0 c
0.0 36.0 14.0 36.0 d
14.0 34.0 19.0 34.0 c
19.0 34.0 20.0 47.0 d
14.0 47.0 20.0 47.0 c
20.0 47.0 20.0 53.0 c
20.0 53.0 14.0 53.0 c
0.0 51.0 14.0 53.0 d
1.0 47.0 1.0 51.0 c
1.0 51.0 6.0 64.0 d
0.0 64.0 6.0 64.0 c
6.0 64.0 8.0 78.0 d
3.0 74.0 6.0 74.0 c
6.0 74.0 8.0 76.0 c
14.0 74.0 8.0 76.0 d
14.0 74.0 17.0 74.0 c
17.0 74.0 14.0 77.0 c
14.0 77.0 14.0 74.0 c
8.0 76.0 8.0 78.0 c
8.0 78.0 4.0 93.0 d
2.0 87.0 4.0 87.0 c
4.0 87.0 4.0 89.0 c
4.0 89.0 6.0 89.0 c
6.0 89.0 6.0 91.0 c
6.0 91.0 6.0 106.0 d
0.0 106.0 6.0 106.0 c
17.0 106.0 6.0 106.0 d
17.0 106.0 21.0 106.0 c
21.0 106.0 17.0 110.0 c
17.0 110.0 17.0 106.0 c
6.0 106.0 6.0 109.0 c
6.0 109.0 4.0 109.0 c
4.0 109.0 4.0 112.0 c
4.0 112.0 6.0 125.0 d
6.0 125.0 6.0 128.0 c
6.0 128.0 0.0 128.0 c
0.0 128.0 0.0 138.0 d
0.0 138.0 5.0 138.0 c
5.0 138.0 5.0 141.0 c
5.0 141.0 3.0 141.0 c
3.0 141.0 3.0 143.0 c
3.0 143.0 16.0 143.0 d
16.0 143.0 21.0 138.0 c
21.0 138.0 19.0 128.0 d
19.0 128.0 18.0 128.0 c
18.0 128.0 18.0 127.0 c
18.0 127.0 17.0 127.0 c
17.0 127.0 17.0 126.0 c
17.0 126.0 18.0 126.0 c
18.0 126.0 18.0 125.0 c
18.0 125.0 19.0 125.0 c
19.0 125.0 19.0 126.0 c
19.0 126.0 20.0 126.0 c
20.0 126.0 20.0 127.0 c
20.0 127.0 19.0 127.0 c
19.0 127.0 19.0 128.0 c
21.0 138.0 21.0 143.0 c
21.0 143.0 16.0 143.0 c
3.0 143.0 16.0 158.0 d
11.0 158.0 16.0 158.0 c
16.0 158.0 16.0 163.0 c
7.0 175.0 16.0 163.0 d
7.0 175.0 7.0 179.0 c
7.0 175.0 18.0 177.0 d
18.0 179.0 18.0 177.0 c
18.0 177.0 20.0 175.0 c
20.0 175.0 22.0 175.0 c
22.0 175.0 24.0 177.0 c
24.0 177.0 24.0 179.0 c
24.0 179.0 22.0 181.0 c
22.0 181.0 20.0 181.0 c
20.0 181.0 21.0 196.0 d
21.0 196.0 23.0 196.0 c
23.0 196.0 25.0 197.0 c
25.0 197.0 25.0 198.0 c
25.0 198.0 23.0 199.0 c
23.0 199.0 21.0 199.0 c
21.0 199.0 19.0 198.0 c
4.0 200.0 19.0 198.0 d
4.0 196.0 4.0 200.0 c
4.0 200.0 0.0 200.0 c
0.0 200.0 0.0 196.0 c
0.0 196.0 4.0 196.0 c
19.0 198.0 19.0 197.0 c
19.0 197.0 21.0 196.0 c
20.0 181.0 18.0 179.0 c
7.0 179.0 0.0 179.0 c
0.0 179.0 7.0 175.0 c
16.0 163.0 11.0 163.0 c
11.0 163.0 11.0 158.0 c
3.0 143.0 2.0 158.0 d
1.0 158.0 2.0 158.0 c
2.0 158.0 2.0 159.0 c
2.0 159.0 3.0 159.0 c
3.0 159.0 3.0 160.0 c
3.0 160.0 2.0 160.0 c
2.0 160.0 2.0 161.0 c
2.0 161.0 1.0 161.0 c
1.0 161.0 1.0 160.0 c
1.0 160.0 0.0 160.0 c
0.0 160.0 0.0 159.0 c
0.0 159.0 1.0 159.0 c
1.0 159.0 1.0 158.0 c
3.0 143.0 0.0 143.0 c
0.0 143.0 0.0 138.0 c
0.0 128.0 6.0 125.0 c
4.0 112.0 0.0 112.0 c
0.0 112.0 0.0 106.0 c
6.0 91.0 4.0 91.0 c
4.0 91.0 4.0 93.0 c
4.0 93.0 2.0 93.0 c
2.0 93.0 2.0 91.0 c
2.0 91.0 0.0 91.0 c
0.0 91.0 0.0 89.0 c
0.0 89.0 2.0 89.0 c
2.0 89.0 2.0 87.0 c
8.0 78.0 6.0 80.0 c
6.0 80.0 21.0 89.0 d
16.0 87.0 21.0 87.0 c
21.0 87.0 21.0 89.0 c
21.0 89.0 19.0 89.0 c
19.0 89.0 19.0 88.0 c
19.0 88.0 16.0 88.0 c
16.0 88.0 16.0 87.0 c
6.0 80.0 3.0 80.0 c
3.0 80.0 0.0 78.0 c
0.0 78.0 0.0 76.0 c
0.0 76.0 3.0 74.0 c
6.0 64.0 6.0 67.0 c
6.0 67.0 0.0 67.0 c
0.0 67.0 0.0 64.0 c
1.0 51.0 0.0 51.0 c
0.0 51.0 0.0 47.0 c
0.0 47.0 1.0 47.0 c
14.0 53.0 14.0 47.0 c
19.0 34.0 19.0 36.0 c
19.0 36.0 14.0 36.0 c
14.0 36.0 14.0 34.0 c
0.0 36.0 0.0 34.0 c
2.0 24.0 2.0 22.0 c
2.0 22.0 0.0 22.0 c
0.0 22.0 0.0 20.0 c
0.0 20.0 2.0 20.0 c
2.0 20.0 2.0 18.0 c
2.0 4.0 17.0 2.0 d
13.0 0.0 17.0 0.0 c
17.0 0.0 17.0 2.0 c
17.0 2.0 16.0 2.0 c
16.0 2.0 16.0 1.0 c
16.0 1.0 13.0 1.0 c
13.0 1.0 13.0 0.0 c
2.0 4.0 0.0 4.0 c
0.0 4.0 0.0 0.0 c
