Processando arquivo: jakobs1_pack.txt

Tempo de Inicio (hh:mm:ss.ms) 2026-04-26 15:02:12.543426
Tempo de Termino (hh:mm:ss.ms) 2026-04-26 15:02:13.086799
Tempo Total (hh:mm:ss.ms) 0:00:00.543373

Função Objetivo: 22.079999999999984

0.0 0.0 4.0 0.0 c
4.0 0.0 8.0 0.0 c
8.0 0.0 8.0 2.0 c
7.0 2.0 8.0 2.0 d
8.0 2.0 10.0 2.0 c
10.0 2.0 10.0 0.0 c
10.0 0.0 12.0 0.0 c
12.0 0.0 12.0 2.0 c
12.0 2.0 14.0 2.0 c
14.0 2.0 14.0 0.0 c
14.0 0.0 20.0 0.0 c
20.0 0.0 22.0 0.0 c
22.0 0.0 20.0 2.0 c
20.0 2.0 20.0 0.0 c
20.0 0.0 20.0 2.0 d
20.0 2.0 20.0 3.0 c
20.0 3.0 18.0 3.0 c
18.0 3.0 18.0 6.0 c
18.0 6.0 14.0 6.0 c
14.0 6.0 14.0 4.0 c
14.0 4.0 14.0 2.0 c
14.0 2.0 14.0 4.0 d
14.0 4.0 12.0 4.0 c
12.0 4.0 12.0 6.0 c
12.0 6.0 12.0 9.0 c
12.0 9.0 12.0 12.0 c
13.0 12.0 12.0 12.0 d
13.0 12.0 15.0 12.0 c
15.0 12.0 15.0 14.0 c
15.0 14.0 17.0 14.0 c
17.0 13.0 17.0 14.0 d
17.0 13.0 17.0 12.0 c
17.0 12.0 22.0 12.0 c
22.0 12.0 22.0 14.0 c
22.0 14.0 20.0 14.0 c
20.0 14.0 20.0 13.0 c
20.0 13.0 17.0 13.0 c
17.0 14.0 17.0 16.0 c
17.0 16.0 15.0 16.0 c
15.0 16.0 15.0 18.0 c
15.0 18.0 16.0 19.0 d
16.0 18.0 16.0 19.0 c
16.0 19.0 17.0 19.0 c
17.0 19.0 17.0 18.0 c
17.0 18.0 18.0 18.0 c
18.0 18.0 18.0 19.0 c
18.0 19.0 19.0 19.0 c
19.0 19.0 19.0 18.0 c
19.0 18.0 24.0 18.0 c
24.0 18.0 24.0 21.0 c
24.0 21.0 22.0 21.0 c
22.0 21.0 22.0 23.0 c
22.0 23.0 19.0 23.0 c
19.0 23.0 19.0 20.0 c
19.0 20.0 19.0 19.0 c
19.0 19.0 19.0 20.0 d
19.0 20.0 18.0 20.0 c
18.0 20.0 18.0 21.0 c
18.0 21.0 17.0 21.0 c
17.0 21.0 17.0 20.0 c
17.0 20.0 16.0 20.0 c
16.0 20.0 16.0 19.0 c
16.0 19.0 16.0 20.0 d
16.0 20.0 16.0 21.0 c
16.0 21.0 10.0 21.0 c
10.0 21.0 16.0 18.0 c
15.0 18.0 13.0 18.0 c
13.0 18.0 13.0 16.0 c
13.0 16.0 11.0 16.0 c
11.0 16.0 11.0 14.0 c
11.0 14.0 13.0 14.0 c
13.0 14.0 13.0 12.0 c
12.0 12.0 11.0 12.0 c
11.0 12.0 8.0 15.0 c
8.0 15.0 8.0 14.0 c
8.0 14.0 8.0 12.0 c
8.0 12.0 11.0 12.0 c
11.0 12.0 8.0 12.0 d
8.0 12.0 6.0 12.0 c
6.0 12.0 8.0 14.0 c
8.0 14.0 8.0 15.0 d
8.0 15.0 8.0 16.0 c
8.0 16.0 6.0 18.0 c
6.0 18.0 6.0 21.0 c
6.0 21.0 6.0 18.0 d
6.0 18.0 10.0 18.0 c
10.0 18.0 6.0 22.0 c
6.0 22.0 6.0 21.0 c
6.0 21.0 4.0 21.0 c
4.0 21.0 4.0 24.0 c
4.0 24.0 5.0 25.0 d
5.0 25.0 6.0 25.0 c
5.0 24.0 5.0 25.0 c
5.0 25.0 5.0 26.0 c
5.0 26.0 5.0 29.0 c
5.0 29.0 4.0 29.0 c
4.0 29.0 6.0 31.0 c
6.0 31.0 6.0 33.0 c
6.0 33.0 4.0 35.0 c
4.0 35.0 2.0 35.0 c
2.0 35.0 0.0 33.0 c
0.0 33.0 0.0 31.0 c
0.0 31.0 2.0 29.0 c
2.0 29.0 4.0 29.0 c
4.0 29.0 2.0 29.0 d
2.0 29.0 0.0 29.0 c
0.0 29.0 5.0 24.0 c
6.0 25.0 6.0 24.0 c
6.0 24.0 7.0 24.0 c
7.0 24.0 7.0 25.0 c
7.0 25.0 8.0 25.0 c
8.0 25.0 8.0 24.0 c
8.0 24.0 13.0 24.0 c
13.0 24.0 13.0 28.0 c
13.0 28.0 20.0 24.0 c
20.0 24.0 20.0 28.0 c
20.0 28.0 13.0 28.0 c
13.0 28.0 13.0 29.0 c
13.0 29.0 12.0 29.0 c
12.0 29.0 10.0 29.0 c
10.0 29.0 10.0 30.0 c
10.0 30.0 12.0 29.0 c
12.0 29.0 13.0 29.0 d
13.0 29.0 14.0 29.0 c
14.0 29.0 16.0 30.0 c
16.0 30.0 16.0 31.0 c
16.0 31.0 14.0 32.0 c
14.0 32.0 12.0 32.0 c
12.0 32.0 10.0 31.0 c
10.0 31.0 10.0 30.0 c
10.0 30.0 10.0 31.0 d
10.0 31.0 10.0 33.0 c
10.0 33.0 6.0 33.0 c
6.0 33.0 6.0 31.0 d
6.0 31.0 6.0 29.0 c
6.0 29.0 8.0 29.0 c
8.0 29.0 10.0 29.0 c
10.0 29.0 8.0 29.0 d
8.0 29.0 8.0 26.0 c
8.0 26.0 8.0 25.0 c
8.0 25.0 8.0 26.0 d
8.0 26.0 7.0 26.0 c
7.0 26.0 7.0 27.0 c
7.0 27.0 6.0 27.0 c
6.0 27.0 6.0 26.0 c
6.0 26.0 5.0 26.0 c
5.0 26.0 5.0 25.0 d
4.0 24.0 0.0 24.0 c
0.0 24.0 0.0 18.0 c
0.0 18.0 3.0 18.0 c
3.0 18.0 6.0 18.0 c
6.0 18.0 3.0 18.0 d
3.0 18.0 0.0 16.0 c
0.0 16.0 0.0 14.0 c
0.0 14.0 3.0 12.0 c
3.0 12.0 6.0 12.0 c
6.0 12.0 6.0 10.0 c
6.0 10.0 5.0 10.0 c
5.0 10.0 5.0 8.0 c
5.0 8.0 0.0 8.0 c
0.0 8.0 0.0 6.0 c
0.0 6.0 5.0 6.0 c
5.0 6.0 5.0 8.0 c
5.0 8.0 5.0 6.0 d
5.0 6.0 6.0 6.0 c
6.0 6.0 6.0 10.0 c
6.0 10.0 6.0 6.0 d
6.0 6.0 10.0 6.0 c
10.0 6.0 12.0 6.0 c
12.0 6.0 14.0 6.0 c
14.0 6.0 18.0 6.0 d
18.0 6.0 18.0 9.0 c
18.0 9.0 12.0 9.0 c
12.0 9.0 12.0 6.0 d
12.0 6.0 10.0 6.0 d
10.0 6.0 10.0 4.0 c
10.0 4.0 8.0 4.0 c
8.0 4.0 8.0 2.0 c
8.0 2.0 7.0 2.0 d
7.0 2.0 7.0 1.0 c
7.0 1.0 4.0 1.0 c
4.0 1.0 4.0 0.0 c
4.0 0.0 4.0 1.0 d
4.0 1.0 2.0 1.0 c
2.0 1.0 2.0 4.0 c
2.0 4.0 0.0 4.0 c
0.0 4.0 0.0 0.0 c
