Processando arquivo: jakobs1_mod_pack.txt

Tempo de Inicio (hh:mm:ss.ms) 2026-04-26 15:03:23.278095
Tempo de Termino (hh:mm:ss.ms) 2026-04-26 15:03:23.749798
Tempo Total (hh:mm:ss.ms) 0:00:00.471703

Função Objetivo: 39.70765268395544

0.0 0.0 0.4227499593370059 1.9593852010414126 d
0.0 2.0505962237767337 3.132712515899506 8.445473103303577 c
3.132712515899506 8.445473103303577 10.650836015923552 5.331076199178413 c
11.623403725743747 4.728567655676984 10.650836015923552 5.331076199178413 d
11.623403725743747 4.728567655676984 15.06832663930388 2.3756529126995005 c
15.06832663930388 2.3756529126995005 15.881775020309961 1.4119133104614656 c
15.881775020309961 1.4119133104614656 18.41106124880452 3.678215808194736 d
18.41106124880452 3.678215808194736 20.551289664340935 7.546730476631566 c
20.551289664340935 7.546730476631566 15.881775020309961 5.872894374415154 c
15.881775020309961 5.872894374415154 17.594950277901166 9.818934507850132 c
17.594950277901166 9.818934507850132 18.75490211234383 10.56921961302952 c
18.75490211234383 10.56921961302952 19.518680717770994 11.18391413047846 d
19.518680717770994 11.18391413047846 17.55310401458044 11.753598513749292 c
17.55310401458044 11.753598513749292 12.105688878400816 10.56921961302952 c
12.105688878400816 13.146415897864197 12.105688878400816 10.56921961302952 d
12.105688878400816 13.146415897864197 7.212901976361891 10.569219613029519 c
7.212901976361891 10.569219613029519 7.554655315428441 15.80396704313689 c
7.554655315428441 15.80396704313689 7.212901976361891 15.933815648478358 d
7.212901976361891 15.933815648478358 6.509541004226639 10.56921961302952 c
6.509541004226639 10.56921961302952 0.0 11.795621332761879 c
0.0 11.795621332761879 7.212901976361891 15.933815648478358 c
7.554655315428441 15.80396704313689 7.638669753750418 17.090843614113826 c
7.638669753750418 17.090843614113826 12.105688878400816 13.146415897864197 c
12.105688878400816 10.56921961302952 16.259255488547335 16.67475571830578 c
16.259255488547335 16.67475571830578 18.74378196297791 17.977133149684235 c
18.74378196297791 17.977133149684235 15.043154316239635 17.758196511575747 c
15.043154316239635 17.758196511575747 19.93067665484242 20.340678946629986 c
19.93067665484242 20.340678946629986 18.931181625772872 21.958285334759722 d
18.931181625772872 21.958285334759722 18.906383440823568 24.59383759188905 c
18.906383440823568 24.59383759188905 18.316167429600373 24.690156795405212 c
18.316167429600373 24.690156795405212 18.316167429600373 25.204247228137852 d
18.316167429600373 25.204247228137852 17.04592306205079 25.468602789531133 c
17.04592306205079 25.468602789531133 16.381485379049607 22.559244403750977 c
16.381485379049607 22.559244403750977 13.662119896162995 23.800353265897364 c
13.662119896162995 23.800353265897364 14.11909414514201 21.883938356463823 c
14.11909414514201 21.883938356463823 13.112306549888398 24.051286147439793 c
13.112306549888398 24.051286147439793 8.941801767530862 25.42292077524987 c
8.941801767530862 27.972240042351 8.941801767530862 25.42292077524987 d
8.941801767530862 27.972240042351 3.3383371183294557 27.60767362895201 c
3.3383371183294557 27.60767362895201 1.6262969088653705 21.883938356463823 c
1.6262969088653705 21.883938356463823 0.42044087833866506 34.576788870811846 c
0.42044087833866506 34.576788870811846 0.2001804811884167 33.07251053494395 c
0.2001804811884167 33.07251053494395 0.0 36.451265764280336 c
0.0 36.451265764280336 5.815153873917612 37.97350126702825 c
5.815153873917612 37.97350126702825 3.3831130933788236 39.29262450928964 c
3.3831130933788236 39.29262450928964 6.038950941380935 38.758063098557386 c
6.985146944414145 39.29262450928964 6.038950941380935 38.758063098557386 d
6.985146944414145 39.29262450928964 5.870243215090065 42.00155330084537 c
5.870243215090065 42.00155330084537 6.6889405655019205 41.61786816244196 c
6.6889405655019205 41.61786816244196 5.0206266139530005 43.673675642859536 c
5.0206266139530005 43.673675642859536 2.35249930333379 46.96151968371575 c
2.35249930333379 46.96151968371575 0.0 48.47733957336458 d
0.0 48.47733957336458 0.9372626671978477 52.846179242214895 c
0.9372626671978477 52.846179242214895 5.3625402229558805 51.516025284858856 c
5.3625402229558805 51.516025284858856 11.03310549880081 52.87464957815362 c
12.119892836459453 53.369697179830624 11.03310549880081 52.87464957815362 d
12.119892836459453 53.369697179830624 11.033105498800811 51.10011070912094 c
11.033105498800811 51.10011070912094 12.245382884634669 57.40695603615976 c
11.852114443041232 58.80519818885274 12.245382884634669 57.40695603615976 d
11.852114443041232 58.80519818885274 9.794190565136217 67.47686355576516 c
9.794190565136219 61.06256872973275 11.852114443041232 58.80519818885274 d
5.1182181499082136 63.22233480702056 6.8999152058577 62.399393925480815 c
6.8999152058577 62.399393925480815 5.5466435758642545 62.19138714498861 c
5.5466435758642545 62.19138714498861 7.084830716023312 62.3139840448067 c
7.084830716023312 62.3139840448067 7.711473938727198 62.024546329017234 c
7.711473938727198 62.024546329017234 6.8334240129439365 61.647898670924356 c
6.8334240129439365 61.647898670924356 9.794190565136219 61.06256872973275 c
9.794190565136219 61.06256872973275 6.903546157185227 59.630628428184835 c
6.903546157185227 59.630628428184835 7.423906851971901 58.998799336673855 c
7.423906851971901 58.998799336673855 3.241369770743514 59.16976967613385 c
3.241369770743514 59.16976967613385 2.9372487591369847 57.40695603615977 c
2.9372487591369847 57.40695603615977 0.0 59.37845025400288 c
0.0 59.37845025400288 2.0682592750645004 61.59353435813315 c
2.0682592750645004 61.59353435813315 2.862323867411342 61.665067687716146 c
2.862323867411342 61.665067687716146 2.137160766089976 61.66732713612837 c
2.137160766089976 61.66732713612837 3.9038937798076248 63.55947976037133 c
3.9038937798076248 63.55947976037133 4.393409759431358 62.67847046477768 c
4.393409759431358 62.67847046477768 5.277678699323668 62.30498796305798 c
5.277678699323668 62.30498796305798 5.1182181499082136 63.22233480702056 c
9.794190565136217 67.47686355576516 13.718189028585618 62.95899081964218 c
13.718189028585618 62.95899081964218 13.582809594304104 69.5251708597109 c
13.582809594304104 69.5251708597109 16.961925345457356 68.43710011744335 c
16.961925345457356 68.43710011744335 14.904766121870619 67.07733731264943 c
14.904766121870619 67.07733731264943 16.797555485097703 57.40695603615977 c
16.797555485097703 57.40695603615977 11.852114443041232 58.80519818885274 c
12.245382884634669 57.40695603615976 24.71578921816725 49.3337883930036 c
24.71578921816725 49.3337883930036 22.754631061646435 48.47733957336458 d
22.757755068411647 48.10470709432445 22.754631061646435 48.47733957336458 c
22.754631061646435 48.47733957336458 27.774833290345377 47.15840335855494 c
28.77273539096961 45.67738760750062 27.774833290345377 47.15840335855494 d
28.77273539096961 45.67738760750062 28.96019836818926 44.00247934759974 c
28.96019836818926 44.00247934759974 28.219798337096616 43.807918211594945 c
28.219798337096616 43.807918211594945 29.72126615068732 43.51292890037634 c
29.72126615068732 43.51292890037634 30.568817780608295 42.16515298979314 c
30.568817780608295 42.16515298979314 31.702873419800675 43.123607891873604 c
31.702873419800675 43.123607891873604 37.43980267578294 41.99648895238403 c
37.43980267578294 41.99648895238403 31.471251432657887 39.29262450928964 c
31.471251432657887 39.29262450928964 27.77483329034538 43.686947959353475 c
27.77483329034538 43.686947959353475 28.77273539096961 45.67738760750062 c
27.774833290345377 47.15840335855494 24.234410677680536 46.47606345777585 c
24.234410677680536 46.47606345777585 25.029588782517035 39.29262450928964 c
22.740453050588286 41.12329270116405 25.029588782517035 39.29262450928964 d
22.754631061646432 39.29262450928964 18.572337613629564 39.83936090160258 c
18.572337613629564 39.83936090160258 18.572337613629564 39.29262450928964 d
18.572337613629564 39.29262450928964 12.423931123403232 41.223934932213254 c
12.423931123403232 41.223934932213254 17.930852579785867 45.09311134668369 c
17.930852579785867 45.09311134668369 18.572337613629564 39.29262450928964 c
18.572337613629564 39.83936090160258 22.740453050588286 41.12329270116405 c
22.740453050588286 41.12329270116405 22.754631061646432 39.29262450928964 c
25.029588782517035 39.29262450928964 22.757755068411647 48.10470709432445 c
24.715789218167245 50.595177704769604 24.71578921816725 49.3337883930036 d
24.715789218167245 50.595177704769604 27.525879699422212 52.522708334812144 c
27.525879699422212 52.522708334812144 32.400624058759156 50.86056819650788 c
32.400624058759156 50.86056819650788 31.75622785572977 49.53968816484427 c
31.75622785572977 49.53968816484427 31.23795717085846 48.47733957336458 c
31.23795717085846 48.47733957336458 24.715789218167245 50.595177704769604 c
24.71578921816725 49.3337883930036 15.452086304000904 48.47733957336458 c
15.452086304000904 48.47733957336458 12.119892836459453 53.369697179830624 c
11.03310549880081 52.87464957815362 0.0 48.47733957336458 c
2.35249930333379 48.07425789906319 2.35249930333379 46.96151968371575 d
2.35249930333379 48.07425789906319 1.7258389181264682 39.29262450928964 c
1.7258389181264682 39.29262450928964 0.0 46.00259107043427 c
0.0 46.00259107043427 2.35249930333379 48.07425789906319 c
2.35249930333379 46.96151968371575 12.423931123403232 44.9211801818604 c
12.423931123403232 44.9211801818604 6.985146944414145 39.29262450928964 c
6.038950941380935 38.758063098557386 6.517916985258821 29.068303722632965 c
6.517916985258821 29.068303722632965 4.316363500318475 28.29738521890448 c
4.316363500318475 28.29738521890448 8.941801767530862 27.972240042351 c
8.941801767530862 25.42292077524987 12.18880549838538 29.978998308790754 c
12.18880549838538 29.978998308790754 12.830666604922667 27.2872225750337 c
12.830666604922667 27.2872225750337 18.16216478127656 30.356265379224073 c
18.16216478127656 30.356265379224073 17.066420027095205 25.558352390826556 c
17.066420027095205 25.558352390826556 18.316167429600373 25.204247228137852 c
18.316167429600373 24.690156795405212 18.906217890446133 24.61143229375189 c
18.906217890446133 24.61143229375189 18.888060616805497 26.54118818615769 c
18.888060616805497 26.54118818615769 21.643148228698525 26.46373351358682 c
21.643148228698525 26.46373351358682 21.287949357096572 25.873634023624795 c
21.287949357096572 25.873634023624795 23.53993259248598 25.247221324777698 c
23.53993259248598 25.247221324777698 23.4725825718609 24.118435174105507 c
23.4725825718609 24.118435174105507 21.114963797821556 25.58624941049637 c
21.114963797821556 25.58624941049637 20.407615145445956 24.411115950444387 c
20.407615145445956 24.411115950444387 23.465701369723103 24.00310624619971 c
23.53993259248598 22.99691830197878 23.465701369723103 24.00310624619971 d
23.53993259248598 22.99691830197878 28.8912326877698 26.372785647581402 c
31.863781104473908 24.057066473012334 28.8912326877698 26.372785647581402 d
31.863781104473908 24.057066473012334 36.66506479832529 26.430665738311287 c
36.66506479832529 26.430665738311287 28.8912326877698 21.883938356463823 c
28.8912326877698 21.883938356463823 31.863781104473908 24.057066473012334 c
28.8912326877698 26.372785647581402 24.39876707275066 21.883938356463823 c
24.39876707275066 21.883938356463823 23.53993259248598 22.99691830197878 c
23.465701369723103 24.00310624619971 23.33925934968527 21.883938356463823 c
22.061157651909816 21.883938356463823 23.33925934968527 21.883938356463823 d
22.061157651909816 21.883938356463823 33.29621972226093 18.011093826779565 c
33.29621972226093 18.011093826779565 31.36364401324324 18.16263423500638 c
31.36364401324324 18.16263423500638 32.76460125832903 10.56921961302952 c
32.76460125832903 10.56921961302952 29.539927232096908 10.900727451247786 c
29.539927232096908 10.900727451247786 20.076074212944455 14.77890547251709 c
20.076074212944455 14.77890547251709 28.35374164774297 15.0995098379032 c
28.35374164774297 15.0995098379032 19.930676654842422 16.559209442780176 c
19.930676654842422 16.559209442780176 22.061157651909816 21.883938356463823 c
23.33925934968527 21.883938356463823 23.103710372305233 23.908862634840002 c
23.103710372305233 23.908862634840002 20.37348602723854 24.354416515684864 c
20.37348602723854 24.354416515684864 18.931181625772872 21.958285334759722 c
19.93067665484242 20.340678946629986 18.268216604769336 15.110585813373575 c
18.268216604769336 15.110585813373575 19.518680717770994 11.18391413047846 c
18.75490211234383 10.56921961302952 21.240621541736083 8.526490983855652 c
21.240621541736083 8.526490983855652 20.20682676620221 10.121190617552365 c
20.20682676620221 10.121190617552365 26.09876357204773 4.4373200611468135 c
26.09876357204773 4.4373200611468135 26.11921074496403 0.0 c
26.11921074496403 0.0 28.558380405530222 0.0 d
26.614432324924003 2.3979742315084334 26.11921074496403 9.04873684195439 c
26.11921074496403 9.04873684195439 28.558380405530222 0.0 c
28.558380405530222 0.7608991739138826 28.558380405530222 0.0 d
28.558380405530222 0.7608991739138826 30.82555442799727 5.352965117072066 c
30.82555442799727 5.352965117072066 30.41546795210352 5.950800553569201 c
30.41546795210352 5.950800553569201 37.32748885117196 8.046274162637877 c
37.32748885117196 8.046274162637877 37.53193236689706 1.5621467191510252 c
37.53193236689706 1.5621467191510252 31.60615837618729 0.0 c
31.60615837618729 0.0 28.558380405530222 0.7608991739138826 c
28.558380405530222 0.0 26.614432324924003 2.3979742315084334 c
26.11921074496403 0.0 18.41106124880452 3.678215808194736 c
15.881775020309961 1.4119133104614656 10.650836015923552 0.0 c
10.650836015923552 0.0 11.623403725743747 4.728567655676984 c
10.650836015923552 5.331076199178413 9.757264877762278 3.661933786704 c
9.757264877762278 3.661933786704 9.504218286574833 0.0 c
9.504218286574833 0.0 0.0 2.0505962237767337 c
0.4227499593370059 1.9593852010414126 0.0 0.0 d
