Processando arquivo: jotika70_sep.txt

Tempo de Inicio (hh:mm:ss.ms) 2026-04-26 15:05:27.169118
Tempo de Termino (hh:mm:ss.ms) 2026-04-26 15:05:28.816842
Tempo Total (hh:mm:ss.ms) 0:00:01.647724

Função Objetivo: 17832.034999999996

0.0 0.0 1248.0 0.0 c
1248.0 0.0 1285.0 0.0 d
1285.0 0.0 2129.0 0.0 c
2129.0 0.0 2140.0 0.0 d
2140.0 0.0 4060.0 0.0 c
4067.0 0.0 4060.0 0.0 d
4067.0 0.0 4931.0 0.0 c
4942.0 0.0 4931.0 0.0 d
4942.0 0.0 6446.0 0.0 c
6446.0 0.0 6458.0 0.0 d
6458.0 0.0 8618.0 0.0 c
8624.0 0.0 8618.0 0.0 d
8624.0 0.0 8818.0 0.0 c
8833.0 0.0 8818.0 0.0 d
8833.0 0.0 10337.0 0.0 c
10337.0 0.0 10337.0 624.0 c
10337.0 624.0 9217.0 624.0 c
9217.0 624.0 8833.0 0.0 c
8818.0 0.0 8818.0 1009.0 c
8818.0 1009.0 8624.0 1009.0 c
8624.0 1009.0 8624.0 0.0 c
8618.0 0.0 8186.0 672.0 c
8186.0 672.0 6458.0 0.0 c
6446.0 0.0 6094.0 672.0 c
6094.0 672.0 4942.0 0.0 c
4931.0 0.0 4739.0 2496.0 c
4739.0 2496.0 4324.0 2503.0 d
4324.0 2503.0 6100.0 2503.0 c
4285.0 2503.0 4324.0 2503.0 d
4285.0 2503.0 4317.0 4423.0 c
4317.0 4423.0 3957.0 4932.0 d
3957.0 4452.0 6261.0 4452.0 c
6261.0 4452.0 6272.0 4452.0 d
6272.0 4452.0 8192.0 4452.0 c
8197.0 4452.0 8192.0 4452.0 d
8197.0 4452.0 8849.0 4452.0 c
8849.0 4452.0 8849.0 5728.0 c
8849.0 5728.0 9285.0 5397.0 d
8858.0 5397.0 8858.0 4452.0 c
8858.0 4452.0 9285.0 4452.0 c
9292.0 4452.0 9285.0 4452.0 d
9292.0 4452.0 10292.0 4452.0 c
10306.0 4452.0 10292.0 4452.0 d
10306.0 4452.0 10457.0 4452.0 c
10457.0 4452.0 10457.0 5353.0 c
10457.0 5353.0 10306.0 5353.0 c
10306.0 5353.0 10306.0 4452.0 c
10292.0 4452.0 10292.0 5252.0 c
10292.0 5252.0 9292.0 5102.0 c
9292.0 5102.0 9292.0 4452.0 c
8831.0 3903.0 9285.0 4452.0 d
8831.0 3903.0 8831.0 2503.0 c
8831.0 2503.0 10181.0 2503.0 c
10188.0 2503.0 10181.0 2503.0 d
10188.0 2503.0 10411.0 2503.0 c
10411.0 2503.0 10411.0 3652.0 c
10411.0 3652.0 10188.0 3652.0 c
10188.0 3652.0 10188.0 2503.0 c
10181.0 2503.0 10181.0 3903.0 c
10181.0 3903.0 8831.0 3903.0 c
9285.0 4452.0 9285.0 5397.0 c
9285.0 5397.0 8858.0 5397.0 c
8849.0 5728.0 8197.0 6244.0 c
8197.0 6244.0 8197.0 4452.0 c
8192.0 4452.0 8192.0 5412.0 c
8192.0 5412.0 6272.0 4452.0 c
6261.0 4452.0 6261.0 5604.0 c
6261.0 5604.0 4917.0 5604.0 c
4917.0 5604.0 3957.0 4932.0 c
3957.0 4932.0 3957.0 4452.0 c
4317.0 4423.0 2557.0 4423.0 c
2557.0 4423.0 2567.0 4452.0 d
2567.0 4452.0 2567.0 5892.0 c
2572.0 4452.0 2567.0 4452.0 d
2572.0 5700.0 2572.0 4452.0 c
2572.0 4452.0 3252.0 4452.0 c
3264.0 4452.0 3252.0 4452.0 d
3264.0 4452.0 3945.0 4452.0 c
3945.0 4452.0 3945.0 4969.0 c
3945.0 4969.0 3264.0 4969.0 c
3264.0 4969.0 3264.0 4452.0 c
3252.0 4452.0 3252.0 5152.0 c
3252.0 5152.0 2572.0 5700.0 c
2567.0 5892.0 1895.0 4452.0 c
1895.0 4452.0 1883.0 4912.0 d
1883.0 4452.0 1883.0 4912.0 c
1883.0 4912.0 1259.0 5420.0 c
1259.0 5420.0 1259.0 4452.0 c
1259.0 4452.0 1248.0 4452.0 d
1248.0 4452.0 1248.0 6552.0 c
1248.0 6552.0 1056.0 6567.0 d
1056.0 6567.0 2070.0 6567.0 c
2085.0 6567.0 2070.0 6567.0 d
2085.0 6567.0 2805.0 6567.0 c
2805.0 6567.0 3352.0 6567.0 d
2820.0 6567.0 3352.0 6567.0 c
3366.0 6567.0 3352.0 6567.0 d
3366.0 6567.0 4038.0 6567.0 c
4038.0 6567.0 4395.0 6727.0 d
4339.0 6567.0 6179.0 6567.0 c
6191.0 6567.0 6179.0 6567.0 d
6191.0 6567.0 7151.0 6567.0 c
7151.0 6567.0 7151.0 7863.0 c
7151.0 7863.0 7636.0 8081.0 d
7166.0 7687.0 7166.0 6567.0 c
7166.0 6567.0 7636.0 6567.0 c
7647.0 6567.0 7636.0 6567.0 d
7647.0 6567.0 10047.0 6567.0 c
10047.0 6567.0 10047.0 6623.0 c
10047.0 6623.0 9247.0 7431.0 c
9247.0 7431.0 7647.0 6567.0 c
7636.0 6567.0 7636.0 8081.0 c
7636.0 8081.0 7166.0 7687.0 c
7151.0 7863.0 6191.0 6567.0 c
6179.0 6567.0 6179.0 6631.0 c
6179.0 6631.0 4915.0 7075.0 c
4915.0 7075.0 4395.0 6727.0 c
4395.0 6727.0 4339.0 6567.0 c
4038.0 6567.0 4326.0 8199.0 c
4326.0 8199.0 4294.0 8235.0 c
4294.0 8235.0 3366.0 6567.0 c
3352.0 6567.0 3352.0 7539.0 c
3352.0 7539.0 2820.0 7539.0 c
2820.0 7539.0 2820.0 6567.0 c
2805.0 6567.0 2805.0 8967.0 c
2805.0 8967.0 2409.0 8979.0 d
2709.0 8979.0 2709.0 10037.0 c
2714.0 8979.0 2709.0 8979.0 d
3386.0 9843.0 2714.0 8979.0 c
2714.0 8979.0 3386.0 8979.0 c
3386.0 8979.0 3386.0 9843.0 c
2709.0 10037.0 2409.0 10037.0 c
2409.0 10037.0 2409.0 8979.0 c
2400.0 8979.0 2409.0 8979.0 d
2400.0 8979.0 1800.0 10131.0 c
1800.0 10131.0 1344.0 10411.0 d
1344.0 10411.0 1920.0 11755.0 c
1920.0 11755.0 0.0 12331.0 c
0.0 12331.0 0.0 12593.0 d
0.0 12593.0 1456.0 12593.0 c
1461.0 12593.0 1456.0 12593.0 d
1461.0 12593.0 2207.0 12593.0 c
2207.0 12593.0 2470.0 12593.0 d
2470.0 12593.0 3754.0 12593.0 c
3754.0 12593.0 3768.0 12593.0 d
3768.0 12593.0 4488.0 12593.0 c
4488.0 12593.0 4500.0 12593.0 d
4500.0 12593.0 6950.0 12593.0 c
6957.0 12593.0 6950.0 12593.0 d
6957.0 12593.0 8608.0 12593.0 c
8617.0 12593.0 8608.0 12593.0 d
8617.0 12593.0 10457.0 12593.0 c
10457.0 12593.0 10457.0 12641.0 c
10457.0 12641.0 9193.0 13093.0 c
9193.0 13093.0 8693.0 12793.0 c
8693.0 12793.0 8617.0 12593.0 c
8608.0 12593.0 8608.0 14077.0 c
8608.0 14077.0 6957.0 14077.0 c
6957.0 14077.0 6957.0 12593.0 c
6950.0 12593.0 6950.0 13533.0 c
6950.0 13533.0 4500.0 12677.0 c
4973.0 12587.0 4500.0 12677.0 d
4973.0 12587.0 4973.0 10411.0 c
4973.0 10411.0 4968.0 10411.0 d
4968.0 10411.0 4968.0 11399.0 c
5126.0 10406.0 4968.0 10411.0 d
5126.0 10406.0 5126.0 8979.0 c
5126.0 8979.0 5114.0 8979.0 d
5114.0 8979.0 5114.0 9260.0 c
5114.0 9260.0 3399.0 9260.0 c
3399.0 9260.0 3399.0 8979.0 c
3399.0 8979.0 5114.0 8979.0 c
5126.0 8979.0 6331.0 8979.0 c
6331.0 8979.0 6879.0 9591.0 d
6343.0 8979.0 7687.0 8979.0 c
7694.0 8979.0 7687.0 8979.0 d
7694.0 8979.0 9038.0 8979.0 c
9038.0 8979.0 8846.0 9747.0 c
8846.0 9747.0 7694.0 9747.0 c
7694.0 9747.0 7694.0 8979.0 c
7687.0 8979.0 6879.0 9591.0 c
6879.0 9591.0 6343.0 8979.0 c
6331.0 8979.0 6331.0 10406.0 c
6331.0 10406.0 5126.0 10406.0 c
4968.0 11399.0 4344.0 11915.0 c
3952.0 11734.0 4344.0 11915.0 d
4335.0 11734.0 3952.0 11734.0 c
3952.0 11734.0 3952.0 10411.0 c
3952.0 10411.0 3945.0 10411.0 d
3945.0 10411.0 3017.0 11667.0 c
3017.0 11667.0 3017.0 10411.0 c
3007.0 10411.0 3017.0 10411.0 d
3007.0 10411.0 2815.0 10871.0 c
2815.0 10871.0 2319.0 10411.0 c
2304.0 10411.0 2319.0 10411.0 d
2304.0 10411.0 2304.0 10775.0 c
2304.0 10775.0 1932.0 10411.0 c
1932.0 10411.0 2304.0 10411.0 c
2319.0 10411.0 3007.0 10411.0 c
3017.0 10411.0 3945.0 10411.0 c
3952.0 10411.0 4335.0 10411.0 c
4335.0 10411.0 4335.0 11734.0 c
4344.0 11915.0 4344.0 10411.0 c
4344.0 10411.0 4968.0 10411.0 c
4973.0 10411.0 5709.0 10411.0 c
5714.0 10411.0 5709.0 10411.0 d
5714.0 10411.0 6806.0 10411.0 c
6814.0 10411.0 6806.0 10411.0 d
6814.0 10411.0 7486.0 10411.0 c
7486.0 10411.0 8030.0 10411.0 d
7494.0 10411.0 8030.0 10411.0 c
8035.0 10411.0 8030.0 10411.0 d
8035.0 10411.0 9502.0 10411.0 c
9502.0 10411.0 9502.0 10917.0 c
9502.0 10917.0 8035.0 10917.0 c
8035.0 10917.0 8035.0 10411.0 c
8030.0 10411.0 7494.0 11947.0 c
7494.0 11947.0 7494.0 10411.0 c
7486.0 10411.0 6814.0 11083.0 c
6814.0 11083.0 6814.0 10411.0 c
6806.0 10411.0 6482.0 11083.0 c
6482.0 11083.0 5714.0 10411.0 c
5709.0 10411.0 5709.0 12587.0 c
5709.0 12587.0 4973.0 12587.0 c
4500.0 12677.0 4500.0 12593.0 c
4488.0 12593.0 4488.0 14645.0 c
4488.0 14645.0 3768.0 13589.0 c
3768.0 13589.0 3768.0 12593.0 c
3754.0 12593.0 2242.0 14393.0 c
2242.0 14393.0 2222.0 14293.0 c
2222.0 14293.0 2470.0 12593.0 c
2207.0 12593.0 2207.0 13509.0 c
2207.0 13509.0 1461.0 13509.0 c
1461.0 13509.0 1461.0 12593.0 c
1456.0 12593.0 1456.0 15473.0 c
1456.0 15473.0 1152.0 15473.0 c
1152.0 15473.0 730.0 15480.0 d
730.0 15480.0 2650.0 15480.0 c
2650.0 15480.0 2659.0 15480.0 d
2659.0 15480.0 3395.0 15480.0 c
3402.0 15480.0 3395.0 15480.0 d
3402.0 15480.0 4362.0 15480.0 c
4362.0 15480.0 4362.0 16728.0 c
4362.0 16728.0 4373.0 16248.0 d
4373.0 16248.0 4373.0 15480.0 c
4373.0 15480.0 6461.0 15480.0 c
6461.0 15480.0 6471.0 15480.0 d
6471.0 15480.0 7927.0 15480.0 c
7927.0 15480.0 7936.0 15480.0 d
7936.0 15480.0 8848.0 15480.0 c
8854.0 15480.0 8848.0 15480.0 d
8854.0 15480.0 9574.0 15480.0 c
9574.0 15480.0 9574.0 17896.0 c
9574.0 17896.0 8854.0 17400.0 c
8854.0 17400.0 8854.0 15480.0 c
8848.0 15480.0 7936.0 17112.0 c
7936.0 17112.0 7936.0 15480.0 c
7927.0 15480.0 7927.0 17208.0 c
7927.0 17208.0 6471.0 17896.0 c
6471.0 17896.0 6471.0 15480.0 c
6461.0 15480.0 5465.0 16648.0 c
5465.0 16648.0 4373.0 16248.0 c
4362.0 16728.0 3402.0 15480.0 c
3395.0 15480.0 3395.0 16920.0 c
3395.0 16920.0 2659.0 17496.0 c
2659.0 17496.0 2029.0 17911.0 d
2029.0 17911.0 3793.0 17911.0 c
2029.0 17911.0 2016.0 17911.0 d
2016.0 17911.0 2016.0 18679.0 c
2016.0 18679.0 480.0 18487.0 c
480.0 18487.0 0.0 17911.0 c
0.0 17911.0 2016.0 17911.0 c
3793.0 17911.0 3661.0 19261.0 c
3661.0 19261.0 2029.0 17911.0 c
2659.0 17496.0 2659.0 15480.0 c
720.0 15480.0 730.0 15480.0 d
720.0 15480.0 720.0 16956.0 c
720.0 16956.0 0.0 16956.0 c
0.0 16956.0 0.0 15480.0 c
0.0 15480.0 720.0 15480.0 c
2650.0 15480.0 2650.0 16440.0 c
2650.0 16440.0 1690.0 16440.0 c
1690.0 16440.0 826.0 16152.0 c
826.0 16152.0 730.0 15480.0 c
1152.0 15473.0 0.0 14897.0 c
0.0 14897.0 0.0 12593.0 c
0.0 12331.0 0.0 10411.0 c
0.0 10411.0 1344.0 10411.0 c
1800.0 10131.0 0.0 9075.0 c
0.0 9075.0 0.0 8979.0 c
0.0 8979.0 2400.0 8979.0 c
2409.0 8979.0 2709.0 8979.0 c
2805.0 8967.0 2085.0 7871.0 c
2085.0 7871.0 2085.0 6567.0 c
1056.0 6567.0 1041.0 6567.0 d
1041.0 6567.0 1041.0 7810.0 c
1041.0 7810.0 0.0 7810.0 c
0.0 7810.0 0.0 6567.0 c
0.0 6567.0 1041.0 6567.0 c
2070.0 6567.0 2070.0 7768.0 c
2070.0 7768.0 1056.0 7768.0 c
1056.0 7768.0 1056.0 6567.0 c
1248.0 6552.0 0.0 6428.0 c
0.0 6428.0 0.0 4452.0 c
0.0 4452.0 1248.0 4452.0 c
1259.0 4452.0 1883.0 4452.0 c
1895.0 4452.0 2567.0 4452.0 c
2557.0 4423.0 2557.0 2503.0 c
2557.0 2503.0 2552.0 2503.0 d
2552.0 2503.0 2552.0 2539.0 c
2552.0 2539.0 152.0 3423.0 c
152.0 3423.0 0.0 2503.0 c
0.0 2503.0 2552.0 2503.0 c
2557.0 2503.0 4285.0 2503.0 c
6100.0 2503.0 6110.0 2503.0 d
6110.0 2503.0 7646.0 2503.0 c
7654.0 2503.0 7646.0 2503.0 d
7654.0 2503.0 8822.0 2503.0 c
8822.0 2503.0 8422.0 3079.0 c
8422.0 3079.0 7654.0 2503.0 c
7646.0 2503.0 7646.0 4439.0 c
7646.0 4439.0 6110.0 2503.0 c
6100.0 2503.0 6032.0 2983.0 c
6032.0 2983.0 4324.0 2503.0 c
4739.0 2496.0 4067.0 0.0 c
4060.0 0.0 3580.0 384.0 c
3580.0 384.0 2140.0 0.0 c
2129.0 0.0 2129.0 2016.0 c
2129.0 2016.0 1285.0 1536.0 c
1285.0 1536.0 1285.0 0.0 c
1248.0 0.0 1276.0 48.0 c
1276.0 48.0 96.0 768.0 c
96.0 768.0 0.0 0.0 c
