Processando arquivo: jotika40_mod_sep.txt

Tempo de Inicio (hh:mm:ss.ms) 2026-04-26 15:05:54.860935
Tempo de Termino (hh:mm:ss.ms) 2026-04-26 15:05:55.757345
Tempo Total (hh:mm:ss.ms) 0:00:00.896410

Função Objetivo: 10188.052694784717

0.0 0.0 65.98808532485846 5.1010058208807045 d
66.3824028786496 0.0 0.0 858.7419460088289 c
0.0 858.7419460088289 964.7909702892117 1753.3561261072032 c
964.7909702892117 1753.3561261072032 730.0806791941892 1766.3561261072032 d
730.0806791941892 1766.3561261072032 0.0 2466.5460517420333 c
0.0 2466.5460517420333 2276.226074821883 4063.447539686731 c
2276.226074821883 4063.447539686731 2303.4689418047415 4042.833988418538 c
2303.4689418047415 4042.833988418538 2513.492959135425 4141.446502925631 d
2513.492959135425 4141.446502925631 1372.9739465816604 4069.447539686731 c
1372.9739465816604 4069.447539686731 1314.622002575869 4069.4475396867315 d
1314.622002575869 4069.4475396867315 0.0 4500.440262004499 c
0.0 4500.440262004499 207.21169920962052 5110.402640775349 c
207.21169920962052 5110.402640775349 1314.622002575869 4069.4475396867315 c
1372.9739465816604 4069.447539686731 1346.8567671757344 4453.896177978441 c
1346.8567671757344 4453.896177978441 1327.622002575869 4838.051363357096 c
1327.622002575869 4838.051363357096 2462.1738421622968 4910.390709648482 c
2462.1738421622968 4910.390709648482 3595.34252870997 4984.45577591032 c
3595.34252870997 4984.45577591032 3660.6197036800772 5709.037918698629 d
3660.6197036800772 5709.037918698629 4635.047186515129 5659.671197866376 c
4635.047186515129 5659.671197866376 5620.556288384905 5614.765416151581 c
5620.556288384905 5614.765416151581 5574.672182562113 4844.171148916947 c
5574.672182562113 4844.171148916947 5635.556288384905 4582.399264324055 d
5635.556288384905 4582.399264324055 6297.327061738785 4718.304668191291 c
6297.327061738785 4718.304668191291 6963.911610738365 4838.083466516374 c
6963.911610738365 4838.083466516374 7021.271244870169 4455.384409719961 c
7021.271244870169 4455.384409719961 7077.7274523671995 4069.4475396867306 c
7167.476975853087 4069.4475396867306 7077.7274523671995 4069.4475396867306 d
7167.476975853087 4069.4475396867306 7082.727452367199 6070.392292464449 c
7082.727452367199 6070.392292464449 8268.35714366796 6111.061705149695 c
8268.35714366796 6111.061705149695 7655.393228741959 6242.479519321215 d
8432.122269667854 6121.061705149696 7655.393228741959 6242.479519321215 c
8725.662976584726 6121.061705149696 8432.122269667854 6121.061705149696 d
8442.122269667856 6695.71171929139 8682.34822207965 6718.275434168727 c
8682.34822207965 6718.275434168727 8912.930019312193 6744.817455811276 c
8912.930019312193 6744.817455811276 8820.493106780723 6429.865092830967 c
8820.493106780723 6429.865092830967 8725.662976584726 6121.061705149696 c
8725.662976584726 6121.061705149696 8590.186407953732 6407.796324912987 c
8590.186407953732 6407.796324912987 8925.930019312194 7188.851753529928 d
8925.930019312194 7188.851753529928 8964.371879288028 7886.491206867945 c
8964.371879288028 7886.491206867945 8998.872568807232 8590.674164404776 c
8998.872568807232 8590.674164404776 8899.29385227982 8791.313354150847 d
8899.29385227982 8791.313354150847 8236.753203641234 8600.674164404776 c
8236.753203641234 8600.674164404776 7970.261136666482 9507.972029579676 c
7970.261136666482 9507.972029579676 7959.261136666483 9480.584448492715 d
7959.261136666483 9480.584448492715 7056.691244959256 8675.758668920542 c
7056.691244959256 8675.758668920542 6779.9430589165295 8600.674164404776 c
6779.9430589165295 8600.674164404776 6056.978092862102 9311.921383724224 d
6056.978092862102 9311.921383724224 5964.421263056799 8600.674164404776 c
5964.421263056799 8600.674164404776 5281.128707547396 8685.41477972687 c
5281.128707547396 8685.41477972687 5274.128707547396 8600.674164404776 d
5274.128707547396 8600.674164404776 3842.0799922609554 8931.775964751248 c
3766.0939380081254 8844.945083108692 3842.0799922609554 8931.775964751248 d
3766.0939380081254 8844.945083108692 3832.0799922609554 8600.674164404776 c
3832.0799922609554 8600.674164404776 3522.4745405834024 8770.38097926373 c
3522.4745405834024 8770.38097926373 3604.368145391858 8923.267605672672 c
3513.4745405834024 8920.42066361071 3604.368145391858 8923.267605672672 d
3513.4745405834024 8920.42066361071 2709.9666085349245 8600.674164404776 c
2272.375200032777 8600.674164404776 2709.9666085349245 8600.674164404776 d
2272.375200032777 8600.674164404776 1495.1425891171598 10375.50408030731 c
1485.1425891171598 8962.760974039946 2272.375200032777 8600.674164404776 d
868.7532709594045 9265.65767699163 1485.1425891171598 8962.760974039946 c
1485.1425891171598 8962.760974039946 1203.4394184088992 8780.52042771638 c
1203.4394184088992 8780.52042771638 919.8153304654218 8600.674164404776 c
919.8153304654218 8600.674164404776 0.0 9054.024391208051 c
0.0 9054.024391208051 121.48615118898056 9313.132200378666 c
121.48615118898056 9313.132200378666 241.3803403320976 9563.129876632536 c
241.3803403320976 9563.129876632536 868.7532709594045 9265.65767699163 c
1495.1425891171598 10375.50408030731 2168.0791450620127 10860.125927327777 c
2168.0791450620127 10860.125927327777 2272.375200032777 8600.674164404776 c
2709.9666085349245 8600.674164404776 2279.375200032777 9702.323864045256 c
2279.375200032777 9702.323864045256 3513.4745405834024 8920.42066361071 c
3604.368145391858 8923.267605672672 3692.0367160467554 9077.638423176524 c
3692.0367160467554 9077.638423176524 3766.0939380081254 8844.945083108692 c
3842.0799922609554 8931.775964751248 4454.250289449846 10741.07387211483 c
4454.250289449846 10741.07387211483 5274.128707547396 8600.674164404776 c
5281.128707547396 8685.41477972687 5425.069116708015 9949.937612010548 c
5425.069116708015 9949.937612010548 6056.978092862102 9311.921383724224 c
6779.9430589165295 8600.674164404776 6070.978092862102 11220.066213956714 c
6070.978092862102 11220.066213956714 7395.967740165089 11569.286024870697 c
7395.967740165089 11569.286024870697 8144.105250412328 11735.055745869946 d
8144.105250412328 11735.055745869946 5542.054782581671 11579.286024870697 c
5542.054782581671 11579.286024870697 5520.0134702372525 11579.286024870697 d
5520.0134702372525 11579.286024870697 4848.421797779229 11893.820180017889 c
4848.421797779229 11893.820180017889 4160.241508967103 12204.059359026778 c
4160.241508967103 12204.059359026778 4179.4319214218685 12235.009555896935 c
4179.4319214218685 12235.009555896935 4189.380182427001 12261.416859057384 c
4189.380182427001 12261.416859057384 3611.707492575737 12747.563935766895 d
3611.707492575737 12747.563935766895 3077.4105587279028 11579.286024870697 c
3077.4105587279028 11579.286024870697 2732.8028352090146 11740.034927306511 c
2732.8028352090146 11740.034927306511 2379.4295158429986 11902.35924075351 c
2379.4295158429986 11902.35924075351 2802.7399357245135 12833.213727643037 c
2373.429515842999 12659.135889027395 2802.7399357245135 12833.213727643037 d
2373.429515842999 12659.135889027395 996.2564768526518 11579.286024870697 c
996.2564768526518 11579.286024870697 0.0 12838.346527248079 c
0.0 12838.346527248079 1392.9841450340514 13897.107847645098 c
1392.9841450340514 13897.107847645098 2373.429515842999 12659.135889027395 c
2802.7399357245135 12833.213727643037 3226.7507469769307 13760.30570726196 c
3226.7507469769307 13760.30570726196 3688.160870989702 13845.312629438014 c
3476.932145382979 13987.295556878986 3688.160870989702 13845.312629438014 d
3476.932145382979 13987.295556878986 2458.725046025148 14739.491340926077 c
2446.7250460251485 15313.391637674877 2458.725046025148 14739.491340926077 d
2446.7250460251485 15313.391637674877 1322.1889500875911 14618.415428083996 c
1322.1889500875911 14618.415428083996 189.83941099155436 13931.898820484621 c
189.83941099155436 13931.898820484621 87.65157908050969 14810.65489297824 c
87.65157908050969 14810.65489297824 0.0 15683.42186975722 c
0.0 15683.42186975722 814.9773940385599 16184.048572476611 c
814.9773940385599 16184.048572476611 1618.4060740553318 16681.301027463975 c
1618.4060740553318 16681.301027463975 2032.7740834545893 15994.571034254346 c
2032.7740834545893 15994.571034254346 2446.7250460251485 15313.391637674877 c
2458.725046025148 14739.491340926077 4768.27471041139 14625.69451000024 c
4768.27471041139 14625.69451000024 4736.559350844492 13931.898820484621 c
4736.559350844492 13931.898820484621 3476.932145382979 13987.295556878986 c
3688.160870989702 13845.312629438014 4151.241508967103 13917.898820484621 c
4151.241508967103 13917.898820484621 3611.707492575737 12747.563935766895 c
4189.380182427001 12261.416859057384 4856.293792323272 12344.011479816496 c
4856.293792323272 12344.011479816496 5525.985189958313 12417.622869732377 c
5525.985189958313 12417.622869732377 5525.540827045611 12001.15551162928 c
5525.540827045611 12001.15551162928 5520.0134702372525 11579.286024870697 c
5542.054782581671 11579.286024870697 5533.985189958313 11677.288095021491 c
5533.985189958313 11677.288095021491 7419.710675428076 12946.58909901303 c
7419.710675428076 12946.58909901303 8144.105250412328 11735.055745869946 c
7395.967740165089 11569.286024870697 7959.261136666483 9480.584448492715 c
7970.261136666482 9507.972029579676 8337.741694237564 10657.557980131765 c
8337.741694237564 10657.557980131765 8899.29385227982 8791.313354150847 c
8998.872568807232 8590.674164404776 9599.510525690808 8565.524322388961 c
9599.510525690808 8565.524322388961 10205.323924134598 8531.017507605324 c
10205.323924134598 8531.017507605324 10141.755298830687 7328.81829166454 c
10141.755298830687 7328.81829166454 10084.715222339297 6121.061705149696 c
10084.715222339297 6121.061705149696 9829.262724749444 6136.257119636037 c
9829.262724749444 6136.257119636037 9580.666072195636 6148.604975860454 c
9580.666072195636 6148.604975860454 8925.930019312194 7188.851753529928 c
8590.186407953732 6407.796324912987 8442.122269667856 6695.71171929139 c
7655.393228741959 6242.479519321215 7428.638991028508 6624.250027312538 c
7428.638991028508 6624.250027312538 7297.395569383308 6715.908329789057 d
7297.395569383308 6715.908329789057 7418.638991028509 6160.965988759404 c
7418.638991028509 6160.965988759404 7403.863268075908 6142.176087902892 c
7403.863268075908 6142.176087902892 7388.647114599743 6121.061705149696 c
7388.647114599743 6121.061705149696 6382.339470129258 6750.637331021281 c
6382.339470129258 6750.637331021281 5375.454044074584 7379.014137965407 c
4924.97223091347 6770.645446779021 5375.454044074584 7379.014137965407 d
5362.454044074584 7044.74166688621 5222.673402502778 6582.76101009572 c
5222.673402502778 6582.76101009572 5076.754428437918 6121.061705149696 c
5076.754428437918 6121.061705149696 4779.676508756998 6314.8032592975105 c
4779.676508756998 6314.8032592975105 4486.692171671275 6502.545965768646 c
4486.692171671275 6502.545965768646 4422.367650110077 6458.914679902674 d
4422.367650110077 6458.914679902674 3838.043294522691 6284.473911288614 c
3838.043294522691 6284.473911288614 3261.8049784651657 6121.061705149696 c
3261.8049784651657 6121.061705149696 2785.499495290823 6766.795594424194 c
2307.588320388088 6180.235197963636 2785.499495290823 6766.795594424194 d
2307.588320388088 6180.235197963636 2270.9123861749285 6121.061705149696 c
2270.9123861749285 6121.061705149696 0.0 6816.97590079401 c
0.0 6816.97590079401 507.14786677329107 7506.511328757813 c
507.14786677329107 7506.511328757813 2307.588320388088 6180.235197963636 c
2785.499495290823 6766.795594424194 2316.588320388088 7405.928706002799 c
2316.588320388088 7405.928706002799 3389.987184428318 7322.867585083717 c
3389.987184428318 7322.867585083717 4473.692171671275 7249.075801092535 c
4473.692171671275 7249.075801092535 4446.1504574707205 6857.50121431805 c
4446.1504574707205 6857.50121431805 4422.367650110077 6458.914679902674 c
4486.692171671275 6502.545965768646 4924.97223091347 6770.645446779021 c
4924.97223091347 6770.645446779021 5362.454044074584 7044.74166688621 c
5375.454044074584 7379.014137965407 6276.676279376518 7322.533856580767 c
6276.676279376518 7322.533856580767 7167.646407703982 7263.622215090057 c
7167.646407703982 7263.622215090057 7297.395569383308 6715.908329789057 c
7428.638991028508 6624.250027312538 7953.152588360974 6927.632621463509 c
7953.152588360974 6927.632621463509 8432.122269667854 6121.061705149696 c
8268.35714366796 6111.061705149695 8346.204642118677 4235.340896476837 c
8346.204642118677 4235.340896476837 7167.476975853087 4069.4475396867306 c
7117.702390880831 3786.8374104146774 7077.7274523671995 4069.4475396867306 d
7117.702390880831 3786.8374104146774 8112.566516028575 3107.1232043665755 c
8112.566516028575 3107.1232043665755 9119.431586065928 2421.382779976373 c
9119.431586065928 2421.382779976373 8859.055285505987 2100.9257218545895 c
8859.055285505987 2100.9257218545895 8596.168707389183 1766.3561261072032 c
8596.168707389183 1766.3561261072032 7853.41902173077 2781.215889995433 c
7853.41902173077 2781.215889995433 7117.702390880831 3786.8374104146774 c
7077.7274523671995 4069.4475396867306 6358.394430774839 4331.499108944084 c
6358.394430774839 4331.499108944084 5635.556288384905 4582.399264324055 c
5574.672182562113 4844.171148916947 5541.927961311369 4069.447539686731 c
5541.927961311369 4069.447539686731 6145.302972961455 3641.790115950816 d
5920.537513217118 3676.5001939579806 6024.803547128065 3665.637342885653 c
6024.803547128065 3665.637342885653 6145.302972961455 3641.790115950816 c
6145.302972961455 3641.790115950816 6355.421230105023 3411.3696216915396 c
6573.551061295015 3458.5944519709187 6355.421230105023 3411.3696216915396 d
6573.551061295015 3458.5944519709187 6840.689068690233 3388.593398347333 c
6840.689068690233 3388.593398347333 7111.702390880831 3324.6578138229083 c
7111.702390880831 3324.6578138229083 6917.015452492437 2543.3877688892576 c
6917.015452492437 2543.3877688892576 6728.135125866824 1766.3561261072032 c
6488.217263268055 1362.5608947078729 6728.135125866824 1766.3561261072032 d
6488.217263268055 1362.5608947078729 6818.27457674128 978.7845103598394 c
6823.27457674128 1054.3190303861477 6818.27457674128 978.7845103598394 d
6823.27457674128 1054.3190303861477 7569.010260370616 584.746835214394 c
7569.010260370616 584.746835214394 8315.065977642531 109.03414100563441 c
8407.96326102958 213.2631973395128 8315.065977642531 109.03414100563441 d
8407.96326102958 213.2631973395128 8360.893935377142 232.81273863853036 c
8360.893935377142 232.81273863853036 8323.065977642531 256.14983333155504 c
8323.065977642531 256.14983333155504 9309.925580459767 699.7831705500643 c
9309.925580459767 699.7831705500643 10306.395999141561 1141.8692059688385 c
10306.395999141561 1141.8692059688385 10148.49654673181 574.5091834541751 c
10148.49654673181 574.5091834541751 9982.662615087987 0.0 c
9982.662615087987 0.0 9190.410335549615 113.56210257418246 c
9190.410335549615 113.56210257418246 8407.96326102958 213.2631973395128 c
8315.065977642531 109.03414100563441 7611.2491544515315 53.35215769738602 c
7611.2491544515315 53.35215769738602 6891.360611957651 0.0 c
6891.360611957651 0.0 6853.8617212949675 532.5677044153804 c
6853.8617212949675 532.5677044153804 6823.27457674128 1054.3190303861477 c
6818.27457674128 978.7845103598394 5266.142933189443 0.0 c
5258.142933189443 301.02841235843454 5266.142933189443 0.0 d
5258.142933189443 301.02841235843454 4727.950678511728 0.0 c
3992.3198100819204 219.40314471727112 4727.950678511728 0.0 d
3992.3198100819204 219.40314471727112 2501.0431786188256 0.0 c
2501.0431786188256 0.0 2162.2712714331183 276.08097309312427 d
2162.2712714331183 276.08097309312427 1828.521916066211 0.0 c
1828.521916066211 0.0 1625.447231437291 244.96569592340927 c
1625.447231437291 244.96569592340927 1429.7498825105117 497.99993815339207 c
1429.7498825105117 497.99993815339207 1969.5904633167208 527.7568408133375 c
1969.5904633167208 527.7568408133375 2495.0431786188256 560.5016225914463 c
2495.0431786188256 560.5016225914463 2162.2712714331183 276.08097309312427 c
2501.0431786188256 0.0 3330.9859183452354 855.5669618372533 c
3330.9859183452354 855.5669618372533 3992.3198100819204 219.40314471727112 c
4727.950678511728 0.0 4001.3198100819204 1270.8472403213434 c
4001.3198100819204 1270.8472403213434 3260.180495420863 1944.7508234076602 d
3260.180495420863 1944.7508234076602 2311.4689418047415 1766.3561261072032 c
3274.180495420863 1766.3561261072032 3260.180495420863 1944.7508234076602 d
3274.180495420863 1766.3561261072032 3452.3909893913838 2102.9048352360705 c
3452.3909893913838 2102.9048352360705 3642.2948008232092 2443.297513020002 c
3642.2948008232092 2443.297513020002 4074.2785053058105 2236.928044080839 c
4074.2785053058105 2236.928044080839 4506.664505526076 2040.8549446453103 c
4506.664505526076 2040.8549446453103 3885.8678445978067 1900.169106658323 c
3885.8678445978067 1900.169106658323 3274.180495420863 1766.3561261072032 c
2311.4689418047415 1766.3561261072032 2703.811728640866 2322.409476855853 c
2703.811728640866 2322.409476855853 3260.180495420863 1944.7508234076602 c
4001.3198100819204 1270.8472403213434 4779.948786466142 1132.102902876894 c
4779.948786466142 1132.102902876894 5258.142933189443 301.02841235843454 c
5266.142933189443 0.0 6488.217263268055 1362.5608947078729 c
6728.135125866824 1766.3561261072032 6573.551061295015 3458.5944519709187 c
6355.421230105023 3411.3696216915396 6568.551061295016 3187.5835519600214 c
6568.551061295016 3187.5835519600214 6464.613798081229 2478.289920918236 c
6464.613798081229 2478.289920918236 6373.05839606235 1775.5141473219073 c
6373.05839606235 1775.5141473219073 6316.077610563545 1766.3561261072032 c
6316.077610563545 1766.3561261072032 6112.492352087564 2723.612467738559 c
6112.492352087564 2723.612467738559 5912.537513217119 2572.6194099966683 d
5912.537513217119 2572.6194099966683 5875.409431929012 1766.3561261072032 c
5875.409431929012 1766.3561261072032 4671.9189398651815 1834.2988256134759 c
4671.9189398651815 1834.2988256134759 4514.664505526076 2643.5962010599455 c
4514.664505526076 2643.5962010599455 5912.537513217119 2572.6194099966683 c
6112.492352087564 2723.612467738559 5920.537513217118 3676.5001939579806 c
5541.927961311369 4069.447539686731 4606.2566219785695 4888.458796698143 c
4606.2566219785695 4888.458796698143 3660.6197036800772 5709.037918698629 c
3595.34252870997 4984.45577591032 3628.5113316991437 4603.846486568261 c
3628.5113316991437 4603.846486568261 3651.619703680077 4217.232004130193 c
3651.619703680077 4217.232004130193 2513.492959135425 4141.446502925631 c
2303.4689418047415 4042.833988418538 730.0806791941892 1766.3561261072032 c
964.7909702892117 1753.3561261072032 1422.7498825105117 1261.5334686990439 c
1422.7498825105117 1261.5334686990439 66.3824028786496 0.0 c
65.98808532485846 5.1010058208807045 0.0 0.0 d
