Processando arquivo: jotika60_mod_pack.txt

Tempo de Inicio (hh:mm:ss.ms) 2026-04-26 15:00:26.186648
Tempo de Termino (hh:mm:ss.ms) 2026-04-26 15:00:28.519625
Tempo Total (hh:mm:ss.ms) 0:00:02.332977

Função Objetivo: 14610.145251445187

0.0 0.0 325.75412685934725 561.0916925189435 d
58.62901385513533 716.1770539831996 0.0 1299.7190513007788 c
0.0 1299.7190513007788 647.0842078030657 654.0525876978146 c
647.0842078030657 654.0525876978146 1292.2004784345215 0.0 c
1292.2004784345215 0.0 1443.9127840291603 311.93508243671755 d
1443.9127840291603 311.93508243671755 1366.9892718330698 890.0870129096261 c
1366.9892718330698 890.0870129096261 1292.2004784345218 1469.1466713885497 c
1292.2004784345218 1469.1466713885497 1615.7482297594584 1505.6299588535057 c
1615.7482297594584 1505.6299588535057 1931.170422586194 1551.4986853569671 c
1931.170422586194 1551.4986853569671 2034.9577522762083 777.9987086224572 c
2034.9577522762083 777.9987086224572 2136.6181570870453 6.477253181174268e-13 c
2136.6181570870453 6.477253181174268e-13 3268.063176926564 1980.1309567821602 c
2855.663465231834 2060.5429375044687 3268.063176926564 1980.1309567821602 d
2855.663465231834 2060.5429375044687 3917.3684800499345 4012.5976776969533 c
3917.3684800499345 4012.5976776969533 3693.9018319624774 4507.92835681873 d
3608.545992253038 4473.71438156315 2054.352930822748 5665.8643135034745 c
2054.3529308227476 5031.964674947637 2054.352930822748 5665.8643135034745 d
2054.3529308227476 5031.964674947637 1477.3207932093776 4473.71438156315 c
1477.3207932093776 4473.71438156315 0.0 5997.371834100986 c
0.0 5997.371834100986 784.2820085377316 6059.1981507901055 c
784.2820085377316 6059.1981507901055 2054.3529308227476 5031.964674947637 c
2054.352930822748 5665.8643135034745 2838.5720391437244 6593.961112117295 c
2838.5720391437244 6593.961112117295 2870.6069619162367 6890.745538386136 d
2870.6069619162367 6890.745538386136 2005.0583263242852 7354.228136363534 c
2870.606961916237 6890.745538386136 2870.6069619162367 6890.745538386136 d
2870.606961916237 6890.745538386136 3209.1367451737997 9231.83709686758 c
3209.1367451737997 9231.83709686758 2813.666215479531 9654.92902517458 d
2813.666215479531 9654.92902517458 2139.774974650884 9445.059027741707 c
2813.6662154795313 9707.581509085372 2813.666215479531 9654.92902517458 d
2813.6662154795313 9707.581509085372 4650.491061634949 10345.089902602913 c
4650.491061634949 10161.173935948775 4650.491061634949 10345.089902602913 d
4650.491061634949 10161.173935948775 4995.168262251692 9964.139680322993 c
4995.168262251692 9964.139680322993 5333.009286657701 9763.709053172252 c
5333.009286657701 9763.709053172252 5178.545317216799 9501.33146192592 c
5178.545317216799 9501.33146192592 5022.331937071009 9231.83709686758 c
4809.150609648058 8851.928457986065 5022.331937071009 9231.83709686758 d
4809.150609648058 8851.928457986065 5149.695107790541 8562.202465676188 c
5149.695107790541 8562.202465676188 5493.442156831071 8279.349300546583 c
5493.442156831071 8279.349300546583 5462.96466649711 7589.40047299407 c
5540.01728710456 7661.570909344527 5462.96466649711 7589.40047299407 d
5540.01728710456 7661.570909344527 6091.174648426465 8058.830632735259 c
6091.174648426465 8058.830632735259 6652.926486469901 8449.675229021834 c
6652.926486469901 8449.675229021834 6672.203207400046 8438.124941145828 c
6672.203207400046 8438.124941145828 6695.59760620014 8426.931269568035 c
6695.59760620014 8426.931269568035 5616.795009645855 6890.745538386136 c
5616.795009645855 6890.745538386136 5553.247795916486 6974.204798600907 c
5553.247795916486 6974.204798600907 5493.442156831071 7071.0934896828385 c
5493.442156831071 7071.0934896828385 5517.674862363717 7360.761911301608 c
5517.674862363717 7360.761911301608 5540.01728710456 7661.570909344527 c
5462.96466649711 7589.40047299407 5439.994569517253 6890.745538386136 c
5439.994569517253 6890.745538386136 5088.077620166942 6906.940594954034 c
5088.077620166942 6906.940594954034 4734.122849953032 6924.350878891401 c
4734.122849953032 6924.350878891401 4767.727785677683 7889.247461967454 c
4734.122849953032 7670.422750565082 4767.727785677683 7889.247461967454 d
4734.122849953032 7670.422750565082 4470.308596364141 7275.799573312951 c
4470.308596364141 7275.799573312951 4202.476995284297 6890.745538386136 c
4202.476995284297 6890.745538386136 3926.6528135619583 7095.221767767715 c
3926.6528135619583 7095.221767767715 3656.9815725592543 7305.710265000405 c
3656.9815725592543 7305.710265000405 4189.367589104506 7483.800224339455 c
4189.367589104506 7483.800224339455 4734.122849953032 7670.422750565082 c
4767.727785677683 7889.247461967454 4809.150609648058 8851.928457986065 c
5022.331937071009 9231.83709686758 4837.040354246373 9700.46936354854 c
4837.040354246373 9700.46936354854 4650.491061634949 10161.173935948775 c
4650.491061634949 10345.089902602913 3054.151464369207 9231.83709686758 c
3054.151464369207 9231.83709686758 2813.6662154795313 9707.581509085372 c
2139.774974650884 9445.059027741707 1465.6568989695807 9231.83709686758 c
915.1859295293185 9231.83709686758 1465.6568989695807 9231.83709686758 d
915.1859295293185 9231.83709686758 0.0 9507.921900547179 c
0.0 9507.921900547179 1223.0562053082822 11833.60241792756 c
1223.0562053082822 11833.60241792756 739.6846487044878 12172.734199634482 d
739.6846487044878 12172.734199634482 0.0 12304.8052639047 c
0.0 12304.8052639047 76.21231974271981 12754.090921460049 c
76.21231974271981 12754.090921460049 160.75167952849563 13214.201893960973 c
160.75167952849563 13214.201893960973 533.8316394310632 13139.91255144438 c
533.8316394310632 13139.91255144438 901.7432885524616 13078.30530018325 c
901.7432885524616 13078.30530018325 821.0459968308757 12621.029078511207 c
901.7432885524615 12618.410246482865 821.0459968308757 12621.029078511207 d
901.7432885524615 12618.410246482865 1049.464857542941 12985.989537116851 c
1049.464857542941 12985.989537116851 1190.4582957672333 13348.856649686799 c
1190.4582957672333 13348.856649686799 2212.3437742745214 12172.734199634482 c
2407.0793724912396 12511.284840461309 2212.3437742745214 12172.734199634482 d
2407.0793724912396 12511.284840461309 2212.3437742745214 12856.557317635921 c
2212.3437742745214 12856.557317635921 2831.728716243189 13200.4780061056 c
2831.728716243189 13200.4780061056 3449.1132098347352 13559.499552955214 c
3449.1132098347352 13559.499552955214 3232.101258128915 14124.368936025847 d
3232.101258128915 14124.368936025847 2768.1760281186353 14242.958153808622 c
3232.101258128915 14288.15761330836 3232.101258128915 14124.368936025847 d
3232.101258128915 14288.15761330836 3424.287315408608 15721.635641710009 c
3424.287315408608 15721.635641710009 3063.3081890597005 16079.928421673483 d
3063.3081890597005 16079.928421673483 2166.7476993253736 15936.683196519465 c
2166.7476993253736 15936.683196519465 1875.8365281965382 15936.683196519469 d
1875.8365281965382 15936.683196519469 820.2436059190107 16867.421002551106 c
820.2436059190107 16867.421002551106 586.1462831962061 16761.118403449094 d
586.1462831962061 16761.118403449094 820.2436059190109 15936.683196519467 c
820.2436059190109 15936.683196519467 411.61641041363106 16038.269894778721 c
411.61641041363106 16038.269894778721 0.0 16133.264004347111 c
0.0 16133.264004347111 178.19143143807867 16862.263772768176 c
178.19143143807867 16862.263772768176 353.68343639639653 17592.44816279982 c
353.68343639639653 17592.44816279982 586.1462831962061 16761.118403449094 c
820.2436059190107 16867.421002551106 1507.678901661469 17658.66486472956 c
1507.678901661469 17658.66486472956 1875.8365281965382 15936.683196519469 c
2166.7476993253736 15936.683196519465 1875.8365281965384 17732.82561669281 c
1875.8365281965384 17732.82561669281 2519.515969864956 17739.701048120463 c
2519.515969864956 17739.701048120463 2915.235882110698 16978.75934524739 c
2915.235882110698 16978.75934524739 3063.3081890597005 16079.928421673483 c
3617.5992398588915 15936.683196519467 3424.287315408608 15721.635641710009 d
3617.5992398588915 15936.683196519467 3336.5848553365727 16869.237564820713 c
3336.5848553365727 16869.237564820713 3063.3081890597005 17801.904771459394 c
3063.3081890597005 17801.904771459394 3656.418216957494 17610.17535626085 c
3656.418216957494 17610.17535626085 4249.230832054975 17427.841733250898 c
4249.230832054975 17427.841733250898 3935.1653945948615 16687.69241982777 c
3935.1653945948615 16687.69241982777 3617.5992398588915 15936.683196519467 c
3424.287315408608 15721.635641710009 4636.983357635371 15553.434956658184 c
4996.604171566856 15188.336716353719 4636.983357635371 15553.434956658184 d
4996.604171566856 15188.336716353719 5615.194155144564 14406.117975417232 c
5615.194155144564 14406.117975417232 5615.194155144564 14840.011147564062 d
5615.194155144564 14840.011147564062 5918.0533109614435 15390.491899847988 c
5918.0533109614435 15390.491899847988 6228.687764769185 15936.683196519467 c
6153.32175009207 15936.683196519467 6228.687764769185 15936.683196519467 d
6153.32175009207 15936.683196519467 5700.756237959577 16396.553090622812 c
5700.756237959577 16396.553090622812 5250.230265371591 16849.83095387988 c
5250.230265371591 16849.83095387988 5268.624790056039 16867.871145588866 c
5268.624790056039 16867.871145588866 5286.012019233707 16881.60790639842 c
5250.230265371591 17081.87820834032 5286.012019233707 16881.60790639842 d
5250.230265371591 17081.87820834032 5126.629305445038 15936.683196519467 c
5126.629305445038 15936.683196519467 4249.230832054975 16024.704896386613 c
4249.230832054975 16024.704896386613 5250.230265371591 17081.87820834032 c
5286.012019233707 16881.60790639842 5848.413831911931 16749.794181591882 c
5848.413831911931 16749.794181591882 6411.794687623887 16609.71621266167 c
6411.794687623887 16609.71621266167 6962.904184161812 16285.574590418904 d
6962.904184161812 16285.574590418904 7803.757111126944 16433.354137611263 c
7803.757111126945 16352.344040981614 7803.757111126944 16433.354137611263 d
7803.757111126945 16352.344040981614 8014.588338557813 16465.431578750125 c
8014.588338557813 16465.431578750125 8220.508571634762 16578.957386783048 c
8220.508571634762 16578.957386783048 8253.864369636482 16254.355497766224 c
8253.864369636482 16254.355497766224 8283.36566637217 15936.683196519467 c
8283.36566637217 15936.683196519467 8046.433546715419 16144.22598666766 c
8046.433546715419 16144.22598666766 7803.757111126945 16352.344040981614 c
7803.757111126944 16433.354137611263 7453.843614244632 15936.683196519467 c
7453.843614244632 15936.683196519467 6962.904184161812 16285.574590418904 c
6411.794687623887 16609.71621266167 6284.526698868484 16270.321942221277 c
6284.526698868484 16270.321942221277 6153.32175009207 15936.683196519467 c
6411.794687623886 16008.230936108312 6228.687764769185 15936.683196519467 d
6411.794687623886 16008.230936108312 6842.900027143378 16730.69700329913 c
6842.900027143378 16730.69700329913 6962.904184161812 16665.395834261843 c
6962.904184161812 16665.395834261843 6536.295895841246 15936.683196519469 c
6536.295895841246 15936.683196519469 6411.794687623886 16008.230936108312 c
6228.687764769185 15936.683196519467 7318.412088817144 15325.114021207419 c
7318.412088817144 15325.114021207419 8423.538891238097 14714.619589444173 c
8479.70629095079 14805.96608003535 8423.538891238097 14714.619589444173 d
8479.70629095079 14805.96608003535 9287.836141444288 14737.449880588454 c
9287.836141444288 14737.449880588454 10096.604063402541 14668.523817340822 c
10096.60406340254 14554.866416754303 10096.604063402541 14668.523817340822 d
10096.60406340254 14554.866416754303 10141.518543327189 15238.50433924827 c
10141.518543327189 15238.50433924827 10198.715154346919 15918.534331649353 c
10198.715154346919 15918.534331649353 10232.258553321599 15931.319529041462 c
10232.258553321599 15931.319529041462 10259.735842544233 15932.838171395459 c
10795.720244969976 16264.819868363174 10259.735842544233 15932.838171395459 d
10795.720244969976 16264.819868363174 9292.036481448436 15936.683196519467 c
9292.036481448436 15936.683196519467 8283.36566637217 17231.677798748336 c
8283.36566637217 17231.677798748336 9377.463876554964 18086.19428348616 c
9377.463876554964 18086.19428348616 10795.720244969976 16264.819868363174 c
10259.735842544233 15932.838171395459 10503.82421117633 15028.751506524071 c
10503.82421117633 15028.751506524071 10745.600772083888 14126.036555169321 c
10745.600772083888 14126.036555169321 10659.355045097918 14124.368936025847 c
10659.355045097918 14124.368936025847 10576.51514543924 14133.714383712078 c
10576.51514543924 14133.714383712078 10335.195167405383 14348.878324093384 c
10335.195167405383 14348.878324093384 10096.60406340254 14554.866416754303 c
10096.604063402541 14668.523817340822 9839.205520819925 14400.682863746477 c
9839.205520819925 14400.682863746477 9578.702418319437 14124.368936025847 c
9578.702418319437 14124.368936025847 9005.486363173828 14169.479651808377 c
9005.486363173828 14169.479651808377 8423.538891238099 14223.542216712449 c
8423.538891238099 14223.542216712449 8448.885856556986 14511.570032848818 c
8448.885856556986 14511.570032848818 8479.70629095079 14805.96608003535 c
8423.538891238097 14714.619589444173 8286.859863029851 14483.354890808663 c
8286.859863029851 14483.354890808663 8169.131979056699 14255.555352866091 c
8169.131979056699 14255.555352866091 7526.0109689468045 14194.29883537169 c
7526.0109689468045 14194.29883537169 6888.414910911777 14124.368936025847 c
6888.414910911777 14124.368936025847 6247.772115605994 14485.118157259318 c
6247.772115605994 14485.118157259318 5615.194155144564 14840.011147564062 c
5615.194155144564 14406.117975417232 5265.117972665469 14124.368936025847 c
5540.993970392827 14124.368936025847 5265.117972665469 14124.368936025847 d
5540.993970392827 14124.368936025847 7726.9731026734435 13474.0050489357 c
7726.9731026734435 12858.970515493482 7726.9731026734435 13474.0050489357 d
8200.346240935873 13038.751613252176 8675.090954311001 13228.53746326149 c
8675.090954311001 13228.53746326149 9304.383565589967 13078.192622526107 c
9304.383565589967 13078.192622526107 9938.500381189106 12938.287427398853 c
9938.500381189106 12938.287427398853 8968.287896730242 12557.53901007831 c
8968.287896730242 12557.53901007831 8002.583208023615 12172.734199634482 c
8002.583208023615 12172.734199634482 7865.752936716416 12517.629663141226 c
7865.752936716416 12517.629663141226 7726.9731026734435 12858.970515493482 c
7726.9731026734435 12858.970515493482 8200.346240935873 13038.751613252176 c
7726.9731026734435 13474.0050489357 7338.989594070545 12172.734199634482 c
7338.989594070545 12172.734199634482 5284.545829957491 12785.245814106525 c
5284.545829957491 13071.190797682943 5284.545829957491 12785.245814106525 d
5284.545829957491 13071.190797682943 5275.492694355186 12230.253372286481 c
5564.950491114007 11921.867288300906 5275.492694355186 12230.253372286481 d
5564.950491114007 11921.867288300906 5652.943434463214 12045.312873229004 c
5652.943434463214 12045.312873229004 5749.192539879048 12172.734199634484 c
5749.192539879048 12172.734199634484 6925.173816958693 11290.356668670482 c
6925.173816958693 11290.356668670482 8094.449617495255 10416.904984481047 c
8094.449617495255 10416.904984481047 7653.834800657579 9832.667529670975 c
8094.449617495254 9995.953496514196 7653.834800657579 9832.667529670975 d
8094.449617495254 9995.953496514196 8791.526708085794 10419.216244301646 c
8791.526708085794 10419.216244301646 8902.658590163057 10257.962152433547 d
8902.658590163057 10257.962152433547 9220.639005682213 10424.685761910183 c
9220.639005682213 10424.685761910183 9545.68771158117 10588.42969083693 c
9545.68771158117 10588.42969083693 9683.249341159315 9987.747034846016 c
9683.249341159315 9987.747034846016 9818.885892366017 9389.286552158968 c
9818.885892366017 9467.089199044787 9818.885892366017 9389.286552158968 d
9818.885892366017 9467.089199044787 11029.796059528262 9817.545657947125 c
11029.796059528262 9817.545657947125 11093.46891041602 9581.515744338456 c
11093.46891041602 9581.515744338456 9883.739261925786 9231.83709686758 c
9883.739261925786 9231.83709686758 9818.885892366017 9467.089199044787 c
9818.885892366017 9389.286552158968 9479.712722909735 9309.355923865556 c
9479.712722909735 9309.355923865556 9134.497638691695 9231.83709686758 c
9134.497638691695 9231.83709686758 9017.130029591981 9741.066245158967 c
9017.130029591981 9741.066245158967 8902.658590163057 10257.962152433547 c
8791.526708085794 10419.216244301646 8902.658590163057 9231.83709686758 c
8429.88292015652 9015.944983602729 8902.658590163057 9231.83709686758 d
8429.88292015652 9015.944983602729 8380.428276140243 6890.745538386136 c
8380.428276140243 6890.745538386136 6695.59760620014 6927.1065930882205 c
6695.59760620014 6927.1065930882205 8429.88292015652 9015.944983602729 c
8902.658590163057 9231.83709686758 8094.449617495254 9995.953496514196 c
7653.834800657579 9832.667529670975 7210.7465979592025 9231.83709686758 c
7210.7465979592025 9231.83709686758 5333.009286657701 10638.605753823551 c
5333.009286657701 10638.605753823551 5449.495939789618 11270.881051247576 c
5449.495939789618 11270.881051247576 5564.950491114007 11921.867288300906 c
5275.492694355186 12230.253372286481 4213.272503890333 12172.734199634482 c
4213.272503890333 12172.734199634482 5284.545829957491 13071.190797682943 c
5284.545829957491 12785.245814106525 5540.993970392827 14124.368936025847 c
5265.117972665469 14124.368936025847 4636.983357635371 14910.464233642046 c
4636.983357635371 14910.464233642046 4996.604171566856 15188.336716353719 c
4636.983357635371 15553.434956658184 4430.825080442338 14124.368936025847 c
4430.825080442338 14124.368936025847 3232.101258128915 14288.15761330836 c
2768.1760281186353 14242.958153808622 2300.1564128872033 14374.570706095505 c
2300.1564128872033 14174.037881712995 2300.1564128872033 14374.570706095505 d
2300.1564128872033 14174.037881712995 2277.0450631510103 14124.368936025847 c
2277.0450631510103 14124.368936025847 0.0 14750.328473315907 c
0.0 14750.328473315907 1750.0213696256064 15152.203513080072 c
1750.0213696256064 15152.203513080072 2300.1564128872033 14174.037881712995 c
2300.1564128872033 14374.570706095505 2466.1281162824093 14999.160421060096 c
2466.1281162824093 14999.160421060096 2643.906183717151 15622.543113396854 c
2643.906183717151 15622.543113396854 2932.3423702365344 14879.17484099759 c
2932.3423702365344 14879.17484099759 3232.101258128915 14124.368936025847 c
3449.1132098347352 13559.499552955214 3832.7603501224676 13324.249239914829 c
3832.7603501224676 13324.249239914829 4213.272503890333 13095.38715478648 c
4213.272503890333 13095.38715478648 3410.6106703781497 12632.146900256064 c
3410.6106703781497 12632.146900256064 2595.8179264054443 12172.734199634482 c
2595.8179264054443 12172.734199634482 2407.0793724912396 12511.284840461309 c
2212.3437742745214 12172.734199634482 1555.0433754118312 12395.196195241044 c
1555.0433754118312 12395.196195241044 901.7432885524615 12618.410246482865 c
821.0459968308757 12621.029078511207 739.6846487044878 12172.734199634482 c
1223.0562053082822 11833.60241792756 1258.086622237011 11825.175853978923 c
1258.086622237011 11825.175853978923 915.1859295293185 9231.83709686758 c
1465.6568989695807 9231.83709686758 1363.933135129584 9559.448207431895 c
1363.933135129584 9559.448207431895 1258.086622237011 9893.200091674378 c
1258.086622237011 9893.200091674378 1934.5578804151023 10106.659099343755 c
1934.5578804151023 10106.659099343755 2610.1073940740494 10315.684487871567 c
2610.1073940740494 10315.684487871567 2713.589176128216 9991.538211282663 c
2713.589176128216 9991.538211282663 2813.666215479531 9654.92902517458 c
3209.1367451737997 9231.83709686758 3656.9815725592543 6986.90836387413 c
3656.9815725592543 6986.90836387413 2870.606961916237 6890.745538386136 c
2005.0583263242852 7354.228136363534 1137.923472177203 7815.593645484407 c
574.4181780711007 7701.943639568178 1137.923472177203 7815.593645484407 d
574.4181780711007 7701.943639568178 1137.9234721772032 7125.545097058797 c
1137.9234721772032 7125.545097058797 893.6880559040238 7002.641508825985 c
893.6880559040238 7002.641508825985 653.2580321472456 6890.745538386136 c
653.2580321472456 6890.745538386136 334.01859885198047 7587.830230432427 c
334.01859885198047 7587.830230432427 0.0 8285.826255936494 c
0.0 8285.826255936494 574.4181780711007 7701.943639568178 c
1137.923472177203 7815.593645484407 1492.8232426081452 8071.846505696206 c
1492.8232426081452 8071.846505696206 1855.4798070866123 8329.476691246835 c
1855.4798070866123 8329.476691246835 2370.251273865264 7608.365731361069 c
2370.251273865264 7608.365731361069 2870.6069619162367 6890.745538386136 c
2838.5720391437244 6593.961112117295 3693.9018319624774 4507.92835681873 c
3693.9018319624774 4507.92835681873 3608.545992253038 4473.71438156315 c
2399.6778223983165 2060.5429375044687 2855.663465231834 2060.5429375044687 d
2855.6634652318344 2972.166480421215 2399.6778223983165 2060.5429375044687 c
2399.6778223983165 2060.5429375044687 0.0 3258.1473887757884 c
0.0 3258.1473887757884 47.917660090542505 3335.854812948343 c
47.917660090542505 3335.854812948343 2855.6634652318344 2972.166480421215 c
3917.3684800499345 4012.5976776969533 4503.042322625736 3686.981092625493 c
4503.042322625736 3686.981092625493 3926.3629820371198 2632.70979592841 c
3926.3629820371198 2632.70979592841 2855.663465231834 2060.5429375044687 c
3268.063176926564 1980.1309567821602 2980.1664902834495 36.8231683209101 c
2980.1664902834495 36.8231683209101 3375.4519747602053 0.0 d
3375.4519747602053 0.0 3324.2095881973246 650.7872706692849 c
3324.2095881973246 650.7872706692849 3268.0631769265647 1312.4081942690264 c
3268.0631769265647 1312.4081942690264 3815.6801834429266 1357.8399799928752 c
3815.6801834429266 1357.8399799928752 4356.5284940552165 1407.833529710033 c
4356.5284940552165 1407.833529710033 4413.701024516471 752.6533116052719 c
4413.701024516471 752.6533116052719 4478.372231033732 91.53887606719911 c
4478.372231033732 91.53887606719911 4478.372231033732 0.0 d
4478.372231033732 0.0 4760.770320742946 709.4837523563214 c
4760.770320742946 709.4837523563214 5036.678318767775 1412.8354467436816 c
4893.666089476174 2060.5429375044687 5036.678318767775 1412.8354467436816 d
4893.666089476174 2060.5429375044687 4503.042322625736 2122.0794411030265 c
4503.042322625736 2122.0794411030265 4944.185668785466 2440.7179853052685 c
4944.185668785466 2440.7179853052685 4893.666089476174 2060.5429375044687 c
5036.678318767775 1412.8354467436816 5074.722018986612 724.853887948708 c
5074.722018986612 724.853887948708 5116.711118318596 762.0297454996395 d
5116.711118318596 762.0297454996395 6247.964777164728 905.451052707411 c
6247.964777164728 905.451052707411 7383.794158747978 1050.9860948827488 c
7383.794158747978 1050.9860948827488 7436.6605076425785 671.2984329641243 c
7436.6605076425785 671.2984329641243 7484.805911716461 285.5089296085188 c
7484.80591171646 300.92087110327515 7484.805911716461 285.5089296085188 d
7484.80591171646 300.92087110327515 7517.465705694559 1538.8054180959969 c
7517.465705694559 1538.8054180959969 9059.605572389026 2060.5429375044687 c
9059.605572389026 2060.5429375044687 9042.518587259989 2481.93969253188 d
9120.682670035494 2433.1515891811387 9042.518587259989 2481.93969253188 c
9042.518587259989 2481.93969253188 8888.32885501619 2492.0157336728066 d
8888.32885501619 2492.0157336728066 8737.660970244602 2060.5429375044687 c
8737.660970244602 2060.5429375044687 8513.185976989018 2146.3027118841524 c
8513.185976989018 2146.3027118841524 8277.879612769088 2225.418696604955 c
8277.879612769088 2225.418696604955 8423.494904279814 2650.535164746791 c
8423.494904279814 2650.535164746791 8277.87961276909 2789.4650373754885 d
8277.87961276909 2789.4650373754885 8200.235064394823 2419.467166587666 c
8200.235064394823 2419.467166587666 8116.238195985041 2060.5429375044687 c
8116.238195985041 2060.5429375044687 7760.805920328833 2134.643592984153 c
7760.805920328833 2134.643592984153 7410.216938974905 2208.9079149844097 c
7410.216938974905 2208.9079149844097 7540.3802738225695 2860.365418369768 c
7540.3802738225695 2860.365418369768 7678.342645229628 3512.127162459936 c
7410.216938974905 3124.30416459532 7678.342645229628 3512.127162459936 d
7410.216938974905 3124.30416459532 5923.283743834671 2060.5429375044687 c
5923.283743834671 2060.5429375044687 4944.185668785467 3380.6099991160563 c
4944.185668785467 3380.6099991160563 6410.385786978923 4473.71438156315 c
6410.385786978923 4473.71438156315 6487.448776945814 4645.046878277571 d
6487.448776945814 4645.046878277571 5605.141129637817 4473.71438156315 c
5605.141129637817 4473.71438156315 5489.776735674659 4473.71438156315 d
5489.776735674659 4473.71438156315 4592.0925844408175 5284.454479906118 c
4592.0925844408175 5284.454479906118 3693.9018319624774 6101.173326970828 c
3693.9018319624774 6101.173326970828 3931.243129504122 6369.884678574904 c
3931.243129504122 6369.884678574904 4175.3162020118225 6635.121519668302 c
4175.3162020118225 6635.121519668302 4890.741662981419 5993.778954127898 c
4890.741662981419 5993.778954127898 5605.141129637817 5337.438110019765 c
5605.141129637817 5337.438110019765 5549.5328177240135 4910.049440875231 c
5549.5328177240135 4910.049440875231 5489.776735674659 4473.71438156315 c
5605.141129637817 4473.71438156315 5612.892946167716 4492.753570617272 c
5612.892946167716 4492.753570617272 5613.313949467721 4511.767105131712 c
5613.313949467721 4511.767105131712 6955.702470905251 5300.1098075486225 c
6955.702470905251 5300.1098075486225 7159.549738530945 5053.501390206346 c
7159.549738530945 5053.501390206346 7364.590925929659 5590.869925750414 d
7364.590925929659 5590.869925750414 8171.248294593902 6242.1959858319005 c
8171.248294593902 6242.1959858319005 8970.42757374666 6890.745538386136 c
9008.440183630482 6890.745538386136 8970.42757374666 6890.745538386136 d
9008.440183630482 6890.745538386136 8720.244124752478 7578.270342601484 c
8720.244124752478 7578.270342601484 8429.88292015652 8251.957949826388 c
8429.88292015652 8251.957949826388 8815.855346393717 8138.907822537045 c
8815.855346393717 8138.907822537045 9191.46083941503 8031.371761332966 c
9191.46083941503 8031.371761332966 9388.903423069738 7580.4620423292545 c
9571.43429408778 7623.256025325534 9388.903423069738 7580.4620423292545 d
9571.43429408778 7623.256025325534 9896.000885683294 7850.932154092698 c
9896.000885683294 7850.932154092698 10223.025861028183 8071.370002112512 c
10223.025861028183 8071.370002112512 10500.12528078785 7655.711132099248 c
10500.12528078785 7655.711132099248 10781.073003616582 7257.712562105293 c
10781.073003616582 7257.712562105293 10516.787378430277 7075.351388397257 c
10516.787378430277 7075.351388397257 10244.992016338598 6890.745538386136 c
10244.992016338598 6890.745538386136 9914.955030583149 7257.09488539992 c
9914.955030583149 7257.09488539992 9571.43429408778 7623.256025325534 c
9388.903423069738 7580.4620423292545 9571.43429408778 7131.6317627171375 c
9571.43429408778 7131.6317627171375 9288.378919495663 7011.99119107829 c
9288.378919495663 7011.99119107829 9008.440183630482 6890.745538386136 c
8970.42757374666 6890.745538386136 9373.88799841496 6247.289456228748 c
9373.88799841496 6247.289456228748 9783.009151715938 5618.663833621081 c
10012.271030680551 5309.010259692538 9783.009151715938 5618.663833621081 d
10012.271030680551 5309.010259692538 10241.559751085555 5404.335057256783 c
10241.559751085555 5404.335057256783 10467.332671461249 5506.557438543108 c
10467.332671461249 5506.557438543108 10606.03131414943 5191.3430205078785 c
10606.03131414943 5191.3430205078785 10735.158596546233 4881.770916480078 c
10735.158596546233 4881.770916480078 10254.83113258232 4675.534273599248 c
10254.83113258232 4675.534273599248 9783.009151715938 4473.71438156315 c
9783.009151715938 4473.71438156315 9903.96564805289 4889.9860817879735 c
9903.96564805289 4889.9860817879735 10012.271030680551 5309.010259692538 c
9783.009151715938 5618.663833621081 9386.68391319784 5046.427960839609 c
9386.68391319784 5046.427960839609 8999.531701621321 4473.71438156315 c
8999.531701621321 4473.71438156315 8182.472704931185 5032.68215693352 c
8182.472704931185 5032.68215693352 7364.590925929659 5590.869925750414 c
7159.549738530945 5053.501390206346 7364.590925929659 4814.866327516468 c
7364.590925929659 4814.866327516468 6487.448776945814 4645.046878277571 c
6410.385786978923 4473.71438156315 7410.216938974905 3124.30416459532 c
7678.342645229628 3512.127162459936 7977.060472745937 3157.0855802881847 c
7977.060472745937 3157.0855802881847 8277.87961276909 2789.4650373754885 c
8423.494904279814 2650.535164746791 8579.000788652203 3078.8408162315727 c
8579.000788652203 3078.8408162315727 8804.023313536563 2991.514869912874 c
8804.023313536563 2991.514869912874 9042.518587259987 2916.160394119981 c
9042.518587259987 2916.160394119981 8888.32885501619 2492.0157336728066 c
9042.518587259989 2481.93969253188 11156.548383371413 3197.663630057389 c
11156.548383371413 3197.663630057389 10710.660419849144 2060.5429375044687 c
10710.660419849144 2060.5429375044687 9120.682670035494 2433.1515891811387 c
9059.605572389026 2060.5429375044687 8243.79092752893 0.0 c
8243.79092752893 0.0 7484.80591171646 300.92087110327515 c
7484.805911716461 285.5089296085188 6346.019160192758 136.70297384779724 c
6346.019160192758 136.70297384779724 5215.854243492161 0.0 c
5215.854243492161 0.0 5162.549168027315 383.29113371277 c
5162.549168027315 383.29113371277 5116.711118318596 762.0297454996395 c
5074.722018986612 724.853887948708 5116.711118318596 44.46653551667626 c
5116.711118318596 44.46653551667626 4802.230622535926 19.86367185095348 c
4802.230622535926 19.86367185095348 4478.372231033732 0.0 c
4478.372231033732 91.53887606719911 3926.4944137031844 48.120483058044705 c
3926.4944137031844 48.120483058044705 3375.4519747602053 0.0 c
2980.1664902834495 36.8231683209101 2136.6181570870453 1.8135657420750322e-14 c
2136.6181570870453 1.8135657420750322e-14 2136.6181570870453 1.9738364089304647e-14 c
2136.6181570870453 1.9738364089304647e-14 2136.618157087045 0.0 c
2136.618157087045 0.0 2136.618157087045 1.6608271537649043e-13 c
2136.618157087045 1.6608271537649043e-13 2136.6181570870453 6.477253181174268e-13 c
2136.6181570870453 6.477253181174268e-13 2136.6181570870453 1.9738364089304647e-14 c
2136.6181570870453 1.9738364089304647e-14 2136.6181570870453 0.0 c
2136.6181570870453 0.0 2136.6181570870453 1.8135657420750322e-14 c
2136.6181570870453 1.8135657420750322e-14 2136.618157087045 1.6608271537649043e-13 c
2136.618157087045 1.6608271537649043e-13 1792.6363199961397 158.759985045173 c
1792.6363199961397 158.759985045173 1443.9127840291603 311.93508243671755 c
1292.2004784345215 0.0 58.62901385513533 716.1770539831996 c
325.75412685934725 561.0916925189435 0.0 0.0 d
