Processando arquivo: mao_mod_sep.txt

Tempo de Inicio (hh:mm:ss.ms) 2026-04-26 15:07:10.681914
Tempo de Termino (hh:mm:ss.ms) 2026-04-26 15:07:11.613570
Tempo Total (hh:mm:ss.ms) 0:00:00.931656

Função Objetivo: 2022.6460762710196

0.0 0.0 22.711214576274084 2.0693823726944474 d
22.8997709121775 0.0 0.0 251.32214219878983 c
0.0 251.32214219878983 85.95805015457303 249.4646603933867 c
85.95805015457303 249.4646603933867 96.56208300334113 3.9804782819706634 c
110.56208300334112 0.0 96.56208300334113 3.9804782819706634 d
110.56208300334112 0.0 424.1127053213885 642.2757311269374 c
424.1127053213885 642.2757311269374 660.4486169637714 503.3385700979871 c
672.4486169637714 261.8641714614686 660.4486169637714 503.3385700979871 d
672.4486169637714 261.8641714614686 972.392882425147 337.7945007193453 c
972.392882425147 337.7945007193453 1240.6946650171535 607.1608978220727 d
1240.6946650171535 607.1608978220727 1215.0710944735902 647.8829409082994 c
1215.0710944735902 647.8829409082994 1196.5961108553142 683.1256289561238 c
1196.5961108553142 683.1256289561238 1214.7172258757857 713.1424748295414 c
1214.7172258757857 713.1424748295414 1222.5883615575353 751.068993436261 c
1222.5883615575353 751.068993436261 1205.120803153604 764.4067118758237 c
1205.120803153604 764.4067118758237 1190.182950290278 787.6967837492629 c
1190.182950290278 787.6967837492629 1167.8441807073227 827.6058261484943 c
1167.8441807073227 827.6058261484943 1148.233034870589 866.9979095536335 c
1148.233034870589 866.9979095536335 1117.0574408024604 880.4485565571608 c
1117.0574408024604 880.4485565571608 1080.8240851081798 906.0569057080463 c
1080.8240851081798 906.0569057080463 1071.8625745252398 923.4558913937406 c
1071.8625745252398 923.4558913937406 1054.1263004415794 954.6758238870092 c
1054.1263004415794 954.6758238870092 1143.8663206777223 1053.4646187789112 c
1143.8663206777223 1053.4646187789112 1231.218631239361 1146.2166284303785 c
1231.218631239361 1146.2166284303785 1186.4172793116347 1167.2316397860145 d
1186.4172793116347 1167.2316397860145 1097.79351690045 1157.2166284303785 c
1097.79351690045 1157.2166284303785 1127.1967774482553 1238.6882556481073 c
1127.1967774482553 1238.6882556481073 1092.79351690045 1246.0578764510583 d
1092.79351690045 1246.0578764510583 826.3469515948902 1157.2166284303785 c
826.3469515948902 1157.2166284303785 560.8865339604304 2131.4060423197297 c
313.5506223180474 1799.4923595573161 560.8865339604304 2131.4060423197297 d
313.5506223180474 1799.4923595573161 549.8865339604303 1660.5551985283657 c
549.8865339604303 1660.5551985283657 294.86921082653396 1237.8178791245878 c
294.86921082653396 1237.8178791245878 279.60154666063573 1176.4538217601635 c
279.60154666063573 1176.4538217601635 202.50189563684805 1187.8902451042654 c
202.50189563684805 1187.8902451042654 0.0 1157.2166284303785 c
0.0 1157.2166284303785 313.5506223180474 1799.4923595573161 c
560.8865339604304 2131.4060423197297 647.7996179685047 2173.782608527704 c
647.7996179685047 2173.782608527704 920.5780241399957 2204.9410385194465 c
924.0744249554725 2214.9410385194465 920.5780241399957 2204.9410385194465 d
924.0744249554725 2214.9410385194465 545.9069829400196 2860.494430511203 c
423.2644841863725 2975.1199412069395 545.9069829400196 2860.494430511203 d
423.2644841863725 2975.1199412069395 409.34853098790745 2727.4614338291285 c
409.34853098790745 2727.4614338291285 531.9069829400196 2303.7822865401263 c
531.9069829400196 2303.7822865401263 265.4604176344599 2214.9410385194465 c
265.4604176344599 2214.9410385194465 0.0 3189.130452408798 c
0.0 3189.130452408798 86.91308400807429 3231.5070186167723 c
86.91308400807429 3231.5070186167723 359.69149017956533 3262.6654486085145 c
359.69149017956533 3262.6654486085145 351.79636960756915 3151.3138883707625 c
351.79636960756915 3151.3138883707625 549.4192469120823 3375.466793926612 d
549.4192469120823 3375.466793926612 384.4768591588603 3733.310744996721 c
384.4768591588603 3733.310744996721 383.88593934501694 3759.9151911073 c
383.88593934501694 3759.9151911073 395.0777329793455 3783.1392590175274 c
395.0777329793455 3783.1392590175274 301.40253192026285 3893.0526511244448 c
301.40253192026285 3893.0526511244448 221.34839575210253 3994.8963776706983 c
221.34839575210253 3994.8963776706983 198.56564910024798 3989.6449526271913 c
198.56564910024798 3989.6449526271913 186.56836457557424 3982.6276917486844 c
186.56836457557424 3982.6276917486844 160.94479403201098 4023.3497348349115 c
160.94479403201098 4023.3497348349115 142.46981041373493 4058.5924228827357 c
142.46981041373493 4058.5924228827357 160.59092543420638 4088.609268756153 c
160.59092543420638 4088.609268756153 168.46206111595615 4126.535787362873 c
168.46206111595615 4126.535787362873 150.99450271202454 4139.873505802436 c
150.99450271202454 4139.873505802436 136.05664984869884 4163.163577675875 c
136.05664984869884 4163.163577675875 113.71788026574342 4203.072620075106 c
113.71788026574342 4203.072620075106 94.10673442900989 4242.464703480246 c
94.10673442900989 4242.464703480246 62.931140360881095 4255.915350483772 c
62.931140360881095 4255.915350483772 26.697784666600533 4281.523699634658 c
26.697784666600533 4281.523699634658 17.736274083660582 4298.922685320353 c
17.736274083660582 4298.922685320353 0.0 4330.142617813621 c
0.0 4330.142617813621 89.74002023614315 4428.931412705523 c
89.74002023614315 4428.931412705523 177.0923307977818 4521.68342235699 c
177.0923307977818 4521.68342235699 206.3078945149424 4486.094050686977 c
206.3078945149424 4486.094050686977 234.1580919541716 4442.2938510238155 c
234.1580919541716 4442.2938510238155 322.9679545186938 4461.7387294097 c
322.9679545186938 4461.7387294097 414.31880969280286 4477.791358288216 c
414.31880969280286 4477.791358288216 645.6641199507354 4532.68342235699 d
645.6641199507354 4532.68342235699 622.764349038558 4784.00556455578 c
622.764349038558 4784.00556455578 708.722399193131 4782.148082750377 c
729.3264320418991 4784.00556455578 708.722399193131 4782.148082750377 d
729.3264320418991 4784.00556455578 815.2844821964721 4782.148082750377 c
849.2917954229525 4783.257331011639 815.2844821964721 4782.148082750377 d
849.2917954229525 4783.257331011639 887.3226392942914 4851.436416942622 c
887.3226392942914 4851.436416942622 940.239292115207 4909.834760590718 c
940.239292115207 4909.834760590718 945.0532067318178 4970.940759912205 c
945.0532067318178 4970.940759912205 993.8149773182587 5100.706200592961 c
993.8149773182587 5100.706200592961 1000.8275991424805 5183.465729236989 c
1000.8275991424805 5183.465729236989 1054.762604641382 5359.730262516905 c
1054.762604641382 5359.730262516905 1125.341973024189 5439.995077214053 c
1125.341973024189 5439.995077214053 1242.6599552944667 5453.906872759914 c
1242.6599552944667 5453.906872759914 1305.0475404180324 5442.182038988697 c
1305.0475404180324 5442.182038988697 1393.984547589512 5354.108335523578 c
1393.984547589512 5354.108335523578 1428.9626415879611 5063.927452919061 c
1428.9626415879611 5063.927452919061 1471.7879797551925 4990.121437066608 c
1471.7879797551925 4990.121437066608 1408.9533816095816 4980.173608594005 c
1408.9533816095816 4980.173608594005 1326.0501440347293 4882.187958378795 c
1326.0501440347293 4882.187958378795 1217.4517327838896 4532.68342235699 c
1378.520990239002 4282.778448783674 1217.4517327838896 4532.68342235699 d
1378.520990239002 4282.778448783674 1495.8389725092798 4296.690244329536 c
1495.8389725092798 4296.690244329536 1558.2265576328455 4284.965410558319 c
1558.2265576328455 4284.965410558319 1647.163564804325 4196.891707093199 c
1647.163564804325 4196.891707093199 1682.1416588027741 3906.7108244886826 c
1682.1416588027741 3906.7108244886826 1724.9669969700055 3832.90480863623 c
1724.9669969700055 3832.90480863623 1662.1323988243946 3822.956980163626 c
1662.1323988243946 3822.956980163626 1579.2291612495424 3724.9713299484165 c
1579.2291612495424 3724.9713299484165 1470.6307499987026 3375.466793926612 c
1470.6307499987026 3375.466793926612 1253.7354062380064 3455.75904925857 c
1300.585376540574 3362.466793926612 1253.7354062380064 3455.75904925857 d
1300.585376540574 3362.466793926612 1346.3027697739026 3240.507244070135 c
1346.3027697739026 3240.507244070135 1606.3620055732556 3248.3698030565943 c
1606.3620055732556 3248.3698030565943 1797.7251144465465 3375.466793926612 d
1797.7251144465465 3375.466793926612 1733.9669969700053 3637.3309653880806 c
1733.9669969700053 3637.3309653880806 2033.9112624313811 3713.261294645957 c
2033.9112624313811 3713.261294645957 2103.6446804478132 3448.788862990198 c
2138.5444513599905 3375.466793926612 2103.6446804478132 3448.788862990198 d
2138.5444513599905 3375.466793926612 2115.6446804478132 3626.788936125402 c
2115.6446804478132 3626.788936125402 2201.602730602386 3624.931454319999 c
2201.602730602386 3624.931454319999 2212.206763451154 3379.4472722085825 c
2212.206763451154 3379.4472722085825 2138.5444513599905 3375.466793926612 c
2103.6446804478132 3448.788862990198 1797.7251144465465 3375.466793926612 c
1606.3620055732556 3248.3698030565943 1626.3517341896786 3217.391158918539 c
1626.3517341896786 3217.391158918539 1655.5047848977354 3189.984154830077 c
1655.5047848977354 3189.984154830077 1684.6502375066261 2731.3761449328786 c
1684.6502375066261 2731.3761449328786 1703.0232017237267 2283.296643028021 c
1703.0232017237267 2283.296643028021 1609.094480856776 2253.6675305226768 c
1609.094480856776 2253.6675305226768 1513.3370058136315 2214.9410385194465 c
1513.3370058136315 2214.9410385194465 1342.8817770396347 2752.327226836722 c
1342.8817770396347 2752.327226836722 1290.4804817846134 2786.6476082532126 c
1290.4804817846134 2786.6476082532126 1253.4389631243807 2814.824214056399 c
1253.4389631243807 2814.824214056399 1207.576876657032 2840.0113439817196 c
1207.576876657032 2840.0113439817196 1152.5284010514874 2866.915835739498 c
1152.5284010514874 2866.915835739498 1152.0716555666963 2885.044603884914 c
1152.0716555666963 2885.044603884914 1137.4452497340458 2896.867868115134 c
1137.4452497340458 2896.867868115134 1161.00659544662 2925.1101976984096 c
1161.00659544662 2925.1101976984096 1189.622630798011 2951.606890411087 c
1189.622630798011 2951.606890411087 1190.2133916506039 2997.6991384174016 c
1190.2133916506039 2997.6991384174016 1196.8059660750127 3045.394385052099 c
1196.8059660750127 3045.394385052099 1187.8264144065056 3063.2265591191635 c
1187.8264144065056 3063.2265591191635 1091.2588526851687 3186.595744224679 c
1091.2588526851687 3186.595744224679 1197.7000867554364 3280.578706874428 c
1197.7000867554364 3280.578706874428 1300.585376540574 3362.466793926612 c
1253.7354062380064 3455.75904925857 1087.0675322600532 3582.0833402070084 c
1087.0675322600532 3582.0833402070084 1075.0675322600534 3559.3148551636 d
1075.0675322600534 3559.3148551636 1045.7783918389293 3477.091555381574 c
1045.7783918389293 3477.091555381574 1007.9951973397291 3393.690847006069 c
1007.9951973397291 3393.690847006069 910.9526861602694 3385.481805282248 c
910.9526861602694 3385.481805282248 822.3289237490845 3375.466793926612 c
822.3289237490845 3375.466793926612 851.73218429689 3456.9384211443407 c
851.73218429689 3456.9384211443407 885.6938581659867 3538.1771247615625 c
885.6938581659867 3538.1771247615625 975.3354998937147 3552.337555576734 c
975.3354998937147 3552.337555576734 1075.0675322600534 3559.3148551636 c
1087.0675322600532 3582.0833402070084 1102.4708126377654 3626.04070258126 c
1102.4708126377654 3626.04070258126 1140.5016565091046 3694.219788512243 c
1140.5016565091046 3694.219788512243 1193.41830933002 3752.61813216034 c
1193.41830933002 3752.61813216034 1198.232223946631 3813.7241314818266 c
1198.232223946631 3813.7241314818266 1246.9939945330718 3943.4895721625826 c
1246.9939945330718 3943.4895721625826 1254.0066163572935 4026.2491008066104 c
1254.0066163572935 4026.2491008066104 1307.941621856195 4202.5136340865265 c
1307.941621856195 4202.5136340865265 1378.520990239002 4282.778448783674 c
1217.4517327838896 4532.68342235699 1000.5563890231934 4612.975677688948 c
1000.5563890231934 4612.975677688948 833.8885150452402 4739.299968637387 c
833.8885150452402 4739.299968637387 849.2917954229525 4783.257331011639 c
815.2844821964721 4782.148082750377 825.8885150452402 4536.663900638961 c
825.8885150452402 4536.663900638961 752.2262029540766 4532.68342235699 c
752.2262029540766 4532.68342235699 729.3264320418991 4784.00556455578 c
708.722399193131 4782.148082750377 719.326432041899 4536.663900638961 c
719.326432041899 4536.663900638961 645.6641199507354 4532.68342235699 c
422.0781531284629 4532.68342235699 414.31880969280286 4477.791358288216 d
422.0781531284629 4532.68342235699 251.62292435446602 5070.069610674265 c
251.62292435446602 5070.069610674265 199.22162909944473 5104.389992090756 c
199.22162909944473 5104.389992090756 162.18011043921206 5132.566597893942 c
162.18011043921206 5132.566597893942 116.31802397186334 5157.753727819263 c
116.31802397186334 5157.753727819263 61.269548366318645 5184.658219577042 c
61.269548366318645 5184.658219577042 60.81280288152766 5202.7869877224575 c
60.81280288152766 5202.7869877224575 46.18639704887721 5214.610251952678 c
46.18639704887721 5214.610251952678 69.74774276145115 5242.852581535953 c
69.74774276145115 5242.852581535953 98.36377811284217 5269.3492742486305 c
98.36377811284217 5269.3492742486305 98.95453896543518 5315.441522254945 c
98.95453896543518 5315.441522254945 105.54711338984396 5363.136768889643 c
105.54711338984396 5363.136768889643 96.56756172133692 5380.968942956707 c
96.56756172133692 5380.968942956707 0.0 5504.3381280622225 c
0.0 5504.3381280622225 106.44123407026768 5598.321090711972 c
106.44123407026768 5598.321090711972 209.3265238554053 5680.209177764155 c
209.3265238554053 5680.209177764155 255.04391708873402 5558.249627907679 c
255.04391708873402 5558.249627907679 515.1031528880869 5566.112186894138 c
515.1031528880869 5566.112186894138 535.0928815045099 5535.1335427560825 c
535.0928815045099 5535.1335427560825 564.2459322125667 5507.726538667621 c
564.2459322125667 5507.726538667621 593.3913848214575 5049.118528770422 c
593.3913848214575 5049.118528770422 611.764349038558 4601.039026865565 c
611.764349038558 4601.039026865565 517.8356281716074 4571.409914360221 c
517.8356281716074 4571.409914360221 422.0781531284629 4532.68342235699 c
414.31880969280286 4477.791358288216 614.0183665322847 4117.860312998681 c
614.0183665322847 4117.860312998681 816.3289237490845 3755.596535763935 c
816.3289237490845 3755.596535763935 807.2684037012227 3672.553713758304 c
807.2684037012227 3672.553713758304 758.8053591120752 3610.3384632447714 c
758.8053591120752 3610.3384632447714 708.6882700813399 3547.713916992583 c
708.6882700813399 3547.713916992583 725.2398376696476 3525.5340637830864 c
725.2398376696476 3525.5340637830864 737.7120458124191 3495.5764198325223 c
737.7120458124191 3495.5764198325223 643.0767086819233 3434.370355214941 c
643.0767086819233 3434.370355214941 549.4192469120823 3375.466793926612 c
351.79636960756915 3151.3138883707625 372.87163303166415 3086.7711426876967 c
372.87163303166415 3086.7711426876967 423.2644841863725 2975.1199412069395 c
545.9069829400196 2860.494430511203 745.3712058463841 2977.1941523488285 c
745.3712058463841 2977.1941523488285 937.4543632918237 2660.6687250453315 c
937.4543632918237 2660.6687250453315 994.9839487858567 2692.082876710084 c
994.9839487858567 2692.082876710084 1085.2588526851687 2303.9495692795813 c
1085.2588526851687 2303.9495692795813 924.0744249554725 2214.9410385194465 c
920.5780241399957 2204.9410385194465 912.6829035679996 2093.589478281694 c
912.6829035679996 2093.589478281694 933.7581669920945 2029.0467325986283 c
933.7581669920945 2029.0467325986283 984.1510181468029 1917.3955311178713 c
984.1510181468029 1917.3955311178713 970.2350649483378 1669.7370237400603 c
970.2350649483378 1669.7370237400603 1092.79351690045 1246.0578764510583 c
1127.1967774482553 1238.6882556481073 1161.158451317352 1319.926959265329 c
1161.158451317352 1319.926959265329 1250.80009304508 1334.0873900805004 c
1250.80009304508 1334.0873900805004 1350.5321254114187 1341.0646896673666 c
1350.5321254114187 1341.0646896673666 1321.2429849902946 1258.8413898853403 c
1321.2429849902946 1258.8413898853403 1283.4597904910943 1175.4406815098355 c
1283.4597904910943 1175.4406815098355 1186.4172793116347 1167.2316397860145 c
1231.218631239361 1146.2166284303785 1260.4341949565217 1110.6272567603658 c
1260.4341949565217 1110.6272567603658 1288.284392395751 1066.8270570972034 c
1288.284392395751 1066.8270570972034 1377.094254960273 1086.2719354830876 c
1377.094254960273 1086.2719354830876 1468.445110134382 1102.3245643616035 c
1742.6995674268717 1157.2166284303785 1468.445110134382 1102.3245643616035 d
1742.6995674268717 1157.2166284303785 1364.5321254114187 1802.7700204221353 c
1364.5321254114187 1802.7700204221353 1563.9963483177833 1919.4697422597608 c
1563.9963483177833 1919.4697422597608 1756.0795057632229 1602.9443149562633 c
1756.0795057632229 1602.9443149562633 1813.6090912572558 1634.358466621016 c
1813.6090912572558 1634.358466621016 1903.8839951565678 1246.2251591905133 c
1903.8839951565678 1246.2251591905133 1742.6995674268717 1157.2166284303785 c
1468.445110134382 1102.3245643616035 1668.144666973864 742.3935190720695 c
1668.144666973864 742.3935190720695 1870.455224190664 380.1297418373231 c
1870.455224190664 380.1297418373231 1861.394704142802 297.08691983169206 c
1861.394704142802 297.08691983169206 1812.9316595536545 234.87166931815977 c
1812.9316595536545 234.87166931815977 1762.8145705229192 172.2471230659712 c
1762.8145705229192 172.2471230659712 1779.366138111227 150.06726985647447 c
1779.366138111227 150.06726985647447 1791.8383462539985 120.10962590591066 c
1791.8383462539985 120.10962590591066 1697.2030091235026 58.903561288329 c
1697.2030091235026 58.903561288329 1603.5455473536617 0.0 c
1603.5455473536617 0.0 1438.6031596004395 357.8439510701089 c
1438.6031596004395 357.8439510701089 1438.0122397865962 384.44839718068795 c
1438.0122397865962 384.44839718068795 1449.2040334209248 407.67246509091547 c
1449.2040334209248 407.67246509091547 1355.5288323618422 517.5858571978329 c
1355.5288323618422 517.5858571978329 1275.474696193682 619.4295837440865 c
1275.474696193682 619.4295837440865 1252.6919495418274 614.1781587005794 c
1252.6919495418274 614.1781587005794 1240.6946650171535 607.1608978220727 c
972.392882425147 337.7945007193453 1042.1263004415794 73.32206906358618 c
1042.1263004415794 73.32206906358618 736.2067344403125 0.0 c
736.2067344403125 0.0 672.4486169637714 261.8641714614686 c
660.4486169637714 503.3385700979871 405.4312938298751 80.60125069420906 c
405.4312938298751 80.60125069420906 390.16362966397685 19.23719332978476 c
390.16362966397685 19.23719332978476 313.06397864018913 30.673616673886727 c
313.06397864018913 30.673616673886727 110.56208300334112 0.0 c
96.56208300334113 3.9804782819706634 22.8997709121775 0.0 c
22.711214576274084 2.0693823726944474 0.0 0.0 d
