Processando arquivo: marques_sep.txt

Tempo de Inicio (hh:mm:ss.ms) 2026-04-26 15:06:54.335565
Tempo de Termino (hh:mm:ss.ms) 2026-04-26 15:06:54.818403
Tempo Total (hh:mm:ss.ms) 0:00:00.482838

Função Objetivo: 99.97750000000003

0.0 0.0 29.0 0.0 c
29.0 0.0 27.0 12.0 c
27.0 12.0 29.0 22.0 c
29.0 22.0 44.0 20.0 d
42.0 18.0 44.0 10.0 c
44.0 10.0 42.0 2.0 c
42.0 2.0 44.0 0.0 c
44.0 0.0 46.0 10.0 c
56.0 11.0 46.0 10.0 d
56.0 0.0 66.0 0.0 c
66.0 0.0 66.0 11.0 c
66.0 11.0 56.0 11.0 c
56.0 11.0 56.0 0.0 c
46.0 10.0 44.0 20.0 c
44.0 20.0 42.0 18.0 c
29.0 22.0 25.0 26.0 c
25.0 26.0 25.0 33.0 c
25.0 33.0 18.0 37.0 c
18.0 37.0 16.0 35.0 c
16.0 35.0 14.0 35.0 c
14.0 35.0 12.0 37.0 c
12.0 37.0 4.0 34.0 c
0.0 42.0 4.0 34.0 d
0.0 42.0 33.0 42.0 c
33.0 42.0 37.0 48.0 c
37.0 48.0 35.0 55.0 c
35.0 55.0 49.0 68.0 d
45.0 64.0 47.0 54.0 c
47.0 54.0 45.0 42.0 c
45.0 42.0 74.0 42.0 c
74.0 42.0 72.0 54.0 c
72.0 54.0 74.0 64.0 c
74.0 64.0 70.0 68.0 c
70.0 68.0 70.0 75.0 c
74.0 84.0 70.0 75.0 d
74.0 84.0 78.0 84.0 c
78.0 84.0 78.0 123.0 c
63.0 134.0 78.0 123.0 d
63.0 134.0 59.0 133.0 c
59.0 133.0 53.0 135.0 c
53.0 135.0 46.0 133.0 c
46.0 133.0 42.0 134.0 c
42.0 134.0 33.0 129.0 d
33.0 129.0 33.0 143.0 c
33.0 143.0 21.0 157.0 d
21.0 157.0 21.0 179.0 c
21.0 179.0 14.0 185.0 c
14.0 185.0 21.0 192.0 d
21.0 192.0 21.0 214.0 c
35.0 192.0 21.0 192.0 d
35.0 209.0 35.0 192.0 c
35.0 192.0 68.0 192.0 c
68.0 192.0 68.0 206.0 c
68.0 206.0 65.0 206.0 c
65.0 206.0 61.0 209.0 c
61.0 209.0 48.0 207.0 c
48.0 207.0 35.0 209.0 c
21.0 214.0 14.0 220.0 c
23.0 225.0 14.0 220.0 d
23.0 225.0 33.0 225.0 c
33.0 225.0 33.0 236.0 c
33.0 236.0 43.0 247.0 d
43.0 225.0 64.0 225.0 c
69.0 230.0 64.0 225.0 d
69.0 230.0 71.0 225.0 c
71.0 225.0 80.0 227.0 c
80.0 227.0 88.0 225.0 c
88.0 225.0 90.0 230.0 c
90.0 230.0 86.0 229.0 c
86.0 229.0 80.0 231.0 c
80.0 231.0 73.0 229.0 c
73.0 229.0 69.0 230.0 c
64.0 225.0 64.0 247.0 c
64.0 247.0 57.0 253.0 c
57.0 253.0 50.0 253.0 c
49.0 258.0 50.0 253.0 d
49.0 258.0 70.0 258.0 c
70.0 258.0 70.0 280.0 c
70.0 280.0 63.0 286.0 c
63.0 286.0 56.0 286.0 c
56.0 286.0 49.0 280.0 c
49.0 280.0 49.0 258.0 c
50.0 253.0 43.0 247.0 c
34.0 258.0 43.0 247.0 d
34.0 258.0 36.0 268.0 c
36.0 268.0 34.0 278.0 c
34.0 278.0 32.0 276.0 c
32.0 276.0 34.0 268.0 c
34.0 268.0 32.0 260.0 c
17.0 268.0 32.0 260.0 d
17.0 268.0 15.0 278.0 c
15.0 278.0 13.0 276.0 c
13.0 276.0 15.0 268.0 c
15.0 268.0 13.0 260.0 c
13.0 260.0 4.0 258.0 d
4.0 258.0 4.0 297.0 c
4.0 297.0 19.0 312.0 d
2.0 312.0 11.0 314.0 c
11.0 314.0 19.0 312.0 c
19.0 312.0 21.0 317.0 c
21.0 317.0 17.0 316.0 c
17.0 316.0 11.0 318.0 c
11.0 318.0 4.0 316.0 c
4.0 316.0 0.0 317.0 c
0.0 317.0 2.0 312.0 c
4.0 297.0 0.0 297.0 c
0.0 297.0 0.0 258.0 c
0.0 258.0 4.0 258.0 c
13.0 260.0 15.0 258.0 c
15.0 258.0 17.0 268.0 c
32.0 260.0 34.0 258.0 c
43.0 247.0 43.0 225.0 c
33.0 236.0 23.0 236.0 c
23.0 236.0 23.0 225.0 c
14.0 220.0 7.0 220.0 c
10.0 225.0 7.0 220.0 d
10.0 225.0 10.0 236.0 c
10.0 236.0 0.0 236.0 c
0.0 236.0 0.0 225.0 c
0.0 225.0 10.0 225.0 c
7.0 220.0 0.0 214.0 c
0.0 214.0 0.0 192.0 c
0.0 192.0 21.0 192.0 c
14.0 185.0 7.0 185.0 c
7.0 185.0 0.0 179.0 c
0.0 179.0 0.0 157.0 c
0.0 157.0 21.0 157.0 c
36.0 157.0 33.0 143.0 d
36.0 157.0 69.0 157.0 c
69.0 157.0 73.0 163.0 c
73.0 163.0 71.0 170.0 c
71.0 170.0 64.0 170.0 c
64.0 170.0 61.0 172.0 c
61.0 172.0 50.0 170.0 c
50.0 170.0 36.0 172.0 c
36.0 172.0 36.0 157.0 c
33.0 143.0 30.0 143.0 c
30.0 143.0 26.0 146.0 c
26.0 146.0 13.0 144.0 c
13.0 144.0 0.0 146.0 c
0.0 146.0 0.0 129.0 c
0.0 129.0 33.0 129.0 c
42.0 134.0 44.0 129.0 c
44.0 129.0 53.0 131.0 c
53.0 131.0 61.0 129.0 c
61.0 129.0 63.0 134.0 c
78.0 123.0 74.0 123.0 c
74.0 123.0 74.0 84.0 c
70.0 75.0 63.0 79.0 c
63.0 79.0 61.0 77.0 c
61.0 77.0 59.0 77.0 c
44.0 89.0 59.0 77.0 d
44.0 89.0 40.0 88.0 c
40.0 88.0 34.0 90.0 c
34.0 90.0 27.0 88.0 c
27.0 88.0 23.0 89.0 c
10.0 84.0 23.0 89.0 d
10.0 84.0 10.0 95.0 c
10.0 95.0 0.0 95.0 c
0.0 95.0 0.0 84.0 c
0.0 84.0 10.0 84.0 c
23.0 89.0 25.0 84.0 c
25.0 84.0 34.0 86.0 c
34.0 86.0 42.0 84.0 c
42.0 84.0 44.0 89.0 c
59.0 77.0 57.0 79.0 c
57.0 84.0 57.0 79.0 d
57.0 84.0 59.0 94.0 c
59.0 94.0 57.0 104.0 c
57.0 104.0 55.0 102.0 c
55.0 102.0 57.0 94.0 c
57.0 94.0 55.0 86.0 c
55.0 86.0 57.0 84.0 c
57.0 79.0 49.0 76.0 c
49.0 76.0 49.0 68.0 c
49.0 68.0 45.0 64.0 c
35.0 55.0 28.0 55.0 c
28.0 55.0 25.0 57.0 c
25.0 57.0 14.0 55.0 c
14.0 55.0 0.0 57.0 c
0.0 57.0 0.0 42.0 c
4.0 34.0 4.0 26.0 c
4.0 26.0 0.0 22.0 c
0.0 22.0 2.0 12.0 c
2.0 12.0 0.0 0.0 c
