Processando arquivo: marques_pack.txt

Tempo de Inicio (hh:mm:ss.ms) 2026-04-26 15:02:15.099798
Tempo de Termino (hh:mm:ss.ms) 2026-04-26 15:02:15.669303
Tempo Total (hh:mm:ss.ms) 0:00:00.569505

Função Objetivo: 96.23249999999999

0.0 0.0 29.0 0.0 c
29.0 0.0 27.0 12.0 c
27.0 12.0 29.0 22.0 c
29.0 22.0 31.0 20.0 d
31.0 20.0 29.0 18.0 c
29.0 18.0 31.0 10.0 c
31.0 10.0 29.0 2.0 c
29.0 2.0 31.0 0.0 c
31.0 0.0 33.0 10.0 c
33.0 10.0 33.0 0.0 c
33.0 0.0 43.0 0.0 c
43.0 0.0 76.0 0.0 c
76.0 0.0 80.0 6.0 c
80.0 6.0 78.0 13.0 c
78.0 13.0 71.0 13.0 c
71.0 13.0 68.0 15.0 c
68.0 15.0 57.0 13.0 c
57.0 13.0 43.0 15.0 c
43.0 15.0 43.0 11.0 c
43.0 11.0 43.0 0.0 c
43.0 0.0 43.0 11.0 d
43.0 11.0 33.0 11.0 c
33.0 11.0 33.0 10.0 c
33.0 10.0 31.0 20.0 c
29.0 22.0 25.0 26.0 c
25.0 26.0 25.0 33.0 c
25.0 33.0 18.0 37.0 c
18.0 37.0 29.0 37.0 c
29.0 37.0 39.0 37.0 c
39.0 37.0 39.0 42.0 c
39.0 42.0 41.0 37.0 c
41.0 37.0 50.0 39.0 c
50.0 39.0 58.0 37.0 c
58.0 37.0 60.0 42.0 c
60.0 42.0 60.0 39.0 d
60.0 39.0 62.0 37.0 c
62.0 37.0 64.0 47.0 c
64.0 47.0 64.0 37.0 c
64.0 37.0 68.0 37.0 c
68.0 37.0 68.0 76.0 c
68.0 76.0 75.0 76.0 c
75.0 76.0 75.0 98.0 c
75.0 98.0 68.0 104.0 c
68.0 104.0 61.0 104.0 c
61.0 104.0 58.0 104.0 d
58.0 104.0 58.0 126.0 c
58.0 126.0 51.0 132.0 c
51.0 132.0 53.0 132.0 c
53.0 132.0 74.0 132.0 c
74.0 132.0 74.0 154.0 c
74.0 154.0 67.0 160.0 c
67.0 160.0 65.0 162.0 d
65.0 162.0 73.0 160.0 c
73.0 160.0 75.0 165.0 c
75.0 165.0 71.0 164.0 c
71.0 164.0 65.0 166.0 c
65.0 166.0 58.0 164.0 c
58.0 164.0 54.0 165.0 c
54.0 165.0 54.0 182.0 c
54.0 182.0 47.0 188.0 c
47.0 188.0 40.0 188.0 c
40.0 188.0 33.0 182.0 c
33.0 182.0 33.0 170.0 c
33.0 170.0 31.0 180.0 c
31.0 180.0 29.0 178.0 c
29.0 178.0 31.0 170.0 c
29.0 170.0 31.0 170.0 d
29.0 170.0 27.0 180.0 c
27.0 180.0 25.0 178.0 c
25.0 178.0 25.0 199.0 c
25.0 199.0 21.0 199.0 c
21.0 199.0 21.0 165.0 c
21.0 165.0 17.0 164.0 c
17.0 164.0 11.0 166.0 c
11.0 166.0 4.0 164.0 c
4.0 164.0 0.0 165.0 c
0.0 165.0 2.0 160.0 c
2.0 160.0 11.0 162.0 c
11.0 162.0 19.0 160.0 c
19.0 160.0 21.0 165.0 c
21.0 165.0 21.0 160.0 c
21.0 160.0 25.0 160.0 c
25.0 160.0 25.0 162.0 c
25.0 162.0 25.0 178.0 c
25.0 178.0 27.0 170.0 c
27.0 170.0 25.0 162.0 c
25.0 162.0 27.0 160.0 c
27.0 160.0 29.0 170.0 c
31.0 170.0 29.0 162.0 c
29.0 162.0 31.0 160.0 c
31.0 160.0 33.0 170.0 c
33.0 170.0 33.0 160.0 c
33.0 160.0 54.0 160.0 c
54.0 160.0 54.0 165.0 c
54.0 165.0 56.0 160.0 c
56.0 160.0 65.0 162.0 c
67.0 160.0 60.0 160.0 c
60.0 160.0 53.0 154.0 c
53.0 154.0 53.0 143.0 c
53.0 143.0 53.0 132.0 c
53.0 132.0 53.0 143.0 d
53.0 143.0 43.0 143.0 c
43.0 143.0 33.0 143.0 c
33.0 143.0 33.0 146.0 c
33.0 146.0 30.0 146.0 c
30.0 146.0 26.0 149.0 c
26.0 149.0 13.0 147.0 c
13.0 147.0 0.0 149.0 c
0.0 149.0 0.0 132.0 c
0.0 132.0 33.0 132.0 c
33.0 132.0 33.0 143.0 c
33.0 143.0 33.0 132.0 d
33.0 132.0 43.0 132.0 c
43.0 132.0 43.0 143.0 c
43.0 143.0 43.0 132.0 d
43.0 132.0 44.0 132.0 c
44.0 132.0 51.0 132.0 c
51.0 132.0 44.0 132.0 d
44.0 132.0 37.0 126.0 c
37.0 126.0 37.0 110.0 c
37.0 110.0 35.0 117.0 c
35.0 117.0 28.0 117.0 c
28.0 117.0 25.0 119.0 c
25.0 119.0 14.0 117.0 c
14.0 117.0 0.0 119.0 c
0.0 119.0 0.0 104.0 c
0.0 104.0 33.0 104.0 c
33.0 104.0 37.0 110.0 c
37.0 110.0 37.0 104.0 c
37.0 104.0 58.0 104.0 c
61.0 104.0 54.0 98.0 c
54.0 98.0 54.0 81.0 c
54.0 81.0 54.0 76.0 c
52.0 76.0 54.0 76.0 d
52.0 76.0 54.0 81.0 c
54.0 81.0 50.0 80.0 c
50.0 80.0 44.0 82.0 c
44.0 82.0 37.0 80.0 c
37.0 80.0 33.0 81.0 c
33.0 81.0 33.0 90.0 c
33.0 90.0 30.0 90.0 c
30.0 90.0 26.0 93.0 c
26.0 93.0 13.0 91.0 c
13.0 91.0 0.0 93.0 c
0.0 93.0 0.0 76.0 c
0.0 76.0 33.0 76.0 c
33.0 76.0 33.0 81.0 c
33.0 81.0 35.0 76.0 c
35.0 76.0 44.0 78.0 c
44.0 78.0 52.0 76.0 c
54.0 76.0 64.0 76.0 c
64.0 76.0 68.0 76.0 c
68.0 76.0 64.0 76.0 d
64.0 76.0 64.0 47.0 c
64.0 47.0 62.0 57.0 c
62.0 57.0 60.0 55.0 c
60.0 55.0 62.0 47.0 c
62.0 47.0 60.0 39.0 c
60.0 42.0 56.0 41.0 c
56.0 41.0 50.0 43.0 c
50.0 43.0 43.0 41.0 c
43.0 41.0 39.0 42.0 c
39.0 42.0 39.0 48.0 c
39.0 48.0 29.0 48.0 c
29.0 48.0 29.0 37.0 c
29.0 37.0 27.0 49.0 c
27.0 49.0 29.0 59.0 c
29.0 59.0 25.0 63.0 c
25.0 63.0 25.0 70.0 c
25.0 70.0 18.0 74.0 c
18.0 74.0 16.0 72.0 c
16.0 72.0 14.0 72.0 c
14.0 72.0 12.0 74.0 c
12.0 74.0 4.0 71.0 c
4.0 71.0 4.0 63.0 c
4.0 63.0 0.0 59.0 c
0.0 59.0 2.0 49.0 c
2.0 49.0 0.0 37.0 c
0.0 37.0 12.0 37.0 c
12.0 37.0 18.0 37.0 c
18.0 37.0 16.0 35.0 c
16.0 35.0 14.0 35.0 c
14.0 35.0 12.0 37.0 c
12.0 37.0 4.0 34.0 c
4.0 34.0 4.0 26.0 c
4.0 26.0 0.0 22.0 c
0.0 22.0 2.0 12.0 c
2.0 12.0 0.0 0.0 c
