Processando arquivo: poly4b_sep.txt

Tempo de Inicio (hh:mm:ss.ms) 2026-04-26 15:07:01.258483
Tempo de Termino (hh:mm:ss.ms) 2026-04-26 15:07:03.181584
Tempo Total (hh:mm:ss.ms) 0:00:01.923101

Função Objetivo: 76.06710000000004

0.0 0.0 1.44 1.92 d
0.0 3.0 4.0 0.0 c
4.0 0.0 7.0 2.0 c
7.0 2.0 11.0 2.0 c
11.0 2.0 9.0 5.0 c
9.0 5.0 5.0 4.0 c
5.0 4.0 0.0 19.0 d
0.0 19.0 3.0 22.0 c
3.0 22.0 0.0 23.0 c
0.0 23.0 3.0 31.0 d
3.0 31.0 7.0 33.0 c
7.0 33.0 1.0 48.0 d
3.0 43.0 7.0 46.0 c
3.0 43.0 0.0 58.0 d
3.0 57.0 7.0 57.0 c
7.0 57.0 5.0 60.0 c
5.0 60.0 11.0 75.0 d
10.0 73.0 11.0 75.0 c
10.0 73.0 25.0 79.0 d
25.0 79.0 27.0 73.0 c
27.0 73.0 41.0 88.0 d
41.0 88.0 45.0 88.0 c
45.0 88.0 47.0 91.0 c
47.0 91.0 45.0 94.0 c
45.0 94.0 43.0 90.0 c
43.0 90.0 41.0 90.0 c
41.0 90.0 41.0 91.0 c
41.0 91.0 38.0 90.0 c
38.0 90.0 41.0 88.0 c
27.0 73.0 29.0 77.0 c
29.0 77.0 27.0 81.0 c
27.0 81.0 25.0 79.0 c
10.0 73.0 21.0 88.0 d
19.0 88.0 21.0 88.0 c
21.0 88.0 23.0 93.0 c
23.0 93.0 22.0 96.0 c
22.0 96.0 19.0 93.0 c
19.0 93.0 19.0 88.0 c
11.0 75.0 7.0 78.0 c
7.0 78.0 2.0 79.0 c
2.0 79.0 0.0 88.0 d
0.0 88.0 6.0 88.0 c
6.0 88.0 8.0 90.0 c
8.0 90.0 5.0 94.0 c
5.0 94.0 18.0 108.0 d
18.0 108.0 24.0 105.0 c
9.0 105.0 18.0 108.0 d
9.0 105.0 4.0 107.0 c
4.0 107.0 0.0 111.0 c
0.0 111.0 3.0 124.0 d
0.0 123.0 7.0 123.0 c
7.0 123.0 22.0 131.0 d
22.0 131.0 25.0 127.0 c
25.0 127.0 33.0 123.0 c
33.0 123.0 32.0 130.0 c
32.0 130.0 24.0 133.0 c
20.0 139.0 24.0 133.0 d
20.0 139.0 27.0 140.0 c
27.0 140.0 41.0 142.0 d
39.0 139.0 49.0 139.0 c
49.0 139.0 48.0 143.0 c
48.0 143.0 43.0 141.0 c
43.0 141.0 41.0 142.0 c
41.0 142.0 39.0 139.0 c
27.0 140.0 41.0 126.0 d
41.0 126.0 44.0 123.0 c
44.0 123.0 48.0 124.0 c
48.0 124.0 50.0 126.0 c
50.0 126.0 48.0 128.0 c
48.0 128.0 43.0 128.0 c
43.0 128.0 41.0 126.0 c
27.0 140.0 30.0 144.0 c
30.0 144.0 20.0 147.0 c
20.0 147.0 19.0 161.0 d
19.0 161.0 19.0 164.0 c
19.0 161.0 24.0 165.0 d
24.0 165.0 26.0 161.0 c
26.0 161.0 27.0 164.0 c
27.0 164.0 26.0 168.0 c
26.0 168.0 24.0 165.0 c
19.0 164.0 15.0 169.0 c
21.0 175.0 15.0 169.0 d
21.0 175.0 28.0 177.0 c
28.0 177.0 30.0 180.0 c
30.0 180.0 44.0 182.0 d
41.0 180.0 44.0 175.0 c
44.0 175.0 52.0 175.0 c
52.0 175.0 49.0 166.0 d
49.0 166.0 47.0 164.0 c
47.0 164.0 52.0 161.0 c
52.0 161.0 54.0 163.0 c
40.0 161.0 54.0 163.0 d
40.0 161.0 39.0 165.0 c
39.0 165.0 35.0 164.0 c
35.0 164.0 35.0 163.0 c
35.0 163.0 40.0 161.0 c
54.0 163.0 55.0 165.0 c
55.0 165.0 49.0 166.0 c
52.0 175.0 52.0 178.0 c
52.0 178.0 44.0 182.0 c
44.0 182.0 41.0 180.0 c
30.0 180.0 21.0 179.0 c
7.0 177.0 21.0 179.0 d
8.0 182.0 8.0 186.0 c
8.0 186.0 21.0 201.0 d
17.0 197.0 27.0 199.0 c
27.0 199.0 41.0 204.0 d
41.0 204.0 43.0 197.0 c
43.0 197.0 44.0 205.0 c
44.0 205.0 44.0 210.0 d
44.0 210.0 47.0 211.0 c
47.0 211.0 47.0 212.0 c
47.0 212.0 44.0 212.0 c
44.0 212.0 44.0 210.0 c
44.0 205.0 41.0 204.0 c
27.0 199.0 25.0 202.0 c
25.0 202.0 21.0 201.0 c
20.0 210.0 21.0 201.0 d
20.0 210.0 30.0 211.0 c
30.0 211.0 33.0 213.0 c
33.0 213.0 32.0 215.0 c
32.0 215.0 25.0 217.0 c
25.0 217.0 21.0 215.0 c
21.0 215.0 20.0 210.0 c
21.0 201.0 17.0 197.0 c
8.0 186.0 5.0 201.0 d
2.0 197.0 4.0 197.0 c
4.0 197.0 5.0 200.0 c
5.0 200.0 3.0 215.0 d
2.0 210.0 6.0 212.0 c
6.0 212.0 9.0 211.0 c
9.0 211.0 7.0 213.0 c
7.0 213.0 3.0 215.0 c
3.0 215.0 7.0 230.0 d
4.0 230.0 7.0 230.0 c
7.0 230.0 8.0 235.0 c
8.0 235.0 0.0 233.0 c
0.0 233.0 4.0 230.0 c
3.0 215.0 5.0 217.0 c
5.0 217.0 19.0 230.0 d
19.0 230.0 21.0 233.0 c
21.0 233.0 24.0 234.0 c
24.0 234.0 38.0 231.0 d
36.0 233.0 38.0 231.0 c
38.0 231.0 38.0 230.0 c
38.0 230.0 39.0 230.0 c
39.0 230.0 39.0 234.0 c
39.0 234.0 36.0 234.0 c
36.0 234.0 36.0 233.0 c
24.0 234.0 21.0 237.0 c
21.0 237.0 19.0 238.0 c
7.0 253.0 19.0 238.0 d
7.0 253.0 9.0 259.0 c
9.0 259.0 8.0 266.0 d
8.0 266.0 10.0 268.0 c
16.0 266.0 10.0 268.0 d
16.0 266.0 22.0 266.0 c
22.0 266.0 25.0 267.0 c
25.0 267.0 17.0 271.0 c
17.0 271.0 16.0 266.0 c
10.0 268.0 6.0 272.0 c
6.0 272.0 2.0 273.0 c
2.0 279.0 2.0 273.0 d
2.0 279.0 4.0 280.0 c
4.0 280.0 6.0 279.0 c
6.0 279.0 9.0 284.0 c
9.0 284.0 22.0 289.0 d
22.0 289.0 24.0 282.0 c
24.0 282.0 28.0 279.0 c
28.0 279.0 38.0 279.0 d
37.0 284.0 38.0 279.0 c
38.0 279.0 41.0 274.0 d
41.0 274.0 40.0 270.0 c
40.0 270.0 41.0 266.0 c
30.0 253.0 41.0 266.0 d
29.0 257.0 24.0 259.0 c
24.0 259.0 24.0 256.0 c
24.0 256.0 28.0 255.0 c
28.0 255.0 30.0 253.0 c
37.0 253.0 30.0 253.0 d
37.0 253.0 50.0 255.0 c
50.0 255.0 39.0 257.0 c
39.0 257.0 37.0 253.0 c
30.0 253.0 29.0 257.0 c
41.0 266.0 46.0 270.0 c
46.0 270.0 51.0 270.0 d
51.0 270.0 53.0 266.0 c
53.0 266.0 56.0 269.0 c
56.0 269.0 55.0 273.0 c
55.0 273.0 53.0 274.0 c
53.0 274.0 53.0 271.0 c
53.0 271.0 51.0 270.0 c
46.0 270.0 46.0 272.0 c
46.0 272.0 41.0 274.0 c
38.0 279.0 45.0 279.0 c
45.0 279.0 41.0 282.0 c
41.0 282.0 44.0 285.0 c
44.0 285.0 37.0 284.0 c
28.0 279.0 29.0 286.0 c
29.0 286.0 22.0 289.0 c
9.0 284.0 2.0 298.0 d
2.0 298.0 3.0 300.0 c
11.0 298.0 3.0 300.0 d
11.0 298.0 15.0 302.0 c
15.0 302.0 16.0 305.0 c
16.0 305.0 13.0 303.0 c
13.0 303.0 11.0 298.0 c
3.0 300.0 2.0 304.0 c
2.0 304.0 3.0 311.0 c
3.0 311.0 0.0 305.0 c
0.0 305.0 2.0 298.0 c
9.0 284.0 4.0 287.0 c
4.0 287.0 0.0 285.0 c
0.0 285.0 2.0 282.0 c
2.0 282.0 2.0 279.0 c
2.0 273.0 0.0 269.0 c
0.0 269.0 5.0 268.0 c
5.0 268.0 5.0 267.0 c
5.0 267.0 8.0 266.0 c
9.0 259.0 5.0 259.0 c
5.0 259.0 0.0 260.0 c
0.0 260.0 0.0 257.0 c
0.0 257.0 4.0 257.0 c
4.0 257.0 7.0 253.0 c
19.0 238.0 17.0 237.0 c
17.0 237.0 19.0 230.0 c
5.0 217.0 0.0 218.0 c
0.0 218.0 2.0 210.0 c
5.0 200.0 5.0 201.0 c
5.0 201.0 0.0 200.0 c
0.0 200.0 2.0 197.0 c
8.0 186.0 3.0 183.0 c
3.0 183.0 0.0 179.0 c
0.0 179.0 3.0 175.0 c
3.0 175.0 7.0 177.0 c
7.0 177.0 8.0 182.0 c
21.0 179.0 21.0 175.0 c
15.0 169.0 10.0 163.0 c
10.0 163.0 15.0 166.0 c
15.0 166.0 19.0 161.0 c
20.0 147.0 18.0 143.0 c
18.0 143.0 20.0 139.0 c
24.0 133.0 22.0 131.0 c
7.0 123.0 1.0 127.0 c
1.0 127.0 3.0 124.0 c
3.0 124.0 0.0 139.0 d
0.0 139.0 3.0 141.0 c
3.0 141.0 2.0 146.0 c
2.0 146.0 4.0 161.0 d
4.0 161.0 4.0 167.0 c
4.0 167.0 0.0 167.0 c
0.0 167.0 0.0 165.0 c
0.0 165.0 2.0 162.0 c
2.0 162.0 4.0 161.0 c
2.0 146.0 0.0 145.0 c
0.0 145.0 0.0 139.0 c
3.0 124.0 0.0 123.0 c
0.0 111.0 3.0 105.0 c
3.0 105.0 9.0 105.0 c
24.0 105.0 23.0 110.0 c
23.0 110.0 37.0 109.0 d
37.0 109.0 41.0 108.0 c
41.0 108.0 42.0 105.0 c
42.0 105.0 46.0 107.0 c
46.0 107.0 46.0 111.0 c
46.0 111.0 41.0 113.0 c
41.0 113.0 37.0 109.0 c
23.0 110.0 25.0 112.0 c
25.0 112.0 21.0 111.0 c
21.0 111.0 19.0 113.0 c
19.0 113.0 18.0 108.0 c
5.0 94.0 1.0 92.0 c
1.0 92.0 0.0 88.0 c
2.0 79.0 0.0 74.0 c
0.0 74.0 10.0 73.0 c
5.0 60.0 1.0 60.0 c
1.0 60.0 0.0 58.0 c
0.0 58.0 3.0 57.0 c
7.0 46.0 11.0 46.0 c
11.0 46.0 12.0 51.0 c
12.0 51.0 26.0 63.0 d
22.0 62.0 25.0 57.0 c
25.0 57.0 28.0 60.0 c
33.0 63.0 28.0 60.0 d
33.0 63.0 39.0 57.0 c
40.0 51.0 39.0 57.0 d
40.0 51.0 36.0 51.0 c
36.0 51.0 34.0 48.0 c
34.0 48.0 38.0 43.0 c
38.0 43.0 43.0 43.0 c
43.0 43.0 47.0 48.0 c
47.0 48.0 40.0 47.0 c
40.0 47.0 40.0 51.0 c
39.0 57.0 39.0 62.0 c
39.0 62.0 54.0 75.0 d
54.0 75.0 57.0 73.0 c
57.0 73.0 57.0 76.0 c
57.0 76.0 56.0 77.0 c
56.0 77.0 54.0 75.0 c
39.0 62.0 37.0 66.0 c
42.0 73.0 37.0 66.0 d
42.0 73.0 44.0 80.0 c
44.0 80.0 38.0 77.0 c
38.0 77.0 42.0 73.0 c
37.0 66.0 33.0 63.0 c
28.0 60.0 26.0 63.0 c
26.0 63.0 23.0 65.0 c
23.0 65.0 22.0 62.0 c
12.0 51.0 18.0 46.0 d
18.0 46.0 19.0 43.0 c
19.0 43.0 21.0 43.0 c
21.0 43.0 22.0 47.0 c
22.0 47.0 18.0 46.0 c
12.0 51.0 1.0 48.0 c
1.0 48.0 0.0 44.0 c
0.0 44.0 3.0 43.0 c
7.0 33.0 14.0 32.0 d
14.0 32.0 17.0 31.0 c
17.0 31.0 20.0 31.0 c
21.0 26.0 20.0 31.0 d
21.0 26.0 18.0 19.0 c
18.0 19.0 25.0 20.0 c
25.0 20.0 29.0 22.0 c
29.0 22.0 43.0 26.0 d
41.0 19.0 46.0 19.0 c
48.0 7.0 46.0 19.0 d
48.0 7.0 43.0 0.0 c
29.0 7.0 43.0 0.0 d
29.0 7.0 27.0 9.0 c
27.0 9.0 26.0 6.0 c
26.0 6.0 25.0 4.0 c
25.0 4.0 27.0 0.0 c
27.0 0.0 29.0 7.0 c
43.0 0.0 50.0 0.0 c
50.0 0.0 48.0 7.0 c
46.0 19.0 45.0 24.0 c
45.0 24.0 43.0 26.0 c
43.0 26.0 41.0 19.0 c
29.0 22.0 24.0 25.0 c
27.0 31.0 24.0 25.0 d
27.0 31.0 33.0 31.0 c
33.0 31.0 35.0 33.0 c
35.0 33.0 30.0 38.0 c
30.0 38.0 27.0 31.0 c
24.0 25.0 21.0 26.0 c
20.0 31.0 19.0 36.0 c
19.0 36.0 16.0 37.0 c
16.0 37.0 16.0 34.0 c
16.0 34.0 14.0 32.0 c
7.0 33.0 4.0 36.0 c
4.0 36.0 1.0 34.0 c
1.0 34.0 0.0 32.0 c
0.0 32.0 3.0 31.0 c
0.0 23.0 0.0 19.0 c
5.0 4.0 1.0 5.0 c
1.0 5.0 0.0 3.0 c
1.44 1.92 0.0 0.0 d
