Processando arquivo: poly4a_mod_sep.txt

Tempo de Inicio (hh:mm:ss.ms) 2026-04-26 15:08:15.348926
Tempo de Termino (hh:mm:ss.ms) 2026-04-26 15:08:18.696064
Tempo Total (hh:mm:ss.ms) 0:00:03.347138

Função Objetivo: 7975.900147863303

0.0 0.0 154.66880470583024 48.65529631332783 d
169.97465687065593 0.0 86.1933526060697 266.32977638961444 c
86.1933526060697 266.32977638961444 0.0 533.5963834654386 c
0.0 533.5963834654386 367.9066584425656 626.8151227137564 c
367.9066584425656 626.8151227137564 746.8374744387486 728.2557537543 c
746.8374744387486 728.2557537543 598.1551383037477 549.998152972788 c
598.1551383037477 549.998152972788 454.18807620335616 369.0581365677825 c
454.18807620335616 369.0581365677825 693.01967084051 231.6177989394475 c
693.01967084051 231.6177989394475 921.6754427621794 89.5598422849451 c
929.6754427621795 0.0 921.6754427621794 89.5598422849451 d
929.6754427621795 0.0 945.996229074035 709.4458285618248 c
945.996229074035 709.4458285618248 1412.2803807973057 440.2033507213598 c
1527.052880966622 399.67722242552986 1412.2803807973057 440.2033507213598 d
1527.052880966622 399.67722242552986 1424.2803807973057 681.6445890429235 c
1424.2803807973057 681.6445890429235 1808.8900870717862 665.0171811640503 c
1808.8900870717862 665.0171811640503 2185.3813386700876 641.9648906331656 c
2185.3813386700876 641.9648906331656 2526.932900550272 505.0912506174839 d
2526.932900550272 505.0912506174839 2724.294890148988 597.4075681260986 c
2724.294890148988 597.4075681260986 2918.6889524501407 691.7512730292544 c
2918.6889524501407 691.7512730292544 3061.1481134614132 552.7959594434724 c
3061.1481134614132 552.7959594434724 3192.4625621412283 420.44993348770305 c
3197.4625621412283 426.9983021523959 3192.4625621412283 420.44993348770305 d
3197.4625621412283 426.9983021523959 3461.397756747473 400.8976227891411 c
3461.397756747473 400.8976227891411 3372.8715155133004 800.882577084183 c
3372.8715155133004 800.882577084183 3382.109786814395 933.6221658217428 c
3382.109786814395 933.6221658217428 3399.6447504015673 1066.7772209400969 c
3399.6447504015673 1066.7772209400969 3515.0228967120283 1393.4476598431008 d
3424.7287725266024 1314.2821124061302 3124.743951354911 1561.667008887619 c
3124.743951354911 1561.667008887619 2683.768936280694 2564.9178633949314 c
2474.634704065015 2829.4223513106162 2683.768936280694 2564.9178633949314 d
2812.0413704898688 2631.5642248122604 2474.634704065015 2829.4223513106162 c
2474.634704065015 2829.4223513106162 2139.3518753375533 3025.865353234837 c
2139.3518753375533 3025.865353234837 2132.351875337553 3071.7675755336204 d
2132.351875337553 3071.7675755336204 1649.7469373024269 2631.5642248122604 c
1649.7469373024269 2631.5642248122604 1666.0677236142824 3341.010053374085 c
1666.0677236142824 3341.010053374085 2132.351875337553 3071.7675755336204 c
2139.3518753375533 3025.865353234837 2448.6011296854545 3144.807622294319 c
2448.6011296854545 3144.807622294319 2757.3215970743777 3268.624364488265 c
2757.3215970743777 3268.624364488265 2790.698449346837 2949.1130359845397 c
2790.698449346837 2949.1130359845397 2812.0413704898688 2631.5642248122604 c
2375.447193062698 2425.9520094351647 2683.768936280694 2564.9178633949314 d
2375.447193062698 2425.9520094351647 2668.5398905332563 2036.4479055357415 c
2668.5398905332563 2036.4479055357415 2671.768936280694 1314.2821124061302 c
2671.768936280694 1314.2821124061302 2091.6403185854106 1791.0676825930968 c
2091.6403185854106 1791.0676825930968 2085.6403185854106 1754.48546312749 d
2085.6403185854106 1754.48546312749 1603.0353805502841 1314.2821124061302 c
1603.0353805502841 1314.2821124061302 1619.3561668621396 2023.727940967955 c
1619.3561668621396 2023.727940967955 1595.0353805502841 2024.315714669577 d
1595.0353805502841 2024.315714669577 1333.9848229294146 1888.6530292446853 c
1333.9848229294146 1888.6530292446853 1067.0034813471473 1745.8848824234967 c
1067.0034813471473 1745.8848824234967 894.8694711998623 1523.531030038693 c
894.8694711998623 1523.531030038693 709.0164259756039 1314.2821124061304 c
619.9530481738916 1314.2821124061302 709.0164259756039 1314.2821124061304 d
619.9530481738916 1314.2821124061302 0.0 1315.3759919337904 c
0.0 1315.3759919337904 81.13323936296439 1607.8645405376697 c
81.13323936296439 1607.8645405376697 680.7413648311112 1842.6960173693337 c
680.7413648311112 1842.6960173693337 695.0164259756039 1597.862869314206 c
695.0164259756039 1597.862869314206 619.9530481738916 1314.2821124061302 c
709.0164259756039 1314.2821124061304 802.9593065780757 1607.790500345794 c
802.9593065780757 1607.790500345794 903.2400801727504 1909.3817709687478 c
903.2400801727504 1909.3817709687478 1246.2110773676677 1964.3812524053112 c
1246.2110773676677 1964.3812524053112 1595.0353805502841 2024.315714669577 c
1619.3561668621396 2023.727940967955 2085.6403185854106 1754.48546312749 c
2091.6403185854106 1791.0676825930968 2375.447193062698 2425.9520094351647 c
2683.768936280694 2564.9178633949314 3232.263686279077 2619.5642248122604 c
3232.263686279077 2619.5642248122604 3410.3454554682066 2454.550333325956 c
3410.3454554682066 2454.550333325956 3571.5823185844038 2279.2938786691793 c
3571.5823185844038 2279.2938786691793 3559.001206735777 2631.5642248122604 d
3559.001206735777 2631.5642248122604 3259.016385564086 2878.949121293749 c
3259.016385564086 2878.949121293749 2818.0413704898688 3882.1999758010616 c
2570.596810469569 4182.100991189087 2818.0413704898688 3882.1999758010616 d
2774.407892624107 4103.142608715256 2570.596810469569 4182.100991189087 c
2570.596810469569 4182.100991189087 2116.421920389057 3944.846337218391 c
2116.421920389057 3944.846337218391 1991.4419220581985 4313.314298875041 c
1991.4419220581985 4313.314298875041 1979.4419220581985 4246.3451395202965 d
1979.4419220581985 4246.3451395202965 1928.9883102364145 4098.8306142789 c
1928.9883102364145 4098.8306142789 1870.332998166681 3944.846337218391 c
1870.332998166681 3944.846337218391 1468.0496420584316 4090.6333407097327 c
1468.0496420584316 4090.6333407097327 1059.7393073565772 4227.572191746202 c
1059.7393073565772 4227.572191746202 989.5159914401852 4540.871112221174 c
989.5159914401852 4540.871112221174 935.6754427621794 4846.387004125196 c
746.8374744387486 4673.10209097269 935.6754427621794 4846.387004125196 d
746.8374744387486 4673.10209097269 598.1551383037477 4494.844490191179 c
598.1551383037477 4494.844490191179 454.18807620335616 4313.904473786173 c
454.18807620335616 4313.904473786173 693.01967084051 4176.464136157838 c
693.01967084051 4176.464136157838 921.6754427621794 4034.406179503336 c
921.6754427621794 4034.406179503336 553.3816991742493 3991.0630474541076 c
372.5024705525144 3632.3490668881213 553.3816991742493 3991.0630474541076 d
372.5024705525144 3632.3490668881213 710.7578771228473 3284.8183298086165 c
710.7578771228473 3284.8183298086165 1043.766479296019 2933.0630271141654 c
1043.766479296019 2933.0630271141654 993.3128674742351 2785.5485018727686 c
1051.766479296019 2821.14530193983 993.3128674742351 2785.5485018727686 d
1051.766479296019 2821.14530193983 1308.410322335892 2970.4533890310154 c
1308.410322335892 2970.4533890310154 1565.2912428007432 3112.7942276559734 c
1565.2912428007432 3112.7942276559734 1599.789954143219 3074.481511121626 c
1599.789954143219 3074.481511121626 1644.7469373024267 3036.8351030516324 c
1644.7469373024267 3036.8351030516324 1549.1209667895164 2835.8934133523744 c
1549.1209667895164 2835.8934133523744 1460.0431832761549 2631.5642248122604 c
1460.0431832761549 2631.5642248122604 1051.766479296019 2821.14530193983 c
993.3128674742351 2785.5485018727686 934.6575554045015 2631.5642248122604 c
934.6575554045015 2631.5642248122604 532.3741992962522 2777.351228303602 c
532.3741992962522 2777.351228303602 124.06386459439773 2914.2900793400718 c
124.06386459439773 2914.2900793400718 53.84054867800586 3227.588999815044 c
53.84054867800586 3227.588999815044 0.0 3533.104891719065 c
0.0 3533.104891719065 188.32213183433402 3587.7619016805083 c
188.32213183433402 3587.7619016805083 372.5024705525144 3632.3490668881213 c
553.3816991742493 3991.0630474541076 169.97465687065593 3944.8463372183905 c
169.97465687065593 3944.8463372183905 86.1933526060697 4211.176113608005 c
86.1933526060697 4211.176113608005 0.0 4478.442720683829 c
0.0 4478.442720683829 367.9066584425656 4571.661459932147 c
367.9066584425656 4571.661459932147 746.8374744387486 4673.10209097269 c
935.6754427621794 4846.387004125196 1123.9975745965135 4901.044014086639 c
1123.9975745965135 4901.044014086639 1227.3017833021418 5259.374360745781 d
1227.3017833021418 5259.374360745781 892.0189545746803 5455.817362670003 c
886.0189545746802 5771.5498365108715 892.0189545746803 5455.817362670003 d
624.9683969538107 5635.88715108598 357.9870553715433 5493.119004264791 c
357.9870553715433 5493.119004264791 185.85304522425855 5270.765151879988 c
185.85304522425855 5270.765151879988 0.0 5061.516234247425 c
0.0 5061.516234247425 93.9428806024718 5355.024622187088 c
93.9428806024718 5355.024622187088 194.22365419714654 5656.615892810042 c
194.22365419714654 5656.615892810042 537.1946513920639 5711.615374246606 c
537.1946513920639 5711.615374246606 886.0189545746802 5771.5498365108715 c
886.0189545746802 5771.5498365108715 624.9683969538107 5635.88715108598 c
892.0189545746803 5455.817362670003 1201.2682089225814 5574.759631729485 c
1201.2682089225814 5574.759631729485 1509.9886763115046 5698.57637392343 c
1509.9886763115046 5698.57637392343 1543.3655285839639 5379.065045419705 c
1579.7084497269957 5488.514536399821 1543.3655285839639 5379.065045419705 d
1579.7084497269957 5488.514536399821 1843.6436443332404 5462.413857036566 c
1843.6436443332404 5462.413857036566 1755.1174030990678 5862.398811331608 c
1755.1174030990678 5862.398811331608 1764.3556744001623 5995.138400069168 c
1764.3556744001623 5995.138400069168 1781.8906379873347 6128.293455187522 c
1781.8906379873347 6128.293455187522 1833.4985464934798 5991.336248541953 c
1833.4985464934798 5991.336248541953 1885.07899264244 5847.700557940703 c
1885.07899264244 5847.700557940703 1521.786173099785 6142.293455187522 d
1521.786173099785 6142.293455187522 1119.5028169915356 6288.0804586788645 c
1119.5028169915356 6288.0804586788645 711.1924822896812 6425.019309715334 c
711.1924822896812 6425.019309715334 640.9691663732892 6738.318230190306 c
576.899571947846 6864.459248317133 640.9691663732892 6738.318230190306 d
576.899571947846 6864.459248317133 580.1286176952834 6142.293455187522 c
580.1286176952834 6142.293455187522 0.0 6619.079025374489 c
0.0 6619.079025374489 283.80687447728747 7253.963352216557 c
283.80687447728747 7253.963352216557 0.0 7261.963352216557 d
501.7907853061761 7470.441220821187 0.0 7261.963352216557 c
0.0 7261.963352216557 336.5515618801842 7767.05460283404 c
336.5515618801842 7767.05460283404 533.9135514789003 7859.370920342655 c
533.9135514789003 7859.370920342655 728.3076137800529 7953.7146252458115 c
728.3076137800529 7953.7146252458115 463.4801663474106 8333.740573156654 d
463.4801663474106 8333.740573156654 210.69921109099425 8451.01718108648 c
210.69921109099425 8451.01718108648 102.77250016931643 8733.417795582185 c
102.77250016931643 8733.417795582185 0.0 9015.385162199578 c
0.0 9015.385162199578 384.6097062744805 8998.757754320704 c
580.1286176952834 9652.022685562784 384.6097062744805 8998.757754320704 d
580.1286176952834 9652.022685562784 0.0 10128.808255749751 c
0.0 10128.808255749751 283.80687447728747 10763.692582591819 c
283.80687447728747 10763.692582591819 576.899571947846 10374.188478692397 c
576.899571947846 10374.188478692397 580.1286176952834 9652.022685562784 c
384.6097062744805 8998.757754320704 761.1009578727821 8975.70546378982 c
768.1009578727821 8867.336956622092 761.1009578727821 8975.70546378982 d
768.1009578727821 8867.336956622092 1136.0076163153476 8960.555695870411 c
1136.0076163153476 8960.555695870411 1514.9384323115307 9061.996326910954 c
1514.9384323115307 9061.996326910954 1366.2560961765298 8883.738726129443 c
1366.2560961765298 8883.738726129443 1222.2890340761383 8702.798709724437 c
1222.2890340761383 8702.798709724437 1461.1206287132923 8565.358372096101 c
1461.1206287132923 8565.358372096101 1689.7764006349616 8423.3004154416 c
1689.7764006349616 8423.3004154416 1321.4826570470314 8379.95728339237 c
1321.4826570470314 8379.95728339237 938.075614743438 8333.740573156654 c
938.075614743438 8333.740573156654 854.2943104788518 8600.070349546268 c
854.2943104788518 8600.070349546268 768.1009578727821 8867.336956622092 c
761.1009578727821 8975.70546378982 463.4801663474106 8333.740573156654 c
728.3076137800529 7953.7146252458115 870.7667747913254 7814.759311660029 c
870.7667747913254 7814.759311660029 1002.0812234711406 7682.41328570426 c
1002.0812234711406 7682.41328570426 1015.0812234711406 7630.431313873207 d
1015.0812234711406 7630.431313873207 1958.5657178451684 7722.289795043611 c
1969.5657178451684 7688.961654368953 1958.5657178451684 7722.289795043611 d
1969.5657178451684 7688.961654368953 2233.500912451413 7662.860975005698 c
2233.500912451413 7662.860975005698 2144.9746712172405 8062.84592930074 c
2144.9746712172405 8062.84592930074 2154.212942518335 8195.5855180383 c
2154.212942518335 8195.5855180383 2171.7479061055074 8328.740573156654 c
2171.7479061055074 8328.740573156654 2223.3558146116525 8191.783366511085 c
2223.3558146116525 8191.783366511085 2274.9362607606126 8048.147675909835 c
2274.9362607606126 8048.147675909835 2469.6632798718633 7968.130276736298 c
2469.6632798718633 7968.130276736298 2654.8799872076384 7882.831706979042 c
2654.8799872076384 7882.831706979042 3001.431549087822 7767.05460283404 d
3001.431549087822 7767.05460283404 3198.7935386865383 7859.370920342655 c
3198.7935386865383 7859.370920342655 3393.187600987691 7953.7146252458115 c
3393.187600987691 7953.7146252458115 3535.6467619989635 7814.759311660029 c
3535.6467619989635 7814.759311660029 3666.9612106787786 7682.41328570426 c
3666.9612106787786 7682.41328570426 3675.9612106787786 7451.544429344127 d
3675.9612106787786 7451.544429344127 3932.6050537186516 7600.852516435312 c
3932.6050537186516 7600.852516435312 4189.485974183503 7743.193355060271 c
4189.485974183503 7743.193355060271 4223.984685525978 7704.880638525923 c
4223.984685525978 7704.880638525923 4268.941668685186 7667.234230455929 c
4376.884549287658 7555.47174015622 4268.941668685186 7667.234230455929 d
4376.884549287658 7555.47174015622 4477.1653228823325 7857.063010779174 c
4477.1653228823325 7857.063010779174 4820.13632007725 7912.062492215738 c
4820.13632007725 7912.062492215738 5168.960623259866 7971.996954480003 c
5428.76478493178 8333.740573156654 5168.960623259866 7971.996954480003 d
5428.76478493178 8333.740573156654 4733.417637443467 8490.03188916848 c
4733.417637443467 8490.03188916848 4492.671904466877 8643.843989356614 d
4492.671904466877 8643.843989356614 4263.445412748277 8333.740573156654 c
4263.445412748277 8333.740573156654 4157.04875991754 8548.529620523865 c
4157.04875991754 8548.529620523865 4040.1033680809974 8760.73887530905 c
4040.1033680809974 8760.73887530905 4016.828306936505 8862.154478119857 d
4016.828306936505 8862.154478119857 4031.103368080998 8617.32133006473 c
4031.103368080998 8617.32133006473 3956.039990279285 8333.740573156654 c
3956.039990279285 8333.740573156654 3336.086942105394 8334.834452684314 c
3336.086942105394 8334.834452684314 3255.0235643036813 8333.740573156654 d
3255.0235643036813 8333.740573156654 2635.07051612979 8334.834452684314 c
2536.030361066296 8412.906120593625 2635.07051612979 8334.834452684314 d
2536.030361066296 8412.906120593625 2445.73623688087 8333.740573156654 c
2445.73623688087 8333.740573156654 2145.7514157091787 8581.125469638142 c
2145.7514157091787 8581.125469638142 1704.7764006349616 9584.376324145454 c
1704.7764006349616 9584.376324145454 2253.2711506333444 9639.022685562784 c
2253.2711506333444 9639.022685562784 2431.352919822474 9474.008794076479 c
2431.352919822474 9474.008794076479 2592.5897829386713 9298.752339419703 c
2592.5897829386713 9298.752339419703 2616.0239401444223 8898.351563325628 c
2616.0239401444223 8898.351563325628 2625.07051612979 8506.339576573393 c
2625.07051612979 8506.339576573393 2536.030361066296 8412.906120593625 c
2635.07051612979 8334.834452684314 2716.203755492754 8627.323001288194 c
2716.203755492754 8627.323001288194 3315.8118809609014 8862.154478119857 c
3315.8118809609014 8862.154478119857 3330.086942105394 8617.32133006473 c
3330.086942105394 8617.32133006473 3255.0235643036813 8333.740573156654 c
3336.086942105394 8334.834452684314 3417.220181468358 8627.323001288194 c
3417.220181468358 8627.323001288194 4016.828306936505 8862.154478119857 c
4040.1033680809974 8760.73887530905 4304.038562687242 8734.638195945796 c
4304.038562687242 8734.638195945796 4215.5123214530695 9134.623150240837 c
4215.5123214530695 9134.623150240837 4224.750592754164 9267.362738978398 c
4224.750592754164 9267.362738978398 4242.285556341336 9400.517794096751 c
4242.285556341336 9400.517794096751 4293.8934648474815 9263.560587451182 c
4293.8934648474815 9263.560587451182 4345.473910996442 9119.924896849932 c
4345.473910996442 9119.924896849932 4540.200930107692 9039.907497676395 c
4540.200930107692 9039.907497676395 4725.417637443467 8954.608927919138 c
4725.417637443467 8954.608927919138 4492.671904466877 8643.843989356614 c
4733.417637443467 8490.03188916848 5114.121193333062 8706.363408376072 c
5114.121193333062 8706.363408376072 5315.456880382177 8618.835977029441 c
5315.456880382177 8618.835977029441 5605.630753484509 8542.262839689442 c
5605.630753484509 8542.262839689442 5428.76478493178 8333.740573156654 c
5168.960623259866 7971.996954480003 4907.910065638997 7836.334269055112 c
5179.960623259866 7630.431313873207 4907.910065638997 7836.334269055112 d
5179.960623259866 7630.431313873207 6123.4451176338935 7722.289795043611 c
6123.4451176338935 7722.289795043611 5962.926593825774 7420.259623713422 c
5962.926593825774 7420.259623713422 5759.115511671236 7499.218006187253 c
5759.115511671236 7499.218006187253 5304.940621590725 7261.963352216557 c
5304.940621590725 7261.963352216557 5179.960623259866 7630.431313873207 c
4907.910065638997 7836.334269055112 4640.92872405673 7693.566122233923 c
4640.92872405673 7693.566122233923 4468.794713909445 7471.212269849119 c
4468.794713909445 7471.212269849119 4282.941668685186 7261.963352216557 c
4282.941668685186 7261.963352216557 4376.884549287658 7555.47174015622 c
4268.941668685186 7667.234230455929 4173.315698172276 7466.292540756672 c
4173.315698172276 7466.292540756672 4084.2379146589146 7261.963352216557 c
4084.2379146589146 7261.963352216557 3675.9612106787786 7451.544429344127 c
3666.9612106787786 7682.41328570426 3166.670772513814 7470.441220821187 c
3166.670772513814 7470.441220821187 2664.879987207638 7261.963352216557 c
2664.879987207638 7261.963352216557 3001.431549087822 7767.05460283404 c
2654.8799872076384 7882.831706979042 2422.1342542310485 7572.066768416517 c
2422.1342542310485 7572.066768416517 2192.9077625124482 7261.963352216557 c
2192.9077625124482 7261.963352216557 2086.511109681711 7476.752399583768 c
2086.511109681711 7476.752399583768 1969.5657178451684 7688.961654368953 c
1958.5657178451684 7722.289795043611 1798.0471940370485 7420.259623713422 c
1798.0471940370485 7420.259623713422 1594.2361118825108 7499.218006187253 c
1594.2361118825108 7499.218006187253 1140.0612218019992 7261.963352216557 c
1140.0612218019992 7261.963352216557 1015.0812234711406 7630.431313873207 c
1002.0812234711406 7682.41328570426 501.7907853061761 7470.441220821187 c
283.80687447728747 7253.963352216557 576.899571947846 6864.459248317133 c
640.9691663732892 6738.318230190306 587.1286176952834 7043.8341220943275 c
587.1286176952834 7043.8341220943275 775.4507495296175 7098.491132055771 c
775.4507495296175 7098.491132055771 959.6310882477978 7143.078297263383 c
959.6310882477978 7143.078297263383 1297.8864948181308 6795.547560183879 c
1297.8864948181308 6795.547560183879 1630.8950969913026 6443.792257489428 c
1630.8950969913026 6443.792257489428 1580.4414851695185 6296.2777322480315 c
1637.8950969913026 6298.584771199348 1580.4414851695185 6296.2777322480315 d
1637.8950969913026 6298.584771199348 2018.5986528808974 6514.916290406941 c
2018.5986528808974 6514.916290406941 2219.934339930012 6427.38885906031 c
2219.934339930012 6427.38885906031 2510.108213032345 6350.81572172031 c
2510.108213032345 6350.81572172031 2860.3910417598063 6340.151581685878 d
2525.108213032345 6536.5945836101 2834.357467380246 6655.536852669582 c
2834.357467380246 6655.536852669582 3143.077934769169 6779.353594863527 c
3143.077934769169 6779.353594863527 3176.4547870416286 6459.842266359802 c
3239.167063884412 6505.0091242669105 3176.4547870416286 6459.842266359802 d
3239.167063884412 6505.0091242669105 3258.1480529321043 6673.797845551186 c
3258.1480529321043 6673.797845551186 3450.794596793976 6681.949917757786 c
3450.794596793976 6681.949917757786 3649.915022025789 6692.386958408428 c
3649.915022025789 6692.386958408428 3597.594053422849 6496.851508649974 c
3597.594053422849 6496.851508649974 3547.404411327508 6294.432053083128 c
3547.404411327508 6294.432053083128 3415.444142239982 6224.314129578819 c
3415.444142239982 6224.314129578819 3288.7590478057487 6142.293455187522 c
3288.7590478057487 6142.293455187522 3654.9150220257893 6143.387334715182 d
3654.9150220257893 6143.387334715182 3736.0482613887534 6435.875883319061 c
3736.0482613887534 6435.875883319061 4335.6563868569 6670.707360150725 c
4335.6563868569 6670.707360150725 4349.931448001393 6425.874212095598 c
4349.931448001393 6425.874212095598 4354.931448001393 6298.584771199348 d
4354.931448001393 6298.584771199348 4735.635003890988 6514.916290406941 c
4735.635003890988 6514.916290406941 4936.970690940102 6427.38885906031 c
4936.970690940102 6427.38885906031 5227.144564042435 6350.81572172031 c
5238.1445640424345 6339.994892030501 5227.144564042435 6350.81572172031 d
5238.1445640424345 6339.994892030501 5270.513919742187 6505.0091242669105 c
5270.513919742187 6505.0091242669105 5289.4949087898785 6673.797845551186 c
5289.4949087898785 6673.797845551186 5482.14145265175 6681.949917757786 c
5482.14145265175 6681.949917757786 5681.261877883563 6692.386958408428 c
5681.261877883563 6692.386958408428 5628.940909280624 6496.851508649974 c
5628.940909280624 6496.851508649974 5578.751267185282 6294.432053083128 c
5578.751267185282 6294.432053083128 5446.790998097756 6224.314129578819 c
5446.790998097756 6224.314129578819 5320.105903663523 6142.293455187522 c
5320.105903663523 6142.293455187522 5284.990692711088 6242.479255400426 c
5284.990692711088 6242.479255400426 5238.1445640424345 6339.994892030501 c
5227.144564042435 6350.81572172031 5050.278595489705 6142.293455187522 c
5050.278595489705 6142.293455187522 4354.931448001393 6298.584771199348 c
4349.931448001393 6425.874212095598 4274.868070199681 6142.293455187522 c
4274.868070199681 6142.293455187522 3654.9150220257893 6143.387334715182 c
3288.7590478057487 6142.293455187522 3253.643836853313 6242.479255400426 c
3253.643836853313 6242.479255400426 3206.79770818466 6339.994892030501 c
3206.79770818466 6339.994892030501 3239.167063884412 6505.0091242669105 c
3176.4547870416286 6459.842266359802 3197.79770818466 6142.293455187522 c
3197.79770818466 6142.293455187522 2860.3910417598063 6340.151581685878 c
2860.3910417598063 6340.151581685878 2525.108213032345 6536.5945836101 c
2510.108213032345 6350.81572172031 2333.2422444796152 6142.293455187522 c
2333.2422444796152 6142.293455187522 1637.8950969913026 6298.584771199348 c
1580.4414851695185 6296.2777322480315 1521.786173099785 6142.293455187522 c
1885.07899264244 5847.700557940703 2079.8060117536907 5767.683158767166 c
2079.8060117536907 5767.683158767166 2265.0227190894657 5682.38458900991 c
2530.6665621293387 5400.4053984661805 2265.0227190894657 5682.38458900991 d
2530.6665621293387 5400.4053984661805 2787.54748259419 5542.746237091139 c
2787.54748259419 5542.746237091139 2822.0461939366655 5504.433520556791 c
2822.0461939366655 5504.433520556791 2867.0031770958735 5466.787112486797 c
2867.0031770958735 5466.787112486797 2771.377206582963 5265.84542278754 c
2771.377206582963 5265.84542278754 2682.2994230696017 5061.516234247425 c
2881.0031770958735 5061.516234247425 2682.2994230696017 5061.516234247425 d
2881.0031770958735 5061.516234247425 3217.5547389760577 5566.607484864909 c
3217.5547389760577 5566.607484864909 3414.916728574774 5658.923802373523 c
3414.916728574774 5658.923802373523 3609.3107908759266 5753.26750727668 c
3609.3107908759266 5753.26750727668 3751.769951887199 5614.312193690897 c
3751.769951887199 5614.312193690897 3890.0844005670147 5251.097311374995 d
3890.0844005670147 5251.097311374995 4146.728243606888 5400.4053984661805 c
4192.217785283541 5056.516234247425 4146.728243606888 5400.4053984661805 d
4192.217785283541 5056.516234247425 4485.3104827541 4667.012130348001 c
4192.217785283541 5056.516234247425 4493.5395285015375 4846.387004125196 d
4547.380077179543 4540.871112221174 4493.5395285015375 4846.387004125196 c
4493.5395285015375 4846.387004125196 4681.861660335871 4901.044014086639 c
4681.861660335871 4901.044014086639 4866.041999054051 4945.6311792942515 c
4866.041999054051 4945.6311792942515 4944.18217241455 5061.516234247425 d
4944.18217241455 5061.516234247425 4960.502958726406 5770.96206280925 c
4960.502958726406 5770.96206280925 5426.787110449677 5501.719584968785 c
5432.787110449677 5455.817362670003 5426.787110449677 5501.719584968785 d
5432.787110449677 5455.817362670003 5742.036364797577 5574.759631729485 c
5742.036364797577 5574.759631729485 6050.756832186501 5698.57637392343 c
6050.756832186501 5698.57637392343 6084.1336844589605 5379.065045419705 c
6084.1336844589605 5379.065045419705 6105.476605601993 5061.516234247425 c
6105.476605601993 5061.516234247425 5768.069939177139 5259.374360745781 c
5768.069939177139 5259.374360745781 5432.787110449677 5455.817362670003 c
5426.787110449677 5501.719584968785 4944.18217241455 5061.516234247425 c
4866.041999054051 4945.6311792942515 5204.297405624385 4598.100442214747 c
5204.297405624385 4598.100442214747 5537.306007797556 4246.3451395202965 c
5537.306007797556 4246.3451395202965 5486.852395975772 4098.8306142789 c
5486.852395975772 4098.8306142789 5428.197083906039 3944.846337218391 c
5428.197083906039 3944.846337218391 5025.91372779779 4090.6333407097327 c
5025.91372779779 4090.6333407097327 4617.603393095935 4227.572191746202 c
4617.603393095935 4227.572191746202 4547.380077179543 4540.871112221174 c
4485.3104827541 4667.012130348001 4488.5395285015375 3944.84633721839 c
4488.5395285015375 3944.84633721839 3908.410910806254 4421.631907405357 c
3908.410910806254 4421.631907405357 3893.410910806254 4405.172780045445 d
3893.410910806254 4405.172780045445 3732.8923869981345 4103.142608715256 c
3732.8923869981345 4103.142608715256 3529.0813048435966 4182.100991189087 c
3529.0813048435966 4182.100991189087 3074.9064147630847 3944.846337218391 c
3074.9064147630847 3944.846337218391 2949.9264164322262 4313.314298875041 c
2949.9264164322262 4313.314298875041 3893.410910806254 4405.172780045445 c
3908.410910806254 4421.631907405357 4192.217785283541 5056.516234247425 c
4146.728243606888 5400.4053984661805 4403.609164071739 5542.746237091139 c
4403.609164071739 5542.746237091139 4438.1078754142145 5504.433520556791 c
4438.1078754142145 5504.433520556791 4483.0648585734225 5466.787112486797 c
4526.434214273174 5424.231903326813 4483.0648585734225 5466.787112486797 d
4526.434214273174 5424.231903326813 4545.415203320866 5593.020624611088 c
4545.415203320866 5593.020624611088 4738.061747182737 5601.172696817689 c
4738.061747182737 5601.172696817689 4937.18217241455 5611.60973746833 c
4937.18217241455 5611.60973746833 4884.861203811611 5416.074287709876 c
4884.861203811611 5416.074287709876 4834.67156171627 5213.654832143031 c
4834.67156171627 5213.654832143031 4702.711292628743 5143.536908638722 c
4702.711292628743 5143.536908638722 4576.0261981945105 5061.516234247425 c
4576.0261981945105 5061.516234247425 4540.910987242075 5161.702034460329 c
4540.910987242075 5161.702034460329 4494.064858573422 5259.217671090404 c
4494.064858573422 5259.217671090404 4526.434214273174 5424.231903326813 c
4483.0648585734225 5466.787112486797 4387.438888060512 5265.84542278754 c
4387.438888060512 5265.84542278754 4298.361104547151 5061.516234247425 c
4298.361104547151 5061.516234247425 3890.0844005670147 5251.097311374995 c
3751.769951887199 5614.312193690897 3883.084400567014 5481.966167735128 c
3883.084400567014 5481.966167735128 3382.7939624020496 5269.994102852055 c
3382.7939624020496 5269.994102852055 2881.0031770958735 5061.516234247425 c
2682.2994230696017 5061.516234247425 2274.0227190894657 5251.097311374995 c
2274.0227190894657 5251.097311374995 2530.6665621293387 5400.4053984661805 c
2265.0227190894657 5682.38458900991 2032.2769861128759 5371.6196504473855 c
2032.2769861128759 5371.6196504473855 1803.0504943942753 5061.516234247425 c
1803.0504943942753 5061.516234247425 1696.6538415635384 5276.305281614636 c
1696.6538415635384 5276.305281614636 1579.7084497269957 5488.514536399821 c
1543.3655285839639 5379.065045419705 1564.7084497269957 5061.516234247425 c
1564.7084497269957 5061.516234247425 1227.3017833021418 5259.374360745781 c
1123.9975745965135 4901.044014086639 1308.1779133146938 4945.6311792942515 c
1308.1779133146938 4945.6311792942515 1646.4333198850268 4598.100442214747 c
1646.4333198850268 4598.100442214747 1979.4419220581985 4246.3451395202965 c
1991.4419220581985 4313.314298875041 2934.9264164322262 4405.172780045445 c
2934.9264164322262 4405.172780045445 2774.407892624107 4103.142608715256 c
2818.0413704898688 3882.1999758010616 3366.5361204882515 3936.8463372183905 c
3366.5361204882515 3936.8463372183905 3544.6178896773813 3771.8324457320864 c
3544.6178896773813 3771.8324457320864 3705.854752793579 3596.5759910753095 c
3705.854752793579 3596.5759910753095 3729.28890999933 3196.175214981236 c
3729.28890999933 3196.175214981236 3738.3354859846972 2804.163228229 c
3750.3354859846977 2829.2656616552395 3738.3354859846972 2804.163228229 d
3750.3354859846977 2829.2656616552395 3782.7048416844495 2994.279893891648 c
3782.7048416844495 2994.279893891648 3801.6858307321418 3163.0686151759232 c
3801.6858307321418 3163.0686151759232 3994.3323745940133 3171.2206873825244 c
3994.3323745940133 3171.2206873825244 4193.452799825826 3181.6577280331653 c
4193.452799825826 3181.6577280331653 4141.131831222887 2986.122278274712 c
4141.131831222887 2986.122278274712 4090.9421891275456 2783.7028227078667 c
4090.9421891275456 2783.7028227078667 3958.9819200400193 2713.584899203557 c
3958.9819200400193 2713.584899203557 3832.296825605786 2631.5642248122604 c
3832.296825605786 2631.5642248122604 4201.452799825826 2787.8555408240863 d
4201.452799825826 2787.8555408240863 4582.156355715421 3004.187060031679 c
4582.156355715421 3004.187060031679 4783.492042764536 2916.6596286850477 c
4783.492042764536 2916.6596286850477 5073.665915866868 2840.0864913450478 c
5179.60879646934 2925.072612751924 5073.665915866868 2840.0864913450478 d
5179.60879646934 2925.072612751924 5279.889570064014 3226.663883374878 c
5279.889570064014 3226.663883374878 5622.860567258932 3281.6633648114416 c
5622.860567258932 3281.6633648114416 5971.684870441548 3341.597827075707 c
5971.684870441548 3341.597827075707 5710.634312820679 3205.9351416508157 c
5710.634312820679 3205.9351416508157 5443.652971238412 3063.1669948296267 c
5443.652971238412 3063.1669948296267 5271.518961091127 2840.813142444823 c
5271.518961091127 2840.813142444823 5085.665915866868 2631.5642248122604 c
5085.665915866868 2631.5642248122604 5179.60879646934 2925.072612751924 c
5073.665915866868 2840.0864913450478 4896.799947314139 2631.5642248122604 c
4896.799947314139 2631.5642248122604 4201.452799825826 2787.8555408240863 c
3832.296825605786 2631.5642248122604 3797.1816146533506 2731.750025025164 c
3797.1816146533506 2731.750025025164 3750.3354859846977 2829.2656616552395 c
3738.3354859846972 2804.163228229 3649.295330921203 2710.7297722492312 c
3649.295330921203 2710.7297722492312 3559.001206735777 2631.5642248122604 c
3571.5823185844038 2279.2938786691793 3595.016475790155 1878.8931025751058 c
3614.0630517755226 1847.878495871569 3595.016475790155 1878.8931025751058 d
3614.0630517755226 1847.878495871569 3981.969710218088 1941.0972351198866 c
3981.969710218088 1941.0972351198866 4360.900526214271 2042.5378661604304 c
4360.900526214271 2042.5378661604304 4212.21819007927 1864.2802653789183 c
4212.21819007927 1864.2802653789183 4068.2511279788787 1683.3402489739128 c
4068.2511279788787 1683.3402489739128 4307.082722616033 1545.8999113455777 c
4307.082722616033 1545.8999113455777 4535.738494537702 1403.8419546910754 c
4664.87778937648 1250.635750988801 4535.738494537702 1403.8419546910754 d
4664.87778937648 1250.635750988801 5213.372539374863 1305.2821124061302 c
4757.437705628696 1431.5587203359541 4664.87778937648 1250.635750988801 d
5010.2186608851125 1314.2821124061302 4757.437705628696 1431.5587203359541 c
4757.437705628696 1431.5587203359541 4649.510994707019 1713.95933483166 c
4649.510994707019 1713.95933483166 4546.738494537702 1995.9267014490538 c
4546.738494537702 1995.9267014490538 4931.348200812183 1979.2992935701805 c
4931.348200812183 1979.2992935701805 5307.839452410484 1956.2470030392958 c
5307.839452410484 1956.2470030392958 5010.2186608851125 1314.2821124061302 c
5213.372539374863 1305.2821124061302 5391.4543085639925 1140.2682209198258 c
5391.4543085639925 1140.2682209198258 5552.69117168019 965.0117662630493 c
5552.69117168019 965.0117662630493 5576.125328885941 564.6109901689755 c
5576.125328885941 564.6109901689755 5585.1719048713085 172.59900341673983 c
5585.1719048713085 172.59900341673983 5496.131749807814 79.16554743697066 c
5496.131749807814 79.16554743697066 5405.837625622388 0.0 c
5405.837625622388 0.0 5105.8528044506975 247.3848964814889 c
5105.8528044506975 247.3848964814889 4664.87778937648 1250.635750988801 c
4535.738494537702 1403.8419546910754 4167.444750949772 1360.4988226418473 c
4167.444750949772 1360.4988226418473 3784.0377086461785 1314.2821124061302 c
3784.0377086461785 1314.2821124061302 3700.2564043815923 1580.6118887957446 c
3700.2564043815923 1580.6118887957446 3614.0630517755226 1847.878495871569 c
3595.016475790155 1878.8931025751058 3604.0630517755226 1486.88111582287 c
3604.0630517755226 1486.88111582287 3515.0228967120283 1393.4476598431008 c
3515.0228967120283 1393.4476598431008 3424.7287725266024 1314.2821124061302 c
3399.6447504015673 1066.7772209400969 3451.2526589077124 929.8200142945282 c
3451.2526589077124 929.8200142945282 3502.8331050566726 786.1843236932784 c
3502.8331050566726 786.1843236932784 3697.5601241679233 706.1669245197411 c
3697.5601241679233 706.1669245197411 3882.7768315036983 620.8683547624846 c
3888.7768315036983 681.6445890429235 3882.7768315036983 620.8683547624846 d
3888.7768315036983 681.6445890429235 4273.3865377781785 665.0171811640503 c
4273.3865377781785 665.0171811640503 4649.877789376481 641.9648906331656 c
4649.877789376481 641.9648906331656 4352.256997851109 0.0 c
4352.256997851109 0.0 4099.476042594692 117.27660792982397 c
4099.476042594692 117.27660792982397 3991.549331673015 399.67722242552986 c
3991.549331673015 399.67722242552986 3888.7768315036983 681.6445890429235 c
3882.7768315036983 620.8683547624846 3650.0310985271085 310.1034161999603 c
3650.0310985271085 310.1034161999603 3420.8046068085077 0.0 c
3420.8046068085077 0.0 3314.4079539777713 214.78904736721097 c
3314.4079539777713 214.78904736721097 3197.4625621412283 426.9983021523959 c
3192.4625621412283 420.44993348770305 2692.1721239762637 208.4778686046309 c
2692.1721239762637 208.4778686046309 2190.3813386700876 0.0 c
2190.3813386700876 0.0 2526.932900550272 505.0912506174839 c
2185.3813386700876 641.9648906331656 1887.7605471447164 0.0 c
1887.7605471447164 0.0 1634.9795918882999 117.27660792982397 c
1634.9795918882999 117.27660792982397 1527.052880966622 399.67722242552986 c
1412.2803807973057 440.2033507213598 929.6754427621795 0.0 c
921.6754427621794 89.5598422849451 553.3816991742493 46.21671023571694 c
553.3816991742493 46.21671023571694 169.97465687065593 0.0 c
154.66880470583024 48.65529631332783 0.0 0.0 d
