Processando arquivo: poly4b_mod_pack.txt

Tempo de Inicio (hh:mm:ss.ms) 2026-04-26 15:03:36.815699
Tempo de Termino (hh:mm:ss.ms) 2026-04-26 15:03:39.037602
Tempo Total (hh:mm:ss.ms) 0:00:02.221903

Função Objetivo: 101.08811461343633

0.0 0.0 4.970326246676855 3.522951178827181 d
7.46738265553893 0.0 0.0 10.535294451386818 c
7.467382655538931 1.605080171513042 7.46738265553893 0.0 d
8.743148345140918 6.091915550956695 10.120205440605263 1.8625134776264893 c
10.120205440605261 3.7567529992901414 10.120205440605263 1.8625134776264893 d
10.120205440605261 3.7567529992901414 19.37918222843406 2.3475868039202523 c
19.37918222843406 2.3475868039202523 20.11666322262949 1.0585599656968565 c
20.11666322262949 1.0585599656968565 19.238922698816992 0.39515984564519124 c
19.238922698816992 0.39515984564519124 23.74804164171547 4.275510348506902 d
23.74804164171547 4.275510348506902 20.11666322262949 11.78918337948944 c
18.320483362455395 16.34709428494499 20.11666322262949 11.78918337948944 d
18.320483362455395 16.34709428494499 11.070774786060662 20.72753384463921 c
11.070774786060662 20.72753384463921 8.550960442173569 20.926898083798317 d
8.550960442173569 20.926898083798317 11.070774786060664 16.34709428494499 c
11.070774786060664 16.34709428494499 8.008475414933443 20.427909682668908 c
8.008475414933443 20.427909682668908 2.9324492372304833 17.602452801551493 c
2.9324492372304833 17.602452801551493 7.6920948218943215 20.849517970803007 c
7.6920948218943215 20.849517970803007 6.381168356108607 22.596456548167815 c
6.381168356108607 22.596456548167815 0.4182330859062704 21.005168983469552 c
0.4182330859062704 21.005168983469552 0.0 29.014129521122978 c
1.3823391460530496 32.511854955020596 0.0 29.014129521122978 d
1.3823391460530496 32.511854955020596 0.0 38.88071849297991 c
0.0 38.88071849297991 9.964533601456035 39.176056431209425 c
9.964533601456035 39.176056431209425 5.114542126382766 36.50629333945302 c
5.114542126382766 36.50629333945302 6.402015759442619 32.769025605082156 c
9.964533601456036 34.5162476963219 6.402015759442619 32.769025605082156 d
9.964533601456036 34.5162476963219 14.01128637230781 34.50505750781818 c
14.01128637230781 34.50505750781818 13.752245210697316 40.34277927945177 c
13.752245210697316 40.34277927945177 18.108539772697025 34.663001176346974 c
18.108539772697025 34.663001176346974 16.046565206491376 42.049981086209584 c
16.046565206491376 42.049981086209584 19.35282750691178 46.400429437433814 d
19.35282750691178 46.400429437433814 11.2722507407276 55.2482276460502 c
11.2722507407276 56.60105026772102 11.2722507407276 55.2482276460502 d
11.2722507407276 56.60105026772102 9.093774923201853 46.400429437433814 c
11.2722507407276 56.60105026772102 8.355296594514877 60.73536485415373 d
8.355296594514877 60.73536485415373 6.279548388338441 66.29562293653458 c
8.355296594514876 64.73434639774783 6.279548388338441 66.29562293653458 d
8.355296594514876 64.73434639774783 13.023839272498579 67.28751808668288 c
13.023839272498579 67.28751808668288 13.170900906258067 68.31417270809227 c
13.170900906258067 68.31417270809227 20.000565504281816 66.36629254783405 c
20.000565504281816 66.36629254783405 20.735044536164654 69.60611422904957 c
20.735044536164654 69.60611422904957 24.808121161137525 73.4928304089638 d
24.004300697524325 72.24424417262065 20.730322977575838 77.17543578365401 c
16.5747943228651 76.91352708228995 20.730322977575838 77.17543578365401 d
20.730322977575838 74.48480738149622 15.32218256782619 72.24424417262065 c
15.32218256782619 72.24424417262065 9.996731068125838 77.5705068764533 c
9.996731068125838 80.85044380566951 9.996731068125838 77.5705068764533 d
9.996731068125838 80.85044380566951 0.0 72.24424417262065 c
0.0 72.24424417262065 4.888167754977113 80.6507347892697 c
4.888167754977113 80.6507347892697 9.996731068125838 80.85044380566951 c
9.996731068125838 77.5705068764533 15.294220924182152 77.8758922317069 c
15.294220924182152 77.8758922317069 15.32218256782619 72.24424417262065 c
15.32218256782619 72.24424417262065 16.5747943228651 76.91352708228995 c
16.5747943228651 76.91352708228995 20.730322977575838 74.48480738149622 c
20.730322977575838 77.17543578365401 24.808121161137525 73.4928304089638 c
25.379088073279668 73.42284906760185 24.808121161137525 73.4928304089638 d
25.379088073279668 73.42284906760185 24.808121161137528 78.49727685959544 c
24.808121161137528 78.49727685959544 26.446680968438848 75.39247862629355 c
26.446680968438848 75.39247862629355 27.635386564773853 75.34744617703029 c
27.635386564773853 75.34744617703029 29.29030262409365 72.24424417262065 c
29.29030262409365 72.24424417262065 25.379088073279668 73.42284906760185 c
24.808121161137525 73.4928304089638 24.004300697524325 72.24424417262065 c
20.735044536164654 69.60611422904957 20.167764932146564 65.79323690194832 c
20.167764932146564 65.79323690194832 14.50593363831525 65.33947326889613 c
14.50593363831525 65.33947326889613 15.725636015313867 61.41325604530802 c
15.725636015313867 61.41325604530802 12.085285703533525 60.73536485415373 c
12.085285703533525 60.73536485415373 12.719620056999297 65.16372783949528 c
12.719620056999297 65.16372783949528 8.355296594514876 64.73434639774783 c
6.279548388338441 66.29562293653458 6.027417698052281 66.47876456283748 d
6.027417698052281 66.47876456283748 6.279548388338441 61.915821676162444 c
6.279548388338441 61.915821676162444 0.0 60.73536485415373 c
0.0 60.73536485415373 3.453084446963153 67.85153248200993 c
3.453084446963153 67.85153248200993 6.027417698052281 66.47876456283748 c
6.279548388338441 66.29562293653458 7.021089851068043 70.23654103638926 c
7.021089851068043 70.23654103638926 8.355296594514877 60.73536485415373 c
9.093774923201853 46.400429437433814 5.092861355187165 48.043523615271596 c
4.282788237076658 46.400429437433814 5.092861355187165 48.043523615271596 d
4.282788237076658 46.400429437433814 2.386379345436408 47.06415332729333 c
2.386379345436408 47.06415332729333 2.074385776677648 47.52588362685893 c
2.074385776677648 47.52588362685893 0.0 51.23511655609713 c
0.0 51.23511655609713 4.282788237076658 46.400429437433814 c
5.092861355187165 48.043523615271596 4.282788237076658 49.302630009923924 c
4.282788237076658 49.302630009923924 6.944270964335749 54.47778612564867 c
6.944270964335749 54.47778612564867 5.310188501035144 57.57874264762072 c
5.310188501035144 57.57874264762072 11.2722507407276 56.60105026772102 c
11.2722507407276 55.2482276460502 21.249642743483648 60.73536485415373 c
21.249642743483648 60.73536485415373 20.796848158624556 60.73536485415374 d
20.796848158624556 60.73536485415374 20.735044536164658 62.740116325808366 c
20.735044536164658 62.740116325808366 22.895753062950902 61.182766003104604 c
22.895753062950902 60.73536485415373 22.895753062950902 61.182766003104604 d
22.895753062950902 60.73536485415373 23.92468584894361 64.82941752379537 c
23.92468584894361 64.82941752379537 25.674472818184615 65.95478566344092 c
25.674472818184615 65.2437392306249 25.674472818184615 65.95478566344092 d
25.674472818184615 65.2437392306249 27.59313114398248 66.8097907341991 c
27.59313114398248 66.8097907341991 29.722975170419723 67.2719882325232 c
29.722975170419723 67.2719882325232 29.387900382468374 69.7250106029533 c
29.387900382468374 69.7250106029533 33.39359952166743 68.06855050251826 c
33.39359952166743 68.06855050251826 39.892356011047845 63.84250991543492 c
39.892356011047845 65.12143592858821 39.892356011047845 63.84250991543492 d
39.892356011047845 65.12143592858821 48.87054716293168 65.26814046401296 c
48.87054716293168 65.26814046401296 47.08766142493522 67.0459662717008 c
47.08766142493522 67.0459662717008 50.466926011321256 72.24424417262067 c
50.466926011321256 72.24424417262067 53.86439972701424 68.77526038013713 c
53.86439972701424 68.77526038013713 56.98352483466164 72.24424417262065 d
56.98352483466164 72.24424417262065 51.25303275773865 80.24195385439296 c
51.25303275773865 80.24195385439296 51.25303275773865 82.19197440905515 d
51.25303275773865 82.19197440905515 49.66360032943668 74.88814549146069 c
51.455965473538605 85.63159089534008 51.25303275773865 82.19197440905515 d
51.455965473538605 85.63159089534008 40.051637036481615 94.40434308543247 c
40.051637036481615 94.40434308543247 42.94853995162561 100.56543596651699 c
40.731537751156964 104.03546503535748 42.94853995162561 100.56543596651699 d
40.731537751156964 104.03546503535748 43.84888224532165 111.4381347981479 c
40.731537751156964 104.03546503535748 40.731537751156964 104.90379013437317 d
40.731537751156964 104.90379013437317 39.43767108555936 104.03546503535748 c
39.43767108555936 104.03546503535748 36.40106842548573 106.78459609207708 c
34.72899041942209 105.123047319528 36.40106842548573 106.78459609207708 d
34.72899041942209 105.123047319528 36.40106842548573 104.03546503535748 c
34.00830520170976 102.12156784441565 34.72899041942209 105.123047319528 d
34.00830520170976 102.12156784441565 33.15613553625886 94.39485995494354 c
33.15613553625886 94.39485995494354 34.96565518135935 96.1696692548596 c
34.96565518135935 96.1696692548596 35.01842385499417 93.97920507032008 c
35.01842385499417 93.97920507032008 32.180980245072895 92.83454784699981 c
32.180980245072895 92.83454784699981 35.86902670546238 86.01711858479806 c
36.87771500563549 85.63159089534008 35.86902670546238 86.01711858479806 d
36.87771500563549 85.63159089534008 35.452768190273275 82.94957252370061 c
35.452768190273275 82.94957252370061 47.107649536540805 82.87435225809051 c
47.107649536540805 82.87435225809051 41.68996718653501 75.03323607825666 c
41.68996718653501 75.03323607825666 38.44760291699216 79.13526234413614 c
38.44760291699216 79.13526234413614 37.22277055316861 72.24424417262065 c
37.22277055316861 72.24424417262065 29.290302624093645 73.75044721424841 c
29.290302624093645 73.75044721424841 36.87771500563549 85.63159089534008 c
35.86902670546238 88.8571112764019 35.86902670546238 86.01711858479806 d
35.86902670546238 88.8571112764019 37.57296152070319 88.91285831286721 c
37.57296152070319 88.91285831286721 40.051637036481615 89.14806725803419 c
40.051637036481615 89.14806725803419 39.911213361004215 85.63159089534008 c
39.911213361004215 85.63159089534008 35.86902670546238 88.8571112764019 c
35.86902670546238 86.01711858479806 32.628306198925586 90.86170150038006 c
32.628306198925586 90.86170150038006 28.26703458820772 85.63159089534008 c
28.26703458820772 85.63159089534008 24.915742330881947 91.64087172547893 c
24.915742330881947 91.64087172547893 29.95782259030475 96.63693885209514 c
29.95782259030475 96.63693885209514 28.257449323023955 98.5751072787071 c
28.257449323023955 98.5751072787071 34.00830520170976 102.12156784441565 c
36.40106842548573 104.03546503535748 28.49018322986688 107.20317738278179 c
24.64713025576431 106.85857167394114 28.49018322986688 107.20317738278179 d
25.19941426428134 105.37155198216003 22.760903214904182 104.03546503535748 c
22.760903214904182 104.03546503535748 20.608171891181144 101.66910458901927 d
20.608171891181144 101.66910458901927 24.915742330881944 93.30542625754921 c
24.915742330881944 93.30542625754921 23.57735186814893 91.0351017998164 c
23.57735186814893 91.0351017998164 19.287849880089333 88.70698477714384 c
19.287849880089333 88.70698477714384 15.970722334484616 85.63159089534008 c
15.970722334484616 85.63159089534008 10.35938872018854 91.79840621042304 c
10.35938872018854 91.79840621042304 9.613906872159763 90.79637785000595 c
9.613906872159763 90.79637785000595 8.984152288646083 89.73803324371994 d
8.984152288646083 89.73803324371994 0.0 85.63159089534008 c
0.0 85.63159089534008 3.2559080315368334 93.79596927964182 c
3.2559080315368334 93.79596927964182 4.956072249973426 104.03546503535749 c
4.956072249973426 104.03546503535749 8.984152288646083 89.73803324371994 c
9.613906872159763 90.79637785000595 8.984152288646083 91.28286106398525 c
8.984152288646083 91.28286106398525 16.122752826223017 95.15998693970674 c
16.122752826223017 95.15998693970674 20.608171891181144 101.66910458901927 c
22.760903214904182 104.03546503535748 19.481612759266383 110.76863520984449 c
19.481612759266383 110.76863520984449 19.11066438204469 106.85605287312747 d
16.49737252138055 110.47544015552337 11.732568351339156 106.15578013627193 c
11.732568351339156 106.15578013627193 10.278446894655252 106.43036630942234 d
10.278446894655252 106.43036630942234 7.636240996757178 104.49838358059671 c
7.636240996757178 104.49838358059671 0.0 104.03546503535748 c
0.0 104.03546503535748 1.4802459824418825 106.99190471614821 c
1.4802459824418825 106.99190471614821 1.7354354750769745 109.53883057591277 c
1.7354354750769745 109.53883057591277 10.278446894655252 106.43036630942234 c
11.732568351339156 106.15578013627193 10.278446894655252 111.29379299533296 c
10.278446894655252 111.29379299533296 16.646504625314577 114.17039472998269 c
16.646504625314577 114.17039472998269 11.132468214018818 113.45908562868814 c
11.132468214018818 113.45908562868814 14.859580180862565 121.79314043387173 c
14.859580180862565 121.79314043387173 19.481612759266383 117.16079302701247 c
19.481612759266383 117.16079302701247 19.11066438204469 106.85605287312747 c
19.11066438204469 106.85605287312747 14.51605460368449 104.03546503535748 c
14.51605460368449 104.03546503535748 16.49737252138055 110.47544015552337 c
19.481612759266383 110.76863520984449 28.490183229866876 110.60727601822566 c
28.490183229866876 110.60727601822566 24.64713025576431 106.85857167394114 c
24.64713025576431 106.85857167394114 25.19941426428134 105.37155198216003 c
28.49018322986688 107.20317738278179 34.533465138731245 113.01879861927847 c
34.533465138731245 113.01879861927847 34.72899041942209 105.123047319528 c
36.40106842548573 106.78459609207708 40.731537751156964 104.90379013437317 c
43.84888224532165 111.4381347981479 43.37364843671253 112.2866210615563 c
43.37364843671253 112.2866210615563 43.90161951887594 111.56336850941824 c
43.90161951887594 111.56336850941824 44.27170246814098 112.44219401727496 c
44.27170246814098 112.44219401727496 49.189834796651084 110.27393545750616 c
49.189834796651084 110.27393545750616 45.669078601433874 108.18834158712332 c
49.18983479665109 105.87754603649242 45.669078601433874 108.18834158712332 d
49.18983479665109 105.87754603649242 50.444277223544866 115.21589320487654 c
50.444277223544866 115.21589320487654 53.035118712348854 104.03546503535748 c
53.035118712348854 104.03546503535748 55.597128271952066 98.6589093498163 d
55.597128271952066 98.6589093498163 58.70891603212818 92.25292465424934 c
58.70891603212818 92.25292465424934 61.82030430087326 91.67194388742635 c
61.82030430087326 91.67194388742635 63.62254610895685 92.72231521528629 d
63.62254610895685 92.72231521528629 66.43960469911352 85.63159089534008 c
66.43960469911352 85.63159089534008 61.82030430087326 88.05780955695934 c
61.82030430087326 88.05780955695934 62.676206649340486 88.8777225711532 c
62.676206649340486 88.8777225711532 63.62254610895685 92.72231521528629 c
61.82030430087326 91.67194388742635 59.12034891137408 90.74647820460828 c
59.12034891137408 90.74647820460828 57.113187342386716 85.63159089534008 c
57.113187342386716 85.63159089534008 52.99339303615494 93.63110692429179 c
52.99339303615494 93.63110692429179 51.45596547353861 92.24458645651518 c
51.45596547353861 92.24458645651518 51.51540581429174 98.59866552668713 c
51.51540581429174 98.59866552668713 55.597128271952066 98.6589093498163 c
53.035118712348854 104.03546503535748 49.18983479665109 105.87754603649242 c
45.669078601433874 108.18834158712332 45.1002860262502 109.203868424712 c
45.1002860262502 109.203868424712 40.731537751156964 104.03546503535748 c
42.94853995162561 100.56543596651699 51.455965473538605 85.63159089534008 c
49.66360032943668 74.88814549146069 47.19220624384439 72.24424417262065 c
47.19220624384439 72.24424417262065 47.107649536540805 76.48451129275227 c
47.107649536540805 76.48451129275227 51.25303275773865 82.19197440905515 c
51.25303275773865 80.24195385439296 59.54767431018829 79.02260373439799 c
59.54767431018829 79.02260373439799 61.86222292647187 76.84934364510926 c
61.86222292647187 76.84934364510926 56.98352483466164 72.24424417262065 c
53.86439972701424 68.77526038013713 53.188756822822306 66.47763239037396 c
53.86439972701423 64.72300166010157 53.188756822822306 66.47763239037396 d
53.86439972701423 64.72300166010157 60.38301195963604 63.116096760480616 c
60.38301195963604 63.116096760480616 60.62993114632422 62.40476974149687 c
60.62993114632422 62.40476974149687 59.113565182689605 60.73536485415373 c
59.113565182689605 60.73536485415373 53.86439972701423 64.72300166010157 c
53.188756822822306 66.47763239037396 48.312533680591734 60.73536485415374 c
49.87789492750174 57.65616472660116 48.312533680591734 60.73536485415374 d
49.87789492750174 57.65616472660116 50.733183304048126 55.67712178657988 c
50.733183304048126 55.67712178657988 48.32986691942854 53.18938768405172 c
48.32986691942854 53.18938768405172 46.66363733631257 52.65387046490076 c
46.66363733631257 52.65387046490076 50.657918554126304 53.40199240955981 c
50.657918554126304 53.40199240955981 50.73318330404811 48.73094814850447 d
50.73318330404811 48.73094814850447 56.984052534711495 54.911773840674826 c
56.984052534711495 54.911773840674826 57.207679182394536 46.400429437433814 c
57.20767918239454 47.28999376715232 57.207679182394536 46.400429437433814 d
57.20767918239454 47.28999376715232 58.63121609649783 48.471074431586636 c
58.63121609649783 48.471074431586636 57.95048091683832 54.576234285952786 c
57.95048091683832 54.576234285952786 59.60903356904308 51.30208014096502 c
59.60903356904308 51.30208014096502 61.28449456737289 50.67244755248275 c
61.28449456737289 50.67244755248275 63.45750451691096 52.47535129849448 c
63.45750451691096 52.47535129849448 61.91457336831898 50.435666065606625 c
61.91457336831898 50.435666065606625 67.96710424648359 48.16114538891733 c
67.96710424648359 48.16114538891733 59.6868554496243 47.49072367725197 c
59.6868554496243 47.49072367725197 58.86209635610277 46.400429437433814 c
58.86209635610277 46.400429437433814 58.748993692842774 47.41478841253801 c
58.748993692842774 47.41478841253801 57.20767918239454 47.28999376715232 c
57.207679182394536 46.400429437433814 50.73318330404811 48.73094814850447 c
50.657918554126304 53.40199240955981 44.53364015696622 46.400429437433814 c
44.53364015696622 46.400429437433814 45.63681861558536 55.36052909567312 c
45.63681861558536 55.36052909567312 40.38058218065264 57.57123023061821 c
40.38058218065264 57.57123023061821 49.87789492750174 57.65616472660116 c
48.312533680591734 60.73536485415374 41.77059083365778 62.04631442813585 c
41.77059083365778 62.04631442813585 39.892356011047845 65.12143592858821 c
39.892356011047845 63.84250991543492 37.53950159226139 62.5484578816864 c
37.53950159226139 62.5484578816864 37.922779923136886 62.03813905360865 c
37.922779923136886 62.03813905360865 34.24292322427732 60.73536485415373 c
34.24292322427732 60.73536485415373 32.582054496376315 61.609247255366775 c
32.582054496376315 61.609247255366775 30.51911640973144 61.44358114169438 c
30.51911640973144 61.44358114169438 30.334986351985652 62.79156423967842 c
30.334986351985652 62.79156423967842 25.674472818184615 65.2437392306249 c
25.674472818184615 65.95478566344092 22.895753062950902 60.73536485415373 c
22.895753062950902 61.182766003104604 20.796848158624556 60.73536485415374 c
21.249642743483648 60.73536485415373 21.14631657184747 53.839382785353685 c
22.539377249200903 52.56665759238825 21.14631657184747 53.839382785353685 d
22.539377249200903 52.56665759238825 24.412436846631365 49.9309726447479 c
24.412436846631365 49.9309726447479 25.445883851378497 51.03452033462037 c
25.445883851378497 51.03452033462037 22.73897410908154 52.4542619459358 c
22.73897410908154 52.4542619459358 29.382131017046596 54.25920245315044 c
29.69236729603175 51.88180970571514 29.382131017046596 54.25920245315044 d
29.69236729603175 51.88180970571514 35.52338068703447 55.49050438442004 c
35.52338068703447 55.49050438442004 40.38058218065263 52.91585835975428 c
40.38058218065263 52.91585835975428 32.08079824819227 46.400429437433814 c
32.08079824819227 46.400429437433814 28.964358814454407 41.45538718850197 d
28.964358814454407 41.45538718850197 22.67485732942392 39.42115392112708 c
22.67485732942392 39.42115392112708 30.17261382513796 32.511854955020596 c
30.17261382513796 32.511854955020596 37.31050437033121 38.04870081467578 c
37.31050437033121 38.04870081467578 37.67887396129917 45.34921777044684 c
37.67887396129917 45.34921777044684 43.23815569874461 40.704227055642875 c
43.23815569874461 40.704227055642875 39.85823516652662 35.13816153374211 c
39.85823516652662 35.13816153374211 30.17261382513796 32.511854955020596 c
30.17261382513796 32.511854955020596 26.636835214802808 34.18908201763773 c
26.636835214802808 34.18908201763773 22.220313915721995 39.79838623500703 c
22.220313915721995 39.79838623500703 28.964358814454407 41.45538718850197 c
32.08079824819227 46.400429437433814 29.69236729603175 51.88180970571514 c
29.382131017046596 54.25920245315044 25.64276997620568 50.93125592955358 c
25.64276997620568 50.93125592955358 29.692367296031755 46.720339175309626 c
29.692367296031755 46.720339175309626 26.408845204980157 47.396541678842894 c
26.408845204980157 47.396541678842894 25.567943755858852 50.57338933952391 c
25.567943755858852 50.57338933952391 24.612226073841722 49.64983825928498 c
24.612226073841722 49.64983825928498 26.18005652036105 47.4436579999851 c
26.18005652036105 47.4436579999851 23.0056966674319 48.0973798328657 c
23.0056966674319 48.0973798328657 21.249642743483644 46.400429437433814 c
21.249642743483644 46.400429437433814 22.539377249200903 52.56665759238825 c
21.14631657184747 53.839382785353685 19.35282750691178 46.400429437433814 c
16.046565206491376 42.049981086209584 22.220313915721995 32.511854955020596 c
22.220313915721995 32.511854955020596 15.793163085720453 33.56299442884979 c
15.793163085720453 33.56299442884979 14.079764902202186 32.96183324813485 c
14.079764902202186 32.96183324813485 14.040368847964798 33.84965818726121 c
14.040368847964798 33.84965818726121 9.964533601456036 34.5162476963219 c
6.402015759442619 32.769025605082156 1.3823391460530496 32.511854955020596 c
0.0 29.014129521122978 4.0333161884892315 26.094425011094646 c
4.0333161884892315 26.094425011094646 7.182433224281573 27.38092206296917 c
7.182433224281573 27.38092206296917 9.296340028179134 23.37440838237732 c
9.296340028179134 23.37440838237732 8.395352763727828 23.13396810172604 c
8.395352763727828 23.13396810172604 8.550960442173569 20.926898083798317 c
11.070774786060662 20.72753384463921 19.448787070089086 24.914957140979965 c
19.448787070089086 24.914957140979965 18.57765550258042 17.9056607572466 c
18.57765550258042 17.9056607572466 18.320483362455395 16.34709428494499 c
20.11666322262949 11.78918337948944 26.135650107140847 6.113085655870172 c
26.135650107140847 6.113085655870172 24.778868081672094 11.868419477549667 c
24.778868081672094 11.868419477549667 25.160523105766146 16.34709428494499 d
25.160523105766146 16.34709428494499 20.64587662392154 21.110822850893154 c
20.64587662392154 21.110822850893154 21.489416773231085 18.37435271940469 c
21.489416773231085 18.37435271940469 19.44878707008909 20.6728738802248 c
19.44878707008909 20.6728738802248 28.525314442787913 24.172180587640796 c
29.50638323974189 23.04364015258447 28.525314442787913 24.172180587640796 d
29.50638323974189 23.04364015258447 31.875254715566324 21.919423146492036 c
31.875254715566324 21.919423146492036 33.00890245513074 17.55466284509524 c
34.147679888934356 17.42519632720139 33.00890245513074 17.55466284509524 d
34.147679888934356 17.42519632720139 38.187277910536366 19.12903186029159 c
34.147679888934356 17.42519632720139 38.82301338626144 20.924017923393215 d
38.82301338626144 20.924017923393215 39.07528721327445 25.298300182303485 c
39.07528721327445 25.298300182303485 48.31421196928788 21.998948467348285 c
48.31421196928788 21.998948467348285 48.65103485681348 16.34709428494499 c
50.64063327644942 16.34709428494499 48.65103485681348 16.34709428494499 d
50.64063327644942 16.34709428494499 55.578798474026485 11.484240754322812 c
50.902521995849824 16.347094284944994 50.64063327644942 16.34709428494499 d
50.902521995849824 16.347094284944994 52.51323179897604 19.80901946079868 c
52.51323179897604 19.80901946079868 53.25168134568766 32.511854955020596 c
53.25168134568766 32.511854955020596 59.536503625243455 28.85629891111508 c
59.536503625243455 28.85629891111508 59.122238535533015 32.511854955020596 d
59.122238535533015 32.511854955020596 57.56005154217449 39.93679561776002 c
57.56005154217449 39.93679561776002 57.56005154217448 40.72793982674176 d
57.56005154217448 40.72793982674176 48.3094505559078 38.70235739942551 c
48.3094505559078 38.70235739942551 43.678690319262415 32.511854955020596 c
43.678690319262415 32.511854955020596 43.23815569874461 39.132361138581295 c
43.23815569874461 39.132361138581295 57.56005154217448 40.72793982674176 c
57.56005154217449 39.93679561776002 63.87284481772923 46.400429437433814 c
63.87284481772923 46.400429437433814 67.91989648968828 43.68886260563942 c
67.91989648968828 43.68886260563942 67.64148115053413 35.79422537386992 c
67.64148115053413 35.79422537386992 64.40572369764688 35.246537784038196 c
64.40572369764688 35.246537784038196 62.59860211468895 37.26717334689911 c
62.59860211468895 37.26717334689911 65.26245948794067 37.9458656719747 c
65.26245948794067 37.9458656719747 62.343012733649324 37.552960976070665 c
62.343012733649324 37.552960976070665 61.264891134729226 38.75846417209837 c
61.264891134729226 38.75846417209837 62.249153886544576 37.54032927394238 c
62.249153886544576 37.54032927394238 58.95287712762725 37.09671007942403 c
58.95287712762725 37.09671007942403 59.122238535533015 32.511854955020596 c
59.536503625243455 28.85629891111508 59.09875102445669 18.885039706091433 c
59.536503625243455 17.074892543860674 59.09875102445669 18.885039706091433 d
59.536503625243455 17.074892543860674 65.38394962944143 29.19241626743676 c
65.38394962944143 29.19241626743676 63.040185311211225 20.511783248738745 c
63.040185311211225 20.511783248738745 63.68752758023842 16.34709428494499 c
63.68752758023842 16.34709428494499 59.536503625243455 17.074892543860674 c
59.09875102445669 18.885039706091433 50.902521995849824 16.347094284944994 c
55.578798474026485 11.484240754322812 49.85577518676357 5.947411767571879 c
49.85577518676357 5.947411767571879 53.65766887441937 0.2362492633156732 c
53.65766887441937 0.2362492633156732 57.93771617089642 0.4187104323325679 d
55.578798474026485 2.9146197833474394 57.69989152829497 3.024281027912707 c
57.69989152829497 3.024281027912707 60.67716420197113 0.0 c
60.67716420197113 0.0 57.82722398256851 1.6292460345282258 c
57.82722398256851 1.6292460345282258 57.93771617089642 0.4187104323325679 c
57.93771617089642 0.4187104323325679 57.644128028761926 1.7339178289211867 c
57.644128028761926 1.7339178289211867 55.578798474026485 2.9146197833474394 c
53.65766887441937 0.2362492633156732 46.96470787862248 0.0 c
44.89270047126243 2.7783212736014358 46.96470787862248 0.0 d
44.89270047126243 2.7783212736014358 38.31017102450498 0.0 c
38.31017102450498 0.0 31.99277129093406 8.195422730444989 c
31.99277129093406 8.195422730444989 43.52809251389131 10.745016071651953 c
43.52809251389131 10.745016071651953 46.96470787862247 5.385132361922485 c
46.96470787862247 5.385132361922485 42.718737512476494 3.55641712333853 c
42.718737512476494 3.55641712333853 44.89270047126243 2.7783212736014358 c
46.96470787862248 0.0 50.64063327644942 16.34709428494499 c
48.65103485681348 16.347094284944987 48.65103485681348 16.34709428494499 d
48.65103485681348 16.347094284944987 50.90252199584982 26.18006515369886 c
50.90252199584982 26.18006515369886 50.78788728796128 18.876865030209935 c
50.78788728796128 18.876865030209935 48.65103485681348 16.347094284944987 c
48.65103485681348 16.34709428494499 40.82538240538186 18.644036344910035 c
40.82538240538186 18.644036344910035 38.82301338626144 20.924017923393215 c
38.187277910536366 19.12903186029159 38.82301338626144 16.6701559791133 c
38.82301338626144 16.6701559791133 33.00890245513074 16.34709428494499 c
33.00890245513074 16.34709428494499 34.147679888934356 17.42519632720139 c
33.00890245513074 17.55466284509524 28.892103493770882 16.34709428494499 c
28.892103493770882 16.34709428494499 28.525314442787913 20.27923022888747 c
28.525314442787913 20.27923022888747 29.50638323974189 23.04364015258447 c
28.525314442787913 24.172180587640796 25.160523105766146 16.34709428494499 c
24.778868081672094 11.868419477549667 26.468268663895223 5.799415686313443 c
26.468268663895223 5.799415686313443 28.145413990411505 4.2178138399105825 c
28.145413990411505 4.2178138399105825 26.533799588358264 5.56400234906571 c
26.533799588358264 5.56400234906571 27.14709319075241 3.360805998101391 c
27.14709319075241 3.360805998101391 31.992771290934062 2.0682174880745885 c
31.992771290934062 2.0682174880745885 31.43745716069207 0.0 c
31.43745716069207 0.0 23.74804164171547 4.275510348506902 c
19.238922698816992 0.39515984564519124 14.423410951544815 0.0 c
14.423410951544815 0.0 10.120205440605261 3.7567529992901414 c
10.120205440605263 1.8625134776264893 9.28126122852784 0.0 c
9.28126122852784 0.0 7.467382655538931 1.605080171513042 c
7.467382655538931 1.605080171513042 8.743148345140918 6.091915550956695 c
0.0 10.535294451386818 3.3918654694641814 11.873364126411076 c
3.3918654694641814 11.873364126411076 2.844422935138714 10.807778075340448 c
2.844422935138714 10.807778075340448 7.46738265553893 0.0 c
4.970326246676855 3.522951178827181 0.0 0.0 d
