Processando arquivo: poly1a_pack.txt

Tempo de Inicio (hh:mm:ss.ms) 2026-04-26 15:02:30.293532
Tempo de Termino (hh:mm:ss.ms) 2026-04-26 15:02:30.403449
Tempo Total (hh:mm:ss.ms) 0:00:00.109917

Função Objetivo: 19.596999999999994

0.0 0.0 2.4000000000000004 1.1999999999999993 d
3.0 0.0 9.0 0.0 c
9.0 0.0 9.0 5.0 d
12.0 0.0 20.0 0.0 c
20.0 0.0 20.0 3.0 c
20.0 3.0 25.0 0.0 c
25.0 0.0 27.0 2.0 c
27.0 2.0 28.0 4.0 c
28.0 4.0 22.0 5.0 c
22.0 5.0 20.0 3.0 c
20.0 3.0 12.0 7.0 c
12.0 7.0 9.0 5.0 c
9.0 5.0 12.0 0.0 c
9.0 0.0 4.0 2.0 c
4.0 2.0 0.0 6.0 c
0.0 7.0 0.0 6.0 d
0.0 7.0 10.0 8.0 c
10.0 8.0 13.0 10.0 c
13.0 10.0 12.0 12.0 c
13.0 12.0 12.0 12.0 d
13.0 12.0 14.0 7.0 c
14.0 7.0 21.0 7.0 c
21.0 7.0 25.0 7.0 d
25.0 7.0 27.0 14.0 c
28.0 13.0 27.0 14.0 d
28.0 13.0 27.0 11.0 c
27.0 11.0 29.0 7.0 c
29.0 7.0 31.0 14.0 c
31.0 14.0 29.0 16.0 c
29.0 16.0 28.0 13.0 c
27.0 14.0 21.0 11.0 c
21.0 11.0 25.0 7.0 c
21.0 7.0 17.0 10.0 c
17.0 10.0 20.0 13.0 c
20.0 13.0 13.0 12.0 c
12.0 12.0 17.0 16.0 d
17.0 16.0 21.0 18.0 c
21.0 18.0 24.0 17.0 c
24.0 17.0 22.0 19.0 c
22.0 19.0 18.0 21.0 c
18.0 21.0 20.0 23.0 c
20.0 23.0 15.0 24.0 c
15.0 24.0 17.0 24.0 c
17.0 24.0 15.0 31.0 c
15.0 31.0 19.0 27.0 d
17.0 34.0 19.0 27.0 c
19.0 27.0 23.0 24.0 c
24.0 24.0 23.0 24.0 d
24.0 24.0 30.0 24.0 c
30.0 24.0 32.0 26.0 c
32.0 26.0 27.0 31.0 c
27.0 31.0 24.0 24.0 c
23.0 24.0 24.0 31.0 c
24.0 31.0 17.0 34.0 c
15.0 31.0 10.0 24.0 c
10.0 26.0 10.0 24.0 d
10.0 26.0 8.0 29.0 c
8.0 29.0 3.0 34.0 d
3.0 34.0 7.0 36.0 c
7.0 36.0 4.0 39.0 c
4.0 39.0 1.0 37.0 c
1.0 37.0 0.0 35.0 c
0.0 35.0 3.0 34.0 c
8.0 29.0 4.0 28.0 c
4.0 28.0 0.0 24.0 c
0.0 24.0 10.0 26.0 c
10.0 24.0 15.0 24.0 c
15.0 24.0 17.0 16.0 c
12.0 12.0 5.0 14.0 c
5.0 14.0 0.0 19.0 d
5.0 16.0 4.0 20.0 c
7.0 19.0 5.0 16.0 c
5.0 16.0 15.0 16.0 c
15.0 16.0 14.0 20.0 c
14.0 20.0 9.0 18.0 c
9.0 18.0 7.0 19.0 c
4.0 20.0 0.0 19.0 c
0.0 19.0 0.0 18.0 c
0.0 18.0 5.0 16.0 c
5.0 14.0 1.0 12.0 c
1.0 12.0 0.0 7.0 c
0.0 6.0 3.0 0.0 c
2.4000000000000004 1.1999999999999993 0.0 0.0 d
