Processando arquivo: poly1a_sep.txt

Tempo de Inicio (hh:mm:ss.ms) 2026-04-26 15:07:10.399378
Tempo de Termino (hh:mm:ss.ms) 2026-04-26 15:07:10.506244
Tempo Total (hh:mm:ss.ms) 0:00:00.106866

Função Objetivo: 19.874499999999998

0.0 0.0 2.4000000000000004 1.1999999999999993 d
3.0 0.0 9.0 0.0 c
15.0 5.0 9.0 0.0 d
15.0 5.0 18.0 0.0 c
18.0 0.0 26.0 0.0 c
26.0 0.0 26.0 3.0 c
26.0 3.0 18.0 7.0 c
20.0 15.0 18.0 7.0 d
20.0 15.0 30.0 16.0 c
30.0 16.0 33.0 18.0 c
33.0 18.0 32.0 20.0 c
32.0 20.0 25.0 22.0 c
25.0 22.0 23.0 35.0 d
23.0 35.0 25.0 42.0 c
25.0 42.0 20.0 50.0 d
20.0 50.0 19.0 54.0 c
19.0 54.0 15.0 53.0 c
15.0 53.0 15.0 52.0 c
15.0 52.0 20.0 50.0 c
25.0 42.0 19.0 39.0 c
7.0 41.0 19.0 39.0 d
8.0 35.0 4.0 38.0 c
4.0 38.0 7.0 41.0 c
7.0 41.0 0.0 54.0 d
2.0 50.0 4.0 57.0 c
4.0 57.0 2.0 59.0 c
0.0 68.0 2.0 59.0 d
0.0 68.0 10.0 68.0 c
10.0 68.0 9.0 72.0 c
9.0 72.0 21.0 76.0 d
21.0 76.0 23.0 68.0 c
10.0 86.0 21.0 76.0 d
10.0 86.0 8.0 89.0 c
18.0 84.0 10.0 86.0 d
18.0 84.0 25.0 84.0 c
25.0 84.0 23.0 91.0 c
23.0 91.0 18.0 84.0 c
8.0 89.0 19.0 100.0 d
19.0 100.0 25.0 100.0 c
25.0 100.0 27.0 102.0 c
27.0 102.0 22.0 107.0 c
22.0 107.0 19.0 100.0 c
8.0 89.0 4.0 88.0 c
4.0 88.0 6.0 100.0 d
6.0 100.0 7.0 107.0 c
7.0 107.0 0.0 110.0 c
0.0 110.0 3.0 119.0 d
3.0 119.0 7.0 121.0 c
7.0 121.0 4.0 124.0 c
4.0 124.0 1.0 122.0 c
1.0 122.0 0.0 120.0 c
0.0 120.0 3.0 119.0 c
0.0 110.0 2.0 103.0 c
2.0 103.0 6.0 100.0 c
4.0 88.0 0.0 84.0 c
0.0 84.0 10.0 86.0 c
23.0 68.0 27.0 70.0 c
27.0 70.0 30.0 69.0 c
30.0 69.0 28.0 71.0 c
28.0 71.0 24.0 73.0 c
24.0 73.0 26.0 75.0 c
26.0 75.0 21.0 76.0 c
9.0 72.0 4.0 70.0 c
4.0 70.0 2.0 71.0 c
2.0 71.0 0.0 68.0 c
2.0 59.0 1.0 56.0 c
1.0 56.0 0.0 54.0 c
0.0 54.0 2.0 50.0 c
7.0 41.0 0.0 40.0 c
0.0 40.0 1.0 35.0 c
1.0 35.0 8.0 35.0 c
19.0 39.0 23.0 35.0 c
25.0 22.0 21.0 20.0 c
21.0 20.0 20.0 15.0 c
18.0 7.0 15.0 5.0 c
9.0 0.0 4.0 2.0 c
4.0 2.0 5.0 15.0 d
5.0 15.0 7.0 17.0 c
7.0 17.0 8.0 19.0 c
8.0 19.0 2.0 20.0 c
2.0 20.0 0.0 18.0 c
0.0 18.0 5.0 15.0 c
4.0 2.0 0.0 6.0 c
0.0 6.0 3.0 0.0 c
2.4000000000000004 1.1999999999999993 0.0 0.0 d
