Processando arquivo: poly4a_pack.txt

Tempo de Inicio (hh:mm:ss.ms) 2026-04-26 15:02:20.025125
Tempo de Termino (hh:mm:ss.ms) 2026-04-26 15:02:21.678472
Tempo Total (hh:mm:ss.ms) 0:00:01.653347

Função Objetivo: 7817.169999999991

0.0 0.0 160.0 80.0 d
200.0 0.0 400.0 700.0 c
400.0 0.0 200.0 0.0 d
500.0 499.0 400.0 0.0 c
400.0 0.0 1399.0 99.0 c
1399.0 99.0 1699.0 300.0 c
1699.0 300.0 1600.0 500.0 c
1600.0 500.0 899.0 700.0 c
899.0 700.0 500.0 499.0 c
400.0 700.0 199.0 899.0 c
199.0 899.0 0.0 899.0 d
0.0 899.0 1000.0 1098.0 c
1000.0 998.0 1000.0 1098.0 d
1000.0 998.0 1299.0 899.0 c
1299.0 899.0 1700.0 1099.0 c
1700.0 1099.0 1700.0 899.0 d
1700.0 899.0 2299.0 899.0 c
2299.0 899.0 2499.0 1099.0 c
2499.0 1199.0 2499.0 1099.0 d
2499.0 1199.0 2998.0 899.0 c
2998.0 700.0 2998.0 899.0 d
2998.0 700.0 2698.0 500.0 c
2599.0 399.0 2698.0 500.0 d
2599.0 399.0 2099.0 200.0 c
2099.0 200.0 1899.0 299.0 c
1899.0 299.0 1699.0 0.0 c
1699.0 0.0 2698.0 0.0 c
2698.0 0.0 2599.0 399.0 c
2698.0 500.0 2998.0 0.0 c
2998.0 0.0 3797.0 0.0 c
3797.0 0.0 4796.0 0.0 c
4895.0 0.0 4796.0 0.0 d
4895.0 0.0 5596.0 0.0 c
5695.0 0.0 5596.0 0.0 d
5695.0 0.0 6396.0 0.0 c
6396.0 0.0 5995.0 300.0 c
5995.0 300.0 6296.0 600.0 c
6296.0 600.0 5596.0 499.0 c
5596.0 499.0 5695.0 0.0 c
5596.0 0.0 5195.0 300.0 c
5195.0 300.0 5496.0 600.0 c
5496.0 600.0 4796.0 499.0 c
4796.0 499.0 4895.0 0.0 c
4796.0 0.0 4697.0 399.0 c
4697.0 399.0 4197.0 200.0 c
4197.0 200.0 3997.0 299.0 c
3997.0 299.0 3797.0 0.0 c
3797.0 0.0 3797.0 300.0 c
3797.0 300.0 2998.0 700.0 c
2998.0 899.0 3199.0 1099.0 c
3199.0 1099.0 3298.0 1299.0 c
3298.0 1199.0 3298.0 1299.0 d
3298.0 1199.0 3797.0 899.0 c
3797.0 899.0 3998.0 1099.0 c
3998.0 1099.0 4097.0 1299.0 c
4097.0 1299.0 4396.0 1398.0 d
4396.0 1398.0 4596.0 1598.0 c
4596.0 1598.0 4097.0 1698.0 c
4097.0 1698.0 3799.0 1899.0 d
3799.0 1899.0 4398.0 1899.0 c
4398.0 1899.0 4997.0 1899.0 c
4997.0 1899.0 5197.0 2099.0 c
5197.0 1899.0 5197.0 2099.0 d
5197.0 1899.0 5596.0 1899.0 c
5596.0 1899.0 5796.0 1199.0 c
5796.0 1199.0 6196.0 899.0 c
6196.0 899.0 6296.0 1599.0 c
6296.0 1599.0 5596.0 1899.0 c
5596.0 1899.0 5897.0 1899.0 c
5897.0 1899.0 5696.0 2599.0 c
5696.0 2599.0 5197.0 1899.0 c
5197.0 2099.0 4698.0 2599.0 c
4698.0 2599.0 4398.0 1899.0 c
4398.0 1899.0 3899.0 2098.0 c
3899.0 2098.0 3499.0 2498.0 c
3499.0 2199.0 3499.0 2498.0 d
3400.0 2399.0 2699.0 2599.0 c
2699.0 2599.0 2300.0 2398.0 c
2300.0 2398.0 2200.0 1899.0 c
2200.0 1899.0 1799.0 2199.0 c
1799.0 2199.0 2100.0 2499.0 c
2100.0 2499.0 1400.0 2398.0 c
1400.0 2599.0 1400.0 2398.0 d
1400.0 2599.0 700.0 2899.0 c
700.0 2899.0 499.0 3599.0 c
499.0 3599.0 700.0 3399.0 d
700.0 3399.0 1000.0 2899.0 c
1000.0 2899.0 1799.0 2899.0 c
1799.0 2899.0 1799.0 2998.0 c
1799.0 2998.0 2098.0 2899.0 c
2098.0 2899.0 2499.0 3099.0 c
2699.0 2899.0 2499.0 3099.0 d
2699.0 2899.0 3098.0 3098.0 c
3098.0 3098.0 3398.0 2999.0 c
3398.0 2999.0 3198.0 3198.0 c
3398.0 3298.0 3198.0 3198.0 d
3398.0 3298.0 3798.0 2899.0 c
3798.0 2899.0 3998.0 3599.0 c
3998.0 3599.0 3398.0 3298.0 c
3198.0 3198.0 2798.0 3398.0 c
2798.0 3398.0 2998.0 3598.0 c
2998.0 3598.0 2499.0 3698.0 c
2499.0 3698.0 2299.0 3899.0 d
2299.0 3899.0 2898.0 3899.0 c
2299.0 4098.0 2299.0 3899.0 d
2299.0 4098.0 2099.0 4399.0 c
2099.0 4399.0 1699.0 4299.0 c
1699.0 4299.0 1299.0 3899.0 c
1299.0 3899.0 2299.0 4098.0 c
2898.0 3899.0 3098.0 4099.0 c
3198.0 4198.0 3098.0 4099.0 d
3198.0 4198.0 3098.0 3998.0 c
3098.0 3998.0 3397.0 3899.0 c
3397.0 3899.0 3798.0 4099.0 c
3998.0 3899.0 3798.0 4099.0 d
3998.0 3899.0 4198.0 3199.0 c
4098.0 3899.0 3998.0 3899.0 d
4098.0 3899.0 4897.0 3899.0 c
4897.0 3899.0 4897.0 4199.0 c
4897.0 4199.0 4897.0 4399.0 d
4897.0 4399.0 5197.0 3899.0 c
5197.0 3899.0 5098.0 3899.0 d
5098.0 3899.0 5298.0 3199.0 c
5298.0 3199.0 5698.0 2899.0 c
5698.0 2899.0 5798.0 3599.0 c
5798.0 3599.0 5098.0 3899.0 c
5197.0 3899.0 5996.0 3899.0 c
5996.0 3899.0 5996.0 4199.0 c
5996.0 4299.0 5996.0 4199.0 d
5996.0 4299.0 6196.0 3899.0 c
6196.0 3899.0 6396.0 4599.0 c
6396.0 4599.0 6195.0 4798.0 c
6195.0 4798.0 6096.0 4499.0 c
6096.0 4499.0 5996.0 4299.0 c
5996.0 4199.0 5197.0 4599.0 c
5197.0 4599.0 5396.0 4898.0 d
5396.0 4898.0 5196.0 5097.0 c
5396.0 4997.0 5396.0 4898.0 d
5396.0 4997.0 5895.0 4798.0 c
5895.0 4798.0 5795.0 5197.0 c
5795.0 5197.0 5396.0 5098.0 c
5396.0 5098.0 5396.0 4997.0 c
5196.0 5097.0 4796.0 5297.0 c
4796.0 5297.0 4996.0 5497.0 c
4996.0 5497.0 4497.0 5597.0 c
4496.0 5696.0 4497.0 5597.0 d
4496.0 5696.0 4796.0 5897.0 c
4796.0 5897.0 4697.0 6097.0 c
4697.0 6097.0 4796.0 5996.0 d
4796.0 5996.0 5196.0 5597.0 c
5396.0 5597.0 5196.0 5597.0 d
5396.0 5597.0 6395.0 5597.0 c
6395.0 5597.0 6296.0 5996.0 c
6296.0 5996.0 5796.0 5797.0 c
5796.0 5797.0 5596.0 5896.0 c
5596.0 5896.0 5396.0 5597.0 c
5196.0 5597.0 5396.0 6297.0 c
5396.0 6297.0 5695.0 6297.0 c
5695.0 6297.0 5196.0 6496.0 c
5196.0 6496.0 4796.0 6896.0 c
4796.0 6896.0 5096.0 6297.0 c
5096.0 6297.0 5396.0 6297.0 c
5396.0 6297.0 4796.0 5996.0 c
4697.0 6097.0 3996.0 6297.0 c
3996.0 6297.0 3597.0 6096.0 c
3597.0 6096.0 3497.0 5597.0 c
3497.0 5597.0 3397.0 5996.0 c
3397.0 5996.0 2998.0 5897.0 c
2898.0 5996.0 2998.0 5897.0 d
2898.0 5996.0 2499.0 5897.0 c
2499.0 5897.0 2499.0 5796.0 c
2399.0 5996.0 2499.0 5796.0 d
2499.0 5597.0 2399.0 5996.0 c
2399.0 5996.0 2000.0 5897.0 c
2000.0 5897.0 2000.0 5797.0 c
2000.0 5797.0 1700.0 6096.0 c
1700.0 6096.0 1400.0 5896.0 c
1400.0 5896.0 1300.0 5696.0 c
1100.0 5597.0 1300.0 5696.0 d
1100.0 5597.0 1300.0 6297.0 c
1300.0 6297.0 1699.0 6297.0 c
1699.0 6297.0 2298.0 6297.0 c
2298.0 6297.0 2498.0 6497.0 c
2498.0 6497.0 2698.0 6596.0 d
2498.0 6297.0 3497.0 6297.0 c
3497.0 6297.0 3398.0 6696.0 c
3497.0 6697.0 3398.0 6696.0 d
3497.0 6697.0 3697.0 6297.0 c
3697.0 6297.0 3897.0 6997.0 c
3897.0 6896.0 3897.0 6997.0 d
3897.0 6896.0 4197.0 6297.0 c
4197.0 6297.0 4796.0 6297.0 c
4796.0 6297.0 4297.0 6496.0 c
4297.0 6496.0 3897.0 6896.0 c
3897.0 6997.0 3696.0 7196.0 c
3696.0 7196.0 3597.0 6897.0 c
3597.0 6897.0 3497.0 6697.0 c
3398.0 6696.0 2898.0 6497.0 c
2898.0 6497.0 2698.0 6596.0 c
2698.0 6596.0 2498.0 6297.0 c
2498.0 6497.0 1999.0 6997.0 c
1999.0 6997.0 1699.0 6297.0 c
1699.0 6297.0 1200.0 6496.0 c
1200.0 6496.0 800.0 6896.0 c
700.0 6897.0 800.0 6896.0 d
700.0 6897.0 0.0 6796.0 c
0.0 6796.0 99.0 6297.0 c
99.0 6297.0 499.0 6297.0 c
499.0 6297.0 0.0 5597.0 c
0.0 5597.0 200.0 4798.0 c
499.0 4599.0 200.0 4798.0 d
499.0 4599.0 100.0 4398.0 c
100.0 4398.0 0.0 3899.0 c
0.0 3899.0 999.0 3998.0 c
999.0 3998.0 1299.0 4199.0 c
1299.0 4199.0 1200.0 4399.0 c
1200.0 4399.0 499.0 4599.0 c
200.0 4798.0 599.0 4997.0 c
599.0 4997.0 899.0 4898.0 c
899.0 5098.0 899.0 4898.0 d
899.0 5098.0 1398.0 4798.0 c
1398.0 4798.0 1599.0 4998.0 c
1599.0 4998.0 1698.0 4798.0 d
1698.0 4798.0 2698.0 4997.0 c
2698.0 5098.0 2698.0 4997.0 d
2698.0 5098.0 3197.0 4798.0 c
3197.0 4798.0 3398.0 4998.0 c
3497.0 4798.0 3398.0 4998.0 d
3497.0 4798.0 4497.0 4997.0 c
4497.0 4997.0 4297.0 5298.0 c
4297.0 5298.0 3897.0 5198.0 c
3897.0 5198.0 3497.0 4798.0 c
3398.0 4998.0 3497.0 5198.0 c
3497.0 5198.0 2897.0 5297.0 c
2897.0 5297.0 2698.0 5098.0 c
2698.0 4997.0 2498.0 5298.0 c
2498.0 5298.0 2098.0 5198.0 c
2098.0 5198.0 1698.0 4798.0 c
1599.0 4998.0 1698.0 5198.0 c
1698.0 5198.0 1098.0 5297.0 c
1098.0 5297.0 899.0 5098.0 c
899.0 4898.0 699.0 5097.0 c
699.0 5097.0 299.0 5297.0 c
299.0 5297.0 499.0 5497.0 c
499.0 5497.0 0.0 5597.0 c
0.0 5597.0 700.0 5597.0 c
700.0 5597.0 499.0 6297.0 c
499.0 6297.0 800.0 6297.0 c
800.0 6297.0 399.0 6597.0 c
399.0 6597.0 700.0 6897.0 c
800.0 6896.0 1100.0 6297.0 c
1100.0 6297.0 1300.0 6297.0 c
1300.0 6297.0 700.0 5996.0 c
700.0 5996.0 1100.0 5597.0 c
1300.0 5696.0 1599.0 5597.0 c
1599.0 5597.0 2000.0 5797.0 c
2000.0 5797.0 2000.0 5796.0 c
2000.0 5796.0 2499.0 5597.0 c
2499.0 5796.0 2998.0 5597.0 c
2998.0 5597.0 2898.0 5996.0 c
2998.0 5897.0 2998.0 5796.0 c
2998.0 5796.0 3497.0 5597.0 c
3497.0 5597.0 4496.0 5696.0 c
4497.0 5597.0 4697.0 4798.0 c
4697.0 4798.0 5096.0 4997.0 c
5096.0 4997.0 5396.0 4898.0 c
5197.0 4599.0 4897.0 4399.0 c
4897.0 4199.0 4098.0 4599.0 c
4098.0 4599.0 3798.0 4399.0 c
3798.0 4399.0 4098.0 3899.0 c
4198.0 3199.0 4598.0 2899.0 c
4598.0 2899.0 4698.0 3599.0 c
4798.0 3499.0 4698.0 3599.0 d
4798.0 3499.0 4698.0 3299.0 c
4698.0 3299.0 4898.0 2899.0 c
4898.0 2899.0 5098.0 3599.0 c
5098.0 3599.0 4897.0 3798.0 c
4897.0 3798.0 4798.0 3499.0 c
4698.0 3599.0 3998.0 3899.0 c
3798.0 4099.0 3498.0 4398.0 c
3498.0 4398.0 3198.0 4198.0 c
3098.0 4099.0 2599.0 4599.0 c
2599.0 4599.0 2299.0 3899.0 c
2499.0 3698.0 2699.0 2899.0 c
2499.0 3099.0 2199.0 3398.0 c
2199.0 3398.0 1899.0 3198.0 c
1899.0 3198.0 1799.0 2998.0 c
1799.0 2998.0 1799.0 3199.0 c
1799.0 3199.0 1000.0 3599.0 c
1000.0 3599.0 700.0 3399.0 c
499.0 3599.0 0.0 2899.0 c
0.0 2899.0 700.0 2899.0 c
700.0 2899.0 900.0 2199.0 c
700.0 1899.0 900.0 2199.0 d
700.0 1899.0 499.0 2599.0 c
499.0 2599.0 0.0 1899.0 c
0.0 1899.0 700.0 1899.0 c
900.0 2199.0 1300.0 1899.0 c
1300.0 1899.0 1400.0 2599.0 c
1400.0 2398.0 1499.0 1899.0 c
1499.0 1899.0 2200.0 1899.0 c
2200.0 1899.0 3199.0 1998.0 c
3199.0 1998.0 3499.0 2199.0 c
3499.0 2199.0 3400.0 2399.0 c
3499.0 2498.0 3799.0 1899.0 c
4097.0 1698.0 4297.0 899.0 c
4297.0 899.0 4696.0 1098.0 c
4696.0 1098.0 4996.0 999.0 c
4996.0 999.0 4796.0 1198.0 c
4996.0 1298.0 4796.0 1198.0 d
4996.0 1298.0 5396.0 899.0 c
5396.0 899.0 5596.0 1599.0 c
5596.0 1599.0 4996.0 1298.0 c
4796.0 1198.0 4396.0 1398.0 c
4097.0 1299.0 3497.0 1398.0 c
3497.0 1398.0 3298.0 1199.0 c
3298.0 1299.0 2698.0 1398.0 c
2698.0 1398.0 2499.0 1199.0 c
2499.0 1099.0 2000.0 1599.0 c
2000.0 1599.0 1700.0 899.0 c
1700.0 1099.0 1400.0 1398.0 c
1400.0 1398.0 1100.0 1198.0 c
1100.0 1198.0 1000.0 998.0 c
1000.0 1098.0 800.0 1399.0 c
800.0 1399.0 400.0 1299.0 c
400.0 1299.0 0.0 899.0 c
199.0 899.0 100.0 600.0 c
100.0 600.0 0.0 400.0 c
0.0 400.0 200.0 0.0 c
160.0 80.0 0.0 0.0 d
