Processando arquivo: poly3b_mod_pack.txt

Tempo de Inicio (hh:mm:ss.ms) 2026-04-26 15:03:31.080593
Tempo de Termino (hh:mm:ss.ms) 2026-04-26 15:03:32.437950
Tempo Total (hh:mm:ss.ms) 0:00:01.357357

Função Objetivo: 79.50032789310525

0.0 0.0 0.8736249716303739 4.738765128358034 c
0.8736249716303739 4.738765128358034 6.263507838281678 9.992803206577014 c
6.263507838281678 9.992803206577014 8.768794824146278 12.459003097043528 d
8.768794824146278 12.459003097043528 7.385260348271281 17.30380408460814 c
7.385260348271282 15.33661575787275 7.385260348271281 17.30380408460814 d
7.385260348271282 15.33661575787275 4.770747315469047 13.943052974528982 c
4.770747315469047 13.943052974528982 3.32081372331477 14.953170029504042 c
3.32081372331477 14.953170029504042 4.148152326476404 13.611203335658928 c
4.148152326476404 13.611203335658928 2.8540834650333853 13.940001474232686 c
2.8540834650333853 13.940001474232686 2.876541052046398 12.933421230657643 c
2.876541052046398 12.933421230657643 0.0 11.400194773340683 c
0.0 11.400194773340683 0.881724089069071 14.521086236464585 c
0.881724089069071 14.521086236464585 0.2355049140528207 14.711471477734534 c
0.2355049140528207 14.711471477734534 0.953242325839367 14.774227391800093 c
0.953242325839367 14.774227391800093 1.7319235002058049 17.53039506341413 c
1.7319235002058049 17.53039506341413 3.304394683254224 14.979802178447606 c
3.304394683254224 14.979802178447606 7.385260348271282 15.33661575787275 c
7.385260348271281 17.30380408460814 13.047447327942939 21.262015701434215 c
13.047447327942939 21.262015701434215 12.631338067641376 11.400194773340683 c
13.04744732794294 12.600355207315701 12.631338067641376 11.400194773340683 d
13.04744732794294 12.600355207315701 13.870181929883577 15.620086320001715 c
13.870181929883577 15.620086320001715 19.235869289841837 14.209320473884935 c
19.235869289841837 14.209320473884935 18.538916975151682 25.847357977734383 c
18.538916975151682 25.847357977734383 16.226534045548945 27.910454536430553 d
16.226534045548945 27.910454536430553 10.613474932044303 35.356082068763044 c
10.613474932044305 34.358459760971925 10.613474932044303 35.356082068763044 d
10.613474932044305 34.358459760971925 5.399462968752863 27.91045453643055 c
5.399462968752863 27.91045453643055 4.611740749511345 28.051526060635382 c
4.611740749511345 28.051526060635382 5.894861637907418 30.03062856674623 c
5.894861637907418 30.03062856674623 0.028529328066234427 40.582925479630745 c
0.028529328066234427 40.582925479630745 0.0 42.90793172346901 c
0.0 42.90793172346901 3.7848589259785568 47.971541246941705 c
3.7848589259785568 47.971541246941705 7.069325348661383 51.19711383285412 d
7.069325348661383 51.19711383285412 14.154249073572199 52.87264190827608 c
14.154249073572199 52.87264190827608 10.017474606768673 59.687256079589076 c
10.017474606768673 59.687256079589076 9.0126145337759 61.92804981646815 d
9.0126145337759 61.92804981646815 0.0 59.687256079589076 c
0.0 59.687256079589076 5.185449217017839 68.04590711570037 c
5.185449217017839 68.04590711570037 15.556214590724792 63.78186604480763 c
15.556214590724792 62.3149176675589 15.556214590724792 63.78186604480763 d
15.556214590724792 62.3149176675589 18.455964778981 65.52253033241763 c
18.455964778981 65.52253033241763 20.575965637261568 67.86760875678405 c
20.575965637261568 67.86760875678405 20.575965637261568 71.06127988516178 d
20.575965637261568 71.06127988516178 32.52079600469116 69.1198907762063 c
21.852943037669196 73.57466976788295 20.575965637261568 71.06127988516178 d
21.852943037669196 73.57466976788295 12.733545517985242 71.06127988516178 c
12.733545517985242 71.06127988516178 12.185286469064163 71.8888968955881 c
12.185286469064163 71.8888968955881 12.185286469064163 72.54350175094044 d
12.185286469064163 72.54350175094044 1.3549559570014402 71.06127988516178 c
1.3549559570014402 71.06127988516178 3.3468715282936525 74.5164482662524 c
3.3468715282936525 74.5164482662524 0.0 78.07851953860488 c
1.7784348465867241 84.73921031023863 0.0 78.07851953860488 d
1.7784348465867241 84.73921031023863 6.1141441582950105 96.10521335467142 c
6.1141441582950105 96.10521335467142 0.0 99.46404343253866 c
0.0 99.46404343253866 9.324353952733276 98.81267979487644 c
9.324353952733276 98.81267979487644 1.7784348465867241 84.73921031023863 c
0.0 78.07851953860488 12.185286469064163 72.54350175094044 c
12.185286469064163 71.8888968955881 21.852943037669196 73.57466976788295 c
20.575965637261568 71.06127988516178 23.211287100919435 71.06127988516178 d
25.452180364890136 75.80513151631817 23.211287100919435 71.06127988516178 c
25.452180364890136 75.80513151631817 25.452180364890133 74.7960769363692 d
25.452180364890133 74.7960769363692 30.702127680809 80.19575612128293 c
30.702127680809 80.19575612128293 35.984083523333624 72.55156315409322 c
35.984083523333624 72.47526275238343 35.984083523333624 72.55156315409322 d
35.984083523333624 72.47526275238343 38.633434481471646 77.20886574104686 c
38.633434481471646 77.20886574104686 42.644090491437815 78.67574265956902 c
42.644090491437815 78.67574265956902 47.50880320612214 84.73921031023865 c
47.50880320612214 84.73921031023865 44.409418798462625 88.4998042785478 d
44.409418798462625 88.4998042785478 43.32142556887967 86.26496574362545 c
43.32142556887967 86.26496574362545 39.682545700579254 84.73921031023863 c
39.682545700579254 84.73921031023863 38.3756115303805 90.34043844746108 c
38.3756115303805 90.34043844746108 37.96873795655498 91.35968041228631 d
37.96873795655498 91.35968041228631 38.3756115303805 89.07451269026383 c
38.3756115303805 89.07451269026383 32.063566556089704 84.73921031023863 c
28.28713425708396 84.73921031023863 32.063566556089704 84.73921031023863 d
28.28713425708396 84.73921031023863 26.50150829499276 88.90043421719209 c
26.50150829499276 88.90043421719209 26.50150829499276 88.32635907860953 d
26.50150829499276 88.32635907860953 23.65192769058948 84.73921031023863 c
23.65192769058948 84.73921031023863 19.29357237297148 90.2293393910612 c
19.29357237297148 90.2293393910612 17.252031170710076 89.39081053491395 c
17.252031170710076 86.52285371308852 17.252031170710076 89.39081053491395 d
17.252031170710076 86.52285371308852 9.324353952733276 84.73921031023863 c
9.324353952733276 84.73921031023863 13.040020225530029 87.9341415288076 c
13.040020225530029 87.9341415288076 17.252031170710076 86.52285371308852 c
17.252031170710076 89.39081053491395 20.292327686164427 91.99663746246956 c
20.292327686164427 91.99663746246956 26.50150829499276 88.32635907860953 c
26.50150829499276 88.90043421719209 32.06356655608971 89.78522410138703 c
32.06356655608971 89.78522410138703 28.28713425708396 84.73921031023863 c
32.063566556089704 84.73921031023863 37.96873795655498 91.35968041228631 c
38.3756115303805 90.34043844746108 43.35374671946352 96.19860398512436 c
43.35374671946352 96.19860398512436 44.525886313434164 91.50033752170089 c
44.525886313434164 91.50033752170089 47.35345686823508 90.3087243488634 c
47.35345686823508 90.3087243488634 43.14555743601443 89.05432240644787 c
43.14555743601443 89.05432240644787 44.409418798462625 88.4998042785478 c
47.50880320612214 84.73921031023865 50.7203080371929 84.22498528992243 c
50.7203080371929 84.22498528992243 47.174326480656205 79.04058210117775 c
47.174326480656205 79.04058210117775 52.38475626200308 81.3282714345158 c
52.38475626200308 81.3282714345158 52.346110694931824 74.9780332088294 c
52.38475626200308 74.87769518272582 52.346110694931824 74.9780332088294 d
52.38475626200308 74.87769518272582 61.02207771682813 77.5165781719117 c
61.02207771682813 77.5165781719117 62.35254602263692 75.27679628340285 c
62.35254602263692 75.27679628340285 64.51668754681135 71.15000792751691 c
64.51668754681135 71.15000792751691 55.674574330920464 71.06127988516178 c
55.674574330920464 71.06127988516178 61.27394962298666 73.0034583143225 c
61.27394962298666 73.0034583143225 52.38475626200308 74.87769518272582 c
52.346110694931824 74.9780332088294 45.92516977941865 71.78984018892456 c
45.92516977941865 71.78984018892456 43.85431188783364 68.02213081118956 d
43.85431188783364 68.02213081118956 42.90462246079407 59.687256079589076 c
44.40243473612506 61.42454257976915 42.90462246079407 59.687256079589076 d
44.40243473612506 61.42454257976915 43.85431188783364 65.64888000260942 c
43.85431188783364 65.64888000260942 52.502928013378366 65.54585698511883 c
52.502928013378366 62.11509385599842 52.502928013378366 65.54585698511883 d
52.502928013378366 62.11509385599842 58.9984090786363 64.90133098593381 c
58.9984090786363 64.90133098593381 63.37899027982529 64.95298541181677 c
63.37899027982529 64.95298541181677 54.70194921081404 60.78414278075739 c
54.70194921081404 60.78414278075739 54.548780667135254 59.687256079589076 c
54.548780667135254 59.687256079589076 52.502928013378366 62.11509385599842 c
52.502928013378366 65.54585698511883 46.46954482567809 59.687256079589076 c
46.46954482567809 59.687256079589076 44.40243473612506 61.42454257976915 c
42.90462246079407 59.687256079589076 40.0175447795323 67.79743492001892 c
40.0175447795323 67.79743492001892 41.377483101167364 61.631764580100935 c
41.377483101167364 61.631764580100935 40.914464537785044 63.33303124385111 c
40.914464537785044 63.33303124385111 35.72944785556758 64.94914155913888 c
35.72944785556758 64.94914155913888 37.425638680007964 65.65272931978132 c
37.425638680007964 65.65272931978132 38.42639389039858 68.36099158643478 c
38.42639389039858 68.36099158643478 43.85431188783364 68.02213081118956 c
45.92516977941865 71.78984018892456 42.06943667576213 71.06127988516178 c
42.06943667576213 71.06127988516178 39.60339602147812 71.61496421151446 c
39.60339602147812 71.61496421151446 39.332429474290386 77.31152510912884 c
39.332429474290386 77.31152510912884 35.984083523333624 72.47526275238343 c
35.984083523333624 72.55156315409322 29.836882673604798 71.06127988516178 c
29.836882673604798 71.06127988516178 25.452180364890133 74.7960769363692 c
23.211287100919435 71.06127988516178 21.8529430376692 75.26185996236907 c
21.8529430376692 75.26185996236907 25.452180364890136 75.80513151631817 c
32.52079600469116 69.1198907762063 35.729447855567585 59.687256079589076 c
35.729447855567585 59.687256079589076 24.023352147502695 61.255239753303144 c
24.023352147502695 61.255239753303144 20.575965637261568 71.06127988516178 c
20.575965637261568 67.86760875678405 19.5480969963779 61.02146416910199 c
19.5480969963779 61.02146416910199 18.791378339015836 64.22221645050233 c
18.791378339015836 64.22221645050233 18.37861314136954 59.687256079589076 c
18.37861314136954 59.687256079589076 15.556214590724792 62.3149176675589 c
15.556214590724792 63.78186604480763 13.301454210372826 61.94963253736198 c
13.301454210372826 61.94963253736198 9.0126145337759 61.92804981646815 c
10.017474606768673 59.687256079589076 14.687415216299517 52.35640285139615 c
14.687415216299517 52.35640285139615 15.94537011960377 53.627993385554184 c
15.94537011960377 53.627993385554184 17.58078455065461 49.4241287081258 c
17.58078455065461 49.4241287081258 22.709830780864028 52.34314889527458 c
22.709830780864028 52.34314889527458 25.868825666137738 52.57859877272079 c
25.868825666137738 52.57859877272079 25.357176231410698 50.27368981216703 c
25.357176231410698 50.27368981216703 14.334535579886587 47.42523625726757 c
14.334535579886587 47.42523625726757 17.88062584528422 47.867702198171045 c
17.88062584528422 47.867702198171045 14.825329714233312 42.90793172346901 c
14.825329714233312 42.90793172346901 8.050353821849793 43.178340551934824 c
8.050353821849793 43.178340551934824 7.069325348661383 51.19711383285412 c
3.7848589259785568 47.971541246941705 7.0693253486613825 48.31667767837882 c
7.0693253486613825 48.31667767837882 4.254397810402833 44.74334346870913 c
4.254397810402833 44.74334346870913 0.0 42.90793172346901 c
0.0 42.90793172346901 10.613474932044305 34.358459760971925 c
10.613474932044303 35.356082068763044 17.87594106950775 33.27817569835217 c
17.87594106950775 33.27817569835217 21.376942567596032 30.217319387235207 c
21.376942567596032 30.217319387235207 21.376942567596036 31.063102873708683 d
21.376942567596036 31.063102873708683 21.777057014482907 32.052857328237344 c
21.777057014482907 32.052857328237344 28.919507068906746 33.77743587221341 c
28.919507068906746 33.77743587221341 29.580303060837352 27.91045453643055 c
29.580303060837352 27.91045453643055 28.892811707301068 29.064723059900263 c
29.580303060837355 28.79010660993291 28.892811707301068 29.064723059900263 d
29.580303060837355 28.79010660993291 29.782952928028898 34.95959043630542 c
29.782952928028898 34.95959043630542 34.931463073751075 27.91045453643055 c
34.931463073751075 27.91045453643055 37.523466816668474 31.433618581911134 d
34.93146307375106 30.994431055586954 35.04516817799221 36.59174534862089 c
35.04516817799221 36.59174534862089 39.74523459049263 34.26206748419189 c
39.74523459049263 34.26206748419189 36.727872776216024 40.31802156243937 c
37.46196931447267 42.90793172346901 36.727872776216024 40.31802156243937 d
37.46196931447267 42.90793172346901 31.8578136241307 46.23479189916184 c
31.8578136241307 46.23479189916184 31.81277419480746 46.480795374609485 d
31.81277419480746 46.480795374609485 30.502155495189285 44.09558802160498 c
30.502155495189285 44.09558802160498 27.109172585759445 43.41039046472424 c
27.109172585759445 43.41039046472424 28.511145638486195 44.36569981605087 c
28.511145638486195 44.36569981605087 25.868825666137745 42.907931723469005 c
25.868825666137745 42.907931723469005 31.8578136241307 47.001580707012636 c
31.8578136241307 47.001580707012636 31.81277419480746 46.480795374609485 c
31.8578136241307 46.23479189916184 38.77020098349668 45.683583517176125 c
38.77020098349668 47.362622300386704 38.77020098349668 45.683583517176125 d
38.77020098349668 47.362622300386704 47.49558238440484 50.23471572143565 c
47.49558238440484 50.23471572143565 46.561928109982766 48.78285307158014 c
46.561928109982766 48.78285307158014 41.930190244158524 46.801628439641334 c
41.930190244158524 46.801628439641334 40.44068938301479 42.90793172346901 c
40.44068938301479 42.90793172346901 38.77020098349668 47.362622300386704 c
38.77020098349668 45.683583517176125 37.46196931447267 42.90793172346901 c
36.727872776216024 40.31802156243937 37.47983505764382 40.44443493081848 c
37.47983505764382 40.44443493081848 42.2345178993842 33.44157574671556 c
44.026326773950586 33.28249191712396 42.2345178993842 33.44157574671556 d
44.026326773950586 33.28249191712396 49.69885331292157 33.112185593332725 c
49.69885331292157 33.112185593332725 51.73332260041093 37.701621877958104 c
51.73332260041093 37.701621877958104 63.74457715716642 38.28248603141526 c
67.60433054419161 35.738357766422645 63.74457715716642 38.28248603141526 d
67.60433054419161 35.738357766422645 65.3594607425869 27.91045453643055 c
65.3594607425869 27.91045453643055 63.74457715716642 29.565601775493104 c
63.74457715716642 29.565601775493104 67.60433054419161 35.738357766422645 c
59.73125551694736 42.90793172346902 63.74457715716642 38.28248603141526 d
59.73125551694736 42.90793172346902 47.49558238440484 43.08455766298375 c
47.49558238440484 43.08455766298375 58.41923720302553 50.396796581163926 c
58.41923720302553 50.396796581163926 58.10197897932275 47.32327901283362 c
58.10197897932275 47.32327901283362 62.56773716680853 45.7906331090039 c
62.56773716680853 45.7906331090039 55.9494054863991 45.764176270999585 c
55.9494054863991 45.764176270999585 59.73125551694736 42.90793172346902 c
63.74457715716642 38.28248603141526 55.333548336658154 28.05002999101303 c
55.333548336658154 28.05002999101303 46.21079990919064 27.91045453643055 c
46.21079990919064 27.91045453643055 44.026326773950586 33.28249191712396 c
42.2345178993842 33.44157574671556 43.45602259135511 37.328299855634214 c
43.45602259135511 37.328299855634214 44.026326773950586 27.910454536430546 c
44.026326773950586 27.910454536430546 37.523466816668474 31.433618581911134 c
37.523466816668474 31.433618581911134 40.188501568198866 33.74758540221966 c
40.188501568198866 33.74758540221966 34.93146307375106 30.994431055586954 c
34.931463073751075 27.91045453643055 29.580303060837355 28.79010660993291 c
28.892811707301068 29.064723059900263 21.376942567596036 31.063102873708683 c
21.376942567596032 30.217319387235207 16.226534045548945 27.910454536430553 c
18.538916975151682 25.847357977734383 22.27613392541474 16.92046510408387 c
22.27613392541474 16.92046510408387 25.58245411861384 15.888288538579534 c
25.58245411861384 15.888288538579534 21.99677531564164 15.910254825600454 c
21.99677531564164 15.910254825600454 20.600699036541037 18.694782700555592 c
20.600699036541037 18.694782700555592 19.435201771890178 11.400194773340683 c
19.435201771890178 11.400194773340683 16.457180042837066 12.564432660145108 c
16.457180042837066 12.564432660145108 13.04744732794294 12.600355207315701 c
12.631338067641376 11.400194773340683 11.107712525415462 17.230401415116866 c
11.107712525415462 17.230401415116866 11.383853747972857 20.006439654377907 c
11.383853747972857 20.006439654377907 8.768794824146278 12.459003097043528 c
6.263507838281678 9.992803206577014 4.66714851559475 4.831762353932886 c
4.66714851559475 4.831762353932886 6.263507838281676 2.2157938362559895 d
6.263507838281676 2.2157938362559895 12.413501946680627 6.1488285150224975 c
12.413501946680627 6.1488285150224975 15.283624095414794 9.617795100602672 c
15.283624095414794 9.617795100602672 15.17974335967059 5.720596801032155 c
15.17974335967059 5.720596801032155 15.7831329298325 5.52882829280501 c
15.7831329298325 5.52882829280501 14.374298094029827 1.4163118716231065 c
14.374298094029827 1.4163118716231065 15.783132929832503 3.2930102805554493 d
15.783132929832503 3.2930102805554493 23.400012155945674 6.029977024567061 c
23.400012155945674 6.029977024567061 23.46193154125448 5.226820712180851 c
23.46193154125448 5.226820712180851 23.46193154125448 3.057547811857339 d
25.063814337827914 3.3434898190747018 23.46193154125448 3.057547811857339 c
23.46193154125448 3.057547811857339 26.86973324942146 7.987402776973298 c
26.86973324942146 7.987402776973298 31.944296569104015 3.584921997879233 c
31.944296569104015 3.584921997879233 31.94429656910401 5.405089764356767 d
31.94429656910401 5.405089764356767 37.03996226690972 3.3810856851616196 c
37.03996226690972 3.3810856851616196 38.84426588624558 4.849497061020716 c
38.84426588624558 4.849497061020716 37.57832677229287 3.167246705210758 c
37.57832677229287 3.167246705210758 38.28642767583933 2.885988239240948 c
38.28642767583933 2.885988239240948 39.27720526387716 2.301610021225514 d
39.27720526387716 2.301610021225514 38.84426588624558 6.010115421953753 c
38.84426588624558 6.010115421953753 42.25256565202236 10.275429579260773 c
42.25256565202236 10.275429579260773 49.066161917869444 11.400194773340683 c
49.066161917869444 11.400194773340683 49.09243121698456 12.050805302630032 d
49.09243121698456 12.050805302630032 52.03787086137856 15.330310196821475 c
52.03787086137856 15.330310196821475 55.94797213238144 11.400194773340687 c
55.94797213238144 11.400194773340687 57.3162980917535 13.583812292966332 c
57.3162980917535 13.583812292966332 57.588851490077474 17.77149312727088 c
57.588851490077474 17.77149312727088 60.046087301724704 25.3932282560771 c
60.046087301724704 25.3932282560771 60.604528134052394 19.237057249075768 c
60.604528134052394 19.237057249075768 64.62912353877093 20.045424071644437 c
64.62912353877093 20.045424071644437 55.947972132381445 11.400194773340687 c
55.947972132381445 11.400194773340687 55.94797213238144 11.400194773340683 c
55.94797213238144 11.400194773340683 55.94797213238144 11.400194773340687 c
55.94797213238144 11.400194773340687 55.947972132381445 11.400194773340687 c
55.947972132381445 11.400194773340687 55.947972132381445 11.400194773340683 c
55.947972132381445 11.400194773340683 55.94797213238144 11.400194773340683 c
55.94797213238144 11.400194773340683 46.224828586724215 12.299739325255706 c
46.224828586724215 12.299739325255706 49.09243121698456 12.050805302630032 c
49.066161917869444 11.400194773340683 46.224828586724215 12.734388541315695 d
46.224828586724215 12.734388541315695 42.09049871625396 11.400194773340683 c
42.09049871625396 11.400194773340683 40.68465897969962 16.901359781697252 c
40.68465897969962 16.901359781697252 40.69143181281595 17.91527721128119 c
40.69143181281595 17.91527721128119 40.68465897969962 17.507849694353688 d
40.68465897969962 17.507849694353688 39.59000251450114 16.38044987051557 c
39.59000251450114 16.38044987051557 38.43621769773522 11.400194773340683 c
38.43621769773522 11.400194773340683 31.164732150632496 20.35227616650666 c
31.164732150632496 20.35227616650666 29.446615613948204 13.140057396933686 c
29.446615613948204 13.140057396933686 30.454919116123907 22.559930209206236 c
30.454919116123907 22.559930209206236 25.58245411861384 27.91045453643055 c
25.58245411861384 27.91045453643055 36.09605569747829 18.43623779878054 c
36.09605569747829 18.43623779878054 40.68465897969962 17.507849694353688 c
40.69143181281595 17.91527721128119 46.224828586724215 12.734388541315695 c
49.066161917869444 11.400194773340683 53.97030707312628 10.656467546180192 c
53.97030707312628 10.656467546180192 51.88563691685078 2.123667852582779 c
53.97030707312628 5.391684753473653 51.88563691685078 2.123667852582779 d
53.97030707312628 5.391684753473653 63.226861892369186 9.598023099092266 c
63.226861892369186 9.598023099092266 59.63158062882315 6.7092566814467665 c
59.63158062882315 6.7092566814467665 63.16902536105011 6.224395405665656 c
63.16902536105011 6.224395405665656 57.63719172044239 0.0 c
57.63719172044239 0.0 53.97030707312628 5.391684753473653 c
51.88563691685078 2.123667852582779 47.22316296756786 0.0 c
47.22316296756786 0.0 39.27720526387716 2.301610021225514 c
38.28642767583933 2.885988239240948 36.88914106692748 2.2514183803791976 c
36.88914106692748 2.2514183803791976 35.87427528001202 0.06430731571529691 c
35.87427528001202 0.06430731571529691 35.194887545297625 0.0 c
35.194887545297625 0.0 34.92221117874089 1.358148228373997 c
34.92221117874089 1.358148228373997 34.08975192059464 0.9800915357950792 c
34.08975192059464 0.9800915357950792 34.78440406033725 1.5454260467563667 c
34.78440406033725 1.5454260467563667 31.94429656910401 5.405089764356767 c
31.944296569104015 3.584921997879233 28.914165397958108 0.0 c
28.914165397958108 0.0 27.263486504391047 2.6132956045345974 c
27.263486504391047 2.6132956045345974 27.802220872657863 3.8323055194626305 c
27.802220872657863 3.8323055194626305 26.413291449838333 3.9592939133022123 c
26.413291449838333 3.9592939133022123 24.122724009462438 0.5543835295360862 c
24.122724009462438 0.5543835295360862 25.063814337827914 3.3434898190747018 c
23.46193154125448 5.226820712180851 18.19127911195137 0.9887365276363616 c
18.19127911195137 0.9887365276363616 17.929258761468923 2.5292485741182364 c
17.929258761468923 2.5292485741182364 17.986332170275585 0.8132726318266075 c
17.986332170275585 0.8132726318266075 17.036406045175752 0.0 c
17.036406045175752 0.0 15.783132929832503 3.2930102805554493 c
14.374298094029827 1.4163118716231065 13.54911847379592 3.407939757994855 c
13.54911847379592 3.407939757994855 9.959402861823035 0.0 c
9.959402861823035 0.0 10.889403184636429 2.9313018854156843 c
10.889403184636429 2.9313018854156843 6.263507838281676 2.2157938362559895 c
4.66714851559475 4.831762353932886 0.0 0.0 c
