Processando arquivo: poly3a_mod_pack.txt

Tempo de Inicio (hh:mm:ss.ms) 2026-04-26 15:03:29.212495
Tempo de Termino (hh:mm:ss.ms) 2026-04-26 15:03:30.635231
Tempo Total (hh:mm:ss.ms) 0:00:01.422736

Função Objetivo: 5878.861299683329

0.0 0.0 129.97204518980925 194.28712572582748 d
0.0 281.2343821007062 92.94839262558628 654.7526449162498 c
92.94839262558628 654.7526449162498 970.8824175054832 0.0 c
970.8824175054832 0.0 970.8824175054832 277.10708699453005 d
970.8824175054832 277.10708699453005 1283.8057875387142 553.6463428608653 c
1283.8057875387142 553.6463428608653 1579.368967829545 827.2851214224982 c
1579.368967829545 827.2851214224982 1708.0904823098417 469.1640509393802 c
1708.0904823098417 469.1640509393802 1841.6824482486754 111.58005219307856 c
1841.6824482486754 111.58005219307856 1929.861734476286 289.04293299412404 d
1929.861734476286 289.04293299412404 1841.6824482486754 1004.9516276070069 c
1841.6824482486754 1004.9516276070069 1980.3004392302207 1163.7983126250406 c
1980.3004392302207 1163.7983126250406 1929.616020131637 1203.3412457248114 d
1929.616020131637 1203.3412457248114 1620.7043318510907 1207.276582666856 c
1620.7043318510907 1207.276582666856 1620.704331851091 1163.7983126250406 d
1620.704331851091 1163.7983126250406 1510.6324580455966 1278.7921708691208 c
1510.6324580455966 1278.7921708691208 1396.320926421478 1401.4418997290213 c
1396.320926421478 1401.4418997290213 1160.7190204363974 1422.6906048393428 c
1160.7190204363974 1422.6906048393428 918.3688750349612 1429.4254969192323 c
918.3688750349612 1429.4254969192323 1034.2277639951585 1851.9537014232676 c
1034.2277639951585 1851.9537014232676 1153.1066556480741 2267.353314353102 c
1153.1066556480741 2267.353314353102 1214.4146743257286 2422.7461513946755 d
1214.4146743257286 2422.7461513946755 848.6962390381452 2667.400411528317 c
848.6962390381452 2667.400411528317 848.6962390381452 2696.4095323963984 d
848.6962390381452 2696.4095323963984 532.9492275251729 2386.1660294276107 c
532.9492275251729 2386.1660294276107 308.9116882805463 2425.7089625273816 c
308.9116882805463 2425.7089625273816 0.0 2429.644299469426 c
138.6179909815454 2327.596625250081 0.0 2429.644299469426 d
138.6179909815454 2327.596625250081 434.81248943364426 2138.986546136868 c
434.81248943364426 2138.986546136868 918.3688750349612 1266.702139889363 c
918.3688750349612 1266.702139889363 427.6170292754403 1163.7983126250406 c
427.6170292754403 1163.7983126250406 88.17928622761076 1452.8412456191647 c
88.17928622761076 1452.8412456191647 0.0 2168.7499402320477 c
0.0 2168.7499402320477 138.6179909815454 2327.596625250081 c
0.0 2429.644299469426 132.23072908446738 2678.593427981053 c
132.23072908446738 2678.593427981053 848.6962390381452 2696.4095323963984 c
848.6962390381452 2667.400411528317 941.6446316637315 3040.9186743438604 c
941.6446316637315 3040.9186743438604 1819.5786565436285 2386.1660294276107 c
1819.5786565436285 2386.1660294276107 1214.4146743257286 2422.7461513946755 c
1153.1066556480741 2267.353314353102 1360.5845549354178 2096.8626106302027 c
1360.5845549354178 2096.8626106302027 1561.5542693820694 1920.775065551201 c
1561.5542693820694 1920.775065551201 1412.7756573151482 1879.9687167881546 c
1412.7756573151482 1879.9687167881546 1268.3945536908334 1837.2422797013471 c
1268.3945536908334 1837.2422797013471 1407.4234304103873 1638.9611076901313 c
1407.4234304103873 1638.9611076901313 1546.686904299996 1449.875839098142 c
1546.686904299996 1449.875839098142 1580.1746148807827 1301.6133270805742 c
1580.1746148807827 1301.6133270805742 1620.704331851091 1163.7983126250406 c
1620.7043318510907 1207.276582666856 1752.935060935558 1456.225711178483 c
1752.935060935558 1456.225711178483 2469.400570889236 1474.0418155938282 c
2469.400570889236 1474.0418155938282 2613.388491305229 1477.1762365576558 d
2613.388491305229 1477.1762365576558 2754.9810352376708 1776.2846656079407 c
2754.9810352376708 1776.2846656079407 2906.733354323233 1567.041879092681 c
2906.733354323233 1567.041879092681 3059.8587348843316 1350.093959467841 c
3192.0894639687986 1456.225711178483 3059.8587348843316 1350.093959467841 d
3192.0894639687986 1456.225711178483 3908.5549739224766 1474.0418155938282 c
3908.5549739224766 1474.0418155938282 3908.554973922477 1685.7145839934196 d
3908.554973922477 1685.7145839934196 4244.310987316687 2386.1660294276107 c
4259.766984256408 2386.1660294276107 4244.310987316687 2386.1660294276107 d
4259.766984256408 2386.1660294276107 4091.4296813964565 2717.2627184831013 c
4091.4296813964565 2717.2627184831013 3914.981886327505 3053.6329935134327 c
3914.981886327505 3053.6329935134327 4206.960977917231 3516.223601456763 c
4206.960977917231 3516.223601456763 4414.558262871056 3731.6363107101374 d
4360.458369765187 3516.223601456763 3937.1831243539846 4047.484894189154 c
3937.183124353984 4011.2474742035834 3937.1831243539846 4047.484894189154 d
3937.183124353984 4011.2474742035834 3372.587190087285 3516.223601456763 c
3148.5435899899103 3709.5967941719405 3372.587190087285 3516.223601456763 d
3148.5435899899103 3709.5967941719405 3032.32371040228 3516.223601456763 c
3032.32371040228 3516.223601456763 2864.381304898597 3686.1621384422697 c
2864.381304898597 3686.1621384422697 2705.7756742486895 3871.881674846081 c
2705.7756742486895 3871.881674846081 2705.7756742486895 3918.559317081976 d
2705.7756742486895 3918.559317081976 2598.8637702747856 3709.5967941719405 c
2598.8637702747856 3709.5967941719405 2482.6438906871554 3516.223601456763 c
2261.7943364440853 3319.230327432773 2482.6438906871554 3516.223601456763 d
2261.7943364440853 3319.230327432773 2462.7640508907366 3143.142782353771 c
2462.7640508907366 3143.142782353771 2313.9854388238155 3102.3364335907245 c
2313.9854388238155 3102.3364335907245 2169.6043351995004 3059.609996503917 c
2169.6043351995004 3059.609996503917 2308.6332119190547 2861.328824492701 c
2308.6332119190547 2861.328824492701 2447.8966858086633 2672.243555900712 c
2447.8966858086633 2672.243555900712 2481.3843963894496 2523.9810438831446 c
2481.3843963894496 2523.9810438831446 2521.914113359758 2386.1660294276107 c
2521.914113359758 2446.360559517436 2521.914113359758 2386.1660294276107 d
2521.914113359758 2446.360559517436 2709.7994578809285 2846.5035361708474 c
2709.7994578809285 2846.5035361708474 3100.8171440654282 2654.1820422210503 c
3100.8171440654287 2772.818225182829 3100.8171440654282 2654.1820422210503 d
3100.8171440654287 2772.818225182829 3292.5315367268086 2910.9407929925437 c
3292.5315367268086 2910.9407929925437 3571.108344407766 3014.3398224308507 c
3571.108344407766 3014.3398224308507 3914.981886327505 2491.7619970556793 c
3914.981886327505 2491.7619970556793 3633.571141779276 2386.1660294276107 c
3633.571141779276 2386.1660294276107 3100.8171440654287 2772.818225182829 c
3100.8171440654282 2654.1820422210503 2601.735484954315 2386.1660294276107 c
2601.735484954315 2386.1660294276107 2521.914113359758 2446.360559517436 c
2521.914113359758 2386.1660294276107 2411.842239554264 2501.159887671691 c
2411.842239554264 2501.159887671691 2297.530707930145 2623.8096165315915 c
2297.530707930145 2623.8096165315915 2061.9288019450646 2645.058321641913 c
2061.9288019450646 2645.058321641913 1819.5786565436283 2651.793213721802 c
1819.5786565436283 2651.793213721802 1935.4375455038257 3074.321418225838 c
1935.4375455038257 3074.321418225838 2054.3164371567414 3489.721031155672 c
2054.3164371567414 3489.721031155672 2261.7943364440853 3319.230327432773 c
2482.6438906871554 3516.223601456763 2314.7014851834724 3686.1621384422697 c
2314.7014851834724 3686.1621384422697 2156.0958545335648 3871.881674846081 c
2156.0958545335648 3871.881674846081 2163.8399391157363 4210.201763462405 c
2156.0958545335648 4120.367641577035 2163.8399391157363 4210.201763462405 d
2156.0958545335648 4120.367641577035 1434.3240274719542 3516.2236014567634 c
1434.3240274719542 3516.2236014567634 1418.9117424618676 4303.105057722035 c
1418.9117424618676 4303.105057722035 2156.0958545335648 4120.367641577035 c
2163.8399391157363 4210.201763462405 2290.766219064484 4191.380950889422 c
2290.766219064484 4191.380950889422 2403.93094895142 4170.527556687081 c
2403.93094895142 4170.527556687081 2553.264056196072 4037.7864377866867 c
2553.264056196072 4037.7864377866867 2705.7756742486895 3918.559317081976 c
2705.7756742486895 3871.881674846081 2713.519758830861 4210.201763462405 c
2713.519758830861 4210.201763462405 2840.446038779609 4191.380950889422 c
2840.446038779609 4191.380950889422 2953.6107686665446 4170.527556687081 c
2953.6107686665446 4170.527556687081 3102.9438759111968 4037.7864377866867 c
3102.9438759111968 4037.7864377866867 3255.455493963814 3918.559317081976 c
3255.455493963814 3918.559317081976 3148.5435899899103 3709.5967941719405 c
3372.587190087285 3516.223601456763 3255.455493963814 4038.139872825142 c
3255.455493963814 4038.139872825142 3591.2115073580244 4738.591318259333 c
3689.5203052499737 4844.187285887401 3591.2115073580244 4738.591318259333 d
3689.5203052499737 4844.187285887401 3408.1095607017446 4738.591318259333 c
3689.5203052499737 4844.187285887401 3865.9681003189253 5069.688007314824 d
3865.9681003189253 5069.688007314824 3689.5203052499737 5406.058282345155 c
3689.5203052499737 5406.058282345155 3981.499396839699 5868.648890288485 c
3849.2249328336643 5902.389630884374 3981.499396839699 5868.648890288485 d
3849.2249328336643 5902.389630884374 3727.809960429866 6533.267006531922 c
3727.809960429866 6533.267006531922 4161.5731787427585 6711.769639712553 c
4161.5731787427585 6711.769639712553 4380.7282591756675 6848.31169031333 d
4380.7282591756675 6848.31169031333 4377.083246714785 7794.233749742285 c
4380.7282591756675 6848.31169031333 4377.083246714786 7034.60733715613 d
4072.2055470681244 7460.7980432962295 4223.957866153687 7251.55525678097 c
4223.957866153687 7251.55525678097 4377.083246714786 7034.60733715613 c
4377.083246714786 7034.60733715613 4080.188715652271 6946.854612588016 c
4080.188715652271 6946.854612588016 3786.62508271969 6848.31169031333 c
3786.62508271969 6848.31169031333 3676.5532089141952 6963.30554855741 c
3676.5532089141952 6963.30554855741 3562.241677290077 7085.95527741731 c
3562.241677290077 7085.95527741731 3326.6397713049964 7107.2039825276315 c
3326.6397713049964 7107.2039825276315 3084.28962590356 7113.938874607521 c
3084.2896259035597 7037.868412287402 3084.28962590356 7113.938874607521 d
3084.2896259035597 7037.868412287402 2760.9933995225 7258.827967588324 c
2760.9933995225 7258.827967588324 2556.083365239358 6848.311690313329 c
2556.083365239358 6848.311690313329 2434.6683928355596 7479.189065960876 c
2218.8103780804513 7657.691699141507 2434.6683928355596 7479.189065960876 d
2218.8103780804513 7657.691699141507 2434.6683928355596 7037.868412287402 c
2434.6683928355596 7037.868412287402 2111.3721664544996 7258.827967588324 c
2111.3721664544996 7258.827967588324 1906.4621321713576 6848.311690313329 c
1906.4621321713576 6848.311690313329 1864.241236661334 6729.674752306872 d
1864.241236661334 6729.674752306872 1992.9627511416306 6371.553681823754 c
1992.9627511416306 6371.553681823754 2126.5547170804643 6433.650923616765 d
2126.5547170804643 6433.650923616765 2603.9298555975365 6117.802340137748 c
2603.9298555975365 6117.802340137748 3148.906929724196 6021.527189590653 c
3148.906929724196 5962.584160974199 3148.906929724196 6021.527189590653 d
3148.906929724196 5962.584160974199 3336.792274245366 6362.727137627611 c
3336.792274245366 6362.727137627611 3727.809960429866 6170.405643677814 c
3727.809960429866 6170.405643677814 3228.7283013187525 5902.389630884374 c
3228.7283013187525 5902.389630884374 3148.906929724196 5962.584160974199 c
3148.906929724196 6021.527189590653 2549.8299624916663 5902.389630884374 c
2549.8299624916663 5902.389630884374 2126.5547170804643 6433.650923616765 c
1992.9627511416306 6371.553681823754 2126.5547170804643 6013.969683077453 c
2126.5547170804643 6013.969683077453 1985.2782064969306 5958.9297802040965 c
1985.2782064969306 5958.9297802040965 1844.310574756986 5902.389630884374 c
1844.310574756986 5902.389630884374 1551.8165343729693 6038.978962839979 c
1551.8165343729693 6038.978962839979 1255.7546863372722 6179.496717878904 c
1255.7546863372722 6001.223460237023 1255.7546863372722 6179.496717878904 d
1255.7546863372722 6001.223460237023 874.4450432040753 5902.389630884374 c
729.5235201596585 5958.9297802040965 874.4450432040753 5902.389630884374 d
870.8000307431921 6013.969683077453 729.5235201596585 5958.9297802040965 c
729.5235201596585 5958.9297802040965 588.5558884197137 5902.389630884374 c
588.5558884197137 5902.389630884374 523.5726465756254 5902.389630884374 d
523.5726465756254 5902.389630884374 819.7671450277243 5713.779551771161 c
819.7671450277243 5713.779551771161 1303.3235306290412 4841.495145523656 c
1303.3235306290412 4841.495145523656 1461.9291612789489 4908.52985524484 d
1461.9291612789489 4908.52985524484 1303.3235306290412 5094.249391648651 c
1303.3235306290412 5094.249391648651 1311.0676152112126 5432.569480264976 c
1311.0676152112126 5432.569480264976 1437.9938951599604 5413.7486676919925 c
1437.9938951599604 5413.7486676919925 1551.1586250468963 5392.895273489652 c
1551.1586250468963 5392.895273489652 1700.491732291548 5260.154154589258 c
1700.491732291548 5260.154154589258 1853.003350344166 5140.927033884547 c
1853.003350344166 5269.852610991724 1853.003350344166 5140.927033884547 d
1853.003350344166 5269.852610991724 2330.378488861238 4954.004027512707 c
2330.378488861238 4954.004027512707 2875.3555629878974 4857.728876965612 c
2875.3555629878974 4857.728876965612 2276.278595755368 4738.591318259333 c
2276.278595755368 4738.591318259333 1853.003350344166 5269.852610991724 c
1853.003350344166 5140.927033884547 1746.0914463702616 4931.964510974511 c
1746.0914463702616 4931.964510974511 1629.8715667826314 4738.591318259334 c
1629.8715667826314 4738.591318259334 1461.9291612789489 4908.52985524484 c
1072.9401254659074 4738.591318259333 1303.3235306290412 4841.495145523656 d
1072.9401254659074 4738.591318259333 1418.9117424618673 4011.2474742035834 c
1418.9117424618673 4011.2474742035834 854.3158081951681 3516.223601456763 c
854.3158081951681 3516.223601456763 737.1841120716973 4038.139872825142 c
737.1841120716973 4038.139872825142 737.1841120716973 4120.367641577035 d
737.1841120716973 4120.367641577035 15.412285010086634 3516.2236014567634 c
15.412285010086634 3516.2236014567634 0.0 4303.105057722035 c
0.0 4303.105057722035 737.1841120716973 4120.367641577035 c
737.1841120716973 4038.139872825142 1072.9401254659074 4738.591318259333 c
1303.3235306290412 4841.495145523656 812.5716848695204 4738.591318259333 c
812.5716848695204 4738.591318259333 473.13394182169077 5027.6342512534575 c
384.95465559408007 4837.425147611982 473.13394182169077 5027.6342512534575 d
384.95465559408007 4837.425147611982 3.645012460883157 4738.591318259333 c
3.645012460883157 4738.591318259333 0.0 5684.5133776882885 c
0.0 5684.5133776882885 277.64808390073665 5500.796900671422 c
277.64808390073665 5500.796900671422 190.5041506728012 5307.786676775791 c
190.5041506728012 5307.786676775791 384.95465559408007 4837.425147611982 c
473.13394182169077 5027.6342512534575 384.95465559408 5743.54294586634 c
384.95465559408 5743.54294586634 523.5726465756254 5902.389630884374 c
588.5558884197137 5902.389630884374 296.06184803569704 6038.978962839979 c
296.06184803569704 6038.978962839979 0.0 6179.496717878904 c
0.0 6179.496717878904 312.92337003323104 6456.035973745239 c
312.92337003323104 6456.035973745239 608.4865503240617 6729.674752306872 c
608.4865503240617 6729.674752306872 737.2080648043585 6371.553681823754 c
737.2080648043585 6371.553681823754 870.8000307431921 6013.969683077453 c
874.4450432040753 5902.389630884374 870.8000307431921 6848.31169031333 c
970.8824175054832 6848.31169031333 870.8000307431921 6848.31169031333 d
970.8824175054832 6848.31169031333 365.71843528758336 6884.891812280394 c
365.71843528758336 6884.891812280394 0.0 7129.546072414036 c
0.0 7129.546072414036 92.94839262558628 7503.064335229579 c
92.94839262558628 7503.064335229579 970.8824175054832 6848.31169031333 c
870.8000307431921 6848.31169031333 1148.4481146439289 6664.595213296463 c
1148.4481146439289 6664.595213296463 1061.3041814159933 6471.5849894008325 c
1061.3041814159933 6471.5849894008325 1255.7546863372722 6001.223460237023 c
1255.7546863372722 6179.496717878904 1568.6780563705033 6456.035973745239 c
1568.6780563705033 6456.035973745239 1864.241236661334 6729.674752306872 c
1785.0471597675594 6953.907657941398 1906.4621321713576 6848.311690313329 d
1785.0471597675594 6953.907657941398 1503.6364152193303 6848.31169031333 c
1503.6364152193303 6848.31169031333 970.8824175054832 7234.963886068547 c
970.8824175054832 7234.963886068547 1162.596810166863 7373.086453878263 c
1162.596810166863 7373.086453878263 1441.1736178478202 7476.485483316569 c
1441.1736178478202 7476.485483316569 1785.0471597675594 6953.907657941398 c
1906.4621321713576 6848.311690313329 1785.0471597675592 7479.189065960876 c
1785.0471597675592 7479.189065960876 2218.8103780804513 7657.691699141507 c
2434.6683928355596 7479.189065960876 2868.431611148452 7657.691699141507 c
2868.431611148452 7657.691699141507 3084.2896259035597 7037.868412287402 c
3084.28962590356 7113.938874607521 3200.1485148637576 7536.467079111556 c
3200.1485148637576 7536.467079111556 3319.027406516673 7951.866692041391 c
3319.027406516673 7951.866692041391 3526.5053058040166 7781.375988318491 c
3526.5053058040166 7781.375988318491 3727.475020250668 7605.288443239489 c
3727.475020250668 7605.288443239489 3578.6964081837473 7564.482094476443 c
3578.6964081837473 7564.482094476443 3434.315304559432 7521.755657389635 c
3434.315304559432 7521.755657389635 3573.344181278986 7323.47448537842 c
3573.344181278986 7323.47448537842 3712.6076551685946 7134.389216786431 c
3712.6076551685946 7134.389216786431 3746.0953657493815 6986.1267047688625 c
3746.0953657493815 6986.1267047688625 3786.62508271969 6848.31169031333 c
3786.62508271969 6848.31169031333 3930.6130031356824 7161.6896142459445 c
3930.6130031356824 7161.6896142459445 4072.2055470681244 7460.7980432962295 c
4377.083246714785 7794.233749742285 4654.731330615521 7610.5172727254185 c
4654.731330615521 7610.5172727254185 4567.587397387586 7417.507048829788 c
4567.587397387586 7417.507048829788 4762.037902308864 6947.145519665978 c
4762.037902308864 6947.145519665978 4380.7282591756675 6848.31169031333 c
4161.5731787427585 6711.769639712553 4377.431193497866 6091.946352858447 c
4377.431193497866 6091.946352858447 4054.1349671168064 6312.90590815937 c
4054.1349671168064 6312.90590815937 3849.2249328336643 5902.389630884374 c
3981.499396839699 5868.648890288485 4130.712120678144 5786.692672150408 c
4130.712120678144 5786.692672150408 4272.643801877367 5702.002831828216 c
4272.643801877367 5702.002831828216 4278.703665169923 5283.845413949929 c
4278.703665169923 5283.845413949929 4278.148438891809 4868.287810998131 c
4278.703665169923 4798.785848349158 4278.148438891809 4868.287810998131 d
4278.703665169923 4798.785848349158 4466.5890096910925 5198.92882500257 c
4466.5890096910925 5198.92882500257 4857.606695875593 5006.607331052773 c
4857.606695875593 5006.607331052773 4358.525036764479 4738.591318259333 c
4358.525036764479 4738.591318259333 4278.703665169923 4798.785848349158 c
4278.148438891809 4868.287810998131 4152.717255305999 4800.958909374715 c
4152.717255305999 4800.958909374715 4034.3054031788774 4738.591318259333 c
4034.3054031788774 4738.591318259333 3865.9681003189253 5069.688007314824 c
3408.1095607017446 4738.591318259333 2875.3555629878974 5125.243514014551 c
2875.3555629878974 5125.243514014551 3067.0699556492773 5263.366081824266 c
3067.0699556492773 5263.366081824266 3345.6467633302345 5366.765111262573 c
3345.6467633302345 5366.765111262573 3689.5203052499737 4844.187285887401 c
3591.2115073580244 4738.591318259333 3937.183124353984 4011.2474742035834 c
3937.1831243539846 4047.484894189154 4414.558262871056 3731.6363107101374 c
4414.558262871056 3731.6363107101374 4959.535336997716 3635.361160163042 c
4959.535336997716 3635.361160163042 4360.458369765187 3516.223601456763 c
4206.960977917231 3516.223601456763 4356.173701755675 3434.2673833186855 c
4356.173701755675 3434.2673833186855 4498.105382954898 3349.5775429964933 c
4498.105382954898 3349.5775429964933 4504.165246247454 2931.4201251182067 c
4504.165246247454 2931.4201251182067 4503.61001996934 2515.862522166409 c
4503.61001996934 2515.862522166409 4378.17883638353 2448.533620542993 c
4378.17883638353 2448.533620542993 4259.766984256408 2386.1660294276107 c
4244.310987316687 2386.1660294276107 4590.282604312647 1658.8221853718608 c
4590.282604312647 1658.8221853718608 4025.6866700459477 1163.7983126250406 c
4025.6866700459477 1163.7983126250406 3908.554973922477 1685.7145839934196 c
3908.5549739224766 1474.0418155938282 3592.8079624095044 1163.7983126250406 c
3592.8079624095044 1163.7983126250406 3368.7704231648777 1203.3412457248114 c
3368.7704231648777 1203.3412457248114 3059.858734884331 1207.276582666856 c
3059.858734884331 1207.276582666856 3192.0894639687986 1456.225711178483 c
3059.8587348843316 1350.093959467841 2762.9642038218176 1262.3412348997267 c
2762.9642038218176 1262.3412348997267 2469.4005708892364 1163.7983126250406 c
2469.4005708892364 1163.7983126250406 2613.388491305229 1477.1762365576558 c
2469.400570889236 1474.0418155938282 2153.6535593762637 1163.7983126250406 c
2153.6535593762637 1163.7983126250406 1929.616020131637 1203.3412457248114 c
1980.3004392302207 1163.7983126250406 2276.4949376823197 975.1882335118275 c
2276.4949376823197 975.1882335118275 2760.0513232836365 102.90382726432244 c
2760.0513232836365 0.0 2760.0513232836365 102.90382726432244 d
2760.0513232836365 0.0 2904.039243699629 313.3779239326153 c
2904.039243699629 313.3779239326153 3045.631787632071 612.4863529829001 c
3045.631787632071 612.4863529829001 3197.384106717633 403.24356646764056 c
3197.384106717633 403.24356646764056 3350.5094872787317 186.29564684280052 c
3350.5094872787317 186.29564684280052 3365.9217722888184 0.0 d
3365.9217722888184 0.0 3350.5094872787317 786.8814562652715 c
3350.5094872787317 786.8814562652715 4087.693599350429 604.1440401202718 c
4087.693599350429 667.4669640858222 4087.693599350429 604.1440401202718 d
4087.693599350429 667.4669640858222 4379.672690940154 1130.0575720291522 c
4379.672690940154 1130.0575720291522 4528.885414778599 1048.1013538910752 c
4528.885414778599 1048.1013538910752 4670.817095977823 963.4115135688828 c
4670.817095977823 963.4115135688828 4676.8769592703775 545.2540956905962 c
4676.8769592703775 545.2540956905962 4676.321732992264 129.6964927387985 c
4676.321732992264 129.6964927387985 4550.890549406455 62.367591115382766 c
4550.890549406455 62.367591115382766 4432.478697279333 0.0 c
4432.478697279333 0.0 4264.141394419381 331.09668905549086 c
4264.141394419381 331.09668905549086 4087.693599350429 667.4669640858222 c
4087.693599350429 604.1440401202718 3365.9217722888184 0.0 c
3350.5094872787317 186.29564684280052 3053.6149562162177 98.54292227468619 c
3053.6149562162177 98.54292227468619 2760.0513232836365 0.0 c
2760.0513232836365 102.90382726432244 2269.2994775241154 0.0 c
2269.2994775241154 0.0 1929.861734476286 289.04293299412404 c
1841.6824482486754 111.58005219307856 1700.4059376651417 56.54014931972253 c
1700.4059376651417 56.54014931972253 1559.4383059251968 0.0 c
1559.4383059251968 0.0 1266.9442655411801 136.58933195560556 c
1266.9442655411801 136.58933195560556 970.8824175054832 277.10708699453005 c
970.8824175054832 0.0 365.71843528758336 36.58012196706467 c
365.71843528758336 36.58012196706467 0.0 281.2343821007062 c
129.97204518980925 194.28712572582748 0.0 0.0 d
