Processando arquivo: poly3b_mod_sep.txt

Tempo de Inicio (hh:mm:ss.ms) 2026-04-26 15:08:13.524552
Tempo de Termino (hh:mm:ss.ms) 2026-04-26 15:08:15.000251
Tempo Total (hh:mm:ss.ms) 0:00:01.475699

Função Objetivo: 80.49292469705306

0.0 0.0 0.8736249716303739 4.738765128358034 c
0.8736249716303739 4.738765128358034 6.263507838281678 9.992803206577014 c
6.263507838281678 9.992803206577014 18.332908694773145 21.29441322780253 d
18.332908694773145 21.29441322780253 17.89996931714157 25.002918628530768 c
17.89996931714157 25.002918628530768 21.30826908291835 29.26823278583779 c
21.30826908291835 29.26823278583779 18.049941423618897 36.392997979917695 d
18.049941423618897 36.392997979917695 15.071919694565784 37.55723586672212 c
15.071919694565784 37.55723586672212 11.66218697967166 37.59315841389271 c
5.2460777193700965 36.392997979917695 11.66218697967166 37.59315841389271 d
5.2460777193700965 36.392997979917695 3.7224521771441808 42.22320462169388 c
3.7224521771441808 42.22320462169388 3.998593399701576 44.99924286095492 c
3.998593399701576 44.99924286095492 1.3835344758749968 37.45180630362054 c
1.3835344758749968 37.45180630362054 0.0 42.29660729118515 c
0.0 42.29660729118515 5.662186979671658 46.25481890801123 c
5.662186979671658 46.25481890801123 5.2460777193700965 36.392997979917695 c
11.66218697967166 37.59315841389271 12.484921581612296 40.612889526578726 c
12.484921581612296 40.612889526578726 17.850608941570556 39.202123680461945 c
17.850608941570556 39.202123680461945 17.1536566268804 50.84016118431139 c
17.1536566268804 50.84016118431139 9.72314354565723 64.90325774300756 d
9.72314354565723 64.90325774300756 0.0 65.80280229492257 c
9.72314354565723 64.90325774300756 23.723143545657226 64.90325774300756 d
23.723143545657226 64.90325774300756 25.091469505029284 67.0868752626332 c
25.091469505029284 67.0868752626332 25.36402290335326 71.27455609693774 c
25.36402290335326 71.27455609693774 27.821258715000486 78.89629122574397 c
28.279336775256763 92.05500345351572 27.821258715000486 78.89629122574397 d
28.966828128793047 90.90073493004601 28.279336775256763 92.05500345351572 c
28.279336775256763 92.05500345351572 20.76346763555173 94.05338326732414 c
10.76346763555173 93.20759978085067 20.76346763555173 94.05338326732414 d
10.76346763555173 93.20759978085067 5.613059113504641 90.90073493004601 c
5.613059113504641 90.90073493004601 0.0 98.34636246237851 c
0.0 98.34636246237851 7.262466137463448 96.26845609196764 c
7.262466137463448 96.26845609196764 11.307221562707571 109.57429077901641 d
2.184473135240058 109.43471532443394 0.0 114.80675270512734 c
0.0 114.80675270512734 5.672526538970987 114.63644638133611 c
5.672526538970987 114.63644638133611 7.706995826460345 119.22588266596149 c
7.706995826460345 119.22588266596149 19.718250383215832 119.80674681941863 c
19.718250383215832 119.80674681941863 26.799500317476358 127.80674681941865 d
26.799500317476358 127.80674681941865 32.78848827546931 131.90039580296227 c
32.78848827546931 131.90039580296227 18.287850882749314 135.17250490811665 d
18.799500317476358 137.47741386867042 18.287850882749314 135.17250490811665 c
18.287850882749314 135.17250490811665 7.265210231225203 132.32405135321721 c
7.265210231225203 132.32405135321721 10.811300496622838 132.7665172941207 c
10.811300496622838 132.7665172941207 7.756004365571929 127.80674681941865 c
7.756004365571929 127.80674681941865 0.9810284731884087 128.07715564788447 c
0.9810284731884087 128.07715564788447 0.0 136.09592892880374 c
0.0 136.09592892880374 7.084923724910817 137.7714570042257 c
7.084923724910817 137.7714570042257 2.9481492581072892 144.5860711755387 c
2.9481492581072892 144.5860711755387 0.0 158.76269711505344 d
12.235673132542518 158.5860711755387 0.0 158.76269711505344 c
0.0 158.76269711505344 10.923654818620696 166.0749360332336 c
10.923654818620696 166.0749360332336 3.4473865102411256 179.51270588536408 d
15.153482218306012 177.94472221165 3.4473865102411256 179.51270588536408 c
3.4473865102411256 179.51270588536408 0.0 189.31874601722274 c
0.0 189.31874601722274 2.045852653756893 196.3187460172227 d
2.045852653756893 196.3187460172227 0.0 198.74658379363206 c
0.0 198.74658379363206 6.495481065257941 201.53282092356744 c
6.495481065257941 201.53282092356744 10.87606226644693 201.5844753494504 c
18.87606226644693 203.33598567066582 10.87606226644693 201.5844753494504 d
18.87606226644693 203.33598567066582 31.061348735511093 197.80096788300136 c
18.87606226644693 203.33598567066582 25.531903158443487 217.74996853788744 d
31.61725631087199 216.3359856706658 29.15121565658798 216.88966999701847 c
29.15121565658798 216.88966999701847 28.880249109400246 222.58623089463285 c
28.880249109400246 222.58623089463285 25.531903158443487 217.74996853788744 c
25.531903158443487 217.74996853788744 28.181254116581503 222.4835715265509 c
28.181254116581503 222.4835715265509 32.191910126547675 223.95044844507305 c
32.191910126547675 223.95044844507305 37.056622841232 230.01391609574267 c
37.056622841232 230.01391609574267 40.26812767230276 229.49969107542645 c
28.040020225530025 243.2088473143116 40.26812767230276 229.49969107542645 d
32.25203117071007 241.79755949859253 24.324353952733272 240.01391609574264 c
32.25203117071007 241.79755949859253 41.252031170710076 244.66551632041796 d
41.252031170710076 244.66551632041796 44.29232768616443 247.2713432479736 c
44.29232768616443 247.2713432479736 50.50150829499276 243.60106486411354 c
57.50150829499276 244.1751400026961 50.50150829499276 243.60106486411354 d
57.50150829499276 244.1751400026961 63.06356655608971 245.05992988689104 c
63.06356655608971 245.05992988689104 59.28713425708396 240.01391609574264 c
59.28713425708396 240.01391609574264 57.50150829499276 244.1751400026961 c
50.50150829499276 243.60106486411354 47.65192769058948 240.01391609574264 c
47.65192769058948 240.01391609574264 43.29357237297148 245.50404517656523 c
43.29357237297148 245.50404517656523 41.252031170710076 244.66551632041796 c
24.324353952733272 240.01391609574264 28.040020225530025 243.2088473143116 c
28.040020225530025 243.2088473143116 32.25203117071007 241.79755949859253 c
40.26812767230276 229.49969107542645 36.722146115766066 224.31528788668174 c
36.722146115766066 224.31528788668174 41.93257589711294 226.60297722001982 c
41.93257589711294 226.60297722001982 41.893930330041684 220.2527389943334 c
49.93257589711294 220.15240096822984 41.893930330041684 220.2527389943334 d
49.93257589711294 220.15240096822984 58.56989735193799 222.79128395741571 c
58.56989735193799 222.79128395741571 59.90036565774678 220.55150206890687 c
59.90036565774678 220.55150206890687 62.06450718192121 216.42471371302094 c
62.06450718192121 216.42471371302094 53.222393966030324 216.3359856706658 c
53.222393966030324 216.3359856706658 58.82176925809652 218.2781640998265 c
58.82176925809652 218.2781640998265 49.93257589711294 220.15240096822984 c
41.893930330041684 220.2527389943334 35.47298941452851 217.06454597442857 c
35.47298941452851 217.06454597442857 31.61725631087199 216.3359856706658 c
18.87606226644693 203.33598567066582 4.384702308714667 216.3359856706658 d
10.531903158443487 217.8262689395972 4.384702308714667 216.3359856706658 c
4.384702308714667 216.3359856706658 0.0 220.0707827218732 c
0.0 220.0707827218732 5.249947315918867 225.47046190678694 c
5.249947315918867 225.47046190678694 1.7784348465867241 240.01391609574264 d
1.7784348465867241 240.01391609574264 6.1141441582950105 251.37991914017545 c
6.1141441582950105 251.37991914017545 0.0 254.73874921804267 c
0.0 254.73874921804267 0.0 267.7387492180427 d
0.0 267.7387492180427 5.905171400465277 274.3592193200904 c
5.905171400465277 274.3592193200904 6.312044974290798 272.0740515980679 c
6.312044974290798 272.0740515980679 15.3120449742908 273.33997735526515 d
15.3120449742908 273.33997735526515 20.290180163373815 279.19814289292844 c
20.290180163373815 279.19814289292844 21.46231975734446 274.499876429505 c
21.46231975734446 274.499876429505 24.289890312145374 273.3082632566675 c
24.289890312145374 273.3082632566675 20.081990879924724 272.05386131425195 c
20.081990879924724 272.05386131425195 21.345852242372917 271.4993431863519 c
21.345852242372917 271.4993431863519 20.257859012789964 269.26450465142955 c
20.257859012789964 269.26450465142955 16.61897914448955 267.7387492180427 c
16.61897914448955 267.7387492180427 15.3120449742908 273.33997735526515 c
6.312044974290798 272.0740515980679 0.0 267.7387492180427 c
0.0 254.73874921804267 9.324353952733276 254.08738558038044 c
9.324353952733276 254.08738558038044 1.7784348465867241 240.01391609574264 c
5.249947315918867 225.47046190678694 10.531903158443487 217.8262689395972 c
31.061348735511093 197.80096788300136 20.23101822344837 196.3187460172227 c
20.23101822344837 196.3187460172227 22.22293379474058 199.77391439831334 c
22.22293379474058 199.77391439831334 18.87606226644693 203.33598567066582 c
10.87606226644693 201.5844753494504 2.1990211974356786 197.41563271839104 c
2.1990211974356786 197.41563271839104 2.045852653756893 196.3187460172227 c
0.0 189.31874601722274 11.944830367429585 187.37735690826725 c
11.944830367429585 187.37735690826725 15.153482218306012 177.94472221165 c
10.923654818620696 166.0749360332336 10.606396594917914 163.0014184649033 c
10.606396594917914 163.0014184649033 15.07215478240369 161.4687725610736 c
26.072154782403686 158.5860711755387 15.07215478240369 161.4687725610736 d
26.072154782403686 158.5860711755387 31.257603999421526 166.94472221165 c
31.257603999421526 166.94472221165 35.801517463905796 179.88923071216186 d
37.328656823532505 177.94472221165 34.44157914227074 186.05490105207986 c
34.44157914227074 186.05490105207986 35.801517463905796 179.88923071216186 c
35.801517463905796 179.88923071216186 35.338498900523476 181.59049737591204 c
35.338498900523476 181.59049737591204 30.15348221830601 183.20660769119982 c
30.15348221830601 183.20660769119982 31.849673042746392 183.91019545184227 c
31.849673042746392 183.91019545184227 45.60960778443217 196.3187460172227 d
45.06134873551109 197.14636302764902 54.72900530411612 198.83213589994386 c
63.72900530411612 200.51932609443 54.72900530411612 198.83213589994386 d
63.72900530411612 200.51932609443 67.32824263133706 201.0625976483791 c
67.32824263133706 201.0625976483791 65.08734936736636 196.3187460172227 c
65.08734936736636 196.3187460172227 52.27834625057207 183.90634613467034 d
60.926962376116805 183.8033231171798 54.893579188416524 177.94472221165 c
55.528119561384685 164.42134542836723 54.893579188416524 177.94472221165 d
57.64812041966526 166.76642385273365 56.62025177878159 159.9202792650516 c
56.62025177878159 159.9202792650516 55.86353312141952 163.12103154645195 c
55.86353312141952 163.12103154645195 55.45076792377323 158.58607117553868 c
55.45076792377323 158.58607117553868 52.62836937312848 161.21373276350852 c
52.62836937312848 161.21373276350852 55.528119561384685 164.42134542836723 c
55.528119561384685 164.42134542836723 57.64812041966526 166.76642385273365 c
54.893579188416524 177.94472221165 52.8264690988635 179.6820087118301 c
52.8264690988635 179.6820087118301 52.27834625057207 183.90634613467034 c
52.27834625057207 183.90634613467034 60.926962376116805 183.8033231171798 c
65.08734936736636 196.3187460172227 63.72900530411612 200.51932609443 c
54.72900530411612 198.83213589994386 45.60960778443217 196.3187460172227 c
45.60960778443217 196.3187460172227 45.06134873551109 197.14636302764902 c
31.849673042746392 183.91019545184227 32.85042825313701 186.61845771849573 c
32.85042825313701 186.61845771849573 38.27834625057207 186.27959694325048 c
38.27834625057207 186.27959694325048 37.328656823532505 177.94472221165 c
31.257603999421526 166.94472221165 41.62836937312848 162.68068114075726 c
41.62836937312848 162.68068114075726 39.37360899277651 160.84844763331162 c
39.37360899277651 160.84844763331162 35.08476931617959 160.8268649124178 c
35.08476931617959 160.8268649124178 26.072154782403686 158.5860711755387 c
15.07215478240369 161.4687725610736 8.453823101994265 161.44231572306927 c
8.453823101994265 161.44231572306927 12.235673132542518 158.5860711755387 c
2.9481492581072892 144.5860711755387 7.618089867638133 137.25521794734578 c
7.618089867638133 137.25521794734578 8.876044770942386 138.52680848150382 c
8.876044770942386 138.52680848150382 10.511459201993226 134.32294380407544 c
10.511459201993226 134.32294380407544 15.640505432202644 137.24196399122422 c
15.640505432202644 137.24196399122422 18.799500317476358 137.47741386867042 c
32.78848827546931 131.90039580296227 32.74344884614607 131.37961047055913 c
32.74344884614607 131.37961047055913 46.78848827546933 131.13360699511148 d
46.78848827546933 131.13360699511148 53.700875634835306 130.58239861312578 c
58.700875634835306 132.26143739633633 53.700875634835306 130.58239861312578 d
58.700875634835306 132.26143739633633 67.42625703574348 135.1335308173853 c
67.42625703574348 135.1335308173853 66.4926027613214 133.68166816752978 c
66.4926027613214 133.68166816752978 61.86086489549715 131.70044353559098 c
61.86086489549715 131.70044353559098 60.37136403435342 127.80674681941865 c
60.37136403435342 127.80674681941865 58.700875634835306 132.26143739633633 c
53.700875634835306 130.58239861312578 52.392643965811295 127.80674681941865 c
49.36286269621958 114.49832484790663 52.392643965811295 127.80674681941865 d
52.647329118902405 114.84346127934374 49.83240158064386 111.27012706967406 c
49.83240158064386 111.27012706967406 45.578003770241025 109.43471532443394 c
38.578003770241025 117.26261855442604 45.578003770241025 109.43471532443394 d
38.578003770241025 117.26261855442604 36.33313396863632 109.43471532443394 c
36.33313396863632 109.43471532443394 34.71825038321583 111.0898625634965 c
43.169477995984586 97.94987082992088 34.71825038321583 111.0898625634965 d
43.169477995984586 97.94987082992088 48.31798814170676 90.90073493004601 c
48.31798814170676 90.90073493004601 58.31798814170675 93.98471144920242 d
58.31798814170675 93.98471144920242 58.4316932459479 99.58202574223635 c
58.4316932459479 99.58202574223635 63.13175965844832 97.25234787780735 c
63.13175965844832 97.25234787780735 60.11439784417171 103.30830195605483 c
60.11439784417171 103.30830195605483 60.866360125599506 103.43471532443394 c
60.866360125599506 103.43471532443394 65.62104296733989 96.43185614033102 c
65.62104296733989 96.43185614033102 66.8425476593108 100.31858024924968 c
66.8425476593108 100.31858024924968 67.41285184190627 90.90073493004601 c
67.41285184190627 90.90073493004601 60.90999188462416 94.4238989755266 c
60.90999188462416 94.4238989755266 63.575026636154554 96.73786579583513 c
63.575026636154554 96.73786579583513 58.31798814170675 93.98471144920242 c
48.31798814170676 90.90073493004601 42.96682812879304 91.78038700354837 c
42.96682812879304 91.78038700354837 43.169477995984586 97.94987082992088 c
34.71825038321583 111.0898625634965 38.578003770241025 117.26261855442604 c
45.578003770241025 109.43471532443394 49.36286269621958 114.49832484790663 c
49.36286269621958 114.49832484790663 52.647329118902405 114.84346127934374 c
52.392643965811295 127.80674681941865 46.78848827546933 131.13360699511148 c
32.74344884614607 131.37961047055913 31.4328301465279 128.9944031175546 c
31.4328301465279 128.9944031175546 28.03984723709806 128.3092055606739 c
28.03984723709806 128.3092055606739 29.441820289824808 129.26451491200052 c
29.441820289824808 129.26451491200052 26.799500317476358 127.80674681941865 c
19.718250383215832 119.80674681941863 11.307221562707571 109.57429077901641 c
11.307221562707571 109.57429077901641 2.184473135240058 109.43471532443394 c
7.262466137463448 96.26845609196764 10.76346763555173 93.20759978085067 c
20.76346763555173 94.05338326732414 21.1635820824386 95.0431377218528 c
21.1635820824386 95.0431377218528 28.30603213686244 96.76771626582887 c
28.30603213686244 96.76771626582887 28.966828128793047 90.90073493004601 c
27.821258715000486 78.89629122574397 28.37969954732818 72.74012021874265 c
28.37969954732818 72.74012021874265 32.40429495204671 73.5484870413113 c
38.432824280112946 77.57572868620775 32.40429495204671 73.5484870413113 d
38.432824280112946 77.57572868620775 38.40429495204671 79.90073493004601 c
38.40429495204671 79.90073493004601 49.01776988409102 71.35126296754893 c
49.01776988409102 71.35126296754893 43.803757920799576 64.90325774300756 c
43.803757920799576 64.90325774300756 43.01603570155805 65.04432926721239 c
43.01603570155805 65.04432926721239 44.29915658995413 67.02343177332324 c
44.29915658995413 67.02343177332324 38.432824280112946 77.57572868620775 c
32.40429495204671 73.5484870413113 23.723143545657226 64.90325774300756 c
0.0 65.80280229492257 2.8676026302603432 65.55386827229691 c
2.8676026302603432 65.55386827229691 5.8130422746543395 68.83337316648834 c
5.8130422746543395 68.83337316648834 9.72314354565723 64.90325774300756 c
17.1536566268804 50.84016118431139 20.89087357714346 41.91326831066088 c
20.89087357714346 41.91326831066088 24.197193770342558 40.88109174515654 c
24.197193770342558 40.88109174515654 20.611514967370358 40.90305803217746 c
20.611514967370358 40.90305803217746 19.215438688269757 43.6875859071326 c
19.215438688269757 43.6875859071326 18.049941423618897 36.392997979917695 c
21.30826908291835 29.26823278583779 28.121865348765432 30.3929979799177 c
28.121865348765432 30.3929979799177 42.02601050402227 24.38448796005067 d
42.02601050402227 24.38448796005067 51.282565323265175 28.59082630566928 c
51.282565323265175 28.59082630566928 47.68728405971914 25.702059888023783 c
47.68728405971914 25.702059888023783 51.2247287919461 25.217198612242672 c
51.2247287919461 25.217198612242672 56.518070237318 22.304079910970867 d
56.518070237318 22.304079910970867 57.235807649104544 22.366835825036425 c
57.235807649104544 22.366835825036425 58.014488823470984 25.123003496650462 c
58.014488823470984 25.123003496650462 59.5869600065194 22.57241061168394 c
59.5869600065194 22.57241061168394 63.667825671536455 22.929224191109082 c
63.667825671536455 22.929224191109082 61.053312638734226 21.535661407765314 c
61.053312638734226 21.535661407765314 59.603379046579946 22.545778462740373 c
59.603379046579946 22.545778462740373 60.43071764974158 21.20381176889526 c
60.43071764974158 21.20381176889526 59.13664878829856 21.532609907469016 c
59.13664878829856 21.532609907469016 59.15910637531157 20.526029663893976 c
59.15910637531157 20.526029663893976 56.282565323265175 18.992803206577015 c
56.282565323265175 18.992803206577015 57.16428941233425 22.11369466970092 c
57.16428941233425 22.11369466970092 56.518070237318 22.304079910970867 c
51.2247287919461 25.217198612242672 45.69289515133838 18.992803206577015 c
45.69289515133838 18.992803206577015 54.86973324942146 7.987402776973298 d
54.86973324942146 7.987402776973298 59.94429656910401 3.584921997879233 c
59.94429656910401 3.584921997879233 56.9141653979581 0.0 c
56.9141653979581 0.0 55.26348650439104 2.6132956045345974 c
55.26348650439104 2.6132956045345974 55.802220872657855 3.8323055194626305 c
55.802220872657855 3.8323055194626305 54.413291449838326 3.9592939133022123 c
54.413291449838326 3.9592939133022123 52.12272400946243 0.5543835295360862 c
52.12272400946243 0.5543835295360862 53.06381433782791 3.3434898190747018 c
53.06381433782791 3.3434898190747018 51.46193154125447 3.057547811857339 c
51.46193154125447 3.057547811857339 54.86973324942146 7.987402776973298 c
44.46193154125447 5.226820712180851 45.69289515133838 18.992803206577015 d
44.40001215594567 6.029977024567061 44.46193154125447 5.226820712180851 c
44.46193154125447 5.226820712180851 39.19127911195136 0.9887365276363616 c
39.19127911195136 0.9887365276363616 38.929258761468915 2.5292485741182364 c
38.929258761468915 2.5292485741182364 38.986332170275574 0.8132726318266075 c
38.986332170275574 0.8132726318266075 38.036406045175745 0.0 c
38.036406045175745 0.0 36.7831329298325 3.2930102805554493 c
36.7831329298325 3.2930102805554493 44.40001215594567 6.029977024567061 c
45.69289515133838 18.992803206577015 42.02601050402227 24.38448796005067 c
28.121865348765432 30.3929979799177 41.06135526567692 38.1328606035107 d
41.06135526567692 38.1328606035107 42.06965876785262 47.552733415783244 c
42.06965876785262 47.552733415783244 37.19719377034255 52.90325774300756 c
37.19719377034255 52.90325774300756 47.710795349207004 43.42904100535755 c
47.710795349207004 43.42904100535755 52.29939863142833 42.500652900930696 c
59.306171464544676 42.9080804178582 52.29939863142833 42.500652900930696 d
59.29939863142834 41.89416298827427 59.306171464544676 42.9080804178582 c
59.306171464544676 42.9080804178582 64.83956823845293 37.72719174789271 c
64.83956823845293 37.72719174789271 60.70523836798268 36.392997979917695 c
60.70523836798268 36.392997979917695 59.29939863142834 41.89416298827427 c
52.29939863142833 42.500652900930696 51.204742166229856 41.37325307709258 c
51.204742166229856 41.37325307709258 50.05095734946394 36.392997979917695 c
50.05095734946394 36.392997979917695 42.77947180236121 45.34507937308367 c
42.77947180236121 45.34507937308367 41.06135526567692 38.1328606035107 c
28.121865348765432 30.3929979799177 33.02601050402227 29.649270752757207 c
33.02601050402227 29.649270752757207 30.94134034774677 21.116471059159792 c
30.94134034774677 21.116471059159792 26.278866398463844 18.992803206577015 c
26.278866398463844 18.992803206577015 21.7831329298325 5.52882829280501 d
21.283624095414794 9.617795100602672 21.179743359670592 5.720596801032155 c
21.179743359670592 5.720596801032155 21.7831329298325 5.52882829280501 c
21.7831329298325 5.52882829280501 20.374298094029825 1.4163118716231065 c
20.374298094029825 1.4163118716231065 19.54911847379592 3.407939757994855 c
19.54911847379592 3.407939757994855 15.959402861823035 0.0 c
15.959402861823035 0.0 16.88940318463643 2.9313018854156843 c
16.88940318463643 2.9313018854156843 12.263507838281676 2.2157938362559895 c
12.263507838281676 2.2157938362559895 18.413501946680626 6.1488285150224975 c
18.413501946680626 6.1488285150224975 21.283624095414794 9.617795100602672 c
26.278866398463844 18.992803206577015 18.332908694773145 21.29441322780253 c
6.263507838281678 9.992803206577014 3.9299787109080064 19.057110522292312 d
3.250590976193612 18.992803206577015 2.9779146096368754 20.350951434951014 c
2.9779146096368754 20.350951434951014 2.1454553514906216 19.972894742372095 c
2.1454553514906216 19.972894742372095 2.840107491233237 20.538229253333384 c
2.840107491233237 20.538229253333384 0.0 24.397892970933782 c
0.0 24.397892970933782 5.095665697805707 22.373888891738634 c
5.095665697805707 22.373888891738634 6.899969317141568 23.842300267597732 c
6.899969317141568 23.842300267597732 5.634030203188854 22.160049911787773 c
5.634030203188854 22.160049911787773 6.342131106735318 21.878791445817964 c
6.342131106735318 21.878791445817964 4.944844497823465 21.244221586956215 c
4.944844497823465 21.244221586956215 3.9299787109080064 19.057110522292312 c
3.9299787109080064 19.057110522292312 3.250590976193612 18.992803206577015 c
6.263507838281678 9.992803206577014 4.66714851559475 4.831762353932886 c
4.66714851559475 4.831762353932886 0.0 0.0 c
