Processando arquivo: poly5a_mod_pack.txt

Tempo de Inicio (hh:mm:ss.ms) 2026-04-26 15:03:43.108758
Tempo de Termino (hh:mm:ss.ms) 2026-04-26 15:03:48.251408
Tempo Total (hh:mm:ss.ms) 0:00:05.142650

Função Objetivo: 9442.666024649561

0.0 0.0 189.73038529180593 421.2046549756326 c
189.73038529180593 421.2046549756326 782.8347645821884 746.6723582965815 c
782.8347645821884 746.6723582965815 658.0153907069226 51.49747069350326 c
782.8347645821885 0.0 658.0153907069226 51.49747069350326 d
782.8347645821885 0.0 1006.6771493325087 695.1065223468139 c
1006.6771493325087 695.1065223468139 1078.640261782329 875.8721170882608 d
1078.640261782329 875.8721170882608 922.8037620091156 1022.9268487502571 c
922.8037620091156 1022.9268487502571 872.0053457749964 1180.4790888845769 c
872.0053457749964 1180.4790888845769 824.1688525941204 1174.003187877767 d
824.1688525941204 1174.003187877767 125.45913715971382 875.8721170882608 c
125.45913715971382 875.8721170882608 0.0 1144.9417605913939 c
0.0 1144.9417605913939 232.8854220752287 1752.6324495258395 c
232.8854220752287 1752.6324495258395 824.1688525941204 1174.003187877767 c
872.0053457749964 1180.4790888845769 824.1688525941204 1340.4330197989414 c
824.1688525941204 1340.4330197989414 1001.7885386405248 1431.8396680113578 c
1001.7885386405248 1431.8396680113578 1167.1174539856102 1521.545795397343 c
1235.4786549077157 1467.717208197579 1167.1174539856102 1521.545795397343 d
1235.4786549077157 1467.717208197579 1347.932421788913 1603.7133970970776 c
1347.932421788913 1603.7133970970776 1457.3155486370133 1751.7442341765216 c
1457.3155486370133 1751.7442341765216 1625.0507516652076 1961.956893483253 d
1625.0507516652076 1961.956893483253 1610.730581068959 2066.1265677371525 c
1610.730581068959 2066.1265677371525 1603.4160715680928 2181.527400100921 c
1603.4160715680928 2181.527400100921 1390.5433062060533 2327.7106064150635 c
1390.5433062060533 2327.7106064150635 1183.994612341667 2482.843756825556 c
1183.994612341667 2482.843756825556 1183.994612341667 2469.5298349199406 d
1183.994612341667 2469.5298349199406 1179.3772208196895 2219.9676629587675 c
1179.3772208196895 2219.9676629587675 840.2091787493031 1950.2823836476914 c
840.2091787493031 1950.2823836476914 133.82400302506267 1999.6625000393246 c
133.82400302506267 1999.6625000393246 67.32794161024344 2079.5432102479617 c
67.32794161024344 2079.5432102479617 0.0 2168.34414040886 c
0.0 2168.34414040886 124.76625444920546 2294.0943183679487 c
124.76625444920546 2294.0943183679487 246.82396252994954 2423.0149330985287 c
246.82396252994954 2423.0149330985287 707.0883204367748 2574.8407224626517 c
707.0883204367748 2574.8407224626517 1177.2970691697196 2716.908876123121 c
1177.2970691697196 2716.908876123121 1183.994612341667 2469.5298349199406 c
1183.994612341667 2482.843756825556 1327.501043067325 2626.1282113050693 c
1327.501043067325 2626.1282113050693 1464.281739432469 2766.582200931831 c
1464.281739432469 2766.582200931831 1717.158479963893 2361.088421746405 c
1717.158479963893 2361.088421746405 1962.043231167642 1950.2823836476914 c
1962.043231167642 1950.2823836476914 1625.0507516652076 1961.956893483253 c
1457.3155486370133 1751.7442341765216 1705.804580523817 1314.0579455838083 c
1705.804580523817 1314.0579455838083 1959.7001968672093 875.8721170882608 c
1959.7001968672093 875.8721170882608 1704.4734129857698 994.072258827863 c
1704.4734129857698 994.072258827863 1457.6475074003679 1125.3915696945128 c
1457.6475074003679 1125.3915696945128 1348.9095504876095 1293.9796658633386 c
1348.9095504876095 1293.9796658633386 1235.4786549077157 1467.717208197579 c
1167.1174539856102 1521.545795397343 1201.7046423885597 1323.446069132607 c
1201.7046423885597 1323.446069132607 1235.4786549077157 1114.023681893278 c
1235.4786549077157 1114.023681893278 1078.640261782329 875.8721170882608 c
1006.6771493325087 695.1065223468139 1392.617949377867 288.0670307404512 c
1392.617949377867 288.0670307404512 1582.3483346696728 421.2046549756326 d
1582.3483346696728 421.2046549756326 2175.4527139600555 746.6723582965815 c
2287.9064808412527 727.8412800088167 2175.4527139600555 746.6723582965815 d
2287.9064808412527 727.8412800088167 2397.289607689353 875.8721170882608 c
2428.6949549452634 994.072258827863 2397.289607689353 875.8721170882608 d
2428.6949549452634 994.072258827863 2181.8690493598615 1125.3915696945128 c
2181.8690493598615 1125.3915696945128 2073.131092447103 1293.9796658633386 c
2073.131092447103 1293.9796658633386 1959.7001968672093 1467.717208197579 c
1959.7001968672093 1467.717208197579 2072.1539637484066 1603.7133970970776 c
2072.1539637484066 1603.7133970970776 2181.537090596507 1751.7442341765216 c
2181.537090596507 1751.7442341765216 2084.45971734004 1950.2823836476912 d
2084.45971734004 1950.2823836476912 2029.464337067786 2073.97841187101 c
2029.464337067786 2073.97841187101 1962.043231167642 2190.40786708152 c
1962.043231167642 2190.40786708152 2165.1827617417416 2478.800189487905 c
2165.1827617417416 2478.800189487905 2360.5878198704086 2769.3750451591886 c
2360.5878198704086 2769.3750451591886 2388.6387737414843 2550.782484021763 c
2388.6387737414843 2550.782484021763 2483.3224369945906 2470.563539812731 d
2483.3224369945906 2470.563539812731 2420.948213510652 2870.538568552319 c
2420.948213510652 2870.538568552319 2537.0250151866753 2953.9003385796573 c
2537.0250151866753 2953.9003385796573 2643.901803872126 3024.692650207122 c
2643.901803872126 3024.692650207122 2673.242366728264 3231.436827997923 d
2673.242366728264 3231.436827997923 2815.138651191345 3417.864417752464 c
2673.242366728264 3231.436827997923 2673.242366728264 3188.6565165732754 d
2673.242366728264 3188.6565165732754 2436.2156762164973 3024.692650207122 c
2436.2156762164973 3024.692650207122 1846.7367859646633 3231.436827997923 c
1601.852034760914 3435.498688305836 1846.7367859646633 3231.436827997923 d
1846.736785964663 3024.692650207122 1509.7443064622287 3036.3671600426837 c
1509.7443064622287 3036.3671600426837 1495.4241358659801 3140.536834296583 c
1495.4241358659801 3140.536834296583 1488.1096263651139 3255.9376666603516 c
1488.1096263651139 3255.9376666603516 1275.2368610030744 3402.120872974494 c
1275.2368610030744 3402.120872974494 1068.6881671386882 3557.254023384987 c
1068.6881671386882 3557.254023384987 1036.3787273695211 3625.192750581194 d
1036.3787273695211 3625.192750581194 1068.6881671386884 3421.117275498052 c
1036.3787273695211 3625.192750581194 851.4093621355744 3843.78531171862 d
851.4093621355744 3843.78531171862 725.9502249758605 4112.854955221753 c
725.9502249758605 4112.854955221753 958.8356470510893 4720.545644156198 c
741.410709298859 4929.223571694861 958.8356470510893 4720.545644156198 d
775.2172014227358 4720.545644156198 383.55972038437244 4740.9251094295905 c
383.55972038437244 4740.9251094295905 0.0 4760.184847019042 c
0.0 4560.415690911491 0.0 4760.184847019042 d
0.0 4560.415690911491 725.9502249758605 4497.135976335513 c
725.9502249758605 4497.135976335513 465.4269977928312 3843.7853117186196 c
465.4269977928312 3843.7853117186196 0.0 4560.415690911491 c
0.0 4760.184847019042 223.17757727678958 5175.6540027526125 c
223.17757727678958 5175.6540027526125 285.19135288277363 5061.72108297408 c
285.19135288277363 5061.72108297408 353.7419865609451 4945.392770287219 c
353.7419865609451 4945.392770287219 493.10816077264076 5102.7097956241105 c
493.10816077264076 5102.7097956241105 638.2360264145253 5251.820858862123 c
638.2360264145253 5251.820858862123 750.2181886395636 5316.2709505739085 c
750.2181886395636 5316.2709505739085 875.4364590765915 5379.2650025839785 c
875.4364590765915 5437.1760233490695 875.4364590765915 5379.2650025839785 d
875.4364590765915 5437.1760233490695 1601.386684052452 5373.896308773092 c
1601.386684052452 5373.896308773092 1340.8634568694226 4720.545644156198 c
1340.8634568694226 4720.545644156198 875.4364590765915 5437.1760233490695 c
875.4364590765915 5379.2650025839785 783.8407283140014 5259.588569940243 c
783.8407283140014 5259.588569940243 700.678269118704 5131.586748674 c
700.678269118704 5131.586748674 741.410709298859 4929.223571694861 c
741.410709298859 4929.223571694861 775.2172014227358 4720.545644156198 c
958.8356470510893 4720.545644156198 1550.1190775699808 4141.916382508126 c
1550.1190775699808 4141.916382508126 1633.111144874522 4068.9051824228527 d
1633.111144874522 4068.9051824228527 1550.1190775699808 4301.082980744671 c
1550.1190775699808 4301.082980744671 1878.320233024865 4392.683604598301 c
1878.320233024865 4392.683604598301 2203.9245757320195 4471.145306954819 c
2203.9245757320195 4471.145306954819 2210.9851749728746 4720.545644156198 d
2210.9851749728746 4720.545644156198 1998.2945623889716 5282.078659349646 c
1998.2945623889716 5282.078659349646 1601.386684052452 5687.979571875925 c
1601.386684052452 5687.979571875925 1652.9893704197211 5913.1560524552315 d
1652.9893704197211 5913.1560524552315 1406.1634648343193 6044.475363321882 c
1406.1634648343193 6044.475363321882 1297.425507921561 6213.063459490707 c
1297.425507921561 6213.063459490707 1183.994612341667 6386.801001824948 c
1183.994612341667 6386.801001824948 1183.994612341667 6314.203361987878 d
1183.994612341667 6314.203361987878 1179.3772208196895 6064.641190026705 c
1179.3772208196895 6064.641190026705 840.2091787493031 5794.955910715629 c
840.2091787493031 5794.955910715629 133.82400302506267 5844.336027107262 c
133.82400302506267 5844.336027107262 67.32794161024344 5924.2167373159 c
67.32794161024344 5924.2167373159 0.0 6013.017667476798 c
0.0 6013.017667476798 124.76625444920546 6138.767845435887 c
124.76625444920546 6138.767845435887 246.82396252994954 6267.688460166466 c
246.82396252994954 6267.688460166466 707.0883204367748 6419.514249530589 c
707.0883204367748 6419.514249530589 1177.2970691697196 6561.582403191059 c
1177.2970691697196 6561.582403191059 978.6929511477022 6671.716243153208 d
978.6929511477022 6671.716243153208 822.8564513744889 6818.770974815204 c
724.2215419594937 6671.716243153208 822.8564513744889 6818.770974815204 d
724.2215419594937 6671.716243153208 468.9947580780542 6789.91638489281 c
468.9947580780542 6789.91638489281 222.16885249265226 6921.23569575946 c
222.16885249265226 6921.23569575946 113.43089557989401 7089.823791928286 c
113.43089557989401 7089.823791928286 0.0 7263.5613342625265 c
0.0 7263.5613342625265 112.45376688119723 7399.557523162025 c
112.45376688119723 7399.557523162025 221.83689372929763 7547.588360241469 c
221.83689372929763 7547.588360241469 0.0 7746.126509712638 d
0.0 7746.126509712638 189.73038529180593 8167.331164688271 c
189.73038529180593 8167.331164688271 782.8347645821884 8492.79886800922 c
782.8347645821884 8492.79886800922 658.0153907069226 7797.6239804061415 c
865.8268318867295 7971.246380416872 658.0153907069226 7797.6239804061415 d
865.8268318867295 7971.246380416872 782.8347645821884 8203.424178738689 c
782.8347645821884 8203.424178738689 1111.0359200370726 8295.024802592321 c
1111.0359200370726 8295.024802592321 1436.6402627442271 8373.486504948838 c
1436.6402627442271 8373.486504948838 1314.0172773705167 8219.454896425596 c
1314.0172773705167 8219.454896425596 1192.2627246000636 8056.990313029607 c
1192.2627246000636 8056.990313029607 1391.9560467117171 7941.857148939144 c
1391.9560467117171 7941.857148939144 1602.227333091666 7822.01876766262 c
1602.227333091666 7822.01876766262 934.0369488434209 7746.126509712639 c
934.0369488434209 7746.126509712639 865.8268318867295 7971.246380416872 c
658.0153907069226 7797.6239804061415 0.0 7746.126509712638 c
221.83689372929763 7547.588360241469 470.3259256161015 7109.902071648756 c
470.3259256161015 7109.902071648756 724.2215419594937 6671.716243153208 c
822.8564513744889 6818.770974815204 772.0580351403696 6976.323214949523 c
772.0580351403696 6976.323214949523 724.2215419594936 7136.277145863888 c
724.2215419594936 7136.277145863888 901.8412280058981 7227.683794076304 c
901.8412280058981 7227.683794076304 1067.1701433509834 7317.38992146229 c
1067.1701433509834 7317.38992146229 1101.757331753933 7119.290195197554 c
1101.757331753933 7119.290195197554 1135.531344273089 6909.867807958225 c
1135.531344273089 6911.841726587038 1135.531344273089 6909.867807958225 d
1135.531344273089 6911.841726587038 1338.6708748471885 7200.234048993421 c
1338.6708748471885 7200.234048993421 1534.0759329758557 7490.808904664706 c
1534.0759329758557 7490.808904664706 1562.1268868469315 7272.21634352728 c
1562.1268868469315 7272.21634352728 1594.4363266160988 7068.140868444138 c
1594.4363266160988 7129.013912179259 1594.4363266160988 7068.140868444138 d
1594.4363266160988 7129.013912179259 1922.637482070983 7220.614536032889 c
1922.637482070983 7220.614536032889 2248.2418247781375 7299.076238389407 c
2248.2418247781375 7299.076238389407 2125.618839404427 7145.0446298661645 c
2125.618839404427 7145.0446298661645 2003.8642866339742 6982.580046470176 c
2003.8642866339742 6982.580046470176 2203.5576087456275 6867.446882379713 c
2203.5576087456275 6867.446882379713 2413.8288951255763 6747.608501103189 c
2413.8288951255763 6747.608501103189 1745.6385108773313 6671.716243153208 c
1745.6385108773313 6671.716243153208 1677.42839392064 6896.836113857441 c
1677.42839392064 6896.836113857441 1594.4363266160988 7129.013912179259 c
1594.4363266160988 7068.140868444138 1520.0582657924797 6993.785334977944 c
1520.0582657924797 6993.785334977944 1443.204241979227 6914.342105636331 c
1443.204241979227 6914.342105636331 1350.6653217662772 6798.9322207733785 c
1350.6653217662772 6798.9322207733785 1257.9478304454865 6671.716243153208 c
1257.9478304454865 6671.716243153208 1202.9524501732326 6795.412271376527 c
1202.9524501732326 6795.412271376527 1135.531344273089 6911.841726587038 c
1135.531344273089 6909.867807958225 978.6929511477022 6671.716243153208 c
1177.2970691697196 6561.582403191059 1183.994612341667 6314.203361987878 c
1183.994612341667 6386.801001824948 1296.4483792228643 6522.797190724446 c
1296.4483792228643 6522.797190724446 1405.8315060709647 6670.82802780389 c
1405.8315060709647 6670.82802780389 1654.3205379577685 6233.141739211177 c
1654.3205379577685 6233.141739211177 1908.2161543011607 5794.955910715629 c
1908.2161543011607 5794.955910715629 1652.9893704197211 5913.1560524552315 c
1601.386684052452 5687.979571875925 2175.4204375845216 5428.982503455684 c
2175.4204375845216 5428.982503455684 2210.9851749728746 4720.545644156198 c
2203.9245757320195 4471.145306954819 2081.301590358309 4317.113698431576 c
2081.301590358309 4317.113698431576 1959.5470375878563 4154.649115035588 c
1959.5470375878563 4154.649115035588 2159.2403596995096 4039.5159509451255 c
2159.2403596995096 4039.5159509451255 2369.5116460794584 3919.6775696686004 c
2369.511646079458 3883.424514581463 2369.5116460794584 3919.6775696686004 d
2369.511646079458 3883.424514581463 2592.6892233562476 4298.893670315034 c
2592.6892233562476 4298.893670315034 2654.702998962232 4184.960750536501 c
2654.702998962232 4184.960750536501 2723.2536326404033 4068.6324378496397 c
2723.2536326404033 4068.6324378496397 2862.619806852099 4225.949463186532 c
2862.619806852099 4225.949463186532 3007.7476724939834 4375.060526424544 c
3007.7476724939834 4375.060526424544 3119.7298347190217 4439.51061813633 c
3119.7298347190217 4439.51061813633 3244.9481051560497 4502.5046701464 c
3244.9481051560497 4502.5046701464 3239.8503141789984 4720.545644156198 d
3239.8503141789984 4720.545644156198 3086.040994772008 4782.145573216756 c
3086.040994772008 4782.145573216756 2940.5697020470343 4845.321785855173 c
2820.583665893297 4720.545644156198 2940.5697020470343 4845.321785855173 d
2820.583665893297 4720.545644156198 2607.8930533093944 5282.078659349646 c
2607.8930533093944 5282.078659349646 2210.9851749728746 5687.979571875925 c
2210.9851749728746 5687.979571875925 2785.018928504944 5428.982503455684 c
2785.018928504944 5428.982503455684 2820.583665893297 4720.545644156198 c
2940.5697020470343 4845.321785855173 2882.957889377236 5240.826800321238 c
2882.957889377236 5240.826800321238 2820.583665893297 5640.801829060826 c
2820.583665893297 5640.801829060826 2936.6604675693206 5724.163599088164 c
2936.6604675693206 5724.163599088164 3043.537256254771 5794.955910715629 c
3032.902348145974 5794.955910715629 3043.537256254771 5794.955910715629 d
3032.902348145974 5794.955910715629 2877.0658483727607 5942.010642377625 c
2877.0658483727607 5942.010642377625 2826.2674321386417 6099.562882511945 c
2826.2674321386417 6099.562882511945 2778.4309389577656 6259.516813426309 c
2744.6569264386094 6242.529862759975 2778.4309389577656 6259.516813426309 d
2744.6569264386094 6242.529862759975 2778.4309389577656 6033.107475520646 c
2778.4309389577656 6033.107475520646 2621.5925458323786 5794.955910715629 c
2621.5925458323786 5794.955910715629 2465.7560460591653 5942.010642377625 c
2465.7560460591653 5942.010642377625 2414.9576298250463 6099.562882511945 c
2414.9576298250463 6099.562882511945 2367.1211366441703 6259.516813426309 c
2367.1211366441703 6191.380536006559 2367.1211366441703 6259.516813426309 d
2367.1211366441703 6191.380536006559 2292.7430758205514 6117.025002540366 c
2292.7430758205514 6117.025002540366 2215.8890520072982 6037.581773198753 c
2215.8890520072982 6037.581773198753 2123.3501317943487 5922.1718883358 c
2123.3501317943487 5922.1718883358 2030.6326404735582 5794.955910715629 c
2030.6326404735582 5794.955910715629 1975.6372602013043 5918.651938938949 c
1975.6372602013043 5918.651938938949 1908.2161543011605 6035.081394149459 c
1908.2161543011605 6035.081394149459 2111.35568487526 6323.473716555843 c
2111.35568487526 6323.473716555843 2306.760743003927 6614.048572227127 c
2306.760743003927 6614.048572227127 2496.506478798171 6671.716243153208 d
2496.506478798171 6671.716243153208 2450.122903490002 6889.483720553618 c
2450.122903490002 6889.483720553618 2413.8288951255763 7113.918175240645 c
2413.8288951255763 7113.918175240645 2674.804158826994 6991.593516422961 c
2674.804158826994 6991.593516422961 2941.3523650156544 6861.921992951868 c
2941.3523650156544 6861.921992951868 2941.194943066377 6814.390555881017 c
2941.194943066377 6814.390555881017 2929.321612740597 6753.494215343129 c
2929.321612740597 6753.494215343129 2941.3523650156544 6671.716243153208 d
2941.3523650156544 6671.716243153208 3165.1947497659744 7366.822765500022 c
3165.1947497659744 7366.822765500022 3551.135549811333 6959.783273893659 c
3551.135549811333 6959.783273893659 3587.4295581757588 6889.483720553618 d
3587.4295581757588 6889.483720553618 3551.135549811333 7113.918175240645 c
3551.135549811333 7113.918175240645 3812.1108135127506 6991.593516422961 c
3812.1108135127506 6991.593516422961 4078.659019701411 6861.921992951868 c
4078.659019701411 6861.921992951868 4078.501597752134 6814.390555881017 c
4078.501597752134 6814.390555881017 4066.628267426354 6753.494215343129 c
4078.659019701411 6711.355446016051 4066.628267426354 6753.494215343129 d
4078.659019701411 6711.355446016051 4301.836596978201 7126.824601749622 c
4301.836596978201 7126.824601749622 4363.850372584185 7012.891681971089 c
4363.850372584185 7012.891681971089 4432.4010062623565 6896.563369284228 c
4432.4010062623565 6896.563369284228 4571.767180474052 7053.88039462112 c
4571.767180474052 7053.88039462112 4716.895046115937 7202.991457859132 c
4716.895046115937 7202.991457859132 4828.877208340975 7267.441549570918 c
4828.877208340975 7267.441549570918 4954.095478778003 7330.435601580988 c
4954.095478778003 7330.435601580988 4862.4997480154125 7210.759168937253 c
4862.4997480154125 7210.759168937253 4779.337288820116 7082.7573476710095 c
4779.337288820116 7082.7573476710095 4820.069729000271 6880.39417069187 c
4820.069729000271 6880.39417069187 4853.876221124147 6671.716243153208 c
4954.095478778003 6671.716243153208 4853.876221124147 6671.716243153208 d
4954.095478778003 6671.716243153208 5177.937863528324 7366.822765500022 c
5177.937863528324 7366.822765500022 5563.8786635736815 6959.783273893659 c
5683.864699727418 6796.492384852183 5563.8786635736815 6959.783273893659 d
5683.864699727418 6796.492384852183 5626.25288705762 7191.9973993182475 c
5626.25288705762 7191.9973993182475 5563.8786635736815 7591.972428057836 c
5563.8786635736815 7591.972428057836 5293.541344917147 7746.126509712638 d
5293.541344917147 7746.126509712638 5168.082207757434 8015.196153215771 c
5293.541344917147 7746.126509712638 5168.082207757434 7822.01876766262 d
5168.082207757434 7822.01876766262 4499.89182350919 7746.126509712639 c
4499.89182350919 7746.126509712639 4431.681706552498 7971.246380416872 c
4431.681706552498 7971.246380416872 4348.689639247956 7936.332259511299 d
4348.689639247956 7936.332259511299 4348.532217298678 7888.8008224404475 c
4348.532217298678 7888.8008224404475 4336.6588869728985 7827.90448190256 c
4336.6588869728985 7827.90448190256 4115.432995108576 7789.094591008493 c
4115.432995108576 7789.094591008493 3903.8437530304723 7746.126509712639 c
3903.8437530304723 7746.126509712639 3857.4601777223033 7963.893987113049 c
3857.4601777223033 7963.893987113049 3821.166169357878 7910.090376078793 d
3821.166169357878 7910.090376078793 3584.139478846111 7746.12650971264 c
3584.139478846111 7746.12650971264 2994.660588594277 7952.87068750344 c
2869.841214719011 7797.6239804061415 2994.660588594277 7952.87068750344 d
2869.841214719011 7797.6239804061415 2211.8258240120886 7746.126509712638 c
2211.8258240120886 7746.126509712638 2211.8258240120886 7746.126509712639 d
2211.8258240120886 7746.126509712639 1999.1352114281856 8307.659524906087 c
1999.1352114281856 8307.659524906087 1602.227333091666 8713.560437432365 c
1602.227333091666 8713.560437432365 2176.2610866237355 8454.563369012125 c
2176.2610866237355 8454.563369012125 2211.8258240120886 7746.126509712639 c
2211.8258240120886 7746.126509712638 2401.556209303895 8167.331164688271 c
2401.556209303895 8167.331164688271 2994.660588594277 8492.79886800922 c
2994.660588594277 8492.79886800922 2869.841214719011 7797.6239804061415 c
2994.660588594277 7952.87068750344 3136.556873057358 8139.298277257982 c
3136.556873057358 8139.298277257982 3372.9115055232996 8302.945519342376 c
3372.9115055232996 8302.945519342376 3821.166169357878 7910.090376078793 c
3857.4601777223033 7963.893987113049 3821.1661693578776 8188.328441800076 c
3821.1661693578776 8188.328441800076 4082.141433059295 8066.003782982392 c
4082.141433059295 8066.003782982392 4348.689639247956 7936.332259511299 c
4431.681706552498 7971.246380416872 4348.689639247957 8203.424178738689 c
4348.689639247957 8203.424178738689 4676.890794702841 8295.024802592321 c
4676.890794702841 8295.024802592321 5002.495137409996 8373.486504948838 c
5002.495137409996 8373.486504948838 4879.872152036285 8219.454896425596 c
4879.872152036285 8219.454896425596 4758.117599265832 8056.990313029607 c
4758.117599265832 8056.990313029607 4957.810921377486 7941.857148939144 c
4957.810921377486 7941.857148939144 5168.082207757434 7822.01876766262 c
5168.082207757434 8015.196153215771 5400.967629832662 8622.886842150217 c
5400.967629832662 8622.886842150217 5992.251060351554 8044.257580502144 c
5992.251060351554 8044.257580502144 5293.541344917147 7746.126509712638 c
5563.8786635736815 7591.972428057836 5679.9554652497045 7675.334198085174 c
5679.9554652497045 7675.334198085174 5786.832253935155 7746.126509712639 c
5786.832253935155 7746.126509712639 5990.827824370858 7449.269642000704 c
5990.827824370858 7449.269642000704 6196.969281457665 7154.298013696682 c
6196.969281457665 7154.298013696682 5983.145311859382 6671.716243153208 c
5983.145311859382 6671.716243153208 5923.85443118301 6448.306575332523 d
5923.85443118301 6448.306575332523 5663.33120399998 5794.955910715629 c
5663.33120399998 5794.955910715629 5750.759633245949 5724.163599088164 d
5750.759633245949 5724.163599088164 5857.636421931399 5794.955910715629 c
5991.275537083154 5918.651938938949 5857.636421931399 5794.955910715629 d
5991.275537083154 5918.651938938949 5923.85443118301 6035.081394149459 c
5923.85443118301 6035.081394149459 6126.993961757109 6323.473716555843 c
6126.993961757109 6323.473716555843 6322.399019885776 6614.048572227127 c
6322.399019885776 6614.048572227127 6350.449973756852 6395.456011089701 c
6350.449973756852 6395.456011089701 6382.75941352602 6191.380536006559 c
6382.75941352602 6191.380536006559 6308.3813527024 6117.025002540366 c
6308.3813527024 6117.025002540366 6231.527328889148 6037.581773198753 c
6231.527328889148 6037.581773198753 6138.988408676198 5922.1718883358 c
6138.988408676198 5922.1718883358 6046.270917355408 5794.955910715629 c
6046.270917355408 5794.955910715629 5991.275537083154 5918.651938938949 c
5857.636421931399 5794.955910715629 6061.631992367103 5498.0990430036945 c
6061.631992367103 5498.0990430036945 6267.773449453909 5203.127414699673 c
6267.773449453909 5203.127414699673 6053.949479855626 4720.545644156198 c
6053.949479855626 4720.545644156198 5900.140160448636 4782.145573216756 c
5900.140160448636 4782.145573216756 5754.6688677236625 4845.321785855173 c
5634.682831569926 4720.545644156198 5754.6688677236625 4845.321785855173 d
5634.682831569926 4720.545644156198 5297.690352067491 4732.22015399176 c
5297.690352067491 4732.22015399176 5283.370181471242 4836.389828245659 c
5283.370181471242 4836.389828245659 5276.055671970376 4951.7906606094275 c
5276.055671970376 4951.7906606094275 5063.182906608337 5097.97386692357 c
5063.182906608337 5097.97386692357 4856.634212743951 5253.107017334063 c
4856.634212743951 5253.107017334063 5000.140643469608 5396.391471813576 c
5000.140643469608 5396.391471813576 5136.921339834753 5536.845461440337 c
5136.921339834753 5536.845461440337 5389.798080366177 5131.351682254912 c
5389.798080366177 5131.351682254912 5634.682831569926 4720.545644156198 c
5754.6688677236625 4845.321785855173 5697.057055053864 5240.826800321238 c
5697.057055053864 5240.826800321238 5634.682831569926 5640.801829060826 c
5634.682831569926 5640.801829060826 5750.759633245949 5724.163599088164 c
5663.33120399998 5794.955910715629 5197.904206207149 6511.5862899085005 c
5197.904206207149 6511.5862899085005 5923.85443118301 6448.306575332523 c
5983.145311859382 6671.716243153208 5829.335992452392 6733.316172213766 c
5829.335992452392 6733.316172213766 5683.864699727418 6796.492384852183 c
5563.8786635736815 6959.783273893659 4954.095478778003 6671.716243153208 c
4853.876221124147 6671.716243153208 4462.218740085784 6692.0957084266 c
4462.218740085784 6692.0957084266 4367.03781044108 6561.582403191059 d
4367.03781044108 6561.582403191059 4373.735353613028 6314.203361987878 c
4373.735353613028 6314.203361987878 4369.117962091051 6064.641190026705 c
4373.735353613029 6064.025554218762 4369.117962091051 6064.641190026705 d
4373.735353613029 6064.025554218762 4606.620775688257 6671.716243153208 c
4606.620775688257 6671.716243153208 5197.9042062071485 6093.086981505136 c
5197.9042062071485 6093.086981505136 4499.194490772742 5794.955910715629 c
4499.194490772742 5794.955910715629 4373.735353613029 6064.025554218762 c
4369.117962091051 6064.641190026705 4029.9499200206637 5794.955910715629 c
4029.9499200206637 5794.955910715629 3323.5647442964237 5844.336027107262 c
3323.5647442964237 5844.336027107262 3257.068682881604 5924.2167373159 c
3257.068682881604 5924.2167373159 3189.740741271361 6013.017667476798 c
3189.740741271361 6013.017667476798 3314.506995720566 6138.767845435887 c
3314.506995720566 6138.767845435887 3436.5647038013103 6267.688460166466 c
3436.5647038013103 6267.688460166466 3896.8290617081357 6419.514249530589 c
3896.8290617081357 6419.514249530589 4367.03781044108 6561.582403191059 c
4462.218740085784 6692.0957084266 4078.659019701411 6711.355446016051 c
4066.628267426354 6753.494215343129 3845.402375562031 6714.684324449062 c
3845.402375562031 6714.684324449062 3633.8131334839277 6671.716243153208 c
3633.8131334839277 6671.716243153208 3587.4295581757588 6889.483720553618 c
3551.135549811333 6959.783273893659 2941.3523650156544 6671.716243153208 c
2929.321612740597 6753.494215343129 2708.0957208762743 6714.684324449062 c
2708.0957208762743 6714.684324449062 2496.506478798171 6671.716243153208 c
2306.760743003927 6614.048572227127 2334.811696875003 6395.456011089701 c
2334.811696875003 6395.456011089701 2367.1211366441703 6191.380536006559 c
2367.1211366441703 6259.516813426309 2544.7408226905745 6350.923461638726 c
2544.7408226905745 6350.923461638726 2710.06973803566 6440.629589024711 c
2710.06973803566 6440.629589024711 2744.6569264386094 6242.529862759975 c
2778.4309389577656 6259.516813426309 2956.05062500417 6350.923461638726 c
2956.05062500417 6350.923461638726 3121.3795403492554 6440.629589024711 c
3121.3795403492554 6440.629589024711 3155.9667287522047 6242.529862759975 c
3155.9667287522047 6242.529862759975 3189.740741271361 6033.107475520646 c
3189.740741271361 6033.107475520646 3032.902348145974 5794.955910715629 c
3043.537256254771 5794.955910715629 3247.532826690474 5498.0990430036945 c
3247.532826690474 5498.0990430036945 3453.674283777281 5203.127414699673 c
3453.674283777281 5203.127414699673 3676.8518610540705 5175.6540027526125 d
3676.8518610540705 5175.6540027526125 3738.865636660055 5061.72108297408 c
3738.865636660055 5061.72108297408 3807.4162703382262 4945.392770287219 c
3807.4162703382262 4945.392770287219 3946.782444549922 5102.7097956241105 c
3946.782444549922 5102.7097956241105 4091.9103101918063 5251.820858862123 c
4091.9103101918063 5251.820858862123 4203.892472416845 5316.2709505739085 c
4203.892472416845 5316.2709505739085 4329.110742853873 5379.2650025839785 c
4329.110742853873 5379.2650025839785 4237.515012091282 5259.588569940243 c
4329.110742853873 5162.747576243635 4237.515012091282 5259.588569940243 d
4329.110742853873 5162.747576243635 4590.086006555291 5040.422917425952 c
4590.086006555291 5040.422917425952 4856.634212743951 4910.751393954858 c
4856.634212743951 4910.751393954858 4856.476790794673 4863.219956884007 c
4856.476790794673 4863.219956884007 4844.603460468894 4802.32361634612 c
4844.603460468894 4802.32361634612 4623.377568604571 4763.513725452052 c
4623.377568604571 4763.513725452052 4411.788326526468 4720.545644156198 c
4411.788326526468 4720.545644156198 4365.404751218299 4938.313121556608 c
4365.404751218299 4938.313121556608 4329.110742853873 5162.747576243635 c
4237.515012091282 5259.588569940243 4154.352552895985 5131.586748674 c
4154.352552895985 5131.586748674 4195.084993076141 4929.223571694861 c
4195.084993076141 4929.223571694861 4228.891485200017 4720.545644156198 c
4228.891485200017 4720.545644156198 3837.2340041616535 4740.9251094295905 c
3837.2340041616535 4740.9251094295905 3453.674283777281 4760.184847019042 c
3468.7904899063697 4538.891834065434 3453.674283777281 4760.184847019042 d
3468.7904899063697 4538.891834065434 3854.7312899517283 4131.85234245907 c
3937.723357256269 4068.9051824228527 3854.7312899517283 4131.85234245907 d
3937.723357256269 4068.9051824228527 3854.7312899517283 4301.082980744671 c
3854.7312899517283 4301.082980744671 4182.932445406613 4392.683604598301 c
4182.932445406613 4392.683604598301 4508.536788113767 4471.145306954819 c
4674.123858461206 4560.415690911491 4508.536788113767 4471.145306954819 d
4674.123858461206 4560.415690911491 5400.074083437066 4497.135976335513 c
5400.074083437066 4497.135976335513 5139.550856254036 3843.7853117186196 c
5139.550856254036 3843.7853117186196 4674.123858461206 4560.415690911491 c
4508.536788113767 4471.145306954819 4385.913802740057 4317.113698431576 c
4385.913802740057 4317.113698431576 4264.1592499696035 4154.649115035588 c
4264.1592499696035 4154.649115035588 4463.852572081257 4039.5159509451255 c
4463.852572081257 4039.5159509451255 4674.123858461206 3919.6775696686004 c
4674.123858461206 3919.6775696686004 4005.9334742129604 3843.7853117186196 c
4005.9334742129604 3843.7853117186196 3937.723357256269 4068.9051824228527 c
3854.7312899517283 4131.85234245907 3244.9481051560497 3843.7853117186196 c
3244.9481051560497 3843.7853117186196 3468.7904899063697 4538.891834065434 c
3453.674283777281 4760.184847019042 3676.8518610540705 5175.6540027526125 c
3453.674283777281 5203.127414699673 3239.8503141789984 4720.545644156198 c
3244.9481051560497 4502.5046701464 3153.3523743934593 4382.828237502665 c
3153.3523743934593 4382.828237502665 3070.189915198162 4254.826416236421 c
3070.189915198162 4254.826416236421 3110.922355378317 4052.4632392572826 c
3110.922355378317 4052.4632392572826 3144.728847502194 3843.7853117186196 c
3144.728847502194 3843.7853117186196 2753.0713664638306 3864.164776992012 c
2753.0713664638306 3864.164776992012 2369.511646079458 3883.424514581463 c
2369.5116460794584 3919.6775696686004 1701.3212618312134 3843.7853117186196 c
1701.3212618312134 3843.7853117186196 1633.111144874522 4068.9051824228527 c
1550.1190775699808 4141.916382508126 851.4093621355744 3843.78531171862 c
1068.6881671386884 3421.117275498052 994.3101063150694 3346.7617420318584 c
994.3101063150694 3346.7617420318584 917.4560825018166 3267.3185126902454 c
917.4560825018166 3267.3185126902454 824.9171622888668 3151.9086278272925 c
824.9171622888668 3151.9086278272925 732.1996709680762 3024.692650207122 c
732.1996709680762 3024.692650207122 677.2042906958224 3148.388678430441 c
677.2042906958224 3148.388678430441 609.7831847956786 3264.818133640951 c
609.7831847956786 3264.818133640951 609.7831847956786 3312.759680947573 d
609.7831847956786 3312.759680947573 0.0 3024.692650207122 c
0.0 3024.692650207122 223.8423847503202 3719.7991725539355 c
223.8423847503202 3719.7991725539355 609.7831847956786 3312.759680947573 c
609.7831847956786 3264.818133640951 812.9227153697782 3553.210456047336 c
812.9227153697782 3553.210456047336 1008.3277734984454 3843.7853117186196 c
1008.3277734984454 3843.7853117186196 1036.3787273695211 3625.192750581194 c
1068.6881671386882 3557.254023384987 1212.1945978643462 3700.5384778645 c
1212.1945978643462 3700.5384778645 1348.9752942294901 3840.9924674912613 c
1348.9752942294901 3840.9924674912613 1601.852034760914 3435.498688305836 c
1601.852034760914 3435.498688305836 1846.736785964663 3024.692650207122 c
1846.7367859646633 3231.436827997923 1988.6330704277443 3417.864417752464 c
1988.6330704277443 3417.864417752464 2224.9877028936858 3581.5116598368586 c
2224.9877028936858 3581.5116598368586 2673.242366728264 3188.6565165732754 c
2815.138651191345 3417.864417752464 3051.4932836572866 3581.5116598368586 c
3051.4932836572866 3581.5116598368586 3499.747947491865 3188.6565165732754 c
3499.747947491865 3024.692650207122 3499.747947491865 3188.6565165732754 d
3499.747947491865 3024.692650207122 3689.4783327836712 3445.8973051827547 c
3689.4783327836712 3445.8973051827547 4282.582712074053 3771.3650085037034 c
4282.582712074053 3771.3650085037034 4157.763338198788 3076.1901209006255 c
4157.763338198788 3076.1901209006255 3499.747947491865 3024.692650207122 c
3499.747947491865 3188.6565165732754 3262.721256980098 3024.692650207122 c
3262.721256980098 3024.692650207122 2673.242366728264 3231.436827997923 c
2643.901803872126 3024.692650207122 2847.8973743078286 2727.8357824951877 c
3054.0388313946355 2666.912762840563 2847.8973743078286 2727.8357824951877 d
3054.0388313946355 2666.912762840563 3779.9890563704957 2603.6330482645844 c
3779.9890563704957 2603.6330482645844 3519.4658291874666 1950.2823836476914 c
3519.4658291874666 1950.2823836476914 3054.0388313946355 2666.912762840563 c
2847.8973743078286 2727.8357824951877 3054.0388313946355 2432.8641541911657 c
3054.0388313946355 2432.8641541911657 2840.214861796353 1950.2823836476914 c
2840.214861796353 1950.2823836476914 2906.8753291881767 1950.2823836476914 d
2906.8753291881767 1950.2823836476914 3110.8708996238797 1653.4255159357572 c
3110.8708996238797 1653.4255159357572 3317.0123567106866 1358.453887631735 c
3317.012356710686 1408.4334902661253 3317.0123567106866 1358.453887631735 d
3317.012356710686 1408.4334902661253 3460.518787436344 1551.7179447456383 c
3460.518787436344 1551.7179447456383 3597.299483801488 1692.1719343724 c
3597.299483801488 1692.1719343724 3850.176224332912 1286.6781551869744 c
3850.176224332912 1286.6781551869744 4095.0609755366613 875.8721170882608 c
4095.0609755366613 875.8721170882608 3758.068496034227 887.5466269238224 c
3758.068496034227 887.5466269238224 3743.748325437978 991.7163011777218 c
3743.748325437978 991.7163011777218 3736.433815937112 1107.1171335414904 c
3736.433815937112 1107.1171335414904 3523.5610505750724 1253.3003398556327 c
3523.5610505750724 1253.3003398556327 3317.012356710686 1408.4334902661253 c
3317.0123567106866 1358.453887631735 3103.188387112404 875.8721170882607 c
3179.961383010351 816.2998172841393 3103.188387112404 875.8721170882607 d
3179.961383010351 816.2998172841393 3432.838123541775 410.80603809871366 c
3432.838123541775 410.80603809871366 3677.7228747455238 218.06175676116857 d
3677.7228747455238 218.06175676116857 3802.489129194729 343.81193472025734 c
3802.489129194729 343.81193472025734 3924.546837275473 472.73254945083715 c
3924.546837275473 472.73254945083715 4384.811195182298 624.55833881496 c
4384.811195182298 624.55833881496 4855.019943915243 766.6264924754297 c
4855.019943915243 766.6264924754297 4704.659466457084 875.8721170882608 d
4704.659466457084 875.8721170882608 4491.968853873181 1437.4051322817081 c
4491.968853873181 1437.4051322817081 4095.060975536661 1843.3060448079868 c
4095.060975536661 1843.3060448079868 4163.548776754868 1970.6618489210834 d
4163.548776754868 1970.6618489210834 3779.9890563704957 1989.9215865105346 c
3779.9890563704957 1989.9215865105346 4003.1666336472854 2405.3907422441052 c
4003.1666336472854 2405.3907422441052 4065.1804092532698 2291.4578224655725 c
4065.1804092532698 2291.4578224655725 4133.731042931441 2175.1295097787115 c
4133.731042931441 2175.1295097787115 4273.097217143137 2332.4465351156036 c
4273.097217143137 2332.4465351156036 4418.225082785021 2481.5575983536155 c
4418.225082785021 2481.5575983536155 4530.2072450100595 2546.007690065401 c
4530.2072450100595 2546.007690065401 4655.4255154470875 2609.001742075471 c
4655.4255154470875 2609.001742075471 4563.829784684497 2489.325309431736 c
4563.829784684497 2489.325309431736 4655.425515447087 2392.484315735128 d
4655.425515447087 2392.484315735128 4916.400779148505 2270.159656917445 c
4916.400779148505 2270.159656917445 5182.948985337165 2140.488133446351 c
5182.948985337166 2219.352027150824 5182.948985337165 2140.488133446351 d
5182.948985337166 2219.352027150824 5415.834407412394 2827.04271608527 c
5415.834407412394 2827.04271608527 5534.101693136951 3024.692650207122 d
5534.101693136951 3024.692650207122 4827.716517412711 3074.072766598755 c
4827.716517412711 3074.072766598755 4761.220455997892 3153.9534768073927 c
4761.220455997892 3153.9534768073927 4693.892514387649 3242.7544069682904 c
4693.892514387649 3242.7544069682904 4693.892514387649 3262.844215012139 d
4693.892514387649 3262.844215012139 4537.054121262262 3024.692650207122 c
4537.054121262262 3024.692650207122 4381.217621489049 3171.7473818691183 c
4381.217621489049 3171.7473818691183 4330.41920525493 3329.299622003438 c
4330.41920525493 3329.299622003438 4282.582712074053 3489.2535529178026 c
4282.582712074053 3489.2535529178026 4460.2023981204575 3580.6602011302193 c
4460.2023981204575 3580.6602011302193 4625.531313465543 3670.3663285162042 c
4625.531313465543 3670.3663285162042 4660.118501868493 3472.266602251468 c
4660.118501868493 3472.266602251468 4693.892514387649 3262.844215012139 c
4693.892514387649 3242.7544069682904 4818.658768836854 3368.5045849273793 c
4818.658768836854 3368.5045849273793 4940.716476917598 3497.425199657959 c
4940.716476917598 3497.425199657959 5400.980834824423 3649.250989022082 c
5400.980834824423 3649.250989022082 5871.189583557368 3791.3191426825515 c
5989.5529736889 3843.785311718619 5871.189583557368 3791.3191426825515 d
5989.5529736889 3843.785311718619 5400.074083437066 4050.5294895094203 c
5400.074083437066 4050.5294895094203 5541.970367900148 4236.9570792639615 c
5541.970367900148 4236.9570792639615 5778.325000366089 4400.604321348355 c
5778.325000366089 4400.604321348355 6226.579664200667 4007.749178084773 c
6226.579664200667 4007.749178084773 5989.5529736889 3843.785311718619 c
5871.189583557368 3791.3191426825515 5877.887126729315 3543.940101479371 c
5877.887126729315 3543.940101479371 5873.269735207338 3294.377929518198 c
5873.269735207338 3294.377929518198 5534.101693136951 3024.692650207122 c
5415.834407412394 2827.04271608527 6007.117837931286 2248.4134544371973 c
6007.117837931286 2248.4134544371973 5308.4081224968795 1950.2823836476914 c
5308.4081224968795 1950.2823836476914 5182.948985337166 2219.352027150824 c
5182.948985337165 2140.488133446351 5182.791563387887 2092.9566963755 c
5182.791563387887 2092.9566963755 5170.918233062108 2032.0603558376126 c
5170.918233062108 2032.0603558376126 4949.692341197785 1993.2504649435457 c
4949.692341197785 1993.2504649435457 4738.103099119682 1950.2823836476916 c
4704.659466457084 1843.3060448079868 4738.103099119682 1950.2823836476916 d
4704.659466457084 1843.3060448079868 5278.6932199891535 1584.3089763877465 c
5278.6932199891535 1584.3089763877465 5314.257957377506 875.8721170882608 c
5314.257957377506 875.8721170882608 5101.567344793603 1437.4051322817081 c
5101.567344793603 1437.4051322817081 4704.659466457084 1843.3060448079868 c
4738.103099119682 1950.2823836476916 4691.719523811513 2168.049861048101 c
4691.719523811513 2168.049861048101 4655.425515447087 2392.484315735128 c
4563.829784684497 2489.325309431736 4480.6673254892 2361.323488165493 c
4480.6673254892 2361.323488165493 4521.3997656693555 2158.960311186354 c
4521.3997656693555 2158.960311186354 4555.206257793232 1950.2823836476914 c
4555.206257793232 1950.2823836476914 4163.548776754868 1970.6618489210834 c
4095.060975536661 1843.3060448079868 4669.094729068731 1584.3089763877465 c
4669.094729068731 1584.3089763877465 4704.659466457084 875.8721170882608 c
4855.019943915243 766.6264924754297 4861.71748708719 519.2474512722492 c
4861.71748708719 519.2474512722492 4857.100095565213 269.685279311076 c
4861.717487087191 206.74417779080085 4857.100095565213 269.685279311076 d
4861.717487087191 206.74417779080085 5003.613771550273 393.17176754534205 c
5003.613771550273 393.17176754534205 5239.968404016214 556.8190096297363 c
5239.968404016214 556.8190096297363 5688.223067850792 163.96386636615364 c
5688.223067850792 163.96386636615364 5451.196377339025 0.0 c
5451.196377339025 0.0 4861.717487087191 206.74417779080085 c
4857.100095565213 269.685279311076 4517.9320534948265 0.0 c
4517.9320534948265 0.0 3811.5468777705864 49.38011639163335 c
3811.5468777705864 49.38011639163335 3745.050816355767 129.26082660027055 c
3745.050816355767 129.26082660027055 3677.7228747455238 218.06175676116857 c
3432.838123541775 410.80603809871366 3677.722874745524 0.0 c
3677.722874745524 0.0 3340.73039524309 11.67450983556162 c
3340.73039524309 11.67450983556162 3326.410224646841 115.84418408946101 c
3326.410224646841 115.84418408946101 3319.0957151459747 231.24501645322968 c
3319.0957151459747 231.24501645322968 3106.2229497839353 377.42822276737195 c
3106.2229497839353 377.42822276737195 2899.674255919549 532.5613731778647 c
2899.674255919549 532.5613731778647 3043.180686645207 675.8458276573776 c
3043.180686645207 675.8458276573776 3179.961383010351 816.2998172841393 c
3103.188387112404 875.8721170882607 2949.379067705414 937.4720461488182 c
2949.379067705414 937.4720461488182 2803.90777498044 1000.648258787236 c
2803.90777498044 1000.648258787236 2746.2959623106417 1396.1532732533003 c
2746.2959623106417 1396.1532732533003 2683.921738826703 1796.1283019928883 c
2683.921738826703 1796.1283019928883 2799.9985405027264 1879.4900720202263 c
2799.9985405027264 1879.4900720202263 2906.8753291881767 1950.2823836476914 c
2840.214861796353 1950.2823836476914 2686.405542389363 2011.882312708249 c
2686.405542389363 2011.882312708249 2540.934249664389 2075.0585253466666 c
2540.934249664389 2075.0585253466666 2483.3224369945906 2470.563539812731 c
2388.6387737414843 2550.782484021763 2420.948213510652 2346.707008938621 c
2420.948213510652 2346.707008938621 2346.570152687033 2272.3514754724274 c
2346.570152687033 2272.3514754724274 2269.71612887378 2192.9082461308144 c
2269.71612887378 2192.9082461308144 2177.1772086608303 2077.4983612678616 c
2177.1772086608303 2077.4983612678616 2084.45971734004 1950.2823836476912 c
2181.537090596507 1751.7442341765216 2430.0261224833107 1314.0579455838083 c
2430.0261224833107 1314.0579455838083 2683.921738826703 875.8721170882608 c
2683.921738826703 875.8721170882608 2428.6949549452634 994.072258827863 c
2397.289607689353 875.8721170882608 2645.778639576157 438.18582849554764 c
2645.778639576157 438.18582849554764 2899.674255919549 0.0 c
2899.674255919549 0.0 2644.4474720381095 118.2001417396022 c
2644.4474720381095 118.2001417396022 2397.6215664527076 249.519452606252 c
2397.6215664527076 249.519452606252 2288.8836095399492 418.1075487750777 c
2288.8836095399492 418.1075487750777 2175.4527139600555 591.8450911093182 c
2175.4527139600555 591.8450911093182 2287.9064808412527 727.8412800088167 c
2175.4527139600555 746.6723582965815 2050.63334008479 51.49747069350326 c
2050.63334008479 51.49747069350326 1392.6179493778668 0.0 c
1392.6179493778668 0.0 1582.3483346696728 421.2046549756326 c
1392.617949377867 288.0670307404512 782.8347645821885 0.0 c
658.0153907069226 51.49747069350326 0.0 0.0 c
