Processando arquivo: shapes0_mod_pack.txt

Tempo de Inicio (hh:mm:ss.ms) 2026-04-26 15:02:44.584243
Tempo de Termino (hh:mm:ss.ms) 2026-04-26 15:02:46.167142
Tempo Total (hh:mm:ss.ms) 0:00:01.582899

Função Objetivo: 93.4427561268678

0.0 0.0 1.0276567794663338 0.22311883181366599 d
1.076099035776604 0.0 0.0 4.956374414942049 c
0.0 4.956374414942049 4.08449206689258 8.684461972563268 c
4.08449206689258 8.684461972563268 6.604432781348589 0.8272791851140173 c
7.680531817125193 0.0 6.604432781348589 0.8272791851140173 d
7.680531817125193 0.0 6.604432781348589 4.956374414942049 c
6.604432781348589 4.956374414942049 10.688924848241168 8.684461972563268 c
10.688924848241168 8.684461972563268 13.208865562697177 0.8272791851140173 c
13.208865562697177 2.7534715911951544 13.208865562697177 0.8272791851140173 d
13.208865562697177 2.7534715911951544 15.766473801940327 4.638276479021334 c
15.766473801940327 4.638276479021334 15.290477166513348 5.457188862080909 c
15.290477166513348 5.457188862080909 16.84791696491627 5.435235656821933 c
16.84791696491627 5.435235656821933 18.514066475387573 6.663088575420133 c
18.514066475387573 6.663088575420133 20.722113077049475 14.287668532442027 c
20.722113077049475 14.287668532442027 23.69960174470728 4.253729132203439 c
23.69960174470728 4.253729132203439 23.69960174470728 6.551529582252606 d
23.69960174470728 6.551529582252606 27.96831495505126 15.361086159385994 c
27.32965222173375 15.644220622083061 27.96831495505126 15.361086159385994 d
27.32965222173375 15.644220622083061 25.652044380674532 16.82256429019483 c
25.652044380674536 15.361086159385994 25.652044380674532 16.82256429019483 d
25.652044380674536 15.361086159385994 12.16834402306932 15.644220622083061 c
12.16834402306932 15.644220622083061 10.490736182010103 16.82256429019483 c
10.490736182010101 19.614815291589434 10.490736182010103 16.82256429019483 d
10.490736182010101 19.614815291589434 6.018340064266564 19.960467677543413 c
6.018340064266564 19.960467677543413 5.253628038022571 15.361086159385994 c
5.253628038022571 15.361086159385994 2.7421340916080497 19.681901349294034 c
2.7421340916080497 19.681901349294034 0.0 18.11455775058115 c
0.0 18.11455775058115 2.5576082392431494 19.999362638407327 c
2.5576082392431494 19.999362638407327 2.0816116038161696 20.818275021466903 c
2.0816116038161696 20.818275021466903 3.6390514022190916 20.79632181620793 c
3.6390514022190916 20.79632181620793 5.305200912690394 22.024174734806127 c
5.305200912690394 22.024174734806127 7.513247514352297 29.64875469182802 c
7.513247514352297 29.64875469182802 5.253628038022571 30.72217231877199 d
5.253628038022571 30.72217231877199 2.7421340916080497 35.04298750868003 c
2.7421340916080497 35.04298750868003 0.0 33.47564390996715 c
0.0 33.47564390996715 2.5576082392431494 35.360448797793325 c
2.5576082392431494 35.360448797793325 2.0816116038161696 36.1793611808529 c
2.0816116038161696 36.1793611808529 3.6390514022190916 36.15740797559392 c
3.6390514022190916 36.15740797559392 5.305200912690394 37.38526089419212 c
5.305200912690394 37.38526089419212 7.513247514352297 45.009840851214015 c
7.513247514352297 45.009840851214015 8.021603381274629 46.08325847815799 d
8.021603381274629 46.08325847815799 6.807839334908513 48.068363353779205 c
6.807839334908513 48.068363353779205 0.0 52.63478806041059 c
0.0 52.63478806041059 4.2687132103439795 61.44434463754398 c
5.253628038022571 61.44434463754398 4.2687132103439795 61.44434463754398 d
5.253628038022571 61.44434463754398 2.7421340916080497 65.76515982745201 c
2.7421340916080497 65.76515982745201 0.0 64.19781622873913 c
0.0 64.19781622873913 2.5576082392431494 66.0826211165653 c
2.5576082392431494 66.0826211165653 2.0816116038161696 66.90153349962489 c
2.0816116038161696 66.90153349962489 3.6390514022190916 66.87958029436591 c
3.6390514022190916 66.87958029436591 5.305200912690394 68.10743321296411 c
5.305200912690394 68.10743321296411 7.513247514352297 75.732013169986 c
7.513247514352297 75.732013169986 8.021603381274629 76.80543079692998 d
8.021603381274629 76.80543079692998 6.807839334908513 78.7905356725512 c
6.807839334908513 78.7905356725512 0.0 83.35696037918258 c
0.0 83.35696037918258 4.2687132103439795 92.16651695631597 c
5.253628038022571 92.16651695631596 4.2687132103439795 92.16651695631597 d
5.253628038022571 92.16651695631596 2.7421340916080497 96.48733214622399 c
2.7421340916080497 96.48733214622399 0.0 94.91998854751111 c
0.0 94.91998854751111 2.5576082392431494 96.80479343533729 c
2.5576082392431494 96.80479343533729 2.0816116038161696 97.62370581839687 c
2.0816116038161696 97.62370581839687 3.6390514022190916 97.60175261313789 c
3.6390514022190916 97.60175261313789 5.305200912690394 98.82960553173609 c
5.305200912690394 98.82960553173609 7.513247514352297 106.45418548875799 c
7.513247514352297 106.45418548875799 10.490736182010101 96.4202460885194 c
10.490736182010101 96.4202460885194 10.490736182010101 98.71804653856857 d
10.490736182010101 98.71804653856857 14.759449392354082 107.52760311570196 c
14.759449392354082 107.52760311570196 17.325034481498804 102.27851476473613 c
17.325034481498804 102.27851476473613 23.439376812917317 100.5177197646605 c
23.439376812917317 100.5177197646605 23.09680059479519 93.05636321863867 c
23.09680059479519 93.05636321863867 23.439376812917317 94.91998854751111 d
23.439376812917317 94.91998854751111 25.99698505216047 96.80479343533729 c
25.99698505216047 96.80479343533729 25.520988416733488 97.62370581839687 c
25.520988416733488 97.62370581839687 27.07842821513641 97.60175261313789 c
27.07842821513641 97.60175261313789 28.744577725607712 98.82960553173609 c
28.744577725607712 98.82960553173609 30.952624327269614 106.45418548875799 c
30.952624327269614 106.45418548875799 33.93011299492742 96.4202460885194 c
33.93011299492742 97.122891371258 33.93011299492742 96.4202460885194 d
33.93011299492742 97.122891371258 38.01460506182 100.85097892887923 c
38.01460506182 100.85097892887923 40.534545776276005 92.99379614142998 c
40.534545776276005 92.99379614142998 35.00621203070402 92.16651695631596 c
35.00621203070402 92.16651695631596 33.93011299492742 97.122891371258 c
33.93011299492742 96.4202460885194 29.45771687718388 96.76589847447337 c
29.45771687718388 96.76589847447337 28.693004850939886 92.16651695631596 c
28.693004850939886 92.16651695631596 26.181510904525368 96.48733214622399 c
26.181510904525368 96.48733214622399 23.439376812917317 94.91998854751111 c
23.09680059479519 93.05636321863867 18.51233956328473 92.16651695631597 c
18.51233956328473 92.16651695631597 17.298575516918614 94.15162183193719 c
17.298575516918614 94.15162183193719 10.490736182010101 98.71804653856857 c
10.490736182010101 96.4202460885194 6.018340064266564 96.76589847447337 c
6.018340064266564 96.76589847447337 5.253628038022571 92.16651695631596 c
4.2687132103439795 92.16651695631597 6.834298299488701 86.91742860535014 c
6.834298299488701 86.91742860535014 12.948640630907217 85.15663360527451 c
12.948640630907217 85.15663360527451 12.606064412785088 77.69527705925267 c
12.948640630907217 79.55890238812512 12.606064412785088 77.69527705925267 d
12.948640630907217 79.55890238812512 15.506248870150367 81.4437072759513 c
15.506248870150367 81.4437072759513 15.030252234723388 82.26261965901088 c
15.030252234723388 82.26261965901088 16.58769203312631 82.2406664537519 c
16.58769203312631 82.2406664537519 18.25384154359761 83.4685193723501 c
18.25384154359761 83.4685193723501 20.461888145259515 91.093099329372 c
20.461888145259515 91.093099329372 23.439376812917317 81.05915992913341 c
23.439376812917317 81.05915992913341 23.439376812917317 81.76180521187202 d
23.439376812917317 81.76180521187202 27.523868879809896 85.48989276949324 c
27.523868879809896 85.48989276949324 30.043809594265902 77.63270998204399 c
30.043809594265902 77.63270998204399 30.043809594265905 79.55890238812512 d
30.043809594265905 79.55890238812512 32.60141783350905 81.4437072759513 c
32.60141783350905 81.4437072759513 32.12542119808207 82.26261965901088 c
32.12542119808207 82.26261965901088 33.682860996485 82.2406664537519 c
33.682860996485 82.2406664537519 35.3490105069563 83.4685193723501 c
35.3490105069563 83.4685193723501 37.5570571086182 91.093099329372 c
37.5570571086182 91.093099329372 40.534545776276005 81.05915992913341 c
40.534545776276005 81.76180521187202 40.534545776276005 81.05915992913341 d
40.534545776276005 81.76180521187202 44.619037843168584 85.48989276949324 c
44.619037843168584 85.48989276949324 47.13897855762459 77.63270998204399 c
47.13897855762459 77.63270998204399 41.610644812052605 76.80543079692997 c
41.610644812052605 76.80543079692997 40.534545776276005 81.76180521187202 c
40.534545776276005 81.05915992913341 36.06214965853247 81.40481231508738 c
36.06214965853247 81.40481231508738 35.29743763228848 76.80543079692997 c
35.29743763228848 76.80543079692997 32.78594368587395 81.126245986838 c
32.78594368587395 81.126245986838 30.043809594265905 79.55890238812512 c
30.043809594265902 77.63270998204399 24.515475848693917 76.80543079692997 c
24.515475848693917 76.80543079692997 23.439376812917317 81.76180521187202 c
23.439376812917317 81.05915992913341 18.96698069517378 81.40481231508738 c
18.96698069517378 81.40481231508738 18.20226866892979 76.80543079692997 c
18.20226866892979 76.80543079692997 15.690774722515268 81.126245986838 c
15.690774722515268 81.126245986838 12.948640630907217 79.55890238812512 c
12.606064412785088 77.69527705925267 8.021603381274629 76.80543079692998 c
7.513247514352297 75.732013169986 10.490736182010101 65.69807376974742 c
10.490736182010101 65.69807376974742 6.018340064266564 66.04372615570139 c
6.018340064266564 66.04372615570139 5.253628038022571 61.44434463754398 c
4.2687132103439795 61.44434463754398 6.834298299488701 56.19525628657816 c
6.834298299488701 56.19525628657816 12.948640630907217 54.43446128650251 c
12.948640630907217 54.43446128650251 12.948640630907217 52.63478806041059 d
12.948640630907217 52.63478806041059 17.217353841251196 61.44434463754398 c
17.217353841251196 61.44434463754398 18.51233956328473 61.444344637543985 d
18.51233956328473 61.444344637543985 17.298575516918614 63.4294495131652 c
17.298575516918614 63.4294495131652 10.490736182010101 67.99587421979659 c
10.490736182010101 67.99587421979659 14.759449392354082 76.80543079692998 c
14.759449392354082 76.80543079692998 17.325034481498804 71.55634244596415 c
17.325034481498804 71.55634244596415 23.439376812917317 69.79554744588852 c
23.439376812917317 69.79554744588852 23.09680059479519 62.334190899866684 c
23.439376812917317 62.905822768352806 23.09680059479519 62.334190899866684 d
23.439376812917317 62.905822768352806 34.96967200290841 71.1768104555409 c
34.96967200290841 71.1768104555409 38.600685011581746 61.44434463754398 c
38.600685011581746 61.44434463754398 39.676784047358346 61.44434463754398 d
39.676784047358346 61.44434463754398 38.600685011581746 66.40071905248602 c
39.676784047358346 61.44434463754398 40.65673065416852 61.44434463754398 d
40.65673065416852 61.44434463754398 43.22231574331324 56.19525628657816 c
43.22231574331324 56.19525628657816 49.33665807473176 54.43446128650251 c
49.33665807473176 54.43446128650251 48.994081856609625 46.973104740480686 c
49.33665807473176 48.83673006935314 48.994081856609625 46.973104740480686 d
49.33665807473176 48.83673006935314 51.8942663139749 50.72153495717932 c
51.8942663139749 50.72153495717932 51.41826967854792 51.5404473402389 c
51.41826967854792 51.5404473402389 52.97570947695085 51.51849413497992 c
52.97570947695085 51.51849413497992 54.64185898742215 52.74634705357812 c
54.64185898742215 52.74634705357812 56.84990558908405 60.37092701060001 c
56.84990558908405 60.37092701060001 56.77195301071704 61.44434463754398 d
56.77195301071704 61.44434463754398 55.69585397494044 66.40071905248602 c
55.69585397494044 66.40071905248602 55.695853974940434 65.69807376974742 d
55.695853974940434 65.69807376974742 51.2234578571969 66.04372615570139 c
51.2234578571969 66.04372615570139 50.45874583095291 61.44434463754398 c
50.45874583095291 61.44434463754398 47.94725188453838 65.76515982745201 c
47.94725188453838 65.76515982745201 45.20511779293034 64.19781622873913 c
45.20511779293034 64.19781622873913 47.76272603217348 66.0826211165653 c
47.76272603217348 66.0826211165653 47.2867293967465 66.90153349962489 c
47.2867293967465 66.90153349962489 48.844169195149426 66.87958029436591 c
48.844169195149426 66.87958029436591 50.510318705620726 68.10743321296411 c
50.510318705620726 68.10743321296411 52.71836530728263 75.732013169986 c
52.71836530728263 75.732013169986 55.695853974940434 65.69807376974742 c
55.69585397494044 66.40071905248602 59.78034604183302 70.12880661010725 c
59.78034604183302 70.12880661010725 62.300286756289026 62.27162382265799 c
62.300286756289026 64.19781622873913 62.300286756289026 62.27162382265799 d
62.300286756289026 64.19781622873913 64.85789499553218 66.0826211165653 c
64.85789499553218 66.0826211165653 64.3818983601052 66.90153349962489 c
64.3818983601052 66.90153349962489 65.93933815850812 66.87958029436591 c
65.93933815850812 66.87958029436591 67.60548766897942 68.10743321296411 c
67.60548766897942 68.10743321296411 69.81353427064133 75.732013169986 c
68.10922256980645 76.80543079692998 69.81353427064133 75.732013169986 d
68.10922256980645 76.80543079692998 66.89545852344033 78.7905356725512 c
66.89545852344033 78.7905356725512 60.08761918853182 83.35696037918258 c
60.08761918853182 85.15663360527451 60.08761918853182 83.35696037918258 d
60.08761918853182 85.15663360527451 59.745042970409685 77.69527705925267 c
59.745042970409685 77.69527705925267 55.16058193889923 76.80543079692998 c
55.16058193889923 76.80543079692998 53.94681789253311 78.7905356725512 c
53.94681789253311 78.7905356725512 47.1389785576246 83.35696037918258 c
47.1389785576246 83.35696037918258 51.40769176796858 92.16651695631597 c
51.40769176796858 92.16651695631597 53.9732768571133 86.91742860535014 c
53.9732768571133 86.91742860535014 60.08761918853182 85.15663360527451 c
60.08761918853182 83.35696037918258 64.3563323988758 92.16651695631597 c
64.3563323988758 92.16651695631597 66.92191748802051 86.91742860535014 c
66.92191748802051 86.91742860535014 73.03625981943904 85.15663360527451 c
73.03625981943904 85.15663360527451 72.6936836013169 77.69527705925267 c
72.6936836013169 77.69527705925267 68.10922256980645 76.80543079692998 c
69.81353427064133 75.732013169986 72.79102293829912 65.69807376974742 c
72.79102293829912 65.69807376974742 68.31862682055558 66.04372615570139 c
68.31862682055558 66.04372615570139 67.5539147943116 61.44434463754398 c
67.5539147943116 61.44434463754398 67.34064177109416 60.37092701060001 d
67.34064177109416 60.37092701060001 70.31813043875196 50.336987610361426 c
70.31813043875196 50.336987610361426 65.84573432100842 50.68263999631541 c
65.84573432100842 50.68263999631541 65.08102229476442 46.08325847815799 c
65.08102229476442 46.08325847815799 62.569528348349905 50.404073668066026 c
62.569528348349905 50.404073668066026 59.82739425674186 48.83673006935314 c
59.82739425674186 48.83673006935314 62.385002495985006 50.72153495717932 c
62.385002495985006 50.72153495717932 61.909005860558025 51.5404473402389 c
61.909005860558025 51.5404473402389 63.46644565896095 51.51849413497992 c
63.46644565896095 51.51849413497992 65.13259516943225 52.74634705357812 c
65.13259516943225 52.74634705357812 67.34064177109416 60.37092701060001 c
67.5539147943116 61.44434463754398 65.04242084789708 65.76515982745201 c
65.04242084789708 65.76515982745201 62.300286756289026 64.19781622873913 c
62.300286756289026 62.27162382265799 56.77195301071704 61.44434463754398 c
56.84990558908405 60.37092701060001 59.827394256741854 50.336987610361426 c
59.827394256741854 50.336987610361426 55.35499813899832 50.68263999631541 c
55.35499813899832 50.68263999631541 54.59028611275433 46.08325847815799 c
54.59028611275433 46.08325847815799 53.62035933572579 46.08325847815799 d
53.62035933572579 46.08325847815799 56.185944424870506 40.83417012719216 c
56.185944424870506 40.83417012719216 62.300286756289026 39.07337512711652 c
62.300286756289026 39.07337512711652 61.95771053816689 31.612018581094688 c
62.300286756289026 32.183650449580824 61.95771053816689 31.612018581094688 d
62.300286756289026 32.183650449580824 73.83058194628012 40.45463813676892 c
73.83058194628012 40.45463813676892 77.46159495495345 30.72217231877199 c
77.46159495495345 30.72217231877199 63.97789459734824 31.005306781469056 c
63.97789459734824 31.005306781469056 62.300286756289026 32.183650449580824 c
61.95771053816689 31.612018581094688 57.373249506656435 30.72217231877199 c
57.373249506656435 30.72217231877199 56.15948546029032 32.70727719439321 c
56.15948546029032 32.70727719439321 49.351646125381805 37.273701901024594 c
49.351646125381805 37.273701901024594 53.62035933572579 46.08325847815799 c
54.59028611275433 46.08325847815799 52.0787921663398 50.404073668066026 c
52.0787921663398 50.404073668066026 49.33665807473176 48.83673006935314 c
48.994081856609625 46.973104740480686 44.40962082509917 46.08325847815799 c
44.40962082509917 46.08325847815799 43.19585677873305 48.068363353779205 c
43.19585677873305 48.068363353779205 36.38801744382454 52.63478806041059 c
36.38801744382454 52.63478806041059 40.65673065416852 61.44434463754398 c
38.600685011581746 66.40071905248602 42.685177078474325 70.12880661010725 c
42.685177078474325 70.12880661010725 45.20511779293033 62.27162382265799 c
45.20511779293033 62.27162382265799 39.676784047358346 61.44434463754398 c
38.600685011581746 61.44434463754398 25.116984653976534 61.72747910024104 c
25.116984653976534 61.72747910024104 23.439376812917317 62.905822768352806 c
23.09680059479519 62.334190899866684 18.51233956328473 61.444344637543985 c
17.217353841251196 61.44434463754398 19.782938930395918 56.19525628657816 c
19.782938930395918 56.19525628657816 25.897281261814435 54.43446128650251 c
25.897281261814435 54.43446128650251 25.554705043692305 46.973104740480686 c
25.897281261814435 48.83673006935314 25.554705043692305 46.973104740480686 d
25.897281261814435 48.83673006935314 28.454889501057586 50.72153495717932 c
28.454889501057586 50.72153495717932 27.978892865630606 51.5404473402389 c
27.978892865630606 51.5404473402389 29.536332664033527 51.51849413497992 c
29.536332664033527 51.51849413497992 31.20248217450483 52.74634705357812 c
31.20248217450483 52.74634705357812 33.41052877616673 60.37092701060001 c
33.41052877616673 60.37092701060001 36.38801744382454 50.336987610361426 c
36.38801744382454 50.336987610361426 31.915621326081 50.68263999631541 c
31.915621326081 50.68263999631541 31.150909299837004 46.08325847815799 c
31.150909299837004 46.08325847815799 28.639415353422486 50.404073668066026 c
28.639415353422486 50.404073668066026 25.897281261814435 48.83673006935314 c
25.554705043692305 46.973104740480686 20.970244012181844 46.08325847815799 c
20.970244012181844 46.08325847815799 19.75647996581573 48.068363353779205 c
19.75647996581573 48.068363353779205 12.948640630907217 52.63478806041059 c
12.948640630907217 54.43446128650251 12.606064412785088 46.973104740480686 c
12.606064412785088 46.973104740480686 8.021603381274629 46.08325847815799 c
7.513247514352297 45.009840851214015 10.490736182010101 34.97590145097543 c
10.490736182010101 34.97590145097543 13.23287027361815 35.04298750868003 d
10.490736182010101 33.47564390996715 13.048344421253251 35.360448797793325 c
13.048344421253251 35.360448797793325 12.57234778582627 36.1793611808529 c
12.57234778582627 36.1793611808529 14.129787584229193 36.15740797559392 c
14.129787584229193 36.15740797559392 15.795937094700495 37.38526089419212 c
15.795937094700495 37.38526089419212 18.003983696362397 45.009840851214015 c
18.003983696362397 45.009840851214015 20.981472364020203 34.97590145097543 c
20.981472364020206 35.678546733714036 20.981472364020203 34.97590145097543 d
20.981472364020206 35.678546733714036 25.065964430912786 39.40663429133526 c
25.065964430912786 39.40663429133526 27.58590514536879 31.549451503886004 c
27.58590514536879 31.549451503886004 28.66200418114539 30.72217231877199 d
28.66200418114539 30.72217231877199 27.58590514536879 35.678546733714036 c
27.58590514536879 35.678546733714036 31.67039721226137 39.40663429133526 c
31.67039721226137 39.40663429133526 34.190337926717376 31.549451503886004 c
34.190337926717376 32.183650449580824 34.190337926717376 31.549451503886004 d
34.190337926717376 32.183650449580824 45.72063311670847 40.45463813676892 c
45.72063311670847 40.45463813676892 49.351646125381805 30.72217231877199 c
49.351646125381805 30.72217231877199 35.86794576777659 31.005306781469056 c
35.86794576777659 31.005306781469056 34.190337926717376 32.183650449580824 c
34.190337926717376 31.549451503886004 28.66200418114539 30.72217231877199 c
27.58590514536879 31.549451503886004 22.057571399796807 30.72217231877199 c
22.057571399796807 30.72217231877199 20.981472364020206 35.678546733714036 c
20.981472364020203 34.97590145097543 16.509076246276663 35.32155383692941 c
16.509076246276663 35.32155383692941 15.744364220032672 30.72217231877199 c
15.744364220032672 30.72217231877199 13.23287027361815 35.04298750868003 c
13.23287027361815 35.04298750868003 10.490736182010101 33.47564390996715 c
10.490736182010101 34.97590145097543 6.018340064266564 35.32155383692941 c
6.018340064266564 35.32155383692941 5.253628038022571 30.72217231877199 c
7.513247514352297 29.64875469182802 10.490736182010101 19.614815291589434 c
10.490736182010103 16.82256429019483 22.021031372001197 25.093551977382923 c
22.021031372001197 25.093551977382923 25.652044380674536 15.361086159385994 c
25.652044380674532 16.82256429019483 37.182339570665626 25.093551977382923 c
37.182339570665626 25.093551977382923 40.81335257933897 15.361086159385994 c
40.81335257933897 15.361086159385994 27.32965222173375 15.644220622083061 c
27.96831495505126 15.361086159385994 30.53390004419598 10.111997808420167 c
30.53390004419598 10.111997808420167 36.6482423756145 8.351202808344528 c
36.6482423756145 8.351202808344528 36.30566615749237 0.8898462623226995 c
36.6482423756145 2.7534715911951544 36.30566615749237 0.8898462623226995 d
36.6482423756145 2.7534715911951544 39.205850614857646 4.638276479021334 c
39.205850614857646 4.638276479021334 38.729853979430665 5.457188862080909 c
38.729853979430665 5.457188862080909 40.28729377783359 5.435235656821933 c
40.28729377783359 5.435235656821933 41.95344328830489 6.663088575420133 c
41.95344328830489 6.663088575420133 44.161489889966795 14.287668532442027 c
44.161489889966795 14.287668532442027 47.1389785576246 4.253729132203439 c
47.1389785576246 4.253729132203439 47.138978557624604 6.551529582252606 d
47.138978557624604 6.551529582252606 51.407691767968586 15.361086159385994 c
51.407691767968586 15.361086159385994 53.76199321024619 16.82256429019483 d
53.76199321024619 16.82256429019483 65.29228840023728 25.093551977382923 c
53.76199321024619 16.82256429019483 53.419416992124056 16.250932421708693 d
53.76199321024619 23.712288967730522 53.419416992124056 16.250932421708693 c
53.419416992124056 16.250932421708693 48.8349559606136 15.361086159385994 c
48.8349559606136 15.361086159385994 47.62119191424748 17.346191035007216 c
47.62119191424748 17.346191035007216 40.81335257933897 21.9126157416386 c
40.81335257933897 21.9126157416386 45.08206578968295 30.72217231877199 c
45.08206578968295 30.72217231877199 47.64765087882767 25.47308396780616 c
47.64765087882767 25.47308396780616 53.76199321024619 23.712288967730522 c
65.29228840023728 25.093551977382923 68.92330140891062 15.361086159385994 c
68.92330140891062 15.361086159385994 55.4396010513054 15.644220622083061 c
55.4396010513054 15.644220622083061 53.76199321024619 16.82256429019483 c
51.407691767968586 15.361086159385994 53.973276857113305 10.111997808420167 c
53.973276857113305 10.111997808420167 60.08761918853182 8.351202808344528 c
60.08761918853182 8.351202808344528 59.74504297040969 0.8898462623226995 c
60.08761918853182 1.4614781308088345 59.74504297040969 0.8898462623226995 d
60.08761918853182 1.4614781308088345 71.61791437852291 9.732465817996928 c
71.61791437852291 9.732465817996928 75.24892738719625 0.0 c
75.24892738719625 0.0 61.76522702959103 0.2831344626970669 c
61.76522702959103 0.2831344626970669 60.08761918853182 1.4614781308088345 c
59.74504297040969 0.8898462623226995 55.160581938899234 0.0 c
55.160581938899234 0.0 53.94681789253312 1.9851048756212206 c
53.94681789253312 1.9851048756212206 47.138978557624604 6.551529582252606 c
47.1389785576246 4.253729132203439 42.66658243988106 4.59938151815742 c
42.66658243988106 4.59938151815742 41.90187041363707 0.0 c
41.90187041363707 0.0 39.390376467222545 4.320815189908039 c
39.390376467222545 4.320815189908039 36.6482423756145 2.7534715911951544 c
36.30566615749237 0.8898462623226995 31.72120512598191 0.0 c
31.72120512598191 0.0 30.507441079615795 1.9851048756212206 c
30.507441079615795 1.9851048756212206 23.69960174470728 6.551529582252606 c
23.69960174470728 4.253729132203439 19.22720562696374 4.59938151815742 c
19.22720562696374 4.59938151815742 18.462493600719746 0.0 c
18.462493600719746 0.0 15.950999654305228 4.320815189908039 c
15.950999654305228 4.320815189908039 13.208865562697177 2.7534715911951544 c
13.208865562697177 0.8272791851140173 7.680531817125193 0.0 c
6.604432781348589 0.8272791851140173 1.076099035776604 0.0 c
1.0276567794663338 0.22311883181366599 0.0 0.0 d
