Processando arquivo: shapes0_mod_sep.txt

Tempo de Inicio (hh:mm:ss.ms) 2026-04-26 15:07:25.147362
Tempo de Termino (hh:mm:ss.ms) 2026-04-26 15:07:26.859401
Tempo Total (hh:mm:ss.ms) 0:00:01.712039

Função Objetivo: 94.30194745687048

0.0 0.0 1.0276567794663338 0.22311883181366599 d
1.076099035776604 0.0 0.0 4.956374414942049 c
0.0 4.956374414942049 4.08449206689258 8.684461972563268 c
4.08449206689258 8.684461972563268 6.604432781348589 0.8272791851140173 c
6.604432781348589 0.8272791851140173 14.680531817125194 0.0 d
13.60443278134859 4.956374414942049 17.68892484824117 8.684461972563268 c
17.68892484824117 8.684461972563268 20.208865562697177 0.8272791851140173 c
20.208865562697177 0.8272791851140173 26.208865562697177 2.7534715911951544 d
26.208865562697177 2.7534715911951544 28.76647380194033 4.638276479021334 c
28.76647380194033 4.638276479021334 28.290477166513348 5.457188862080909 c
28.290477166513348 5.457188862080909 29.84791696491627 5.435235656821933 c
29.84791696491627 5.435235656821933 31.514066475387573 6.663088575420133 c
31.514066475387573 6.663088575420133 33.72211307704947 14.287668532442027 c
33.72211307704947 14.287668532442027 36.69960174470728 4.253729132203439 c
44.69960174470728 6.551529582252606 36.69960174470728 4.253729132203439 d
44.69960174470728 6.551529582252606 48.96831495505126 15.361086159385994 c
48.96831495505126 15.361086159385994 39.43937681291732 25.82256429019483 d
54.600685011581746 24.361086159385994 41.11698465397653 24.64422062208306 c
54.600685011581746 24.361086159385994 64.60068501158175 27.114557750581145 d
64.60068501158175 27.114557750581145 67.1582932508249 28.999362638407327 c
67.1582932508249 28.999362638407327 66.68229661539792 29.8182750214669 c
66.68229661539792 29.8182750214669 68.23973641380084 29.796321816207925 c
68.23973641380084 29.796321816207925 69.90588592427214 31.024174734806124 c
69.90588592427214 31.024174734806124 72.11393252593405 38.64875469182802 c
67.34421977860349 44.72217231877199 72.11393252593405 38.64875469182802 d
67.34421977860349 44.72217231877199 66.13045573223738 46.70727719439321 c
66.13045573223738 46.70727719439321 59.322616397328865 51.273701901024594 c
59.322616397328865 51.273701901024594 63.59132960767285 60.08325847815799 c
63.59132960767285 60.08325847815799 50.209652619917684 73.72153495717932 d
52.90567241869711 69.08325847815799 50.39417847228258 73.40407366806602 c
50.39417847228258 73.40407366806602 47.65204438067454 71.83673006935314 c
47.65204438067454 71.83673006935314 50.209652619917684 73.72153495717932 c
50.209652619917684 73.72153495717932 49.7336559844907 74.5404473402389 c
49.7336559844907 74.5404473402389 51.29109578289363 74.51849413497992 c
51.29109578289363 74.51849413497992 52.95724529336493 75.74634705357812 c
52.95724529336493 75.74634705357812 55.16529189502683 83.37092701060001 c
59.71438161092024 96.83240514140886 55.16529189502683 83.37092701060001 d
61.391989451979455 95.65406147329709 59.71438161092024 96.83240514140886 c
59.71438161092024 96.83240514140886 49.37180539279811 96.2607732729227 d
49.71438161092024 103.72212981894454 49.37180539279811 96.2607732729227 c
49.37180539279811 96.2607732729227 44.78734436128765 95.37092701060001 c
44.78734436128765 95.37092701060001 43.573580314921536 97.35603188622123 c
43.573580314921536 97.35603188622123 36.76574098001302 101.92245659285261 c
36.76574098001302 101.92245659285261 31.76574098001302 95.37092701060001 d
31.76574098001302 95.37092701060001 18.282040622407806 95.65406147329709 c
18.282040622407806 95.65406147329709 16.60443278134859 96.83240514140886 c
29.67455571301673 83.37092701060001 16.60443278134859 96.83240514140886 d
29.67455571301673 83.37092701060001 32.65204438067453 73.33698761036143 c
32.65204438067453 73.33698761036143 28.179648262930996 73.6826399963154 c
28.179648262930996 73.6826399963154 27.414936236687005 69.08325847815799 c
27.414936236687005 69.08325847815799 24.903442290272483 73.40407366806602 c
24.903442290272483 73.40407366806602 22.161308198664432 71.83673006935314 c
15.161308198664432 69.08325847815799 22.161308198664432 71.83673006935314 d
15.161308198664432 69.08325847815799 1.677607841059217 69.36639294085505 c
1.677607841059217 69.36639294085505 0.0 70.54473660896682 c
0.0 70.54473660896682 11.530295189991095 78.81572429615491 c
11.530295189991095 78.81572429615491 15.161308198664432 69.08325847815799 c
22.161308198664432 71.83673006935314 24.71891643790758 73.72153495717932 c
24.71891643790758 73.72153495717932 24.242919802480603 74.5404473402389 c
24.242919802480603 74.5404473402389 25.800359600883525 74.51849413497992 c
25.800359600883525 74.51849413497992 27.466509111354824 75.74634705357812 c
27.466509111354824 75.74634705357812 29.67455571301673 83.37092701060001 c
4.08449206689258 104.05538898316328 16.60443278134859 96.83240514140886 d
6.604432781348589 96.19820619571404 1.076099035776604 95.37092701060001 c
1.076099035776604 95.37092701060001 0.0 100.32730142554206 c
0.0 100.32730142554206 4.08449206689258 104.05538898316328 c
4.08449206689258 104.05538898316328 6.604432781348589 96.19820619571404 c
16.60443278134859 96.83240514140886 28.134727971339686 105.10339282859695 c
28.134727971339686 105.10339282859695 31.76574098001302 95.37092701060001 c
36.76574098001302 101.92245659285261 41.034454190357 110.732013169986 c
38.55470504369231 124.6218594323087 41.034454190357 110.732013169986 d
33.970244012181844 123.732013169986 32.75647996581573 125.71711804560722 c
32.75647996581573 125.71711804560722 25.948640630907217 130.2835427522386 c
25.948640630907217 130.2835427522386 30.217353841251196 139.093099329372 c
30.217353841251196 139.093099329372 27.20226866892979 152.093099329372 d
27.20226866892979 152.093099329372 24.69077472251527 156.41391451928004 c
24.69077472251527 156.41391451928004 21.948640630907217 154.84657092056716 c
21.948640630907217 154.84657092056716 24.506248870150365 156.73137580839332 c
24.506248870150365 156.73137580839332 24.03025223472339 157.5502881914529 c
24.03025223472339 157.5502881914529 25.58769203312631 157.52833498619393 c
25.58769203312631 157.52833498619393 27.25384154359761 158.7561879047921 c
27.25384154359761 158.7561879047921 29.461888145259515 166.380767861814 c
29.461888145259515 166.380767861814 42.11698465397653 174.73731995145505 d
40.43937681291732 175.91566361956683 51.96967200290841 184.18665130675492 c
51.96967200290841 184.18665130675492 40.34879700138126 195.81527164814398 d
40.34879700138126 195.81527164814398 37.83730305496673 200.13608683805202 c
37.83730305496673 200.13608683805202 35.09516896335869 198.56874323933914 c
35.09516896335869 198.56874323933914 37.65277720260183 200.4535481271653 c
37.65277720260183 200.4535481271653 37.17678056717485 201.27246051022487 c
37.17678056717485 201.27246051022487 38.73422036557778 201.2505073049659 c
38.73422036557778 201.2505073049659 40.400369876049076 202.4783602235641 c
40.400369876049076 202.4783602235641 42.60841647771098 210.102940180586 c
42.60841647771098 210.102940180586 42.34879700138126 220.17635780752997 d
42.34879700138126 220.17635780752997 39.83730305496673 224.497172997438 c
39.83730305496673 224.497172997438 37.09516896335869 222.92982939872513 c
37.09516896335869 222.92982939872513 39.65277720260183 224.8146342865513 c
39.65277720260183 224.8146342865513 39.17678056717485 225.63354666961087 c
39.17678056717485 225.63354666961087 40.73422036557778 225.6115934643519 c
40.73422036557778 225.6115934643519 42.400369876049076 226.8394463829501 c
42.400369876049076 226.8394463829501 44.60841647771098 234.46402633997198 c
44.60841647771098 234.46402633997198 47.585905145368784 224.4300869397334 c
54.58590514536879 225.13273222247201 47.585905145368784 224.4300869397334 d
54.58590514536879 225.13273222247201 58.67039721226137 228.8608197800932 c
58.67039721226137 228.8608197800932 61.190337926717376 221.00363699264398 c
61.190337926717376 221.00363699264398 55.66200418114539 220.17635780752994 c
55.66200418114539 220.17635780752994 54.58590514536879 225.13273222247201 c
47.585905145368784 224.4300869397334 43.11350902762525 224.7757393256874 c
43.11350902762525 224.7757393256874 42.34879700138126 220.17635780752997 c
42.60841647771098 210.102940180586 45.585905145368784 200.0690007803474 c
53.58590514536879 202.36680123039656 45.585905145368784 200.0690007803474 d
53.58590514536879 202.36680123039656 57.85461835571277 211.17635780752997 c
57.85461835571277 211.17635780752997 60.42020344485749 205.92726945656415 c
60.42020344485749 205.92726945656415 66.534545776276 204.1664744564885 c
66.534545776276 204.1664744564885 66.19196955815389 196.70511791046667 c
66.19196955815389 196.70511791046667 61.60750852664342 195.81527164814398 c
61.60750852664342 195.81527164814398 60.393744480277306 197.80037652376518 c
60.393744480277306 197.80037652376518 53.58590514536879 202.36680123039656 c
45.585905145368784 200.0690007803474 41.11350902762525 200.4146531663014 c
41.11350902762525 200.4146531663014 40.34879700138126 195.81527164814398 c
51.96967200290841 184.18665130675492 55.600685011581746 174.454185488758 c
54.95262432726961 166.380767861814 55.600685011581746 174.454185488758 d
54.95262432726961 166.380767861814 57.93011299492741 156.34682846157543 c
57.93011299492741 156.34682846157543 53.45771687718388 156.69248084752942 c
53.45771687718388 156.69248084752942 52.693004850939886 152.093099329372 c
61.41052877616673 138.01968170242802 52.693004850939886 152.093099329372 d
61.41052877616673 138.01968170242802 64.38801744382454 127.98574230218944 c
64.38801744382454 127.98574230218944 59.915621326080995 128.33139468814343 c
59.915621326080995 128.33139468814343 59.150909299837004 123.732013169986 c
59.150909299837004 123.732013169986 56.63941535342248 128.05282835989405 c
56.63941535342248 128.05282835989405 53.897281261814435 126.48548476118116 c
53.897281261814435 126.48548476118116 56.45488950105758 128.37028964900733 c
56.45488950105758 128.37028964900733 55.9788928656306 129.1892020320669 c
55.9788928656306 129.1892020320669 57.53633266403352 129.16724882680793 c
57.53633266403352 129.16724882680793 59.20248217450482 130.39510174540612 c
59.20248217450482 130.39510174540612 61.41052877616673 138.01968170242802 c
52.693004850939886 152.093099329372 50.18151090452536 156.41391451928004 c
50.18151090452536 156.41391451928004 47.43937681291732 154.84657092056716 c
47.43937681291732 154.84657092056716 49.99698505216046 156.73137580839332 c
49.99698505216046 156.73137580839332 49.52098841673348 157.5502881914529 c
49.52098841673348 157.5502881914529 51.078428215136405 157.52833498619393 c
51.078428215136405 157.52833498619393 52.744577725607705 158.7561879047921 c
52.744577725607705 158.7561879047921 54.95262432726961 166.380767861814 c
63.676784047358346 174.45418548875796 55.600685011581746 174.454185488758 d
62.600685011581746 179.41055990370003 66.68517707847433 183.13864746132123 c
66.68517707847433 183.13864746132123 69.20511779293034 175.281464673872 c
69.20511779293034 175.281464673872 63.676784047358346 174.45418548875796 c
63.676784047358346 174.45418548875796 62.600685011581746 179.41055990370003 c
55.600685011581746 174.454185488758 42.11698465397653 174.73731995145505 c
42.11698465397653 174.73731995145505 40.43937681291732 175.91566361956683 c
29.461888145259515 166.380767861814 28.09680059479519 175.34403175108068 d
23.51233956328473 174.454185488758 22.298575516918614 176.4392903643792 c
22.298575516918614 176.4392903643792 15.490736182010101 181.00571507101057 c
15.490736182010101 181.00571507101057 10.490736182010101 178.70791462096142 d
10.490736182010101 178.70791462096142 6.018340064266564 179.05356700691542 c
6.018340064266564 179.05356700691542 5.253628038022571 174.454185488758 c
4.2687132103439795 167.454185488758 5.253628038022571 174.454185488758 d
4.2687132103439795 167.454185488758 6.834298299488701 162.20509713779217 c
6.834298299488701 162.20509713779217 12.948640630907217 160.4443021377165 c
12.948640630907217 160.4443021377165 12.606064412785088 152.9829455916947 c
12.606064412785088 152.9829455916947 8.021603381274629 152.093099329372 c
4.2687132103439795 139.093099329372 8.021603381274629 152.093099329372 d
4.2687132103439795 139.093099329372 6.834298299488701 133.84401097840617 c
6.834298299488701 133.84401097840617 12.948640630907217 132.08321597833051 c
12.948640630907217 132.08321597833051 12.606064412785088 124.6218594323087 c
12.606064412785088 124.6218594323087 8.021603381274629 123.732013169986 c
8.021603381274629 123.732013169986 6.807839334908513 125.71711804560722 c
6.807839334908513 125.71711804560722 0.0 130.2835427522386 c
0.0 130.2835427522386 4.2687132103439795 139.093099329372 c
8.021603381274629 152.093099329372 6.807839334908513 154.0782042049932 c
6.807839334908513 154.0782042049932 0.0 158.64462891162458 c
0.0 158.64462891162458 4.2687132103439795 167.454185488758 c
5.253628038022571 174.454185488758 2.7421340916080497 178.77500067866603 c
2.7421340916080497 178.77500067866603 0.0 177.20765707995315 c
0.0 177.20765707995315 2.5576082392431494 179.09246196777931 c
2.5576082392431494 179.09246196777931 2.0816116038161696 179.91137435083888 c
2.0816116038161696 179.91137435083888 3.6390514022190916 179.88942114557992 c
3.6390514022190916 179.88942114557992 5.305200912690394 181.1172740641781 c
5.305200912690394 181.1172740641781 7.513247514352297 188.7418540212 c
7.513247514352297 188.7418540212 5.305200912690394 202.4783602235641 d
5.253628038022571 195.81527164814398 2.7421340916080497 200.13608683805202 c
2.7421340916080497 200.13608683805202 0.0 198.56874323933914 c
0.0 198.56874323933914 2.5576082392431494 200.4535481271653 c
2.5576082392431494 200.4535481271653 2.0816116038161696 201.27246051022487 c
2.0816116038161696 201.27246051022487 3.6390514022190916 201.2505073049659 c
3.6390514022190916 201.2505073049659 5.305200912690394 202.4783602235641 c
5.305200912690394 202.4783602235641 7.513247514352297 210.102940180586 c
7.513247514352297 210.102940180586 5.253628038022571 220.17635780752997 d
5.253628038022571 220.17635780752997 2.7421340916080497 224.497172997438 c
2.7421340916080497 224.497172997438 0.0 222.92982939872513 c
0.0 222.92982939872513 2.5576082392431494 224.8146342865513 c
2.5576082392431494 224.8146342865513 2.0816116038161696 225.63354666961087 c
2.0816116038161696 225.63354666961087 3.6390514022190916 225.6115934643519 c
3.6390514022190916 225.6115934643519 5.305200912690394 226.8394463829501 c
5.305200912690394 226.8394463829501 7.513247514352297 234.46402633997198 c
7.513247514352297 234.46402633997198 8.021603381274629 248.464026339972 d
8.021603381274629 248.464026339972 6.807839334908513 250.4491312155932 c
6.807839334908513 250.4491312155932 0.0 255.0155559222246 c
0.0 255.0155559222246 4.2687132103439795 263.825112499358 c
8.021603381274629 269.825112499358 4.2687132103439795 263.825112499358 d
8.021603381274629 269.825112499358 6.807839334908513 271.81021737497923 c
6.807839334908513 271.81021737497923 0.0 276.3766420816106 c
0.0 276.3766420816106 4.2687132103439795 285.186198658744 c
4.2687132103439795 285.186198658744 6.834298299488701 279.93711030777814 c
6.834298299488701 279.93711030777814 12.948640630907217 278.1763153077025 c
12.948640630907217 278.1763153077025 12.606064412785088 270.7149587616807 c
12.606064412785088 270.7149587616807 25.217353841251196 263.825112499358 d
25.217353841251196 263.825112499358 27.782938930395918 258.57602414839215 c
25.217353841251196 263.825112499358 26.20226866892979 269.825112499358 d
26.20226866892979 269.825112499358 23.69077472251527 274.14592768926605 c
23.69077472251527 274.14592768926605 20.948640630907217 272.57858409055314 c
20.948640630907217 272.57858409055314 23.506248870150365 274.4633889783793 c
23.506248870150365 274.4633889783793 23.03025223472339 275.2823013614389 c
23.03025223472339 275.2823013614389 24.58769203312631 275.26034815617993 c
24.58769203312631 275.26034815617993 26.25384154359761 276.48820107477815 c
26.25384154359761 276.48820107477815 28.461888145259515 284.1127810318 c
28.461888145259515 284.1127810318 31.439376812917317 274.07884163156143 c
38.43937681291732 274.78148691430005 31.439376812917317 274.07884163156143 d
38.43937681291732 274.78148691430005 42.523868879809896 278.50957447192127 c
42.523868879809896 278.50957447192127 45.0438095942659 270.65239168447204 c
45.0438095942659 270.65239168447204 39.51547584869392 269.825112499358 c
39.51547584869392 269.825112499358 38.43937681291732 274.78148691430005 c
31.439376812917317 274.07884163156143 26.96698069517378 274.4244940175154 c
26.96698069517378 274.4244940175154 26.20226866892979 269.825112499358 c
27.782938930395918 258.57602414839215 33.897281261814435 256.8152291483165 c
33.897281261814435 256.8152291483165 33.55470504369231 249.3538726022947 c
33.55470504369231 249.3538726022947 45.897281261814435 251.21749793116717 d
45.897281261814435 251.21749793116717 48.45488950105758 253.10230281899334 c
48.45488950105758 253.10230281899334 47.9788928656306 253.9212152020529 c
47.9788928656306 253.9212152020529 49.53633266403352 253.89926199679394 c
49.53633266403352 253.89926199679394 51.20248217450482 255.12711491539216 c
51.20248217450482 255.12711491539216 53.41052877616673 262.751694872414 c
53.41052877616673 262.751694872414 56.38801744382453 252.71775547217544 c
56.38801744382453 252.71775547217544 51.915621326080995 253.06340785812944 c
51.915621326080995 253.06340785812944 51.150909299837004 248.464026339972 c
51.150909299837004 248.464026339972 48.63941535342248 252.78484152988005 c
48.63941535342248 252.78484152988005 45.897281261814435 251.21749793116717 c
33.55470504369231 249.3538726022947 28.970244012181844 248.464026339972 c
28.970244012181844 248.464026339972 27.75647996581573 250.4491312155932 c
27.75647996581573 250.4491312155932 20.948640630907217 255.0155559222246 c
20.948640630907217 255.0155559222246 25.217353841251196 263.825112499358 c
12.606064412785088 270.7149587616807 8.021603381274629 269.825112499358 c
4.2687132103439795 263.825112499358 6.834298299488701 258.57602414839215 c
6.834298299488701 258.57602414839215 12.948640630907217 256.8152291483165 c
12.948640630907217 256.8152291483165 12.606064412785088 249.3538726022947 c
12.606064412785088 249.3538726022947 8.021603381274629 248.464026339972 c
7.513247514352297 234.46402633997198 10.490736182010101 224.4300869397334 c
15.490736182010101 225.13273222247201 10.490736182010101 224.4300869397334 d
15.490736182010101 225.13273222247201 19.575228248902683 228.8608197800932 c
19.575228248902683 228.8608197800932 22.095168963358688 221.00363699264398 c
22.095168963358688 221.00363699264398 16.566835217786704 220.17635780752994 c
16.566835217786704 220.17635780752994 15.490736182010101 225.13273222247201 c
10.490736182010101 224.4300869397334 6.018340064266564 224.7757393256874 c
6.018340064266564 224.7757393256874 5.253628038022571 220.17635780752997 c
7.513247514352297 210.102940180586 10.490736182010101 200.0690007803474 c
10.490736182010101 200.0690007803474 6.018340064266564 200.4146531663014 c
6.018340064266564 200.4146531663014 5.253628038022571 195.81527164814398 c
7.513247514352297 188.7418540212 10.490736182010101 178.70791462096142 c
15.490736182010101 181.00571507101057 19.75944939235408 189.81527164814398 c
18.566835217786704 195.81527164814395 19.75944939235408 189.81527164814398 d
18.566835217786704 195.81527164814395 17.490736182010103 200.77164606308602 c
17.490736182010103 200.77164606308602 21.575228248902683 204.49973362070722 c
21.575228248902683 204.49973362070722 24.095168963358688 196.64255083325799 c
24.095168963358688 196.64255083325799 18.566835217786704 195.81527164814395 c
19.75944939235408 189.81527164814398 22.325034481498804 184.56618329717816 c
22.325034481498804 184.56618329717816 28.439376812917317 182.8053882971025 c
28.439376812917317 182.8053882971025 28.09680059479519 175.34403175108068 c
28.09680059479519 175.34403175108068 23.51233956328473 174.454185488758 c
29.461888145259515 166.380767861814 32.43937681291732 156.34682846157543 c
32.43937681291732 156.34682846157543 27.96698069517378 156.69248084752942 c
27.96698069517378 156.69248084752942 27.20226866892979 152.093099329372 c
30.217353841251196 139.093099329372 32.782938930395915 133.84401097840617 c
32.782938930395915 133.84401097840617 38.897281261814435 132.08321597833051 c
38.897281261814435 132.08321597833051 38.55470504369231 124.6218594323087 c
38.55470504369231 124.6218594323087 33.970244012181844 123.732013169986 c
41.034454190357 110.732013169986 43.60003927950172 105.48292481902017 c
43.60003927950172 105.48292481902017 49.71438161092024 103.72212981894454 c
59.71438161092024 96.83240514140886 71.24467680091134 105.10339282859695 c
71.24467680091134 105.10339282859695 74.87568980958467 95.37092701060001 c
74.87568980958467 95.37092701060001 61.391989451979455 95.65406147329709 c
55.16529189502683 83.37092701060001 68.14278056268464 74.03963289310003 d
68.14278056268464 74.03963289310003 72.22727262957721 77.76772045072126 c
72.22727262957721 77.76772045072126 74.74721334403323 69.91053766327201 c
74.74721334403323 69.91053766327201 69.21887959846124 69.08325847815799 c
69.21887959846124 69.08325847815799 68.14278056268464 74.03963289310003 c
55.16529189502683 83.37092701060001 58.142780562684635 73.33698761036143 c
58.142780562684635 73.33698761036143 53.6703844449411 73.6826399963154 c
53.6703844449411 73.6826399963154 52.90567241869711 69.08325847815799 c
63.59132960767285 60.08325847815799 66.15691469681757 54.83417012719216 c
66.15691469681757 54.83417012719216 72.27125702823608 53.07337512711652 c
72.27125702823608 53.07337512711652 71.92868081011395 45.61201858109469 c
71.92868081011395 45.61201858109469 67.34421977860349 44.72217231877199 c
72.11393252593405 38.64875469182802 75.09142119359184 28.61481529158943 c
75.09142119359184 28.61481529158943 70.6190250758483 28.960467677543413 c
70.6190250758483 28.960467677543413 69.85431304960431 24.36108615938599 c
69.85431304960431 24.36108615938599 67.3428191031898 28.68190134929403 c
67.3428191031898 28.68190134929403 64.60068501158175 27.114557750581145 c
41.11698465397653 24.64422062208306 39.43937681291732 25.82256429019483 c
39.43937681291732 25.82256429019483 50.96967200290841 34.09355197738292 c
44.32261639732886 44.72217231877199 50.96967200290841 34.09355197738292 d
44.32261639732886 44.72217231877199 30.838916039723646 45.00530678146905 c
30.838916039723646 45.00530678146905 29.16130819866443 46.183650449580824 c
29.16130819866443 46.183650449580824 20.75944939235408 39.72217231877199 d
20.75944939235408 39.72217231877199 23.325034481498804 34.47308396780616 c
20.75944939235408 39.72217231877199 15.161308198664432 44.72217231877199 d
15.161308198664432 44.72217231877199 1.677607841059217 45.00530678146905 c
1.677607841059217 45.00530678146905 0.0 46.183650449580824 c
0.0 46.183650449580824 11.530295189991095 54.454638136768914 c
11.530295189991095 54.454638136768914 15.161308198664432 44.72217231877199 c
23.325034481498804 34.47308396780616 29.43937681291732 32.71228896773052 c
29.43937681291732 32.71228896773052 29.09680059479519 25.250932421708693 c
29.09680059479519 25.250932421708693 24.512339563284733 24.361086159385994 c
24.512339563284733 24.361086159385994 23.298575516918618 26.346191035007216 c
23.298575516918618 26.346191035007216 16.490736182010103 30.9126157416386 c
10.490736182010101 28.61481529158943 16.490736182010103 30.9126157416386 d
10.490736182010101 28.61481529158943 6.018340064266564 28.960467677543413 c
6.018340064266564 28.960467677543413 5.253628038022571 24.36108615938599 c
5.253628038022571 24.36108615938599 2.7421340916080497 28.68190134929403 c
2.7421340916080497 28.68190134929403 0.0 27.114557750581145 c
0.0 27.114557750581145 2.5576082392431494 28.999362638407327 c
2.5576082392431494 28.999362638407327 2.0816116038161696 29.8182750214669 c
2.0816116038161696 29.8182750214669 3.6390514022190916 29.796321816207925 c
3.6390514022190916 29.796321816207925 5.305200912690394 31.024174734806124 c
5.305200912690394 31.024174734806124 7.513247514352297 38.64875469182802 c
7.513247514352297 38.64875469182802 10.490736182010101 28.61481529158943 c
16.490736182010103 30.9126157416386 20.75944939235408 39.72217231877199 c
29.16130819866443 46.183650449580824 40.69160338865552 54.454638136768914 c
40.69160338865552 54.454638136768914 44.32261639732886 44.72217231877199 c
50.96967200290841 34.09355197738292 54.600685011581746 24.361086159385994 c
48.96831495505126 15.361086159385994 51.53390004419598 10.111997808420167 c
51.53390004419598 10.111997808420167 57.6482423756145 8.351202808344528 c
57.6482423756145 8.351202808344528 57.30566615749237 0.8898462623226995 c
57.30566615749237 0.8898462623226995 52.72120512598191 0.0 c
52.72120512598191 0.0 51.507441079615795 1.9851048756212206 c
51.507441079615795 1.9851048756212206 44.69960174470728 6.551529582252606 c
36.69960174470728 4.253729132203439 32.22720562696374 4.59938151815742 c
32.22720562696374 4.59938151815742 31.462493600719746 0.0 c
31.462493600719746 0.0 28.950999654305228 4.320815189908039 c
28.950999654305228 4.320815189908039 26.208865562697177 2.7534715911951544 c
20.208865562697177 0.8272791851140173 14.680531817125194 0.0 c
14.680531817125194 0.0 13.60443278134859 4.956374414942049 c
6.604432781348589 0.8272791851140173 1.076099035776604 0.0 c
1.0276567794663338 0.22311883181366599 0.0 0.0 d
