Processando arquivo: shapes1_mod_pack.txt

Tempo de Inicio (hh:mm:ss.ms) 2026-04-26 15:02:46.559815
Tempo de Termino (hh:mm:ss.ms) 2026-04-26 15:02:48.986692
Tempo Total (hh:mm:ss.ms) 0:00:02.426877

Função Objetivo: 72.08327424640619

0.0 0.0 3.8177689343606396 2.7645821167863813 d
5.066985374048116 1.039467971406859 0.0 8.036756724177653 c
0.0 8.036756724177653 4.152166288589772 8.127091988762981 c
4.152166288589772 8.127091988762981 5.6167302858492505 8.036756724177653 d
5.6167302858492505 8.036756724177653 9.768896574439022 8.127091988762981 c
11.233460571698497 8.036756724177653 9.768896574439022 8.127091988762981 d
11.233460571698497 8.036756724177653 15.38562686028827 8.127091988762981 c
15.38562686028827 8.127091988762981 17.473417079778162 5.481295281155593 d
16.850190857547744 6.071303933327774 18.005003069884605 6.076929920837916 c
18.005003069884605 6.076929920837916 20.395700849554792 8.75567322311729 c
20.395700849554792 8.75567322311729 20.000035418598486 10.55814890295862 c
20.000035418598486 10.55814890295862 21.955473139087488 10.636204570654897 c
21.955473139087488 10.636204570654897 21.08815783227776 8.467783429076217 c
21.08815783227776 8.467783429076217 23.181903078038406 7.513347781810763 c
23.181903078038406 7.513347781810763 24.680520574424037 8.171277843732739 c
24.680520574424037 8.171277843732739 23.388332337705343 10.693400348506056 c
22.910542525847795 10.819278211517538 23.388332337705343 10.693400348506056 d
22.910542525847795 10.819278211517538 22.36079761404666 11.858746182924397 c
22.36079761404666 11.858746182924397 17.293812239998545 18.85603493569519 c
17.293812239998545 18.85603493569519 21.445978528588316 18.94637020028052 c
21.445978528588316 18.94637020028052 20.81058474011007 21.638556423035073 d
20.81058474011007 21.638556423035073 12.1636786201108 25.438032662010272 c
12.1636786201108 25.438032662010272 13.532664828260188 31.193721330078212 c
13.532664828260188 31.193721330078212 12.163678620110801 33.5279600320128 d
12.163678620110801 33.5279600320128 7.6137729103649 32.45783463455261 c
12.163678620110803 35.077449522543176 12.163678620110801 33.5279600320128 d
12.163678620110803 35.077449522543176 21.499017593643487 37.99330511352392 c
21.499017593643487 37.99330511352392 24.327357240221602 33.5279600320128 c
24.327357240221602 33.5279600320128 19.7774515304757 32.45783463455261 c
19.7774515304757 32.45783463455261 19.361605236523225 32.96107282880145 c
19.361605236523225 32.96107282880145 12.163678620110803 35.077449522543176 c
7.6137729103649 32.45783463455261 7.1979266164124205 32.96107282880145 c
7.1979266164124205 32.96107282880145 0.0 35.077449522543176 c
0.0 35.077449522543176 9.335338973532684 37.99330511352392 c
9.335338973532684 37.99330511352392 12.163678620110801 33.5279600320128 c
13.532664828260188 31.193721330078212 20.81058474011007 21.638556423035073 c
21.445978528588316 18.94637020028052 22.910542525847795 10.819278211517538 c
23.388332337705343 10.693400348506056 26.541803812255846 10.819278211517538 c
26.541803812255846 10.819278211517538 25.271397929078365 8.92014899666342 c
25.271397929078365 8.92014899666342 27.171256131317303 8.806144666341034 c
28.457577414061035 8.036756724177653 27.171256131317303 8.806144666341034 d
28.457577414061035 8.036756724177653 32.6097437026508 8.127091988762981 c
32.6097437026508 8.127091988762981 34.6975339221407 5.481295281155593 d
34.07430769991028 6.071303933327774 35.22911991224714 6.076929920837916 c
35.22911991224714 6.076929920837916 37.619817691917326 8.75567322311729 c
37.619817691917326 8.75567322311729 37.22415226096102 10.55814890295862 c
37.17417893169631 10.819278211517538 37.22415226096102 10.55814890295862 d
37.17417893169631 10.819278211517538 36.624434019895176 11.858746182924397 c
36.624434019895176 11.858746182924397 31.55744864584706 18.85603493569519 c
31.55744864584706 18.85603493569519 35.70961493443683 18.94637020028052 c
35.70961493443683 18.94637020028052 37.17417893169631 10.819278211517538 c
37.22415226096102 10.55814890295862 39.17958998145002 10.636204570654897 c
39.17958998145002 10.636204570654897 38.31227467464029 8.467783429076217 c
38.31227467464029 8.467783429076217 40.406019920400944 7.513347781810763 c
40.406019920400944 7.513347781810763 41.90463741678657 8.171277843732739 c
41.90463741678657 8.171277843732739 40.61244918006788 10.693400348506056 c
40.61244918006788 10.693400348506056 43.765920654618384 10.819278211517538 c
43.765920654618384 10.819278211517538 43.587298129948906 10.819278211517538 d
43.587298129948906 10.819278211517538 38.4157885741184 15.715149524202785 c
38.4157885741184 15.715149524202785 37.343140443837484 15.791576261838998 c
37.343140443837484 15.791576261838998 37.79740515392673 16.30057349267313 c
37.79740515392673 16.30057349267313 37.17417893169631 16.89058214484531 c
37.17417893169631 16.89058214484531 38.328991144033175 16.896208132355454 c
38.328991144033175 16.896208132355454 40.71968892370336 19.574951434634826 c
40.71968892370336 19.574951434634826 40.32402349274705 21.37742711447616 c
38.590993646070125 22.70868182049526 40.32402349274705 21.37742711447616 d
38.590993646070125 22.70868182049526 34.041087936324224 21.638556423035077 c
34.041087936324224 21.638556423035077 33.62524164237175 22.14179461728391 c
33.62524164237175 22.14179461728391 26.427315025959324 24.25817131102564 c
26.427315025959324 24.25817131102564 25.87757011415819 22.678024394441934 d
25.87757011415819 22.678024394441934 20.810584740110073 29.67531314721273 c
20.810584740110073 29.67531314721273 24.962751028699845 29.765648411798058 c
24.962751028699845 29.765648411798058 26.427315025959324 21.638556423035077 c
24.279528733997175 20.374443118560677 26.427315025959324 21.638556423035077 d
24.279528733997175 20.374443118560677 31.557448645847057 10.819278211517538 c
31.557448645847057 10.819278211517538 22.910542525847788 14.618754450492737 c
22.910542525847788 14.618754450492737 24.279528733997175 20.374443118560677 c
26.427315025959324 21.638556423035077 25.87757011415819 22.678024394441934 c
26.427315025959324 24.25817131102564 35.76265399949201 27.174026902006382 c
35.76265399949201 27.174026902006382 38.590993646070125 22.70868182049526 c
40.32402349274705 21.37742711447616 42.279461213236054 21.455482782172435 c
42.279461213236054 21.455482782172435 41.412145906426325 19.287061640593755 c
41.412145906426325 19.287061640593755 43.505891152186976 18.3326259933283 c
43.505891152186976 18.3326259933283 45.0045086485726 18.990556055250277 c
45.0045086485726 18.990556055250277 43.71232041185391 21.512678560023595 c
44.207723931919375 21.638556423035077 43.71232041185391 21.512678560023595 d
44.207723931919375 21.638556423035077 43.65797902011824 22.678024394441934 c
43.65797902011824 22.678024394441934 38.590993646070125 29.67531314721273 c
38.590993646070125 29.67531314721273 42.7431599346599 29.765648411798058 c
42.7431599346599 29.765648411798058 44.8309501541498 27.11985170419067 d
44.207723931919375 27.70986035636285 45.36253614425624 27.715486343872993 c
45.36253614425624 27.715486343872993 47.75323392392642 30.394229646152365 c
47.75323392392642 30.394229646152365 47.35756849297012 32.1967053259937 c
47.35756849297012 32.1967053259937 46.204766556435025 32.45783463455261 d
46.204766556435025 32.45783463455261 45.78892026248255 32.96107282880145 c
45.78892026248255 32.96107282880145 38.590993646070125 35.077449522543176 c
38.59099364607012 32.45783463455261 38.590993646070125 35.077449522543176 d
38.59099364607012 32.45783463455261 29.944087526070852 36.257310873527814 c
29.944087526070852 36.257310873527814 31.31307373422024 42.012999541595754 c
31.31307373422024 42.012999541595754 29.387795462473342 43.27711284607015 d
29.387795462473342 43.27711284607015 28.838050550672207 44.31658081747701 c
28.479523528811374 40.584926623315596 29.387795462473342 43.27711284607015 d
28.479523528811374 40.584926623315596 29.944087526070852 32.45783463455261 c
29.944087526070852 32.45783463455261 29.394342614269718 33.49730260595947 c
29.394342614269718 33.49730260595947 24.327357240221602 40.49459135873026 c
24.327357240221602 40.49459135873026 28.479523528811374 40.584926623315596 c
28.838050550672207 44.31658081747701 23.77106517662409 51.3138695702478 c
23.77106517662409 51.3138695702478 22.48474389388036 52.083257512411194 d
22.48474389388036 52.083257512411194 23.19721945802346 49.40216972925731 c
23.19721945802346 49.40216972925731 23.771065176624088 49.404965377598316 c
23.771065176624088 49.404965377598316 22.636739909927712 47.38136821350217 c
22.636739909927712 47.38136821350217 22.36283170933845 47.802898277185506 c
22.36283170933845 47.802898277185506 19.38070134874239 45.68714654775935 c
19.38070134874239 45.68714654775935 18.576797818363396 43.27711284607015 c
18.576797818363396 43.27711284607015 13.405288262532896 48.172984158755405 c
13.405288262532896 48.172984158755405 12.332640132251978 48.249410896391616 c
12.332640132251978 48.249410896391616 12.786904842341219 48.75840812722575 c
12.786904842341219 48.75840812722575 12.163678620110801 49.34841677939793 c
9.335338973532684 48.81258332504146 12.163678620110801 49.34841677939793 d
9.335338973532684 48.81258332504146 12.163678620110801 44.34723824353034 c
12.163678620110801 44.34723824353034 7.6137729103649 43.27711284607015 c
7.6137729103649 43.27711284607015 7.1979266164124205 43.78035104031899 c
7.1979266164124205 43.78035104031899 0.0 45.89672773406072 c
0.0 45.89672773406072 9.335338973532684 48.81258332504146 c
12.163678620110801 49.34841677939793 13.318490832447662 49.35404276690807 c
13.318490832447662 49.35404276690807 15.70918861211785 52.032786069187445 c
15.70918861211785 52.032786069187445 15.313523181161543 53.83526174902878 c
15.313523181161543 53.83526174902878 17.268960901650544 53.91331741672506 c
17.268960901650544 53.91331741672506 16.401645594840815 51.744896275146374 c
16.401645594840815 51.744896275146374 18.495390840601463 50.79046062788092 c
18.495390840601463 50.79046062788092 19.994008336987093 51.44839068980289 c
19.994008336987093 51.44839068980289 18.7018201002684 53.97051319457621 c
18.7018201002684 53.97051319457621 18.020505754765882 54.096391057587695 d
18.020505754765882 54.096391057587695 12.848996198935382 58.99226237027295 c
12.848996198935382 58.99226237027295 11.776348068654464 59.06868910790916 c
11.776348068654464 59.06868910790916 12.230612778743705 59.57768633874329 c
12.230612778743705 59.57768633874329 11.607386556513287 60.16769499091547 c
11.607386556513287 60.16769499091547 11.607386556513287 60.22424358911586 d
11.607386556513287 60.22424358911586 10.473061289816911 58.20064642501971 c
10.473061289816911 58.20064642501971 10.19915308922765 58.62217648870305 c
10.19915308922765 58.62217648870305 7.217022728631589 56.50642475927689 c
7.217022728631589 56.50642475927689 6.413119198252595 54.096391057587695 c
6.413119198252595 54.096391057587695 1.2416096424220942 58.99226237027295 c
1.2416096424220942 58.99226237027295 0.1689615121411765 59.06868910790916 c
0.1689615121411765 59.06868910790916 0.6232262222304183 59.57768633874329 c
0.6232262222304183 59.57768633874329 0.0 60.16769499091547 c
0.0 60.16769499091547 1.1548122123368607 60.173320978425615 c
1.1548122123368607 60.173320978425615 3.5455099920070494 62.85206428070499 c
3.5455099920070494 62.85206428070499 3.1498445610507417 64.65453996054632 c
3.1498445610507417 64.65453996054632 5.1052822815397425 64.73259562824259 c
5.1052822815397425 64.73259562824259 4.237966974730014 62.564174486663916 c
4.237966974730014 62.564174486663916 6.331712220490662 61.60973883939846 c
6.331712220490662 61.60973883939846 7.830329716876291 62.267668901320434 c
7.830329716876291 62.267668901320434 6.538141480157597 64.78979140609376 c
7.1979266164124205 65.41890746335407 6.538141480157597 64.78979140609376 d
7.1979266164124205 65.41890746335407 0.0 67.53528415709582 c
0.0 67.53528415709582 9.335338973532684 70.45113974807654 c
9.335338973532684 70.45113974807654 12.163678620110801 65.98579466656543 c
12.163678620110801 65.98579466656543 7.6137729103649 64.91566926910525 c
7.6137729103649 64.91566926910525 7.1979266164124205 65.41890746335407 c
6.538141480157597 64.78979140609376 9.691612954708102 64.91566926910524 c
9.691612954708102 64.91566926910524 8.421207071530619 63.01654005425112 c
8.421207071530619 63.01654005425112 10.321065273769559 62.902535723928736 c
10.321065273769559 62.902535723928736 11.033540837912659 60.22144794077485 c
11.033540837912659 60.22144794077485 11.607386556513287 60.22424358911586 c
11.607386556513287 60.16769499091547 12.762198768850148 60.173320978425615 c
12.762198768850148 60.173320978425615 15.152896548520337 62.85206428070499 c
15.152896548520337 62.85206428070499 14.757231117564029 64.65453996054632 c
14.757231117564029 64.65453996054632 16.71266883805303 64.73259562824259 c
16.71266883805303 64.73259562824259 15.845353531243301 62.564174486663916 c
15.845353531243301 62.564174486663916 17.93909877700395 61.60973883939846 c
17.93909877700395 61.60973883939846 19.43771627338958 62.267668901320434 c
19.43771627338958 62.267668901320434 18.145528036670886 64.78979140609376 c
18.145528036670886 64.78979140609376 21.29899951122139 64.91566926910524 c
20.81058474011007 64.91566926910524 21.29899951122139 64.91566926910524 d
20.81058474011007 64.91566926910524 12.1636786201108 68.71514550808044 c
12.1636786201108 68.71514550808044 13.532664828260188 74.47083417614839 c
13.532664828260188 74.47083417614839 20.81058474011007 64.91566926910524 c
21.29899951122139 64.91566926910524 20.028593628043907 63.01654005425112 c
20.028593628043907 63.01654005425112 21.928451830282846 62.902535723928736 c
23.214773113026574 62.133147781765345 21.928451830282846 62.902535723928736 d
23.214773113026574 62.133147781765345 27.366939401616346 62.22348304635068 c
26.427315025959324 64.91566926910524 27.366939401616346 62.22348304635068 d
26.427315025959324 64.91566926910524 25.87757011415819 65.9551372405121 c
26.427315025959324 68.71514550808044 25.87757011415819 65.9551372405121 d
26.427315025959324 68.71514550808044 27.79630123410871 74.47083417614839 c
27.79630123410871 74.47083417614839 35.07422114595859 64.91566926910524 c
35.07422114595859 64.91566926910524 26.427315025959324 68.71514550808044 c
25.87757011415819 65.9551372405121 20.810584740110073 72.95242599328289 c
20.810584740110073 72.95242599328289 24.962751028699845 73.04276125786822 c
24.962751028699845 73.04276125786822 26.427315025959324 64.91566926910524 c
27.366939401616346 62.22348304635068 28.831503398875824 54.096391057587695 c
28.831503398875824 54.096391057587695 28.28175848707469 55.13585902899455 c
28.28175848707469 55.13585902899455 23.214773113026574 62.133147781765345 c
21.928451830282846 62.902535723928736 22.640927394425944 60.22144794077485 c
22.640927394425944 60.22144794077485 23.214773113026574 60.22424358911586 c
23.214773113026574 60.22424358911586 22.0804478463302 58.20064642501971 c
22.0804478463302 58.20064642501971 21.806539645740937 58.62217648870305 c
21.806539645740937 58.62217648870305 18.824409285144874 56.50642475927689 c
18.824409285144874 56.50642475927689 18.020505754765882 54.096391057587695 c
18.7018201002684 53.97051319457621 21.855291574818903 54.096391057587695 c
21.855291574818903 54.096391057587695 20.58488569164142 52.197261842733575 c
20.58488569164142 52.197261842733575 22.48474389388036 52.083257512411194 c
23.77106517662409 51.3138695702478 27.923231465213863 51.40420483483314 c
27.923231465213863 51.40420483483314 30.011021684703753 48.75840812722575 d
29.387795462473335 49.34841677939793 30.542607674810196 49.35404276690807 c
30.542607674810196 49.35404276690807 32.93330545448038 52.032786069187445 c
32.93330545448038 52.032786069187445 32.53764002352408 53.83526174902878 c
32.53764002352408 53.83526174902878 34.49307774401308 53.91331741672506 c
34.49307774401308 53.91331741672506 33.62576243720335 51.744896275146374 c
33.62576243720335 51.744896275146374 35.719507682964 50.79046062788092 c
35.719507682964 50.79046062788092 37.21812517934963 51.44839068980289 c
37.21812517934963 51.44839068980289 35.92593694263093 53.97051319457621 c
37.4784095188751 54.096391057587695 35.92593694263093 53.97051319457621 d
37.4784095188751 54.096391057587695 28.831503398875824 57.8958672965629 c
28.831503398875824 57.8958672965629 30.20048960702521 63.65155596463084 c
30.20048960702521 63.65155596463084 37.4784095188751 54.096391057587695 c
35.92593694263093 53.97051319457621 39.07940841718144 54.096391057587695 c
39.07940841718144 54.096391057587695 37.80900253400395 52.197261842733575 c
37.80900253400395 52.197261842733575 39.7088607362429 52.083257512411194 c
39.7088607362429 52.083257512411194 40.421336300385995 49.40216972925731 c
40.421336300385995 49.40216972925731 40.995182018986625 49.404965377598316 c
40.995182018986625 49.34841677939793 40.995182018986625 49.404965377598316 d
40.995182018986625 49.34841677939793 42.14999423132349 49.35404276690807 c
42.14999423132349 49.35404276690807 44.54069201099367 52.032786069187445 c
44.54069201099367 52.032786069187445 44.14502658003737 53.83526174902878 c
43.09513980472435 54.096391057587695 44.14502658003737 53.83526174902878 d
43.09513980472435 54.096391057587695 42.54539489292321 55.13585902899455 c
42.54539489292321 55.13585902899455 37.4784095188751 62.133147781765345 c
37.4784095188751 62.133147781765345 41.630575807464865 62.22348304635068 c
41.630575807464865 62.22348304635068 43.09513980472435 54.096391057587695 c
44.14502658003737 53.83526174902878 46.10046430052637 53.91331741672506 c
46.10046430052637 53.91331741672506 45.23314899371664 51.744896275146374 c
45.23314899371664 51.744896275146374 47.32689423947729 50.79046062788092 c
47.32689423947729 50.79046062788092 48.82551173586292 51.44839068980289 c
48.82551173586292 51.44839068980289 47.533323499144224 53.97051319457621 c
47.533323499144224 53.97051319457621 50.68679497369473 54.096391057587695 c
49.50825900297694 54.096391057587695 50.68679497369473 54.096391057587695 d
49.50825900297694 54.096391057587695 44.33674944714644 58.99226237027295 c
44.33674944714644 58.99226237027295 43.26410131686552 59.06868910790916 c
43.26410131686552 59.06868910790916 43.71836602695477 59.57768633874329 c
43.71836602695477 59.57768633874329 43.09513980472435 60.16769499091547 c
43.09513980472435 60.16769499091547 44.24995201706121 60.173320978425615 c
44.24995201706121 60.173320978425615 46.640649796731395 62.85206428070499 c
46.640649796731395 62.85206428070499 46.24498436577509 64.65453996054632 c
46.24498436577509 64.65453996054632 48.20042208626409 64.73259562824259 c
48.20042208626409 64.73259562824259 47.33310677945436 62.564174486663916 c
47.33310677945436 62.564174486663916 49.42685202521501 61.60973883939846 c
49.42685202521501 61.60973883939846 50.92546952160064 62.267668901320434 c
50.92546952160064 62.267668901320434 49.633281284881946 64.78979140609376 c
49.633281284881946 64.78979140609376 52.786752759432446 64.91566926910524 c
52.786752759432446 64.91566926910524 51.516346876254964 63.01654005425112 c
51.516346876254964 63.01654005425112 53.4162050784939 62.902535723928736 c
53.4162050784939 62.902535723928736 54.12868064263701 60.22144794077485 c
54.12868064263701 60.22144794077485 54.70252636123763 60.22424358911586 c
54.70252636123763 60.22424358911586 53.56820109454126 58.20064642501971 c
53.56820109454126 58.20064642501971 53.294292893952 58.62217648870305 c
53.294292893952 58.62217648870305 50.31216253335594 56.50642475927689 c
50.31216253335594 56.50642475927689 49.50825900297694 54.096391057587695 c
50.68679497369473 54.096391057587695 49.41638909051724 52.197261842733575 c
49.41638909051724 52.197261842733575 51.31624729275619 52.083257512411194 c
51.31624729275619 52.083257512411194 52.028722856899286 49.40216972925731 c
52.028722856899286 49.40216972925731 52.602568575499916 49.404965377598316 c
52.602568575499916 49.404965377598316 51.46824330880354 47.38136821350217 c
51.46824330880354 47.38136821350217 51.194335108214275 47.802898277185506 c
51.194335108214275 47.802898277185506 48.212204747618216 45.68714654775935 c
48.212204747618216 45.68714654775935 47.40830121723922 43.27711284607015 c
47.40830121723922 43.27711284607015 42.236791661408716 48.172984158755405 c
42.236791661408716 48.172984158755405 41.164143531127806 48.249410896391616 c
41.164143531127806 48.249410896391616 41.61840824121705 48.75840812722575 c
41.61840824121705 48.75840812722575 40.995182018986625 49.34841677939793 c
40.995182018986625 49.404965377598316 39.860856752290246 47.38136821350217 c
39.860856752290246 47.38136821350217 39.586948551700985 47.802898277185506 c
39.586948551700985 47.802898277185506 36.604818191104926 45.68714654775935 c
36.604818191104926 45.68714654775935 35.80091466072593 43.27711284607015 c
35.80091466072593 43.27711284607015 30.62940510489543 48.172984158755405 c
30.62940510489543 48.172984158755405 29.556756974614512 48.249410896391616 c
29.556756974614512 48.249410896391616 30.011021684703753 48.75840812722575 c
30.011021684703753 48.75840812722575 29.387795462473335 49.34841677939793 c
27.923231465213863 51.40420483483314 29.387795462473342 43.27711284607015 c
31.31307373422024 42.012999541595754 38.59099364607012 32.45783463455261 c
38.590993646070125 35.077449522543176 47.92633261960281 37.99330511352392 c
47.92633261960281 37.99330511352392 50.754672266180926 33.5279600320128 c
50.754672266180926 33.5279600320128 46.204766556435025 32.45783463455261 c
47.35756849297012 32.1967053259937 49.31300621345912 32.27476099368997 c
49.31300621345912 32.27476099368997 48.44569090664939 30.106339852111294 c
48.44569090664939 30.106339852111294 50.53943615241004 29.151904204845838 c
50.53943615241004 29.151904204845838 52.03805364879567 29.809834266767815 c
52.03805364879567 29.809834266767815 50.745865412076974 32.33195677154114 c
50.745865412076974 32.33195677154114 53.89933688662748 32.45783463455261 c
53.89933688662748 32.45783463455261 52.62893100344999 30.558705419698494 c
52.62893100344999 30.558705419698494 54.52878920568894 30.44470108937611 c
54.52878920568894 30.44470108937611 57.16779146443352 32.45783463455261 d
57.16779146443352 32.45783463455261 51.99628190860302 37.35370594723786 c
51.99628190860302 37.35370594723786 50.9236337783221 37.430132684874074 c
50.9236337783221 37.430132684874074 51.37789848841135 37.93912991570821 c
51.37789848841135 37.93912991570821 50.754672266180926 38.52913856788039 c
50.754672266180926 38.52913856788039 51.90948447851779 38.53476455539053 c
51.90948447851779 38.53476455539053 54.300182258187974 41.2135078576699 c
54.300182258187974 41.2135078576699 53.90451682723167 43.01598353751124 c
53.90451682723167 43.01598353751124 55.85995454772067 43.094039205207515 c
55.85995454772067 43.094039205207515 54.99263924091094 40.92561806362883 c
54.99263924091094 40.92561806362883 57.08638448667159 39.971182416363376 c
57.08638448667159 39.971182416363376 58.58500198305722 40.62911247828535 c
58.58500198305722 40.62911247828535 57.292813746338524 43.15123498305867 c
57.292813746338524 43.15123498305867 60.446285220889024 43.27711284607015 c
61.24947469549919 43.27711284607015 60.446285220889024 43.27711284607015 d
61.24947469549919 43.27711284607015 52.602568575499916 47.076589085045356 c
52.602568575499916 47.076589085045356 53.9715547836493 52.832277753113296 c
53.9715547836493 52.832277753113296 61.24947469549919 43.27711284607015 c
60.446285220889024 43.27711284607015 59.17587933771154 41.37798363121603 c
59.17587933771154 41.37798363121603 61.07573753995048 41.26397930089365 c
61.07573753995048 41.26397930089365 61.788213104093586 38.58289151773977 c
61.788213104093586 38.58289151773977 62.36205882269421 38.585687166080774 c
62.36205882269421 38.585687166080774 61.22773355599784 36.56209000198463 c
61.22773355599784 36.56209000198463 60.953825355408576 36.983620065667964 c
60.953825355408576 36.983620065667964 57.971694994812516 34.867868336241806 c
57.971694994812516 34.867868336241806 57.16779146443352 32.45783463455261 c
54.52878920568894 30.44470108937611 55.241264769832036 27.763613306222226 c
55.241264769832036 27.763613306222226 55.815110488432666 27.766408954563236 c
55.815110488432666 27.766408954563236 54.680785221736286 25.742811790467094 c
54.680785221736286 25.742811790467094 54.406877021147025 26.164341854150425 c
54.406877021147025 26.164341854150425 51.424746660550966 24.048590124724264 c
51.424746660550966 24.048590124724264 50.62084313017197 21.638556423035077 c
50.62084313017197 21.638556423035077 45.449333574341466 26.53442773572032 c
45.449333574341466 26.53442773572032 44.376685444060556 26.610854473356536 c
44.376685444060556 26.610854473356536 44.8309501541498 27.11985170419067 c
44.8309501541498 27.11985170419067 44.207723931919375 27.70986035636285 c
42.7431599346599 29.765648411798058 44.207723931919375 21.638556423035077 c
43.71232041185391 21.512678560023595 46.86579188640441 21.638556423035077 c
46.86579188640441 21.638556423035077 45.59538600322693 19.739427208180956 c
45.59538600322693 19.739427208180956 47.495244205465866 19.625422877858572 c
47.495244205465866 19.625422877858572 48.20771976960897 16.94433509470469 c
48.20771976960897 16.94433509470469 48.781565488209594 16.947130743045697 c
48.781565488209594 16.89058214484531 48.781565488209594 16.947130743045697 d
48.781565488209594 16.89058214484531 49.93637770054646 16.896208132355454 c
49.93637770054646 16.896208132355454 52.32707548021664 19.574951434634826 c
52.32707548021664 19.574951434634826 51.931410049260336 21.37742711447616 c
51.931410049260336 21.37742711447616 53.88684776974934 21.455482782172435 c
53.88684776974934 21.455482782172435 53.01953246293961 19.287061640593755 c
53.01953246293961 19.287061640593755 55.11327770870026 18.3326259933283 c
55.11327770870026 18.3326259933283 56.61189520508589 18.990556055250277 c
56.61189520508589 18.990556055250277 55.31970696836719 21.512678560023595 c
55.31970696836719 21.512678560023595 58.4731784429177 21.638556423035077 c
58.4731784429177 21.638556423035077 57.20277255974021 19.739427208180956 c
57.20277255974021 19.739427208180956 59.10263076197916 19.625422877858572 c
59.10263076197916 19.625422877858572 59.815106326122255 16.94433509470469 c
59.815106326122255 16.94433509470469 60.388952044722885 16.947130743045697 c
60.388952044722885 16.947130743045697 59.254626778026505 14.923533578949556 c
59.254626778026505 14.923533578949556 58.980718577437244 15.345063642632887 c
58.980718577437244 15.345063642632887 55.998588216841185 13.229311913206725 c
55.998588216841185 13.229311913206725 55.19468468646219 10.819278211517538 c
55.19468468646219 10.819278211517538 50.023175130631685 15.715149524202785 c
50.023175130631685 15.715149524202785 48.950527000350775 15.791576261838998 c
48.950527000350775 15.791576261838998 49.404791710440016 16.30057349267313 c
49.404791710440016 16.30057349267313 48.781565488209594 16.89058214484531 c
48.781565488209594 16.947130743045697 47.64724022151322 14.923533578949556 c
47.64724022151322 14.923533578949556 47.37333202092396 15.345063642632887 c
47.37333202092396 15.345063642632887 44.3912016603279 13.229311913206725 c
44.3912016603279 13.229311913206725 43.587298129948906 10.819278211517538 c
43.765920654618384 10.819278211517538 42.495514771440895 8.92014899666342 c
42.495514771440895 8.92014899666342 44.39537297367984 8.806144666341034 c
45.68169425642357 8.036756724177653 44.39537297367984 8.806144666341034 d
45.68169425642357 8.036756724177653 49.83386054501334 8.127091988762981 c
51.29842454227281 8.036756724177653 49.83386054501334 8.127091988762981 d
51.29842454227281 8.036756724177653 55.45059083086258 8.127091988762981 c
55.45059083086258 8.127091988762981 56.91515482812206 0.0 c
56.91515482812206 0.0 56.36540991632093 1.039467971406859 c
56.36540991632093 1.039467971406859 51.29842454227281 8.036756724177653 c
49.83386054501334 8.127091988762981 51.29842454227282 0.0 c
51.29842454227282 0.0 50.748679630471685 1.039467971406859 c
50.748679630471685 1.039467971406859 45.68169425642357 8.036756724177653 c
44.39537297367984 8.806144666341034 45.10784853782294 6.125056883187151 c
45.10784853782294 6.125056883187151 45.68169425642357 6.127852531528159 c
45.68169425642357 6.127852531528159 44.54736898972719 4.104255367432017 c
44.54736898972719 4.104255367432017 44.27346078913793 4.52578543111535 c
44.27346078913793 4.52578543111535 41.29133042854187 2.410033701689188 c
41.29133042854187 2.410033701689188 40.48742689816287 0.0 c
40.48742689816287 0.0 35.31591734233237 4.895871312685246 c
35.31591734233237 4.895871312685246 34.24326921205146 4.972298050321459 c
34.24326921205146 4.972298050321459 34.6975339221407 5.481295281155593 c
34.6975339221407 5.481295281155593 34.07430769991028 6.071303933327774 c
32.6097437026508 8.127091988762981 34.074307699910285 0.0 c
34.074307699910285 0.0 33.52456278810915 1.039467971406859 c
33.52456278810915 1.039467971406859 28.457577414061035 8.036756724177653 c
27.171256131317303 8.806144666341034 27.883731695460405 6.125056883187151 c
27.883731695460405 6.125056883187151 28.45757741406103 6.127852531528159 c
28.45757741406103 6.127852531528159 27.323252147364656 4.104255367432017 c
27.323252147364656 4.104255367432017 27.049343946775394 4.52578543111535 c
27.049343946775394 4.52578543111535 24.067213586179335 2.410033701689188 c
24.067213586179335 2.410033701689188 23.26331005580034 0.0 c
23.26331005580034 0.0 18.09180049996984 4.895871312685246 c
18.09180049996984 4.895871312685246 17.01915236968892 4.972298050321459 c
17.01915236968892 4.972298050321459 17.473417079778162 5.481295281155593 c
17.473417079778162 5.481295281155593 16.850190857547744 6.071303933327774 c
15.38562686028827 8.127091988762981 17.29381223999854 10.819278211517538 d
17.29381223999854 10.819278211517538 8.64690611999927 14.618754450492737 c
8.64690611999927 14.618754450492737 10.01589232814866 20.374443118560677 c
7.6137729103649 21.638556423035077 10.01589232814866 20.374443118560677 d
12.163678620110801 22.70868182049526 7.6137729103649 21.638556423035077 c
7.6137729103649 21.638556423035077 7.1979266164124205 22.14179461728391 c
7.1979266164124205 22.14179461728391 0.0 24.25817131102564 c
0.0 24.25817131102564 9.335338973532684 27.174026902006382 c
9.335338973532684 27.174026902006382 12.163678620110801 22.70868182049526 c
10.01589232814866 20.374443118560677 17.29381223999854 10.819278211517538 c
15.38562686028827 8.127091988762981 16.850190857547744 0.0 c
16.850190857547744 0.0 16.300445945746613 1.039467971406859 c
16.300445945746613 1.039467971406859 11.233460571698497 8.036756724177653 c
8.64690611999927 10.819278211517538 9.768896574439022 8.127091988762981 d
8.64690611999927 10.819278211517538 0.0 14.618754450492737 c
0.0 14.618754450492737 1.3689862081493889 20.374443118560677 c
1.3689862081493889 20.374443118560677 8.64690611999927 10.819278211517538 c
9.768896574439022 8.127091988762981 11.2334605716985 0.0 c
11.2334605716985 0.0 10.683715659897366 1.039467971406859 c
10.683715659897366 1.039467971406859 5.6167302858492505 8.036756724177653 c
4.152166288589772 8.127091988762981 5.616730285849249 0.0 c
5.616730285849249 0.0 5.066985374048116 1.039467971406859 c
3.8177689343606396 2.7645821167863813 0.0 0.0 d
