Processando arquivo: shirts_pack.txt

Tempo de Inicio (hh:mm:ss.ms) 2026-04-26 15:01:36.981048
Tempo de Termino (hh:mm:ss.ms) 2026-04-26 15:01:43.949810
Tempo Total (hh:mm:ss.ms) 0:00:06.968762

Função Objetivo: 105.07050000000056

0.0 0.0 1.6 0.8 d
2.0 0.0 9.0 1.0 c
9.0 1.0 9.0 0.0 c
9.0 0.0 13.0 0.0 c
14.0 0.0 13.0 0.0 d
14.0 0.0 25.0 0.0 c
25.0 0.0 26.0 2.0 c
26.0 2.0 27.0 2.0 d
26.0 3.0 27.0 2.0 c
27.0 2.0 28.0 0.0 c
28.0 0.0 35.0 1.0 c
35.0 1.0 35.0 0.0 c
35.0 0.0 38.0 0.0 c
38.0 0.0 42.0 0.0 c
42.0 0.0 42.0 2.0 c
42.0 2.0 43.0 0.0 c
43.0 0.0 51.0 0.0 c
51.0 0.0 51.0 2.0 c
51.0 2.0 49.0 2.0 c
49.0 2.0 47.0 1.0 c
47.0 1.0 46.0 1.0 c
46.0 1.0 45.0 2.0 c
45.0 2.0 42.0 2.0 c
42.0 2.0 41.0 3.0 c
41.0 3.0 38.0 3.0 c
38.0 3.0 38.0 1.0 c
38.0 1.0 38.0 0.0 c
38.0 0.0 38.0 1.0 d
38.0 1.0 35.0 1.0 c
35.0 1.0 35.0 5.0 c
35.0 5.0 28.0 7.0 c
28.0 7.0 29.0 7.0 c
29.0 7.0 33.0 7.0 c
33.0 7.0 36.0 7.0 c
36.0 7.0 40.0 7.0 c
40.0 7.0 44.0 7.0 c
44.0 7.0 44.0 9.0 c
44.0 9.0 45.0 9.0 d
44.0 10.0 45.0 9.0 c
45.0 9.0 46.0 7.0 c
46.0 7.0 53.0 8.0 c
53.0 8.0 53.0 7.0 c
53.0 7.0 52.0 5.0 c
52.0 5.0 52.0 4.0 c
52.0 4.0 51.0 3.0 c
51.0 3.0 52.0 2.0 c
52.0 2.0 53.0 0.0 c
53.0 0.0 60.0 1.0 c
60.0 1.0 60.0 0.0 c
60.0 0.0 64.0 0.0 c
64.0 0.0 64.0 2.0 c
64.0 2.0 63.0 3.0 c
63.0 3.0 60.0 3.0 c
60.0 3.0 60.0 1.0 c
60.0 1.0 60.0 3.0 d
60.0 3.0 60.0 5.0 c
60.0 5.0 53.0 7.0 c
53.0 7.0 57.0 7.0 c
57.0 7.0 61.0 7.0 c
61.0 7.0 69.0 7.0 c
69.0 7.0 68.0 8.0 c
68.0 8.0 62.0 8.0 c
62.0 8.0 61.0 7.0 c
61.0 7.0 61.0 8.0 c
61.0 8.0 57.0 8.0 c
57.0 8.0 57.0 7.0 c
57.0 7.0 57.0 8.0 d
57.0 8.0 53.0 8.0 c
53.0 8.0 53.0 12.0 c
53.0 12.0 46.0 14.0 c
46.0 14.0 45.0 12.0 c
45.0 12.0 45.0 11.0 c
45.0 11.0 44.0 10.0 c
44.0 9.0 43.0 10.0 c
43.0 10.0 40.0 10.0 c
40.0 10.0 40.0 9.0 c
40.0 9.0 40.0 7.0 c
40.0 7.0 40.0 9.0 d
40.0 9.0 39.0 10.0 c
39.0 10.0 36.0 10.0 c
36.0 10.0 36.0 8.0 c
36.0 8.0 36.0 7.0 c
36.0 7.0 36.0 8.0 d
36.0 8.0 33.0 8.0 c
33.0 8.0 33.0 7.0 c
33.0 7.0 33.0 8.0 d
33.0 8.0 33.0 9.0 c
33.0 9.0 32.0 10.0 c
32.0 10.0 29.0 10.0 c
29.0 10.0 29.0 8.0 c
29.0 8.0 29.0 7.0 c
29.0 7.0 29.0 8.0 d
29.0 8.0 25.0 8.0 c
25.0 8.0 25.0 7.0 c
25.0 7.0 28.0 7.0 c
28.0 7.0 27.0 5.0 c
27.0 5.0 27.0 4.0 c
27.0 4.0 26.0 3.0 c
26.0 2.0 25.0 3.0 c
25.0 3.0 25.0 5.0 c
25.0 5.0 24.0 6.0 c
24.0 6.0 20.0 5.0 c
20.0 5.0 17.0 6.0 c
17.0 6.0 14.0 5.0 c
14.0 5.0 13.0 3.0 c
13.0 3.0 14.0 0.0 c
13.0 0.0 13.0 2.0 c
13.0 2.0 12.0 3.0 c
12.0 3.0 9.0 3.0 c
9.0 3.0 9.0 1.0 c
9.0 1.0 9.0 3.0 d
9.0 3.0 9.0 5.0 c
9.0 5.0 2.0 7.0 c
2.0 7.0 12.0 7.0 c
12.0 7.0 13.0 9.0 c
13.0 9.0 13.0 8.0 c
13.0 8.0 16.0 8.0 c
16.0 8.0 16.0 7.0 c
16.0 7.0 18.0 8.0 c
18.0 8.0 21.0 8.0 c
21.0 8.0 24.0 7.0 c
24.0 7.0 25.0 12.0 c
25.0 12.0 24.0 16.0 c
24.0 16.0 25.0 17.0 d
25.0 17.0 28.0 16.0 c
29.0 16.0 28.0 16.0 d
29.0 16.0 37.0 16.0 c
37.0 16.0 40.0 16.0 c
40.0 16.0 40.0 17.0 c
40.0 17.0 41.0 16.0 d
41.0 16.0 49.0 16.0 c
49.0 16.0 53.0 16.0 c
53.0 16.0 56.0 16.0 c
56.0 16.0 56.0 17.0 c
56.0 17.0 57.0 16.0 d
57.0 16.0 65.0 16.0 c
65.0 16.0 68.0 16.0 c
68.0 16.0 68.0 17.0 c
68.0 17.0 65.0 17.0 c
65.0 17.0 65.0 16.0 c
65.0 16.0 65.0 17.0 d
65.0 17.0 65.0 18.0 c
65.0 18.0 63.0 18.0 c
63.0 18.0 61.0 17.0 c
61.0 17.0 60.0 17.0 c
60.0 17.0 59.0 18.0 c
59.0 18.0 56.0 18.0 c
56.0 18.0 57.0 16.0 c
56.0 17.0 53.0 17.0 c
53.0 17.0 53.0 16.0 c
53.0 16.0 53.0 17.0 d
53.0 17.0 49.0 17.0 c
49.0 17.0 49.0 16.0 c
49.0 16.0 49.0 17.0 d
49.0 17.0 49.0 18.0 c
49.0 18.0 47.0 18.0 c
47.0 18.0 45.0 17.0 c
45.0 17.0 44.0 17.0 c
44.0 17.0 43.0 18.0 c
43.0 18.0 40.0 18.0 c
40.0 18.0 41.0 16.0 c
40.0 17.0 37.0 17.0 c
37.0 17.0 37.0 16.0 c
37.0 16.0 36.0 17.0 c
36.0 17.0 30.0 17.0 c
30.0 17.0 29.0 16.0 c
28.0 16.0 29.0 21.0 c
29.0 21.0 28.0 25.0 c
28.0 25.0 37.0 25.0 c
37.0 25.0 38.0 27.0 c
38.0 27.0 38.0 26.0 d
38.0 27.0 38.0 26.0 d
38.0 26.0 41.0 26.0 c
41.0 26.0 41.0 25.0 c
41.0 25.0 43.0 26.0 c
43.0 26.0 46.0 26.0 c
46.0 26.0 49.0 25.0 c
49.0 25.0 50.0 26.0 d
50.0 25.0 53.0 25.0 c
53.0 25.0 56.0 25.0 c
56.0 25.0 60.0 25.0 c
60.0 25.0 60.0 27.0 c
60.0 27.0 59.0 28.0 c
59.0 28.0 56.0 28.0 c
56.0 28.0 56.0 26.0 c
56.0 26.0 56.0 25.0 c
56.0 25.0 56.0 26.0 d
56.0 26.0 53.0 26.0 c
53.0 26.0 53.0 25.0 c
53.0 25.0 53.0 26.0 d
53.0 26.0 50.0 26.0 c
50.0 26.0 50.0 25.0 c
49.0 25.0 50.0 30.0 c
50.0 30.0 49.0 34.0 c
49.0 34.0 53.0 34.0 c
53.0 34.0 57.0 34.0 c
57.0 34.0 58.0 34.0 d
58.0 34.0 66.0 34.0 c
66.0 34.0 70.0 34.0 c
70.0 34.0 70.0 36.0 c
70.0 36.0 69.0 37.0 c
69.0 37.0 66.0 37.0 c
66.0 37.0 66.0 36.0 c
66.0 36.0 66.0 34.0 c
66.0 34.0 66.0 36.0 d
66.0 36.0 64.0 36.0 c
64.0 36.0 62.0 35.0 c
62.0 35.0 61.0 35.0 c
61.0 35.0 60.0 36.0 c
60.0 36.0 57.0 36.0 c
57.0 36.0 58.0 34.0 c
57.0 34.0 57.0 36.0 c
57.0 36.0 56.0 37.0 c
56.0 37.0 53.0 37.0 c
53.0 37.0 53.0 34.0 c
53.0 34.0 52.0 35.0 c
52.0 35.0 46.0 35.0 c
46.0 35.0 45.0 34.0 c
45.0 34.0 49.0 34.0 c
49.0 34.0 45.0 33.0 c
44.0 34.0 45.0 33.0 d
44.0 34.0 45.0 39.0 c
45.0 39.0 44.0 43.0 c
44.0 43.0 45.0 43.0 c
45.0 43.0 48.0 43.0 c
48.0 43.0 52.0 43.0 c
52.0 43.0 52.0 44.0 c
52.0 44.0 53.0 43.0 d
53.0 43.0 61.0 43.0 c
61.0 43.0 64.0 43.0 c
64.0 43.0 64.0 44.0 c
64.0 44.0 61.0 44.0 c
61.0 44.0 61.0 43.0 c
61.0 43.0 61.0 44.0 d
61.0 44.0 61.0 45.0 c
61.0 45.0 59.0 45.0 c
59.0 45.0 57.0 44.0 c
57.0 44.0 56.0 44.0 c
56.0 44.0 55.0 45.0 c
55.0 45.0 52.0 45.0 c
52.0 45.0 53.0 43.0 c
52.0 44.0 48.0 44.0 c
48.0 44.0 48.0 43.0 c
48.0 43.0 48.0 44.0 d
48.0 44.0 45.0 44.0 c
45.0 44.0 45.0 43.0 c
45.0 43.0 45.0 44.0 d
45.0 44.0 41.0 44.0 c
41.0 44.0 41.0 45.0 c
41.0 45.0 39.0 45.0 c
39.0 45.0 37.0 44.0 c
37.0 44.0 36.0 44.0 c
36.0 44.0 35.0 45.0 c
35.0 45.0 32.0 45.0 c
32.0 45.0 33.0 43.0 c
33.0 43.0 41.0 43.0 c
41.0 43.0 41.0 44.0 c
41.0 44.0 41.0 43.0 d
41.0 43.0 44.0 43.0 c
44.0 43.0 40.0 42.0 c
40.0 42.0 33.0 42.0 c
33.0 42.0 33.0 39.0 c
33.0 39.0 32.0 43.0 c
32.0 43.0 28.0 42.0 c
28.0 42.0 28.0 43.0 d
28.0 43.0 32.0 43.0 c
28.0 43.0 28.0 44.0 c
28.0 44.0 25.0 44.0 c
25.0 44.0 21.0 44.0 c
21.0 44.0 18.0 44.0 c
18.0 44.0 18.0 43.0 c
18.0 43.0 17.0 44.0 c
17.0 44.0 11.0 44.0 c
11.0 44.0 10.0 43.0 c
10.0 43.0 10.0 44.0 c
10.0 44.0 7.0 44.0 c
7.0 44.0 3.0 44.0 c
3.0 44.0 0.0 44.0 c
0.0 44.0 0.0 43.0 c
0.0 43.0 3.0 43.0 c
3.0 43.0 3.0 44.0 c
3.0 44.0 3.0 43.0 d
3.0 43.0 7.0 43.0 c
7.0 43.0 7.0 44.0 c
7.0 44.0 7.0 43.0 d
7.0 43.0 10.0 43.0 c
10.0 43.0 18.0 43.0 c
18.0 43.0 21.0 43.0 c
21.0 43.0 21.0 44.0 c
21.0 44.0 21.0 43.0 d
21.0 43.0 25.0 43.0 c
25.0 43.0 25.0 44.0 c
25.0 44.0 25.0 43.0 d
25.0 43.0 28.0 43.0 c
32.0 43.0 32.0 45.0 c
32.0 45.0 31.0 46.0 c
31.0 46.0 38.0 46.0 c
38.0 46.0 42.0 46.0 c
42.0 46.0 45.0 46.0 c
45.0 46.0 45.0 47.0 c
45.0 47.0 46.0 46.0 d
46.0 46.0 54.0 46.0 c
54.0 46.0 54.0 48.0 c
54.0 48.0 55.0 46.0 c
55.0 46.0 63.0 46.0 c
63.0 46.0 63.0 48.0 c
63.0 48.0 61.0 48.0 c
61.0 48.0 59.0 47.0 c
59.0 47.0 58.0 47.0 c
58.0 47.0 57.0 48.0 c
57.0 48.0 54.0 48.0 c
54.0 48.0 52.0 48.0 c
52.0 48.0 50.0 47.0 c
50.0 47.0 49.0 47.0 c
49.0 47.0 48.0 48.0 c
48.0 48.0 45.0 48.0 c
45.0 48.0 46.0 46.0 c
45.0 47.0 42.0 47.0 c
42.0 47.0 42.0 46.0 c
42.0 46.0 42.0 47.0 d
42.0 47.0 42.0 48.0 c
42.0 48.0 41.0 49.0 c
41.0 49.0 38.0 49.0 c
38.0 49.0 38.0 48.0 c
38.0 48.0 38.0 46.0 c
38.0 46.0 38.0 48.0 d
38.0 48.0 36.0 48.0 c
36.0 48.0 34.0 47.0 c
34.0 47.0 33.0 47.0 c
33.0 47.0 32.0 48.0 c
32.0 48.0 29.0 48.0 c
29.0 48.0 30.0 46.0 c
30.0 46.0 31.0 46.0 c
31.0 46.0 30.0 46.0 d
30.0 46.0 29.0 46.0 d
29.0 46.0 28.0 47.0 c
28.0 47.0 22.0 47.0 c
22.0 47.0 21.0 46.0 c
21.0 46.0 20.0 47.0 c
20.0 47.0 14.0 47.0 c
13.0 48.0 14.0 47.0 d
13.0 48.0 12.0 49.0 c
12.0 49.0 12.0 51.0 c
12.0 51.0 11.0 52.0 c
11.0 52.0 17.0 52.0 c
17.0 52.0 21.0 52.0 c
21.0 52.0 24.0 52.0 c
24.0 52.0 24.0 53.0 c
24.0 53.0 25.0 52.0 d
25.0 52.0 33.0 52.0 c
33.0 52.0 37.0 52.0 c
37.0 52.0 37.0 53.0 c
37.0 53.0 38.0 52.0 d
38.0 52.0 49.0 52.0 c
49.0 52.0 50.0 54.0 c
50.0 54.0 50.0 52.0 c
50.0 52.0 54.0 52.0 c
54.0 52.0 54.0 54.0 c
54.0 54.0 55.0 52.0 c
55.0 52.0 63.0 52.0 c
63.0 52.0 63.0 54.0 c
63.0 54.0 61.0 54.0 c
61.0 54.0 59.0 53.0 c
59.0 53.0 58.0 53.0 c
58.0 53.0 57.0 54.0 c
57.0 54.0 54.0 54.0 c
54.0 54.0 53.0 55.0 c
53.0 55.0 50.0 55.0 c
50.0 55.0 50.0 54.0 c
50.0 54.0 49.0 55.0 c
49.0 55.0 49.0 57.0 c
49.0 57.0 48.0 58.0 c
48.0 58.0 49.0 63.0 c
49.0 63.0 48.0 67.0 c
48.0 67.0 55.0 67.0 c
55.0 67.0 59.0 67.0 c
59.0 67.0 59.0 68.0 c
60.0 69.0 59.0 68.0 d
60.0 69.0 61.0 67.0 c
61.0 67.0 68.0 68.0 c
68.0 68.0 68.0 72.0 c
68.0 72.0 61.0 74.0 c
61.0 74.0 60.0 72.0 c
60.0 72.0 60.0 71.0 c
60.0 71.0 59.0 70.0 c
59.0 70.0 60.0 69.0 c
59.0 68.0 55.0 68.0 c
55.0 68.0 55.0 67.0 c
55.0 67.0 54.0 68.0 c
54.0 68.0 48.0 68.0 c
48.0 68.0 47.0 67.0 c
46.0 67.0 47.0 67.0 d
46.0 67.0 47.0 69.0 c
47.0 69.0 46.0 70.0 c
46.0 70.0 46.0 72.0 c
46.0 72.0 45.0 73.0 c
45.0 73.0 41.0 72.0 c
41.0 72.0 38.0 73.0 c
38.0 73.0 35.0 72.0 c
34.0 72.0 35.0 72.0 d
34.0 72.0 33.0 76.0 c
33.0 76.0 37.0 76.0 c
37.0 76.0 36.0 77.0 c
36.0 77.0 30.0 77.0 c
30.0 77.0 29.0 76.0 c
29.0 76.0 28.0 77.0 c
28.0 77.0 22.0 77.0 c
22.0 77.0 21.0 76.0 c
21.0 76.0 21.0 78.0 c
21.0 78.0 19.0 78.0 c
19.0 78.0 17.0 77.0 c
17.0 77.0 16.0 77.0 c
16.0 77.0 15.0 78.0 c
15.0 78.0 12.0 78.0 c
12.0 78.0 13.0 76.0 c
12.0 77.0 13.0 76.0 d
12.0 76.0 12.0 77.0 c
12.0 77.0 8.0 77.0 c
8.0 77.0 8.0 76.0 c
8.0 76.0 7.0 77.0 c
7.0 77.0 1.0 77.0 c
1.0 77.0 0.0 76.0 c
0.0 76.0 8.0 76.0 c
8.0 76.0 12.0 76.0 c
13.0 76.0 21.0 76.0 c
21.0 76.0 29.0 76.0 c
29.0 76.0 33.0 76.0 c
33.0 76.0 29.0 75.0 c
29.0 75.0 22.0 75.0 c
22.0 75.0 22.0 69.0 c
22.0 69.0 22.0 68.0 d
22.0 69.0 21.0 70.0 c
21.0 70.0 21.0 72.0 c
21.0 72.0 20.0 73.0 c
20.0 73.0 16.0 72.0 c
16.0 72.0 13.0 73.0 c
13.0 73.0 10.0 72.0 c
10.0 72.0 9.0 70.0 c
9.0 70.0 9.0 72.0 c
9.0 72.0 2.0 74.0 c
2.0 74.0 1.0 72.0 c
1.0 72.0 1.0 71.0 c
1.0 71.0 0.0 70.0 c
0.0 70.0 1.0 69.0 c
1.0 69.0 2.0 67.0 c
2.0 67.0 9.0 68.0 c
9.0 68.0 9.0 70.0 c
9.0 70.0 10.0 67.0 c
10.0 67.0 19.0 67.0 c
19.0 67.0 15.0 66.0 c
15.0 66.0 8.0 66.0 c
8.0 66.0 8.0 59.0 c
8.0 58.0 8.0 59.0 d
8.0 58.0 7.0 59.0 c
7.0 59.0 1.0 59.0 c
1.0 59.0 0.0 58.0 c
0.0 58.0 8.0 58.0 c
8.0 59.0 11.0 59.0 c
11.0 59.0 11.0 58.0 c
11.0 58.0 13.0 59.0 c
13.0 59.0 16.0 59.0 c
16.0 59.0 19.0 58.0 c
19.0 58.0 20.0 63.0 c
20.0 63.0 19.0 67.0 c
19.0 67.0 21.0 67.0 c
21.0 67.0 22.0 69.0 c
22.0 69.0 22.0 68.0 d
22.0 68.0 25.0 68.0 c
25.0 68.0 25.0 67.0 c
25.0 67.0 27.0 68.0 c
27.0 68.0 30.0 68.0 c
30.0 68.0 33.0 67.0 c
33.0 67.0 34.0 72.0 c
35.0 72.0 34.0 70.0 c
34.0 70.0 35.0 67.0 c
35.0 67.0 46.0 67.0 c
47.0 67.0 48.0 67.0 c
48.0 67.0 44.0 66.0 c
44.0 66.0 37.0 66.0 c
37.0 66.0 37.0 59.0 c
37.0 59.0 40.0 59.0 c
40.0 59.0 40.0 58.0 c
40.0 58.0 42.0 59.0 c
42.0 59.0 45.0 59.0 c
45.0 59.0 48.0 58.0 c
48.0 58.0 49.0 58.0 d
49.0 58.0 53.0 58.0 c
53.0 58.0 57.0 58.0 c
58.0 58.0 57.0 58.0 d
58.0 58.0 66.0 58.0 c
66.0 58.0 66.0 60.0 c
66.0 60.0 64.0 60.0 c
64.0 60.0 62.0 59.0 c
62.0 59.0 61.0 59.0 c
61.0 59.0 60.0 60.0 c
60.0 60.0 57.0 60.0 c
57.0 60.0 58.0 58.0 c
57.0 58.0 57.0 59.0 c
57.0 59.0 53.0 59.0 c
53.0 59.0 53.0 58.0 c
53.0 58.0 53.0 59.0 d
53.0 59.0 53.0 60.0 c
53.0 60.0 52.0 61.0 c
52.0 61.0 49.0 61.0 c
49.0 61.0 49.0 58.0 c
48.0 58.0 44.0 57.0 c
44.0 57.0 41.0 58.0 c
41.0 58.0 38.0 57.0 c
37.0 58.0 38.0 57.0 d
37.0 58.0 36.0 59.0 c
36.0 59.0 30.0 59.0 c
30.0 59.0 29.0 58.0 c
29.0 58.0 29.0 60.0 c
29.0 60.0 27.0 60.0 c
27.0 60.0 25.0 59.0 c
25.0 59.0 24.0 59.0 c
24.0 59.0 23.0 60.0 c
23.0 60.0 20.0 60.0 c
20.0 60.0 21.0 58.0 c
21.0 58.0 29.0 58.0 c
29.0 58.0 37.0 58.0 c
38.0 57.0 37.0 55.0 c
37.0 55.0 38.0 52.0 c
37.0 53.0 33.0 53.0 c
33.0 53.0 33.0 52.0 c
33.0 52.0 33.0 53.0 d
33.0 53.0 33.0 54.0 c
33.0 54.0 31.0 54.0 c
31.0 54.0 29.0 53.0 c
29.0 53.0 28.0 53.0 c
28.0 53.0 27.0 54.0 c
27.0 54.0 24.0 54.0 c
24.0 54.0 25.0 52.0 c
24.0 53.0 21.0 53.0 c
21.0 53.0 21.0 52.0 c
21.0 52.0 21.0 53.0 d
21.0 53.0 21.0 54.0 c
21.0 54.0 20.0 55.0 c
20.0 55.0 17.0 55.0 c
17.0 55.0 17.0 52.0 c
17.0 52.0 16.0 53.0 c
16.0 53.0 10.0 53.0 c
10.0 53.0 9.0 52.0 c
9.0 52.0 11.0 52.0 c
11.0 52.0 7.0 51.0 c
7.0 51.0 4.0 52.0 c
4.0 52.0 9.0 52.0 c
9.0 52.0 9.0 54.0 c
9.0 54.0 7.0 54.0 c
7.0 54.0 5.0 53.0 c
5.0 53.0 4.0 53.0 c
4.0 53.0 3.0 54.0 c
3.0 54.0 0.0 54.0 c
0.0 54.0 1.0 52.0 c
1.0 52.0 4.0 52.0 c
4.0 52.0 1.0 51.0 c
1.0 51.0 0.0 49.0 c
0.0 49.0 1.0 46.0 c
1.0 46.0 12.0 46.0 c
12.0 46.0 13.0 48.0 c
14.0 47.0 13.0 46.0 c
13.0 46.0 21.0 46.0 c
21.0 46.0 28.0 46.0 c
28.0 46.0 29.0 46.0 c
30.0 46.0 29.0 46.0 d
29.0 46.0 28.0 46.0 d
28.0 46.0 28.0 44.0 c
28.0 44.0 28.0 43.0 d
28.0 42.0 21.0 42.0 c
21.0 42.0 21.0 35.0 c
21.0 34.0 21.0 35.0 d
21.0 34.0 20.0 35.0 c
20.0 35.0 14.0 35.0 c
14.0 35.0 13.0 34.0 c
13.0 34.0 12.0 34.0 d
12.0 34.0 13.0 36.0 c
13.0 36.0 12.0 37.0 c
12.0 37.0 12.0 39.0 c
12.0 39.0 11.0 40.0 c
11.0 40.0 7.0 39.0 c
7.0 39.0 4.0 40.0 c
4.0 40.0 1.0 39.0 c
1.0 39.0 0.0 37.0 c
0.0 37.0 1.0 34.0 c
1.0 34.0 12.0 34.0 c
13.0 34.0 21.0 34.0 c
21.0 35.0 24.0 35.0 c
24.0 35.0 24.0 34.0 c
24.0 34.0 26.0 35.0 c
26.0 35.0 29.0 35.0 c
29.0 35.0 32.0 34.0 c
32.0 34.0 33.0 39.0 c
33.0 39.0 33.0 35.0 c
33.0 35.0 36.0 35.0 c
36.0 35.0 36.0 34.0 c
36.0 34.0 38.0 35.0 c
38.0 35.0 41.0 35.0 c
41.0 35.0 44.0 34.0 c
45.0 33.0 38.0 33.0 c
38.0 33.0 38.0 27.0 c
38.0 27.0 37.0 28.0 c
37.0 28.0 37.0 30.0 c
37.0 30.0 36.0 31.0 c
36.0 31.0 32.0 30.0 c
32.0 30.0 29.0 31.0 c
29.0 31.0 26.0 30.0 c
26.0 30.0 25.0 28.0 c
25.0 28.0 26.0 25.0 c
26.0 25.0 28.0 25.0 c
28.0 25.0 24.0 24.0 c
25.0 25.0 24.0 24.0 d
25.0 25.0 25.0 26.0 c
25.0 26.0 21.0 26.0 c
21.0 26.0 21.0 30.0 c
21.0 30.0 14.0 32.0 c
14.0 32.0 13.0 30.0 c
13.0 30.0 13.0 29.0 c
13.0 29.0 12.0 28.0 c
12.0 28.0 13.0 27.0 c
12.0 26.0 13.0 27.0 d
12.0 26.0 8.0 26.0 c
8.0 26.0 8.0 27.0 c
8.0 27.0 7.0 28.0 c
7.0 28.0 4.0 28.0 c
4.0 28.0 4.0 26.0 c
4.0 26.0 0.0 26.0 c
0.0 26.0 0.0 25.0 c
0.0 25.0 4.0 25.0 c
4.0 25.0 4.0 26.0 c
4.0 26.0 4.0 25.0 d
4.0 25.0 8.0 25.0 c
8.0 25.0 8.0 26.0 c
8.0 26.0 8.0 25.0 d
8.0 25.0 12.0 25.0 c
12.0 25.0 12.0 26.0 c
13.0 27.0 14.0 25.0 c
14.0 25.0 21.0 26.0 c
21.0 26.0 21.0 25.0 c
21.0 25.0 25.0 25.0 c
24.0 24.0 17.0 24.0 c
17.0 24.0 17.0 17.0 c
17.0 16.0 17.0 17.0 d
17.0 16.0 16.0 17.0 c
16.0 17.0 10.0 17.0 c
10.0 17.0 9.0 16.0 c
9.0 16.0 9.0 17.0 d
9.0 17.0 9.0 21.0 c
9.0 21.0 2.0 23.0 c
2.0 23.0 1.0 21.0 c
1.0 21.0 1.0 20.0 c
1.0 20.0 0.0 19.0 c
0.0 19.0 1.0 18.0 c
1.0 18.0 2.0 16.0 c
2.0 16.0 9.0 17.0 c
9.0 16.0 17.0 16.0 c
17.0 17.0 20.0 17.0 c
20.0 17.0 20.0 16.0 c
20.0 16.0 22.0 17.0 c
22.0 17.0 25.0 17.0 c
24.0 16.0 20.0 15.0 c
20.0 15.0 13.0 15.0 c
13.0 15.0 13.0 9.0 c
13.0 9.0 12.0 10.0 c
12.0 10.0 12.0 12.0 c
12.0 12.0 11.0 13.0 c
11.0 13.0 7.0 12.0 c
7.0 12.0 4.0 13.0 c
4.0 13.0 1.0 12.0 c
1.0 12.0 0.0 10.0 c
0.0 10.0 1.0 7.0 c
1.0 7.0 2.0 7.0 c
2.0 7.0 1.0 5.0 c
1.0 5.0 1.0 4.0 c
1.0 4.0 0.0 3.0 c
0.0 3.0 1.0 2.0 c
1.0 2.0 2.0 0.0 c
1.6 0.8 0.0 0.0 d
