BRKGA: albano_mod_sep

Execução 1:
Parametros: P=5000, Pe=0.3, Pm=0.1, pe=0.7, Parada=100
Tempo de Inicio (hh:mm:ss.ms) 2026-04-28 11:08:19.984759
gen	min    	max    	avg    	std    
0  	10454.2	11334.2	10878.4	122.571
1  	10346.8	11253.6	10801.3	114.728
4  	10268.1	11214.3	10727.4	134.945
11 	10263.3	11260.4	10656  	155.789
12 	10248.7	11342.9	10649.9	158.612
15 	10243  	11223  	10634.7	163.769
16 	10226.4	11190.9	10627.8	163.15 
17 	10214.4	11271  	10627  	167.383
20 	10204.4	11234.8	10613.9	170.882
24 	10181.3	11281.6	10601  	174.441
33 	10180.9	11182.6	10575.7	184.093
37 	10176.4	11310  	10568.2	188.041
39 	10153.3	11225.7	10559.2	188.45 
47 	10008.6	11219.5	10542.5	191.292
Tempo de Termino (hh:mm:ss.ms) 2026-04-28 11:13:26.649976
Tempo Total (hh:mm:ss.ms) 0:05:06.665217
Individuo: ([73, 78, 206, 69, 162, 67, 99, 110, 170, 68, 6, 17, 167, 43, 46, 88, 238, 49, 108, 11, 93, 106, 30, 158, 216, 218, 147, 130, 225, 159, 233, 211, 19, 45, 25, 186, 215, 231, 148, 169, 196, 192, 242, 244, 173, 64, 61, 48, 86, 104, 118, 141, 123, 101, 3, 117, 71, 8, 22, 15, 4, 26, 122, 237, 85, 95, 155, 59, 102, 209, 80, 76, 21, 54, 143, 140, 164, 214, 222, 163, 55, 0, 37, 58, 1, 20, 134, 127, 187, 116, 92, 84, 185, 33, 96, 44, 36, 24, 62, 38, 247, 179, 160, 189, 113, 199, 239, 172, 29, 138, 168, 70, 77, 137, 157, 5, 41, 126, 112, 121, 111, 124, 52, 13, 232, 217, 132, 220, 146, 205, 171, 200, 151, 175, 57, 51, 81, 243, 161, 197, 193, 56, 153, 191, 230, 129, 40, 115, 226, 94, 223, 228, 142, 136, 195, 35, 120, 90, 188, 208, 103, 2, 47, 98, 125, 79, 240, 224, 183, 201, 31, 74, 156, 50, 234, 82, 241, 149, 150, 131, 152, 213, 221, 236, 177, 181, 154, 9, 66, 63, 166, 207, 34, 184, 180, 83, 89, 128, 204, 174, 219, 133, 119, 42, 202, 190, 182, 91, 60, 245, 65, 14, 39, 32, 139, 210, 114, 246, 229, 144, 105, 75, 227, 212, 198, 87, 28, 107, 109, 145, 165, 27, 23, 135, 72, 97, 203, 235, 176, 178, 16, 53, 194, 12, 100, 10, 7, 18], [1, 0, 0, 1, 1, 1, 0, 0, 1, 0, 0, 1, 1, 0, 0, 0, 0, 0, 1, 1, 1, 1, 1, 0, 1, 0, 0, 0, 1, 0, 0, 1, 1, 1, 1, 0, 0, 1, 0, 1, 0, 0, 1, 0, 1, 1, 1, 1, 1, 1, 0, 1, 1, 1, 0, 1, 1, 1, 1, 0, 0, 1, 1, 0, 1, 1, 1, 1, 0, 0, 1, 0, 1, 1, 1, 1, 0, 1, 0, 0, 0, 1, 1, 0, 1, 0, 1, 1, 0, 0, 1, 0, 1, 0, 1, 1, 0, 0, 1, 1, 1, 0, 1, 0, 1, 0, 0, 0, 1, 1, 1, 1, 0, 0, 0, 0, 1, 1, 1, 1, 0, 0, 1, 1, 1, 0, 0, 1, 0, 1, 0, 0, 1, 1, 1, 1, 0, 1, 0, 0, 1, 1, 1, 0, 1, 0, 0, 1, 1, 0, 0, 1, 1, 0, 1, 0, 0, 0, 0, 1, 0, 1, 0, 0, 1, 1, 1, 0, 0, 0, 0, 1, 1, 1, 1, 0, 0, 1, 1, 0, 1, 0, 0, 1, 1, 1, 1, 0, 0, 1, 1, 1, 0, 1, 1, 0, 0, 1, 0, 0, 1, 0, 1, 1, 1, 0, 1, 0, 0, 1, 1, 1, 0, 0, 1, 0, 1, 0, 1, 1, 0, 0, 0, 0, 0, 0, 1, 1, 0, 0, 1, 0, 1, 1, 1, 0, 1, 0, 0, 1, 1, 1, 0, 1, 0, 0, 1, 0])
Fitness:  10008.612112611541
Gens:  [0, 1, 2, 3, 4, 5, 6, 7, 8, 9, 10, 11, 12, 13, 14, 15, 16, 17, 18, 19, 20, 21, 22, 23, 24, 25, 26, 27, 28, 29, 30, 31, 32, 33, 34, 35, 36, 37, 38, 39, 40, 41, 42, 43, 44, 45, 46, 47, 48, 49, 50, 51, 52, 53, 54, 55, 56]
Inds:  [10454.162963504003, 10346.752036425392, 10346.752036425392, 10346.752036425392, 10268.113723387341, 10268.113723387341, 10268.113723387341, 10268.113723387341, 10268.113723387341, 10268.113723387341, 10268.113723387341, 10263.302738793456, 10248.724955044034, 10248.724955044034, 10248.724955044034, 10242.987294571918, 10226.351397913544, 10214.387451091421, 10214.387451091421, 10214.387451091421, 10204.370771778853, 10204.370771778853, 10204.370771778853, 10204.370771778853, 10181.251773942045, 10181.251773942045, 10181.251773942045, 10181.251773942045, 10181.251773942045, 10181.251773942045, 10181.251773942045, 10181.251773942045, 10181.251773942045, 10180.937815755284, 10180.937815755284, 10180.937815755284, 10180.937815755284, 10176.433209765177, 10176.433209765177, 10153.286071845261, 10153.286071845261, 10153.286071845261, 10153.286071845261, 10153.286071845261, 10153.286071845261, 10153.286071845261, 10153.286071845261, 10008.612112611541, 10008.612112611541, 10008.612112611541, 10008.612112611541, 10008.612112611541, 10008.612112611541, 10008.612112611541, 10008.612112611541, 10008.612112611541, 10008.612112611541]

