BRKGA: art_23_hole_pack

Execução 1:
Parametros: P=5000, Pe=0.3, Pm=0.1, pe=0.7, Parada=100
Tempo de Inicio (hh:mm:ss.ms) 2026-04-28 11:34:21.838268
gen	min    	max   	avg    	std    
0  	430.666	451.27	441.672	2.57613
1  	430.332	449.952	440.122	2.4751 
5  	429.699	449.721	438.162	2.99778
6  	429.48 	449.169	437.873	3.04556
8  	428.223	448.769	437.438	3.19473
11 	427.535	448.327	436.967	3.39982
12 	426.347	449.574	436.887	3.44741
28 	425.868	452.884	435.513	3.94153
Tempo de Termino (hh:mm:ss.ms) 2026-04-28 11:39:36.522523
Tempo Total (hh:mm:ss.ms) 0:05:14.684255
Individuo: ([192, 28, 176, 249, 269, 83, 179, 277, 197, 336, 169, 300, 74, 327, 52, 145, 27, 165, 4, 49, 243, 55, 73, 109, 299, 99, 37, 51, 16, 272, 68, 266, 105, 284, 290, 111, 101, 53, 322, 194, 240, 314, 193, 286, 181, 326, 335, 98, 175, 274, 34, 66, 71, 96, 236, 30, 47, 186, 324, 331, 316, 312, 308, 232, 202, 262, 88, 97, 86, 135, 229, 328, 92, 195, 214, 332, 112, 110, 245, 5, 17, 102, 120, 0, 67, 103, 70, 36, 104, 285, 310, 267, 227, 261, 138, 1, 69, 153, 127, 134, 42, 59, 231, 217, 39, 152, 330, 90, 142, 253, 50, 234, 140, 190, 222, 295, 122, 45, 329, 271, 128, 220, 9, 218, 150, 46, 159, 250, 270, 158, 63, 130, 251, 25, 21, 156, 113, 282, 163, 209, 208, 62, 144, 311, 221, 172, 196, 168, 228, 216, 107, 191, 149, 244, 82, 124, 164, 247, 14, 188, 257, 148, 24, 241, 239, 238, 31, 114, 2, 151, 13, 11, 80, 171, 225, 281, 235, 154, 211, 143, 38, 201, 141, 287, 258, 12, 307, 117, 160, 48, 182, 132, 265, 126, 256, 43, 81, 119, 166, 294, 291, 6, 180, 224, 320, 280, 108, 118, 297, 298, 289, 313, 147, 22, 29, 204, 3, 23, 268, 19, 57, 283, 33, 254, 306, 189, 279, 7, 58, 288, 56, 44, 89, 26, 93, 137, 321, 304, 215, 205, 79, 60, 94, 15, 302, 85, 183, 305, 75, 18, 296, 146, 100, 206, 303, 275, 54, 32, 131, 133, 263, 10, 61, 77, 293, 242, 260, 167, 223, 41, 273, 91, 198, 123, 333, 334, 157, 178, 248, 207, 315, 210, 187, 8, 325, 259, 84, 35, 278, 255, 203, 199, 200, 230, 125, 139, 319, 174, 237, 184, 185, 276, 129, 226, 219, 136, 301, 233, 252, 121, 177, 264, 78, 116, 162, 170, 161, 318, 40, 87, 64, 173, 323, 309, 72, 106, 155, 115, 292, 213, 76, 212, 317, 95, 65, 20, 246], [1, 0, 1, 0, 1, 1, 0, 1, 0, 1, 0, 0, 0, 0, 1, 1, 1, 1, 0, 0, 0, 0, 1, 0, 0, 0, 0, 0, 1, 0, 1, 1, 1, 1, 1, 1, 0, 0, 0, 0, 0, 0, 1, 0, 1, 0, 1, 1, 0, 1, 1, 0, 0, 0, 0, 0, 0, 0, 1, 1, 0, 1, 0, 1, 0, 1, 0, 0, 1, 0, 1, 1, 0, 1, 1, 0, 0, 0, 1, 0, 1, 0, 1, 1, 1, 1, 0, 1, 0, 0, 1, 0, 1, 0, 0, 1, 0, 1, 1, 1, 1, 1, 0, 0, 0, 1, 0, 0, 0, 0, 1, 1, 1, 1, 0, 0, 0, 1, 1, 0, 1, 0, 1, 1, 0, 1, 0, 1, 1, 1, 0, 0, 0, 1, 1, 0, 1, 0, 0, 0, 0, 1, 0, 1, 1, 1, 1, 1, 0, 0, 1, 0, 1, 0, 1, 0, 1, 1, 0, 1, 0, 1, 0, 1, 1, 1, 1, 0, 0, 0, 0, 0, 0, 0, 0, 1, 0, 1, 1, 0, 0, 0, 1, 0, 0, 1, 0, 0, 0, 1, 0, 0, 0, 0, 0, 1, 1, 0, 1, 0, 0, 0, 0, 1, 0, 1, 0, 0, 1, 0, 0, 0, 0, 0, 0, 0, 1, 0, 1, 0, 0, 1, 0, 0, 0, 1, 0, 0, 0, 0, 0, 1, 0, 1, 1, 1, 1, 1, 0, 0, 0, 0, 0, 1, 0, 1, 0, 1, 1, 1, 0, 1, 1, 0, 0, 0, 0, 1, 1, 1, 0, 1, 1, 0, 0, 0, 1, 1, 0, 1, 0, 0, 0, 1, 1, 0, 0, 1, 1, 0, 0, 0, 1, 1, 1, 1, 1, 0, 1, 0, 1, 1, 0, 0, 0, 0, 1, 0, 1, 0, 0, 1, 0, 0, 1, 1, 0, 0, 0, 0, 1, 0, 1, 0, 0, 1, 1, 0, 0, 1, 0, 0, 0, 1, 1, 0, 1, 1, 1, 0, 1, 1, 1, 0, 1, 0, 1])
Fitness:  425.86801579760595
Gens:  [0, 1, 2, 3, 4, 5, 6, 7, 8, 9, 10, 11, 12, 13, 14, 15, 16, 17, 18, 19, 20, 21, 22, 23, 24, 25, 26, 27, 28, 29, 30, 31, 32, 33, 34, 35, 36, 37, 38]
Inds:  [430.6664915763092, 430.331535286465, 430.331535286465, 430.331535286465, 430.331535286465, 429.6988164254784, 429.47961456903346, 429.47961456903346, 428.2228575046495, 428.2228575046495, 428.2228575046495, 427.5345716471062, 426.3470488117309, 426.3470488117309, 426.3470488117309, 426.3470488117309, 426.3470488117309, 426.3470488117309, 426.3470488117309, 426.3470488117309, 426.3470488117309, 426.3470488117309, 426.3470488117309, 426.3470488117309, 426.3470488117309, 426.3470488117309, 426.3470488117309, 426.3470488117309, 425.86801579760595, 425.86801579760595, 425.86801579760595, 425.86801579760595, 425.86801579760595, 425.86801579760595, 425.86801579760595, 425.86801579760595, 425.86801579760595, 425.86801579760595, 425.86801579760595]

