BRKGA: art_7_hole_sep

Execução 1:
Parametros: P=5000, Pe=0.3, Pm=0.1, pe=0.7, Parada=100
Tempo de Inicio (hh:mm:ss.ms) 2026-04-28 11:54:22.170267
gen	min    	max    	avg    	std    
0  	366.071	390.562	377.374	3.56339
1  	363.889	388.008	375.244	3.26535
2  	360.741	390.3  	374.402	3.50559
9  	360.536	386.583	371.697	4.33578
11 	360.079	389.435	371.288	4.45492
13 	359.407	388.474	370.938	4.57198
21 	359.304	386.262	369.961	4.93251
23 	357.206	388.88 	369.733	5.03735
43 	355.154	387.942	368.206	5.40804
Tempo de Termino (hh:mm:ss.ms) 2026-04-28 11:59:33.711555
Tempo Total (hh:mm:ss.ms) 0:05:11.541288
Individuo: ([18, 228, 45, 59, 198, 66, 218, 167, 237, 240, 157, 133, 99, 33, 256, 253, 247, 129, 234, 30, 17, 178, 220, 225, 53, 89, 211, 149, 144, 142, 6, 261, 188, 32, 36, 131, 140, 204, 195, 51, 224, 106, 75, 46, 20, 4, 73, 205, 78, 125, 151, 254, 87, 242, 252, 194, 108, 155, 105, 60, 97, 251, 163, 267, 124, 49, 126, 246, 230, 258, 130, 44, 216, 34, 174, 24, 255, 112, 245, 16, 213, 201, 186, 1, 54, 107, 94, 189, 0, 56, 123, 179, 8, 162, 177, 85, 114, 104, 180, 137, 74, 88, 217, 118, 202, 9, 65, 135, 165, 14, 39, 122, 187, 116, 236, 95, 136, 249, 115, 23, 145, 231, 209, 52, 90, 113, 207, 173, 35, 41, 29, 176, 185, 233, 55, 243, 161, 143, 260, 259, 141, 266, 263, 239, 265, 268, 63, 190, 5, 81, 77, 199, 25, 192, 22, 67, 70, 91, 156, 215, 182, 184, 219, 206, 38, 138, 250, 134, 148, 154, 111, 58, 15, 37, 96, 84, 64, 152, 229, 170, 232, 42, 50, 193, 222, 57, 241, 235, 62, 19, 169, 164, 109, 11, 48, 92, 197, 13, 146, 82, 223, 262, 238, 158, 132, 153, 221, 264, 98, 160, 159, 128, 103, 127, 110, 257, 227, 76, 21, 181, 196, 147, 212, 80, 72, 61, 172, 200, 47, 3, 248, 119, 86, 244, 168, 120, 68, 139, 166, 210, 83, 203, 12, 7, 208, 191, 150, 71, 69, 121, 31, 100, 214, 117, 101, 175, 102, 171, 10, 226, 183, 26, 28, 40, 93, 27, 43, 79, 2], [1, 1, 1, 1, 1, 1, 1, 1, 1, 0, 0, 1, 1, 0, 1, 0, 0, 1, 1, 1, 0, 1, 0, 0, 0, 0, 0, 1, 0, 0, 1, 0, 0, 1, 0, 0, 0, 1, 0, 0, 0, 0, 0, 0, 0, 1, 0, 1, 0, 1, 1, 0, 0, 1, 1, 0, 1, 1, 1, 0, 1, 1, 0, 1, 0, 1, 1, 1, 0, 0, 0, 1, 0, 1, 0, 1, 0, 1, 1, 0, 0, 1, 1, 1, 0, 1, 1, 1, 1, 0, 0, 0, 0, 1, 0, 0, 0, 0, 0, 0, 1, 0, 1, 0, 1, 0, 1, 1, 0, 1, 0, 0, 1, 0, 0, 0, 0, 1, 0, 1, 1, 0, 0, 1, 0, 1, 0, 1, 0, 0, 0, 1, 1, 0, 0, 0, 1, 1, 1, 0, 0, 0, 0, 0, 0, 1, 0, 1, 1, 1, 0, 1, 0, 0, 0, 1, 1, 1, 1, 0, 1, 0, 0, 0, 0, 0, 0, 0, 0, 1, 1, 1, 1, 1, 1, 0, 0, 1, 0, 0, 1, 1, 1, 0, 1, 0, 1, 1, 0, 0, 1, 0, 0, 0, 1, 1, 1, 1, 1, 0, 1, 1, 0, 1, 1, 1, 0, 1, 0, 1, 1, 0, 1, 0, 0, 0, 0, 0, 0, 1, 0, 1, 1, 1, 0, 1, 1, 1, 0, 1, 1, 1, 1, 1, 1, 0, 0, 1, 1, 1, 1, 1, 1, 0, 0, 0, 1, 1, 0, 1, 0, 1, 1, 0, 0, 1, 1, 1, 1, 1, 0, 0, 1, 0, 0, 1, 1, 0, 1])
Fitness:  355.15364549170977
Gens:  [0, 1, 2, 3, 4, 5, 6, 7, 8, 9, 10, 11, 12, 13, 14, 15, 16, 17, 18, 19, 20, 21, 22, 23, 24, 25, 26, 27, 28, 29, 30, 31, 32, 33, 34, 35, 36, 37, 38, 39, 40, 41, 42, 43, 44, 45, 46, 47, 48, 49, 50, 51]
Inds:  [366.0713061911076, 363.8885073275698, 360.74105104493316, 360.74105104493316, 360.74105104493316, 360.74105104493316, 360.74105104493316, 360.74105104493316, 360.74105104493316, 360.5360579529091, 360.5360579529091, 360.0786798844282, 360.0786798844282, 359.4065669837695, 359.4065669837695, 359.4065669837695, 359.4065669837695, 359.4065669837695, 359.4065669837695, 359.4065669837695, 359.4065669837695, 359.303682294092, 359.303682294092, 357.20562045091333, 357.20562045091333, 357.20562045091333, 357.20562045091333, 357.20562045091333, 357.20562045091333, 357.20562045091333, 357.20562045091333, 357.20562045091333, 357.20562045091333, 357.20562045091333, 357.20562045091333, 357.20562045091333, 357.20562045091333, 357.20562045091333, 357.20562045091333, 357.20562045091333, 357.20562045091333, 357.20562045091333, 357.20562045091333, 355.15364549170977, 355.15364549170977, 355.15364549170977, 355.15364549170977, 355.15364549170977, 355.15364549170977, 355.15364549170977, 355.15364549170977, 355.15364549170977]

