BRKGA: art_14_hole_sep

Execução 1:
Parametros: P=5000, Pe=0.3, Pm=0.1, pe=0.7, Parada=100
Tempo de Inicio (hh:mm:ss.ms) 2026-04-28 11:13:36.947259
gen	min    	max    	avg    	std    
0  	417.284	447.634	432.825	4.38365
1  	414.178	448.674	430.069	4.14428
2  	413.346	444.613	428.84 	4.30127
6  	408.739	445.074	426.392	5.00898
24 	408.107	446.916	423.025	6.34437
26 	407.007	444.305	422.65 	6.31266
30 	406.407	443.617	422.281	6.45907
33 	405.966	445.751	421.958	6.50437
Tempo de Termino (hh:mm:ss.ms) 2026-04-28 11:18:44.079073
Tempo Total (hh:mm:ss.ms) 0:05:07.131814
Individuo: ([25, 101, 83, 19, 178, 170, 179, 13, 271, 286, 194, 236, 100, 171, 223, 174, 273, 167, 144, 132, 110, 147, 287, 50, 120, 126, 0, 74, 107, 97, 87, 54, 31, 260, 161, 175, 280, 133, 232, 255, 205, 230, 66, 111, 146, 122, 242, 56, 109, 134, 266, 57, 52, 98, 237, 250, 17, 211, 28, 124, 199, 59, 221, 4, 209, 15, 105, 153, 116, 299, 188, 152, 176, 226, 207, 93, 7, 33, 95, 46, 48, 77, 5, 47, 218, 259, 112, 222, 80, 21, 75, 300, 129, 183, 275, 257, 88, 115, 173, 289, 30, 231, 61, 265, 295, 297, 263, 51, 290, 249, 118, 131, 225, 246, 90, 149, 193, 1, 214, 71, 256, 143, 264, 253, 119, 12, 157, 114, 121, 217, 220, 64, 293, 274, 181, 79, 159, 108, 40, 6, 182, 267, 63, 184, 135, 279, 202, 168, 138, 180, 162, 89, 270, 192, 177, 123, 76, 262, 45, 68, 254, 106, 198, 298, 201, 140, 269, 34, 36, 261, 284, 247, 38, 41, 243, 85, 186, 137, 104, 151, 165, 60, 35, 245, 81, 117, 14, 49, 32, 67, 206, 145, 70, 44, 277, 24, 136, 73, 9, 22, 155, 288, 130, 294, 240, 43, 213, 208, 148, 11, 150, 278, 158, 166, 10, 241, 156, 228, 296, 195, 99, 187, 268, 128, 291, 200, 185, 94, 285, 276, 244, 227, 8, 258, 55, 18, 238, 282, 26, 212, 283, 203, 204, 169, 252, 142, 29, 72, 20, 216, 210, 92, 96, 125, 78, 91, 191, 272, 139, 164, 23, 42, 16, 248, 37, 69, 160, 189, 292, 65, 235, 127, 234, 219, 53, 224, 190, 281, 154, 163, 86, 172, 3, 27, 233, 229, 102, 39, 215, 141, 197, 103, 58, 84, 251, 82, 196, 113, 62, 239, 2], [0, 1, 0, 1, 0, 0, 1, 0, 1, 1, 1, 0, 0, 1, 1, 0, 0, 1, 1, 1, 1, 1, 1, 1, 1, 1, 0, 0, 0, 1, 0, 0, 0, 0, 0, 1, 1, 0, 0, 1, 0, 1, 1, 1, 1, 0, 0, 1, 1, 0, 1, 1, 1, 1, 0, 0, 0, 1, 1, 1, 0, 1, 0, 0, 0, 0, 0, 1, 1, 0, 0, 1, 1, 0, 0, 1, 0, 1, 0, 0, 1, 0, 0, 0, 0, 1, 0, 0, 1, 0, 0, 0, 0, 0, 1, 1, 0, 0, 1, 0, 0, 1, 0, 1, 1, 1, 0, 1, 0, 0, 1, 0, 1, 0, 0, 0, 1, 0, 1, 0, 0, 1, 0, 1, 0, 1, 0, 0, 0, 1, 0, 0, 0, 1, 0, 0, 0, 1, 1, 1, 1, 1, 1, 0, 1, 0, 0, 1, 0, 1, 0, 1, 1, 1, 0, 1, 1, 0, 0, 1, 0, 0, 0, 1, 0, 1, 0, 0, 0, 0, 0, 0, 0, 1, 0, 0, 1, 1, 1, 1, 0, 0, 0, 0, 0, 0, 0, 0, 0, 0, 1, 0, 0, 0, 1, 1, 1, 1, 1, 1, 1, 0, 0, 1, 0, 0, 1, 0, 1, 0, 1, 0, 1, 1, 0, 0, 1, 1, 0, 0, 1, 0, 1, 0, 1, 1, 0, 0, 0, 1, 1, 1, 1, 0, 0, 0, 0, 0, 0, 0, 0, 1, 0, 0, 0, 0, 0, 0, 1, 0, 1, 1, 1, 0, 0, 0, 0, 0, 1, 1, 0, 0, 0, 1, 1, 0, 0, 1, 1, 1, 0, 0, 1, 1, 0, 1, 1, 0, 1, 0, 0, 1, 1, 1, 1, 1, 0, 0, 1, 0, 1, 1, 0, 0, 0, 0, 0, 0, 0, 0, 0])
Fitness:  405.96575272052195
Gens:  [0, 1, 2, 3, 4, 5, 6, 7, 8, 9, 10, 11, 12, 13, 14, 15, 16, 17, 18, 19, 20, 21, 22, 23, 24, 25, 26, 27, 28, 29, 30, 31, 32, 33, 34, 35, 36, 37, 38, 39, 40, 41, 42, 43]
Inds:  [417.2837800799636, 414.1777904927701, 413.345881692671, 413.345881692671, 413.345881692671, 413.345881692671, 408.7388146747888, 408.7388146747888, 408.7388146747888, 408.7388146747888, 408.7388146747888, 408.7388146747888, 408.7388146747888, 408.7388146747888, 408.7388146747888, 408.7388146747888, 408.7388146747888, 408.7388146747888, 408.7388146747888, 408.7388146747888, 408.7388146747888, 408.7388146747888, 408.7388146747888, 408.7388146747888, 408.1071832322967, 408.1071832322967, 407.00720011715833, 407.00720011715833, 407.00720011715833, 407.00720011715833, 406.4071957671113, 406.4071957671113, 406.4071957671113, 405.96575272052195, 405.96575272052195, 405.96575272052195, 405.96575272052195, 405.96575272052195, 405.96575272052195, 405.96575272052195, 405.96575272052195, 405.96575272052195, 405.96575272052195, 405.96575272052195]

