BRKGA: art_22_irregular_pack

Execução 1:
Parametros: P=5000, Pe=0.3, Pm=0.1, pe=0.7, Parada=100
Tempo de Inicio (hh:mm:ss.ms) 2026-04-28 11:34:10.079168
gen	min    	max   	avg    	std    
0  	388.445	405.76	396.756	2.41622
1  	387.959	405.007	395.369	2.30576
2  	387.303	404.219	394.683	2.41437
3  	386.705	404.132	394.228	2.53921
4  	386.308	403.374	393.885	2.6446 
6  	386.072	402.784	393.385	2.81828
7  	384.812	403.918	393.13 	2.85685
12 	382.943	405.035	392.395	3.19456
26 	382.748	406.393	391.271	3.54782
27 	382.472	404.18 	391.208	3.57005
Tempo de Termino (hh:mm:ss.ms) 2026-04-28 11:39:19.273927
Tempo Total (hh:mm:ss.ms) 0:05:09.194759
Individuo: ([254, 122, 180, 156, 135, 133, 306, 261, 187, 289, 281, 301, 236, 11, 54, 232, 325, 215, 277, 6, 127, 40, 114, 29, 72, 249, 218, 117, 69, 50, 288, 108, 166, 28, 37, 59, 76, 32, 102, 155, 13, 41, 176, 103, 66, 35, 219, 233, 182, 63, 145, 225, 188, 125, 230, 291, 245, 3, 92, 244, 285, 199, 290, 194, 278, 57, 0, 105, 153, 80, 222, 228, 324, 132, 10, 75, 266, 295, 48, 210, 319, 271, 276, 321, 51, 300, 79, 297, 34, 170, 184, 257, 14, 263, 211, 268, 129, 4, 298, 248, 227, 282, 53, 246, 164, 274, 317, 242, 252, 296, 273, 167, 238, 292, 110, 185, 253, 126, 85, 197, 269, 286, 224, 148, 204, 207, 316, 91, 98, 90, 39, 119, 152, 243, 293, 318, 279, 27, 212, 259, 193, 320, 258, 84, 260, 144, 64, 235, 251, 267, 310, 45, 30, 93, 237, 175, 226, 120, 150, 183, 140, 62, 131, 172, 44, 43, 208, 116, 65, 23, 141, 52, 308, 113, 305, 78, 209, 115, 250, 239, 262, 307, 200, 189, 190, 160, 173, 205, 31, 146, 163, 20, 18, 58, 60, 214, 94, 270, 177, 223, 299, 191, 283, 322, 192, 33, 169, 22, 46, 71, 142, 17, 275, 255, 56, 7, 178, 111, 70, 19, 220, 134, 96, 195, 241, 284, 74, 100, 9, 25, 174, 136, 198, 99, 213, 137, 234, 21, 26, 61, 123, 88, 240, 217, 130, 118, 181, 15, 104, 128, 309, 323, 203, 1, 16, 12, 109, 168, 159, 221, 97, 165, 206, 326, 265, 162, 312, 313, 179, 294, 280, 151, 86, 124, 139, 47, 77, 55, 138, 68, 229, 8, 67, 256, 201, 315, 302, 42, 154, 101, 95, 202, 247, 121, 171, 73, 196, 314, 87, 158, 157, 83, 149, 311, 287, 143, 107, 161, 231, 304, 303, 82, 81, 24, 264, 106, 147, 2, 36, 112, 272, 89, 38, 216, 186, 5, 49], [0, 1, 1, 0, 0, 1, 0, 0, 1, 0, 1, 0, 1, 1, 1, 0, 0, 0, 1, 0, 0, 1, 0, 1, 1, 0, 1, 0, 1, 0, 0, 0, 1, 0, 1, 0, 1, 0, 1, 0, 1, 1, 1, 0, 1, 1, 0, 0, 0, 1, 1, 1, 0, 0, 0, 1, 0, 1, 1, 0, 0, 0, 1, 0, 1, 0, 0, 1, 1, 0, 1, 1, 1, 1, 0, 1, 1, 0, 0, 1, 1, 0, 0, 1, 1, 1, 1, 0, 0, 1, 1, 0, 1, 1, 0, 1, 1, 0, 0, 0, 0, 1, 0, 1, 0, 1, 0, 1, 1, 1, 1, 1, 0, 0, 0, 0, 0, 0, 1, 0, 1, 1, 0, 0, 0, 1, 0, 1, 1, 0, 1, 1, 1, 0, 0, 0, 1, 1, 0, 0, 1, 0, 1, 0, 0, 1, 0, 1, 1, 0, 0, 0, 0, 0, 0, 1, 1, 1, 1, 1, 1, 1, 0, 1, 1, 1, 0, 1, 1, 0, 1, 0, 0, 0, 1, 0, 0, 0, 0, 1, 0, 1, 1, 1, 1, 1, 1, 0, 1, 0, 0, 0, 0, 1, 1, 1, 0, 0, 0, 1, 0, 1, 0, 1, 0, 0, 1, 1, 0, 1, 1, 0, 1, 1, 1, 0, 0, 1, 1, 1, 1, 1, 0, 0, 1, 0, 1, 1, 1, 0, 0, 0, 1, 0, 1, 1, 0, 1, 0, 0, 1, 0, 0, 1, 1, 1, 1, 0, 0, 0, 0, 1, 1, 0, 1, 0, 1, 1, 0, 0, 0, 0, 0, 1, 1, 1, 1, 1, 1, 0, 0, 1, 0, 1, 1, 1, 0, 1, 1, 1, 1, 0, 1, 1, 1, 0, 0, 1, 0, 0, 1, 1, 0, 1, 1, 1, 0, 0, 1, 1, 0, 1, 0, 1, 0, 1, 1, 0, 1, 0, 0, 1, 0, 0, 1, 0, 0, 1, 0, 0, 1, 1, 0, 0, 0, 0, 0])
Fitness:  382.4719029067997
Gens:  [0, 1, 2, 3, 4, 5, 6, 7, 8, 9, 10, 11, 12, 13, 14, 15, 16, 17, 18, 19, 20, 21, 22, 23, 24, 25, 26, 27, 28, 29, 30, 31, 32, 33, 34, 35, 36, 37, 38, 39]
Inds:  [388.44531423292347, 387.9594439960534, 387.30341920427963, 386.70467337902676, 386.3077728069091, 386.3077728069091, 386.0717641917361, 384.8116790711324, 384.8116790711324, 384.8116790711324, 384.8116790711324, 384.8116790711324, 382.9433938867238, 382.9433938867238, 382.9433938867238, 382.9433938867238, 382.9433938867238, 382.9433938867238, 382.9433938867238, 382.9433938867238, 382.9433938867238, 382.9433938867238, 382.9433938867238, 382.9433938867238, 382.9433938867238, 382.9433938867238, 382.7480686942729, 382.4719029067997, 382.4719029067997, 382.4719029067997, 382.4719029067997, 382.4719029067997, 382.4719029067997, 382.4719029067997, 382.4719029067997, 382.4719029067997, 382.4719029067997, 382.4719029067997, 382.4719029067997, 382.4719029067997]

