BRKGA: art_25_irregular_pack

Execução 1:
Parametros: P=5000, Pe=0.3, Pm=0.1, pe=0.7, Parada=100
Tempo de Inicio (hh:mm:ss.ms) 2026-04-28 11:39:26.866563
gen	min    	max    	avg    	std    
0  	305.622	322.643	314.522	2.19636
3  	305.151	320.757	312.175	2.29629
4  	304.992	320.616	311.809	2.38422
7  	303.539	321.022	311.215	2.58588
12 	302.832	320.883	310.575	2.82154
17 	302.644	322.542	310.153	2.94354
19 	301.761	321.341	309.993	3.00802
20 	301.365	319.953	309.987	3.04851
37 	301.264	320.625	309.099	3.37383
43 	300.997	320.426	308.877	3.41932
Tempo de Termino (hh:mm:ss.ms) 2026-04-28 11:44:35.897053
Tempo Total (hh:mm:ss.ms) 0:05:09.030490
Individuo: ([52, 54, 131, 48, 104, 75, 142, 38, 162, 183, 49, 213, 216, 74, 35, 29, 227, 178, 129, 80, 148, 134, 132, 84, 228, 154, 232, 56, 191, 231, 205, 72, 96, 50, 41, 33, 116, 133, 145, 153, 261, 249, 58, 103, 88, 258, 174, 158, 92, 215, 114, 19, 78, 260, 259, 111, 204, 233, 172, 169, 94, 31, 82, 124, 81, 127, 236, 242, 112, 79, 211, 137, 187, 57, 23, 6, 21, 160, 90, 77, 42, 100, 208, 257, 149, 102, 105, 20, 17, 66, 255, 252, 99, 143, 151, 93, 147, 201, 164, 225, 120, 46, 8, 39, 121, 30, 117, 10, 202, 97, 7, 14, 13, 190, 152, 206, 28, 70, 168, 214, 198, 109, 12, 67, 4, 64, 218, 146, 71, 247, 119, 217, 59, 113, 212, 76, 87, 91, 98, 45, 40, 171, 106, 165, 43, 220, 177, 36, 61, 241, 0, 86, 200, 9, 246, 156, 170, 223, 196, 55, 85, 157, 219, 32, 130, 47, 26, 83, 27, 51, 210, 237, 230, 115, 128, 118, 101, 179, 144, 185, 248, 192, 224, 253, 239, 244, 209, 182, 195, 194, 251, 110, 199, 203, 44, 123, 16, 181, 173, 221, 176, 122, 138, 180, 22, 2, 245, 235, 166, 107, 155, 136, 186, 229, 254, 95, 73, 65, 11, 163, 263, 256, 197, 189, 175, 140, 226, 222, 262, 250, 126, 243, 188, 184, 207, 161, 63, 18, 15, 141, 108, 150, 3, 34, 25, 24, 37, 135, 234, 167, 159, 238, 62, 68, 60, 5, 69, 89, 240, 125, 53, 193, 139, 1], [1, 0, 0, 0, 0, 0, 1, 0, 1, 1, 1, 0, 0, 1, 0, 1, 0, 0, 1, 1, 0, 1, 1, 0, 0, 1, 1, 1, 1, 1, 1, 1, 1, 1, 1, 0, 0, 1, 0, 0, 0, 0, 0, 0, 0, 0, 1, 1, 0, 0, 1, 0, 1, 0, 0, 0, 1, 0, 0, 0, 0, 1, 1, 1, 1, 0, 1, 1, 1, 0, 1, 0, 0, 0, 1, 0, 0, 1, 0, 0, 1, 1, 0, 1, 0, 1, 0, 0, 1, 1, 1, 0, 0, 0, 0, 1, 1, 1, 1, 0, 1, 0, 1, 1, 1, 0, 1, 0, 0, 0, 1, 0, 1, 0, 0, 1, 0, 0, 1, 0, 0, 1, 1, 1, 1, 0, 1, 0, 0, 0, 1, 0, 1, 1, 0, 0, 1, 0, 1, 0, 1, 1, 1, 0, 1, 1, 0, 1, 0, 1, 1, 1, 0, 1, 0, 1, 0, 1, 0, 1, 1, 1, 0, 1, 1, 1, 1, 0, 0, 0, 0, 0, 1, 0, 1, 0, 0, 1, 1, 0, 1, 1, 0, 1, 1, 0, 1, 1, 0, 1, 0, 0, 1, 1, 0, 0, 1, 0, 0, 0, 0, 0, 0, 1, 0, 0, 0, 0, 1, 1, 0, 0, 1, 0, 1, 0, 0, 0, 1, 1, 0, 0, 1, 1, 0, 0, 1, 0, 0, 0, 0, 0, 1, 0, 0, 0, 1, 0, 1, 1, 0, 1, 0, 0, 1, 0, 0, 0, 1, 0, 1, 0, 0, 0, 0, 1, 0, 1, 0, 0, 1, 1, 0, 0])
Fitness:  300.9974939343067
Gens:  [0, 1, 2, 3, 4, 5, 6, 7, 8, 9, 10, 11, 12, 13, 14, 15, 16, 17, 18, 19, 20, 21, 22, 23, 24, 25, 26, 27, 28, 29, 30, 31, 32, 33, 34, 35, 36, 37, 38, 39, 40, 41, 42, 43, 44, 45, 46, 47, 48, 49, 50, 51, 52]
Inds:  [305.6215998414281, 305.6215998414281, 305.6215998414281, 305.151182109023, 304.9916920560754, 304.9916920560754, 304.9916920560754, 303.5387306637923, 303.5387306637923, 303.5387306637923, 303.5387306637923, 303.5387306637923, 302.83194453253884, 302.83194453253884, 302.83194453253884, 302.83194453253884, 302.83194453253884, 302.6443361958174, 302.6443361958174, 301.7613575146717, 301.365349471019, 301.365349471019, 301.365349471019, 301.365349471019, 301.365349471019, 301.365349471019, 301.365349471019, 301.365349471019, 301.365349471019, 301.365349471019, 301.365349471019, 301.365349471019, 301.365349471019, 301.365349471019, 301.365349471019, 301.365349471019, 301.365349471019, 301.26449793791994, 301.26449793791994, 301.26449793791994, 301.26449793791994, 301.26449793791994, 301.26449793791994, 300.9974939343067, 300.9974939343067, 300.9974939343067, 300.9974939343067, 300.9974939343067, 300.9974939343067, 300.9974939343067, 300.9974939343067, 300.9974939343067, 300.9974939343067]

