BRKGA: art_2_hole_sep

Execução 1:
Parametros: P=5000, Pe=0.3, Pm=0.1, pe=0.7, Parada=100
Tempo de Inicio (hh:mm:ss.ms) 2026-04-28 11:44:09.586624
gen	min    	max    	avg    	std    
0  	392.433	418.216	406.228	3.27226
1  	391.758	416.994	404.219	3.07948
2  	391.339	415.368	403.238	3.20998
7  	391.11 	414.999	401.172	3.81056
10 	390.348	415.859	400.517	4.04146
13 	389.857	413.659	400.106	4.23493
16 	389.505	414.696	399.704	4.41799
19 	388.48 	417.555	399.394	4.49752
20 	388.007	415.063	399.239	4.51817
23 	387.366	415.909	398.947	4.64694
37 	386.728	415.759	397.912	4.9764 
39 	385.589	414.01 	397.843	5.02334
Tempo de Termino (hh:mm:ss.ms) 2026-04-28 11:49:21.215409
Tempo Total (hh:mm:ss.ms) 0:05:11.628785
Individuo: ([9, 238, 43, 134, 242, 240, 22, 118, 201, 176, 151, 84, 196, 247, 135, 256, 101, 40, 144, 78, 173, 266, 190, 229, 58, 77, 23, 148, 149, 175, 207, 99, 269, 215, 272, 69, 102, 132, 165, 116, 236, 68, 1, 75, 27, 6, 54, 31, 261, 108, 273, 220, 30, 93, 258, 117, 239, 147, 214, 107, 267, 200, 168, 66, 63, 38, 219, 12, 237, 72, 140, 111, 14, 155, 184, 181, 198, 187, 130, 157, 92, 125, 212, 137, 205, 154, 124, 45, 65, 52, 230, 259, 163, 13, 70, 56, 194, 120, 171, 51, 227, 8, 188, 253, 162, 191, 208, 265, 35, 216, 10, 19, 44, 270, 262, 91, 210, 246, 106, 46, 121, 81, 0, 24, 36, 74, 39, 16, 248, 209, 71, 127, 87, 164, 202, 192, 103, 203, 186, 49, 276, 199, 271, 98, 97, 254, 250, 80, 136, 167, 11, 7, 189, 263, 122, 67, 33, 223, 245, 252, 249, 231, 145, 274, 96, 5, 2, 60, 206, 3, 222, 50, 18, 255, 109, 221, 41, 104, 119, 37, 235, 211, 133, 182, 28, 34, 217, 275, 153, 128, 47, 241, 244, 224, 15, 260, 62, 174, 89, 228, 42, 105, 129, 141, 113, 61, 110, 17, 218, 169, 100, 195, 86, 48, 53, 25, 257, 20, 55, 142, 112, 225, 159, 232, 21, 4, 114, 115, 197, 150, 160, 82, 180, 131, 76, 226, 59, 94, 83, 243, 264, 29, 178, 170, 233, 73, 88, 126, 185, 166, 158, 193, 161, 90, 64, 251, 138, 179, 143, 152, 79, 146, 95, 268, 57, 139, 183, 156, 26, 234, 123, 32, 177, 204, 172, 213, 85], [1, 1, 1, 0, 1, 0, 1, 1, 1, 0, 0, 1, 0, 1, 0, 0, 0, 1, 1, 1, 0, 0, 1, 1, 1, 1, 1, 1, 1, 1, 0, 0, 0, 0, 1, 1, 1, 1, 0, 0, 0, 1, 1, 1, 0, 1, 0, 1, 1, 0, 1, 0, 1, 0, 0, 1, 1, 0, 1, 1, 1, 0, 1, 0, 1, 1, 1, 0, 1, 0, 0, 0, 1, 0, 0, 0, 0, 0, 1, 1, 0, 0, 1, 1, 0, 1, 0, 0, 1, 0, 0, 0, 1, 0, 1, 0, 0, 0, 0, 0, 0, 1, 0, 1, 1, 0, 0, 1, 0, 0, 1, 1, 1, 0, 1, 0, 1, 0, 0, 0, 1, 1, 1, 1, 1, 0, 0, 0, 0, 1, 1, 1, 1, 0, 1, 0, 1, 0, 1, 1, 0, 0, 0, 0, 1, 1, 1, 1, 1, 1, 1, 1, 1, 1, 0, 1, 1, 1, 1, 0, 1, 1, 1, 0, 1, 0, 0, 0, 0, 0, 1, 1, 0, 0, 1, 0, 0, 0, 0, 0, 1, 0, 0, 1, 0, 1, 0, 0, 0, 1, 1, 1, 0, 1, 1, 0, 1, 0, 1, 0, 0, 0, 1, 0, 1, 1, 0, 0, 0, 1, 1, 0, 0, 0, 0, 1, 1, 1, 0, 0, 1, 0, 0, 0, 1, 0, 1, 1, 0, 1, 0, 1, 1, 0, 1, 1, 0, 1, 0, 1, 1, 1, 1, 1, 0, 1, 1, 1, 1, 1, 0, 1, 0, 1, 1, 0, 1, 1, 1, 1, 1, 0, 1, 0, 1, 1, 1, 0, 0, 1, 0, 1, 0, 1, 1, 1, 0])
Fitness:  385.58906078229097
Gens:  [0, 1, 2, 3, 4, 5, 6, 7, 8, 9, 10, 11, 12, 13, 14, 15, 16, 17, 18, 19, 20, 21, 22, 23, 24, 25, 26, 27, 28, 29, 30, 31, 32, 33, 34, 35, 36, 37, 38, 39, 40, 41, 42, 43, 44, 45, 46, 47, 48, 49]
Inds:  [392.43318390159055, 391.7577058890651, 391.33937644575116, 391.33937644575116, 391.33937644575116, 391.33937644575116, 391.33937644575116, 391.1099500791254, 391.1099500791254, 391.1099500791254, 390.3481207489619, 390.3481207489619, 390.3481207489619, 389.85708496672737, 389.85708496672737, 389.85708496672737, 389.50528642550245, 389.50528642550245, 389.50528642550245, 388.48043507099425, 388.00740111790344, 388.00740111790344, 388.00740111790344, 387.3663244051851, 387.3663244051851, 387.3663244051851, 387.3663244051851, 387.3663244051851, 387.3663244051851, 387.3663244051851, 387.3663244051851, 387.3663244051851, 387.3663244051851, 387.3663244051851, 387.3663244051851, 387.3663244051851, 387.3663244051851, 386.7279075206199, 386.7279075206199, 385.58906078229097, 385.58906078229097, 385.58906078229097, 385.58906078229097, 385.58906078229097, 385.58906078229097, 385.58906078229097, 385.58906078229097, 385.58906078229097, 385.58906078229097, 385.58906078229097]

