BRKGA: art_12_irregular_pack

Execução 1:
Parametros: P=5000, Pe=0.3, Pm=0.1, pe=0.7, Parada=100
Tempo de Inicio (hh:mm:ss.ms) 2026-04-28 11:13:25.214613
gen	min    	max    	avg    	std    
0  	405.977	427.278	416.666	2.76402
1  	405.955	424.252	414.995	2.57758
2  	403.79 	423.839	414.214	2.74372
5  	402.556	424.164	412.976	3.14876
11 	402.435	423.991	411.844	3.55805
18 	401.491	424.235	411.13 	3.75489
27 	400.188	424.964	410.557	4.02787
32 	399.543	424.495	410.338	4.06999
Tempo de Termino (hh:mm:ss.ms) 2026-04-28 11:18:41.491850
Tempo Total (hh:mm:ss.ms) 0:05:16.277237
Individuo: ([68, 130, 243, 245, 150, 309, 256, 272, 323, 271, 154, 209, 253, 293, 83, 165, 330, 67, 57, 220, 64, 143, 42, 77, 76, 267, 246, 183, 225, 81, 151, 75, 229, 325, 310, 195, 17, 102, 197, 210, 96, 222, 126, 137, 6, 250, 329, 266, 316, 65, 21, 132, 115, 240, 244, 227, 306, 292, 280, 279, 145, 101, 91, 8, 327, 186, 142, 135, 152, 159, 9, 108, 121, 82, 70, 252, 124, 56, 90, 107, 38, 92, 269, 18, 37, 84, 34, 148, 312, 314, 261, 185, 188, 39, 202, 290, 199, 133, 172, 161, 264, 3, 175, 109, 216, 184, 196, 313, 319, 221, 270, 160, 296, 247, 213, 12, 192, 46, 128, 85, 138, 15, 29, 27, 32, 259, 212, 155, 79, 36, 31, 30, 61, 223, 233, 263, 60, 20, 286, 326, 208, 94, 19, 181, 281, 55, 134, 99, 4, 260, 58, 168, 120, 14, 204, 278, 248, 40, 255, 308, 294, 322, 251, 318, 162, 231, 114, 106, 193, 139, 307, 239, 52, 63, 158, 273, 282, 211, 72, 89, 25, 284, 287, 7, 22, 237, 147, 275, 157, 59, 117, 105, 182, 218, 170, 95, 112, 200, 93, 43, 214, 88, 215, 299, 86, 217, 97, 45, 1, 53, 180, 288, 62, 118, 113, 315, 103, 16, 167, 298, 320, 26, 5, 0, 305, 171, 178, 219, 283, 51, 228, 205, 177, 285, 289, 268, 13, 249, 44, 80, 163, 98, 48, 110, 311, 258, 235, 104, 131, 24, 23, 176, 189, 11, 78, 191, 242, 144, 123, 54, 71, 100, 332, 140, 304, 295, 169, 125, 238, 291, 224, 236, 321, 297, 141, 111, 277, 127, 232, 179, 173, 194, 74, 301, 328, 35, 50, 174, 201, 207, 274, 230, 317, 41, 257, 87, 28, 187, 265, 49, 153, 190, 331, 276, 2, 164, 226, 129, 234, 262, 149, 300, 66, 116, 119, 122, 241, 73, 156, 324, 33, 136, 203, 206, 303, 10, 69, 47, 254, 302, 146, 198, 166], [1, 0, 1, 1, 0, 0, 0, 0, 0, 0, 1, 1, 1, 0, 1, 1, 0, 0, 0, 0, 1, 1, 0, 0, 0, 0, 0, 0, 0, 1, 1, 0, 1, 0, 0, 1, 0, 0, 0, 0, 1, 0, 0, 1, 1, 1, 1, 1, 0, 1, 1, 1, 1, 0, 0, 1, 1, 0, 0, 1, 0, 0, 0, 0, 1, 0, 0, 0, 1, 0, 1, 1, 1, 1, 0, 0, 0, 1, 1, 0, 0, 0, 1, 0, 1, 0, 1, 1, 1, 1, 0, 0, 0, 1, 1, 1, 0, 1, 0, 0, 0, 0, 1, 1, 0, 0, 0, 0, 1, 1, 0, 0, 0, 1, 0, 0, 1, 1, 1, 0, 1, 1, 1, 1, 0, 0, 1, 1, 1, 1, 1, 1, 1, 0, 1, 1, 1, 1, 0, 0, 0, 0, 0, 0, 0, 1, 0, 0, 0, 0, 0, 0, 0, 1, 1, 1, 1, 1, 1, 0, 0, 1, 0, 1, 0, 0, 1, 1, 1, 0, 1, 1, 1, 1, 1, 0, 0, 1, 0, 0, 1, 1, 0, 0, 1, 0, 1, 1, 0, 1, 0, 0, 0, 0, 1, 0, 1, 0, 1, 0, 0, 1, 1, 1, 0, 1, 1, 0, 1, 1, 0, 0, 0, 0, 1, 0, 1, 1, 1, 1, 0, 1, 1, 0, 0, 1, 1, 1, 0, 0, 1, 1, 1, 1, 1, 0, 1, 1, 1, 1, 1, 0, 0, 0, 0, 1, 0, 1, 0, 1, 1, 0, 1, 1, 0, 1, 0, 1, 1, 0, 1, 1, 1, 1, 1, 0, 0, 0, 0, 0, 1, 0, 1, 1, 0, 0, 1, 1, 0, 0, 0, 0, 1, 1, 0, 0, 1, 0, 0, 1, 0, 1, 1, 0, 0, 0, 0, 1, 1, 0, 0, 1, 0, 1, 0, 0, 0, 0, 0, 0, 0, 0, 1, 1, 0, 1, 0, 1, 0, 0, 1, 1, 0, 0, 0, 1, 1, 0, 0, 1, 1, 1, 1])
Fitness:  399.54331587777114
Gens:  [0, 1, 2, 3, 4, 5, 6, 7, 8, 9, 10, 11, 12, 13, 14, 15, 16, 17, 18, 19, 20, 21, 22, 23, 24, 25, 26, 27, 28, 29, 30, 31, 32, 33, 34, 35, 36, 37, 38]
Inds:  [405.97695882779857, 405.9548674796732, 403.7902895992947, 403.7902895992947, 403.7902895992947, 402.5564906535964, 402.5564906535964, 402.5564906535964, 402.5564906535964, 402.5564906535964, 402.5564906535964, 402.43534734759754, 402.43534734759754, 402.43534734759754, 402.43534734759754, 402.43534734759754, 402.43534734759754, 402.43534734759754, 401.49077617320415, 401.49077617320415, 401.49077617320415, 401.49077617320415, 401.49077617320415, 401.49077617320415, 401.49077617320415, 401.49077617320415, 401.49077617320415, 400.18780515081215, 400.18780515081215, 400.18780515081215, 400.18780515081215, 400.18780515081215, 399.54331587777114, 399.54331587777114, 399.54331587777114, 399.54331587777114, 399.54331587777114, 399.54331587777114, 399.54331587777114]

