BRKGA: art_18_irregular_pack

Execução 1:
Parametros: P=5000, Pe=0.3, Pm=0.1, pe=0.7, Parada=100
Tempo de Inicio (hh:mm:ss.ms) 2026-04-28 11:23:54.944190
gen	min    	max    	avg    	std    
0  	267.217	281.599	274.957	1.83225
4  	266.882	280.433	272.748	2.02473
6  	264.839	280.044	272.33 	2.11922
15 	264.147	280.831	271.44 	2.4484 
39 	263.684	281.186	270.337	2.84533
58 	263.389	281.094	269.761	3.00795
61 	263.018	280.738	269.681	3.03547
Tempo de Termino (hh:mm:ss.ms) 2026-04-28 11:29:03.270820
Tempo Total (hh:mm:ss.ms) 0:05:08.326630
Individuo: ([3, 1, 53, 14, 115, 6, 146, 107, 175, 140, 153, 78, 212, 118, 28, 132, 25, 20, 183, 0, 164, 92, 196, 221, 61, 145, 52, 71, 110, 121, 57, 125, 74, 86, 217, 154, 197, 169, 162, 218, 147, 215, 46, 47, 23, 103, 9, 108, 177, 156, 191, 152, 203, 163, 134, 214, 120, 114, 155, 190, 34, 186, 10, 51, 192, 36, 220, 136, 50, 184, 181, 106, 128, 60, 49, 171, 208, 200, 64, 18, 116, 40, 22, 96, 182, 39, 100, 56, 204, 2, 207, 91, 133, 141, 178, 99, 119, 185, 81, 105, 213, 24, 122, 4, 73, 159, 168, 211, 127, 194, 216, 219, 180, 69, 144, 63, 109, 151, 112, 76, 72, 80, 138, 7, 206, 172, 88, 87, 26, 143, 17, 68, 62, 139, 89, 70, 148, 15, 29, 95, 83, 97, 54, 55, 85, 93, 117, 38, 45, 199, 223, 193, 205, 189, 167, 202, 126, 129, 161, 130, 75, 124, 84, 174, 82, 32, 77, 187, 101, 98, 149, 66, 44, 59, 111, 48, 150, 21, 42, 16, 13, 12, 5, 222, 188, 137, 8, 65, 35, 179, 142, 198, 201, 30, 43, 104, 33, 113, 27, 58, 166, 165, 90, 160, 157, 79, 41, 123, 31, 19, 173, 170, 210, 209, 158, 176, 67, 135, 94, 131, 37, 195, 102, 11], [0, 0, 0, 0, 0, 0, 1, 1, 0, 0, 1, 1, 0, 1, 0, 1, 1, 1, 0, 1, 0, 1, 0, 0, 0, 1, 0, 0, 0, 1, 1, 0, 1, 1, 1, 0, 0, 0, 0, 0, 0, 1, 1, 1, 0, 0, 0, 1, 0, 1, 1, 1, 1, 1, 0, 1, 0, 0, 0, 1, 0, 0, 0, 0, 1, 0, 0, 1, 0, 0, 0, 1, 0, 1, 0, 1, 1, 1, 1, 1, 0, 1, 1, 0, 1, 1, 1, 1, 1, 1, 1, 1, 0, 1, 1, 1, 0, 0, 0, 0, 0, 1, 0, 1, 1, 0, 0, 0, 1, 1, 0, 0, 0, 0, 1, 0, 1, 1, 0, 1, 1, 0, 0, 1, 1, 1, 0, 1, 0, 0, 1, 0, 0, 0, 0, 1, 1, 1, 0, 0, 1, 0, 0, 0, 1, 1, 1, 1, 0, 1, 0, 1, 0, 1, 1, 0, 0, 0, 1, 0, 1, 0, 1, 0, 1, 1, 0, 0, 0, 0, 1, 0, 1, 1, 1, 1, 1, 0, 1, 0, 1, 1, 0, 1, 0, 1, 0, 0, 0, 1, 1, 1, 0, 0, 0, 0, 1, 0, 1, 1, 1, 0, 0, 0, 0, 1, 0, 0, 1, 1, 0, 0, 0, 0, 1, 0, 1, 0, 0, 0, 1, 1, 0, 0])
Fitness:  263.01842471614566
Gens:  [0, 1, 2, 3, 4, 5, 6, 7, 8, 9, 10, 11, 12, 13, 14, 15, 16, 17, 18, 19, 20, 21, 22, 23, 24, 25, 26, 27, 28, 29, 30, 31, 32, 33, 34, 35, 36, 37, 38, 39, 40, 41, 42, 43, 44, 45, 46, 47, 48, 49, 50, 51, 52, 53, 54, 55, 56, 57, 58, 59, 60, 61, 62, 63, 64, 65]
Inds:  [267.2170283604606, 267.2170283604606, 267.2170283604606, 267.2170283604606, 266.88249258111125, 266.88249258111125, 264.8387029716856, 264.8387029716856, 264.8387029716856, 264.8387029716856, 264.8387029716856, 264.8387029716856, 264.8387029716856, 264.8387029716856, 264.8387029716856, 264.14660146974796, 264.14660146974796, 264.14660146974796, 264.14660146974796, 264.14660146974796, 264.14660146974796, 264.14660146974796, 264.14660146974796, 264.14660146974796, 264.14660146974796, 264.14660146974796, 264.14660146974796, 264.14660146974796, 264.14660146974796, 264.14660146974796, 264.14660146974796, 264.14660146974796, 264.14660146974796, 264.14660146974796, 264.14660146974796, 264.14660146974796, 264.14660146974796, 264.14660146974796, 264.14660146974796, 263.68379077086786, 263.68379077086786, 263.68379077086786, 263.68379077086786, 263.68379077086786, 263.68379077086786, 263.68379077086786, 263.68379077086786, 263.68379077086786, 263.68379077086786, 263.68379077086786, 263.68379077086786, 263.68379077086786, 263.68379077086786, 263.68379077086786, 263.68379077086786, 263.68379077086786, 263.68379077086786, 263.68379077086786, 263.38858714675507, 263.38858714675507, 263.38858714675507, 263.01842471614566, 263.01842471614566, 263.01842471614566, 263.01842471614566, 263.01842471614566]

