BRKGA: art_20_regular_sep

Execução 1:
Parametros: P=5000, Pe=0.3, Pm=0.1, pe=0.7, Parada=100
Tempo de Inicio (hh:mm:ss.ms) 2026-04-28 11:33:19.448600
gen	min    	max    	avg    	std    
0  	292.168	311.501	302.225	2.78123
1  	290.987	311.927	300.488	2.58757
2  	290.709	310.337	299.798	2.79306
3  	289.372	310.851	299.168	2.8875 
5  	288.8  	309.295	298.369	3.14723
9  	288.588	309.046	297.4  	3.40589
12 	288.294	309.449	296.973	3.60033
19 	286.948	311.624	296.3  	3.89872
22 	286.349	311.996	296.024	3.92543
27 	286.222	311.236	295.634	4.10021
31 	284.712	310.579	295.421	4.19072
48 	281.676	310.319	294.303	4.46188
73 	281.632	311.346	291.114	4.9417 
74 	281.585	310.153	290.785	5.01809
76 	280.074	310.67 	290.049	5.08354
78 	280.032	311.887	289.298	5.256  
Tempo de Termino (hh:mm:ss.ms) 2026-04-28 11:38:26.655118
Tempo Total (hh:mm:ss.ms) 0:05:07.206518
Individuo: ([2, 71, 74, 124, 184, 153, 88, 108, 103, 97, 38, 117, 122, 78, 85, 167, 174, 125, 107, 43, 37, 30, 21, 151, 166, 132, 144, 121, 44, 80, 70, 25, 178, 112, 130, 54, 134, 61, 8, 113, 131, 157, 96, 66, 12, 15, 92, 68, 143, 188, 136, 90, 55, 16, 86, 87, 169, 75, 139, 28, 31, 93, 24, 50, 34, 23, 18, 46, 29, 36, 20, 41, 48, 17, 129, 89, 123, 173, 110, 162, 105, 161, 9, 6, 14, 190, 51, 140, 133, 163, 56, 52, 84, 33, 57, 98, 168, 116, 53, 100, 171, 193, 102, 101, 64, 42, 77, 126, 95, 154, 11, 39, 0, 149, 172, 94, 146, 135, 155, 118, 114, 106, 119, 49, 27, 91, 170, 152, 145, 13, 141, 32, 147, 160, 186, 19, 115, 99, 67, 45, 10, 5, 150, 83, 127, 62, 26, 176, 185, 79, 192, 191, 120, 158, 156, 165, 63, 187, 180, 181, 179, 177, 111, 137, 175, 142, 138, 183, 164, 182, 189, 159, 148, 109, 73, 35, 128, 81, 104, 76, 65, 82, 22, 47, 60, 59, 72, 69, 58, 40, 1, 7, 3, 4], [1, 0, 1, 1, 0, 1, 0, 1, 0, 1, 0, 0, 0, 0, 0, 1, 0, 0, 0, 0, 0, 1, 1, 0, 1, 1, 1, 1, 0, 0, 1, 1, 1, 0, 0, 1, 1, 1, 1, 1, 1, 1, 1, 1, 0, 1, 0, 0, 1, 0, 1, 0, 1, 0, 1, 1, 1, 0, 0, 0, 0, 0, 1, 0, 0, 0, 1, 1, 0, 0, 0, 1, 0, 0, 0, 1, 1, 0, 1, 1, 0, 1, 0, 1, 0, 0, 0, 1, 0, 1, 0, 0, 1, 1, 0, 0, 1, 0, 1, 1, 1, 1, 1, 0, 0, 0, 0, 1, 1, 1, 1, 1, 0, 1, 0, 0, 0, 0, 0, 0, 1, 1, 0, 1, 0, 1, 0, 0, 1, 1, 0, 1, 0, 0, 0, 0, 1, 1, 1, 1, 1, 1, 1, 0, 0, 0, 0, 1, 0, 0, 0, 1, 1, 1, 1, 0, 0, 0, 1, 1, 1, 0, 1, 0, 1, 1, 1, 0, 0, 0, 0, 0, 1, 0, 0, 1, 1, 0, 0, 0, 1, 1, 1, 1, 1, 0, 1, 1, 1, 1, 1, 0, 0, 0])
Fitness:  280.032238381802
Gens:  [0, 1, 2, 3, 4, 5, 6, 7, 8, 9, 10, 11, 12, 13, 14, 15, 16, 17, 18, 19, 20, 21, 22, 23, 24, 25, 26, 27, 28, 29, 30, 31, 32, 33, 34, 35, 36, 37, 38, 39, 40, 41, 42, 43, 44, 45, 46, 47, 48, 49, 50, 51, 52, 53, 54, 55, 56, 57, 58, 59, 60, 61, 62, 63, 64, 65, 66, 67, 68, 69, 70, 71, 72, 73, 74, 75, 76, 77, 78]
Inds:  [292.16755247279644, 290.98696400825173, 290.7089654954869, 289.37191594379925, 289.37191594379925, 288.8004956278257, 288.8004956278257, 288.8004956278257, 288.8004956278257, 288.58839479930367, 288.58839479930367, 288.58839479930367, 288.2942714088821, 288.2942714088821, 288.2942714088821, 288.2942714088821, 288.2942714088821, 288.2942714088821, 288.2942714088821, 286.9479074137976, 286.9479074137976, 286.9479074137976, 286.3490634210574, 286.3490634210574, 286.3490634210574, 286.3490634210574, 286.3490634210574, 286.2219594993327, 286.2219594993327, 286.2219594993327, 286.2219594993327, 284.7116210995576, 284.7116210995576, 284.7116210995576, 284.7116210995576, 284.7116210995576, 284.7116210995576, 284.7116210995576, 284.7116210995576, 284.7116210995576, 284.7116210995576, 284.7116210995576, 284.7116210995576, 284.7116210995576, 284.7116210995576, 284.7116210995576, 284.7116210995576, 284.7116210995576, 281.67615499461635, 281.67615499461635, 281.67615499461635, 281.67615499461635, 281.67615499461635, 281.67615499461635, 281.67615499461635, 281.67615499461635, 281.67615499461635, 281.67615499461635, 281.67615499461635, 281.67615499461635, 281.67615499461635, 281.67615499461635, 281.67615499461635, 281.67615499461635, 281.67615499461635, 281.67615499461635, 281.67615499461635, 281.67615499461635, 281.67615499461635, 281.67615499461635, 281.67615499461635, 281.67615499461635, 281.67615499461635, 281.63160823940495, 281.58545584814163, 281.58545584814163, 280.0735011935979, 280.0735011935979, 280.032238381802]

