BRKGA: art_21_irregular_pack

Execução 1:
Parametros: P=5000, Pe=0.3, Pm=0.1, pe=0.7, Parada=100
Tempo de Inicio (hh:mm:ss.ms) 2026-04-28 11:33:58.885023
gen	min    	max    	avg    	std    
0  	418.382	437.025	427.946	2.64606
1  	415.737	434.85 	426.31 	2.46151
3  	415.58 	434.68 	425.032	2.69149
4  	414.698	435.007	424.675	2.86957
15 	413.84 	437.289	422.827	3.52089
22 	413.633	435.27 	422.27 	3.71453
31 	412.838	436.906	421.779	3.90948
37 	412.634	435.745	421.51 	4.00021
Tempo de Termino (hh:mm:ss.ms) 2026-04-28 11:39:12.406444
Tempo Total (hh:mm:ss.ms) 0:05:13.521421
Individuo: ([13, 142, 122, 113, 162, 328, 312, 239, 241, 205, 224, 310, 139, 204, 261, 281, 185, 177, 267, 259, 186, 14, 1, 319, 112, 60, 53, 94, 26, 235, 218, 270, 311, 258, 131, 69, 21, 273, 165, 66, 47, 40, 223, 168, 92, 213, 109, 125, 268, 206, 153, 38, 217, 209, 220, 144, 46, 214, 269, 84, 110, 307, 317, 137, 197, 287, 313, 100, 111, 39, 298, 73, 34, 37, 196, 176, 315, 128, 10, 163, 127, 252, 32, 33, 85, 52, 189, 120, 297, 236, 304, 292, 303, 327, 231, 45, 35, 75, 247, 244, 117, 161, 67, 225, 226, 192, 8, 181, 78, 262, 16, 119, 333, 156, 254, 291, 150, 216, 191, 164, 203, 23, 199, 97, 103, 257, 335, 108, 91, 147, 207, 106, 44, 96, 102, 93, 124, 329, 330, 321, 18, 278, 290, 308, 300, 275, 172, 277, 265, 280, 266, 167, 200, 174, 51, 56, 237, 71, 116, 41, 305, 129, 24, 76, 169, 229, 299, 180, 83, 62, 178, 250, 58, 63, 126, 279, 283, 263, 173, 170, 301, 324, 95, 222, 187, 166, 98, 148, 11, 31, 208, 160, 70, 88, 82, 130, 68, 54, 99, 240, 12, 243, 245, 219, 151, 80, 17, 81, 227, 86, 42, 179, 194, 2, 72, 294, 105, 334, 171, 332, 323, 50, 121, 132, 326, 246, 234, 152, 5, 140, 65, 49, 253, 255, 320, 286, 19, 264, 90, 20, 331, 114, 211, 6, 0, 101, 175, 282, 285, 230, 260, 256, 233, 107, 155, 183, 232, 30, 36, 154, 158, 306, 182, 322, 141, 57, 157, 325, 293, 48, 221, 146, 193, 64, 115, 296, 289, 79, 3, 55, 284, 134, 9, 135, 249, 43, 123, 316, 59, 15, 302, 274, 210, 248, 74, 89, 143, 22, 188, 138, 201, 288, 314, 4, 271, 87, 77, 104, 133, 159, 145, 238, 228, 195, 276, 309, 184, 242, 118, 27, 318, 149, 136, 61, 28, 212, 190, 272, 215, 7, 202, 198, 251, 295, 29, 25], [1, 0, 0, 1, 1, 0, 0, 0, 0, 1, 0, 1, 1, 0, 1, 1, 0, 1, 0, 0, 1, 0, 1, 1, 0, 0, 0, 1, 0, 0, 1, 0, 0, 1, 0, 0, 0, 0, 1, 1, 1, 0, 1, 0, 0, 0, 1, 0, 1, 0, 0, 0, 1, 0, 1, 1, 0, 0, 1, 1, 0, 0, 1, 0, 0, 1, 1, 1, 1, 0, 0, 1, 0, 0, 1, 1, 0, 1, 1, 1, 0, 1, 1, 1, 0, 1, 0, 1, 0, 1, 1, 0, 0, 1, 0, 0, 0, 1, 1, 0, 1, 0, 0, 0, 0, 1, 0, 0, 0, 0, 0, 1, 1, 1, 0, 0, 0, 1, 0, 0, 1, 1, 1, 1, 1, 0, 0, 1, 0, 1, 0, 1, 1, 1, 0, 1, 0, 1, 0, 1, 1, 1, 0, 1, 0, 1, 0, 1, 1, 0, 0, 1, 0, 0, 0, 0, 1, 1, 0, 1, 0, 1, 1, 0, 1, 0, 1, 0, 0, 0, 0, 1, 0, 1, 0, 1, 1, 0, 0, 1, 0, 1, 1, 1, 0, 0, 0, 1, 0, 0, 0, 1, 0, 1, 0, 1, 0, 0, 0, 1, 0, 0, 0, 1, 1, 0, 1, 1, 1, 1, 0, 0, 0, 0, 0, 1, 0, 0, 1, 1, 1, 1, 0, 1, 0, 1, 0, 1, 1, 0, 1, 1, 0, 1, 0, 1, 1, 1, 0, 0, 0, 1, 1, 1, 0, 1, 1, 1, 0, 1, 1, 0, 1, 1, 1, 0, 0, 1, 1, 0, 0, 0, 1, 1, 1, 1, 0, 0, 0, 1, 1, 1, 0, 1, 0, 0, 0, 1, 0, 0, 1, 1, 1, 0, 1, 0, 0, 0, 0, 0, 0, 0, 1, 0, 0, 0, 1, 1, 1, 0, 1, 1, 0, 1, 1, 1, 1, 1, 0, 0, 0, 0, 1, 0, 0, 0, 1, 1, 1, 0, 1, 1, 1, 0, 1, 1, 0, 0, 0, 1, 0, 1, 1, 0, 1, 1])
Fitness:  412.634274128611
Gens:  [0, 1, 2, 3, 4, 5, 6, 7, 8, 9, 10, 11, 12, 13, 14, 15, 16, 17, 18, 19, 20, 21, 22, 23, 24, 25, 26, 27, 28, 29, 30, 31, 32, 33, 34, 35, 36, 37, 38]
Inds:  [418.38233619043336, 415.7368444351735, 415.7368444351735, 415.579747001807, 414.6984153559828, 414.6984153559828, 414.6984153559828, 414.6984153559828, 414.6984153559828, 414.6984153559828, 414.6984153559828, 414.6984153559828, 414.6984153559828, 414.6984153559828, 414.6984153559828, 413.840157497099, 413.840157497099, 413.840157497099, 413.840157497099, 413.840157497099, 413.840157497099, 413.840157497099, 413.63298510097974, 413.63298510097974, 413.63298510097974, 413.63298510097974, 413.63298510097974, 413.63298510097974, 413.63298510097974, 413.63298510097974, 413.63298510097974, 412.83781150433725, 412.83781150433725, 412.83781150433725, 412.83781150433725, 412.83781150433725, 412.83781150433725, 412.634274128611, 412.634274128611]

