BRKGA: art_25_regular_sep

Execução 1:
Parametros: P=5000, Pe=0.3, Pm=0.1, pe=0.7, Parada=100
Tempo de Inicio (hh:mm:ss.ms) 2026-04-28 11:43:35.345036
gen	min   	max    	avg    	std   
0  	210.57	227.278	219.465	2.3309
1  	210.544	227.064	218.012	2.18677
2  	210.278	226.272	217.353	2.32568
3  	209.777	225.238	216.932	2.45204
4  	208.835	226.745	216.593	2.56879
5  	208.781	226.343	216.265	2.62452
6  	208.32 	225.826	215.972	2.67951
10 	207.479	227.132	215.382	2.9512 
17 	206.896	227.153	214.543	3.16393
21 	206.464	226.379	214.202	3.30268
29 	206.462	226.938	213.573	3.44654
30 	205.288	226.681	213.459	3.46712
42 	204.594	225.262	212.425	3.67031
45 	204.512	226.624	212.157	3.7522 
48 	202.738	225.483	211.862	3.81312
59 	201.611	227.208	210.16 	4.07738
60 	201.486	227.332	209.877	4.05727
65 	201.484	226.542	208.646	4.32863
67 	200.187	225.049	208.091	4.4927 
71 	199.85 	226.084	206.671	4.79302
72 	199.167	227.08 	206.274	4.94815
73 	198.029	226.272	205.887	5.01638
75 	197.48 	226.209	205.101	5.21404
76 	197.115	226.654	204.719	5.29547
77 	194.576	226.182	204.268	5.43028
82 	193.907	225.998	202.16 	6.03316
85 	192.288	225.85 	200.85 	6.40239
88 	191.723	226.725	199.619	6.84884
90 	190.419	226.259	198.819	7.04693
93 	189.228	226.058	197.58 	7.45752
97 	188.767	226.941	196.013	7.97527
Tempo de Termino (hh:mm:ss.ms) 2026-04-28 11:48:38.595234
Tempo Total (hh:mm:ss.ms) 0:05:03.250198
Individuo: ([2, 0, 30, 19, 35, 36, 15, 5, 20, 24, 21, 25, 27, 37, 43, 23, 56, 17, 39, 49, 22, 61, 41, 4, 57, 118, 133, 128, 93, 85, 52, 68, 70, 134, 71, 123, 75, 81, 114, 117, 138, 142, 130, 151, 137, 156, 147, 79, 40, 148, 129, 109, 45, 55, 115, 108, 84, 50, 54, 63, 98, 94, 100, 127, 99, 107, 80, 76, 83, 62, 90, 91, 33, 46, 47, 60, 44, 26, 58, 113, 92, 110, 105, 77, 88, 119, 102, 125, 122, 78, 143, 135, 144, 101, 158, 154, 146, 96, 124, 152, 159, 157, 111, 149, 121, 112, 104, 150, 155, 97, 141, 140, 87, 74, 67, 69, 89, 82, 120, 116, 66, 18, 14, 8, 53, 73, 86, 32, 34, 59, 65, 64, 106, 103, 136, 132, 139, 145, 153, 131, 126, 95, 28, 72, 51, 31, 38, 48, 7, 16, 3, 13, 10, 9, 42, 6, 12, 11, 29, 1], [1, 0, 0, 1, 1, 1, 0, 1, 0, 0, 1, 0, 0, 0, 0, 0, 1, 1, 1, 1, 1, 1, 1, 1, 1, 1, 0, 0, 0, 0, 1, 1, 0, 0, 0, 0, 1, 0, 1, 1, 0, 1, 0, 1, 1, 0, 1, 1, 0, 0, 1, 1, 0, 1, 0, 0, 0, 0, 0, 0, 1, 0, 1, 0, 0, 0, 1, 0, 1, 0, 0, 1, 1, 0, 1, 1, 0, 1, 0, 1, 0, 0, 0, 0, 1, 0, 0, 1, 1, 0, 0, 0, 0, 1, 0, 0, 0, 0, 0, 1, 1, 1, 1, 1, 1, 1, 1, 1, 1, 1, 0, 1, 1, 1, 0, 1, 0, 1, 0, 0, 1, 1, 0, 0, 1, 1, 1, 0, 1, 1, 1, 0, 1, 1, 0, 1, 0, 0, 0, 1, 1, 0, 0, 0, 0, 1, 1, 1, 0, 1, 1, 0, 1, 1, 1, 0, 1, 1, 1, 1])
Fitness:  188.7673522002511
Gens:  [0, 1, 2, 3, 4, 5, 6, 7, 8, 9, 10, 11, 12, 13, 14, 15, 16, 17, 18, 19, 20, 21, 22, 23, 24, 25, 26, 27, 28, 29, 30, 31, 32, 33, 34, 35, 36, 37, 38, 39, 40, 41, 42, 43, 44, 45, 46, 47, 48, 49, 50, 51, 52, 53, 54, 55, 56, 57, 58, 59, 60, 61, 62, 63, 64, 65, 66, 67, 68, 69, 70, 71, 72, 73, 74, 75, 76, 77, 78, 79, 80, 81, 82, 83, 84, 85, 86, 87, 88, 89, 90, 91, 92, 93, 94, 95, 96, 97]
Inds:  [210.5696471698189, 210.54392603392944, 210.2775143211046, 209.77721453690197, 208.83544462992268, 208.78072772213025, 208.31970875329006, 208.31970875329006, 208.31970875329006, 208.31970875329006, 207.47880067814577, 207.47880067814577, 207.47880067814577, 207.47880067814577, 207.47880067814577, 207.47880067814577, 207.47880067814577, 206.89616224294159, 206.89616224294159, 206.89616224294159, 206.89616224294159, 206.4642645406107, 206.4642645406107, 206.4642645406107, 206.4642645406107, 206.4642645406107, 206.4642645406107, 206.4642645406107, 206.4642645406107, 206.4616218801974, 205.2883120403361, 205.2883120403361, 205.2883120403361, 205.2883120403361, 205.2883120403361, 205.2883120403361, 205.2883120403361, 205.2883120403361, 205.2883120403361, 205.2883120403361, 205.2883120403361, 205.2883120403361, 204.59350776843291, 204.59350776843291, 204.59350776843291, 204.51159934551492, 204.51159934551492, 204.51159934551492, 202.73818969452913, 202.73818969452913, 202.73818969452913, 202.73818969452913, 202.73818969452913, 202.73818969452913, 202.73818969452913, 202.73818969452913, 202.73818969452913, 202.73818969452913, 202.73818969452913, 201.61100652309318, 201.48571827116737, 201.48571827116737, 201.48571827116737, 201.48571827116737, 201.48571827116737, 201.48396581516786, 201.48396581516786, 200.18721046573376, 200.18721046573376, 200.18721046573376, 200.18721046573376, 199.84992410283985, 199.16732576009298, 198.02873005046206, 198.02873005046206, 197.4797297810005, 197.11538612159177, 194.57627219243105, 194.57627219243105, 194.57627219243105, 194.57627219243105, 194.57627219243105, 193.9069927869009, 193.9069927869009, 193.9069927869009, 192.2882247690972, 192.2882247690972, 192.2882247690972, 191.72336137216539, 191.72336137216539, 190.41852278186295, 190.41852278186295, 190.41852278186295, 189.22849330636296, 189.22849330636296, 189.22849330636296, 189.22849330636296, 188.7673522002511]

