BRKGA: art_8_hole_pack

Execução 1:
Parametros: P=5000, Pe=0.3, Pm=0.1, pe=0.7, Parada=100
Tempo de Inicio (hh:mm:ss.ms) 2026-04-28 11:54:46.953690
gen	min   	max    	avg    	std    
0  	407.68	426.378	416.667	2.59488
1  	404.986	425.657	415.102	2.42321
6  	404.147	424.088	412.906	3.00138
9  	403.849	425.922	412.343	3.22901
12 	403.13 	425.418	411.984	3.36208
18 	403.059	425.518	411.38 	3.51808
25 	402.887	425.405	410.886	3.71724
30 	402.334	422.921	410.711	3.86245
31 	401.715	423.697	410.623	3.8541 
Tempo de Termino (hh:mm:ss.ms) 2026-04-28 11:59:58.262903
Tempo Total (hh:mm:ss.ms) 0:05:11.309213
Individuo: ([115, 5, 10, 124, 156, 135, 146, 206, 308, 60, 188, 300, 63, 39, 38, 164, 61, 128, 240, 213, 200, 301, 101, 221, 215, 203, 31, 257, 54, 262, 282, 3, 113, 131, 244, 112, 118, 278, 224, 95, 136, 310, 231, 117, 49, 129, 72, 143, 87, 159, 64, 249, 50, 220, 126, 8, 58, 230, 233, 311, 297, 137, 216, 99, 178, 179, 165, 176, 207, 81, 37, 243, 51, 96, 258, 181, 254, 304, 277, 149, 306, 255, 251, 225, 232, 43, 15, 46, 186, 27, 288, 173, 83, 184, 279, 9, 234, 36, 217, 295, 208, 307, 302, 210, 223, 229, 191, 286, 189, 47, 313, 202, 315, 248, 242, 246, 89, 245, 107, 270, 67, 42, 190, 252, 133, 241, 32, 12, 0, 66, 71, 94, 274, 235, 34, 52, 168, 171, 291, 209, 85, 121, 111, 122, 74, 312, 57, 40, 114, 169, 163, 152, 292, 294, 28, 100, 102, 17, 55, 18, 264, 69, 151, 144, 228, 227, 23, 180, 205, 77, 237, 293, 174, 125, 22, 218, 123, 21, 70, 155, 120, 97, 266, 154, 265, 62, 6, 142, 271, 281, 88, 93, 198, 275, 253, 41, 130, 127, 256, 283, 161, 287, 7, 104, 166, 138, 14, 13, 53, 106, 24, 35, 76, 250, 98, 222, 204, 4, 2, 16, 147, 192, 299, 187, 30, 298, 261, 86, 25, 134, 48, 158, 92, 196, 153, 314, 68, 276, 56, 290, 177, 193, 289, 80, 239, 182, 273, 108, 195, 172, 157, 79, 84, 141, 78, 268, 260, 11, 150, 145, 238, 269, 296, 309, 214, 65, 19, 33, 201, 194, 212, 267, 82, 20, 73, 219, 162, 119, 110, 132, 303, 284, 211, 105, 183, 259, 44, 197, 285, 140, 280, 90, 91, 305, 272, 236, 247, 116, 199, 103, 139, 170, 160, 185, 148, 29, 226, 45, 167, 26, 59, 263, 75, 109, 175, 1], [1, 0, 1, 0, 0, 0, 1, 1, 1, 0, 0, 0, 0, 0, 1, 0, 1, 1, 0, 0, 0, 0, 1, 1, 0, 1, 1, 0, 0, 1, 0, 1, 1, 1, 0, 0, 0, 0, 0, 1, 0, 1, 0, 1, 0, 1, 1, 1, 1, 1, 1, 0, 0, 0, 1, 0, 0, 0, 1, 0, 0, 1, 1, 1, 0, 0, 1, 0, 1, 1, 1, 1, 1, 1, 1, 0, 0, 0, 0, 0, 0, 1, 1, 1, 1, 0, 0, 0, 1, 1, 0, 1, 1, 1, 1, 1, 0, 1, 0, 0, 1, 1, 0, 0, 1, 1, 1, 0, 0, 0, 0, 1, 0, 0, 0, 0, 1, 0, 0, 1, 1, 0, 0, 1, 0, 0, 1, 1, 0, 0, 1, 0, 1, 0, 0, 0, 0, 1, 0, 0, 0, 0, 0, 1, 0, 0, 0, 1, 0, 1, 1, 1, 0, 0, 0, 0, 0, 1, 0, 1, 1, 0, 1, 0, 1, 0, 1, 1, 1, 1, 0, 1, 0, 1, 0, 1, 0, 1, 0, 1, 0, 1, 1, 1, 1, 0, 1, 1, 1, 0, 1, 1, 0, 0, 1, 0, 0, 1, 1, 0, 0, 1, 0, 0, 0, 0, 1, 1, 1, 0, 0, 0, 0, 1, 0, 1, 1, 0, 1, 1, 0, 1, 1, 0, 1, 1, 0, 0, 1, 0, 1, 1, 1, 1, 1, 0, 0, 1, 1, 0, 0, 0, 0, 0, 0, 0, 1, 0, 1, 1, 0, 0, 1, 1, 1, 0, 1, 0, 0, 0, 1, 1, 0, 0, 1, 1, 1, 1, 0, 0, 1, 0, 1, 0, 1, 1, 0, 0, 1, 0, 0, 1, 0, 1, 0, 1, 1, 0, 0, 0, 0, 1, 0, 1, 1, 0, 1, 1, 0, 0, 0, 1, 0, 1, 0, 1, 0, 0, 1, 0, 1, 1, 0, 1, 0, 1])
Fitness:  401.7153851777523
Gens:  [0, 1, 2, 3, 4, 5, 6, 7, 8, 9, 10, 11, 12, 13, 14, 15, 16, 17, 18, 19, 20, 21, 22, 23, 24, 25, 26, 27, 28, 29, 30, 31, 32, 33, 34, 35, 36, 37, 38, 39, 40, 41]
Inds:  [407.6802130140117, 404.9861834804299, 404.9861834804299, 404.9861834804299, 404.9861834804299, 404.9861834804299, 404.1474266748677, 404.1474266748677, 404.1474266748677, 403.84926263860996, 403.84926263860996, 403.84926263860996, 403.13040651106667, 403.13040651106667, 403.13040651106667, 403.13040651106667, 403.13040651106667, 403.13040651106667, 403.05891306699283, 403.05891306699283, 403.05891306699283, 403.05891306699283, 403.05891306699283, 403.05891306699283, 403.05891306699283, 402.886661366673, 402.886661366673, 402.886661366673, 402.886661366673, 402.886661366673, 402.33372627527046, 401.7153851777523, 401.7153851777523, 401.7153851777523, 401.7153851777523, 401.7153851777523, 401.7153851777523, 401.7153851777523, 401.7153851777523, 401.7153851777523, 401.7153851777523, 401.7153851777523]

