BRKGA: art_25_regular_pack

Execução 1:
Parametros: P=5000, Pe=0.3, Pm=0.1, pe=0.7, Parada=100
Tempo de Inicio (hh:mm:ss.ms) 2026-04-28 11:39:42.668032
gen	min    	max   	avg    	std   
0  	263.291	279.41	271.944	2.0782
2  	263.044	278.025	270.066	2.06282
3  	262.825	278.268	269.704	2.19407
7  	262.21 	277.523	268.749	2.50188
9  	262.157	277.85 	268.438	2.59438
10 	261.456	278.394	268.296	2.6561 
11 	260.909	277.238	268.202	2.69235
12 	259.603	278.02 	268.04 	2.69493
30 	259.525	278.04 	266.646	3.12049
34 	258.009	277.213	266.436	3.20339
54 	257.762	278.105	265.109	3.49268
57 	257.389	277.708	264.828	3.53479
59 	256.35 	279.632	264.685	3.58073
61 	256.039	280.324	264.514	3.62536
68 	255.464	277.931	263.75 	3.73753
73 	255.114	277.342	262.868	3.8323 
74 	254.447	278.365	262.718	3.93173
Tempo de Termino (hh:mm:ss.ms) 2026-04-28 11:44:49.825695
Tempo Total (hh:mm:ss.ms) 0:05:07.157663
Individuo: ([8, 3, 0, 35, 4, 31, 55, 51, 76, 50, 133, 192, 84, 119, 171, 24, 17, 21, 97, 48, 170, 193, 158, 110, 92, 174, 197, 148, 100, 1, 30, 81, 125, 34, 42, 71, 12, 53, 91, 190, 195, 57, 168, 96, 38, 70, 124, 19, 14, 23, 77, 180, 47, 187, 196, 163, 154, 118, 151, 164, 139, 59, 64, 90, 175, 138, 157, 114, 143, 62, 32, 117, 67, 107, 74, 49, 188, 102, 80, 141, 184, 178, 46, 145, 60, 115, 159, 183, 160, 182, 83, 169, 121, 179, 191, 147, 198, 194, 131, 94, 144, 65, 26, 72, 79, 33, 109, 9, 16, 75, 103, 44, 140, 95, 153, 189, 85, 101, 120, 116, 45, 56, 93, 177, 166, 152, 128, 150, 127, 61, 167, 186, 161, 149, 18, 6, 7, 25, 43, 78, 69, 66, 58, 63, 113, 108, 181, 142, 185, 112, 10, 40, 15, 82, 52, 176, 105, 41, 137, 54, 29, 27, 28, 5, 98, 104, 36, 88, 123, 172, 89, 135, 134, 165, 136, 20, 111, 68, 106, 156, 126, 99, 155, 199, 130, 122, 132, 129, 22, 11, 162, 146, 173, 73, 87, 86, 37, 13, 2, 39], [1, 1, 1, 0, 1, 1, 1, 1, 0, 1, 1, 1, 0, 1, 1, 0, 0, 1, 0, 1, 0, 0, 0, 0, 1, 1, 1, 0, 1, 0, 0, 0, 0, 1, 0, 1, 1, 0, 0, 0, 1, 1, 1, 0, 1, 0, 1, 1, 1, 1, 0, 0, 0, 0, 0, 1, 0, 0, 1, 0, 0, 1, 0, 0, 0, 1, 0, 0, 0, 0, 1, 0, 0, 0, 1, 0, 0, 1, 1, 1, 0, 0, 1, 1, 0, 1, 1, 0, 0, 0, 1, 1, 1, 0, 1, 1, 1, 0, 1, 0, 0, 0, 0, 1, 0, 1, 0, 0, 0, 1, 0, 1, 0, 0, 0, 0, 1, 1, 1, 1, 0, 0, 1, 0, 1, 0, 1, 1, 0, 0, 1, 1, 1, 1, 0, 0, 0, 1, 0, 0, 0, 0, 1, 0, 0, 0, 1, 0, 0, 0, 0, 1, 1, 0, 1, 0, 1, 1, 1, 0, 1, 1, 1, 1, 0, 1, 0, 1, 1, 0, 0, 0, 1, 1, 1, 0, 0, 1, 0, 0, 0, 1, 0, 1, 0, 1, 0, 0, 1, 1, 1, 1, 1, 1, 0, 0, 1, 0, 1, 0])
Fitness:  254.44696272329114
Gens:  [0, 1, 2, 3, 4, 5, 6, 7, 8, 9, 10, 11, 12, 13, 14, 15, 16, 17, 18, 19, 20, 21, 22, 23, 24, 25, 26, 27, 28, 29, 30, 31, 32, 33, 34, 35, 36, 37, 38, 39, 40, 41, 42, 43, 44, 45, 46, 47, 48, 49, 50, 51, 52, 53, 54, 55, 56, 57, 58, 59, 60, 61, 62, 63, 64, 65, 66, 67, 68, 69, 70, 71, 72, 73, 74, 75]
Inds:  [263.290700719691, 263.290700719691, 263.04361287160015, 262.825413073118, 262.825413073118, 262.825413073118, 262.825413073118, 262.21047693734266, 262.21047693734266, 262.1571204852525, 261.4559851013205, 260.90922027098276, 259.60317538818026, 259.60317538818026, 259.60317538818026, 259.60317538818026, 259.60317538818026, 259.60317538818026, 259.60317538818026, 259.60317538818026, 259.60317538818026, 259.60317538818026, 259.60317538818026, 259.60317538818026, 259.60317538818026, 259.60317538818026, 259.60317538818026, 259.60317538818026, 259.60317538818026, 259.60317538818026, 259.52490419527936, 259.52490419527936, 259.52490419527936, 259.52490419527936, 258.00850352659444, 258.00850352659444, 258.00850352659444, 258.00850352659444, 258.00850352659444, 258.00850352659444, 258.00850352659444, 258.00850352659444, 258.00850352659444, 258.00850352659444, 258.00850352659444, 258.00850352659444, 258.00850352659444, 258.00850352659444, 258.00850352659444, 258.00850352659444, 258.00850352659444, 258.00850352659444, 258.00850352659444, 258.00850352659444, 257.76177428614375, 257.76177428614375, 257.76177428614375, 257.3890114986501, 257.3890114986501, 256.35045031747467, 256.35045031747467, 256.0391803979848, 256.0391803979848, 256.0391803979848, 256.0391803979848, 256.0391803979848, 256.0391803979848, 256.0391803979848, 255.46389864031391, 255.46389864031391, 255.46389864031391, 255.46389864031391, 255.46389864031391, 255.11406237101568, 254.44696272329114, 254.44696272329114]

