BRKGA: art_2_hole_pack

Execução 1:
Parametros: P=5000, Pe=0.3, Pm=0.1, pe=0.7, Parada=100
Tempo de Inicio (hh:mm:ss.ms) 2026-04-28 11:44:05.129082
gen	min    	max    	avg    	std    
0  	200.329	209.748	205.337	1.42022
1  	200.188	211.495	204.463	1.35197
2  	199.28 	210.15 	204.034	1.39916
4  	199.265	209.652	203.593	1.53753
5  	198.772	209.41 	203.444	1.60598
7  	197.973	210.07 	203.207	1.67786
15 	197.919	209.582	202.567	1.9074 
23 	197.092	209.729	202.116	2.02992
28 	196.963	209.809	201.966	2.09257
39 	196.616	209.922	201.519	2.1853 
44 	196.605	209.77 	201.358	2.24534
46 	196.165	209.436	201.301	2.25754
51 	196.046	209.908	201.074	2.30253
55 	195.974	208.869	200.908	2.36805
58 	195.692	209.465	200.726	2.3438 
65 	195.341	209.844	200.274	2.43232
66 	194.818	209.395	200.204	2.44071
70 	194.223	209.158	199.846	2.46137
79 	193.657	209.875	198.725	2.70506
80 	193.392	209.274	198.537	2.70833
81 	192.848	209.237	198.335	2.77557
82 	192.743	209.272	198.149	2.82818
83 	192.704	209.277	197.963	2.8541 
84 	192.53 	210.08 	197.74 	2.95655
87 	192.362	209.372	197.019	3.09176
88 	192.17 	209.366	196.776	3.13061
89 	191.313	209.578	196.519	3.22214
Tempo de Termino (hh:mm:ss.ms) 2026-04-28 11:49:10.193633
Tempo Total (hh:mm:ss.ms) 0:05:05.064551
Individuo: ([5, 1, 89, 103, 148, 96, 92, 165, 91, 40, 65, 45, 139, 47, 90, 86, 67, 41, 71, 84, 104, 66, 57, 48, 170, 166, 9, 62, 107, 110, 8, 55, 0, 7, 26, 140, 43, 38, 70, 34, 82, 159, 156, 154, 143, 168, 146, 164, 167, 94, 32, 58, 157, 153, 150, 16, 115, 141, 135, 52, 75, 87, 149, 151, 160, 85, 97, 100, 98, 60, 161, 53, 93, 49, 152, 145, 77, 74, 142, 144, 99, 80, 88, 59, 44, 136, 20, 22, 21, 3, 28, 95, 69, 42, 124, 68, 129, 118, 147, 112, 18, 12, 61, 46, 123, 11, 31, 125, 116, 64, 81, 119, 36, 122, 117, 163, 78, 35, 155, 72, 50, 76, 79, 27, 63, 121, 126, 137, 138, 15, 37, 23, 30, 128, 133, 131, 113, 127, 54, 56, 83, 101, 105, 162, 158, 73, 169, 102, 13, 24, 25, 51, 114, 6, 17, 10, 111, 109, 108, 19, 2, 39, 14, 120, 33, 29, 134, 132, 130, 106, 4], [0, 1, 0, 0, 0, 1, 0, 1, 0, 1, 0, 1, 0, 1, 1, 0, 0, 1, 0, 0, 1, 1, 0, 0, 1, 0, 1, 0, 1, 0, 1, 1, 1, 1, 0, 0, 1, 1, 1, 1, 1, 1, 0, 1, 0, 0, 1, 0, 0, 1, 0, 1, 0, 1, 0, 1, 0, 1, 0, 0, 1, 1, 0, 1, 0, 0, 1, 0, 1, 1, 1, 0, 1, 1, 0, 0, 1, 1, 1, 0, 1, 0, 1, 1, 1, 0, 1, 0, 1, 0, 1, 1, 1, 0, 0, 1, 0, 1, 0, 1, 1, 0, 1, 0, 1, 0, 1, 0, 0, 1, 1, 1, 1, 1, 0, 0, 1, 1, 1, 0, 0, 1, 0, 1, 0, 0, 1, 1, 0, 0, 0, 0, 0, 0, 1, 0, 0, 0, 1, 0, 1, 1, 0, 1, 1, 1, 0, 1, 1, 1, 0, 1, 0, 0, 1, 0, 0, 0, 1, 0, 1, 0, 0, 0, 0, 0, 1, 0, 1, 1, 0])
Fitness:  191.31323410733177
Gens:  [0, 1, 2, 3, 4, 5, 6, 7, 8, 9, 10, 11, 12, 13, 14, 15, 16, 17, 18, 19, 20, 21, 22, 23, 24, 25, 26, 27, 28, 29, 30, 31, 32, 33, 34, 35, 36, 37, 38, 39, 40, 41, 42, 43, 44, 45, 46, 47, 48, 49, 50, 51, 52, 53, 54, 55, 56, 57, 58, 59, 60, 61, 62, 63, 64, 65, 66, 67, 68, 69, 70, 71, 72, 73, 74, 75, 76, 77, 78, 79, 80, 81, 82, 83, 84, 85, 86, 87, 88, 89, 90]
Inds:  [200.3290125117297, 200.18781183172467, 199.2803837922564, 199.2803837922564, 199.2648883057118, 198.77160906023258, 198.77160906023258, 197.9730030270567, 197.9730030270567, 197.9730030270567, 197.9730030270567, 197.9730030270567, 197.9730030270567, 197.9730030270567, 197.9730030270567, 197.91886266629183, 197.91886266629183, 197.91886266629183, 197.91886266629183, 197.91886266629183, 197.91886266629183, 197.91886266629183, 197.91886266629183, 197.09190303602196, 197.09190303602196, 197.09190303602196, 197.09190303602196, 197.09190303602196, 196.96319669304066, 196.96319669304066, 196.96319669304066, 196.96319669304066, 196.96319669304066, 196.96319669304066, 196.96319669304066, 196.96319669304066, 196.96319669304066, 196.96319669304066, 196.96319669304066, 196.61567806258054, 196.61567806258054, 196.61567806258054, 196.61567806258054, 196.61567806258054, 196.6052442887014, 196.6052442887014, 196.16459460010032, 196.16459460010032, 196.16459460010032, 196.16459460010032, 196.16459460010032, 196.04588540838182, 196.04588540838182, 196.04588540838182, 196.04588540838182, 195.97381752341929, 195.97381752341929, 195.97381752341929, 195.69166633148845, 195.69166633148845, 195.69166633148845, 195.69166633148845, 195.69166633148845, 195.69166633148845, 195.69166633148845, 195.34065585646826, 194.81810552296915, 194.81810552296915, 194.81810552296915, 194.81810552296915, 194.22281960597334, 194.22281960597334, 194.22281960597334, 194.22281960597334, 194.22281960597334, 194.22281960597334, 194.22281960597334, 194.22281960597334, 194.22281960597334, 193.6568305179196, 193.39204577387582, 192.84832300461966, 192.74266437061976, 192.7042031479308, 192.53004893225122, 192.53004893225122, 192.53004893225122, 192.36225778311496, 192.1698295449764, 191.31323410733177, 191.31323410733177]

