BRKGA: art_20_irregular_pack

Execução 1:
Parametros: P=5000, Pe=0.3, Pm=0.1, pe=0.7, Parada=100
Tempo de Inicio (hh:mm:ss.ms) 2026-04-28 11:29:07.718578
gen	min    	max    	avg    	std    
0  	287.272	303.371	295.721	2.10164
2  	287.083	301.633	293.876	2.09143
3  	286.782	303.162	293.477	2.20208
6  	285.985	302.153	292.733	2.41976
9  	285.455	302.455	292.232	2.54844
11 	285.355	301.356	292.021	2.64383
12 	285.247	303.545	291.939	2.68403
17 	285.232	301.298	291.531	2.83325
18 	284.639	302.39 	291.453	2.84322
22 	284.51 	301.517	291.207	2.93066
26 	284.251	302.516	291.025	3.05548
29 	283.343	301.706	290.853	3.04111
33 	283.254	302.117	290.708	3.17682
40 	283.143	302.283	290.364	3.19427
44 	282.507	302.836	290.264	3.29213
48 	280.71 	301.629	290.067	3.31214
Tempo de Termino (hh:mm:ss.ms) 2026-04-28 11:34:17.169940
Tempo Total (hh:mm:ss.ms) 0:05:09.451362
Individuo: ([3, 22, 0, 16, 23, 47, 49, 111, 102, 45, 143, 40, 42, 175, 95, 30, 34, 35, 69, 74, 21, 63, 87, 194, 205, 147, 158, 38, 28, 43, 18, 112, 228, 219, 97, 217, 80, 177, 230, 233, 181, 193, 99, 138, 128, 165, 73, 146, 141, 56, 82, 114, 210, 163, 54, 77, 84, 127, 93, 169, 236, 223, 186, 191, 139, 208, 206, 118, 145, 216, 129, 136, 180, 183, 200, 225, 160, 238, 199, 234, 58, 8, 171, 229, 185, 178, 226, 173, 231, 188, 203, 64, 149, 224, 104, 123, 85, 159, 237, 125, 133, 148, 140, 116, 164, 155, 134, 92, 50, 109, 197, 201, 9, 211, 198, 227, 152, 204, 151, 26, 75, 32, 161, 14, 209, 182, 91, 59, 119, 122, 195, 115, 142, 103, 33, 113, 207, 72, 41, 154, 108, 184, 218, 110, 187, 5, 135, 121, 11, 57, 52, 170, 137, 221, 192, 55, 94, 132, 46, 167, 65, 157, 39, 98, 68, 81, 24, 101, 29, 27, 235, 213, 51, 100, 131, 15, 179, 196, 126, 66, 78, 10, 70, 60, 176, 232, 202, 168, 20, 220, 90, 222, 190, 144, 67, 2, 107, 7, 76, 120, 79, 31, 166, 19, 6, 214, 162, 153, 156, 44, 48, 53, 71, 83, 124, 89, 106, 172, 1, 13, 12, 88, 117, 215, 212, 96, 105, 36, 189, 61, 62, 37, 130, 25, 17, 86, 174, 150, 4], [0, 1, 0, 0, 0, 1, 0, 0, 0, 1, 0, 0, 1, 0, 0, 1, 1, 1, 0, 0, 1, 0, 0, 0, 1, 0, 0, 1, 1, 0, 0, 0, 0, 1, 1, 1, 1, 0, 0, 0, 0, 0, 0, 1, 0, 1, 0, 0, 0, 1, 1, 0, 1, 1, 0, 0, 1, 0, 1, 1, 0, 1, 1, 1, 1, 0, 1, 0, 0, 0, 0, 0, 0, 1, 1, 0, 1, 1, 1, 1, 0, 0, 1, 0, 0, 1, 0, 0, 1, 1, 0, 0, 1, 1, 0, 0, 0, 0, 1, 0, 0, 0, 0, 0, 0, 0, 0, 0, 0, 1, 1, 1, 1, 1, 1, 1, 0, 1, 0, 0, 1, 1, 1, 1, 1, 0, 0, 0, 1, 0, 1, 0, 1, 0, 0, 1, 1, 0, 1, 1, 0, 1, 0, 1, 1, 1, 1, 1, 0, 0, 0, 1, 0, 1, 0, 0, 1, 1, 1, 0, 0, 0, 0, 1, 0, 1, 1, 1, 0, 1, 0, 1, 1, 1, 0, 1, 0, 1, 1, 1, 0, 1, 1, 1, 0, 0, 0, 1, 1, 0, 0, 1, 1, 1, 0, 1, 0, 1, 1, 0, 0, 0, 0, 0, 0, 1, 0, 0, 1, 1, 1, 1, 1, 1, 0, 1, 0, 1, 0, 0, 1, 1, 0, 0, 0, 0, 1, 1, 1, 0, 1, 0, 0, 0, 0, 1, 1, 0, 1])
Fitness:  280.7102846163986
Gens:  [0, 1, 2, 3, 4, 5, 6, 7, 8, 9, 10, 11, 12, 13, 14, 15, 16, 17, 18, 19, 20, 21, 22, 23, 24, 25, 26, 27, 28, 29, 30, 31, 32, 33, 34, 35, 36, 37, 38, 39, 40, 41, 42, 43, 44, 45, 46, 47, 48, 49, 50, 51, 52, 53, 54, 55, 56, 57, 58, 59, 60]
Inds:  [287.27213486636407, 287.27213486636407, 287.08252392531733, 286.78205989613076, 286.78205989613076, 286.78205989613076, 285.98455115180286, 285.98455115180286, 285.98455115180286, 285.4552468856099, 285.4552468856099, 285.3551469414037, 285.2474496445215, 285.2474496445215, 285.2474496445215, 285.2474496445215, 285.2474496445215, 285.2322133000459, 284.6386956382451, 284.6386956382451, 284.6386956382451, 284.6386956382451, 284.50986820782845, 284.50986820782845, 284.50986820782845, 284.50986820782845, 284.2509323526259, 284.2509323526259, 284.2509323526259, 283.3431177882006, 283.3431177882006, 283.3431177882006, 283.3431177882006, 283.25377942577984, 283.25377942577984, 283.25377942577984, 283.25377942577984, 283.25377942577984, 283.25377942577984, 283.25377942577984, 283.1429142050423, 283.1429142050423, 283.1429142050423, 283.1429142050423, 282.507026468269, 282.507026468269, 282.507026468269, 282.507026468269, 280.7102846163986, 280.7102846163986, 280.7102846163986, 280.7102846163986, 280.7102846163986, 280.7102846163986, 280.7102846163986, 280.7102846163986, 280.7102846163986, 280.7102846163986, 280.7102846163986, 280.7102846163986, 280.7102846163986]

