BRKGA: art_10_irregular_pack

Execução 1:
Parametros: P=5000, Pe=0.3, Pm=0.1, pe=0.7, Parada=100
Tempo de Inicio (hh:mm:ss.ms) 2026-04-28 11:08:20.005716
gen	min    	max    	avg    	std    
0  	424.972	444.544	434.769	2.79069
1  	421.051	443.371	433.027	2.59878
8  	420.442	442.03 	430.249	3.3774 
18 	419.928	445.915	428.978	3.83625
22 	419.629	442.666	428.647	3.94779
25 	419.24 	441.789	428.502	4.00342
31 	419.153	442.436	428.15 	4.13144
32 	415.628	444.113	428.131	4.2035 
Tempo de Termino (hh:mm:ss.ms) 2026-04-28 11:13:30.518446
Tempo Total (hh:mm:ss.ms) 0:05:10.512730
Individuo: ([18, 352, 306, 259, 69, 20, 15, 111, 344, 341, 277, 8, 17, 78, 77, 140, 289, 263, 203, 195, 206, 326, 286, 353, 324, 103, 110, 67, 119, 136, 246, 354, 300, 250, 11, 12, 275, 283, 147, 247, 217, 142, 164, 6, 132, 177, 28, 129, 235, 216, 262, 58, 73, 150, 144, 106, 204, 243, 258, 332, 193, 261, 338, 108, 236, 272, 311, 98, 115, 245, 230, 181, 80, 168, 167, 105, 100, 159, 238, 185, 114, 51, 56, 343, 331, 346, 268, 176, 350, 228, 310, 74, 188, 211, 173, 288, 307, 320, 316, 25, 92, 66, 44, 71, 269, 349, 222, 50, 7, 85, 207, 5, 112, 54, 49, 91, 260, 13, 170, 59, 65, 221, 241, 104, 347, 189, 52, 191, 212, 234, 299, 124, 225, 40, 22, 76, 138, 312, 155, 16, 60, 199, 348, 157, 127, 21, 256, 131, 133, 242, 183, 166, 89, 213, 251, 264, 125, 198, 116, 26, 101, 0, 97, 107, 296, 186, 113, 210, 202, 109, 160, 182, 35, 187, 149, 314, 194, 249, 123, 39, 214, 161, 130, 329, 224, 285, 334, 75, 48, 294, 209, 293, 318, 143, 90, 79, 302, 83, 134, 81, 70, 95, 145, 280, 220, 257, 148, 153, 57, 33, 317, 43, 55, 32, 29, 2, 122, 215, 266, 23, 34, 37, 31, 135, 174, 128, 14, 237, 62, 278, 273, 171, 9, 41, 200, 297, 323, 126, 38, 227, 102, 88, 151, 325, 233, 196, 146, 180, 152, 137, 139, 178, 86, 229, 244, 253, 219, 156, 192, 303, 218, 201, 223, 284, 99, 351, 298, 232, 239, 208, 24, 82, 279, 226, 163, 36, 295, 158, 46, 197, 162, 267, 93, 287, 240, 27, 19, 45, 315, 248, 68, 64, 179, 276, 117, 184, 190, 42, 1, 265, 120, 335, 61, 309, 165, 270, 292, 118, 345, 291, 330, 281, 154, 205, 355, 304, 282, 231, 290, 328, 72, 356, 357, 342, 271, 313, 340, 336, 87, 333, 169, 121, 141, 322, 96, 308, 301, 339, 255, 327, 254, 175, 63, 84, 337, 305, 319, 321, 172, 274, 53, 10, 4, 94, 30, 47, 3, 252], [0, 1, 1, 0, 1, 0, 0, 1, 0, 0, 0, 1, 1, 1, 0, 1, 1, 1, 1, 1, 0, 1, 1, 1, 1, 0, 0, 0, 1, 1, 0, 0, 1, 0, 1, 1, 0, 0, 0, 1, 0, 0, 1, 1, 1, 1, 0, 1, 0, 1, 0, 1, 0, 0, 1, 1, 1, 1, 1, 1, 1, 1, 1, 1, 1, 0, 0, 1, 1, 0, 0, 1, 0, 1, 0, 1, 0, 0, 1, 0, 1, 1, 1, 1, 1, 1, 1, 0, 1, 0, 1, 0, 0, 1, 1, 0, 0, 1, 0, 1, 0, 1, 1, 0, 0, 1, 1, 0, 1, 1, 1, 1, 0, 0, 0, 0, 0, 0, 1, 0, 1, 0, 0, 1, 0, 0, 0, 1, 1, 1, 0, 0, 1, 0, 1, 1, 1, 1, 1, 0, 1, 1, 1, 0, 1, 0, 0, 1, 1, 0, 0, 1, 1, 0, 1, 1, 0, 0, 1, 1, 1, 0, 1, 1, 1, 1, 0, 0, 1, 1, 1, 1, 0, 0, 1, 0, 1, 0, 0, 0, 0, 0, 0, 0, 0, 1, 0, 0, 1, 1, 0, 1, 1, 1, 1, 0, 1, 1, 0, 1, 0, 0, 0, 1, 1, 0, 0, 0, 1, 1, 1, 0, 1, 1, 0, 1, 1, 1, 0, 1, 1, 0, 0, 0, 1, 0, 0, 1, 1, 1, 1, 1, 1, 1, 1, 1, 1, 0, 1, 1, 0, 1, 1, 1, 0, 1, 1, 0, 1, 0, 0, 0, 1, 1, 0, 1, 1, 1, 1, 0, 0, 0, 0, 1, 1, 1, 0, 0, 1, 0, 0, 0, 1, 0, 0, 1, 0, 1, 1, 1, 1, 0, 0, 1, 1, 1, 1, 1, 1, 0, 0, 1, 0, 1, 1, 1, 0, 1, 0, 0, 1, 1, 1, 0, 0, 0, 1, 1, 0, 0, 1, 0, 1, 1, 1, 0, 0, 0, 1, 0, 0, 0, 0, 1, 1, 1, 1, 1, 1, 1, 0, 1, 0, 0, 0, 0, 1, 0, 1, 1, 0, 1, 1, 1, 1, 0, 0, 0, 1, 1, 1, 0, 0, 0, 1, 1, 0, 0])
Fitness:  415.6278589586355
Gens:  [0, 1, 2, 3, 4, 5, 6, 7, 8, 9, 10, 11, 12, 13, 14, 15, 16, 17, 18, 19, 20, 21, 22, 23, 24, 25, 26, 27, 28, 29, 30, 31, 32, 33, 34]
Inds:  [424.97165193259355, 421.05094348504474, 421.05094348504474, 421.05094348504474, 421.05094348504474, 421.05094348504474, 421.05094348504474, 421.05094348504474, 420.4424509871493, 420.4424509871493, 420.4424509871493, 420.4424509871493, 420.4424509871493, 420.4424509871493, 420.4424509871493, 420.4424509871493, 420.4424509871493, 420.4424509871493, 419.9280415461434, 419.9280415461434, 419.9280415461434, 419.9280415461434, 419.6294691311718, 419.6294691311718, 419.6294691311718, 419.2396239124992, 419.2396239124992, 419.2396239124992, 419.2396239124992, 419.2396239124992, 419.2396239124992, 419.1533953369346, 415.6278589586355, 415.6278589586355, 415.6278589586355]

