BRKGA: art_6_irregular_pack

Execução 1:
Parametros: P=5000, Pe=0.3, Pm=0.1, pe=0.7, Parada=100
Tempo de Inicio (hh:mm:ss.ms) 2026-04-28 11:49:48.583240
gen	min    	max    	avg    	std   
0  	334.079	351.428	343.156	2.3381
3  	332.748	350.194	340.64 	2.45207
4  	332.587	348.424	340.284	2.52575
6  	332.373	349.059	339.835	2.74078
9  	331.42 	349.424	339.279	2.92181
17 	331.047	350.463	338.491	3.17576
20 	330.676	350.635	338.273	3.24732
21 	329.778	349.699	338.181	3.24838
36 	329.249	350.695	337.431	3.50243
41 	329.134	349.626	337.18 	3.58429
46 	328.884	350.55 	336.862	3.65431
Tempo de Termino (hh:mm:ss.ms) 2026-04-28 11:54:56.664370
Tempo Total (hh:mm:ss.ms) 0:05:08.081130
Individuo: ([7, 267, 50, 204, 243, 225, 278, 230, 9, 210, 253, 255, 238, 137, 157, 11, 29, 95, 144, 273, 186, 198, 147, 203, 89, 159, 279, 122, 84, 114, 81, 224, 185, 145, 207, 153, 231, 172, 229, 236, 128, 143, 105, 90, 189, 170, 39, 31, 75, 59, 15, 120, 104, 252, 164, 182, 77, 246, 25, 52, 43, 162, 56, 240, 169, 209, 232, 256, 282, 190, 48, 30, 34, 19, 1, 187, 140, 124, 134, 46, 35, 88, 263, 98, 158, 65, 67, 241, 242, 227, 197, 181, 277, 10, 82, 37, 151, 142, 205, 249, 138, 63, 222, 254, 183, 264, 261, 150, 139, 20, 27, 251, 281, 176, 112, 64, 12, 152, 125, 119, 99, 233, 184, 194, 206, 86, 116, 195, 68, 93, 266, 42, 36, 268, 103, 21, 131, 276, 283, 245, 219, 3, 130, 62, 45, 14, 23, 78, 92, 202, 156, 154, 191, 118, 208, 54, 85, 163, 165, 193, 274, 97, 141, 271, 71, 101, 2, 123, 121, 270, 248, 211, 201, 76, 108, 47, 247, 168, 257, 16, 250, 280, 237, 149, 55, 57, 74, 79, 200, 94, 132, 100, 235, 175, 160, 135, 220, 196, 244, 272, 173, 40, 22, 24, 171, 127, 17, 83, 106, 87, 287, 91, 61, 58, 110, 5, 8, 179, 69, 177, 269, 166, 109, 33, 155, 32, 18, 0, 260, 136, 218, 216, 228, 275, 107, 188, 126, 80, 49, 259, 192, 226, 167, 161, 96, 41, 214, 28, 262, 73, 13, 199, 284, 117, 133, 221, 174, 215, 111, 44, 38, 113, 148, 70, 180, 286, 239, 234, 129, 146, 217, 26, 213, 265, 258, 212, 4, 102, 178, 223, 115, 72, 53, 51, 6, 66, 285, 60], [1, 0, 1, 1, 1, 1, 1, 0, 1, 1, 0, 0, 0, 1, 0, 0, 1, 1, 1, 0, 1, 1, 1, 0, 0, 1, 0, 1, 1, 0, 0, 1, 1, 1, 0, 0, 0, 0, 0, 1, 1, 1, 1, 0, 1, 0, 0, 0, 1, 1, 1, 0, 0, 1, 1, 0, 1, 0, 0, 1, 1, 0, 0, 1, 1, 0, 1, 0, 0, 1, 0, 0, 1, 1, 0, 0, 1, 0, 0, 0, 1, 0, 1, 0, 1, 0, 1, 1, 0, 0, 1, 1, 0, 0, 1, 1, 0, 1, 1, 0, 0, 1, 0, 0, 1, 0, 0, 1, 0, 1, 1, 1, 0, 1, 1, 1, 0, 0, 1, 1, 1, 1, 1, 1, 1, 0, 1, 0, 1, 1, 0, 1, 1, 1, 0, 0, 0, 1, 1, 0, 1, 1, 0, 1, 1, 0, 1, 1, 1, 0, 0, 0, 1, 1, 0, 0, 1, 1, 0, 0, 1, 0, 1, 1, 0, 1, 0, 0, 0, 1, 0, 0, 1, 0, 0, 0, 1, 0, 1, 1, 0, 0, 1, 1, 0, 0, 1, 1, 0, 0, 0, 0, 1, 0, 0, 0, 1, 0, 1, 1, 0, 1, 1, 0, 0, 0, 1, 1, 1, 0, 0, 1, 1, 1, 0, 0, 0, 0, 0, 0, 1, 1, 0, 0, 0, 0, 0, 1, 0, 0, 1, 0, 1, 0, 0, 0, 1, 1, 1, 1, 0, 1, 1, 0, 1, 0, 1, 1, 0, 0, 0, 0, 1, 1, 0, 1, 1, 0, 1, 1, 0, 1, 0, 1, 0, 0, 0, 0, 1, 1, 0, 0, 0, 0, 0, 0, 1, 1, 1, 0, 0, 1, 1, 1, 1, 0, 1, 1])
Fitness:  328.8837041555133
Gens:  [0, 1, 2, 3, 4, 5, 6, 7, 8, 9, 10, 11, 12, 13, 14, 15, 16, 17, 18, 19, 20, 21, 22, 23, 24, 25, 26, 27, 28, 29, 30, 31, 32, 33, 34, 35, 36, 37, 38, 39, 40, 41, 42, 43, 44, 45, 46]
Inds:  [334.0787197185769, 334.0787197185769, 334.0787197185769, 332.7479410513777, 332.58655036445043, 332.58655036445043, 332.3732724895864, 332.3732724895864, 332.3732724895864, 331.4198140647204, 331.4198140647204, 331.4198140647204, 331.4198140647204, 331.4198140647204, 331.4198140647204, 331.4198140647204, 331.4198140647204, 331.0472645607941, 331.0472645607941, 331.0472645607941, 330.67619503607966, 329.7776150116962, 329.7776150116962, 329.7776150116962, 329.7776150116962, 329.7776150116962, 329.7776150116962, 329.7776150116962, 329.7776150116962, 329.7776150116962, 329.7776150116962, 329.7776150116962, 329.7776150116962, 329.7776150116962, 329.7776150116962, 329.7776150116962, 329.24863542116736, 329.24863542116736, 329.24863542116736, 329.24863542116736, 329.24863542116736, 329.13420402971894, 329.13420402971894, 329.13420402971894, 329.13420402971894, 329.13420402971894, 328.8837041555133]

