BRKGA: art_24_hole_pack

Execução 1:
Parametros: P=5000, Pe=0.3, Pm=0.1, pe=0.7, Parada=100
Tempo de Inicio (hh:mm:ss.ms) 2026-04-28 11:39:13.952848
gen	min    	max    	avg    	std    
0  	161.898	169.897	166.086	1.11613
1  	161.303	169.205	165.391	1.05362
3  	161.198	169.494	164.845	1.19151
5  	161.015	170.307	164.555	1.30633
6  	160.569	169.68 	164.438	1.328  
9  	160.19 	169.468	164.128	1.38897
13 	159.767	169.247	163.91 	1.51084
19 	159.734	169.512	163.661	1.58744
27 	159.585	170.144	163.337	1.67811
28 	158.619	169.245	163.294	1.6677 
38 	158.598	168.909	162.934	1.77738
46 	158.464	169.447	162.635	1.8538 
55 	158.424	169.361	162.223	1.91136
56 	158.353	169.435	162.172	1.93222
60 	157.984	169.203	161.915	1.96947
64 	156.794	169.647	161.663	2.0441 
76 	156.341	169.25 	160.376	2.27195
77 	156.296	170.468	160.236	2.30944
78 	156.227	169.049	160.075	2.32806
79 	156.068	169.549	159.905	2.41092
80 	155.505	169.405	159.735	2.46788
81 	154.651	169.143	159.492	2.43086
84 	154.552	169.679	158.902	2.62428
86 	152.934	169.177	158.469	2.76212
93 	152.862	169.161	156.834	3.22656
95 	152.594	169.701	156.375	3.37951
96 	151.969	169.575	156.165	3.44141
98 	151.764	169.213	155.676	3.59134
99 	151.654	169.504	155.46 	3.67665
100	151.488	169.136	155.24 	3.72003
101	151.001	168.969	155.02 	3.80505
103	150.691	169.829	154.571	3.9613 
106	150.046	169.185	153.936	4.12745
108	149.703	168.977	153.56 	4.27114
110	149.592	169.668	153.176	4.36111
111	149.485	169.299	153    	4.44655
112	149.193	169.139	152.808	4.44988
113	148.863	170.037	152.654	4.54481
115	148.722	169.029	152.284	4.65794
116	148.721	169.504	152.101	4.70012
117	148.583	169.311	151.94 	4.7853 
118	147.809	169.46 	151.781	4.82087
122	147.58 	169.541	151.166	4.99673
123	147.347	169.551	151.041	5.07252
124	147.228	169.27 	150.898	5.09664
127	147.145	169.082	150.503	5.24424
129	147.03 	169.119	150.24 	5.32325
130	146.698	169.537	150.09 	5.32736
131	146.508	169.028	149.965	5.41039
132	146.297	169.356	149.841	5.46859
Tempo de Termino (hh:mm:ss.ms) 2026-04-28 11:44:17.469691
Tempo Total (hh:mm:ss.ms) 0:05:03.516843
Individuo: ([1, 2, 91, 89, 7, 94, 5, 26, 59, 66, 40, 111, 39, 109, 110, 38, 64, 86, 122, 82, 81, 120, 85, 121, 84, 106, 107, 43, 37, 34, 12, 16, 15, 9, 8, 10, 102, 3, 25, 24, 28, 53, 113, 72, 46, 48, 49, 78, 77, 73, 69, 68, 67, 70, 71, 50, 112, 114, 52, 23, 29, 30, 103, 97, 100, 11, 101, 98, 35, 13, 42, 20, 36, 18, 19, 21, 17, 33, 108, 41, 105, 54, 115, 58, 79, 57, 56, 60, 63, 61, 88, 55, 123, 62, 118, 117, 47, 104, 22, 27, 31, 32, 51, 45, 44, 116, 76, 74, 80, 75, 83, 87, 119, 65, 92, 96, 14, 99, 4, 6, 0, 93, 90, 95], [0, 1, 0, 1, 1, 0, 1, 0, 1, 1, 1, 1, 1, 0, 0, 0, 0, 0, 1, 0, 1, 1, 1, 0, 1, 0, 0, 0, 1, 0, 1, 0, 1, 0, 0, 1, 0, 1, 1, 1, 1, 0, 1, 1, 1, 1, 0, 1, 1, 0, 1, 1, 1, 1, 0, 0, 1, 1, 0, 0, 0, 0, 0, 0, 1, 0, 1, 1, 1, 0, 1, 1, 1, 0, 0, 0, 0, 1, 1, 0, 1, 1, 1, 1, 0, 0, 0, 0, 1, 0, 1, 0, 1, 0, 0, 0, 1, 1, 1, 1, 1, 0, 0, 0, 1, 1, 1, 1, 0, 1, 0, 0, 1, 1, 1, 0, 1, 1, 1, 1, 1, 1, 0, 1])
Fitness:  146.2965099607509
Gens:  [0, 1, 2, 3, 4, 5, 6, 7, 8, 9, 10, 11, 12, 13, 14, 15, 16, 17, 18, 19, 20, 21, 22, 23, 24, 25, 26, 27, 28, 29, 30, 31, 32, 33, 34, 35, 36, 37, 38, 39, 40, 41, 42, 43, 44, 45, 46, 47, 48, 49, 50, 51, 52, 53, 54, 55, 56, 57, 58, 59, 60, 61, 62, 63, 64, 65, 66, 67, 68, 69, 70, 71, 72, 73, 74, 75, 76, 77, 78, 79, 80, 81, 82, 83, 84, 85, 86, 87, 88, 89, 90, 91, 92, 93, 94, 95, 96, 97, 98, 99, 100, 101, 102, 103, 104, 105, 106, 107, 108, 109, 110, 111, 112, 113, 114, 115, 116, 117, 118, 119, 120, 121, 122, 123, 124, 125, 126, 127, 128, 129, 130, 131, 132]
Inds:  [161.8982831846839, 161.30263326892842, 161.30263326892842, 161.19840638181634, 161.19840638181634, 161.0146938383422, 160.5688436408241, 160.5688436408241, 160.5688436408241, 160.19002609197148, 160.19002609197148, 160.19002609197148, 160.19002609197148, 159.76668127265415, 159.76668127265415, 159.76668127265415, 159.76668127265415, 159.76668127265415, 159.76668127265415, 159.7335869970473, 159.7335869970473, 159.7335869970473, 159.7335869970473, 159.7335869970473, 159.7335869970473, 159.7335869970473, 159.7335869970473, 159.58522864273579, 158.61899949817092, 158.61899949817092, 158.61899949817092, 158.61899949817092, 158.61899949817092, 158.61899949817092, 158.61899949817092, 158.61899949817092, 158.61899949817092, 158.61899949817092, 158.59785845392403, 158.59785845392403, 158.59785845392403, 158.59785845392403, 158.59785845392403, 158.59785845392403, 158.59785845392403, 158.59785845392403, 158.46440721782005, 158.46440721782005, 158.46440721782005, 158.46440721782005, 158.46440721782005, 158.46440721782005, 158.46440721782005, 158.46440721782005, 158.46440721782005, 158.42428646474843, 158.3528206200669, 158.3528206200669, 158.3528206200669, 158.3528206200669, 157.9840891387863, 157.9840891387863, 157.9840891387863, 157.9840891387863, 156.79416780038784, 156.79416780038784, 156.79416780038784, 156.79416780038784, 156.79416780038784, 156.79416780038784, 156.79416780038784, 156.79416780038784, 156.79416780038784, 156.79416780038784, 156.79416780038784, 156.79416780038784, 156.34123428586395, 156.29635449897773, 156.22735348097262, 156.06786860335427, 155.5045132260589, 154.65114590178098, 154.65114590178098, 154.65114590178098, 154.55164656365176, 154.55164656365176, 152.93419801858047, 152.93419801858047, 152.93419801858047, 152.93419801858047, 152.93419801858047, 152.93419801858047, 152.93419801858047, 152.8617208871591, 152.8617208871591, 152.59365838597517, 151.96896403996723, 151.96896403996723, 151.76389014273278, 151.65396907612148, 151.48796951179128, 151.00084287024583, 151.00084287024583, 150.69085322985774, 150.69085322985774, 150.69085322985774, 150.04599329332717, 150.04599329332717, 149.7030566613268, 149.7030566613268, 149.59224723413897, 149.4853520091646, 149.19257535062283, 148.86328014426738, 148.86328014426738, 148.72220034618016, 148.72118756296143, 148.58344027548515, 147.80893847704414, 147.80893847704414, 147.80893847704414, 147.80893847704414, 147.58012185778472, 147.3469490674735, 147.2283484406185, 147.2283484406185, 147.2283484406185, 147.14465879153585, 147.14465879153585, 147.02964979638486, 146.69772022522696, 146.5081439428117, 146.2965099607509]

