BRKGA: art_10_hole_pack

Execução 1:
Parametros: P=5000, Pe=0.3, Pm=0.1, pe=0.7, Parada=100
Tempo de Inicio (hh:mm:ss.ms) 2026-04-28 11:08:19.984439
gen	min    	max    	avg    	std    
0  	165.186	173.222	169.744	1.04631
2  	165.176	173.119	168.813	1.04667 
4  	164.975	173.227	168.482	1.1504  
6  	164.934	172.685	168.255	1.24077 
7  	164.616	172.48 	168.166	1.26536 
13 	164.044	172.726	167.787	1.37711 
15 	163.361	173.068	167.705	1.42482 
40 	163.036	173.145	166.88 	1.66152 
43 	162.582	172.786	166.796	1.68109 
58 	162.539	172.463	166.206	1.76436 
61 	162.502	172.825	166.073	1.80925 
62 	162.396	173.023	166.014	1.80039 
63 	162.334	172.912	165.964	1.82788 
64 	162.052	172.91 	165.913	1.83853 
68 	162.009	172.965	165.634	1.87135 
69 	161.814	172.507	165.569	1.88124 
71 	161.743	172.683	165.389	1.9229  
74 	161.092	172.985	165.093	1.94901 
77 	160.738	172.725	164.747	2.05987 
79 	160.709	172.244	164.454	2.07943 
81 	160.68 	172.496	164.159	2.16785 
83 	160.163	172.948	163.854	2.25416 
84 	160.065	172.55 	163.703	2.29651 
85 	159.715	172.753	163.512	2.33763 
86 	159.497	173.149	163.331	2.39454 
87 	159.24 	172.336	163.13 	2.40222 
90 	158.313	173.427	162.523	2.58247 
94 	158.225	173.734	161.658	2.85773 
95 	157.777	173.026	161.441	2.92667 
97 	157.132	173.548	161.021	3.03375 
98 	156.554	172.904	160.81 	3.10028 
100	156.464	172.671	160.386	3.25477 
101	156.247	173.244	160.171	3.31546 
102	156.063	172.745	159.923	3.38139 
103	155.677	172.405	159.715	3.48274 
104	155.583	172.843	159.462	3.5187  
107	154.513	172.64 	158.834	3.73061 
111	154.284	172.722	157.972	3.99795 
112	153.975	172.373	157.769	4.0519  
114	153.72 	172.786	157.358	4.191   
Tempo de Termino (hh:mm:ss.ms) 2026-04-28 11:13:23.519958
Tempo Total (hh:mm:ss.ms) 0:05:03.535519
Individuo: ([1, 0, 24, 108, 117, 32, 28, 39, 113, 9, 111, 25, 41, 34, 16, 133, 72, 36, 4, 106, 31, 22, 92, 53, 93, 51, 52, 55, 56, 124, 125, 38, 62, 115, 114, 118, 10, 107, 109, 45, 112, 15, 20, 13, 14, 23, 40, 82, 70, 83, 131, 129, 134, 74, 73, 84, 65, 104, 75, 69, 33, 43, 42, 48, 80, 49, 21, 50, 86, 19, 7, 35, 30, 26, 96, 101, 100, 97, 88, 135, 137, 91, 90, 136, 60, 99, 66, 71, 127, 102, 76, 98, 77, 103, 58, 57, 29, 37, 63, 27, 54, 126, 61, 89, 94, 95, 59, 68, 44, 132, 130, 128, 119, 116, 64, 67, 123, 122, 110, 18, 11, 47, 79, 121, 46, 17, 120, 85, 78, 81, 87, 12, 105, 8, 5, 6, 2, 3], [1, 1, 0, 0, 0, 0, 1, 1, 1, 0, 0, 0, 1, 1, 0, 0, 0, 0, 0, 1, 0, 0, 1, 1, 1, 0, 1, 1, 0, 1, 1, 1, 0, 1, 0, 1, 1, 1, 0, 0, 0, 0, 0, 1, 0, 1, 0, 0, 1, 0, 1, 1, 0, 1, 0, 0, 0, 1, 1, 0, 1, 1, 0, 1, 0, 1, 1, 0, 1, 1, 0, 0, 0, 1, 1, 0, 1, 1, 0, 0, 0, 0, 1, 0, 0, 0, 0, 1, 1, 0, 1, 0, 0, 1, 0, 0, 0, 1, 0, 1, 0, 1, 1, 1, 1, 0, 1, 1, 1, 0, 0, 1, 1, 1, 1, 0, 1, 0, 1, 1, 1, 1, 1, 1, 1, 1, 0, 1, 0, 1, 0, 0, 1, 1, 0, 1, 0, 0])
Fitness:  153.72040214414773
Gens:  [0, 1, 2, 3, 4, 5, 6, 7, 8, 9, 10, 11, 12, 13, 14, 15, 16, 17, 18, 19, 20, 21, 22, 23, 24, 25, 26, 27, 28, 29, 30, 31, 32, 33, 34, 35, 36, 37, 38, 39, 40, 41, 42, 43, 44, 45, 46, 47, 48, 49, 50, 51, 52, 53, 54, 55, 56, 57, 58, 59, 60, 61, 62, 63, 64, 65, 66, 67, 68, 69, 70, 71, 72, 73, 74, 75, 76, 77, 78, 79, 80, 81, 82, 83, 84, 85, 86, 87, 88, 89, 90, 91, 92, 93, 94, 95, 96, 97, 98, 99, 100, 101, 102, 103, 104, 105, 106, 107, 108, 109, 110, 111, 112, 113, 114]
Inds:  [165.18584994631132, 165.18584994631132, 165.1755565736898, 165.1755565736898, 164.9747728494582, 164.9747728494582, 164.9337633128371, 164.6157993287869, 164.6157993287869, 164.6157993287869, 164.6157993287869, 164.6157993287869, 164.6157993287869, 164.04426478901166, 164.04426478901166, 163.36102271175105, 163.36102271175105, 163.36102271175105, 163.36102271175105, 163.36102271175105, 163.36102271175105, 163.36102271175105, 163.36102271175105, 163.36102271175105, 163.36102271175105, 163.36102271175105, 163.36102271175105, 163.36102271175105, 163.36102271175105, 163.36102271175105, 163.36102271175105, 163.36102271175105, 163.36102271175105, 163.36102271175105, 163.36102271175105, 163.36102271175105, 163.36102271175105, 163.36102271175105, 163.36102271175105, 163.36102271175105, 163.0364524408356, 163.0364524408356, 163.0364524408356, 162.58178695642138, 162.58178695642138, 162.58178695642138, 162.58178695642138, 162.58178695642138, 162.58178695642138, 162.58178695642138, 162.58178695642138, 162.58178695642138, 162.58178695642138, 162.58178695642138, 162.58178695642138, 162.58178695642138, 162.58178695642138, 162.58178695642138, 162.53900983561886, 162.53900983561886, 162.53900983561886, 162.50157653146036, 162.3963297658152, 162.3337523351156, 162.05223922090647, 162.05223922090647, 162.05223922090647, 162.05223922090647, 162.00870189407047, 161.8142823418282, 161.8142823418282, 161.74306902372703, 161.74306902372703, 161.74306902372703, 161.09166769624258, 161.09166769624258, 161.09166769624258, 160.73805620074407, 160.73805620074407, 160.70878693244308, 160.70878693244308, 160.6803062588011, 160.6803062588011, 160.16332245219127, 160.0649729408984, 159.7148107981246, 159.49697183082074, 159.23960259622496, 159.23960259622496, 159.23960259622496, 158.31253305479197, 158.31253305479197, 158.31253305479197, 158.31253305479197, 158.22518273028052, 157.77690996559997, 157.77690996559997, 157.13166244953638, 156.55419963372162, 156.55419963372162, 156.46382232690897, 156.2468898157137, 156.0634258030855, 155.6768459456443, 155.58311122246144, 155.58311122246144, 155.58311122246144, 154.51285257312293, 154.51285257312293, 154.51285257312293, 154.51285257312293, 154.2844717736473, 153.9753152715851, 153.9753152715851, 153.72040214414773]

