BRKGA: art_5_hole_pack

Execução 1:
Parametros: P=5000, Pe=0.3, Pm=0.1, pe=0.7, Parada=100
Tempo de Inicio (hh:mm:ss.ms) 2026-04-28 11:49:26.389311
gen	min    	max   	avg    	std    
0  	468.976	491.95	481.079	2.95137
1  	467.924	489.206	479.273	2.8167 
2  	467.099	491.056	478.418	3.01566
7  	466.49 	488.674	476.54 	3.55316
11 	466.49 	488.778	475.792	3.77272
13 	466.122	489.426	475.505	3.87722
18 	465.631	489.642	474.946	4.11647
20 	463.395	490.179	474.81 	4.20053
23 	463.387	488.566	474.574	4.2839 
Tempo de Termino (hh:mm:ss.ms) 2026-04-28 11:54:38.006757
Tempo Total (hh:mm:ss.ms) 0:05:11.617446
Individuo: ([196, 179, 331, 266, 111, 273, 98, 309, 281, 185, 80, 135, 268, 186, 18, 232, 242, 190, 7, 263, 181, 173, 313, 25, 4, 345, 234, 262, 267, 340, 24, 252, 204, 31, 153, 174, 105, 227, 261, 212, 180, 95, 77, 73, 129, 243, 64, 57, 108, 144, 141, 300, 134, 278, 301, 12, 299, 156, 291, 38, 104, 231, 342, 338, 244, 115, 155, 49, 82, 307, 217, 240, 205, 120, 292, 279, 46, 306, 3, 97, 319, 90, 238, 314, 201, 315, 169, 33, 21, 22, 84, 66, 245, 317, 195, 294, 42, 199, 102, 44, 220, 178, 344, 251, 51, 16, 29, 41, 239, 74, 13, 142, 302, 151, 182, 109, 137, 282, 126, 341, 107, 147, 88, 91, 271, 269, 28, 258, 236, 17, 133, 19, 163, 37, 40, 322, 270, 312, 321, 166, 69, 78, 197, 326, 8, 192, 311, 329, 189, 335, 218, 92, 96, 35, 79, 334, 333, 198, 249, 343, 276, 162, 149, 207, 165, 216, 211, 123, 332, 222, 176, 56, 32, 62, 26, 308, 0, 170, 83, 150, 310, 168, 71, 20, 94, 272, 284, 103, 85, 257, 298, 172, 274, 241, 30, 215, 226, 99, 327, 253, 76, 228, 45, 260, 122, 125, 264, 191, 203, 132, 86, 159, 116, 63, 60, 193, 128, 47, 39, 43, 75, 89, 10, 324, 339, 213, 288, 320, 265, 256, 233, 223, 254, 250, 127, 152, 118, 259, 11, 229, 175, 286, 87, 305, 53, 146, 140, 277, 9, 124, 114, 157, 131, 304, 112, 202, 117, 188, 184, 93, 161, 323, 48, 6, 36, 67, 290, 55, 280, 23, 295, 50, 303, 177, 210, 255, 221, 336, 200, 164, 318, 1, 224, 325, 34, 72, 70, 316, 293, 158, 208, 139, 15, 136, 171, 154, 54, 283, 101, 130, 246, 148, 145, 183, 167, 230, 65, 2, 296, 81, 143, 275, 14, 52, 187, 289, 106, 235, 61, 330, 209, 138, 59, 58, 68, 121, 194, 285, 5, 110, 27, 248, 119, 328, 247, 160, 113, 297, 100, 225, 237, 337, 219, 214, 206, 287], [0, 0, 0, 0, 1, 0, 0, 1, 0, 1, 0, 0, 0, 0, 1, 0, 0, 0, 1, 1, 0, 0, 1, 0, 0, 1, 1, 0, 0, 0, 0, 1, 1, 0, 0, 1, 1, 0, 1, 1, 1, 1, 1, 0, 0, 1, 0, 1, 0, 0, 0, 0, 1, 1, 0, 0, 1, 1, 0, 1, 0, 0, 1, 1, 1, 0, 0, 1, 1, 0, 0, 0, 0, 1, 1, 0, 0, 1, 1, 1, 0, 1, 1, 0, 1, 1, 0, 0, 0, 1, 0, 1, 0, 1, 0, 0, 0, 1, 0, 0, 0, 1, 0, 0, 1, 0, 1, 0, 1, 0, 0, 0, 0, 0, 0, 1, 0, 1, 0, 1, 0, 1, 0, 1, 1, 0, 0, 0, 1, 1, 0, 0, 0, 1, 0, 0, 1, 1, 0, 0, 0, 1, 1, 1, 0, 1, 1, 1, 1, 1, 1, 0, 0, 0, 0, 0, 1, 1, 1, 1, 0, 1, 0, 0, 1, 1, 0, 1, 0, 0, 1, 0, 0, 1, 1, 0, 0, 1, 1, 0, 1, 1, 1, 1, 0, 1, 1, 0, 0, 0, 0, 1, 1, 1, 1, 1, 1, 0, 0, 0, 1, 0, 1, 1, 1, 0, 1, 1, 1, 0, 1, 0, 0, 1, 1, 0, 1, 0, 1, 0, 0, 1, 0, 0, 1, 1, 0, 0, 0, 1, 0, 0, 0, 1, 0, 1, 1, 1, 0, 1, 1, 0, 0, 1, 1, 0, 1, 1, 0, 1, 0, 1, 0, 0, 1, 0, 0, 1, 0, 0, 0, 1, 1, 1, 1, 1, 0, 0, 1, 1, 1, 0, 0, 1, 1, 1, 1, 0, 0, 1, 0, 1, 1, 1, 0, 1, 1, 1, 0, 0, 0, 1, 0, 0, 0, 0, 1, 0, 1, 0, 0, 1, 1, 0, 0, 1, 1, 0, 1, 0, 1, 0, 1, 0, 0, 1, 0, 0, 0, 1, 1, 1, 0, 1, 1, 1, 0, 0, 0, 1, 1, 0, 1, 0, 0, 0, 0, 1, 0, 0, 0, 1, 0, 1, 1, 0])
Fitness:  463.3867346084656
Gens:  [0, 1, 2, 3, 4, 5, 6, 7, 8, 9, 10, 11, 12, 13, 14, 15, 16, 17, 18, 19, 20, 21, 22, 23, 24, 25, 26, 27, 28, 29, 30, 31, 32, 33, 34, 35, 36]
Inds:  [468.9763923952059, 467.9239878960907, 467.09948685932204, 467.09948685932204, 467.09948685932204, 467.09948685932204, 467.09948685932204, 466.4903232892987, 466.4903232892987, 466.4903232892987, 466.4903232892987, 466.4900314861916, 466.4900314861916, 466.1219974164467, 466.1219974164467, 466.1219974164467, 466.1219974164467, 466.1219974164467, 465.63070076689934, 465.63070076689934, 463.3954125771749, 463.3954125771749, 463.3954125771749, 463.3867346084656, 463.3867346084656, 463.3867346084656, 463.3867346084656, 463.3867346084656, 463.3867346084656, 463.3867346084656, 463.3867346084656, 463.3867346084656, 463.3867346084656, 463.3867346084656, 463.3867346084656, 463.3867346084656, 463.3867346084656]

