BRKGA: art_23_regular_pack

Execução 1:
Parametros: P=5000, Pe=0.3, Pm=0.1, pe=0.7, Parada=100
Tempo de Inicio (hh:mm:ss.ms) 2026-04-28 11:39:03.879064
gen	min    	max    	avg    	std    
0  	161.268	171.427	166.057	1.34215
1  	160.94 	169.985	165.21 	1.27459
2  	160.475	170.284	164.833	1.35782
4  	159.259	170.472	164.365	1.48976
9  	159.099	170.155	163.741	1.67177
13 	158.745	169.558	163.403	1.77637
17 	158.299	170.156	163.181	1.88959
23 	157.297	170.153	162.886	1.9836 
40 	157.126	170.168	162.174	2.12639
48 	156.838	170.713	161.798	2.23939
52 	156.136	169.879	161.536	2.26279
58 	155.744	170.225	161.03 	2.32614
67 	155.263	170.1  	159.74 	2.54182
68 	155.136	170.172	159.495	2.60621
69 	154.495	170.811	159.312	2.66885
71 	153.286	169.845	158.847	2.69838
76 	152.987	170.196	157.584	3.07085
78 	152.816	170.306	157.017	3.22058
79 	151.96 	169.696	156.724	3.30813
81 	151.931	170.445	156.191	3.48182
82 	151.618	170.269	155.907	3.50676
83 	150.805	170.5  	155.652	3.60685
86 	150.744	170.052	154.9  	3.87424
87 	150.422	170.307	154.633	3.94432
88 	150.065	170.369	154.398	4.03881
89 	149.926	169.64 	154.117	4.06858
90 	149.373	170.374	153.862	4.16142
92 	148.947	170.01 	153.357	4.3529 
94 	148.648	169.909	152.848	4.4708 
95 	148.633	169.245	152.599	4.52281
96 	148.423	169.361	152.378	4.65151
97 	147.782	169.429	152.147	4.72614
98 	147.699	169.729	151.915	4.78971
99 	147.208	170.053	151.686	4.89326
100	147.102	169.559	151.437	4.93357
101	146.884	170.299	151.21 	5.04006
102	146.46 	171.182	150.96 	5.08849
104	146.309	169.725	150.488	5.22482
105	146.17 	170.485	150.273	5.32115
106	145.676	171.449	150.063	5.41893
109	145.37 	169.934	149.406	5.61726
111	144.687	169.867	148.992	5.7143 
113	144.197	170.173	148.59 	5.85196
116	143.737	169.863	148.049	6.08745
118	143.669	170.889	147.678	6.18196
119	143.403	169.784	147.483	6.21447
120	143.262	169.456	147.305	6.27275
121	143.176	170.141	147.127	6.36208
122	143.12 	169.793	146.953	6.38708
124	142.754	170.166	146.632	6.4882 
125	142.546	170.609	146.498	6.56813
Tempo de Termino (hh:mm:ss.ms) 2026-04-28 11:44:06.324339
Tempo Total (hh:mm:ss.ms) 0:05:02.445275
Individuo: ([10, 11, 12, 15, 9, 41, 43, 7, 16, 50, 23, 22, 24, 18, 31, 19, 25, 28, 32, 33, 27, 77, 79, 80, 69, 70, 104, 82, 103, 71, 98, 61, 87, 57, 58, 59, 111, 116, 106, 107, 108, 121, 112, 89, 118, 122, 128, 123, 124, 125, 113, 119, 90, 117, 120, 115, 109, 85, 84, 114, 105, 110, 63, 92, 62, 49, 53, 44, 30, 26, 17, 8, 34, 37, 40, 13, 14, 21, 52, 51, 54, 29, 20, 48, 66, 72, 127, 93, 101, 126, 56, 86, 88, 91, 67, 60, 73, 68, 35, 76, 81, 75, 78, 83, 74, 45, 65, 47, 38, 39, 94, 96, 102, 99, 100, 95, 64, 55, 97, 46, 36, 42, 5, 6, 0, 1, 3, 4, 2], [0, 0, 0, 0, 0, 0, 0, 0, 1, 1, 1, 1, 1, 1, 0, 0, 0, 0, 0, 0, 0, 0, 1, 1, 0, 0, 0, 0, 0, 0, 0, 1, 0, 0, 0, 1, 0, 0, 1, 1, 0, 0, 0, 0, 0, 0, 1, 1, 0, 1, 0, 0, 0, 1, 1, 0, 0, 1, 0, 0, 1, 0, 0, 0, 1, 1, 1, 0, 1, 0, 0, 0, 0, 1, 1, 0, 0, 1, 1, 1, 1, 0, 0, 1, 1, 0, 0, 1, 1, 0, 0, 0, 0, 0, 0, 0, 0, 0, 1, 0, 1, 1, 0, 1, 1, 0, 1, 1, 1, 0, 0, 0, 0, 0, 1, 1, 0, 0, 1, 0, 0, 0, 0, 0, 1, 1, 0, 1, 0])
Fitness:  142.5464611682204
Gens:  [0, 1, 2, 3, 4, 5, 6, 7, 8, 9, 10, 11, 12, 13, 14, 15, 16, 17, 18, 19, 20, 21, 22, 23, 24, 25, 26, 27, 28, 29, 30, 31, 32, 33, 34, 35, 36, 37, 38, 39, 40, 41, 42, 43, 44, 45, 46, 47, 48, 49, 50, 51, 52, 53, 54, 55, 56, 57, 58, 59, 60, 61, 62, 63, 64, 65, 66, 67, 68, 69, 70, 71, 72, 73, 74, 75, 76, 77, 78, 79, 80, 81, 82, 83, 84, 85, 86, 87, 88, 89, 90, 91, 92, 93, 94, 95, 96, 97, 98, 99, 100, 101, 102, 103, 104, 105, 106, 107, 108, 109, 110, 111, 112, 113, 114, 115, 116, 117, 118, 119, 120, 121, 122, 123, 124, 125]
Inds:  [161.26751528329717, 160.93991457377842, 160.47456296989168, 160.47456296989168, 159.2586002435972, 159.2586002435972, 159.2586002435972, 159.2586002435972, 159.2586002435972, 159.09911351276486, 159.09911351276486, 159.09911351276486, 159.09911351276486, 158.7452618685893, 158.7452618685893, 158.7452618685893, 158.7452618685893, 158.29891097485867, 158.29891097485867, 158.29891097485867, 158.29891097485867, 158.29891097485867, 158.29891097485867, 157.2969852642746, 157.2969852642746, 157.2969852642746, 157.2969852642746, 157.2969852642746, 157.2969852642746, 157.2969852642746, 157.2969852642746, 157.2969852642746, 157.2969852642746, 157.2969852642746, 157.2969852642746, 157.2969852642746, 157.2969852642746, 157.2969852642746, 157.2969852642746, 157.2969852642746, 157.1263186230169, 157.1263186230169, 157.1263186230169, 157.1263186230169, 157.1263186230169, 157.1263186230169, 157.1263186230169, 157.1263186230169, 156.83840480715983, 156.83840480715983, 156.83840480715983, 156.83840480715983, 156.13564722453015, 156.13564722453015, 156.13564722453015, 156.13564722453015, 156.13564722453015, 156.13564722453015, 155.74414456352844, 155.74414456352844, 155.74414456352844, 155.74414456352844, 155.74414456352844, 155.74414456352844, 155.74414456352844, 155.74414456352844, 155.74414456352844, 155.26285851189147, 155.13568900007164, 154.4952278828402, 154.4952278828402, 153.28626001240798, 153.28626001240798, 153.28626001240798, 153.28626001240798, 153.28626001240798, 152.986993568609, 152.986993568609, 152.8159031294835, 151.9599241195738, 151.9599241195738, 151.93087295715588, 151.61820899946525, 150.80501327074109, 150.80501327074109, 150.80501327074109, 150.7442069699053, 150.4218660230214, 150.06529938648276, 149.92592712420068, 149.3732212193812, 149.3732212193812, 148.94723900961176, 148.94723900961176, 148.64763482778588, 148.63323942520773, 148.42346722121997, 147.7819778495354, 147.69869312576068, 147.20752648545152, 147.1021012857086, 146.88428919372996, 146.4595751004033, 146.4595751004033, 146.30922395728768, 146.16992513266536, 145.67623557501102, 145.67623557501102, 145.67623557501102, 145.3695097848741, 145.3695097848741, 144.6869033957521, 144.6869033957521, 144.19699033415043, 144.19699033415043, 144.19699033415043, 143.7369491610819, 143.7369491610819, 143.66888988524934, 143.40326093099281, 143.26168557113527, 143.17587722397826, 143.120410680205, 143.120410680205, 142.75428304191664, 142.5464611682204]

