BRKGA: art_7_regular_sep

Execução 1:
Parametros: P=5000, Pe=0.3, Pm=0.1, pe=0.7, Parada=100
Tempo de Inicio (hh:mm:ss.ms) 2026-04-28 11:54:46.585736
gen	min    	max  	avg    	std    
0  	268.631	286.8	278.199	2.64645
1  	266.641	286.042	276.545	2.47545
5  	265.202	286.782	274.603	2.97751
7  	264.716	286.089	274.053	3.11187
18 	263.705	287.344	272.602	3.58479
27 	263.393	286.813	271.843	3.83667
29 	262.468	284.746	271.667	3.88435
30 	262.39 	284.847	271.587	3.93019
35 	262.36 	285.846	271.206	3.99224
43 	262.323	285.339	270.692	4.12347
44 	262.292	284.963	270.577	4.15285
46 	262.288	287.646	270.461	4.1828 
49 	261.985	287.743	270.308	4.23633
51 	259.197	284.816	270.108	4.24125
66 	257.971	285.546	267.943	4.59799
71 	256.875	284.985	266.565	4.76582
73 	255.572	287.039	265.893	4.90702
76 	254.427	284.756	264.646	5.21392
81 	254.28 	288.236	262.343	5.78494
82 	253.445	286.769	261.786	5.9193 
83 	253.35 	286.701	261.248	5.98849
84 	252.821	285.275	260.779	6.15369
85 	252.699	286.138	260.26 	6.33431
86 	250.053	287.522	259.787	6.51059
90 	249.782	285.803	257.645	7.16251
91 	248.152	285.935	257.137	7.28423
93 	248.059	284.577	256.183	7.60969
Tempo de Termino (hh:mm:ss.ms) 2026-04-28 11:59:51.363668
Tempo Total (hh:mm:ss.ms) 0:05:04.777932
Individuo: ([6, 32, 10, 53, 44, 75, 73, 138, 60, 118, 117, 30, 93, 79, 142, 154, 67, 86, 120, 107, 132, 159, 122, 126, 101, 152, 161, 165, 135, 158, 119, 82, 54, 61, 72, 74, 52, 58, 87, 56, 27, 34, 33, 45, 12, 1, 23, 41, 14, 13, 48, 47, 16, 42, 8, 9, 7, 40, 5, 11, 35, 0, 83, 39, 15, 20, 22, 38, 24, 21, 65, 90, 50, 91, 127, 112, 137, 123, 80, 77, 96, 84, 69, 59, 140, 64, 106, 76, 136, 141, 109, 143, 115, 156, 144, 114, 102, 139, 151, 88, 66, 98, 146, 111, 149, 153, 148, 150, 125, 89, 130, 99, 160, 95, 103, 78, 62, 70, 28, 55, 57, 29, 51, 145, 92, 129, 155, 124, 113, 108, 121, 63, 97, 19, 49, 25, 17, 26, 43, 4, 46, 100, 71, 37, 116, 85, 68, 104, 147, 164, 36, 133, 162, 157, 163, 110, 128, 134, 94, 81, 105, 131, 18, 31, 2, 3], [1, 1, 0, 0, 1, 0, 1, 0, 1, 0, 0, 1, 0, 1, 0, 1, 1, 1, 0, 1, 1, 0, 1, 1, 1, 0, 1, 0, 0, 0, 0, 0, 1, 1, 1, 1, 0, 0, 0, 0, 1, 1, 1, 0, 0, 0, 1, 0, 1, 1, 1, 0, 0, 0, 1, 0, 1, 1, 1, 1, 1, 0, 0, 1, 1, 1, 1, 1, 0, 1, 0, 1, 1, 0, 1, 1, 1, 0, 1, 1, 1, 1, 0, 0, 0, 0, 1, 0, 0, 1, 1, 1, 1, 0, 1, 1, 0, 1, 1, 0, 0, 0, 1, 0, 0, 0, 1, 1, 1, 1, 1, 0, 1, 1, 0, 1, 1, 1, 0, 0, 1, 1, 1, 1, 0, 0, 0, 0, 1, 1, 0, 0, 0, 1, 0, 1, 0, 0, 0, 1, 1, 0, 0, 0, 1, 0, 0, 0, 1, 1, 1, 0, 0, 1, 0, 1, 1, 1, 1, 0, 1, 0, 1, 1, 1, 1])
Fitness:  248.05947828637872
Gens:  [0, 1, 2, 3, 4, 5, 6, 7, 8, 9, 10, 11, 12, 13, 14, 15, 16, 17, 18, 19, 20, 21, 22, 23, 24, 25, 26, 27, 28, 29, 30, 31, 32, 33, 34, 35, 36, 37, 38, 39, 40, 41, 42, 43, 44, 45, 46, 47, 48, 49, 50, 51, 52, 53, 54, 55, 56, 57, 58, 59, 60, 61, 62, 63, 64, 65, 66, 67, 68, 69, 70, 71, 72, 73, 74, 75, 76, 77, 78, 79, 80, 81, 82, 83, 84, 85, 86, 87, 88, 89, 90, 91, 92, 93]
Inds:  [268.6313813873356, 266.64075673994137, 266.64075673994137, 266.64075673994137, 266.64075673994137, 265.2020189354105, 265.2020189354105, 264.71632185608314, 264.71632185608314, 264.71632185608314, 264.71632185608314, 264.71632185608314, 264.71632185608314, 264.71632185608314, 264.71632185608314, 264.71632185608314, 264.71632185608314, 264.71632185608314, 263.70496855419833, 263.70496855419833, 263.70496855419833, 263.70496855419833, 263.70496855419833, 263.70496855419833, 263.70496855419833, 263.70496855419833, 263.70496855419833, 263.39327924461605, 263.39327924461605, 262.46833396190345, 262.39030160473084, 262.39030160473084, 262.39030160473084, 262.39030160473084, 262.39030160473084, 262.36039250763486, 262.36039250763486, 262.36039250763486, 262.36039250763486, 262.36039250763486, 262.36039250763486, 262.36039250763486, 262.36039250763486, 262.3225928216774, 262.2922140403983, 262.2922140403983, 262.28845660274806, 262.28845660274806, 262.28845660274806, 261.985493531006, 261.985493531006, 259.19705823722586, 259.19705823722586, 259.19705823722586, 259.19705823722586, 259.19705823722586, 259.19705823722586, 259.19705823722586, 259.19705823722586, 259.19705823722586, 259.19705823722586, 259.19705823722586, 259.19705823722586, 259.19705823722586, 259.19705823722586, 259.19705823722586, 257.97051527839295, 257.97051527839295, 257.97051527839295, 257.97051527839295, 257.97051527839295, 256.87479559325027, 256.87479559325027, 255.5718156610579, 255.5718156610579, 255.5718156610579, 254.42743914788753, 254.42743914788753, 254.42743914788753, 254.42743914788753, 254.42743914788753, 254.28030966500785, 253.44548440447755, 253.3502782400287, 252.82056227209776, 252.69935601127014, 250.05279319289698, 250.05279319289698, 250.05279319289698, 250.05279319289698, 249.7815897641431, 248.15178449226312, 248.15178449226312, 248.05947828637872]

