BRKGA: art_16_hole_pack

Execução 1:
Parametros: P=5000, Pe=0.3, Pm=0.1, pe=0.7, Parada=100
Tempo de Inicio (hh:mm:ss.ms) 2026-04-28 11:18:47.087749
gen	min    	max    	avg    	std    
0  	446.348	466.569	456.998	2.82176
2  	444.948	465.005	454.493	2.82584
4  	443.343	465.014	453.527	3.06764
7  	443.078	465.059	452.697	3.3285 
8  	442.979	470.18 	452.532	3.40504
12 	442.495	466.675	451.937	3.68049
13 	442.308	464.834	451.787	3.66614
19 	440.311	465.677	451.178	3.8593 
23 	438.342	464.458	450.921	4.01996
Tempo de Termino (hh:mm:ss.ms) 2026-04-28 11:23:58.365884
Tempo Total (hh:mm:ss.ms) 0:05:11.278135
Individuo: ([285, 55, 0, 90, 23, 116, 279, 137, 255, 107, 174, 316, 13, 121, 122, 227, 170, 328, 123, 224, 336, 89, 15, 289, 291, 232, 213, 226, 219, 258, 346, 283, 212, 95, 78, 342, 273, 164, 163, 120, 189, 194, 72, 190, 111, 87, 302, 103, 65, 287, 18, 142, 242, 109, 144, 64, 12, 318, 124, 22, 28, 195, 322, 81, 25, 35, 306, 338, 214, 243, 296, 235, 108, 157, 152, 62, 85, 176, 252, 177, 280, 129, 314, 139, 276, 275, 135, 175, 178, 49, 147, 50, 308, 310, 307, 45, 133, 260, 248, 24, 187, 143, 337, 272, 66, 112, 42, 299, 9, 100, 68, 162, 80, 167, 161, 44, 48, 73, 160, 79, 334, 198, 166, 303, 19, 119, 312, 269, 254, 217, 179, 193, 192, 102, 104, 7, 185, 17, 293, 173, 141, 319, 46, 113, 215, 183, 136, 93, 218, 315, 38, 262, 154, 153, 171, 247, 1, 127, 240, 332, 298, 271, 230, 263, 345, 327, 84, 241, 82, 317, 184, 331, 268, 250, 70, 156, 30, 53, 246, 149, 75, 294, 146, 329, 225, 26, 206, 339, 220, 261, 335, 205, 313, 39, 229, 211, 340, 41, 186, 101, 37, 344, 51, 3, 207, 204, 325, 249, 158, 105, 27, 196, 330, 128, 320, 216, 191, 265, 181, 281, 126, 132, 234, 94, 117, 256, 8, 282, 6, 208, 33, 11, 10, 20, 304, 114, 2, 138, 341, 245, 239, 83, 110, 59, 199, 155, 343, 115, 324, 67, 301, 34, 96, 43, 40, 151, 32, 69, 130, 150, 222, 56, 201, 238, 233, 257, 236, 165, 323, 284, 292, 321, 309, 88, 16, 36, 188, 237, 270, 274, 172, 159, 210, 77, 47, 52, 21, 91, 140, 54, 29, 203, 118, 228, 278, 74, 168, 57, 76, 209, 200, 197, 297, 169, 131, 106, 134, 148, 244, 63, 99, 92, 223, 300, 288, 97, 290, 182, 251, 71, 221, 253, 58, 267, 286, 333, 305, 311, 202, 326, 277, 231, 145, 266, 264, 259, 180, 125, 14, 86, 61, 4, 98, 60, 295, 31, 5], [0, 0, 1, 0, 1, 0, 1, 1, 1, 1, 0, 0, 0, 1, 1, 0, 1, 1, 1, 1, 0, 1, 0, 1, 1, 0, 1, 1, 0, 0, 1, 1, 0, 0, 0, 1, 0, 1, 0, 0, 1, 1, 0, 0, 0, 1, 0, 0, 0, 1, 0, 0, 1, 1, 1, 0, 0, 1, 0, 0, 0, 0, 0, 0, 0, 1, 0, 1, 1, 1, 1, 1, 1, 1, 1, 1, 0, 0, 1, 0, 0, 0, 1, 0, 0, 1, 0, 1, 1, 0, 1, 0, 1, 0, 0, 0, 0, 0, 0, 1, 0, 1, 1, 0, 0, 0, 1, 1, 0, 1, 0, 1, 1, 1, 0, 0, 0, 0, 1, 1, 0, 0, 1, 0, 0, 1, 0, 0, 0, 1, 1, 1, 1, 0, 1, 0, 1, 1, 1, 1, 0, 0, 1, 1, 0, 0, 0, 1, 1, 1, 0, 0, 1, 0, 1, 0, 1, 0, 1, 0, 1, 0, 1, 1, 1, 0, 1, 1, 0, 0, 1, 1, 1, 1, 1, 1, 1, 0, 0, 1, 1, 0, 0, 0, 1, 0, 0, 1, 1, 1, 1, 1, 0, 1, 1, 0, 1, 0, 1, 0, 1, 0, 0, 1, 0, 1, 0, 1, 1, 1, 1, 1, 1, 1, 1, 0, 0, 1, 0, 1, 0, 1, 0, 0, 1, 1, 0, 0, 0, 1, 1, 1, 0, 0, 1, 0, 1, 1, 0, 1, 0, 0, 1, 0, 0, 0, 0, 1, 0, 1, 1, 1, 1, 1, 1, 1, 1, 1, 0, 1, 0, 0, 0, 0, 0, 1, 0, 1, 1, 0, 1, 1, 0, 0, 0, 1, 1, 0, 1, 0, 1, 0, 1, 0, 0, 0, 1, 1, 0, 0, 1, 1, 1, 1, 1, 1, 0, 0, 1, 0, 0, 0, 0, 0, 1, 0, 0, 1, 1, 1, 1, 1, 0, 1, 1, 1, 0, 0, 1, 0, 0, 0, 1, 0, 1, 1, 0, 0, 1, 0, 1, 1, 1, 1, 0, 1, 1, 1, 0, 0, 1, 1, 1, 0, 0, 0, 1])
Fitness:  438.3424879748992
Gens:  [0, 1, 2, 3, 4, 5, 6, 7, 8, 9, 10, 11, 12, 13, 14, 15, 16, 17, 18, 19, 20, 21, 22, 23, 24, 25, 26, 27, 28, 29, 30, 31, 32, 33, 34, 35, 36]
Inds:  [446.34801496376946, 446.34801496376946, 444.94803524769605, 444.94803524769605, 443.34339430315583, 443.34339430315583, 443.34339430315583, 443.07830444001604, 442.9792704847427, 442.9792704847427, 442.9792704847427, 442.9792704847427, 442.49492448363605, 442.307772358043, 442.307772358043, 442.307772358043, 442.307772358043, 442.307772358043, 442.307772358043, 440.31136874609194, 440.31136874609194, 440.31136874609194, 440.31136874609194, 438.3424879748992, 438.3424879748992, 438.3424879748992, 438.3424879748992, 438.3424879748992, 438.3424879748992, 438.3424879748992, 438.3424879748992, 438.3424879748992, 438.3424879748992, 438.3424879748992, 438.3424879748992, 438.3424879748992, 438.3424879748992]

