BRKGA: art_13_regular_sep

Execução 1:
Parametros: P=5000, Pe=0.3, Pm=0.1, pe=0.7, Parada=100
Tempo de Inicio (hh:mm:ss.ms) 2026-04-28 11:13:31.720544
gen	min    	max    	avg    	std    
0  	186.452	199.587	192.864	1.88239
1  	184.575	198.364	191.676	1.76286
4  	182.663	198.288	190.473	2.05245
5  	182.514	197.977	190.19 	2.09836
19 	182.142	198.566	188.641	2.66398
27 	181.573	197.851	187.935	2.76955
30 	181.15 	198.748	187.731	2.83041
31 	180.873	198.489	187.625	2.85851
34 	180.429	198.061	187.403	2.88117
43 	180.163	198.577	186.534	3.04404
44 	179.62 	197.898	186.419	3.07795
50 	178.661	197.986	185.434	3.21533
53 	177.518	198.919	184.856	3.32962
58 	177.052	198.605	183.529	3.60899
60 	176.776	198.785	182.983	3.72713
61 	176.503	197.575	182.658	3.80017
63 	175.652	197.826	182.038	3.9605 
66 	175.225	197.835	181.047	4.21292
67 	173.038	198.313	180.687	4.30826
69 	172.906	199.201	180.038	4.55218
73 	172.828	198.553	178.643	4.89071
74 	171.468	198.606	178.336	4.99389
80 	170.955	197.774	176.514	5.61368
81 	170.928	198.531	176.189	5.68444
82 	169.531	198.334	175.873	5.7625 
85 	168.491	198.799	174.998	6.06988
88 	168.477	198.918	174.185	6.31542
91 	167.741	197.835	173.397	6.58095
94 	166.996	197.619	172.613	6.82398
96 	166.813	197.854	172.099	7.00187
97 	166.492	198.79 	171.849	7.07712
98 	166.326	200.152	171.585	7.17366
99 	166.151	197.612	171.309	7.2564 
101	165.164	197.982	170.778	7.40582
104	164.587	198.496	170.022	7.65196
106	164.348	198.033	169.484	7.81911
107	163.592	197.373	169.232	7.90417
110	163.32 	197.392	168.484	8.19205
111	163.28 	198.218	168.218	8.20419
112	163.032	198.248	167.998	8.36693
113	162.53 	197.874	167.765	8.41161
114	162.182	198.032	167.536	8.51645
115	162.072	198.136	167.305	8.59164
117	161.676	198.456	166.847	8.69219
119	161.317	197.698	166.422	8.85001
Tempo de Termino (hh:mm:ss.ms) 2026-04-28 11:18:35.382019
Tempo Total (hh:mm:ss.ms) 0:05:03.661475
Individuo: ([2, 28, 24, 22, 23, 30, 8, 14, 31, 54, 50, 51, 86, 84, 103, 102, 107, 109, 104, 108, 101, 78, 89, 74, 70, 71, 93, 72, 85, 90, 64, 63, 88, 132, 111, 112, 131, 110, 92, 81, 98, 100, 96, 118, 124, 105, 99, 126, 127, 122, 117, 130, 115, 133, 129, 128, 125, 121, 95, 123, 120, 114, 91, 116, 106, 82, 83, 76, 73, 75, 69, 44, 59, 49, 47, 46, 45, 67, 66, 65, 68, 87, 113, 119, 97, 94, 77, 80, 79, 57, 53, 58, 33, 52, 32, 27, 21, 25, 26, 43, 42, 41, 35, 40, 16, 38, 17, 15, 18, 19, 20, 37, 62, 56, 61, 48, 55, 39, 60, 36, 6, 10, 34, 9, 0, 11, 13, 5, 12, 7, 29, 3, 4, 1], [0, 0, 0, 0, 0, 0, 0, 1, 0, 0, 0, 0, 0, 1, 1, 1, 0, 1, 1, 1, 0, 0, 1, 0, 0, 1, 0, 1, 1, 1, 0, 0, 0, 1, 0, 1, 0, 1, 1, 1, 0, 1, 0, 1, 0, 1, 0, 0, 0, 0, 1, 1, 0, 1, 0, 1, 0, 1, 0, 1, 0, 1, 1, 1, 0, 1, 0, 0, 1, 0, 1, 0, 1, 0, 1, 1, 1, 0, 1, 0, 1, 1, 1, 1, 0, 0, 1, 1, 0, 1, 0, 1, 0, 0, 0, 0, 1, 0, 0, 1, 0, 0, 0, 0, 0, 1, 0, 0, 0, 0, 1, 1, 0, 1, 0, 0, 0, 1, 1, 0, 1, 1, 0, 1, 1, 0, 0, 1, 0, 1, 0, 1, 0, 1])
Fitness:  161.31687027085718
Gens:  [0, 1, 2, 3, 4, 5, 6, 7, 8, 9, 10, 11, 12, 13, 14, 15, 16, 17, 18, 19, 20, 21, 22, 23, 24, 25, 26, 27, 28, 29, 30, 31, 32, 33, 34, 35, 36, 37, 38, 39, 40, 41, 42, 43, 44, 45, 46, 47, 48, 49, 50, 51, 52, 53, 54, 55, 56, 57, 58, 59, 60, 61, 62, 63, 64, 65, 66, 67, 68, 69, 70, 71, 72, 73, 74, 75, 76, 77, 78, 79, 80, 81, 82, 83, 84, 85, 86, 87, 88, 89, 90, 91, 92, 93, 94, 95, 96, 97, 98, 99, 100, 101, 102, 103, 104, 105, 106, 107, 108, 109, 110, 111, 112, 113, 114, 115, 116, 117, 118, 119]
Inds:  [186.45234857755938, 184.57475846654359, 184.57475846654359, 184.57475846654359, 182.66284963852678, 182.5138228865393, 182.5138228865393, 182.5138228865393, 182.5138228865393, 182.5138228865393, 182.5138228865393, 182.5138228865393, 182.5138228865393, 182.5138228865393, 182.5138228865393, 182.5138228865393, 182.5138228865393, 182.5138228865393, 182.5138228865393, 182.14188666848287, 182.14188666848287, 182.14188666848287, 182.14188666848287, 182.14188666848287, 182.14188666848287, 182.14188666848287, 182.14188666848287, 181.5725803277335, 181.5725803277335, 181.5725803277335, 181.15027958500715, 180.87262739131654, 180.87262739131654, 180.87262739131654, 180.4290659151172, 180.4290659151172, 180.4290659151172, 180.4290659151172, 180.4290659151172, 180.4290659151172, 180.4290659151172, 180.4290659151172, 180.4290659151172, 180.1627774951004, 179.61992369664983, 179.61992369664983, 179.61992369664983, 179.61992369664983, 179.61992369664983, 179.61992369664983, 178.6612904831676, 178.6612904831676, 178.6612904831676, 177.51810852745453, 177.51810852745453, 177.51810852745453, 177.51810852745453, 177.51810852745453, 177.0517321555701, 177.0517321555701, 176.77594292723373, 176.50272626815826, 176.50272626815826, 175.65151892240044, 175.65151892240044, 175.65151892240044, 175.22522340882963, 173.0376458522813, 173.0376458522813, 172.905701387406, 172.905701387406, 172.905701387406, 172.905701387406, 172.82782771639592, 171.46819834264227, 171.46819834264227, 171.46819834264227, 171.46819834264227, 171.46819834264227, 171.46819834264227, 170.95508661919914, 170.92812770085985, 169.53077723918904, 169.53077723918904, 169.53077723918904, 168.49147430259225, 168.49147430259225, 168.49147430259225, 168.4772102111563, 168.4772102111563, 168.4772102111563, 167.7412963075161, 167.7412963075161, 167.7412963075161, 166.9962858460374, 166.9962858460374, 166.8125930137857, 166.49150285150475, 166.32563374772968, 166.15110473476747, 166.15110473476747, 165.16407728415913, 165.16407728415913, 165.16407728415913, 164.58652394002524, 164.58652394002524, 164.3484439037405, 163.59214766425555, 163.59214766425555, 163.59214766425555, 163.32039802174123, 163.2803936181202, 163.03215517098633, 162.53036799237935, 162.18160837795276, 162.0715426947026, 162.0715426947026, 161.67600953874157, 161.67600953874157, 161.31687027085718]

