BRKGA: art_14_regular_sep

Execução 1:
Parametros: P=5000, Pe=0.3, Pm=0.1, pe=0.7, Parada=100
Tempo de Inicio (hh:mm:ss.ms) 2026-04-28 11:18:34.948711
gen	min    	max    	avg    	std    
0  	121.712	132.999	127.345	1.39015
2  	121.329	131.505	126.095	1.38958
6  	121.02 	130.815	125.287	1.59336
10 	120.358	130.811	124.828	1.734  
13 	119.992	131.072	124.581	1.84133
17 	119.47 	132.5  	124.221	1.90031
19 	118.914	131.267	124.068	1.94034
25 	118.521	131.407	123.558	2.03924
35 	117.767	131.236	122.532	2.21784
41 	117.168	130.808	121.581	2.35693
45 	116.896	131.079	120.77 	2.51758
46 	116.642	131.319	120.536	2.55297
47 	116.634	131.65 	120.345	2.62461
48 	116.588	132.089	120.098	2.64181
49 	116.507	132.343	119.902	2.7353 
50 	115.863	131.645	119.68 	2.77881
51 	115.545	131.522	119.478	2.86342
52 	115.359	131.724	119.248	2.8994 
53 	115.07 	131.273	119.029	2.94056
55 	114.026	132.683	118.557	3.07513
61 	113.783	130.776	117.256	3.43928
63 	113.616	132.184	116.906	3.58517
64 	113.145	131.09 	116.718	3.63623
67 	113.078	131.777	116.219	3.8057 
68 	113.015	131.199	116.055	3.82994
69 	112.584	131.654	115.902	3.90082
71 	112.17 	131.737	115.602	3.98981
72 	111.873	131.338	115.431	4.04053
75 	111.584	131.277	115.011	4.196  
77 	111.393	131.345	114.74 	4.26655
79 	111.156	131.511	114.473	4.33757
80 	110.754	131.103	114.335	4.35635
83 	110.608	131.457	113.946	4.49492
86 	110.579	131.076	113.583	4.65591
87 	110.499	131.938	113.438	4.63332
88 	110.328	131.314	113.334	4.69985
90 	109.92 	131.714	113.1  	4.79091
91 	109.856	131.715	112.999	4.84064
92 	109.471	131.508	112.874	4.85265
95 	109.446	131.325	112.519	4.94824
96 	109.104	131.971	112.411	4.97813
97 	109.053	131.362	112.32 	5.06528
100	108.797	133.341	111.995	5.15215
101	108.793	131.388	111.889	5.18749
102	108.658	131.118	111.791	5.21012
104	108.553	131.1  	111.593	5.24239
106	108.348	131.657	111.411	5.34903
108	108.325	131.278	111.221	5.41751
109	107.901	132.037	111.133	5.45685
113	107.598	131.621	110.753	5.56191
115	107.539	131.456	110.565	5.59953
118	107.37 	131.203	110.305	5.72168
119	107.303	131.224	110.222	5.75293
120	107.275	130.924	110.137	5.78611
121	107.09 	131.514	110.044	5.79014
122	107.056	132.203	109.959	5.82602
123	107.006	131.168	109.87 	5.85646
124	106.899	131.094	109.789	5.88402
125	106.721	130.875	109.706	5.91198
126	106.666	131.565	109.618	5.94752
128	106.504	131.933	109.467	6.02014
130	106.468	131.542	109.299	6.04747
131	106.441	132.562	109.23 	6.08182
132	106.407	132.164	109.156	6.08288
133	106.382	131.701	109.09 	6.11174
134	106.123	131.204	109.017	6.13149
137	106.084	131.258	108.818	6.17794
138	105.902	131.325	108.762	6.22288
140	105.812	131.589	108.636	6.25868
141	105.805	131.988	108.578	6.2602 
142	105.783	131.535	108.54 	6.32647
143	105.708	132.491	108.473	6.31862
146	105.628	131.291	108.316	6.3856 
147	105.36 	131.874	108.264	6.39578
151	105.3  	131.566	108.065	6.48466
152	105.299	130.849	107.992	6.44503
154	105.288	131.679	107.891	6.53185
155	105.158	132.083	107.828	6.54893
158	105.138	132.412	107.67 	6.58009
159	105.072	131.509	107.625	6.59124
161	105.063	131.188	107.558	6.62789
162	105.062	132.432	107.525	6.63612
164	105.043	132.391	107.455	6.62944
166	105.042	131.231	107.389	6.645  
Tempo de Termino (hh:mm:ss.ms) 2026-04-28 11:23:36.321894
Tempo Total (hh:mm:ss.ms) 0:05:01.373183
Individuo: ([3, 2, 1, 0, 5, 7, 6, 12, 28, 27, 45, 43, 44, 41, 50, 49, 48, 67, 68, 56, 60, 54, 53, 62, 61, 63, 59, 30, 34, 33, 32, 31, 51, 52, 46, 47, 69, 73, 74, 75, 78, 76, 82, 79, 80, 81, 66, 65, 64, 72, 71, 70, 77, 55, 57, 58, 39, 40, 21, 20, 26, 25, 24, 16, 19, 18, 17, 23, 22, 42, 35, 36, 37, 38, 29, 10, 11, 15, 14, 13, 9, 8, 4], [1, 1, 1, 1, 1, 1, 1, 1, 1, 1, 0, 0, 0, 1, 1, 1, 1, 1, 0, 0, 0, 1, 1, 1, 1, 1, 1, 1, 1, 1, 1, 1, 0, 0, 0, 0, 0, 0, 0, 0, 0, 0, 0, 0, 0, 0, 1, 1, 1, 1, 1, 1, 0, 0, 0, 0, 0, 0, 1, 1, 1, 1, 1, 1, 1, 1, 1, 1, 1, 0, 0, 0, 0, 0, 1, 1, 1, 1, 1, 1, 1, 1, 1])
Fitness:  105.04180337133343
Gens:  [0, 1, 2, 3, 4, 5, 6, 7, 8, 9, 10, 11, 12, 13, 14, 15, 16, 17, 18, 19, 20, 21, 22, 23, 24, 25, 26, 27, 28, 29, 30, 31, 32, 33, 34, 35, 36, 37, 38, 39, 40, 41, 42, 43, 44, 45, 46, 47, 48, 49, 50, 51, 52, 53, 54, 55, 56, 57, 58, 59, 60, 61, 62, 63, 64, 65, 66, 67, 68, 69, 70, 71, 72, 73, 74, 75, 76, 77, 78, 79, 80, 81, 82, 83, 84, 85, 86, 87, 88, 89, 90, 91, 92, 93, 94, 95, 96, 97, 98, 99, 100, 101, 102, 103, 104, 105, 106, 107, 108, 109, 110, 111, 112, 113, 114, 115, 116, 117, 118, 119, 120, 121, 122, 123, 124, 125, 126, 127, 128, 129, 130, 131, 132, 133, 134, 135, 136, 137, 138, 139, 140, 141, 142, 143, 144, 145, 146, 147, 148, 149, 150, 151, 152, 153, 154, 155, 156, 157, 158, 159, 160, 161, 162, 163, 164, 165, 166, 167, 168, 169, 170, 171, 172, 173, 174, 175, 176, 177, 178, 179, 180, 181, 182, 183, 184, 185, 186, 187, 188, 189, 190, 191, 192, 193, 194, 195, 196, 197, 198, 199, 200, 201, 202, 203, 204, 205, 206, 207]
Inds:  [121.71180908160693, 121.71180908160693, 121.32868095222398, 121.32868095222398, 121.32868095222398, 121.32868095222398, 121.02014594442431, 121.02014594442431, 121.02014594442431, 121.02014594442431, 120.35820468731465, 120.35820468731465, 120.35820468731465, 119.99151761850288, 119.99151761850288, 119.99151761850288, 119.99151761850288, 119.469863453542, 119.469863453542, 118.91376961709574, 118.91376961709574, 118.91376961709574, 118.91376961709574, 118.91376961709574, 118.91376961709574, 118.52052379763522, 118.52052379763522, 118.52052379763522, 118.52052379763522, 118.52052379763522, 118.52052379763522, 118.52052379763522, 118.52052379763522, 118.52052379763522, 118.52052379763522, 117.7671504800825, 117.7671504800825, 117.7671504800825, 117.7671504800825, 117.7671504800825, 117.7671504800825, 117.16835095547277, 117.16835095547277, 117.16835095547277, 117.16835095547277, 116.89581152594417, 116.64189707516393, 116.6339619452729, 116.5875560088991, 116.50717363804918, 115.86294356039731, 115.54518456746517, 115.35934797555183, 115.06983218902938, 115.06983218902938, 114.02599426024277, 114.02599426024277, 114.02599426024277, 114.02599426024277, 114.02599426024277, 114.02599426024277, 113.78286784863575, 113.78286784863575, 113.616193575551, 113.14546204049884, 113.14546204049884, 113.14546204049884, 113.07789646000853, 113.01527390398151, 112.58432584245578, 112.58432584245578, 112.17015115430114, 111.87279368568147, 111.87279368568147, 111.87279368568147, 111.58446517064917, 111.58446517064917, 111.39283759685708, 111.39283759685708, 111.1558070173829, 110.75443166876927, 110.75443166876927, 110.75443166876927, 110.60843405918295, 110.60843405918295, 110.60843405918295, 110.57938762355411, 110.49851225732985, 110.32843287584659, 110.32843287584659, 109.92038484524063, 109.85578985989989, 109.47134960982952, 109.47134960982952, 109.47134960982952, 109.4462037733871, 109.10378141558185, 109.05280794074679, 109.05280794074679, 109.05280794074679, 108.79654491225037, 108.79292978525304, 108.65791150155468, 108.65791150155468, 108.55339964653203, 108.55339964653203, 108.34839484449438, 108.34839484449438, 108.32460075695765, 107.90131947036357, 107.90131947036357, 107.90131947036357, 107.90131947036357, 107.59794758957824, 107.59794758957824, 107.53883940138151, 107.53883940138151, 107.53883940138151, 107.37005053574357, 107.30278930349131, 107.27509006600718, 107.08951338775888, 107.0562171093821, 107.00613676539997, 106.89914896000259, 106.72084866486541, 106.66558426583234, 106.66558426583234, 106.50373846325314, 106.50373846325314, 106.46842857723237, 106.44077299182977, 106.4071342267267, 106.38203243108192, 106.12283994620333, 106.12283994620333, 106.12283994620333, 106.08378024287231, 105.90166054478915, 105.90166054478915, 105.8121415349989, 105.80508307855501, 105.78268900377601, 105.70775122178418, 105.70775122178418, 105.70775122178418, 105.62756054698058, 105.3600383964518, 105.3600383964518, 105.3600383964518, 105.3600383964518, 105.29962890013246, 105.29881965389403, 105.29881965389403, 105.28753533662488, 105.15776523667225, 105.15776523667225, 105.15776523667225, 105.13784609601984, 105.07207834574302, 105.07207834574302, 105.06298681194791, 105.06172506867549, 105.06172506867549, 105.04306511460585, 105.04306511460585, 105.04180337133343, 105.04180337133343, 105.04180337133343, 105.04180337133343, 105.04180337133343, 105.04180337133343, 105.04180337133343, 105.04180337133343, 105.04180337133343, 105.04180337133343, 105.04180337133343, 105.04180337133343, 105.04180337133343, 105.04180337133343, 105.04180337133343, 105.04180337133343, 105.04180337133343, 105.04180337133343, 105.04180337133343, 105.04180337133343, 105.04180337133343, 105.04180337133343, 105.04180337133343, 105.04180337133343, 105.04180337133343, 105.04180337133343, 105.04180337133343, 105.04180337133343, 105.04180337133343, 105.04180337133343, 105.04180337133343, 105.04180337133343, 105.04180337133343, 105.04180337133343, 105.04180337133343, 105.04180337133343, 105.04180337133343, 105.04180337133343, 105.04180337133343, 105.04180337133343, 105.04180337133343, 105.04180337133343]

