BRKGA: art_22_regular_sep

Execução 1:
Parametros: P=5000, Pe=0.3, Pm=0.1, pe=0.7, Parada=100
Tempo de Inicio (hh:mm:ss.ms) 2026-04-28 11:34:18.749227
gen	min    	max    	avg   	std    
0  	263.285	285.067	275.05	2.82853
4  	263.212	282.407	271.473	3.04875
5  	262.649	283.981	271.157	3.23169
6  	262.299	282.971	270.868	3.32758
7  	259.632	284.393	270.563	3.34977
18 	258.445	282.386	268.947	3.94586
31 	258.312	283.236	267.667	4.19506
35 	258.069	284.935	267.317	4.28777
37 	257.019	282.464	267.143	4.37355
47 	256.672	282.545	266.041	4.55934
49 	255.244	283.933	265.823	4.69483
57 	252.094	282.822	264.026	4.91921
63 	251.619	283.415	261.472	5.298  
64 	250.653	283.588	260.929	5.48388
66 	250.35 	281.577	259.618	5.74516
67 	249.306	284.665	258.961	5.90525
68 	247.987	284.973	258.275	6.04971
70 	247.064	283.219	256.925	6.46967
71 	246.171	283.729	256.264	6.71591
74 	246.052	283.138	254.318	7.21738
75 	245.145	283.568	253.621	7.33983
76 	244.306	283.12 	253.019	7.60393
77 	244.162	283.704	252.463	7.86024
78 	242.968	284.087	251.838	7.97817
80 	241.513	282.033	250.744	8.32449
81 	241.159	285.262	250.148	8.48831
84 	240.537	284.735	248.497	9.0226 
85 	239.741	282.817	247.976	9.18805
86 	239.7  	287.317	247.458	9.29276
87 	238.789	284.422	247.031	9.50973
Tempo de Termino (hh:mm:ss.ms) 2026-04-28 11:39:22.900838
Tempo Total (hh:mm:ss.ms) 0:05:04.151611
Individuo: ([2, 13, 4, 0, 30, 36, 15, 26, 47, 70, 25, 38, 42, 64, 65, 137, 132, 169, 167, 136, 175, 171, 115, 147, 108, 106, 146, 148, 166, 157, 112, 117, 110, 99, 173, 66, 14, 6, 23, 35, 32, 34, 82, 98, 72, 84, 74, 57, 55, 62, 54, 141, 116, 77, 128, 152, 138, 143, 144, 160, 165, 114, 119, 134, 131, 130, 95, 154, 156, 150, 155, 129, 158, 153, 97, 162, 174, 139, 142, 126, 161, 133, 168, 140, 105, 159, 163, 121, 109, 127, 122, 111, 135, 118, 81, 149, 151, 164, 124, 172, 170, 41, 44, 68, 27, 24, 85, 5, 104, 120, 78, 86, 22, 46, 8, 37, 17, 11, 10, 19, 18, 60, 58, 59, 31, 53, 89, 29, 1, 39, 69, 52, 20, 12, 51, 63, 40, 73, 61, 16, 87, 21, 7, 80, 48, 75, 43, 92, 28, 67, 91, 79, 123, 56, 71, 76, 50, 45, 49, 90, 96, 145, 83, 113, 103, 107, 93, 100, 125, 101, 102, 88, 94, 33, 3, 9], [0, 0, 1, 0, 0, 0, 0, 1, 0, 0, 0, 0, 0, 1, 0, 1, 0, 0, 0, 1, 1, 1, 0, 1, 1, 0, 0, 1, 0, 1, 0, 1, 1, 1, 0, 1, 0, 0, 0, 1, 1, 0, 0, 1, 1, 1, 1, 0, 1, 1, 0, 0, 0, 0, 0, 1, 0, 0, 0, 1, 0, 1, 1, 0, 1, 0, 1, 1, 0, 0, 0, 0, 1, 0, 1, 0, 1, 0, 0, 0, 1, 0, 0, 0, 1, 1, 0, 0, 1, 0, 1, 1, 0, 1, 1, 0, 1, 1, 1, 0, 1, 1, 1, 0, 0, 1, 0, 0, 1, 1, 1, 1, 0, 1, 1, 1, 0, 1, 1, 0, 1, 0, 1, 0, 0, 1, 1, 0, 1, 0, 0, 0, 1, 0, 1, 1, 1, 1, 0, 1, 1, 1, 1, 0, 0, 1, 0, 0, 1, 1, 1, 1, 0, 0, 0, 0, 1, 0, 0, 1, 1, 0, 1, 0, 0, 0, 1, 0, 1, 0, 0, 0, 1, 0, 1, 1])
Fitness:  238.78898973442244
Gens:  [0, 1, 2, 3, 4, 5, 6, 7, 8, 9, 10, 11, 12, 13, 14, 15, 16, 17, 18, 19, 20, 21, 22, 23, 24, 25, 26, 27, 28, 29, 30, 31, 32, 33, 34, 35, 36, 37, 38, 39, 40, 41, 42, 43, 44, 45, 46, 47, 48, 49, 50, 51, 52, 53, 54, 55, 56, 57, 58, 59, 60, 61, 62, 63, 64, 65, 66, 67, 68, 69, 70, 71, 72, 73, 74, 75, 76, 77, 78, 79, 80, 81, 82, 83, 84, 85, 86, 87]
Inds:  [263.28502636207725, 263.28502636207725, 263.28502636207725, 263.28502636207725, 263.211857823568, 262.64918235799206, 262.29932181798193, 259.6324081857835, 259.6324081857835, 259.6324081857835, 259.6324081857835, 259.6324081857835, 259.6324081857835, 259.6324081857835, 259.6324081857835, 259.6324081857835, 259.6324081857835, 259.6324081857835, 258.4446109163772, 258.4446109163772, 258.4446109163772, 258.4446109163772, 258.4446109163772, 258.4446109163772, 258.4446109163772, 258.4446109163772, 258.4446109163772, 258.4446109163772, 258.4446109163772, 258.4446109163772, 258.4446109163772, 258.3122731413686, 258.3122731413686, 258.3122731413686, 258.3122731413686, 258.06866521916925, 258.06866521916925, 257.01880877096255, 257.01880877096255, 257.01880877096255, 257.01880877096255, 257.01880877096255, 257.01880877096255, 257.01880877096255, 257.01880877096255, 257.01880877096255, 257.01880877096255, 256.67193176163454, 256.67193176163454, 255.24369669320714, 255.24369669320714, 255.24369669320714, 255.24369669320714, 255.24369669320714, 255.24369669320714, 255.24369669320714, 255.24369669320714, 252.0940795566836, 252.0940795566836, 252.0940795566836, 252.0940795566836, 252.0940795566836, 252.0940795566836, 251.61862262998747, 250.65261467666667, 250.65261467666667, 250.35006577571497, 249.30632354642302, 247.98684108965384, 247.98684108965384, 247.06440203796157, 246.17067903785173, 246.17067903785173, 246.17067903785173, 246.05185774176857, 245.14512161060702, 244.30568403862227, 244.16152865969985, 242.9676244286121, 242.9676244286121, 241.51285957077445, 241.15907307310712, 241.15907307310712, 241.15907307310712, 240.53739251550215, 239.74073900908908, 239.70033700914956, 238.78898973442244]

