BRKGA: art_19_hole_pack

Execução 1:
Parametros: P=5000, Pe=0.3, Pm=0.1, pe=0.7, Parada=100
Tempo de Inicio (hh:mm:ss.ms) 2026-04-28 11:24:00.924290
gen	min   	max    	avg    	std    
0  	201.16	211.804	206.501	1.37193
1  	200.936	210.284	205.683	1.31274
3  	200.621	210.33 	205.002	1.46139
4  	199.931	209.921	204.83 	1.52165
5  	199.607	210.43 	204.658	1.57398
10 	199.52 	210.185	204.154	1.74788
12 	199.221	210.07 	203.976	1.78256
13 	198.831	209.921	203.908	1.80831
30 	198.706	210.905	203.143	2.07936
31 	198.699	210.771	203.117	2.07468
32 	198.175	211.193	203.078	2.10132
34 	197.497	210.906	203.025	2.13906
51 	197.178	210.597	202.484	2.26563
62 	197.071	210.638	202.06 	2.32156
66 	196.979	209.754	201.912	2.3491 
69 	196.773	210.534	201.788	2.35941
74 	196.66 	210.615	201.487	2.41989
78 	196.655	210.001	201.201	2.47453
79 	196.413	211.209	201.117	2.47734
80 	196.244	211.13 	200.995	2.49348
82 	195.717	210.588	200.772	2.5209 
83 	194.754	210.458	200.672	2.53843
90 	194.743	209.946	199.578	2.72037
92 	194.122	210.643	199.25 	2.81167
93 	193.935	211.238	199.06 	2.85182
96 	193.663	210.881	198.49 	3.01737
97 	193.5  	209.976	198.296	3.06468
99 	192.853	210.816	197.868	3.17236
101	192.739	211.738	197.412	3.32055
103	192.302	210.675	196.949	3.42909
Tempo de Termino (hh:mm:ss.ms) 2026-04-28 11:29:04.794867
Tempo Total (hh:mm:ss.ms) 0:05:03.870577
Individuo: ([33, 2, 116, 117, 0, 79, 67, 72, 55, 146, 29, 31, 126, 122, 37, 8, 30, 98, 133, 53, 36, 40, 63, 74, 147, 138, 73, 81, 106, 58, 45, 15, 5, 16, 28, 27, 75, 23, 88, 71, 100, 69, 52, 44, 125, 111, 92, 61, 85, 129, 62, 143, 99, 60, 124, 38, 14, 119, 56, 65, 42, 134, 90, 86, 77, 112, 87, 139, 89, 114, 80, 144, 105, 140, 141, 104, 108, 149, 148, 109, 150, 83, 110, 47, 66, 70, 51, 142, 91, 113, 96, 94, 95, 93, 59, 35, 97, 68, 82, 107, 102, 101, 131, 46, 34, 19, 136, 64, 78, 49, 54, 103, 9, 39, 48, 128, 135, 17, 25, 18, 20, 57, 21, 4, 115, 41, 123, 26, 132, 137, 145, 127, 130, 50, 43, 13, 84, 10, 12, 120, 121, 7, 11, 6, 32, 118, 3, 76, 22, 24, 1], [0, 1, 1, 0, 0, 1, 1, 1, 0, 0, 1, 1, 1, 0, 0, 0, 0, 0, 1, 1, 1, 1, 1, 1, 1, 1, 1, 0, 0, 1, 1, 0, 1, 1, 1, 0, 0, 0, 0, 0, 0, 1, 1, 1, 0, 1, 1, 0, 1, 0, 0, 0, 0, 0, 0, 1, 0, 0, 1, 1, 1, 1, 0, 1, 1, 0, 0, 1, 1, 0, 0, 1, 0, 0, 0, 1, 0, 1, 0, 1, 0, 1, 1, 0, 1, 0, 0, 0, 0, 0, 0, 0, 1, 1, 1, 0, 1, 0, 0, 0, 0, 1, 0, 0, 1, 1, 0, 1, 1, 1, 1, 0, 1, 1, 1, 1, 0, 0, 1, 0, 1, 0, 0, 0, 0, 1, 0, 1, 1, 1, 1, 1, 1, 0, 0, 1, 0, 0, 1, 1, 1, 1, 0, 1, 1, 0, 0, 0, 0, 0, 0])
Fitness:  192.30189628259643
Gens:  [0, 1, 2, 3, 4, 5, 6, 7, 8, 9, 10, 11, 12, 13, 14, 15, 16, 17, 18, 19, 20, 21, 22, 23, 24, 25, 26, 27, 28, 29, 30, 31, 32, 33, 34, 35, 36, 37, 38, 39, 40, 41, 42, 43, 44, 45, 46, 47, 48, 49, 50, 51, 52, 53, 54, 55, 56, 57, 58, 59, 60, 61, 62, 63, 64, 65, 66, 67, 68, 69, 70, 71, 72, 73, 74, 75, 76, 77, 78, 79, 80, 81, 82, 83, 84, 85, 86, 87, 88, 89, 90, 91, 92, 93, 94, 95, 96, 97, 98, 99, 100, 101, 102, 103]
Inds:  [201.16006114808206, 200.9359214109427, 200.9359214109427, 200.62143767931732, 199.93082035519484, 199.60667457738754, 199.60667457738754, 199.60667457738754, 199.60667457738754, 199.60667457738754, 199.51954730015976, 199.51954730015976, 199.22132281024435, 198.8313229698458, 198.8313229698458, 198.8313229698458, 198.8313229698458, 198.8313229698458, 198.8313229698458, 198.8313229698458, 198.8313229698458, 198.8313229698458, 198.8313229698458, 198.8313229698458, 198.8313229698458, 198.8313229698458, 198.8313229698458, 198.8313229698458, 198.8313229698458, 198.8313229698458, 198.70627940885961, 198.69944981573474, 198.1749254775405, 198.1749254775405, 197.49707821235654, 197.49707821235654, 197.49707821235654, 197.49707821235654, 197.49707821235654, 197.49707821235654, 197.49707821235654, 197.49707821235654, 197.49707821235654, 197.49707821235654, 197.49707821235654, 197.49707821235654, 197.49707821235654, 197.49707821235654, 197.49707821235654, 197.49707821235654, 197.49707821235654, 197.17807320504974, 197.17807320504974, 197.17807320504974, 197.17807320504974, 197.17807320504974, 197.17807320504974, 197.17807320504974, 197.17807320504974, 197.17807320504974, 197.17807320504974, 197.17807320504974, 197.07112291519834, 197.07112291519834, 197.07112291519834, 197.07112291519834, 196.97862130503987, 196.97862130503987, 196.97862130503987, 196.77270316471535, 196.77270316471535, 196.77270316471535, 196.77270316471535, 196.77270316471535, 196.66027322700413, 196.66027322700413, 196.66027322700413, 196.66027322700413, 196.65513741514127, 196.41256039864552, 196.2443527421953, 196.2443527421953, 195.71653468097043, 194.75389574275673, 194.75389574275673, 194.75389574275673, 194.75389574275673, 194.75389574275673, 194.75389574275673, 194.75389574275673, 194.74309578241287, 194.74309578241287, 194.12185336526866, 193.93491433228317, 193.93491433228317, 193.93491433228317, 193.66324835399712, 193.5002350513389, 193.5002350513389, 192.85253416450277, 192.85253416450277, 192.73897482464923, 192.73897482464923, 192.30189628259643]

