BRKGA: art_9_hole_pack

Execução 1:
Parametros: P=5000, Pe=0.3, Pm=0.1, pe=0.7, Parada=100
Tempo de Inicio (hh:mm:ss.ms) 2026-04-28 11:55:04.642406
gen	min    	max    	avg    	std    
0  	298.718	314.776	306.014	2.14117
1  	298.334	313.54 	304.706	1.97916
2  	297.46 	312.518	304.116	2.08797
3  	296.298	311.861	303.744	2.1973 
5  	296.284	312.043	303.149	2.36282
6  	295.187	312.657	302.967	2.41467
8  	294.632	311.858	302.652	2.55225
20 	294.168	313.767	301.558	2.95924
31 	292.834	311.44 	300.904	3.07877
54 	292.545	312.433	299.98 	3.45562
Tempo de Termino (hh:mm:ss.ms) 2026-04-28 12:00:12.625587
Tempo Total (hh:mm:ss.ms) 0:05:07.983181
Individuo: ([177, 184, 35, 210, 185, 54, 175, 199, 18, 17, 41, 19, 34, 230, 71, 171, 20, 56, 118, 180, 215, 104, 80, 99, 51, 28, 43, 190, 46, 217, 189, 47, 107, 39, 14, 138, 116, 60, 126, 61, 229, 124, 36, 0, 139, 181, 103, 137, 214, 77, 76, 72, 132, 115, 191, 81, 193, 85, 136, 69, 162, 48, 23, 68, 32, 11, 62, 172, 64, 100, 105, 231, 97, 198, 42, 135, 111, 114, 33, 102, 236, 144, 207, 205, 159, 161, 95, 227, 152, 150, 197, 142, 133, 134, 131, 143, 216, 212, 30, 24, 58, 59, 37, 93, 127, 228, 170, 5, 129, 121, 117, 96, 201, 119, 29, 204, 220, 101, 226, 27, 148, 113, 25, 109, 154, 219, 208, 237, 223, 153, 89, 178, 44, 3, 202, 16, 70, 224, 128, 195, 149, 88, 151, 196, 206, 188, 110, 66, 8, 108, 221, 234, 91, 179, 63, 31, 21, 12, 186, 75, 53, 90, 173, 160, 166, 146, 52, 65, 203, 57, 38, 4, 225, 84, 157, 49, 94, 15, 9, 122, 74, 218, 156, 82, 211, 187, 168, 40, 45, 106, 232, 233, 158, 213, 165, 155, 164, 182, 222, 125, 163, 200, 120, 174, 169, 167, 140, 141, 73, 1, 235, 176, 145, 92, 67, 98, 183, 7, 112, 130, 86, 50, 22, 79, 147, 10, 123, 13, 78, 209, 87, 194, 6, 83, 192, 55, 26, 2], [1, 1, 0, 0, 1, 0, 0, 0, 1, 0, 0, 1, 0, 1, 0, 1, 0, 0, 0, 0, 0, 1, 0, 0, 1, 0, 1, 1, 1, 0, 1, 1, 0, 0, 0, 1, 0, 1, 0, 1, 1, 0, 1, 1, 1, 1, 0, 1, 0, 0, 0, 1, 0, 1, 0, 1, 0, 1, 0, 1, 1, 0, 0, 1, 1, 0, 0, 1, 0, 0, 1, 1, 0, 1, 1, 0, 1, 1, 0, 0, 0, 1, 1, 0, 1, 0, 0, 1, 1, 0, 0, 1, 1, 0, 0, 0, 1, 1, 0, 1, 0, 0, 0, 1, 1, 1, 0, 0, 1, 1, 1, 1, 0, 1, 1, 1, 0, 1, 1, 1, 0, 1, 0, 1, 1, 0, 0, 0, 1, 0, 1, 0, 1, 0, 0, 0, 1, 1, 0, 0, 1, 0, 0, 0, 1, 0, 0, 1, 0, 1, 1, 0, 1, 0, 0, 0, 1, 0, 1, 0, 1, 0, 1, 0, 0, 1, 0, 0, 0, 0, 0, 1, 1, 1, 0, 1, 0, 0, 0, 1, 0, 1, 0, 1, 1, 0, 1, 1, 1, 0, 0, 0, 0, 1, 1, 1, 0, 1, 1, 0, 0, 1, 1, 1, 0, 1, 0, 0, 0, 1, 0, 1, 1, 1, 1, 1, 1, 0, 1, 1, 1, 1, 0, 1, 1, 1, 1, 0, 1, 1, 0, 1, 0, 0, 0, 1, 1, 0])
Fitness:  292.54459985020804
Gens:  [0, 1, 2, 3, 4, 5, 6, 7, 8, 9, 10, 11, 12, 13, 14, 15, 16, 17, 18, 19, 20, 21, 22, 23, 24, 25, 26, 27, 28, 29, 30, 31, 32, 33, 34, 35, 36, 37, 38, 39, 40, 41, 42, 43, 44, 45, 46, 47, 48, 49, 50, 51, 52, 53, 54, 55, 56, 57, 58, 59, 60]
Inds:  [298.71785229281227, 298.3339584577809, 297.46019297201684, 296.2980486731578, 296.2980486731578, 296.2844854860037, 295.1871366755095, 295.1871366755095, 294.6321421294358, 294.6321421294358, 294.6321421294358, 294.6321421294358, 294.6321421294358, 294.6321421294358, 294.6321421294358, 294.6321421294358, 294.6321421294358, 294.6321421294358, 294.6321421294358, 294.6321421294358, 294.1682104965863, 294.1682104965863, 294.1682104965863, 294.1682104965863, 294.1682104965863, 294.1682104965863, 294.1682104965863, 294.1682104965863, 294.1682104965863, 294.1682104965863, 294.1682104965863, 292.83431700639886, 292.83431700639886, 292.83431700639886, 292.83431700639886, 292.83431700639886, 292.83431700639886, 292.83431700639886, 292.83431700639886, 292.83431700639886, 292.83431700639886, 292.83431700639886, 292.83431700639886, 292.83431700639886, 292.83431700639886, 292.83431700639886, 292.83431700639886, 292.83431700639886, 292.83431700639886, 292.83431700639886, 292.83431700639886, 292.83431700639886, 292.83431700639886, 292.83431700639886, 292.54459985020804, 292.54459985020804, 292.54459985020804, 292.54459985020804, 292.54459985020804, 292.54459985020804, 292.54459985020804]

