BRKGA: art_21_irregular_sep

Execução 1:
Parametros: P=5000, Pe=0.3, Pm=0.1, pe=0.7, Parada=100
Tempo de Inicio (hh:mm:ss.ms) 2026-04-28 11:33:59.236543
gen	min    	max    	avg    	std    
0  	146.293	159.698	152.994	1.74922
3  	145.668	158.595	151.099	1.83974
4  	145.338	157.773	150.831	1.91967
5  	143.46 	158.298	150.59 	1.96024
14 	143.321	157.954	149.457	2.34242
19 	142.668	157.937	149.089	2.45688
20 	142.517	158.119	149.06 	2.45856
32 	141.747	158.461	148.319	2.64961
39 	141.291	158.246	147.792	2.72488
42 	141.023	158.073	147.591	2.78939
50 	140.581	157.96 	146.763	2.92827
54 	139.491	157.807	146.134	3.01936
62 	138.434	157.725	144.37 	3.32111
65 	137.9  	159.891	143.547	3.52634
66 	137.304	158.365	143.234	3.60321
70 	136.506	158.128	142.005	3.9249 
72 	136.093	157.524	141.353	4.13356
73 	135.89 	157.685	140.983	4.17964
75 	135.149	157.515	140.347	4.40481
76 	135.007	158.072	140.053	4.50944
78 	134.177	158.36 	139.49 	4.63741
80 	133.847	158.349	138.965	4.87163
81 	133.493	157.717	138.699	4.91116
83 	133.173	158.032	138.201	5.06172
87 	132.656	159.001	137.271	5.33207
88 	132.148	159.491	137.025	5.39047
90 	132.095	157.902	136.594	5.58888
92 	131.557	158.585	136.154	5.67598
93 	131.363	158.647	135.951	5.7694 
96 	131.166	157.836	135.359	5.93083
97 	130.44 	158.252	135.178	6.00919
100	129.642	157.74 	134.639	6.19255
103	129.377	158.387	134.072	6.38276
105	129.287	157.566	133.733	6.50728
106	129.074	159.506	133.543	6.5291 
107	128.927	157.943	133.371	6.62014
108	128.403	157.713	133.175	6.63342
110	128.391	158.697	132.818	6.7593 
111	127.889	158.922	132.669	6.85165
113	127.743	157.619	132.332	6.98593
116	127.184	158.083	131.814	7.1146 
118	127.124	157.226	131.486	7.21061
119	127.016	157.086	131.307	7.22158
120	126.808	158.053	131.157	7.32003
121	126.456	157.829	131.004	7.40489
122	126.328	158.736	130.819	7.45412
124	125.683	158.199	130.482	7.5856 
127	125.672	158.796	129.958	7.67612
Tempo de Termino (hh:mm:ss.ms) 2026-04-28 11:39:01.526136
Tempo Total (hh:mm:ss.ms) 0:05:02.289593
Individuo: ([0, 2, 3, 1, 12, 31, 29, 11, 7, 24, 61, 83, 106, 111, 86, 105, 107, 109, 85, 84, 82, 96, 112, 117, 115, 108, 87, 65, 64, 71, 43, 53, 59, 78, 80, 104, 102, 103, 81, 72, 94, 110, 98, 120, 123, 121, 124, 125, 116, 114, 91, 97, 118, 88, 127, 126, 99, 122, 113, 119, 90, 95, 79, 52, 48, 26, 27, 33, 35, 38, 39, 32, 36, 42, 41, 23, 18, 16, 21, 22, 47, 46, 44, 45, 13, 8, 10, 14, 19, 20, 17, 15, 40, 70, 69, 67, 68, 56, 66, 58, 63, 92, 93, 101, 100, 89, 73, 75, 54, 60, 57, 55, 62, 34, 28, 25, 74, 77, 76, 50, 49, 51, 37, 30, 4, 9, 6, 5], [0, 1, 0, 0, 0, 0, 1, 1, 0, 1, 1, 0, 1, 1, 1, 1, 0, 1, 1, 1, 1, 0, 0, 1, 1, 0, 0, 0, 1, 1, 0, 0, 0, 0, 0, 1, 0, 1, 0, 0, 1, 0, 1, 0, 0, 1, 0, 1, 1, 0, 0, 0, 1, 0, 1, 0, 1, 0, 0, 0, 0, 0, 0, 0, 0, 1, 0, 0, 0, 1, 0, 0, 1, 1, 0, 1, 0, 1, 1, 0, 0, 1, 0, 0, 1, 0, 0, 0, 1, 0, 0, 1, 1, 1, 0, 1, 1, 0, 0, 0, 0, 0, 0, 0, 0, 1, 0, 0, 0, 1, 0, 1, 1, 1, 1, 1, 0, 1, 1, 0, 1, 0, 1, 1, 0, 1, 1, 0])
Fitness:  125.67196149404579
Gens:  [0, 1, 2, 3, 4, 5, 6, 7, 8, 9, 10, 11, 12, 13, 14, 15, 16, 17, 18, 19, 20, 21, 22, 23, 24, 25, 26, 27, 28, 29, 30, 31, 32, 33, 34, 35, 36, 37, 38, 39, 40, 41, 42, 43, 44, 45, 46, 47, 48, 49, 50, 51, 52, 53, 54, 55, 56, 57, 58, 59, 60, 61, 62, 63, 64, 65, 66, 67, 68, 69, 70, 71, 72, 73, 74, 75, 76, 77, 78, 79, 80, 81, 82, 83, 84, 85, 86, 87, 88, 89, 90, 91, 92, 93, 94, 95, 96, 97, 98, 99, 100, 101, 102, 103, 104, 105, 106, 107, 108, 109, 110, 111, 112, 113, 114, 115, 116, 117, 118, 119, 120, 121, 122, 123, 124, 125, 126, 127]
Inds:  [146.29336596007442, 146.29336596007442, 146.29336596007442, 145.6680267414889, 145.3381155972018, 143.4603660242059, 143.4603660242059, 143.4603660242059, 143.4603660242059, 143.4603660242059, 143.4603660242059, 143.4603660242059, 143.4603660242059, 143.4603660242059, 143.3214974487525, 143.3214974487525, 143.3214974487525, 143.3214974487525, 143.3214974487525, 142.66786934763206, 142.51697588933857, 142.51697588933857, 142.51697588933857, 142.51697588933857, 142.51697588933857, 142.51697588933857, 142.51697588933857, 142.51697588933857, 142.51697588933857, 142.51697588933857, 142.51697588933857, 142.51697588933857, 141.74725885320728, 141.74725885320728, 141.74725885320728, 141.74725885320728, 141.74725885320728, 141.74725885320728, 141.74725885320728, 141.29101437828712, 141.29101437828712, 141.29101437828712, 141.02347263893722, 141.02347263893722, 141.02347263893722, 141.02347263893722, 141.02347263893722, 141.02347263893722, 141.02347263893722, 141.02347263893722, 140.58139405529553, 140.58139405529553, 140.58139405529553, 140.58139405529553, 139.49114994824075, 139.49114994824075, 139.49114994824075, 139.49114994824075, 139.49114994824075, 139.49114994824075, 139.49114994824075, 139.49114994824075, 138.4337420555548, 138.4337420555548, 138.4337420555548, 137.89958105443665, 137.30412177821603, 137.30412177821603, 137.30412177821603, 137.30412177821603, 136.5056271405187, 136.5056271405187, 136.0928392975685, 135.890037120335, 135.890037120335, 135.14858121468447, 135.00710216708111, 135.00710216708111, 134.17715103569773, 134.17715103569773, 133.84741573398614, 133.49282869399946, 133.49282869399946, 133.173356200794, 133.173356200794, 133.173356200794, 133.173356200794, 132.6558296684411, 132.14814143563027, 132.14814143563027, 132.09478957602235, 132.09478957602235, 131.55665161788258, 131.36313357076688, 131.36313357076688, 131.36313357076688, 131.16589963585167, 130.44017852620647, 130.44017852620647, 130.44017852620647, 129.64168922105043, 129.64168922105043, 129.64168922105043, 129.3774828795455, 129.3774828795455, 129.28745252689052, 129.07449080712314, 128.9268572351259, 128.40344566997013, 128.40344566997013, 128.39148048468616, 127.88884749222491, 127.88884749222491, 127.7433135459519, 127.7433135459519, 127.7433135459519, 127.18371188277295, 127.18371188277295, 127.1237683615902, 127.01620201055317, 126.80814521623273, 126.45564587270027, 126.32760453614894, 126.32760453614894, 125.68281724774587, 125.68281724774587, 125.68281724774587, 125.67196149404579]

