BRKGA: art_14_regular_pack

Execução 1:
Parametros: P=5000, Pe=0.3, Pm=0.1, pe=0.7, Parada=100
Tempo de Inicio (hh:mm:ss.ms) 2026-04-28 11:18:32.651629
gen	min    	max   	avg    	std    
0  	211.311	223.04	217.082	1.68916
1  	210.969	221.91	216.049	1.56846
2  	210.063	222.184	215.594	1.67974
4  	209.955	222.751	214.99 	1.82767
5  	209.806	221.791	214.819	1.89912
6  	209.453	221.659	214.636	1.94614
7  	208.779	221.442	214.529	2.00119
11 	208.692	221.707	214.028	2.16116
17 	208.279	222.25 	213.587	2.28414
19 	207.414	221.866	213.504	2.34386
23 	207.29 	221.8  	213.273	2.42592
30 	206.802	221.753	212.933	2.53792
33 	206.027	221.821	212.746	2.54523
60 	205.767	222.413	211.378	2.83339
61 	205.076	220.833	211.3  	2.83874
62 	204.012	221.77 	211.268	2.88552
75 	203.746	222.128	209.768	3.13716
78 	203.257	221.63 	209.097	3.24499
79 	202.956	222.756	208.873	3.28386
82 	202.274	222.208	208.038	3.38729
83 	201.721	222.331	207.793	3.58316
85 	201.23 	221.071	207.133	3.65312
87 	200.7  	222.351	206.488	3.87231
88 	200.279	221.541	206.163	3.96504
89 	199.932	222.102	205.761	4.02101
90 	199.052	221.165	205.394	4.14804
91 	198.62 	222.261	205.057	4.27598
94 	198.573	222.382	203.898	4.60112
95 	197.719	222.183	203.547	4.72721
97 	197.067	220.907	202.807	4.88991
98 	196.76 	222.64 	202.496	5.07251
Tempo de Termino (hh:mm:ss.ms) 2026-04-28 11:23:36.110931
Tempo Total (hh:mm:ss.ms) 0:05:03.459302
Individuo: ([10, 15, 56, 19, 114, 117, 77, 68, 113, 84, 111, 126, 132, 94, 95, 98, 142, 143, 78, 73, 47, 26, 51, 29, 86, 41, 20, 31, 83, 119, 110, 80, 64, 128, 109, 123, 99, 138, 112, 118, 81, 135, 134, 129, 154, 133, 137, 150, 140, 65, 136, 155, 146, 131, 88, 97, 54, 42, 75, 48, 63, 46, 69, 85, 61, 60, 87, 89, 122, 125, 127, 104, 107, 141, 106, 139, 153, 52, 57, 16, 39, 12, 4, 55, 22, 18, 66, 14, 11, 40, 70, 6, 35, 7, 13, 28, 27, 32, 38, 44, 45, 21, 82, 5, 50, 25, 30, 24, 43, 72, 36, 67, 53, 23, 17, 74, 92, 62, 90, 148, 152, 101, 120, 147, 145, 121, 144, 100, 96, 93, 91, 103, 130, 116, 102, 58, 124, 76, 79, 71, 105, 115, 108, 151, 149, 59, 3, 34, 8, 37, 2, 1, 9, 49, 33, 0], [0, 1, 1, 1, 0, 1, 0, 0, 0, 1, 0, 1, 1, 1, 1, 0, 0, 1, 1, 1, 0, 0, 1, 1, 1, 0, 0, 1, 1, 1, 0, 1, 1, 0, 0, 1, 1, 1, 0, 0, 1, 1, 0, 1, 0, 1, 1, 0, 0, 0, 0, 1, 1, 1, 1, 1, 1, 0, 1, 1, 0, 0, 0, 1, 0, 0, 1, 1, 0, 1, 0, 0, 1, 0, 0, 0, 0, 0, 1, 1, 1, 1, 0, 1, 0, 0, 1, 0, 0, 1, 1, 0, 0, 1, 1, 0, 1, 0, 0, 1, 1, 0, 0, 0, 1, 1, 0, 1, 1, 1, 1, 0, 1, 1, 1, 0, 0, 1, 1, 0, 1, 1, 1, 0, 1, 0, 0, 0, 0, 1, 0, 0, 0, 0, 1, 1, 1, 1, 1, 0, 0, 1, 0, 0, 1, 1, 1, 0, 1, 0, 1, 0, 1, 0, 1, 0])
Fitness:  196.76035016614017
Gens:  [0, 1, 2, 3, 4, 5, 6, 7, 8, 9, 10, 11, 12, 13, 14, 15, 16, 17, 18, 19, 20, 21, 22, 23, 24, 25, 26, 27, 28, 29, 30, 31, 32, 33, 34, 35, 36, 37, 38, 39, 40, 41, 42, 43, 44, 45, 46, 47, 48, 49, 50, 51, 52, 53, 54, 55, 56, 57, 58, 59, 60, 61, 62, 63, 64, 65, 66, 67, 68, 69, 70, 71, 72, 73, 74, 75, 76, 77, 78, 79, 80, 81, 82, 83, 84, 85, 86, 87, 88, 89, 90, 91, 92, 93, 94, 95, 96, 97, 98, 99]
Inds:  [211.31101379852288, 210.9694072825875, 210.06274841242342, 210.06274841242342, 209.95450581937894, 209.8062122027596, 209.4525742532117, 208.7789425013098, 208.7789425013098, 208.7789425013098, 208.7789425013098, 208.69205766365505, 208.69205766365505, 208.69205766365505, 208.69205766365505, 208.69205766365505, 208.69205766365505, 208.2786402246404, 208.2786402246404, 207.41374379333573, 207.41374379333573, 207.41374379333573, 207.41374379333573, 207.290205336292, 207.290205336292, 207.290205336292, 207.290205336292, 207.290205336292, 207.290205336292, 207.290205336292, 206.8021664568221, 206.8021664568221, 206.8021664568221, 206.02668629271756, 206.02668629271756, 206.02668629271756, 206.02668629271756, 206.02668629271756, 206.02668629271756, 206.02668629271756, 206.02668629271756, 206.02668629271756, 206.02668629271756, 206.02668629271756, 206.02668629271756, 206.02668629271756, 206.02668629271756, 206.02668629271756, 206.02668629271756, 206.02668629271756, 206.02668629271756, 206.02668629271756, 206.02668629271756, 206.02668629271756, 206.02668629271756, 206.02668629271756, 206.02668629271756, 206.02668629271756, 206.02668629271756, 206.02668629271756, 205.76707750349652, 205.0758225766385, 204.01209472157038, 204.01209472157038, 204.01209472157038, 204.01209472157038, 204.01209472157038, 204.01209472157038, 204.01209472157038, 204.01209472157038, 204.01209472157038, 204.01209472157038, 204.01209472157038, 204.01209472157038, 204.01209472157038, 203.7456562289991, 203.7456562289991, 203.7456562289991, 203.25730001664056, 202.95564340081523, 202.95564340081523, 202.95564340081523, 202.27404782722746, 201.72069613908027, 201.72069613908027, 201.23013781571532, 201.23013781571532, 200.69976085746904, 200.278874643125, 199.93171007316118, 199.05161414011675, 198.61974266523993, 198.61974266523993, 198.61974266523993, 198.57277249841914, 197.7185382233932, 197.7185382233932, 197.06686242322286, 196.76035016614017, 196.76035016614017]

