BRKGA: art_1_irregular_sep

Execução 1:
Parametros: P=5000, Pe=0.3, Pm=0.1, pe=0.7, Parada=100
Tempo de Inicio (hh:mm:ss.ms) 2026-04-28 11:28:54.980091
gen	min    	max    	avg   	std    
0  	160.308	170.676	165.76	1.48323
1  	159.836	171.025	164.818	1.38634
4  	159.482	170.153	163.846	1.62239
5  	158.934	169.718	163.679	1.68608
8  	158.504	169.961	163.318	1.81687
9  	157.998	170.995	163.207	1.86918
12 	157.536	170.625	162.983	1.95515
20 	157    	171.269	162.49 	2.10323
21 	156.983	169.978	162.423	2.10761
31 	156.91 	169.731	161.969	2.25633
41 	156.426	169.745	161.579	2.37526
47 	155.897	169.794	161.335	2.42008
49 	155.403	170.283	161.237	2.42121
68 	155.292	170.592	160.018	2.62882
69 	155.291	171.031	159.905	2.62117
70 	154.922	170.107	159.824	2.68016
71 	154.667	171.394	159.692	2.69507
74 	153.68 	169.823	159.209	2.75378
76 	152.768	170.458	158.885	2.82239
80 	152.674	170.007	158.018	3.0027 
81 	152.554	170.359	157.796	3.04726
82 	152.25 	170.04 	157.542	3.09663
83 	151.726	169.772	157.291	3.1609 
84 	151.19 	170.604	157.015	3.23222
86 	151.03 	171.183	156.534	3.39551
88 	150.822	170.398	155.979	3.47693
89 	150.239	170.012	155.665	3.55745
91 	150.049	170.564	155.135	3.77292
92 	149.938	171.195	154.862	3.85941
93 	149.517	169.444	154.579	3.93278
94 	149.475	169.904	154.297	4.01909
95 	148.722	170.14 	153.992	4.08503
97 	148.517	170.74 	153.484	4.25981
99 	148.061	169.549	152.942	4.42718
100	146.187	170.099	152.703	4.52708
108	146.157	169.808	150.761	5.10573
109	145.629	169.722	150.519	5.16834
Tempo de Termino (hh:mm:ss.ms) 2026-04-28 11:33:58.213716
Tempo Total (hh:mm:ss.ms) 0:05:03.233625
Individuo: ([7, 14, 11, 37, 1, 12, 21, 27, 20, 13, 56, 19, 50, 62, 48, 53, 26, 104, 81, 63, 110, 112, 118, 57, 51, 29, 18, 9, 8, 30, 59, 55, 77, 99, 102, 84, 108, 129, 135, 130, 90, 71, 92, 128, 131, 125, 122, 124, 142, 143, 138, 132, 127, 91, 126, 121, 120, 93, 39, 43, 33, 17, 0, 68, 44, 47, 10, 22, 42, 113, 117, 45, 119, 105, 116, 85, 133, 98, 70, 109, 139, 111, 106, 86, 114, 136, 88, 67, 66, 96, 115, 134, 80, 107, 95, 97, 140, 78, 25, 16, 74, 52, 65, 69, 32, 36, 35, 15, 23, 31, 87, 60, 24, 61, 58, 54, 28, 64, 100, 101, 49, 76, 75, 41, 40, 46, 141, 79, 72, 89, 94, 137, 123, 103, 73, 82, 38, 83, 34, 6, 3, 2, 5, 4], [1, 0, 1, 1, 1, 1, 0, 1, 1, 0, 0, 0, 1, 1, 1, 0, 1, 1, 0, 0, 0, 0, 1, 1, 0, 0, 0, 1, 1, 0, 0, 0, 0, 0, 0, 0, 0, 1, 1, 1, 0, 0, 1, 1, 0, 0, 0, 0, 1, 1, 1, 1, 1, 1, 1, 1, 1, 0, 0, 1, 0, 0, 0, 0, 1, 0, 0, 0, 1, 0, 1, 1, 1, 0, 1, 1, 1, 1, 1, 1, 0, 0, 0, 0, 0, 0, 0, 1, 1, 1, 1, 0, 0, 0, 0, 0, 0, 1, 1, 1, 0, 0, 0, 0, 0, 1, 0, 1, 0, 1, 1, 0, 1, 1, 0, 0, 1, 0, 1, 0, 1, 1, 1, 0, 0, 1, 1, 1, 1, 0, 0, 1, 1, 0, 0, 1, 1, 0, 0, 0, 0, 0, 1, 1])
Fitness:  145.62895130555054
Gens:  [0, 1, 2, 3, 4, 5, 6, 7, 8, 9, 10, 11, 12, 13, 14, 15, 16, 17, 18, 19, 20, 21, 22, 23, 24, 25, 26, 27, 28, 29, 30, 31, 32, 33, 34, 35, 36, 37, 38, 39, 40, 41, 42, 43, 44, 45, 46, 47, 48, 49, 50, 51, 52, 53, 54, 55, 56, 57, 58, 59, 60, 61, 62, 63, 64, 65, 66, 67, 68, 69, 70, 71, 72, 73, 74, 75, 76, 77, 78, 79, 80, 81, 82, 83, 84, 85, 86, 87, 88, 89, 90, 91, 92, 93, 94, 95, 96, 97, 98, 99, 100, 101, 102, 103, 104, 105, 106, 107, 108, 109, 110]
Inds:  [160.30825097754914, 159.8359233541904, 159.8359233541904, 159.8359233541904, 159.48199677946434, 158.933634207406, 158.933634207406, 158.933634207406, 158.50388352827557, 157.99786861419534, 157.99786861419534, 157.99786861419534, 157.53623033780121, 157.53623033780121, 157.53623033780121, 157.53623033780121, 157.53623033780121, 157.53623033780121, 157.53623033780121, 157.53623033780121, 157.00016442990483, 156.9826968526723, 156.9826968526723, 156.9826968526723, 156.9826968526723, 156.9826968526723, 156.9826968526723, 156.9826968526723, 156.9826968526723, 156.9826968526723, 156.9826968526723, 156.90996966598476, 156.90996966598476, 156.90996966598476, 156.90996966598476, 156.90996966598476, 156.90996966598476, 156.90996966598476, 156.90996966598476, 156.90996966598476, 156.90996966598476, 156.42613163669958, 156.42613163669958, 156.42613163669958, 156.42613163669958, 156.42613163669958, 156.42613163669958, 155.89732094426608, 155.89732094426608, 155.4031986744527, 155.4031986744527, 155.4031986744527, 155.4031986744527, 155.4031986744527, 155.4031986744527, 155.4031986744527, 155.4031986744527, 155.4031986744527, 155.4031986744527, 155.4031986744527, 155.4031986744527, 155.4031986744527, 155.4031986744527, 155.4031986744527, 155.4031986744527, 155.4031986744527, 155.4031986744527, 155.4031986744527, 155.29220280759162, 155.29134561220792, 154.9217523158619, 154.66697461740407, 154.66697461740407, 154.66697461740407, 153.6795079458918, 153.6795079458918, 152.76828369880295, 152.76828369880295, 152.76828369880295, 152.76828369880295, 152.67421640005793, 152.55406840963312, 152.25038537998773, 151.72564283644942, 151.18966192299553, 151.18966192299553, 151.03048518765522, 151.03048518765522, 150.82181347228777, 150.2394873121537, 150.2394873121537, 150.04927993583752, 149.93792000995083, 149.51684601114272, 149.47513856472884, 148.72232717309876, 148.72232717309876, 148.5174598821533, 148.5174598821533, 148.06133163022906, 146.18695008646836, 146.18695008646836, 146.18695008646836, 146.18695008646836, 146.18695008646836, 146.18695008646836, 146.18695008646836, 146.18695008646836, 146.156719693887, 145.62895130555054, 145.62895130555054]

