BRKGA: art_4_irregular_sep

Execução 1:
Parametros: P=5000, Pe=0.3, Pm=0.1, pe=0.7, Parada=100
Tempo de Inicio (hh:mm:ss.ms) 2026-04-28 11:48:42.286970
gen	min    	max    	avg    	std    
0  	217.431	233.053	225.539	2.19042
1  	216.1  	232.219	224.172	2.03107
4  	215.296	231.434	222.836	2.38241
5  	215.143	231.772	222.589	2.46663
6  	213.329	231.555	222.351	2.53703
21 	212.223	231.395	220.68 	3.05918
40 	210.503	233.143	219.238	3.39227
49 	210.285	232.664	218.419	3.57562
54 	209.712	231.607	217.558	3.65746
55 	208.741	231.857	217.377	3.76175
61 	206.169	232.084	215.818	3.96652
65 	206.061	230.848	214.35 	4.34251
69 	205.637	233.094	212.625	4.77653
70 	203.764	231.71 	212.186	4.84148
74 	203.428	231.52 	210.409	5.38052
75 	203.117	232.517	209.948	5.48737
76 	202.855	231.394	209.538	5.68475
77 	201.981	232.285	209.036	5.73947
78 	201.424	231.15 	208.643	5.93922
79 	200.824	231.263	208.181	5.99917
81 	200.721	232.634	207.378	6.26912
82 	199.694	232.509	206.968	6.42491
Tempo de Termino (hh:mm:ss.ms) 2026-04-28 11:53:48.161625
Tempo Total (hh:mm:ss.ms) 0:05:05.874655
Individuo: ([38, 36, 50, 4, 14, 11, 53, 67, 22, 5, 0, 21, 42, 112, 64, 133, 179, 183, 177, 158, 175, 123, 102, 134, 141, 178, 162, 163, 91, 153, 181, 160, 121, 79, 132, 117, 80, 76, 86, 32, 25, 84, 73, 62, 59, 87, 63, 30, 72, 46, 33, 99, 70, 136, 122, 100, 27, 28, 12, 3, 52, 116, 115, 110, 167, 114, 149, 78, 106, 101, 105, 108, 74, 34, 119, 89, 60, 1, 13, 48, 85, 109, 61, 9, 6, 83, 49, 44, 97, 172, 157, 138, 154, 113, 111, 151, 161, 120, 180, 174, 128, 182, 152, 173, 129, 166, 169, 176, 168, 164, 171, 143, 165, 124, 68, 90, 88, 127, 155, 137, 150, 118, 156, 96, 146, 170, 145, 148, 144, 103, 41, 40, 140, 58, 18, 92, 51, 20, 37, 55, 57, 94, 17, 93, 56, 69, 7, 10, 16, 95, 142, 54, 31, 47, 81, 82, 8, 75, 131, 135, 125, 139, 126, 147, 107, 65, 39, 71, 104, 66, 159, 98, 130, 77, 24, 29, 26, 19, 15, 35, 23, 43, 45, 2], [0, 0, 0, 0, 1, 1, 1, 0, 0, 1, 1, 1, 1, 1, 1, 0, 0, 1, 0, 0, 1, 1, 1, 1, 0, 0, 1, 1, 1, 1, 1, 1, 1, 0, 1, 0, 0, 1, 0, 0, 0, 1, 0, 0, 1, 1, 1, 1, 0, 0, 0, 0, 0, 0, 0, 0, 0, 0, 0, 0, 1, 0, 0, 1, 0, 1, 0, 1, 1, 0, 1, 0, 1, 1, 0, 1, 1, 1, 0, 1, 1, 1, 1, 0, 0, 0, 1, 1, 1, 1, 1, 1, 1, 1, 0, 1, 0, 1, 1, 0, 1, 0, 0, 0, 1, 0, 1, 1, 1, 0, 0, 1, 1, 0, 0, 0, 1, 0, 1, 0, 0, 1, 0, 0, 1, 1, 0, 0, 1, 0, 0, 0, 0, 0, 1, 0, 0, 0, 1, 1, 1, 1, 1, 1, 0, 0, 0, 0, 1, 1, 0, 1, 1, 0, 0, 0, 1, 1, 1, 1, 0, 0, 1, 0, 0, 0, 0, 0, 1, 0, 0, 1, 1, 1, 0, 1, 1, 1, 1, 0, 1, 0, 0, 1])
Fitness:  199.6942944775013
Gens:  [0, 1, 2, 3, 4, 5, 6, 7, 8, 9, 10, 11, 12, 13, 14, 15, 16, 17, 18, 19, 20, 21, 22, 23, 24, 25, 26, 27, 28, 29, 30, 31, 32, 33, 34, 35, 36, 37, 38, 39, 40, 41, 42, 43, 44, 45, 46, 47, 48, 49, 50, 51, 52, 53, 54, 55, 56, 57, 58, 59, 60, 61, 62, 63, 64, 65, 66, 67, 68, 69, 70, 71, 72, 73, 74, 75, 76, 77, 78, 79, 80, 81, 82]
Inds:  [217.43076688127917, 216.10023551836767, 216.10023551836767, 216.10023551836767, 215.29585484127264, 215.14276953827593, 213.3286253139117, 213.3286253139117, 213.3286253139117, 213.3286253139117, 213.3286253139117, 213.3286253139117, 213.3286253139117, 213.3286253139117, 213.3286253139117, 213.3286253139117, 213.3286253139117, 213.3286253139117, 213.3286253139117, 213.3286253139117, 213.3286253139117, 212.2232177232659, 212.2232177232659, 212.2232177232659, 212.2232177232659, 212.2232177232659, 212.2232177232659, 212.2232177232659, 212.2232177232659, 212.2232177232659, 212.2232177232659, 212.2232177232659, 212.2232177232659, 212.2232177232659, 212.2232177232659, 212.2232177232659, 212.2232177232659, 212.2232177232659, 212.2232177232659, 212.2232177232659, 210.50300263980145, 210.50300263980145, 210.50300263980145, 210.50300263980145, 210.50300263980145, 210.50300263980145, 210.50300263980145, 210.50300263980145, 210.50300263980145, 210.28513845164426, 210.28513845164426, 210.28513845164426, 210.28513845164426, 210.28513845164426, 209.71201522840906, 208.74132040460302, 208.74132040460302, 208.74132040460302, 208.74132040460302, 208.74132040460302, 208.74132040460302, 206.1693742590308, 206.1693742590308, 206.1693742590308, 206.1693742590308, 206.061175679695, 206.061175679695, 206.061175679695, 206.061175679695, 205.63711385783847, 203.76405639892468, 203.76405639892468, 203.76405639892468, 203.76405639892468, 203.42798874010938, 203.11718027289572, 202.85460543006275, 201.98066702354774, 201.4237464044433, 200.82373461062332, 200.82373461062332, 200.72094832176336, 199.6942944775013]

