BRKGA: art_17_regular_pack

Execução 1:
Parametros: P=5000, Pe=0.3, Pm=0.1, pe=0.7, Parada=100
Tempo de Inicio (hh:mm:ss.ms) 2026-04-28 11:23:42.965511
gen	min    	max    	avg   	std   
0  	302.682	317.762	310.07	2.0017
2  	301.789	315.713	308.286	2.00621
3  	301.136	315.871	307.916	2.1113 
8  	301.014	315.457	306.892	2.42815
9  	300.183	315.553	306.714	2.4678 
10 	299.905	315.135	306.567	2.52771
12 	299.853	315.577	306.437	2.62522
13 	299.198	316.366	306.328	2.63617
17 	298.95 	314.942	305.95 	2.77332
20 	298.897	316.191	305.795	2.85329
23 	297.614	315.295	305.571	2.86283
65 	297.294	315.704	303.986	3.36318
68 	297.243	315.838	303.822	3.40054
Tempo de Termino (hh:mm:ss.ms) 2026-04-28 11:28:50.637602
Tempo Total (hh:mm:ss.ms) 0:05:07.672091
Individuo: ([33, 35, 5, 91, 80, 121, 211, 68, 30, 130, 118, 107, 156, 201, 143, 204, 192, 198, 160, 85, 34, 73, 22, 27, 108, 179, 145, 132, 110, 117, 60, 58, 124, 47, 126, 11, 82, 50, 87, 142, 180, 164, 55, 28, 57, 84, 104, 166, 154, 188, 183, 149, 136, 116, 169, 90, 135, 102, 127, 131, 65, 122, 199, 32, 181, 202, 214, 150, 178, 140, 171, 187, 77, 106, 138, 39, 64, 75, 45, 6, 42, 111, 72, 165, 78, 182, 148, 153, 163, 193, 197, 151, 105, 7, 168, 184, 44, 12, 41, 76, 59, 71, 31, 1, 62, 10, 215, 67, 17, 29, 112, 152, 70, 53, 206, 205, 162, 69, 144, 175, 203, 19, 43, 52, 195, 89, 155, 18, 101, 0, 189, 177, 186, 61, 161, 49, 21, 26, 24, 99, 48, 159, 109, 92, 83, 147, 20, 114, 191, 137, 119, 172, 97, 94, 96, 54, 103, 139, 56, 81, 8, 23, 38, 25, 170, 176, 79, 167, 128, 190, 40, 13, 2, 4, 212, 98, 14, 115, 125, 208, 93, 196, 66, 95, 120, 123, 63, 133, 74, 37, 46, 134, 86, 210, 209, 141, 213, 173, 113, 200, 158, 100, 129, 146, 15, 36, 9, 3, 51, 207, 157, 174, 194, 185, 88, 16], [0, 0, 0, 1, 0, 1, 0, 0, 0, 1, 0, 0, 1, 1, 1, 1, 1, 1, 0, 1, 1, 1, 1, 1, 1, 0, 1, 1, 0, 0, 0, 0, 0, 0, 0, 0, 1, 0, 1, 1, 0, 0, 1, 0, 0, 1, 1, 1, 1, 1, 1, 1, 0, 1, 1, 0, 0, 1, 1, 1, 1, 0, 0, 1, 0, 0, 0, 1, 0, 1, 0, 0, 0, 0, 0, 1, 1, 0, 0, 1, 1, 1, 1, 0, 0, 1, 0, 0, 1, 1, 1, 0, 0, 1, 0, 0, 1, 0, 1, 0, 0, 1, 0, 1, 0, 1, 1, 0, 1, 1, 1, 0, 1, 0, 1, 1, 1, 0, 0, 1, 0, 1, 0, 1, 1, 0, 0, 0, 1, 1, 1, 0, 0, 1, 0, 0, 0, 0, 1, 0, 1, 1, 1, 1, 0, 1, 0, 0, 0, 0, 1, 1, 1, 1, 0, 0, 0, 1, 1, 1, 0, 0, 0, 1, 0, 1, 0, 0, 0, 0, 1, 0, 0, 1, 0, 1, 1, 0, 0, 1, 0, 0, 1, 1, 0, 1, 0, 1, 0, 1, 0, 0, 0, 0, 1, 1, 0, 1, 1, 1, 1, 0, 1, 0, 1, 1, 0, 1, 1, 0, 0, 0, 1, 0, 1, 1])
Fitness:  297.24287417661236
Gens:  [0, 1, 2, 3, 4, 5, 6, 7, 8, 9, 10, 11, 12, 13, 14, 15, 16, 17, 18, 19, 20, 21, 22, 23, 24, 25, 26, 27, 28, 29, 30, 31, 32, 33, 34, 35, 36, 37, 38, 39, 40, 41, 42, 43, 44, 45, 46, 47, 48, 49, 50, 51, 52, 53, 54, 55, 56, 57, 58, 59, 60, 61, 62, 63, 64, 65, 66, 67, 68]
Inds:  [302.6818124161495, 302.6818124161495, 301.78856455649816, 301.1364830912036, 301.1364830912036, 301.1364830912036, 301.1364830912036, 301.1364830912036, 301.0137784035839, 300.18323981669397, 299.90460029081476, 299.90460029081476, 299.8531772491187, 299.1977522214442, 299.1977522214442, 299.1977522214442, 299.1977522214442, 298.94990701375167, 298.94990701375167, 298.94990701375167, 298.8965673921683, 298.8965673921683, 298.8965673921683, 297.6141161198465, 297.6141161198465, 297.6141161198465, 297.6141161198465, 297.6141161198465, 297.6141161198465, 297.6141161198465, 297.6141161198465, 297.6141161198465, 297.6141161198465, 297.6141161198465, 297.6141161198465, 297.6141161198465, 297.6141161198465, 297.6141161198465, 297.6141161198465, 297.6141161198465, 297.6141161198465, 297.6141161198465, 297.6141161198465, 297.6141161198465, 297.6141161198465, 297.6141161198465, 297.6141161198465, 297.6141161198465, 297.6141161198465, 297.6141161198465, 297.6141161198465, 297.6141161198465, 297.6141161198465, 297.6141161198465, 297.6141161198465, 297.6141161198465, 297.6141161198465, 297.6141161198465, 297.6141161198465, 297.6141161198465, 297.6141161198465, 297.6141161198465, 297.6141161198465, 297.6141161198465, 297.6141161198465, 297.2939279741076, 297.2939279741076, 297.2939279741076, 297.24287417661236]

