BRKGA: art_4_regular_sep

Execução 1:
Parametros: P=5000, Pe=0.3, Pm=0.1, pe=0.7, Parada=100
Tempo de Inicio (hh:mm:ss.ms) 2026-04-28 11:49:25.367791
gen	min    	max    	avg  	std    
0  	336.921	361.919	348.3	3.37004
1  	336.801	358.258	346.232	3.17266
2  	332.663	357.204	345.214	3.33263
8  	332.036	358.849	342.86 	4.03682
9  	331.732	358.283	342.671	4.13146
12 	331.086	357.978	342.042	4.32753
15 	330.794	360.068	341.519	4.47469
19 	329.903	356.663	341.071	4.6298 
27 	328.912	356.731	340.28 	4.96321
38 	328.554	358.609	339.33 	5.13877
42 	328.167	359.303	339.025	5.20603
50 	328.045	360.099	338.324	5.3651 
53 	327.646	359.109	337.984	5.46186
54 	327.344	358.958	337.912	5.47936
55 	326.355	360.367	337.872	5.59307
62 	324.825	359.248	337.042	5.65637
Tempo de Termino (hh:mm:ss.ms) 2026-04-28 11:54:30.156684
Tempo Total (hh:mm:ss.ms) 0:05:04.788893
Individuo: ([5, 28, 127, 215, 200, 45, 84, 1, 0, 142, 212, 126, 129, 23, 15, 109, 63, 37, 64, 25, 139, 72, 29, 53, 202, 154, 157, 194, 208, 180, 174, 138, 98, 108, 206, 197, 125, 101, 56, 19, 195, 48, 164, 54, 165, 60, 8, 47, 153, 93, 70, 85, 169, 158, 156, 198, 89, 141, 183, 149, 171, 76, 21, 46, 106, 36, 167, 59, 66, 74, 35, 152, 204, 185, 178, 201, 203, 217, 196, 159, 2, 99, 162, 143, 68, 112, 31, 65, 168, 155, 177, 151, 189, 170, 87, 77, 192, 34, 27, 128, 4, 14, 182, 117, 136, 92, 44, 71, 40, 78, 105, 11, 18, 13, 9, 80, 73, 205, 199, 175, 207, 188, 184, 131, 86, 116, 148, 119, 191, 190, 161, 146, 104, 173, 51, 118, 50, 211, 144, 176, 33, 58, 30, 75, 88, 57, 69, 123, 130, 12, 41, 55, 181, 209, 163, 216, 83, 67, 39, 22, 95, 110, 90, 102, 96, 111, 62, 121, 81, 107, 122, 135, 140, 133, 103, 187, 113, 10, 134, 193, 213, 214, 145, 52, 186, 124, 82, 26, 94, 115, 61, 147, 42, 179, 150, 210, 132, 97, 32, 43, 160, 6, 100, 38, 166, 120, 172, 79, 17, 137, 20, 16, 114, 91, 49, 7, 3, 24], [1, 1, 0, 1, 0, 1, 1, 1, 1, 0, 1, 0, 0, 1, 0, 0, 0, 1, 0, 1, 1, 0, 1, 1, 0, 0, 0, 1, 1, 0, 0, 0, 0, 0, 0, 0, 1, 1, 1, 1, 0, 0, 1, 1, 0, 0, 0, 1, 0, 0, 0, 0, 1, 0, 1, 1, 1, 0, 1, 1, 0, 1, 0, 1, 0, 1, 1, 0, 1, 1, 1, 1, 0, 0, 1, 1, 0, 1, 1, 0, 0, 0, 1, 1, 0, 0, 0, 1, 1, 1, 1, 0, 0, 1, 0, 1, 1, 1, 1, 1, 0, 0, 0, 0, 0, 0, 1, 0, 0, 1, 0, 0, 1, 0, 1, 0, 1, 0, 0, 0, 0, 0, 0, 1, 1, 1, 0, 0, 0, 0, 0, 0, 0, 0, 1, 1, 1, 1, 0, 1, 1, 0, 0, 0, 1, 0, 1, 0, 1, 1, 0, 0, 0, 1, 0, 0, 0, 0, 1, 1, 0, 0, 0, 0, 0, 1, 0, 0, 0, 1, 1, 0, 1, 0, 1, 1, 1, 0, 1, 1, 0, 0, 0, 0, 1, 0, 1, 1, 0, 1, 0, 0, 0, 1, 1, 0, 0, 0, 1, 0, 1, 1, 1, 0, 0, 1, 0, 1, 0, 1, 1, 1, 0, 0, 1, 1, 0, 1])
Fitness:  324.8251409374787
Gens:  [0, 1, 2, 3, 4, 5, 6, 7, 8, 9, 10, 11, 12, 13, 14, 15, 16, 17, 18, 19, 20, 21, 22, 23, 24, 25, 26, 27, 28, 29, 30, 31, 32, 33, 34, 35, 36, 37, 38, 39, 40, 41, 42, 43, 44, 45, 46, 47, 48, 49, 50, 51, 52, 53, 54, 55, 56, 57, 58, 59, 60, 61, 62, 63, 64, 65, 66]
Inds:  [336.92096125832853, 336.80103770317106, 332.662674803712, 332.662674803712, 332.662674803712, 332.662674803712, 332.662674803712, 332.662674803712, 332.03586601859365, 331.73153905365706, 331.73153905365706, 331.73153905365706, 331.08644295715646, 331.08644295715646, 331.08644295715646, 330.7935775833956, 330.7935775833956, 330.7935775833956, 330.7935775833956, 329.90298236660374, 329.90298236660374, 329.90298236660374, 329.90298236660374, 329.90298236660374, 329.90298236660374, 329.90298236660374, 329.90298236660374, 328.9122228928987, 328.9122228928987, 328.9122228928987, 328.9122228928987, 328.9122228928987, 328.9122228928987, 328.9122228928987, 328.9122228928987, 328.9122228928987, 328.9122228928987, 328.9122228928987, 328.5541969841585, 328.5541969841585, 328.5541969841585, 328.5541969841585, 328.16723388497905, 328.16723388497905, 328.16723388497905, 328.16723388497905, 328.16723388497905, 328.16723388497905, 328.16723388497905, 328.16723388497905, 328.04491516513434, 328.04491516513434, 328.04491516513434, 327.6461252499543, 327.34418978023456, 326.35518946033864, 326.35518946033864, 326.35518946033864, 326.35518946033864, 326.35518946033864, 326.35518946033864, 326.35518946033864, 324.8251409374787, 324.8251409374787, 324.8251409374787, 324.8251409374787, 324.8251409374787]

