BRKGA: art_9_irregular_pack

Execução 1:
Parametros: P=5000, Pe=0.3, Pm=0.1, pe=0.7, Parada=100
Tempo de Inicio (hh:mm:ss.ms) 2026-04-28 11:57:54.760256
gen	min    	max    	avg    	std    
0  	144.884	152.064	148.642	1.00322
1  	144.712	151.432	148.046	0.953615
2  	144.291	151.738	147.77 	1.00205 
3  	144.225	151.955	147.571	1.0441  
5  	143.985	152.358	147.315	1.14372 
8  	143.516	151.059	147.054	1.24386 
12 	143.498	151.128	146.802	1.30718 
16 	143.321	151.692	146.615	1.36534 
20 	143.263	151.683	146.475	1.42508 
21 	143.161	151.579	146.448	1.43987 
24 	143.043	151.725	146.328	1.46073 
27 	142.852	151.344	146.243	1.47572 
28 	142.705	151.293	146.196	1.48625 
31 	142.413	152.15 	146.136	1.52585 
39 	142.365	151.532	145.952	1.57747 
45 	141.715	151.807	145.82 	1.60472 
73 	141.608	151.107	145.143	1.74109 
77 	141.175	151.231	145.033	1.77969 
81 	141.147	151.513	144.871	1.82044 
85 	140.685	151.342	144.66 	1.82032 
88 	140.616	151.443	144.491	1.87527 
92 	140.605	151.836	144.16 	1.92872 
94 	140.535	151.586	143.967	1.96202 
96 	139.761	151.861	143.724	1.9911  
99 	139.519	151.592	143.273	2.06655 
101	139.375	151.291	142.92 	2.15119 
103	139.16 	151.21 	142.55 	2.25401 
104	139.071	151.943	142.336	2.27113 
106	138.421	151.488	141.974	2.39259 
107	137.858	151.471	141.784	2.45282 
111	137.63 	150.928	140.953	2.70589 
112	137.274	152.174	140.71 	2.76501 
113	136.913	151.394	140.489	2.8246  
114	136.413	151.441	140.27 	2.91479 
117	136.139	151.453	139.574	3.13576 
Tempo de Termino (hh:mm:ss.ms) 2026-04-28 12:02:57.995226
Tempo Total (hh:mm:ss.ms) 0:05:03.234970
Individuo: ([37, 33, 1, 8, 15, 14, 19, 12, 45, 41, 10, 29, 11, 28, 26, 17, 85, 75, 110, 123, 72, 84, 109, 105, 79, 18, 46, 83, 128, 90, 127, 118, 71, 65, 0, 35, 13, 44, 32, 67, 73, 108, 114, 88, 99, 31, 133, 98, 100, 102, 134, 57, 89, 87, 80, 120, 113, 112, 130, 124, 115, 77, 92, 132, 126, 95, 93, 97, 56, 121, 125, 129, 131, 119, 122, 86, 49, 48, 61, 62, 59, 27, 111, 68, 106, 52, 39, 81, 64, 107, 40, 51, 47, 30, 54, 101, 24, 23, 58, 96, 53, 7, 22, 20, 38, 78, 50, 135, 82, 76, 91, 66, 116, 94, 103, 60, 25, 16, 63, 55, 69, 104, 117, 74, 21, 42, 43, 9, 70, 34, 36, 6, 4, 2, 3, 5], [1, 1, 1, 0, 1, 1, 0, 1, 1, 1, 1, 1, 0, 1, 0, 1, 0, 0, 1, 1, 0, 0, 1, 1, 1, 0, 1, 0, 0, 0, 0, 0, 0, 1, 1, 0, 0, 1, 0, 0, 1, 1, 0, 1, 0, 0, 1, 0, 1, 0, 1, 0, 0, 0, 1, 1, 1, 0, 1, 0, 1, 1, 1, 1, 0, 1, 1, 0, 1, 1, 0, 1, 1, 1, 1, 0, 0, 1, 1, 0, 1, 0, 1, 1, 1, 1, 0, 1, 0, 0, 1, 1, 1, 0, 0, 1, 0, 1, 1, 0, 1, 0, 0, 0, 0, 0, 0, 0, 1, 1, 0, 1, 0, 0, 1, 1, 1, 0, 1, 1, 1, 1, 0, 0, 1, 1, 1, 0, 0, 0, 1, 1, 1, 0, 1, 0])
Fitness:  136.1390980725152
Gens:  [0, 1, 2, 3, 4, 5, 6, 7, 8, 9, 10, 11, 12, 13, 14, 15, 16, 17, 18, 19, 20, 21, 22, 23, 24, 25, 26, 27, 28, 29, 30, 31, 32, 33, 34, 35, 36, 37, 38, 39, 40, 41, 42, 43, 44, 45, 46, 47, 48, 49, 50, 51, 52, 53, 54, 55, 56, 57, 58, 59, 60, 61, 62, 63, 64, 65, 66, 67, 68, 69, 70, 71, 72, 73, 74, 75, 76, 77, 78, 79, 80, 81, 82, 83, 84, 85, 86, 87, 88, 89, 90, 91, 92, 93, 94, 95, 96, 97, 98, 99, 100, 101, 102, 103, 104, 105, 106, 107, 108, 109, 110, 111, 112, 113, 114, 115, 116, 117]
Inds:  [144.88381566766938, 144.7122473210058, 144.29055081376265, 144.22547379682376, 144.22547379682376, 143.98497179382164, 143.98497179382164, 143.98497179382164, 143.51575193028623, 143.51575193028623, 143.51575193028623, 143.51575193028623, 143.4980310220102, 143.4980310220102, 143.4980310220102, 143.4980310220102, 143.32090393071098, 143.32090393071098, 143.32090393071098, 143.32090393071098, 143.2629504633913, 143.16091455603856, 143.16091455603856, 143.16091455603856, 143.04284303042616, 143.04284303042616, 143.04284303042616, 142.8519495604594, 142.70548460108685, 142.70548460108685, 142.70548460108685, 142.41264442224517, 142.41264442224517, 142.41264442224517, 142.41264442224517, 142.41264442224517, 142.41264442224517, 142.41264442224517, 142.41264442224517, 142.3653295217891, 142.3653295217891, 142.3653295217891, 142.3653295217891, 142.3653295217891, 142.3653295217891, 141.71516385498947, 141.71516385498947, 141.71516385498947, 141.71516385498947, 141.71516385498947, 141.71516385498947, 141.71516385498947, 141.71516385498947, 141.71516385498947, 141.71516385498947, 141.71516385498947, 141.71516385498947, 141.71516385498947, 141.71516385498947, 141.71516385498947, 141.71516385498947, 141.71516385498947, 141.71516385498947, 141.71516385498947, 141.71516385498947, 141.71516385498947, 141.71516385498947, 141.71516385498947, 141.71516385498947, 141.71516385498947, 141.71516385498947, 141.71516385498947, 141.71516385498947, 141.60791132974137, 141.60791132974137, 141.60791132974137, 141.60791132974137, 141.17451898572077, 141.17451898572077, 141.17451898572077, 141.17451898572077, 141.1465551190815, 141.1465551190815, 141.1465551190815, 141.1465551190815, 140.68501400247203, 140.68501400247203, 140.68501400247203, 140.6160441600319, 140.6160441600319, 140.6160441600319, 140.6160441600319, 140.60461663044856, 140.60461663044856, 140.53451041401448, 140.53451041401448, 139.76135237069698, 139.76135237069698, 139.76135237069698, 139.51929661509158, 139.51929661509158, 139.37513907810379, 139.37513907810379, 139.15955400205698, 139.07113927835545, 139.07113927835545, 138.42122842683006, 137.85771443526713, 137.85771443526713, 137.85771443526713, 137.85771443526713, 137.62962088116052, 137.27440550700342, 136.91272871122666, 136.4132545498086, 136.4132545498086, 136.4132545498086, 136.1390980725152]

