BRKGA: art_5_hole_sep

Execução 1:
Parametros: P=5000, Pe=0.3, Pm=0.1, pe=0.7, Parada=100
Tempo de Inicio (hh:mm:ss.ms) 2026-04-28 11:49:35.370592
gen	min    	max    	avg    	std    
0  	298.935	316.865	308.066	2.66795
1  	297.393	316.719	306.449	2.54619
2  	296.823	315.843	305.677	2.62687
3  	296.439	317.392	305.205	2.81346
4  	295.64 	316.126	304.839	2.8883 
6  	294.443	316.04 	304.257	3.05364
8  	294.21 	315.113	303.84 	3.21152
10 	293.799	316.911	303.424	3.38344
15 	292.334	314.305	302.735	3.51853
38 	292.197	316.954	301.073	4.11766
45 	291.892	316.017	300.731	4.20798
59 	291.115	315.561	300.02 	4.4356 
63 	290.206	315.669	299.818	4.40442
Tempo de Termino (hh:mm:ss.ms) 2026-04-28 11:54:43.197719
Tempo Total (hh:mm:ss.ms) 0:05:07.827127
Individuo: ([142, 135, 145, 67, 188, 183, 119, 223, 139, 219, 131, 226, 171, 46, 170, 207, 127, 47, 132, 32, 87, 42, 180, 8, 69, 22, 65, 4, 192, 5, 103, 212, 98, 129, 70, 9, 13, 95, 213, 83, 101, 187, 18, 206, 160, 104, 203, 167, 224, 165, 53, 108, 55, 77, 33, 48, 125, 149, 102, 122, 204, 84, 134, 157, 146, 150, 175, 136, 12, 10, 194, 29, 94, 130, 62, 151, 54, 80, 36, 159, 169, 137, 185, 117, 52, 144, 110, 100, 31, 193, 45, 15, 35, 196, 23, 190, 133, 173, 155, 138, 115, 197, 191, 93, 200, 39, 91, 128, 57, 64, 116, 90, 140, 78, 166, 112, 50, 181, 51, 105, 178, 37, 44, 152, 225, 82, 92, 199, 215, 96, 176, 158, 106, 73, 118, 221, 79, 107, 113, 172, 154, 2, 41, 189, 99, 49, 60, 26, 202, 1, 30, 174, 68, 182, 227, 126, 3, 27, 0, 201, 21, 25, 195, 59, 71, 153, 121, 205, 168, 97, 156, 141, 177, 208, 123, 148, 20, 72, 86, 210, 214, 147, 85, 38, 184, 11, 186, 56, 198, 88, 220, 109, 217, 63, 81, 209, 161, 143, 218, 24, 14, 61, 89, 28, 179, 16, 43, 34, 216, 120, 162, 164, 163, 114, 211, 58, 75, 124, 111, 74, 40, 17, 19, 222, 7, 76, 66, 6], [0, 1, 1, 1, 0, 1, 0, 1, 1, 0, 0, 1, 0, 0, 0, 0, 0, 1, 0, 0, 1, 1, 0, 1, 1, 0, 0, 0, 0, 0, 1, 0, 1, 1, 1, 0, 0, 0, 1, 1, 1, 1, 0, 1, 0, 0, 1, 1, 0, 1, 0, 0, 1, 1, 0, 1, 1, 0, 1, 1, 1, 0, 1, 1, 1, 1, 1, 0, 0, 0, 1, 1, 0, 1, 0, 1, 0, 1, 0, 1, 1, 0, 1, 1, 1, 0, 0, 1, 0, 0, 1, 1, 0, 0, 0, 1, 0, 1, 0, 0, 0, 0, 1, 0, 1, 1, 0, 1, 0, 1, 1, 0, 1, 0, 1, 1, 1, 1, 0, 1, 0, 1, 1, 0, 1, 0, 1, 0, 0, 0, 0, 0, 0, 1, 0, 0, 1, 0, 1, 1, 0, 0, 1, 1, 1, 1, 1, 1, 0, 1, 0, 0, 0, 0, 0, 0, 1, 0, 1, 1, 1, 1, 0, 0, 1, 0, 0, 0, 1, 0, 1, 1, 0, 0, 0, 0, 1, 0, 0, 1, 0, 0, 1, 1, 0, 1, 0, 0, 0, 1, 1, 0, 0, 0, 1, 1, 1, 1, 1, 1, 1, 0, 0, 1, 1, 1, 1, 0, 1, 1, 0, 1, 0, 0, 1, 0, 0, 1, 1, 1, 0, 1, 1, 1, 1, 1, 0, 1])
Fitness:  290.205828070022
Gens:  [0, 1, 2, 3, 4, 5, 6, 7, 8, 9, 10, 11, 12, 13, 14, 15, 16, 17, 18, 19, 20, 21, 22, 23, 24, 25, 26, 27, 28, 29, 30, 31, 32, 33, 34, 35, 36, 37, 38, 39, 40, 41, 42, 43, 44, 45, 46, 47, 48, 49, 50, 51, 52, 53, 54, 55, 56, 57, 58, 59, 60, 61, 62, 63]
Inds:  [298.9345363556655, 297.3925151195956, 296.8230288593907, 296.4388605998456, 295.63995030233207, 295.63995030233207, 294.4434757939802, 294.4434757939802, 294.20995253534056, 294.20995253534056, 293.7994559554711, 293.7994559554711, 293.7994559554711, 293.7994559554711, 293.7994559554711, 292.333597608944, 292.333597608944, 292.333597608944, 292.333597608944, 292.333597608944, 292.333597608944, 292.333597608944, 292.333597608944, 292.333597608944, 292.333597608944, 292.333597608944, 292.333597608944, 292.333597608944, 292.333597608944, 292.333597608944, 292.333597608944, 292.333597608944, 292.333597608944, 292.333597608944, 292.333597608944, 292.333597608944, 292.333597608944, 292.333597608944, 292.19674810692413, 292.19674810692413, 292.19674810692413, 292.19674810692413, 292.19674810692413, 292.19674810692413, 292.19674810692413, 291.89239049227245, 291.89239049227245, 291.89239049227245, 291.89239049227245, 291.89239049227245, 291.89239049227245, 291.89239049227245, 291.89239049227245, 291.89239049227245, 291.89239049227245, 291.89239049227245, 291.89239049227245, 291.89239049227245, 291.89239049227245, 291.11450723432733, 291.11450723432733, 291.11450723432733, 291.11450723432733, 290.205828070022]

