BRKGA: art_22_regular_pack

Execução 1:
Parametros: P=5000, Pe=0.3, Pm=0.1, pe=0.7, Parada=100
Tempo de Inicio (hh:mm:ss.ms) 2026-04-28 11:34:18.068355
gen	min    	max    	avg    	std    
0  	247.934	260.521	254.151	1.80077
1  	247.365	261.433	253.009	1.68402
2  	246.709	258.877	252.472	1.76589
3  	246.341	259.938	252.167	1.91114
5  	246.299	258.755	251.627	2.04615
6  	245.809	259.096	251.456	2.11943
7  	244.426	259.669	251.311	2.16482
10 	244.324	260.055	250.975	2.31641
19 	243.736	258.425	250.3  	2.5001 
29 	243.34 	259.617	249.741	2.6596 
38 	242.59 	258.747	249.373	2.79739
45 	241.773	259.491	248.963	2.86565
51 	241.465	260.093	248.439	2.95068
52 	240.895	259.036	248.307	2.96012
53 	240.628	258.561	248.193	2.99305
59 	240.467	260.397	247.09 	3.14897
63 	240.124	259.24 	245.964	3.33303
64 	239.073	259.65 	245.645	3.39573
67 	238.405	259.892	244.722	3.6287 
69 	237.78 	258.796	244.007	3.78625
71 	237.034	259.59 	243.331	4.00772
72 	236.022	260.274	242.965	4.08073
74 	235.751	258.198	242.23 	4.29404
75 	235.685	259.73 	241.838	4.38883
76 	234.531	259.926	241.45 	4.5023 
77 	233.766	258.999	241.082	4.64687
Tempo de Termino (hh:mm:ss.ms) 2026-04-28 11:39:21.912684
Tempo Total (hh:mm:ss.ms) 0:05:03.844329
Individuo: ([1, 4, 2, 74, 25, 49, 30, 185, 190, 101, 174, 66, 180, 149, 188, 177, 136, 142, 98, 187, 118, 122, 86, 58, 81, 92, 106, 32, 35, 59, 62, 93, 139, 22, 95, 12, 88, 119, 52, 91, 131, 137, 168, 97, 144, 45, 27, 36, 167, 160, 145, 78, 172, 156, 134, 128, 105, 154, 153, 121, 69, 114, 158, 186, 79, 148, 63, 138, 159, 152, 124, 183, 179, 157, 165, 56, 23, 129, 110, 68, 117, 146, 103, 89, 55, 33, 15, 19, 34, 31, 61, 7, 126, 50, 90, 140, 170, 178, 132, 184, 113, 147, 100, 38, 94, 64, 67, 130, 111, 163, 73, 84, 28, 26, 57, 29, 109, 99, 51, 127, 72, 21, 53, 54, 80, 46, 6, 48, 20, 17, 85, 83, 13, 24, 108, 104, 107, 87, 141, 169, 135, 162, 182, 82, 116, 65, 70, 189, 150, 175, 155, 176, 75, 112, 161, 120, 164, 151, 77, 181, 166, 133, 173, 143, 171, 125, 102, 96, 11, 76, 60, 41, 0, 14, 18, 123, 42, 44, 47, 16, 9, 37, 5, 39, 43, 71, 115, 8, 3, 10, 40], [0, 0, 0, 0, 1, 1, 1, 0, 1, 0, 0, 0, 1, 1, 1, 0, 0, 1, 1, 0, 1, 0, 1, 0, 1, 1, 0, 0, 1, 0, 0, 1, 0, 1, 0, 0, 0, 0, 0, 1, 0, 1, 1, 1, 1, 0, 0, 0, 1, 0, 1, 0, 1, 1, 1, 1, 0, 1, 1, 0, 0, 0, 1, 0, 1, 1, 1, 1, 1, 1, 0, 1, 1, 0, 0, 1, 0, 1, 0, 0, 1, 0, 0, 0, 1, 0, 1, 1, 0, 1, 1, 1, 0, 1, 1, 0, 1, 0, 0, 1, 1, 0, 0, 1, 1, 0, 0, 0, 0, 0, 1, 0, 1, 0, 1, 0, 1, 1, 0, 1, 1, 1, 1, 0, 1, 1, 1, 0, 1, 1, 0, 0, 0, 1, 1, 1, 1, 1, 1, 0, 0, 1, 1, 1, 1, 0, 0, 0, 0, 1, 1, 0, 0, 1, 1, 1, 0, 1, 1, 1, 1, 0, 0, 0, 1, 0, 1, 1, 0, 1, 0, 0, 0, 0, 0, 1, 0, 0, 1, 1, 1, 1, 1, 0, 0, 1, 0, 0, 1, 0, 0])
Fitness:  233.7658833008267
Gens:  [0, 1, 2, 3, 4, 5, 6, 7, 8, 9, 10, 11, 12, 13, 14, 15, 16, 17, 18, 19, 20, 21, 22, 23, 24, 25, 26, 27, 28, 29, 30, 31, 32, 33, 34, 35, 36, 37, 38, 39, 40, 41, 42, 43, 44, 45, 46, 47, 48, 49, 50, 51, 52, 53, 54, 55, 56, 57, 58, 59, 60, 61, 62, 63, 64, 65, 66, 67, 68, 69, 70, 71, 72, 73, 74, 75, 76, 77, 78, 79]
Inds:  [247.93441952476186, 247.36530731141883, 246.70947375248457, 246.34073045722053, 246.34073045722053, 246.2994176158827, 245.8085314067296, 244.42556406903887, 244.42556406903887, 244.42556406903887, 244.32415582683115, 244.32415582683115, 244.32415582683115, 244.32415582683115, 244.32415582683115, 244.32415582683115, 244.32415582683115, 244.32415582683115, 244.32415582683115, 243.7356982150722, 243.7356982150722, 243.7356982150722, 243.7356982150722, 243.7356982150722, 243.7356982150722, 243.7356982150722, 243.7356982150722, 243.7356982150722, 243.7356982150722, 243.3404564562291, 243.3404564562291, 243.3404564562291, 243.3404564562291, 243.3404564562291, 243.3404564562291, 243.3404564562291, 243.3404564562291, 243.3404564562291, 242.59014772221744, 242.59014772221744, 242.59014772221744, 242.59014772221744, 242.59014772221744, 242.59014772221744, 242.59014772221744, 241.77324224891856, 241.77324224891856, 241.77324224891856, 241.77324224891856, 241.77324224891856, 241.77324224891856, 241.4651850471021, 240.8952004910151, 240.62754252708604, 240.62754252708604, 240.62754252708604, 240.62754252708604, 240.62754252708604, 240.62754252708604, 240.46650027042472, 240.46650027042472, 240.46650027042472, 240.46650027042472, 240.12420725172313, 239.0728068046182, 239.0728068046182, 239.0728068046182, 238.40515107867785, 238.40515107867785, 237.78004554353097, 237.78004554353097, 237.0341686591516, 236.02154467265947, 236.02154467265947, 235.75072919205886, 235.6849818526055, 234.53127517569033, 233.7658833008267, 233.7658833008267, 233.7658833008267]

