BRKGA: art_16_irregular_pack

Execução 1:
Parametros: P=5000, Pe=0.3, Pm=0.1, pe=0.7, Parada=100
Tempo de Inicio (hh:mm:ss.ms) 2026-04-28 11:18:48.723787
gen	min    	max    	avg    	std    
0  	217.152	228.386	222.776	1.55545
1  	216.209	228.736	221.818	1.44262
5  	214.602	227.706	220.685	1.76994
17 	214.048	226.737	219.54 	2.12357
25 	213.791	227.701	219.126	2.24372
36 	213.404	226.982	218.698	2.38995
38 	212.662	227.07 	218.626	2.41121
46 	211.703	226.63 	218.216	2.48683
55 	211.605	227.188	217.702	2.57096
63 	211.121	226.498	217.103	2.67257
66 	210.621	226.643	216.772	2.67882
73 	210.575	227.742	215.892	2.87807
75 	210.385	227.335	215.537	2.93413
76 	210.306	227.681	215.406	2.98754
78 	209.862	227.373	215.014	3.06258
79 	209.442	227.743	214.797	3.12122
80 	209.299	228.049	214.563	3.15959
81 	208.923	227.344	214.354	3.20029
82 	208.635	228.04 	214.077	3.26395
Tempo de Termino (hh:mm:ss.ms) 2026-04-28 11:23:52.479296
Tempo Total (hh:mm:ss.ms) 0:05:03.755509
Individuo: ([10, 32, 34, 39, 46, 38, 74, 21, 73, 4, 11, 76, 77, 106, 88, 61, 114, 3, 22, 16, 64, 68, 69, 66, 67, 158, 126, 127, 141, 105, 139, 115, 178, 180, 87, 181, 135, 166, 154, 151, 134, 94, 65, 102, 9, 62, 7, 24, 93, 47, 28, 167, 142, 137, 174, 161, 164, 159, 172, 171, 110, 108, 17, 13, 52, 8, 60, 78, 43, 89, 86, 170, 156, 157, 160, 12, 72, 58, 71, 91, 182, 168, 165, 45, 122, 131, 132, 75, 111, 112, 90, 119, 82, 153, 136, 95, 144, 113, 120, 152, 150, 148, 140, 117, 149, 31, 37, 30, 100, 138, 118, 1, 42, 5, 19, 53, 56, 177, 109, 96, 15, 44, 35, 36, 104, 70, 169, 143, 129, 48, 179, 80, 116, 83, 99, 162, 176, 101, 103, 146, 85, 41, 54, 81, 123, 18, 49, 51, 27, 57, 23, 14, 107, 55, 175, 25, 63, 124, 92, 59, 125, 98, 173, 29, 40, 79, 133, 84, 163, 145, 128, 147, 121, 130, 97, 50, 26, 20, 33, 155, 6, 0, 2], [0, 1, 0, 0, 1, 1, 1, 0, 1, 1, 0, 1, 0, 1, 0, 0, 0, 0, 0, 0, 0, 1, 1, 0, 1, 0, 1, 0, 0, 1, 0, 0, 0, 1, 1, 1, 1, 1, 0, 0, 0, 1, 1, 0, 0, 1, 1, 1, 1, 1, 1, 1, 0, 0, 0, 1, 0, 1, 0, 1, 1, 0, 0, 0, 0, 0, 0, 1, 1, 1, 0, 0, 1, 0, 0, 0, 0, 0, 1, 0, 1, 1, 1, 1, 1, 0, 1, 0, 0, 1, 0, 1, 1, 1, 0, 0, 0, 1, 1, 0, 1, 1, 0, 1, 0, 0, 1, 1, 0, 1, 1, 0, 1, 1, 1, 0, 0, 1, 0, 1, 0, 0, 0, 1, 1, 1, 0, 0, 0, 0, 0, 0, 1, 0, 1, 1, 0, 0, 0, 1, 1, 1, 0, 1, 0, 1, 0, 1, 1, 0, 0, 0, 0, 1, 0, 0, 0, 1, 0, 0, 0, 1, 1, 0, 1, 0, 0, 1, 1, 1, 1, 1, 0, 1, 0, 0, 0, 0, 1, 1, 0, 0, 0])
Fitness:  208.63455621983778
Gens:  [0, 1, 2, 3, 4, 5, 6, 7, 8, 9, 10, 11, 12, 13, 14, 15, 16, 17, 18, 19, 20, 21, 22, 23, 24, 25, 26, 27, 28, 29, 30, 31, 32, 33, 34, 35, 36, 37, 38, 39, 40, 41, 42, 43, 44, 45, 46, 47, 48, 49, 50, 51, 52, 53, 54, 55, 56, 57, 58, 59, 60, 61, 62, 63, 64, 65, 66, 67, 68, 69, 70, 71, 72, 73, 74, 75, 76, 77, 78, 79, 80, 81, 82]
Inds:  [217.15196841746055, 216.2093951716231, 216.2093951716231, 216.2093951716231, 216.2093951716231, 214.6018117503379, 214.6018117503379, 214.6018117503379, 214.6018117503379, 214.6018117503379, 214.6018117503379, 214.6018117503379, 214.6018117503379, 214.6018117503379, 214.6018117503379, 214.6018117503379, 214.6018117503379, 214.04786651434293, 214.04786651434293, 214.04786651434293, 214.04786651434293, 214.04786651434293, 214.04786651434293, 214.04786651434293, 214.04786651434293, 213.79101967213526, 213.79101967213526, 213.79101967213526, 213.79101967213526, 213.79101967213526, 213.79101967213526, 213.79101967213526, 213.79101967213526, 213.79101967213526, 213.79101967213526, 213.79101967213526, 213.40409760792713, 213.40409760792713, 212.66175863621652, 212.66175863621652, 212.66175863621652, 212.66175863621652, 212.66175863621652, 212.66175863621652, 212.66175863621652, 212.66175863621652, 211.70346936523813, 211.70346936523813, 211.70346936523813, 211.70346936523813, 211.70346936523813, 211.70346936523813, 211.70346936523813, 211.70346936523813, 211.70346936523813, 211.60460951887467, 211.60460951887467, 211.60460951887467, 211.60460951887467, 211.60460951887467, 211.60460951887467, 211.60460951887467, 211.60460951887467, 211.1212266010369, 211.1212266010369, 211.1212266010369, 210.6206800323028, 210.6206800323028, 210.6206800323028, 210.6206800323028, 210.6206800323028, 210.6206800323028, 210.6206800323028, 210.5751323430505, 210.5751323430505, 210.38533877384336, 210.30601043801877, 210.30601043801877, 209.8624423238393, 209.44185409351337, 209.2993489127405, 208.923334512169, 208.63455621983778]

