BRKGA: art_5_regular_pack

Execução 1:
Parametros: P=5000, Pe=0.3, Pm=0.1, pe=0.7, Parada=100
Tempo de Inicio (hh:mm:ss.ms) 2026-04-28 11:49:38.734057
gen	min    	max   	avg    	std    
0  	301.097	318.57	309.648	2.16146
3  	300.91 	315.922	307.322	2.29308
4  	300.853	315.525	306.95 	2.32838
5  	299.882	315.106	306.709	2.4173 
6  	299.142	315.943	306.466	2.48397
10 	298.616	316.262	305.932	2.72726
14 	297.781	318.313	305.527	2.87342
19 	296.872	316.02 	305.144	3.03979
28 	296.509	315.498	304.485	3.18154
30 	296.324	317.067	304.378	3.27262
35 	294.549	316.05 	304.082	3.29832
Tempo de Termino (hh:mm:ss.ms) 2026-04-28 11:54:45.603875
Tempo Total (hh:mm:ss.ms) 0:05:06.869818
Individuo: ([3, 42, 125, 75, 122, 15, 4, 71, 78, 16, 44, 193, 91, 151, 170, 57, 76, 203, 167, 213, 133, 211, 217, 169, 204, 216, 181, 156, 195, 52, 83, 155, 87, 124, 121, 220, 117, 11, 149, 34, 172, 93, 194, 148, 137, 68, 120, 73, 108, 99, 150, 146, 24, 67, 103, 19, 54, 159, 165, 80, 85, 48, 157, 97, 35, 185, 113, 174, 209, 180, 100, 79, 104, 94, 95, 61, 14, 66, 40, 114, 152, 189, 206, 184, 176, 55, 49, 33, 7, 116, 63, 12, 119, 129, 131, 207, 70, 64, 46, 56, 118, 26, 22, 8, 36, 29, 37, 140, 53, 191, 127, 177, 168, 208, 186, 182, 123, 134, 175, 130, 188, 45, 50, 138, 72, 17, 65, 74, 132, 38, 47, 69, 196, 112, 27, 82, 13, 39, 101, 31, 28, 62, 90, 179, 60, 173, 210, 212, 171, 77, 0, 10, 107, 190, 98, 142, 141, 111, 221, 219, 92, 2, 18, 23, 158, 160, 136, 110, 192, 154, 215, 218, 147, 145, 139, 81, 201, 109, 161, 178, 200, 105, 96, 128, 163, 89, 197, 153, 41, 199, 43, 59, 25, 144, 162, 126, 30, 32, 21, 143, 214, 84, 5, 86, 106, 102, 20, 6, 9, 202, 135, 205, 183, 198, 166, 1, 58, 115, 187, 164, 88, 51], [1, 1, 1, 0, 0, 1, 1, 0, 1, 1, 0, 1, 1, 1, 1, 1, 1, 0, 0, 1, 1, 1, 1, 1, 0, 1, 1, 0, 1, 0, 0, 1, 0, 1, 1, 0, 0, 0, 0, 0, 1, 0, 1, 1, 1, 1, 1, 1, 1, 1, 0, 0, 0, 1, 1, 0, 0, 1, 0, 0, 1, 1, 1, 0, 0, 1, 1, 0, 1, 0, 0, 0, 0, 0, 0, 0, 1, 0, 0, 0, 1, 0, 1, 1, 0, 0, 1, 1, 1, 1, 1, 1, 1, 1, 1, 1, 0, 1, 0, 0, 0, 1, 0, 0, 0, 0, 0, 1, 1, 1, 1, 0, 1, 0, 1, 1, 0, 1, 1, 1, 1, 0, 0, 1, 0, 1, 1, 0, 1, 0, 1, 0, 0, 0, 0, 0, 0, 0, 0, 0, 0, 0, 0, 1, 1, 1, 1, 1, 0, 1, 1, 1, 0, 0, 1, 1, 1, 1, 0, 1, 1, 0, 0, 0, 0, 0, 1, 0, 1, 0, 0, 1, 0, 1, 0, 1, 0, 0, 0, 0, 0, 0, 0, 0, 1, 1, 0, 0, 1, 0, 1, 0, 1, 1, 1, 1, 0, 0, 0, 1, 1, 1, 1, 1, 1, 1, 1, 0, 1, 0, 0, 1, 0, 1, 1, 1, 1, 1, 0, 1, 1, 1])
Fitness:  294.5492738657855
Gens:  [0, 1, 2, 3, 4, 5, 6, 7, 8, 9, 10, 11, 12, 13, 14, 15, 16, 17, 18, 19, 20, 21, 22, 23, 24, 25, 26, 27, 28, 29, 30, 31, 32, 33, 34, 35, 36, 37, 38, 39, 40, 41, 42, 43, 44, 45, 46, 47, 48, 49, 50, 51, 52, 53, 54, 55, 56, 57, 58, 59, 60, 61, 62, 63, 64, 65]
Inds:  [301.096745705575, 301.096745705575, 301.096745705575, 300.9096126167316, 300.8525145624494, 299.8820699365972, 299.1424380143748, 299.1424380143748, 299.1424380143748, 299.1424380143748, 298.61591819259684, 298.61591819259684, 298.61591819259684, 298.61591819259684, 297.7812048629868, 297.7812048629868, 297.7812048629868, 297.7812048629868, 297.7812048629868, 296.8715769365676, 296.8715769365676, 296.8715769365676, 296.8715769365676, 296.8715769365676, 296.8715769365676, 296.8715769365676, 296.8715769365676, 296.8715769365676, 296.50892667716465, 296.50892667716465, 296.3235229333801, 296.3235229333801, 296.3235229333801, 296.3235229333801, 296.3235229333801, 294.5492738657855, 294.5492738657855, 294.5492738657855, 294.5492738657855, 294.5492738657855, 294.5492738657855, 294.5492738657855, 294.5492738657855, 294.5492738657855, 294.5492738657855, 294.5492738657855, 294.5492738657855, 294.5492738657855, 294.5492738657855, 294.5492738657855, 294.5492738657855, 294.5492738657855, 294.5492738657855, 294.5492738657855, 294.5492738657855, 294.5492738657855, 294.5492738657855, 294.5492738657855, 294.5492738657855, 294.5492738657855, 294.5492738657855, 294.5492738657855, 294.5492738657855, 294.5492738657855, 294.5492738657855, 294.5492738657855]

