BRKGA: art_21_hole_pack

Execução 1:
Parametros: P=5000, Pe=0.3, Pm=0.1, pe=0.7, Parada=100
Tempo de Inicio (hh:mm:ss.ms) 2026-04-28 11:33:52.605535
gen	min    	max    	avg    	std    
0  	290.651	305.432	298.098	2.01555
2  	290.124	304.481	296.318	1.99786
3  	290.054	304.596	295.919	2.1134 
4  	289.627	304.223	295.624	2.1882 
5  	289.572	303.73 	295.426	2.25881
6  	288.918	303.653	295.189	2.31443
9  	288.156	306.486	294.798	2.49631
11 	288.025	304.394	294.549	2.55421
16 	287.864	303.776	294.138	2.70327
18 	287.772	303.589	294.011	2.74018
19 	287.252	303.203	293.958	2.73329
28 	286.174	303.052	293.575	2.91637
44 	285.961	303.171	293.052	3.0982 
Tempo de Termino (hh:mm:ss.ms) 2026-04-28 11:38:59.145562
Tempo Total (hh:mm:ss.ms) 0:05:06.540027
Individuo: ([182, 17, 203, 166, 106, 224, 239, 146, 153, 205, 28, 73, 207, 121, 107, 118, 49, 55, 150, 116, 210, 5, 126, 34, 206, 236, 96, 245, 64, 131, 154, 78, 175, 165, 147, 158, 199, 134, 74, 143, 50, 82, 124, 91, 99, 122, 128, 232, 94, 39, 176, 242, 102, 140, 155, 54, 81, 57, 141, 170, 157, 149, 241, 226, 111, 163, 13, 85, 173, 145, 172, 177, 209, 42, 142, 75, 7, 101, 221, 212, 237, 62, 220, 36, 19, 137, 27, 31, 201, 160, 197, 225, 60, 156, 110, 16, 10, 48, 18, 32, 218, 130, 159, 231, 222, 200, 112, 61, 223, 104, 183, 181, 3, 21, 4, 133, 23, 67, 35, 65, 59, 53, 214, 120, 227, 174, 167, 240, 235, 229, 136, 108, 37, 22, 97, 68, 113, 51, 69, 103, 89, 152, 86, 123, 43, 194, 208, 234, 80, 38, 189, 228, 238, 95, 171, 216, 90, 72, 204, 47, 192, 217, 125, 144, 164, 230, 77, 151, 215, 88, 92, 40, 178, 162, 213, 185, 9, 93, 187, 184, 119, 198, 180, 0, 243, 211, 168, 109, 196, 148, 71, 139, 30, 56, 117, 46, 1, 52, 191, 87, 45, 33, 135, 66, 219, 79, 105, 14, 84, 24, 26, 98, 41, 6, 12, 114, 195, 76, 202, 190, 63, 127, 44, 129, 115, 138, 233, 100, 132, 15, 8, 193, 188, 186, 70, 2, 29, 11, 161, 246, 169, 244, 25, 179, 83, 58, 20], [1, 1, 0, 1, 1, 0, 0, 0, 0, 1, 0, 1, 1, 0, 1, 0, 0, 0, 0, 0, 0, 1, 0, 0, 0, 0, 0, 1, 0, 1, 0, 1, 1, 1, 1, 0, 1, 1, 0, 0, 0, 1, 0, 1, 1, 0, 0, 0, 1, 1, 0, 0, 1, 0, 1, 1, 0, 0, 0, 1, 0, 1, 0, 1, 0, 0, 0, 0, 1, 1, 1, 0, 1, 0, 0, 1, 1, 1, 1, 0, 0, 0, 1, 1, 0, 0, 0, 1, 1, 0, 1, 0, 1, 1, 0, 0, 1, 0, 0, 1, 1, 0, 1, 1, 0, 1, 0, 0, 1, 1, 1, 0, 1, 0, 1, 0, 0, 0, 1, 0, 1, 0, 0, 0, 1, 1, 0, 1, 0, 1, 1, 1, 0, 1, 0, 1, 1, 1, 0, 1, 0, 0, 1, 1, 0, 1, 1, 0, 1, 1, 1, 0, 1, 0, 0, 1, 1, 0, 1, 0, 1, 0, 1, 0, 1, 0, 1, 0, 0, 1, 0, 1, 0, 1, 0, 1, 1, 1, 1, 1, 1, 0, 1, 0, 1, 1, 1, 1, 0, 0, 0, 1, 1, 1, 0, 0, 0, 0, 1, 0, 0, 1, 1, 1, 1, 0, 0, 1, 0, 0, 0, 0, 0, 0, 1, 1, 0, 0, 0, 1, 0, 0, 1, 1, 0, 0, 0, 0, 1, 1, 1, 1, 0, 1, 1, 0, 1, 0, 1, 0, 1, 0, 0, 1, 0, 0, 0])
Fitness:  285.96078955712676
Gens:  [0, 1, 2, 3, 4, 5, 6, 7, 8, 9, 10, 11, 12, 13, 14, 15, 16, 17, 18, 19, 20, 21, 22, 23, 24, 25, 26, 27, 28, 29, 30, 31, 32, 33, 34, 35, 36, 37, 38, 39, 40, 41, 42, 43, 44, 45, 46, 47, 48, 49, 50, 51, 52, 53, 54, 55, 56, 57]
Inds:  [290.6511570389389, 290.6511570389389, 290.12409012068656, 290.0540519784052, 289.6265978768329, 289.57243664989096, 288.9175750689328, 288.9175750689328, 288.9175750689328, 288.15637389576614, 288.15637389576614, 288.0245989604713, 288.0245989604713, 288.0245989604713, 288.0245989604713, 288.0245989604713, 287.86447515106204, 287.86447515106204, 287.7717717475835, 287.25150207992493, 287.25150207992493, 287.25150207992493, 287.25150207992493, 287.25150207992493, 287.25150207992493, 287.25150207992493, 287.25150207992493, 287.25150207992493, 286.1736709847679, 286.1736709847679, 286.1736709847679, 286.1736709847679, 286.1736709847679, 286.1736709847679, 286.1736709847679, 286.1736709847679, 286.1736709847679, 286.1736709847679, 286.1736709847679, 286.1736709847679, 286.1736709847679, 286.1736709847679, 286.1736709847679, 286.1736709847679, 285.96078955712676, 285.96078955712676, 285.96078955712676, 285.96078955712676, 285.96078955712676, 285.96078955712676, 285.96078955712676, 285.96078955712676, 285.96078955712676, 285.96078955712676, 285.96078955712676, 285.96078955712676, 285.96078955712676, 285.96078955712676]

