BRKGA: art_2_irregular_pack

Execução 1:
Parametros: P=5000, Pe=0.3, Pm=0.1, pe=0.7, Parada=100
Tempo de Inicio (hh:mm:ss.ms) 2026-04-28 11:44:15.510153
gen	min    	max    	avg   	std    
0  	249.328	261.873	255.53	1.68505
1  	248.134	260.853	254.508	1.59873
2  	247.943	261.127	253.996	1.65914
3  	247.309	262.432	253.712	1.78306
7  	246.993	259.64 	252.973	2.02818
12 	246.74 	260.125	252.37 	2.18615
15 	246.286	260.503	252.18 	2.29858
18 	246.098	260.512	252.003	2.37629
25 	245.651	261.208	251.625	2.45271
27 	245.115	260.229	251.545	2.51921
35 	244.883	260.55 	251.189	2.57868
44 	244.867	259.829	250.853	2.66317
46 	244.76 	260.222	250.798	2.72788
47 	244.13 	259.831	250.737	2.70373
58 	244.081	260.385	250.338	2.79922
59 	243.527	259.612	250.311	2.79852
Tempo de Termino (hh:mm:ss.ms) 2026-04-28 11:49:20.861627
Tempo Total (hh:mm:ss.ms) 0:05:05.351474
Individuo: ([49, 11, 107, 34, 101, 140, 152, 158, 146, 150, 89, 93, 73, 178, 171, 159, 115, 154, 192, 138, 166, 173, 90, 43, 82, 203, 189, 91, 172, 118, 12, 28, 45, 68, 104, 88, 102, 179, 97, 198, 142, 30, 66, 157, 54, 151, 61, 36, 124, 162, 195, 6, 7, 77, 74, 113, 117, 56, 9, 58, 100, 207, 84, 85, 180, 76, 169, 155, 41, 188, 206, 86, 40, 137, 215, 116, 190, 184, 209, 187, 130, 121, 38, 63, 51, 71, 127, 205, 105, 165, 95, 176, 67, 186, 191, 183, 112, 26, 128, 39, 94, 123, 72, 69, 17, 20, 29, 185, 122, 42, 5, 163, 167, 44, 201, 197, 214, 200, 13, 181, 196, 87, 114, 144, 99, 126, 31, 8, 148, 141, 98, 18, 96, 62, 60, 2, 50, 110, 131, 170, 213, 160, 164, 174, 129, 1, 48, 161, 15, 21, 27, 78, 125, 111, 212, 25, 10, 143, 193, 37, 211, 182, 177, 202, 194, 204, 19, 22, 83, 47, 135, 132, 199, 136, 57, 23, 24, 80, 79, 175, 208, 210, 168, 65, 145, 139, 75, 53, 0, 147, 109, 156, 52, 106, 46, 153, 55, 14, 149, 103, 33, 16, 64, 70, 35, 32, 120, 81, 133, 92, 134, 119, 4, 108, 59, 3], [1, 1, 0, 0, 1, 0, 1, 1, 0, 0, 0, 0, 0, 0, 1, 1, 0, 1, 0, 1, 0, 1, 1, 0, 1, 0, 0, 1, 0, 0, 1, 0, 0, 1, 0, 1, 1, 0, 0, 0, 0, 1, 0, 0, 0, 1, 1, 0, 1, 1, 1, 1, 0, 1, 1, 1, 0, 0, 1, 1, 0, 0, 1, 0, 0, 0, 1, 0, 1, 1, 1, 0, 1, 0, 0, 1, 0, 0, 0, 1, 0, 1, 0, 1, 0, 1, 0, 1, 0, 1, 0, 0, 0, 0, 1, 0, 1, 0, 0, 1, 1, 1, 0, 0, 0, 0, 1, 0, 0, 1, 0, 1, 0, 1, 1, 0, 0, 1, 1, 0, 0, 0, 1, 0, 1, 1, 1, 1, 1, 1, 1, 1, 0, 0, 0, 1, 1, 1, 0, 1, 0, 0, 0, 1, 1, 1, 1, 0, 1, 0, 1, 1, 1, 0, 0, 0, 1, 1, 1, 1, 0, 0, 1, 0, 1, 0, 0, 1, 1, 0, 1, 0, 1, 0, 0, 1, 0, 1, 0, 0, 1, 0, 1, 1, 0, 0, 0, 1, 0, 0, 0, 0, 1, 0, 1, 1, 0, 1, 1, 0, 1, 1, 1, 0, 1, 1, 0, 0, 0, 0, 0, 0, 0, 1, 0, 0])
Fitness:  243.52738104348254
Gens:  [0, 1, 2, 3, 4, 5, 6, 7, 8, 9, 10, 11, 12, 13, 14, 15, 16, 17, 18, 19, 20, 21, 22, 23, 24, 25, 26, 27, 28, 29, 30, 31, 32, 33, 34, 35, 36, 37, 38, 39, 40, 41, 42, 43, 44, 45, 46, 47, 48, 49, 50, 51, 52, 53, 54, 55, 56, 57, 58, 59, 60, 61, 62, 63, 64, 65, 66, 67]
Inds:  [249.32773584191912, 248.1335128192135, 247.9432287119991, 247.30862707526734, 247.30862707526734, 247.30862707526734, 247.30862707526734, 246.99319895458842, 246.99319895458842, 246.99319895458842, 246.99319895458842, 246.99319895458842, 246.7401081825193, 246.7401081825193, 246.7401081825193, 246.28583664676106, 246.28583664676106, 246.28583664676106, 246.0979914108663, 246.0979914108663, 246.0979914108663, 246.0979914108663, 246.0979914108663, 246.0979914108663, 246.0979914108663, 245.65146195271515, 245.65146195271515, 245.1145668144206, 245.1145668144206, 245.1145668144206, 245.1145668144206, 245.1145668144206, 245.1145668144206, 245.1145668144206, 245.1145668144206, 244.88306933355764, 244.88306933355764, 244.88306933355764, 244.88306933355764, 244.88306933355764, 244.88306933355764, 244.88306933355764, 244.88306933355764, 244.88306933355764, 244.86721301265757, 244.86721301265757, 244.75953969884918, 244.12968704115212, 244.12968704115212, 244.12968704115212, 244.12968704115212, 244.12968704115212, 244.12968704115212, 244.12968704115212, 244.12968704115212, 244.12968704115212, 244.12968704115212, 244.12968704115212, 244.08137756820503, 243.52738104348254, 243.52738104348254, 243.52738104348254, 243.52738104348254, 243.52738104348254, 243.52738104348254, 243.52738104348254, 243.52738104348254, 243.52738104348254]

