BRKGA: art_19_irregular_sep

Execução 1:
Parametros: P=5000, Pe=0.3, Pm=0.1, pe=0.7, Parada=100
Tempo de Inicio (hh:mm:ss.ms) 2026-04-28 11:28:46.283754
gen	min    	max    	avg    	std    
0  	168.394	179.811	174.154	1.69043
1  	168.075	178.844	173.096	1.55951
2  	167.599	179.603	172.6  	1.63711
3  	166.691	179.153	172.318	1.7755 
4  	166.412	179.099	172.04 	1.82931
5  	166.356	179.387	171.789	1.88391
10 	166.033	180.228	171.182	2.11053
12 	165.868	178.731	171.002	2.18929
13 	165.636	178.579	170.875	2.15871
17 	165.476	179.214	170.639	2.29699
18 	164.549	179.065	170.576	2.29101
31 	164.498	179.408	169.906	2.5043 
34 	163.586	180.339	169.699	2.53455
49 	163.437	180.303	168.848	2.70858
51 	163.09 	179.628	168.683	2.70831
53 	162.804	179.148	168.492	2.76548
54 	162.432	179.616	168.402	2.79167
59 	162.31 	178.322	167.793	2.83316
62 	162.194	179.517	167.342	2.92418
63 	161.518	180.32 	167.186	3.00604
64 	161.331	179.358	166.976	3.00604
67 	161.223	179.46 	166.362	3.1052 
68 	160.82 	179.352	166.101	3.15842
69 	160.658	179.491	165.834	3.23679
70 	159.659	177.929	165.6  	3.28212
72 	159.264	178.651	165.074	3.44851
73 	159.181	178.067	164.762	3.50124
74 	159.163	179.511	164.465	3.58974
75 	158.744	179.875	164.129	3.6393 
76 	158.539	179.972	163.848	3.77136
77 	158.065	179.873	163.506	3.83588
78 	158.007	178.997	163.191	3.9103 
79 	157.797	179.092	162.873	4.04316
80 	157.615	178.505	162.532	4.07345
81 	156.945	178.404	162.216	4.21962
82 	156.513	179.301	161.91 	4.26436
83 	155.558	178.282	161.599	4.37521
85 	155.285	178.619	160.997	4.60365
86 	155.213	178.671	160.677	4.64785
88 	154.01 	179.277	160.088	4.85968
91 	153.623	178.473	159.199	5.1042 
93 	153.55 	178.863	158.637	5.29569
94 	152.881	178.491	158.382	5.37578
96 	152.533	179.176	157.833	5.48487
98 	152.513	179.361	157.347	5.75263
99 	151.985	178.598	157.052	5.77415
100	151.244	179.325	156.802	5.91497
102	151.033	178.661	156.254	6.05248
104	150.945	179.017	155.728	6.23944
105	150.662	178.449	155.467	6.30369
106	150.466	179.011	155.183	6.37341
107	149.178	178.2  	154.936	6.46702
Tempo de Termino (hh:mm:ss.ms) 2026-04-28 11:33:49.125323
Tempo Total (hh:mm:ss.ms) 0:05:02.841569
Individuo: ([1, 4, 5, 0, 2, 8, 11, 13, 31, 29, 62, 54, 23, 47, 41, 39, 65, 36, 50, 55, 92, 89, 95, 135, 93, 125, 124, 99, 77, 96, 110, 70, 101, 106, 78, 73, 19, 20, 18, 42, 43, 76, 102, 66, 64, 71, 68, 67, 90, 72, 86, 80, 59, 25, 83, 63, 44, 17, 60, 84, 56, 85, 79, 82, 100, 126, 98, 130, 122, 88, 134, 132, 74, 108, 118, 105, 112, 114, 142, 111, 104, 117, 115, 113, 141, 139, 129, 128, 120, 127, 121, 97, 91, 69, 37, 35, 46, 45, 81, 116, 109, 32, 103, 49, 34, 38, 40, 87, 57, 119, 131, 94, 123, 107, 140, 143, 138, 137, 136, 133, 28, 21, 16, 26, 27, 22, 30, 58, 33, 61, 48, 24, 75, 51, 53, 52, 15, 9, 12, 10, 14, 7, 3, 6], [1, 1, 0, 0, 0, 0, 1, 0, 0, 0, 0, 0, 1, 0, 0, 0, 1, 0, 1, 0, 0, 0, 1, 1, 0, 1, 1, 0, 0, 0, 1, 1, 0, 0, 0, 1, 1, 0, 0, 1, 1, 1, 1, 0, 1, 0, 0, 1, 0, 0, 0, 0, 1, 1, 1, 0, 1, 1, 0, 0, 0, 1, 0, 1, 1, 1, 1, 0, 0, 1, 1, 1, 0, 0, 0, 0, 0, 0, 0, 0, 0, 0, 1, 1, 1, 0, 0, 0, 1, 1, 1, 1, 0, 0, 1, 1, 1, 0, 1, 1, 1, 0, 1, 0, 1, 1, 1, 1, 0, 1, 1, 0, 0, 0, 0, 0, 1, 0, 1, 1, 0, 0, 0, 0, 0, 0, 0, 0, 0, 0, 0, 1, 1, 1, 0, 1, 1, 0, 1, 0, 0, 1, 0, 0])
Fitness:  149.1782232521828
Gens:  [0, 1, 2, 3, 4, 5, 6, 7, 8, 9, 10, 11, 12, 13, 14, 15, 16, 17, 18, 19, 20, 21, 22, 23, 24, 25, 26, 27, 28, 29, 30, 31, 32, 33, 34, 35, 36, 37, 38, 39, 40, 41, 42, 43, 44, 45, 46, 47, 48, 49, 50, 51, 52, 53, 54, 55, 56, 57, 58, 59, 60, 61, 62, 63, 64, 65, 66, 67, 68, 69, 70, 71, 72, 73, 74, 75, 76, 77, 78, 79, 80, 81, 82, 83, 84, 85, 86, 87, 88, 89, 90, 91, 92, 93, 94, 95, 96, 97, 98, 99, 100, 101, 102, 103, 104, 105, 106, 107, 108, 109, 110]
Inds:  [168.39428927243293, 168.07484049293296, 167.59928861743344, 166.69058217181453, 166.41202353075155, 166.35594363587688, 166.35594363587688, 166.35594363587688, 166.35594363587688, 166.35594363587688, 166.03274104185874, 166.03274104185874, 165.86775952521646, 165.63614567335057, 165.63614567335057, 165.63614567335057, 165.63614567335057, 165.47587660227245, 164.5491477905427, 164.5491477905427, 164.5491477905427, 164.5491477905427, 164.5491477905427, 164.5491477905427, 164.5491477905427, 164.5491477905427, 164.5491477905427, 164.5491477905427, 164.5491477905427, 164.5491477905427, 164.5491477905427, 164.49760777187524, 164.49760777187524, 164.49760777187524, 163.58563404786585, 163.58563404786585, 163.58563404786585, 163.58563404786585, 163.58563404786585, 163.58563404786585, 163.58563404786585, 163.58563404786585, 163.58563404786585, 163.58563404786585, 163.58563404786585, 163.58563404786585, 163.58563404786585, 163.58563404786585, 163.58563404786585, 163.43728876928444, 163.43728876928444, 163.08972406113966, 163.08972406113966, 162.80354891359772, 162.43199370851084, 162.43199370851084, 162.43199370851084, 162.43199370851084, 162.43199370851084, 162.3101510974249, 162.3101510974249, 162.3101510974249, 162.19410731789083, 161.51751127339128, 161.33112582485663, 161.33112582485663, 161.33112582485663, 161.22299014871953, 160.82040679517806, 160.6583429310045, 159.65859507145487, 159.65859507145487, 159.26434962046181, 159.18064554025884, 159.16303400315738, 158.7438266763854, 158.53865625191665, 158.06532945268253, 158.0067888812608, 157.79683307848816, 157.6150494369997, 156.944786657484, 156.51265321004476, 155.55787491709336, 155.55787491709336, 155.28520180635945, 155.21287751844375, 155.21287751844375, 154.0103174176518, 154.0103174176518, 154.0103174176518, 153.62339983079673, 153.62339983079673, 153.54974735030265, 152.88107109980226, 152.88107109980226, 152.53283226238847, 152.53283226238847, 152.51292546614928, 151.98483112671283, 151.24417903811758, 151.24417903811758, 151.03294570613141, 151.03294570613141, 150.94487081859694, 150.6622917022515, 150.46634244563063, 149.1782232521828, 149.1782232521828, 149.1782232521828, 149.1782232521828]

