BRKGA: blaz_mod_pack

Execução 1:
Parametros: P=5000, Pe=0.3, Pm=0.1, pe=0.7, Parada=100
Tempo de Inicio (hh:mm:ss.ms) 2026-04-28 11:59:47.512984
gen	min   	max    	avg    	std     
0  	64.985	69.1714	66.8571	0.526634
1  	64.8314	68.5598	66.532 	0.495292
2  	64.8061	68.4985	66.3957	0.528378
4  	64.4463	68.6243	66.197 	0.567911
6  	64.2376	68.5107	66.0949	0.606893
12 	64.1469	68.273 	65.8879	0.683005
15 	64.0704	68.5525	65.812 	0.700851
19 	63.9307	68.6365	65.7277	0.728901
23 	63.9243	68.3504	65.678 	0.754351
24 	63.6879	68.4589	65.6531	0.759816
38 	63.5065	68.4606	65.4849	0.814923
Tempo de Termino (hh:mm:ss.ms) 2026-04-28 12:04:55.557381
Tempo Total (hh:mm:ss.ms) 0:05:08.044397
Individuo: ([22, 6, 10, 79, 24, 7, 14, 26, 193, 164, 40, 136, 74, 104, 220, 91, 68, 157, 174, 242, 149, 147, 115, 154, 222, 4, 171, 238, 226, 73, 54, 162, 81, 60, 15, 185, 192, 204, 201, 213, 189, 235, 144, 137, 121, 100, 142, 119, 63, 5, 167, 234, 160, 109, 34, 114, 2, 118, 92, 191, 66, 46, 135, 219, 182, 90, 111, 200, 96, 94, 187, 1, 209, 110, 133, 28, 8, 23, 36, 37, 216, 84, 205, 129, 45, 69, 13, 25, 21, 93, 202, 196, 70, 141, 56, 190, 237, 227, 17, 130, 239, 131, 236, 208, 146, 194, 199, 188, 132, 176, 113, 103, 18, 195, 152, 16, 9, 52, 48, 124, 80, 165, 65, 143, 197, 178, 233, 229, 139, 179, 180, 163, 134, 35, 112, 59, 232, 173, 72, 51, 107, 116, 181, 29, 49, 50, 156, 108, 161, 231, 27, 47, 97, 30, 186, 210, 89, 120, 175, 19, 123, 159, 101, 128, 126, 76, 61, 53, 98, 240, 82, 138, 207, 218, 212, 62, 58, 87, 102, 148, 42, 31, 64, 151, 217, 206, 224, 214, 166, 122, 172, 211, 177, 198, 106, 170, 225, 169, 140, 127, 117, 105, 11, 85, 221, 241, 243, 223, 38, 78, 57, 33, 39, 3, 125, 0, 44, 55, 228, 203, 145, 155, 150, 95, 32, 88, 153, 215, 184, 183, 230, 75, 41, 168, 67, 99, 20, 86, 43, 12, 71, 158, 77, 83], [1, 0, 0, 1, 1, 1, 0, 0, 1, 1, 1, 1, 1, 0, 1, 0, 1, 1, 1, 0, 1, 1, 1, 1, 1, 1, 0, 1, 1, 0, 1, 0, 1, 1, 0, 0, 1, 0, 0, 0, 1, 1, 1, 0, 1, 0, 0, 0, 1, 1, 1, 0, 0, 1, 0, 0, 0, 1, 1, 0, 1, 1, 1, 0, 0, 0, 0, 1, 1, 0, 1, 1, 1, 0, 0, 1, 1, 1, 1, 0, 0, 1, 0, 0, 0, 1, 0, 1, 1, 1, 1, 1, 0, 0, 1, 0, 0, 0, 1, 0, 1, 1, 0, 1, 0, 1, 1, 1, 1, 1, 1, 0, 0, 0, 1, 0, 1, 1, 0, 1, 1, 1, 1, 0, 0, 0, 0, 0, 0, 1, 0, 0, 0, 0, 0, 0, 0, 0, 1, 1, 0, 0, 1, 0, 1, 1, 0, 0, 0, 1, 0, 1, 0, 0, 0, 1, 0, 0, 0, 0, 1, 0, 1, 0, 0, 1, 1, 0, 1, 0, 0, 0, 1, 0, 0, 0, 0, 0, 1, 0, 1, 0, 1, 1, 1, 1, 1, 0, 1, 1, 1, 1, 1, 0, 0, 1, 1, 0, 1, 1, 1, 0, 1, 1, 1, 0, 0, 1, 0, 0, 0, 0, 1, 0, 0, 0, 1, 1, 0, 1, 0, 0, 1, 0, 1, 0, 0, 0, 1, 0, 1, 1, 0, 1, 1, 1, 0, 1, 1, 0, 1, 0, 0, 0])
Fitness:  63.50645869716966
Gens:  [0, 1, 2, 3, 4, 5, 6, 7, 8, 9, 10, 11, 12, 13, 14, 15, 16, 17, 18, 19, 20, 21, 22, 23, 24, 25, 26, 27, 28, 29, 30, 31, 32, 33, 34, 35, 36, 37, 38, 39, 40, 41, 42, 43, 44, 45, 46, 47, 48, 49, 50, 51, 52, 53, 54, 55, 56, 57, 58]
Inds:  [64.98500058203115, 64.83136222018263, 64.8061349109104, 64.8061349109104, 64.4463499493255, 64.4463499493255, 64.2376447279481, 64.2376447279481, 64.2376447279481, 64.2376447279481, 64.2376447279481, 64.2376447279481, 64.14690408931165, 64.14690408931165, 64.14690408931165, 64.07038016879932, 64.07038016879932, 64.07038016879932, 64.07038016879932, 63.930749697142765, 63.930749697142765, 63.930749697142765, 63.930749697142765, 63.924250545537255, 63.68789666207197, 63.68789666207197, 63.68789666207197, 63.68789666207197, 63.68789666207197, 63.68789666207197, 63.68789666207197, 63.68789666207197, 63.68789666207197, 63.68789666207197, 63.68789666207197, 63.68789666207197, 63.68789666207197, 63.68789666207197, 63.50645869716966, 63.50645869716966, 63.50645869716966, 63.50645869716966, 63.50645869716966, 63.50645869716966, 63.50645869716966, 63.50645869716966, 63.50645869716966, 63.50645869716966, 63.50645869716966, 63.50645869716966, 63.50645869716966, 63.50645869716966, 63.50645869716966, 63.50645869716966, 63.50645869716966, 63.50645869716966, 63.50645869716966, 63.50645869716966, 63.50645869716966]

