BRKGA: blaz_sep

Execução 1:
Parametros: P=5000, Pe=0.3, Pm=0.1, pe=0.7, Parada=100
Tempo de Inicio (hh:mm:ss.ms) 2026-04-28 11:59:59.057094
gen	min   	max    	avg    	std     
0  	27.435	28.5975	28.0259	0.161768
2  	27.395	28.4825	27.8816	0.162575
3  	27.3575	28.4925	27.8489	0.170038
4  	27.2525	28.4725	27.8253	0.178897
7  	27.2475	28.4825	27.7757	0.193549
10 	27.2075	28.5175	27.7404	0.203559
17 	27.155 	28.455 	27.6911	0.222926
18 	27.1025	28.535 	27.6872	0.227696
29 	27.0675	28.475 	27.6306	0.240976
30 	27.0325	28.48  	27.6277	0.24374 
40 	27.0225	28.5675	27.59  	0.250957
43 	26.965 	28.54  	27.5807	0.256803
45 	26.9625	28.435 	27.5743	0.258751
49 	26.8775	28.48  	27.5626	0.259788
67 	26.7425	28.5375	27.4911	0.276525
Tempo de Termino (hh:mm:ss.ms) 2026-04-28 12:05:04.053512
Tempo Total (hh:mm:ss.ms) 0:05:04.996418
Individuo: ([1, 155, 7, 105, 76, 38, 12, 10, 46, 129, 127, 136, 192, 26, 61, 148, 119, 44, 2, 54, 158, 115, 120, 161, 11, 63, 21, 37, 0, 3, 68, 60, 156, 141, 186, 172, 125, 122, 179, 35, 103, 173, 78, 134, 181, 146, 176, 65, 167, 165, 132, 130, 185, 171, 131, 9, 116, 22, 15, 89, 49, 178, 27, 19, 8, 149, 162, 189, 80, 137, 43, 47, 152, 147, 73, 145, 99, 57, 58, 17, 70, 91, 159, 191, 190, 121, 75, 151, 55, 32, 39, 31, 83, 168, 16, 51, 108, 144, 69, 77, 98, 118, 72, 109, 106, 74, 88, 45, 180, 117, 193, 5, 33, 56, 110, 23, 29, 140, 138, 154, 188, 100, 4, 42, 48, 94, 90, 112, 34, 71, 194, 150, 187, 139, 142, 114, 153, 184, 67, 95, 50, 28, 52, 30, 14, 84, 123, 40, 169, 177, 66, 113, 102, 128, 124, 85, 86, 59, 25, 6, 170, 166, 163, 143, 164, 133, 183, 87, 18, 107, 62, 79, 97, 111, 174, 182, 64, 104, 96, 126, 157, 160, 175, 135, 93, 82, 81, 41, 36, 24, 101, 20, 53, 13, 92], [0, 1, 0, 0, 1, 1, 0, 0, 1, 0, 0, 1, 1, 1, 1, 0, 0, 0, 1, 0, 0, 1, 0, 1, 0, 1, 0, 0, 1, 1, 1, 0, 0, 1, 1, 1, 1, 1, 0, 1, 0, 1, 1, 1, 1, 0, 1, 0, 0, 1, 0, 1, 0, 1, 0, 1, 1, 0, 1, 1, 1, 1, 0, 1, 1, 0, 0, 0, 1, 0, 1, 0, 1, 1, 0, 1, 0, 0, 1, 0, 1, 0, 0, 1, 1, 1, 1, 0, 1, 0, 0, 1, 0, 1, 1, 0, 1, 0, 0, 0, 0, 1, 0, 0, 0, 1, 1, 1, 0, 1, 1, 0, 0, 1, 0, 1, 1, 1, 1, 1, 0, 1, 0, 1, 0, 0, 0, 0, 1, 1, 0, 0, 0, 1, 0, 0, 1, 0, 0, 1, 0, 0, 1, 0, 1, 1, 0, 0, 0, 1, 0, 1, 0, 0, 1, 1, 0, 1, 1, 1, 1, 1, 0, 1, 1, 1, 0, 1, 0, 1, 1, 0, 1, 0, 1, 1, 1, 1, 1, 0, 0, 1, 1, 1, 0, 0, 1, 0, 1, 0, 1, 0, 0, 0, 1])
Fitness:  26.742500000000007
Gens:  [0, 1, 2, 3, 4, 5, 6, 7, 8, 9, 10, 11, 12, 13, 14, 15, 16, 17, 18, 19, 20, 21, 22, 23, 24, 25, 26, 27, 28, 29, 30, 31, 32, 33, 34, 35, 36, 37, 38, 39, 40, 41, 42, 43, 44, 45, 46, 47, 48, 49, 50, 51, 52, 53, 54, 55, 56, 57, 58, 59, 60, 61, 62, 63, 64, 65, 66, 67, 68, 69, 70, 71, 72, 73, 74, 75, 76]
Inds:  [27.435000000000006, 27.435000000000006, 27.39499999999999, 27.357500000000005, 27.25249999999999, 27.25249999999999, 27.25249999999999, 27.247500000000002, 27.247500000000002, 27.247500000000002, 27.207500000000007, 27.207500000000007, 27.207500000000007, 27.207500000000007, 27.207500000000007, 27.207500000000007, 27.207500000000007, 27.15499999999999, 27.102500000000003, 27.102500000000003, 27.102500000000003, 27.102500000000003, 27.102500000000003, 27.102500000000003, 27.102500000000003, 27.102500000000003, 27.102500000000003, 27.102500000000003, 27.102500000000003, 27.067499999999978, 27.032500000000017, 27.032500000000017, 27.032500000000017, 27.032500000000017, 27.032500000000017, 27.032500000000017, 27.032500000000017, 27.032500000000017, 27.032500000000017, 27.032500000000017, 27.0225, 27.0225, 27.0225, 26.965000000000003, 26.965000000000003, 26.962499999999984, 26.962499999999984, 26.962499999999984, 26.962499999999984, 26.8775, 26.8775, 26.8775, 26.8775, 26.8775, 26.8775, 26.8775, 26.8775, 26.8775, 26.8775, 26.8775, 26.8775, 26.8775, 26.8775, 26.8775, 26.8775, 26.8775, 26.8775, 26.742500000000007, 26.742500000000007, 26.742500000000007, 26.742500000000007, 26.742500000000007, 26.742500000000007, 26.742500000000007, 26.742500000000007, 26.742500000000007, 26.742500000000007]

