BRKGA: dagli_pack

Execução 1:
Parametros: P=5000, Pe=0.3, Pm=0.1, pe=0.7, Parada=100
Tempo de Inicio (hh:mm:ss.ms) 2026-04-28 12:00:04.393621
gen	min    	max   	avg    	std    
0  	97.4575	106.21	101.744	1.17892
1  	96.965 	105.585	101.016	1.08043
2  	96.64  	105.88 	100.658	1.1492 
6  	96.3925	104.947	100.032	1.33227
9  	95.56  	105.04 	99.7708	1.42673
20 	94.9625	105.003	99.2248	1.62336
35 	94.5925	105.43 	98.7986	1.76459
40 	94.3725	105.485	98.6522	1.78439
47 	94.2175	105.31 	98.4233	1.82991
52 	94.125 	105.84 	98.2744	1.87575
56 	93.2625	105.087	98.12  	1.89414
72 	93.2225	105.137	96.9934	2.0439 
73 	92.67  	105.628	96.8914	2.06825
76 	92.255 	104.745	96.5368	2.13961
Tempo de Termino (hh:mm:ss.ms) 2026-04-28 12:05:08.558533
Tempo Total (hh:mm:ss.ms) 0:05:04.164912
Individuo: ([5, 47, 33, 43, 73, 138, 190, 175, 113, 163, 77, 12, 100, 70, 115, 170, 14, 28, 41, 36, 35, 32, 95, 103, 89, 118, 110, 50, 39, 31, 13, 8, 55, 86, 96, 66, 129, 124, 111, 79, 62, 1, 30, 22, 48, 27, 49, 40, 169, 10, 92, 88, 126, 42, 15, 172, 156, 177, 171, 119, 109, 168, 134, 141, 146, 108, 123, 102, 78, 59, 150, 71, 139, 149, 46, 54, 136, 164, 180, 153, 188, 125, 94, 105, 57, 82, 152, 159, 181, 192, 185, 114, 135, 174, 63, 157, 161, 148, 142, 58, 75, 158, 60, 25, 18, 20, 26, 64, 53, 83, 19, 81, 117, 144, 176, 184, 107, 166, 122, 133, 167, 154, 140, 179, 34, 24, 147, 162, 194, 120, 121, 116, 137, 0, 45, 4, 61, 3, 93, 128, 84, 112, 186, 127, 182, 193, 91, 9, 56, 97, 87, 90, 160, 80, 99, 106, 165, 44, 85, 69, 173, 101, 67, 74, 76, 151, 191, 143, 98, 38, 29, 68, 65, 178, 21, 16, 23, 11, 132, 189, 187, 130, 145, 155, 183, 131, 2, 72, 104, 37, 17, 7, 6, 52, 51], [0, 0, 1, 0, 0, 1, 0, 0, 0, 0, 1, 1, 0, 0, 1, 0, 1, 1, 0, 1, 1, 1, 1, 0, 0, 1, 0, 0, 1, 1, 0, 0, 1, 0, 0, 0, 0, 0, 1, 1, 0, 1, 1, 0, 1, 0, 0, 1, 0, 1, 1, 1, 1, 1, 0, 0, 1, 1, 0, 1, 0, 1, 1, 1, 0, 1, 1, 0, 1, 0, 0, 1, 0, 0, 0, 1, 1, 0, 1, 1, 1, 0, 0, 0, 0, 0, 0, 0, 1, 1, 0, 0, 1, 0, 0, 0, 1, 1, 0, 1, 0, 1, 1, 1, 1, 0, 0, 1, 0, 1, 0, 1, 0, 1, 1, 0, 0, 1, 0, 0, 1, 1, 1, 1, 1, 0, 0, 1, 0, 0, 0, 0, 1, 1, 0, 0, 1, 1, 0, 0, 1, 1, 1, 1, 1, 0, 0, 0, 0, 0, 0, 1, 0, 1, 0, 1, 0, 1, 0, 1, 1, 0, 0, 1, 0, 0, 1, 0, 0, 1, 1, 0, 0, 1, 1, 1, 1, 0, 0, 0, 0, 1, 0, 0, 1, 0, 0, 1, 1, 1, 0, 1, 0, 1, 1])
Fitness:  92.25499999999998
Gens:  [0, 1, 2, 3, 4, 5, 6, 7, 8, 9, 10, 11, 12, 13, 14, 15, 16, 17, 18, 19, 20, 21, 22, 23, 24, 25, 26, 27, 28, 29, 30, 31, 32, 33, 34, 35, 36, 37, 38, 39, 40, 41, 42, 43, 44, 45, 46, 47, 48, 49, 50, 51, 52, 53, 54, 55, 56, 57, 58, 59, 60, 61, 62, 63, 64, 65, 66, 67, 68, 69, 70, 71, 72, 73, 74, 75, 76]
Inds:  [97.4575, 96.96499999999999, 96.64000000000001, 96.64000000000001, 96.64000000000001, 96.64000000000001, 96.39249999999998, 96.39249999999998, 96.39249999999998, 95.55999999999996, 95.55999999999996, 95.55999999999996, 95.55999999999996, 95.55999999999996, 95.55999999999996, 95.55999999999996, 95.55999999999996, 95.55999999999996, 95.55999999999996, 95.55999999999996, 94.96249999999998, 94.96249999999998, 94.96249999999998, 94.96249999999998, 94.96249999999998, 94.96249999999998, 94.96249999999998, 94.96249999999998, 94.96249999999998, 94.96249999999998, 94.96249999999998, 94.96249999999998, 94.96249999999998, 94.96249999999998, 94.96249999999998, 94.59249999999997, 94.59249999999997, 94.59249999999997, 94.59249999999997, 94.59249999999997, 94.37250000000003, 94.37250000000003, 94.37250000000003, 94.37250000000003, 94.37250000000003, 94.37250000000003, 94.37250000000003, 94.21749999999993, 94.21749999999993, 94.21749999999993, 94.21749999999993, 94.21749999999993, 94.12500000000004, 94.12500000000004, 94.12500000000004, 94.12500000000004, 93.26250000000003, 93.26250000000003, 93.26250000000003, 93.26250000000003, 93.26250000000003, 93.26250000000003, 93.26250000000003, 93.26250000000003, 93.26250000000003, 93.26250000000003, 93.26250000000003, 93.26250000000003, 93.26250000000003, 93.26250000000003, 93.26250000000003, 93.26250000000003, 93.22249999999995, 92.66999999999997, 92.66999999999997, 92.66999999999997, 92.25499999999998]

