BRKGA: dagli_mod_pack

Execução 1:
Parametros: P=5000, Pe=0.3, Pm=0.1, pe=0.7, Parada=100
Tempo de Inicio (hh:mm:ss.ms) 2026-04-28 12:00:03.031754
gen	min    	max    	avg    	std    
0  	96.2978	103.107	99.7317	0.93365
1  	96.2924	102.728	99.1537	0.885615
2  	94.7007	102.245	98.8681	0.937462
12 	94.6711	102.254	97.965 	1.22014 
18 	94.4627	102.75 	97.7546	1.30038 
31 	94.2589	102.684	97.4139	1.41499 
35 	94.1449	102.678	97.3163	1.41613 
37 	93.8108	102.623	97.3139	1.4487  
52 	93.6769	102.476	97.0304	1.51647 
56 	93.2849	102.213	96.9795	1.5553  
67 	93.0301	102.303	96.7606	1.57702 
Tempo de Termino (hh:mm:ss.ms) 2026-04-28 12:05:10.516895
Tempo Total (hh:mm:ss.ms) 0:05:07.485141
Individuo: ([19, 3, 12, 20, 40, 78, 115, 113, 85, 73, 128, 150, 84, 124, 36, 138, 2, 30, 82, 103, 6, 15, 33, 197, 202, 208, 119, 72, 52, 108, 143, 154, 173, 151, 11, 89, 158, 169, 56, 31, 41, 110, 69, 93, 4, 59, 46, 177, 106, 63, 79, 142, 207, 186, 210, 98, 54, 175, 91, 14, 55, 67, 83, 23, 86, 76, 17, 62, 22, 5, 21, 123, 156, 188, 149, 68, 117, 126, 65, 90, 66, 137, 136, 191, 196, 165, 176, 127, 181, 125, 118, 64, 77, 135, 95, 148, 49, 48, 9, 80, 100, 111, 200, 195, 50, 37, 94, 81, 122, 201, 162, 92, 139, 146, 8, 57, 144, 112, 174, 164, 51, 121, 168, 182, 214, 71, 133, 189, 75, 120, 96, 0, 13, 45, 32, 34, 28, 74, 25, 27, 7, 29, 88, 205, 199, 38, 105, 134, 213, 155, 141, 209, 211, 178, 183, 157, 203, 87, 43, 170, 99, 60, 58, 204, 206, 160, 18, 10, 129, 172, 147, 102, 101, 159, 180, 116, 193, 145, 104, 198, 163, 166, 130, 42, 61, 140, 107, 35, 70, 161, 192, 187, 179, 185, 153, 167, 131, 109, 53, 114, 212, 194, 47, 97, 171, 132, 26, 190, 152, 184, 44, 39, 16, 24, 1], [0, 1, 1, 0, 0, 1, 1, 1, 0, 1, 1, 0, 1, 0, 1, 0, 0, 1, 1, 1, 1, 0, 1, 0, 0, 0, 0, 0, 0, 0, 1, 0, 0, 1, 1, 0, 0, 1, 1, 1, 1, 1, 1, 1, 1, 1, 0, 0, 0, 0, 0, 1, 0, 0, 1, 0, 1, 0, 1, 0, 1, 0, 0, 1, 0, 0, 1, 0, 0, 0, 1, 1, 1, 0, 0, 1, 1, 1, 0, 0, 0, 1, 0, 1, 1, 1, 0, 0, 0, 1, 0, 0, 1, 0, 0, 1, 1, 1, 0, 0, 0, 0, 0, 1, 1, 0, 0, 1, 0, 1, 1, 0, 0, 0, 0, 0, 1, 1, 0, 0, 0, 0, 1, 1, 0, 1, 1, 0, 0, 0, 0, 1, 0, 0, 0, 0, 0, 0, 1, 1, 0, 1, 1, 0, 0, 1, 1, 1, 1, 0, 1, 1, 1, 0, 1, 0, 1, 0, 1, 0, 0, 1, 1, 0, 1, 0, 1, 1, 0, 1, 0, 1, 0, 1, 1, 0, 1, 1, 0, 0, 1, 1, 0, 1, 0, 0, 1, 1, 1, 0, 0, 1, 0, 1, 0, 1, 0, 1, 1, 1, 0, 0, 0, 0, 1, 1, 1, 1, 1, 1, 1, 1, 1, 1, 0])
Fitness:  93.03005088093094
Gens:  [0, 1, 2, 3, 4, 5, 6, 7, 8, 9, 10, 11, 12, 13, 14, 15, 16, 17, 18, 19, 20, 21, 22, 23, 24, 25, 26, 27, 28, 29, 30, 31, 32, 33, 34, 35, 36, 37, 38, 39, 40, 41, 42, 43, 44, 45, 46, 47, 48, 49, 50, 51, 52, 53, 54, 55, 56, 57, 58, 59, 60, 61, 62, 63, 64, 65, 66, 67, 68]
Inds:  [96.29777221460122, 96.2923511718035, 94.70069031960499, 94.70069031960499, 94.70069031960499, 94.70069031960499, 94.70069031960499, 94.70069031960499, 94.70069031960499, 94.70069031960499, 94.70069031960499, 94.70069031960499, 94.67108497499723, 94.67108497499723, 94.67108497499723, 94.67108497499723, 94.67108497499723, 94.67108497499723, 94.46270149739661, 94.46270149739661, 94.46270149739661, 94.46270149739661, 94.46270149739661, 94.46270149739661, 94.46270149739661, 94.46270149739661, 94.46270149739661, 94.46270149739661, 94.46270149739661, 94.46270149739661, 94.46270149739661, 94.25888271204252, 94.25888271204252, 94.25888271204252, 94.25888271204252, 94.14488132480939, 94.14488132480939, 93.81075672378512, 93.81075672378512, 93.81075672378512, 93.81075672378512, 93.81075672378512, 93.81075672378512, 93.81075672378512, 93.81075672378512, 93.81075672378512, 93.81075672378512, 93.81075672378512, 93.81075672378512, 93.81075672378512, 93.81075672378512, 93.81075672378512, 93.67689508219641, 93.67689508219641, 93.67689508219641, 93.67689508219641, 93.28489186130214, 93.28489186130214, 93.28489186130214, 93.28489186130214, 93.28489186130214, 93.28489186130214, 93.28489186130214, 93.28489186130214, 93.28489186130214, 93.28489186130214, 93.28489186130214, 93.03005088093094, 93.03005088093094]

