BRKGA: dighe2_pack

Execução 1:
Parametros: P=5000, Pe=0.3, Pm=0.1, pe=0.7, Parada=100
Tempo de Inicio (hh:mm:ss.ms) 2026-04-28 12:04:49.875950
gen	min    	max    	avg    	std     
0  	86.3375	90.5575	88.5591	0.661773
1  	85.9825	90.59  	88.1574	0.631797
3  	85.7575	90.305 	87.8357	0.690507
4  	85.7325	90.3125	87.7255	0.721149
5  	85.315 	90.34  	87.6478	0.754679
6  	85.195 	90.75  	87.5585	0.762364
10 	85.1325	90.4925	87.3072	0.842791
13 	84.9175	90.6125	87.1472	0.902336
14 	84.6975	90.525 	87.0819	0.907903
16 	84.4775	90.5225	86.9737	0.937034
22 	84.3175	91.095 	86.6175	0.995658
28 	84.2   	90.185 	86.232 	1.05411 
30 	84.0075	90.32  	86.0894	1.07286 
33 	83.7025	90.725 	85.898 	1.12864 
36 	83.3375	90.74  	85.6773	1.1677  
41 	83.3125	90.2275	85.2799	1.26174 
42 	83.2275	90.545 	85.1972	1.27249 
43 	82.8725	90.33  	85.1148	1.29221 
46 	82.8375	90.29  	84.872 	1.35306 
47 	82.7175	90.6   	84.788 	1.37899 
48 	82.69  	90.5225	84.6975	1.41095 
50 	82.5275	90.315 	84.5024	1.44171 
51 	82.5175	90.5675	84.4164	1.49255 
52 	82.05  	90.1325	84.3181	1.51656 
57 	81.73  	90.385 	83.8223	1.65322 
58 	81.625 	91.0175	83.7283	1.66923 
62 	81.4725	90.2875	83.3994	1.76579 
66 	81.3375	90.5025	83.1336	1.87537 
67 	81.3225	90.1875	83.0638	1.88726 
69 	81.26  	90.725 	82.9341	1.92783 
70 	81.2375	90.44  	82.8628	1.93401 
71 	81.18  	90.52  	82.7977	1.95878 
72 	80.9575	90.615 	82.7405	1.98041 
74 	80.9325	90.5325	82.6275	2.01029 
76 	80.74  	90.435 	82.522 	2.04273 
77 	80.6925	90.605 	82.4716	2.06477 
82 	80.6575	90.5775	82.201 	2.14447 
84 	80.375 	90.6275	82.1038	2.17719 
85 	80.325 	90.305 	82.0444	2.20865 
88 	80.19  	90.2975	81.885 	2.26399 
89 	80.0425	90.5625	81.8321	2.28096 
94 	79.9825	90.3725	81.5478	2.35989 
96 	79.9325	90.385 	81.4401	2.40023 
98 	79.87  	90.3125	81.3409	2.42758 
100	79.745 	90.2675	81.2436	2.46386 
102	79.73  	90.555 	81.1528	2.49869 
104	79.595 	90.365 	81.0575	2.50549 
108	79.395 	90.4625	80.907 	2.56318 
115	79.375 	90.425 	80.672 	2.63244 
118	79.325 	90.3725	80.6018	2.67133 
121	79.2825	90.7   	80.539 	2.68345 
123	79.27  	90.7   	80.5125	2.71807 
124	79.235 	90.63  	80.4922	2.70287 
127	79.2325	90.4425	80.4392	2.72345 
128	79.2025	90.8   	80.4234	2.74297 
132	79.1975	90.665 	80.3427	2.75637 
133	79.1675	90.605 	80.3228	2.764   
135	79.1275	90.515 	80.2925	2.77925 
137	79.0975	90.66  	80.2619	2.78571 
140	79.0875	91.01  	80.209 	2.77463 
141	79.0675	90.955 	80.1998	2.7971  
142	79.0275	90.605 	80.1766	2.79434 
146	79.02  	90.595 	80.1183	2.84993 
148	78.985 	90.46  	80.0807	2.84644 
153	78.9825	90.4375	80.0445	2.85195 
156	78.935 	90.5525	80.0261	2.85076 
257	78.935 	90.355 	79.9009	2.89209 
Tempo de Termino (hh:mm:ss.ms) 2026-04-28 12:08:33.622315
Tempo Total (hh:mm:ss.ms) 0:03:43.746365
Individuo: ([1, 2, 3, 15, 19, 18, 17, 29, 28, 41, 40, 44, 43, 42, 49, 48, 47, 46, 45, 27, 26, 25, 22, 31, 32, 21, 20, 24, 30, 37, 33, 36, 35, 34, 39, 38, 23, 16, 14, 11, 12, 13, 6, 7, 8, 9, 10, 5, 4, 0], [0, 0, 0, 0, 1, 1, 1, 1, 1, 1, 1, 1, 1, 1, 1, 1, 1, 1, 1, 1, 1, 1, 1, 0, 0, 1, 1, 1, 1, 1, 1, 1, 1, 1, 1, 1, 0, 1, 0, 0, 0, 0, 0, 0, 0, 0, 0, 0, 0, 1])
Fitness:  78.935
Gens:  [0, 1, 2, 3, 4, 5, 6, 7, 8, 9, 10, 11, 12, 13, 14, 15, 16, 17, 18, 19, 20, 21, 22, 23, 24, 25, 26, 27, 28, 29, 30, 31, 32, 33, 34, 35, 36, 37, 38, 39, 40, 41, 42, 43, 44, 45, 46, 47, 48, 49, 50, 51, 52, 53, 54, 55, 56, 57, 58, 59, 60, 61, 62, 63, 64, 65, 66, 67, 68, 69, 70, 71, 72, 73, 74, 75, 76, 77, 78, 79, 80, 81, 82, 83, 84, 85, 86, 87, 88, 89, 90, 91, 92, 93, 94, 95, 96, 97, 98, 99, 100, 101, 102, 103, 104, 105, 106, 107, 108, 109, 110, 111, 112, 113, 114, 115, 116, 117, 118, 119, 120, 121, 122, 123, 124, 125, 126, 127, 128, 129, 130, 131, 132, 133, 134, 135, 136, 137, 138, 139, 140, 141, 142, 143, 144, 145, 146, 147, 148, 149, 150, 151, 152, 153, 154, 155, 156, 157, 158, 159, 160, 161, 162, 163, 164, 165, 166, 167, 168, 169, 170, 171, 172, 173, 174, 175, 176, 177, 178, 179, 180, 181, 182, 183, 184, 185, 186, 187, 188, 189, 190, 191, 192, 193, 194, 195, 196, 197, 198, 199, 200, 201, 202, 203, 204, 205, 206, 207, 208, 209, 210, 211, 212, 213, 214, 215, 216, 217, 218, 219, 220, 221, 222, 223, 224, 225, 226, 227, 228, 229, 230, 231, 232, 233, 234, 235, 236, 237, 238, 239, 240, 241, 242, 243, 244, 245, 246, 247, 248, 249, 250, 251, 252, 253, 254, 255, 256, 257]
Inds:  [86.33749999999999, 85.98250000000002, 85.98250000000002, 85.75749999999998, 85.73250000000002, 85.31500000000001, 85.19499999999998, 85.19499999999998, 85.19499999999998, 85.19499999999998, 85.1325, 85.1325, 85.1325, 84.91749999999999, 84.6975, 84.6975, 84.47749999999999, 84.47749999999999, 84.47749999999999, 84.47749999999999, 84.47749999999999, 84.47749999999999, 84.31749999999998, 84.31749999999998, 84.31749999999998, 84.31749999999998, 84.31749999999998, 84.31749999999998, 84.19999999999997, 84.19999999999997, 84.00750000000001, 84.00750000000001, 84.00750000000001, 83.70249999999997, 83.70249999999997, 83.70249999999997, 83.33749999999999, 83.33749999999999, 83.33749999999999, 83.33749999999999, 83.33749999999999, 83.3125, 83.22749999999998, 82.87250000000002, 82.87250000000002, 82.87250000000002, 82.83749999999998, 82.71749999999999, 82.68999999999998, 82.68999999999998, 82.52749999999999, 82.5175, 82.05, 82.05, 82.05, 82.05, 82.05, 81.72999999999998, 81.62499999999999, 81.62499999999999, 81.62499999999999, 81.62499999999999, 81.4725, 81.4725, 81.4725, 81.4725, 81.33749999999999, 81.32249999999998, 81.32249999999998, 81.26, 81.2375, 81.17999999999999, 80.95749999999997, 80.95749999999997, 80.93249999999999, 80.93249999999999, 80.74, 80.69249999999998, 80.69249999999998, 80.69249999999998, 80.69249999999998, 80.69249999999998, 80.6575, 80.6575, 80.375, 80.32499999999997, 80.32499999999997, 80.32499999999997, 80.19, 80.0425, 80.0425, 80.0425, 80.0425, 80.0425, 79.98250000000002, 79.98250000000002, 79.93249999999999, 79.93249999999999, 79.87, 79.87, 79.74499999999999, 79.74499999999999, 79.72999999999999, 79.72999999999999, 79.595, 79.595, 79.595, 79.595, 79.395, 79.395, 79.395, 79.395, 79.395, 79.395, 79.395, 79.375, 79.375, 79.375, 79.32499999999999, 79.32499999999999, 79.32499999999999, 79.2825, 79.2825, 79.26999999999998, 79.23499999999999, 79.23499999999999, 79.23499999999999, 79.23249999999999, 79.20249999999997, 79.20249999999997, 79.20249999999997, 79.20249999999997, 79.1975, 79.16749999999998, 79.16749999999998, 79.12749999999998, 79.12749999999998, 79.09749999999997, 79.09749999999997, 79.09749999999997, 79.08749999999998, 79.0675, 79.0275, 79.0275, 79.0275, 79.0275, 79.02, 79.02, 78.98500000000001, 78.98500000000001, 78.98500000000001, 78.98500000000001, 78.98500000000001, 78.9825, 78.9825, 78.9825, 78.935, 78.935, 78.935, 78.935, 78.935, 78.935, 78.935, 78.935, 78.935, 78.935, 78.935, 78.935, 78.935, 78.935, 78.935, 78.935, 78.935, 78.935, 78.935, 78.935, 78.935, 78.935, 78.935, 78.935, 78.935, 78.935, 78.935, 78.935, 78.935, 78.935, 78.935, 78.935, 78.935, 78.935, 78.935, 78.935, 78.935, 78.935, 78.935, 78.935, 78.935, 78.935, 78.935, 78.935, 78.935, 78.935, 78.935, 78.935, 78.935, 78.935, 78.935, 78.935, 78.935, 78.935, 78.935, 78.935, 78.935, 78.935, 78.935, 78.935, 78.935, 78.935, 78.935, 78.935, 78.935, 78.935, 78.935, 78.935, 78.935, 78.935, 78.935, 78.935, 78.935, 78.935, 78.935, 78.935, 78.935, 78.935, 78.935, 78.935, 78.935, 78.935, 78.935, 78.935, 78.935, 78.935, 78.935, 78.935, 78.935, 78.935, 78.935, 78.935, 78.935, 78.935, 78.935, 78.935, 78.935, 78.935, 78.935, 78.935, 78.935, 78.935]

