BRKGA: fu_mod_pack

Execução 1:
Parametros: P=5000, Pe=0.3, Pm=0.1, pe=0.7, Parada=100
Tempo de Inicio (hh:mm:ss.ms) 2026-04-28 12:05:02.033637
gen	min    	max    	avg    	std     
0  	35.6493	37.5979	36.6247	0.250236
3  	35.5813	37.3841	36.3579	0.263288
4  	35.5518	37.4625	36.3231	0.276961
5  	35.4511	37.304 	36.292 	0.285583
6  	35.2956	37.2954	36.2623	0.29053 
15 	35.2026	37.4348	36.103 	0.339696
17 	35.1299	37.2767	36.0828	0.348645
22 	35.1179	37.3066	36.0153	0.36543 
23 	35.1008	37.3183	36.0082	0.372838
25 	35.0656	37.3736	35.9783	0.370972
28 	35.0637	37.3434	35.9404	0.380882
31 	35.0481	37.2117	35.9016	0.392548
32 	34.94  	37.4339	35.8836	0.394309
33 	34.9388	37.3461	35.8705	0.39968 
34 	34.9255	37.2294	35.8572	0.40406 
40 	34.8559	37.2474	35.7523	0.415595
44 	34.7965	37.4196	35.659 	0.427513
47 	34.7898	37.3393	35.5814	0.442885
48 	34.737 	37.4754	35.5526	0.447143
49 	34.7155	37.3847	35.5206	0.452305
50 	34.6679	37.395 	35.4839	0.45565 
51 	34.4492	37.3391	35.4489	0.468897
57 	34.4417	37.2648	35.1954	0.520658
58 	34.2712	37.3238	35.1528	0.533527
60 	34.2294	37.3444	35.0705	0.560176
61 	34.177 	37.2492	35.0298	0.571903
63 	34.1386	37.3563	34.9452	0.588917
65 	34.125 	37.3223	34.8615	0.617772
66 	34.0773	37.3522	34.8225	0.635073
67 	33.9729	37.3479	34.7786	0.640546
71 	33.8698	37.1689	34.6233	0.68853 
72 	33.8563	37.3895	34.5878	0.708266
75 	33.7252	37.2827	34.4869	0.730137
78 	33.6926	37.2132	34.3874	0.760333
79 	33.6145	37.2868	34.3552	0.764117
81 	33.4527	37.2787	34.2968	0.792399
88 	33.4301	37.3063	34.0978	0.848399
89 	33.4156	37.2876	34.0704	0.860365
90 	33.2857	37.421 	34.051 	0.873811
93 	33.2015	37.2947	33.9736	0.889473
98 	33.2008	37.236 	33.8582	0.92996 
99 	33.1334	37.344 	33.8369	0.941106
102	33.1116	37.2283	33.7713	0.957946
103	33.1082	37.4405	33.7533	0.970935
104	33.0756	37.4362	33.727 	0.970614
105	33.0254	37.2361	33.7086	0.974945
107	33.0196	37.284 	33.6684	0.993643
108	32.9952	37.4081	33.6488	1.00038 
109	32.9656	37.3615	33.6284	1.00734 
110	32.9632	37.3909	33.6054	1.00574 
112	32.8977	37.2783	33.563 	1.02445 
114	32.856 	37.3573	33.5184	1.03749 
116	32.7738	37.2787	33.4805	1.05397 
119	32.7518	37.3733	33.4207	1.07146 
121	32.7223	37.354 	33.3838	1.08873 
123	32.7166	37.3414	33.3423	1.09884 
124	32.6688	37.2294	33.3262	1.10783 
126	32.6568	37.4054	33.2839	1.11518 
127	32.6269	37.3701	33.2678	1.1281  
128	32.5967	37.2419	33.2469	1.1267  
130	32.595 	37.2872	33.212 	1.14716 
131	32.574 	37.355 	33.1884	1.14779 
133	32.5373	37.3202	33.1467	1.15763 
134	32.5299	37.2752	33.1299	1.16902 
135	32.5116	37.3198	33.1106	1.17345 
136	32.4996	37.3536	33.0904	1.18319 
137	32.496 	37.4022	33.0715	1.18974 
138	32.4877	37.4108	33.0488	1.18903 
139	32.4657	37.3722	33.032 	1.20183 
141	32.4425	37.2789	32.9962	1.21577 
143	32.4367	37.1918	32.961 	1.21777 
144	32.4155	37.3524	32.949 	1.23042 
145	32.3992	37.3667	32.9357	1.2353  
147	32.3951	37.3536	32.9116	1.23411 
148	32.3928	37.4801	32.9033	1.24115 
150	32.3797	37.3753	32.889 	1.25171 
153	32.3665	37.1757	32.8658	1.25261 
157	32.3663	37.3794	32.8388	1.25966 
158	32.3552	37.4039	32.8331	1.26559 
161	32.3521	37.3192	32.8121	1.26899 
164	32.3434	37.242 	32.8066	1.28168 
170	32.3414	37.4181	32.8024	1.27566 
271	32.3414	37.3551	32.7697	1.28637 
Tempo de Termino (hh:mm:ss.ms) 2026-04-28 12:09:52.055948
Tempo Total (hh:mm:ss.ms) 0:04:50.022311
Individuo: ([1, 0, 7, 6, 5, 27, 26, 25, 28, 33, 32, 31, 30, 39, 24, 21, 20, 23, 22, 36, 47, 41, 42, 43, 58, 56, 57, 62, 59, 60, 61, 44, 45, 52, 53, 54, 55, 48, 49, 50, 51, 46, 34, 35, 29, 40, 38, 37, 19, 18, 16, 17, 8, 9, 10, 11, 12, 13, 14, 15, 4, 3, 2], [1, 1, 1, 1, 1, 1, 1, 1, 1, 1, 1, 1, 1, 1, 1, 1, 1, 1, 1, 1, 1, 0, 0, 0, 0, 0, 0, 0, 0, 0, 0, 0, 0, 0, 0, 0, 0, 0, 0, 0, 0, 0, 0, 0, 0, 1, 1, 1, 1, 0, 0, 0, 0, 0, 0, 0, 0, 0, 0, 0, 1, 1, 1])
Fitness:  32.341402561063845
Gens:  [0, 1, 2, 3, 4, 5, 6, 7, 8, 9, 10, 11, 12, 13, 14, 15, 16, 17, 18, 19, 20, 21, 22, 23, 24, 25, 26, 27, 28, 29, 30, 31, 32, 33, 34, 35, 36, 37, 38, 39, 40, 41, 42, 43, 44, 45, 46, 47, 48, 49, 50, 51, 52, 53, 54, 55, 56, 57, 58, 59, 60, 61, 62, 63, 64, 65, 66, 67, 68, 69, 70, 71, 72, 73, 74, 75, 76, 77, 78, 79, 80, 81, 82, 83, 84, 85, 86, 87, 88, 89, 90, 91, 92, 93, 94, 95, 96, 97, 98, 99, 100, 101, 102, 103, 104, 105, 106, 107, 108, 109, 110, 111, 112, 113, 114, 115, 116, 117, 118, 119, 120, 121, 122, 123, 124, 125, 126, 127, 128, 129, 130, 131, 132, 133, 134, 135, 136, 137, 138, 139, 140, 141, 142, 143, 144, 145, 146, 147, 148, 149, 150, 151, 152, 153, 154, 155, 156, 157, 158, 159, 160, 161, 162, 163, 164, 165, 166, 167, 168, 169, 170, 171, 172, 173, 174, 175, 176, 177, 178, 179, 180, 181, 182, 183, 184, 185, 186, 187, 188, 189, 190, 191, 192, 193, 194, 195, 196, 197, 198, 199, 200, 201, 202, 203, 204, 205, 206, 207, 208, 209, 210, 211, 212, 213, 214, 215, 216, 217, 218, 219, 220, 221, 222, 223, 224, 225, 226, 227, 228, 229, 230, 231, 232, 233, 234, 235, 236, 237, 238, 239, 240, 241, 242, 243, 244, 245, 246, 247, 248, 249, 250, 251, 252, 253, 254, 255, 256, 257, 258, 259, 260, 261, 262, 263, 264, 265, 266, 267, 268, 269, 270, 271]
Inds:  [35.649330057349005, 35.649330057349005, 35.649330057349005, 35.58125640796484, 35.55183807248612, 35.45107193426156, 35.295580447821806, 35.295580447821806, 35.295580447821806, 35.295580447821806, 35.295580447821806, 35.295580447821806, 35.295580447821806, 35.295580447821806, 35.295580447821806, 35.20258024427018, 35.20258024427018, 35.12989545395011, 35.12989545395011, 35.12989545395011, 35.12989545395011, 35.12989545395011, 35.11794503838712, 35.10083518348682, 35.10083518348682, 35.06564228345715, 35.06564228345715, 35.06564228345715, 35.06371352291382, 35.06371352291382, 35.06371352291382, 35.048057812360994, 34.93995937537088, 34.938791529464936, 34.92553871213185, 34.92553871213185, 34.92553871213185, 34.92553871213185, 34.92553871213185, 34.92553871213185, 34.855946475730086, 34.855946475730086, 34.855946475730086, 34.855946475730086, 34.79648404396015, 34.79648404396015, 34.79648404396015, 34.78981514610403, 34.7370315304356, 34.71546736851707, 34.66785337670171, 34.44920348283672, 34.44920348283672, 34.44920348283672, 34.44920348283672, 34.44920348283672, 34.44920348283672, 34.441661278633646, 34.27123142240369, 34.27123142240369, 34.22938504329792, 34.17695237683504, 34.17695237683504, 34.13855246577357, 34.13855246577357, 34.12498647469511, 34.077280897075916, 33.97287679228943, 33.97287679228943, 33.97287679228943, 33.97287679228943, 33.86979208198842, 33.85626042096691, 33.85626042096691, 33.85626042096691, 33.725222848729956, 33.725222848729956, 33.725222848729956, 33.69261184900355, 33.61445279457869, 33.61445279457869, 33.45274022339862, 33.45274022339862, 33.45274022339862, 33.45274022339862, 33.45274022339862, 33.45274022339862, 33.45274022339862, 33.430106417944934, 33.41560812070144, 33.285697820952144, 33.285697820952144, 33.285697820952144, 33.20148080135311, 33.20148080135311, 33.20148080135311, 33.20148080135311, 33.20148080135311, 33.20075337059628, 33.13335542085447, 33.13335542085447, 33.13335542085447, 33.11164867549678, 33.10817600008952, 33.075625752313506, 33.02544127552762, 33.02544127552762, 33.019597865447174, 32.99520089446373, 32.96558575359381, 32.963165523155816, 32.963165523155816, 32.897739647086084, 32.897739647086084, 32.85600817755619, 32.85600817755619, 32.77383568453917, 32.77383568453917, 32.77383568453917, 32.75183613061646, 32.75183613061646, 32.72230628524009, 32.72230628524009, 32.71658591483476, 32.66881206042016, 32.66881206042016, 32.656820675707884, 32.62685687691901, 32.5966800524932, 32.5966800524932, 32.59502026674731, 32.574030461963, 32.574030461963, 32.53725262267942, 32.529947980818605, 32.51155688914544, 32.499576538852374, 32.49601996246191, 32.48770162812477, 32.46569455057786, 32.46569455057786, 32.442497917995446, 32.442497917995446, 32.43674494369994, 32.4154578683473, 32.399232356703784, 32.399232356703784, 32.39514619878321, 32.392783378199105, 32.392783378199105, 32.37966861452869, 32.37966861452869, 32.37966861452869, 32.366544460368445, 32.366544460368445, 32.366544460368445, 32.366544460368445, 32.366310914625565, 32.355182984121704, 32.355182984121704, 32.355182984121704, 32.35207378063984, 32.35207378063984, 32.35207378063984, 32.343426367798465, 32.343426367798465, 32.343426367798465, 32.343426367798465, 32.343426367798465, 32.343426367798465, 32.341402561063845, 32.341402561063845, 32.341402561063845, 32.341402561063845, 32.341402561063845, 32.341402561063845, 32.341402561063845, 32.341402561063845, 32.341402561063845, 32.341402561063845, 32.341402561063845, 32.341402561063845, 32.341402561063845, 32.341402561063845, 32.341402561063845, 32.341402561063845, 32.341402561063845, 32.341402561063845, 32.341402561063845, 32.341402561063845, 32.341402561063845, 32.341402561063845, 32.341402561063845, 32.341402561063845, 32.341402561063845, 32.341402561063845, 32.341402561063845, 32.341402561063845, 32.341402561063845, 32.341402561063845, 32.341402561063845, 32.341402561063845, 32.341402561063845, 32.341402561063845, 32.341402561063845, 32.341402561063845, 32.341402561063845, 32.341402561063845, 32.341402561063845, 32.341402561063845, 32.341402561063845, 32.341402561063845, 32.341402561063845, 32.341402561063845, 32.341402561063845, 32.341402561063845, 32.341402561063845, 32.341402561063845, 32.341402561063845, 32.341402561063845, 32.341402561063845, 32.341402561063845, 32.341402561063845, 32.341402561063845, 32.341402561063845, 32.341402561063845, 32.341402561063845, 32.341402561063845, 32.341402561063845, 32.341402561063845, 32.341402561063845, 32.341402561063845, 32.341402561063845, 32.341402561063845, 32.341402561063845, 32.341402561063845, 32.341402561063845, 32.341402561063845, 32.341402561063845, 32.341402561063845, 32.341402561063845, 32.341402561063845, 32.341402561063845, 32.341402561063845, 32.341402561063845, 32.341402561063845, 32.341402561063845, 32.341402561063845, 32.341402561063845, 32.341402561063845, 32.341402561063845, 32.341402561063845, 32.341402561063845, 32.341402561063845, 32.341402561063845, 32.341402561063845, 32.341402561063845, 32.341402561063845, 32.341402561063845, 32.341402561063845, 32.341402561063845, 32.341402561063845, 32.341402561063845, 32.341402561063845, 32.341402561063845, 32.341402561063845, 32.341402561063845, 32.341402561063845, 32.341402561063845, 32.341402561063845, 32.341402561063845, 32.341402561063845]

