BRKGA: han100_sep

Execução 1:
Parametros: P=5000, Pe=0.3, Pm=0.1, pe=0.7, Parada=100
Tempo de Inicio (hh:mm:ss.ms) 2026-04-28 10:51:14.375517
gen	min    	max    	avg    	std    
0  	32382.4	34047.3	33255.5	224.218
2  	32222.4	33999.9	33052.5	220.373
8  	32194.1	33878  	32900.4	265.835
12 	32029.1	33872.3	32853.4	288.851
24 	32022.7	33997.1	32756.8	319.362
25 	31878.7	33943.3	32748  	321.135
Tempo de Termino (hh:mm:ss.ms) 2026-04-28 10:56:26.910454
Tempo Total (hh:mm:ss.ms) 0:05:12.534937
Individuo: ([98, 95, 339, 125, 194, 54, 101, 124, 108, 198, 280, 66, 154, 259, 206, 342, 366, 277, 329, 322, 349, 136, 247, 315, 288, 186, 82, 189, 166, 220, 59, 31, 84, 99, 331, 251, 192, 256, 258, 316, 46, 20, 61, 96, 36, 1, 13, 286, 233, 85, 244, 106, 336, 205, 371, 234, 188, 341, 190, 214, 41, 29, 224, 149, 12, 318, 44, 356, 240, 139, 53, 225, 76, 116, 178, 195, 109, 81, 15, 6, 172, 160, 217, 202, 55, 335, 328, 325, 350, 2, 45, 153, 159, 377, 197, 236, 8, 70, 369, 63, 35, 93, 94, 92, 180, 365, 358, 140, 152, 133, 58, 57, 22, 71, 88, 104, 193, 276, 74, 226, 25, 4, 48, 72, 117, 300, 337, 148, 10, 118, 301, 327, 200, 305, 126, 147, 364, 100, 64, 30, 173, 218, 42, 260, 298, 39, 271, 321, 248, 294, 348, 134, 167, 227, 128, 362, 296, 191, 121, 299, 246, 222, 254, 150, 105, 26, 0, 113, 351, 352, 245, 359, 201, 182, 163, 219, 129, 137, 228, 291, 287, 112, 16, 90, 52, 23, 199, 255, 347, 340, 270, 231, 253, 249, 370, 295, 122, 78, 308, 157, 212, 262, 174, 355, 170, 142, 207, 56, 89, 290, 196, 379, 60, 250, 168, 5, 289, 79, 156, 114, 279, 338, 211, 311, 283, 282, 354, 345, 235, 210, 257, 9, 47, 302, 357, 297, 303, 263, 229, 209, 243, 67, 292, 330, 21, 83, 187, 18, 319, 264, 275, 268, 69, 155, 323, 19, 127, 65, 3, 332, 158, 324, 221, 241, 151, 87, 17, 86, 169, 208, 161, 111, 317, 272, 326, 346, 374, 367, 242, 179, 91, 237, 119, 382, 138, 38, 132, 285, 261, 215, 181, 309, 293, 107, 164, 146, 171, 284, 320, 213, 368, 183, 204, 281, 278, 165, 304, 24, 334, 312, 267, 313, 273, 185, 238, 306, 73, 360, 130, 175, 50, 361, 34, 162, 269, 232, 344, 307, 97, 216, 376, 353, 380, 223, 239, 110, 68, 381, 103, 265, 102, 372, 33, 27, 145, 135, 375, 266, 363, 177, 77, 51, 144, 252, 131, 75, 184, 120, 37, 310, 333, 314, 115, 378, 373, 43, 141, 40, 11, 80, 14, 49, 274, 123, 62, 143, 343, 203, 7, 230, 176, 28, 32], [1, 1, 1, 1, 1, 0, 1, 1, 0, 0, 0, 0, 0, 1, 1, 0, 0, 1, 1, 1, 0, 0, 0, 0, 0, 1, 1, 1, 1, 1, 0, 0, 0, 0, 1, 0, 1, 0, 1, 0, 0, 0, 1, 1, 0, 1, 0, 0, 1, 1, 0, 1, 0, 1, 1, 0, 0, 1, 0, 0, 0, 0, 1, 0, 0, 0, 0, 0, 0, 1, 1, 0, 0, 1, 0, 0, 1, 0, 1, 1, 0, 1, 0, 1, 1, 1, 0, 1, 0, 1, 0, 0, 0, 0, 0, 0, 0, 1, 0, 0, 0, 1, 0, 1, 1, 1, 0, 1, 1, 1, 0, 1, 1, 1, 0, 0, 1, 0, 0, 1, 0, 0, 1, 0, 0, 0, 1, 1, 1, 0, 0, 0, 0, 1, 1, 0, 0, 0, 1, 0, 1, 0, 0, 1, 1, 0, 0, 1, 0, 0, 1, 1, 0, 1, 0, 1, 0, 0, 1, 1, 1, 0, 1, 0, 1, 1, 0, 1, 0, 0, 0, 0, 1, 0, 1, 1, 1, 0, 0, 0, 0, 1, 0, 0, 1, 0, 0, 1, 1, 1, 1, 0, 0, 0, 1, 1, 0, 0, 0, 0, 0, 1, 1, 1, 0, 0, 0, 1, 0, 0, 1, 1, 0, 0, 0, 0, 1, 0, 0, 0, 1, 0, 1, 0, 1, 1, 1, 1, 0, 1, 1, 1, 1, 1, 1, 1, 0, 0, 1, 0, 1, 1, 1, 1, 0, 0, 1, 1, 1, 1, 0, 0, 1, 1, 0, 0, 1, 1, 0, 1, 0, 0, 0, 1, 0, 0, 1, 0, 1, 0, 0, 1, 1, 0, 0, 0, 0, 0, 1, 0, 1, 0, 1, 0, 0, 1, 0, 0, 0, 0, 1, 1, 1, 0, 1, 1, 1, 1, 1, 0, 0, 1, 1, 1, 1, 1, 1, 1, 0, 1, 1, 0, 0, 0, 0, 1, 1, 1, 1, 1, 0, 1, 0, 1, 1, 0, 1, 0, 1, 1, 1, 1, 1, 1, 0, 0, 1, 1, 1, 1, 0, 0, 0, 1, 1, 1, 1, 1, 1, 1, 0, 0, 0, 1, 0, 1, 1, 0, 1, 1, 0, 1, 0, 1, 1, 1, 0, 1, 1, 1, 0, 0, 0, 1, 1, 1, 0, 1, 0, 0, 0, 0, 1])
Fitness:  31878.70750000003
Gens:  [0, 1, 2, 3, 4, 5, 6, 7, 8, 9, 10, 11, 12, 13, 14, 15, 16, 17, 18, 19, 20, 21, 22, 23, 24, 25, 26, 27, 28, 29, 30, 31]
Inds:  [32382.40500000001, 32382.40500000001, 32222.402499999982, 32222.402499999982, 32222.402499999982, 32222.402499999982, 32222.402499999982, 32222.402499999982, 32194.102499999997, 32194.102499999997, 32194.102499999997, 32194.102499999997, 32029.059999999976, 32029.059999999976, 32029.059999999976, 32029.059999999976, 32029.059999999976, 32029.059999999976, 32029.059999999976, 32029.059999999976, 32029.059999999976, 32029.059999999976, 32029.059999999976, 32029.059999999976, 32022.67499999997, 31878.70750000003, 31878.70750000003, 31878.70750000003, 31878.70750000003, 31878.70750000003, 31878.70750000003, 31878.70750000003]

