BRKGA: han120_mod_sep

Execução 1:
Parametros: P=5000, Pe=0.3, Pm=0.1, pe=0.7, Parada=100
Tempo de Inicio (hh:mm:ss.ms) 2026-04-28 10:51:14.366470
gen	min    	max    	avg    	std    
0  	40626.9	43140.2	41881.2	347.041
1  	40453.3	42947.6	41673.3	321.98 
2  	40430.1	42949.6	41576.6	345.64 
3  	40370.2	43258.5	41513  	358.926
5  	40365.7	42832.8	41430.4	388.515
6  	40311.4	43038.1	41393.2	398.155
8  	40146.5	43186.3	41345.8	415.405
11 	40085.5	42832.1	41284  	427.252
16 	39988.8	43166.4	41219.5	457.1  
Tempo de Termino (hh:mm:ss.ms) 2026-04-28 10:56:42.962096
Tempo Total (hh:mm:ss.ms) 0:05:28.595626
Individuo: ([23, 158, 343, 10, 441, 110, 437, 283, 299, 503, 418, 261, 60, 420, 383, 323, 59, 241, 114, 575, 526, 157, 98, 108, 43, 58, 254, 285, 137, 417, 548, 591, 313, 499, 191, 316, 161, 468, 423, 6, 250, 91, 436, 166, 223, 567, 74, 55, 33, 195, 140, 493, 14, 605, 243, 431, 452, 521, 274, 148, 539, 594, 459, 93, 554, 358, 39, 150, 280, 105, 8, 139, 338, 106, 287, 205, 406, 573, 528, 38, 181, 174, 498, 587, 132, 178, 179, 29, 176, 26, 588, 329, 54, 165, 18, 311, 477, 611, 599, 443, 9, 75, 87, 19, 553, 400, 226, 20, 215, 565, 380, 306, 97, 13, 399, 509, 345, 135, 89, 413, 372, 232, 310, 516, 276, 156, 207, 63, 242, 111, 401, 504, 510, 286, 540, 263, 231, 569, 115, 492, 603, 36, 537, 24, 562, 546, 408, 27, 289, 555, 525, 295, 428, 0, 524, 523, 412, 40, 145, 309, 235, 446, 141, 398, 527, 397, 189, 541, 159, 384, 57, 45, 247, 300, 480, 584, 570, 517, 497, 133, 269, 278, 557, 435, 102, 551, 556, 581, 49, 297, 268, 597, 303, 347, 37, 385, 344, 533, 64, 246, 151, 224, 194, 349, 508, 73, 183, 200, 606, 598, 580, 395, 317, 374, 249, 451, 377, 382, 396, 203, 304, 314, 529, 371, 427, 542, 2, 608, 21, 227, 120, 171, 46, 172, 31, 1, 301, 518, 463, 214, 190, 136, 512, 245, 363, 52, 433, 47, 234, 163, 180, 488, 483, 432, 352, 177, 519, 609, 593, 536, 305, 470, 578, 610, 489, 430, 361, 199, 255, 494, 337, 92, 124, 170, 193, 357, 127, 559, 414, 256, 415, 355, 549, 424, 71, 121, 72, 264, 117, 225, 233, 416, 275, 368, 100, 348, 103, 152, 167, 425, 240, 61, 44, 80, 378, 448, 334, 220, 484, 571, 35, 32, 11, 319, 612, 346, 129, 94, 566, 564, 143, 251, 596, 515, 292, 336, 479, 335, 460, 198, 560, 367, 5, 530, 322, 119, 50, 238, 12, 351, 405, 520, 53, 271, 291, 69, 282, 65, 99, 7, 586, 455, 447, 491, 258, 67, 30, 321, 362, 440, 392, 197, 350, 421, 51, 534, 583, 550, 104, 585, 390, 272, 279, 154, 270, 267, 109, 202, 213, 259, 464, 146, 130, 210, 76, 419, 212, 86, 411, 572, 277, 144, 182, 315, 325, 389, 450, 201, 192, 68, 262, 364, 288, 391, 222, 237, 298, 186, 17, 204, 82, 85, 138, 445, 107, 15, 164, 265, 535, 340, 486, 461, 513, 365, 369, 266, 373, 48, 113, 356, 312, 88, 175, 22, 206, 354, 252, 296, 538, 454, 155, 168, 426, 490, 449, 169, 28, 481, 456, 394, 77, 476, 341, 326, 84, 568, 330, 429, 257, 260, 353, 511, 552, 485, 439, 211, 160, 495, 531, 453, 376, 307, 579, 466, 359, 496, 218, 403, 101, 142, 545, 134, 462, 370, 438, 42, 147, 217, 558, 582, 600, 83, 248, 149, 4, 294, 333, 505, 302, 56, 547, 393, 116, 3, 339, 500, 613, 502, 522, 131, 467, 284, 506, 293, 34, 471, 209, 70, 318, 229, 507, 469, 402, 576, 532, 561, 473, 162, 126, 592, 230, 95, 16, 81, 577, 386, 253, 324, 118, 188, 216, 458, 472, 112, 589, 388, 327, 487, 590, 409, 320, 331, 595, 434, 607, 328, 273, 185, 501, 543, 236, 381, 332, 239, 563, 410, 478, 407, 457, 196, 219, 366, 442, 290, 96, 514, 244, 375, 187, 601, 308, 281, 360, 544, 404, 208, 123, 78, 66, 482, 90, 79, 228, 125, 221, 444, 128, 342, 604, 574, 465, 153, 379, 122, 387, 475, 422, 173, 474, 184, 602, 41, 62, 25], [0, 1, 1, 1, 1, 1, 0, 1, 0, 0, 0, 0, 0, 0, 1, 1, 1, 0, 0, 0, 1, 1, 1, 1, 1, 0, 0, 1, 1, 0, 1, 0, 0, 0, 0, 0, 0, 1, 1, 0, 1, 1, 1, 0, 1, 0, 1, 1, 0, 0, 0, 1, 1, 0, 1, 0, 0, 1, 1, 1, 0, 1, 0, 0, 0, 1, 0, 0, 0, 1, 1, 1, 1, 1, 1, 0, 0, 0, 0, 0, 0, 1, 0, 0, 0, 1, 0, 1, 1, 1, 0, 1, 0, 1, 0, 1, 0, 0, 1, 1, 0, 0, 1, 0, 1, 0, 1, 1, 0, 1, 1, 0, 1, 1, 0, 0, 0, 0, 0, 0, 1, 1, 1, 1, 1, 1, 0, 1, 0, 0, 0, 0, 1, 0, 0, 0, 0, 0, 0, 0, 0, 0, 0, 0, 0, 1, 1, 0, 1, 0, 1, 0, 1, 1, 1, 0, 0, 1, 1, 0, 0, 1, 1, 0, 1, 0, 1, 1, 1, 1, 1, 0, 1, 0, 1, 1, 1, 1, 1, 1, 1, 0, 1, 1, 1, 1, 1, 0, 1, 0, 0, 1, 1, 1, 1, 0, 0, 1, 0, 1, 0, 1, 1, 1, 0, 1, 1, 0, 1, 0, 0, 0, 0, 0, 1, 0, 1, 0, 1, 1, 1, 0, 1, 0, 1, 1, 0, 1, 0, 0, 0, 1, 1, 0, 0, 0, 1, 1, 0, 0, 0, 1, 0, 0, 1, 0, 0, 0, 1, 0, 0, 1, 1, 1, 0, 0, 0, 1, 1, 1, 1, 0, 1, 1, 1, 1, 0, 0, 0, 1, 0, 0, 0, 0, 0, 1, 1, 0, 1, 0, 0, 1, 1, 1, 1, 0, 0, 1, 0, 1, 1, 0, 0, 0, 0, 0, 0, 1, 0, 1, 0, 1, 0, 1, 0, 0, 0, 0, 1, 0, 0, 0, 1, 1, 0, 1, 0, 0, 1, 1, 1, 1, 0, 1, 0, 0, 0, 0, 0, 0, 0, 0, 1, 1, 1, 0, 1, 0, 0, 1, 0, 0, 1, 1, 1, 0, 0, 1, 0, 1, 1, 1, 0, 0, 1, 0, 0, 0, 1, 1, 0, 1, 0, 0, 1, 1, 1, 0, 1, 1, 0, 1, 0, 0, 1, 0, 1, 0, 0, 1, 1, 0, 0, 1, 0, 0, 0, 0, 0, 0, 1, 1, 0, 0, 1, 1, 1, 1, 0, 1, 1, 0, 1, 0, 1, 1, 1, 0, 1, 1, 1, 1, 0, 1, 0, 0, 1, 0, 1, 1, 0, 1, 1, 1, 1, 0, 1, 1, 0, 1, 1, 1, 1, 1, 1, 1, 1, 1, 1, 0, 1, 1, 1, 1, 0, 1, 1, 1, 0, 0, 1, 0, 0, 1, 0, 1, 0, 0, 1, 0, 1, 0, 0, 0, 1, 1, 1, 1, 1, 0, 1, 0, 0, 0, 0, 1, 0, 1, 0, 0, 0, 0, 0, 1, 1, 0, 0, 1, 1, 1, 0, 1, 0, 1, 0, 1, 0, 1, 1, 1, 1, 0, 0, 1, 1, 1, 0, 1, 0, 0, 0, 1, 0, 1, 1, 1, 1, 1, 0, 1, 1, 1, 1, 0, 0, 0, 0, 0, 1, 1, 1, 1, 0, 0, 0, 0, 0, 1, 0, 0, 1, 0, 1, 1, 0, 1, 0, 1, 0, 1, 0, 1, 0, 0, 0, 1, 0, 1, 1, 1, 1, 0, 1, 1, 1, 0, 0, 1, 1, 0, 0, 0, 0, 0, 0, 0, 0, 0, 0, 1, 0, 1, 1, 1, 0, 1, 0, 1, 1, 0, 1, 0, 0, 0, 0, 1, 0, 0, 0, 0, 0, 0, 0, 0, 0, 1, 1, 0, 0, 1, 1, 1, 1, 1])
Fitness:  39988.77590552002
Gens:  [0, 1, 2, 3, 4, 5, 6, 7, 8, 9, 10, 11, 12, 13, 14, 15, 16]
Inds:  [40626.925605429584, 40453.323621910145, 40430.102156210356, 40370.19368454367, 40370.19368454367, 40365.70664813, 40311.44610010832, 40311.44610010832, 40146.49431273489, 40146.49431273489, 40146.49431273489, 40085.539900818825, 40085.539900818825, 40085.539900818825, 40085.539900818825, 40085.539900818825, 39988.77590552002]

