BRKGA: han150_sep

Execução 1:
Parametros: P=5000, Pe=0.3, Pm=0.1, pe=0.7, Parada=100
Tempo de Inicio (hh:mm:ss.ms) 2026-04-28 10:51:14.387572
gen	min    	max    	avg    	std    
0  	51139.2	53707.7	52458.3	367.808
2  	51002.4	53421.7	52138.3	364.489
3  	51000.3	53621.7	52076.5	380.746
5  	50896.3	53706.4	51978.3	407.719
8  	50880  	53500.7	51896.6	438.804
9  	50506.5	53437.2	51869.8	439.136
16 	50252.8	53428.2	51758.3	480.179
Tempo de Termino (hh:mm:ss.ms) 2026-04-28 10:56:44.264852
Tempo Total (hh:mm:ss.ms) 0:05:29.877280
Individuo: ([48, 363, 440, 405, 282, 224, 346, 153, 189, 54, 42, 388, 347, 443, 515, 478, 196, 317, 308, 530, 540, 527, 187, 407, 51, 50, 253, 271, 416, 218, 311, 465, 516, 69, 105, 112, 270, 340, 404, 358, 295, 298, 335, 536, 132, 502, 497, 87, 544, 6, 41, 14, 117, 192, 267, 83, 472, 81, 208, 113, 52, 175, 36, 23, 176, 473, 531, 455, 212, 555, 534, 122, 207, 283, 359, 243, 331, 57, 244, 487, 475, 237, 464, 422, 100, 4, 151, 139, 265, 450, 507, 13, 11, 232, 209, 144, 168, 558, 194, 428, 556, 246, 356, 460, 563, 329, 444, 30, 172, 146, 499, 339, 165, 90, 338, 306, 374, 127, 470, 236, 411, 12, 141, 245, 27, 562, 344, 541, 222, 330, 501, 242, 59, 316, 284, 399, 166, 557, 263, 252, 26, 483, 437, 345, 370, 323, 76, 287, 513, 19, 545, 418, 468, 432, 393, 375, 519, 477, 293, 391, 92, 264, 268, 80, 183, 134, 126, 15, 201, 383, 511, 521, 401, 517, 461, 241, 98, 342, 184, 88, 533, 136, 73, 322, 326, 213, 526, 67, 5, 454, 565, 79, 28, 350, 307, 203, 384, 200, 304, 481, 343, 266, 542, 158, 17, 65, 463, 118, 553, 566, 522, 568, 538, 400, 337, 535, 148, 348, 493, 300, 29, 171, 25, 138, 43, 131, 56, 539, 492, 449, 302, 86, 225, 387, 89, 145, 107, 84, 365, 318, 324, 397, 261, 159, 354, 133, 231, 482, 288, 250, 214, 40, 320, 423, 279, 490, 211, 120, 240, 474, 528, 409, 496, 110, 559, 325, 276, 199, 259, 39, 249, 123, 24, 68, 149, 257, 228, 289, 471, 489, 569, 115, 524, 451, 508, 274, 34, 58, 426, 94, 445, 372, 505, 480, 37, 281, 102, 164, 314, 233, 369, 415, 436, 291, 204, 82, 438, 458, 523, 394, 21, 173, 548, 498, 485, 198, 119, 221, 377, 162, 312, 215, 367, 174, 137, 328, 178, 128, 38, 103, 60, 260, 532, 305, 277, 272, 479, 22, 147, 427, 550, 319, 357, 125, 420, 504, 366, 486, 157, 163, 269, 349, 439, 379, 143, 169, 93, 435, 352, 135, 74, 229, 227, 466, 206, 0, 45, 49, 414, 509, 361, 170, 280, 303, 129, 457, 286, 421, 78, 8, 385, 491, 484, 503, 386, 395, 294, 299, 230, 382, 398, 376, 9, 111, 362, 197, 514, 238, 190, 425, 64, 95, 402, 109, 310, 85, 195, 121, 154, 430, 373, 453, 390, 396, 552, 476, 467, 262, 442, 529, 452, 368, 210, 378, 429, 355, 333, 371, 380, 447, 177, 185, 124, 1, 223, 130, 234, 448, 296, 16, 239, 273, 275, 462, 456, 410, 20, 216, 150, 297, 161, 258, 35, 321, 188, 351, 469, 254, 217, 62, 389, 364, 71, 412, 309, 255, 108, 97, 546, 334, 506, 191, 406, 182, 32, 500, 290, 327, 251, 446, 313, 114, 44, 63, 193, 434, 417, 219, 226, 167, 205, 285, 292, 403, 360, 525, 554, 459, 560, 392, 494, 235, 202, 220, 248, 140, 180, 181, 77, 2, 55, 142, 10, 512, 495, 537, 7, 549, 106, 104, 47, 419, 18, 408, 561, 431, 155, 116, 186, 433, 413, 520, 567, 543, 99, 315, 353, 66, 33, 156, 96, 152, 247, 278, 488, 551, 341, 31, 61, 301, 564, 101, 46, 424, 53, 518, 70, 441, 256, 510, 332, 160, 72, 91, 75, 179, 336, 547, 381, 3], [0, 0, 1, 1, 0, 1, 1, 0, 0, 0, 1, 0, 0, 1, 0, 0, 1, 1, 1, 0, 1, 0, 1, 1, 0, 0, 1, 0, 0, 1, 1, 1, 0, 1, 1, 0, 0, 1, 1, 1, 1, 0, 1, 1, 0, 1, 1, 1, 1, 1, 0, 0, 0, 1, 1, 0, 0, 0, 1, 1, 0, 0, 1, 0, 1, 1, 0, 1, 0, 0, 1, 1, 1, 1, 0, 0, 0, 1, 1, 0, 0, 1, 1, 0, 1, 0, 0, 0, 1, 1, 0, 1, 0, 1, 1, 0, 0, 1, 0, 0, 0, 0, 0, 0, 0, 1, 1, 1, 1, 0, 1, 1, 1, 1, 0, 1, 0, 0, 0, 0, 1, 1, 1, 1, 0, 1, 1, 0, 0, 1, 0, 1, 1, 1, 1, 0, 1, 0, 0, 0, 0, 0, 1, 0, 1, 0, 0, 1, 0, 1, 0, 0, 1, 1, 1, 0, 0, 0, 1, 0, 0, 1, 0, 1, 1, 1, 1, 1, 0, 1, 1, 1, 1, 0, 0, 1, 1, 1, 1, 0, 0, 0, 1, 1, 1, 1, 1, 1, 0, 0, 0, 0, 1, 0, 1, 0, 1, 1, 0, 0, 0, 1, 1, 0, 1, 0, 0, 0, 0, 0, 0, 1, 1, 1, 1, 1, 0, 1, 0, 0, 1, 1, 1, 1, 1, 0, 1, 0, 0, 1, 0, 1, 0, 0, 1, 0, 1, 1, 1, 0, 0, 0, 0, 1, 0, 0, 0, 1, 1, 1, 0, 1, 0, 1, 1, 1, 0, 0, 1, 1, 1, 0, 1, 1, 1, 1, 0, 1, 1, 0, 1, 0, 1, 1, 0, 1, 1, 0, 1, 0, 1, 1, 1, 1, 0, 0, 1, 0, 0, 1, 1, 1, 0, 0, 0, 1, 1, 1, 0, 0, 1, 1, 1, 1, 0, 1, 1, 0, 0, 1, 1, 0, 1, 0, 1, 0, 1, 1, 0, 0, 1, 0, 1, 0, 0, 1, 0, 0, 0, 1, 1, 0, 1, 0, 0, 1, 0, 1, 1, 1, 0, 1, 1, 1, 0, 0, 0, 1, 1, 1, 0, 0, 0, 0, 0, 1, 1, 0, 1, 0, 0, 0, 0, 0, 1, 1, 1, 1, 0, 1, 0, 0, 1, 0, 0, 0, 1, 0, 1, 0, 0, 0, 0, 1, 0, 1, 1, 1, 0, 0, 1, 1, 0, 0, 0, 0, 0, 0, 0, 1, 0, 1, 0, 1, 0, 1, 0, 1, 0, 0, 1, 1, 0, 0, 0, 0, 1, 1, 1, 0, 1, 1, 0, 1, 1, 0, 0, 0, 0, 0, 1, 1, 0, 0, 0, 1, 1, 0, 1, 1, 1, 1, 0, 1, 0, 0, 0, 0, 1, 1, 0, 0, 0, 1, 1, 0, 1, 0, 1, 0, 0, 1, 0, 0, 1, 0, 0, 1, 1, 0, 0, 0, 1, 0, 1, 1, 1, 1, 1, 0, 1, 0, 1, 1, 0, 1, 0, 0, 1, 1, 0, 0, 0, 0, 0, 0, 0, 1, 1, 0, 0, 0, 1, 0, 1, 0, 1, 0, 0, 0, 0, 1, 0, 1, 0, 1, 1, 1, 0, 0, 1, 1, 0, 0, 1, 0, 0, 1, 0, 0, 0, 1, 0, 1, 1, 1, 1, 0, 1, 0, 0, 0, 0, 0, 1, 1, 1, 1, 1, 0, 1, 1, 1, 0, 0, 0, 0, 1, 1, 0, 1, 1, 1, 0, 0, 0, 0, 0, 0, 0])
Fitness:  50252.84250000003
Gens:  [0, 1, 2, 3, 4, 5, 6, 7, 8, 9, 10, 11, 12, 13, 14, 15, 16, 17, 18]
Inds:  [51139.177500000056, 51139.177500000056, 51002.36999999991, 51000.29500000004, 51000.29500000004, 50896.30500000005, 50896.30500000005, 50896.30500000005, 50880.00000000004, 50506.537499999955, 50506.537499999955, 50506.537499999955, 50506.537499999955, 50506.537499999955, 50506.537499999955, 50506.537499999955, 50252.84250000003, 50252.84250000003, 50252.84250000003]

