BRKGA: han100_mod_pack

Execução 1:
Parametros: P=5000, Pe=0.3, Pm=0.1, pe=0.7, Parada=100
Tempo de Inicio (hh:mm:ss.ms) 2026-04-28 10:51:14.350891
gen	min    	max    	avg    	std    
0  	34731.5	36722.2	35741.1	255.341
1  	34730.7	36619.4	35585.6	240.688
3  	34725.8	36532.7	35467.1	265.254
4  	34516.4	36675.4	35426.1	278.744
10 	34478.3	36522.5	35318.8	321.888
15 	34474.6	36516.9	35254.2	334.934
17 	34393.6	36507.8	35239.7	346.706
18 	34374.5	36689.7	35226.3	345.773
Tempo de Termino (hh:mm:ss.ms) 2026-04-28 10:56:49.581813
Tempo Total (hh:mm:ss.ms) 0:05:35.230922
Individuo: ([171, 85, 238, 230, 428, 459, 530, 507, 241, 139, 107, 259, 43, 389, 475, 373, 33, 371, 45, 452, 548, 384, 118, 117, 382, 308, 41, 419, 228, 266, 380, 549, 414, 122, 247, 395, 456, 403, 427, 78, 123, 177, 264, 209, 532, 220, 224, 329, 422, 51, 353, 368, 71, 120, 219, 270, 287, 14, 286, 217, 19, 126, 128, 2, 61, 119, 424, 383, 193, 89, 541, 46, 497, 150, 80, 448, 76, 56, 147, 152, 293, 168, 99, 511, 297, 235, 423, 156, 7, 1, 515, 490, 343, 402, 160, 143, 12, 433, 138, 114, 188, 27, 137, 396, 101, 32, 37, 148, 140, 142, 199, 184, 132, 23, 103, 504, 445, 65, 292, 226, 369, 257, 451, 416, 10, 317, 432, 501, 393, 53, 512, 442, 265, 554, 434, 474, 283, 269, 298, 418, 553, 321, 95, 191, 186, 334, 167, 523, 484, 338, 457, 398, 97, 473, 274, 144, 115, 525, 354, 492, 62, 162, 24, 281, 496, 240, 514, 234, 467, 470, 356, 29, 250, 545, 185, 500, 544, 192, 82, 60, 178, 136, 4, 108, 131, 210, 181, 38, 187, 54, 208, 374, 223, 304, 542, 326, 91, 79, 13, 153, 66, 113, 189, 466, 510, 487, 59, 302, 49, 16, 225, 190, 151, 411, 546, 478, 111, 5, 180, 386, 502, 363, 359, 328, 312, 246, 17, 410, 450, 174, 244, 3, 237, 6, 406, 112, 243, 409, 339, 73, 348, 232, 420, 26, 252, 379, 364, 341, 336, 486, 141, 284, 405, 458, 534, 183, 96, 460, 526, 158, 291, 268, 362, 547, 539, 74, 30, 36, 333, 431, 215, 524, 388, 476, 305, 347, 9, 311, 289, 517, 110, 159, 463, 483, 44, 105, 200, 39, 295, 480, 407, 276, 493, 84, 176, 352, 367, 540, 377, 465, 267, 360, 263, 254, 92, 327, 212, 88, 70, 227, 249, 214, 391, 239, 528, 165, 83, 306, 495, 387, 520, 408, 551, 357, 81, 330, 320, 533, 531, 355, 508, 397, 68, 67, 102, 444, 519, 471, 222, 77, 314, 260, 494, 196, 31, 278, 529, 435, 390, 279, 446, 404, 194, 75, 35, 375, 429, 166, 157, 461, 358, 55, 455, 513, 342, 28, 401, 537, 149, 417, 503, 213, 335, 40, 15, 134, 100, 472, 164, 392, 282, 399, 299, 294, 47, 175, 204, 205, 516, 518, 324, 145, 322, 90, 296, 50, 58, 98, 109, 18, 8, 229, 430, 527, 481, 454, 197, 87, 207, 310, 436, 288, 449, 169, 340, 216, 133, 477, 245, 346, 370, 25, 469, 489, 48, 316, 538, 464, 106, 206, 344, 437, 482, 372, 242, 179, 443, 394, 253, 21, 104, 182, 345, 479, 462, 438, 64, 412, 381, 505, 201, 195, 172, 349, 366, 271, 307, 556, 332, 425, 116, 121, 124, 303, 331, 163, 256, 447, 203, 22, 318, 231, 258, 202, 11, 555, 72, 453, 376, 285, 522, 521, 440, 255, 543, 378, 550, 0, 262, 441, 385, 319, 154, 86, 300, 337, 211, 34, 315, 468, 20, 69, 63, 272, 415, 261, 57, 127, 42, 135, 400, 94, 506, 488, 325, 125, 290, 93, 313, 198, 218, 361, 155, 161, 233, 485, 280, 275, 146, 535, 365, 309, 439, 350, 52, 273, 129, 248, 251, 236, 498, 421, 323, 277, 173, 351, 491, 413, 552, 509, 426, 170, 221, 130, 301, 499, 536], [0, 1, 0, 0, 1, 0, 1, 1, 0, 0, 1, 0, 1, 1, 1, 0, 0, 0, 1, 1, 0, 1, 1, 0, 1, 1, 0, 1, 1, 1, 0, 1, 0, 1, 1, 0, 0, 0, 1, 0, 1, 0, 0, 0, 0, 1, 1, 1, 1, 1, 0, 1, 1, 1, 1, 1, 0, 1, 0, 1, 1, 0, 1, 0, 0, 0, 0, 1, 1, 1, 0, 0, 0, 0, 0, 1, 1, 1, 1, 1, 0, 1, 0, 1, 1, 1, 0, 1, 1, 0, 0, 1, 1, 0, 1, 1, 0, 1, 1, 0, 0, 0, 1, 1, 1, 1, 0, 0, 1, 0, 1, 0, 1, 1, 0, 1, 1, 0, 0, 0, 0, 0, 0, 0, 0, 1, 1, 0, 1, 1, 0, 0, 1, 1, 0, 0, 0, 1, 0, 0, 0, 1, 1, 0, 1, 0, 0, 1, 1, 0, 1, 1, 1, 0, 0, 1, 0, 1, 1, 1, 1, 0, 0, 1, 1, 1, 0, 1, 1, 0, 1, 0, 0, 1, 1, 0, 0, 1, 1, 0, 1, 0, 0, 0, 0, 0, 1, 0, 1, 0, 0, 1, 1, 0, 1, 1, 1, 1, 0, 0, 0, 0, 1, 1, 0, 1, 1, 0, 1, 0, 1, 1, 0, 0, 0, 1, 0, 1, 1, 1, 0, 1, 1, 1, 0, 0, 1, 1, 0, 0, 0, 1, 0, 0, 1, 1, 0, 1, 1, 1, 0, 0, 0, 1, 1, 0, 0, 1, 0, 1, 1, 1, 1, 0, 1, 1, 0, 1, 1, 0, 1, 0, 0, 0, 1, 1, 0, 1, 0, 1, 1, 0, 1, 1, 1, 0, 0, 1, 0, 0, 1, 0, 0, 0, 1, 0, 1, 0, 0, 0, 1, 1, 1, 1, 0, 1, 1, 0, 0, 0, 1, 0, 1, 1, 1, 0, 0, 1, 0, 0, 1, 1, 1, 0, 1, 1, 0, 1, 1, 1, 0, 0, 1, 0, 1, 1, 1, 0, 0, 0, 1, 1, 1, 0, 0, 1, 1, 0, 0, 1, 1, 1, 1, 1, 0, 1, 0, 1, 0, 0, 1, 0, 1, 0, 1, 0, 0, 0, 0, 1, 0, 1, 0, 1, 0, 0, 0, 1, 0, 0, 0, 1, 0, 1, 1, 1, 1, 0, 1, 0, 1, 1, 0, 0, 1, 0, 1, 0, 1, 1, 0, 1, 1, 0, 1, 0, 0, 0, 1, 0, 1, 1, 1, 0, 0, 0, 1, 1, 1, 0, 1, 0, 0, 1, 0, 0, 1, 0, 0, 0, 0, 1, 1, 1, 0, 0, 1, 1, 0, 0, 1, 0, 0, 1, 0, 0, 1, 1, 1, 1, 1, 0, 1, 0, 1, 1, 1, 0, 1, 0, 0, 0, 1, 0, 1, 0, 1, 1, 1, 0, 0, 1, 0, 1, 1, 1, 1, 1, 1, 1, 0, 0, 1, 0, 0, 0, 0, 0, 0, 1, 1, 0, 0, 0, 0, 1, 0, 0, 1, 0, 1, 1, 1, 1, 0, 0, 1, 0, 1, 1, 0, 1, 1, 1, 1, 0, 0, 1, 1, 0, 0, 1, 0, 1, 1, 1, 1, 0, 0, 0, 1, 0, 1, 0, 1, 1, 1, 1, 1, 0, 0, 1, 1, 1, 1, 0, 0, 0, 1, 1, 1, 0, 0, 0, 0, 1, 0, 0, 1, 0, 0, 1, 1, 0, 1, 1, 0])
Fitness:  34374.47942092129
Gens:  [0, 1, 2, 3, 4, 5, 6, 7, 8, 9, 10, 11, 12, 13, 14, 15, 16, 17, 18, 19]
Inds:  [34731.51045363175, 34730.65499979333, 34730.65499979333, 34725.836193897274, 34516.43359879115, 34516.43359879115, 34516.43359879115, 34516.43359879115, 34516.43359879115, 34516.43359879115, 34478.32244693871, 34478.32244693871, 34478.32244693871, 34478.32244693871, 34478.32244693871, 34474.620027588935, 34474.620027588935, 34393.623770819904, 34374.47942092129, 34374.47942092129]

