BRKGA: han80_pack

Execução 1:
Parametros: P=5000, Pe=0.3, Pm=0.1, pe=0.7, Parada=100
Tempo de Inicio (hh:mm:ss.ms) 2026-04-28 10:51:14.380819
gen	min    	max    	avg    	std    
0  	21738.4	22725.8	22232.3	126.254
2  	21590.9	22571.4	22119  	125.435
3  	21570  	22638.3	22093.7	131.813
4  	21545.2	22546.8	22074.2	135.285
22 	21534.6	22596.9	21965.1	176.237
27 	21529.6	22580.3	21949.4	180.866
30 	21480.9	22656  	21943.4	182.533
Tempo de Termino (hh:mm:ss.ms) 2026-04-28 10:56:23.361601
Tempo Total (hh:mm:ss.ms) 0:05:08.980782
Individuo: ([0, 233, 96, 232, 325, 172, 181, 128, 299, 133, 67, 292, 288, 45, 11, 29, 217, 102, 319, 157, 300, 269, 295, 245, 32, 89, 173, 30, 127, 231, 343, 246, 274, 265, 206, 20, 341, 69, 66, 38, 39, 22, 7, 62, 107, 153, 344, 317, 119, 146, 35, 19, 235, 266, 270, 56, 273, 338, 337, 254, 169, 77, 209, 177, 54, 171, 135, 247, 309, 92, 41, 159, 347, 332, 37, 282, 12, 189, 191, 104, 23, 200, 323, 72, 263, 84, 205, 87, 162, 138, 243, 230, 68, 187, 180, 161, 167, 166, 65, 150, 182, 252, 287, 293, 105, 178, 164, 275, 120, 226, 290, 124, 43, 21, 126, 125, 33, 81, 322, 144, 132, 140, 330, 326, 82, 154, 264, 78, 31, 229, 334, 208, 261, 63, 130, 83, 324, 240, 329, 345, 55, 9, 51, 6, 59, 25, 34, 114, 90, 95, 304, 301, 18, 24, 70, 110, 47, 3, 228, 155, 202, 221, 109, 318, 170, 333, 213, 222, 186, 196, 224, 285, 296, 211, 302, 10, 106, 218, 262, 305, 244, 16, 26, 15, 2, 52, 111, 76, 134, 148, 99, 163, 346, 71, 64, 257, 152, 348, 237, 75, 5, 141, 49, 307, 216, 215, 176, 14, 4, 219, 277, 175, 156, 118, 225, 283, 298, 165, 27, 198, 284, 311, 203, 306, 255, 139, 168, 303, 258, 117, 73, 271, 234, 248, 336, 339, 321, 204, 328, 315, 236, 116, 113, 197, 93, 91, 279, 331, 60, 210, 94, 80, 201, 242, 294, 97, 8, 57, 143, 281, 312, 259, 194, 251, 241, 327, 122, 147, 310, 207, 280, 13, 193, 272, 313, 199, 174, 340, 115, 238, 28, 36, 184, 278, 276, 342, 129, 88, 286, 308, 227, 239, 103, 137, 185, 61, 79, 291, 136, 131, 85, 260, 250, 142, 58, 44, 316, 190, 188, 195, 100, 98, 158, 46, 86, 151, 145, 121, 112, 220, 249, 108, 40, 48, 101, 212, 297, 320, 160, 183, 214, 223, 253, 53, 50, 42, 349, 267, 289, 335, 268, 314, 149, 123, 74, 192, 179, 1, 17, 256], [1, 0, 0, 1, 1, 0, 0, 0, 0, 1, 0, 1, 1, 0, 0, 1, 0, 1, 0, 0, 0, 0, 1, 1, 0, 1, 1, 0, 0, 1, 1, 1, 0, 1, 1, 0, 0, 1, 0, 1, 1, 0, 0, 0, 1, 1, 0, 0, 1, 1, 1, 0, 0, 1, 0, 0, 0, 0, 1, 1, 1, 1, 1, 0, 1, 1, 1, 0, 1, 0, 0, 1, 0, 0, 0, 1, 0, 0, 1, 0, 0, 0, 0, 1, 0, 0, 0, 1, 1, 0, 0, 0, 0, 0, 1, 1, 0, 0, 0, 1, 0, 1, 0, 0, 1, 1, 0, 0, 0, 1, 1, 1, 0, 0, 1, 0, 1, 1, 0, 1, 0, 0, 0, 0, 1, 1, 0, 0, 1, 0, 1, 1, 0, 0, 1, 0, 1, 0, 1, 0, 1, 1, 1, 0, 1, 0, 1, 1, 0, 0, 1, 0, 0, 0, 0, 0, 0, 0, 1, 0, 0, 0, 1, 0, 0, 0, 0, 1, 1, 0, 0, 0, 0, 1, 0, 0, 1, 1, 1, 0, 1, 0, 1, 0, 1, 1, 1, 1, 0, 0, 0, 0, 1, 1, 0, 1, 0, 1, 0, 1, 0, 1, 1, 0, 0, 0, 0, 0, 0, 0, 1, 0, 1, 1, 0, 0, 0, 0, 0, 1, 0, 0, 1, 1, 0, 0, 0, 1, 1, 0, 0, 1, 1, 1, 1, 1, 1, 0, 0, 1, 0, 0, 1, 0, 1, 0, 0, 0, 1, 1, 1, 0, 1, 0, 0, 0, 1, 1, 0, 1, 0, 1, 0, 1, 1, 1, 1, 0, 1, 1, 0, 1, 0, 1, 1, 1, 0, 0, 0, 0, 1, 0, 0, 0, 1, 0, 0, 0, 1, 0, 1, 1, 1, 1, 1, 1, 0, 0, 0, 0, 0, 1, 0, 0, 0, 0, 1, 0, 1, 1, 0, 0, 0, 0, 0, 1, 1, 1, 1, 1, 0, 0, 0, 0, 0, 0, 1, 1, 0, 1, 0, 0, 0, 1, 0, 1, 1, 0, 0, 0, 1, 1, 0, 1, 0, 1, 0, 1, 1, 1])
Fitness:  21480.88500000004
Gens:  [0, 1, 2, 3, 4, 5, 6, 7, 8, 9, 10, 11, 12, 13, 14, 15, 16, 17, 18, 19, 20, 21, 22, 23, 24, 25, 26, 27, 28, 29, 30, 31, 32, 33, 34, 35]
Inds:  [21738.44249999999, 21738.44249999999, 21590.914999999997, 21570.020000000015, 21545.210000000006, 21545.210000000006, 21545.210000000006, 21545.210000000006, 21545.210000000006, 21545.210000000006, 21545.210000000006, 21545.210000000006, 21545.210000000006, 21545.210000000006, 21545.210000000006, 21545.210000000006, 21545.210000000006, 21545.210000000006, 21545.210000000006, 21545.210000000006, 21545.210000000006, 21545.210000000006, 21534.62000000001, 21534.62000000001, 21534.62000000001, 21534.62000000001, 21534.62000000001, 21529.60250000001, 21529.60250000001, 21529.60250000001, 21480.88500000004, 21480.88500000004, 21480.88500000004, 21480.88500000004, 21480.88500000004, 21480.88500000004]

