BRKGA: han_mod_sep

Execução 1:
Parametros: P=5000, Pe=0.3, Pm=0.1, pe=0.7, Parada=100
Tempo de Inicio (hh:mm:ss.ms) 2026-04-28 10:56:37.931204
gen	min   	max    	avg    	std     
0  	94.877	101.878	98.1459	0.937489
1  	94.7428	101.329	97.562 	0.866886
2  	94.6971	101.156	97.2955	0.927558
3  	94.2855	101.181	97.118 	0.98275 
4  	94.1673	100.878	96.9867	1.01891 
6  	93.2682	101.221	96.7902	1.08838 
12 	92.8038	100.723	96.4049	1.23738 
35 	92.3274	100.664	95.7217	1.42822 
51 	92.1775	100.657	95.453 	1.51238 
61 	92.1422	100.963	95.2269	1.55077 
63 	91.1601	101.014	95.1943	1.57387 
77 	91.1568	100.712	94.718 	1.65174 
82 	91.1188	100.607	94.4143	1.66885 
86 	90.8398	100.661	94.0768	1.72532 
87 	90.2526	100.807	93.9798	1.74469 
91 	89.8753	100.788	93.5329	1.84072 
93 	89.8438	101.249	93.2349	1.8949  
95 	89.521 	101.066	92.9382	1.94974 
96 	89.3053	101.022	92.7615	2.00038 
98 	89.2233	101.111	92.4158	2.09875 
99 	89.035 	100.489	92.2476	2.12315 
100	88.2819	100.54 	92.0703	2.19185 
104	88.0294	100.773	91.3544	2.40294 
106	87.8843	100.986	90.9624	2.51323 
107	87.6291	100.607	90.7831	2.57157 
109	87.4368	101.043	90.3942	2.68577 
110	86.6549	101.212	90.2166	2.74729 
114	86.6244	101.172	89.4946	2.92808 
115	86.185 	100.766	89.337 	3.02855 
116	86.0636	102.157	89.1542	3.07034 
118	86.0245	100.888	88.8044	3.20862 
119	85.7351	100.823	88.6255	3.23938 
120	85.6812	100.789	88.4515	3.29529 
121	85.3647	101.434	88.2948	3.35373 
122	85.2297	101.029	88.1152	3.39182 
Tempo de Termino (hh:mm:ss.ms) 2026-04-28 11:01:43.273231
Tempo Total (hh:mm:ss.ms) 0:05:05.342027
Individuo: ([0, 48, 177, 146, 196, 201, 205, 169, 161, 193, 157, 159, 138, 181, 156, 154, 147, 143, 198, 186, 199, 137, 33, 64, 69, 27, 31, 20, 15, 17, 24, 114, 66, 174, 81, 151, 187, 89, 74, 118, 125, 136, 163, 148, 149, 133, 121, 40, 37, 124, 80, 72, 94, 67, 170, 176, 165, 141, 168, 131, 135, 99, 92, 29, 35, 39, 111, 116, 68, 32, 134, 115, 158, 192, 166, 173, 203, 191, 164, 160, 109, 96, 106, 90, 78, 71, 119, 104, 172, 87, 73, 44, 140, 51, 83, 49, 54, 63, 56, 171, 22, 103, 108, 97, 130, 155, 179, 145, 152, 195, 184, 178, 185, 182, 153, 113, 85, 120, 50, 93, 7, 8, 88, 62, 112, 167, 162, 129, 98, 122, 76, 126, 123, 189, 150, 144, 77, 84, 117, 43, 102, 75, 105, 21, 128, 175, 41, 59, 53, 28, 57, 19, 11, 13, 18, 34, 110, 202, 132, 139, 91, 194, 204, 190, 183, 180, 200, 197, 188, 86, 82, 61, 45, 107, 100, 95, 101, 127, 30, 26, 38, 36, 1, 16, 58, 70, 60, 65, 142, 79, 55, 9, 25, 2, 46, 52, 14, 6, 23, 5, 3, 4, 12, 10, 47, 42], [1, 1, 1, 1, 0, 1, 0, 1, 0, 1, 1, 1, 1, 1, 1, 0, 1, 1, 1, 1, 0, 0, 1, 1, 0, 0, 0, 0, 1, 0, 0, 0, 0, 0, 1, 1, 0, 1, 1, 0, 1, 1, 1, 1, 0, 0, 1, 0, 0, 1, 1, 0, 1, 1, 0, 1, 1, 1, 1, 1, 0, 1, 1, 1, 1, 1, 0, 0, 1, 0, 1, 0, 0, 0, 0, 1, 0, 0, 0, 1, 0, 1, 0, 1, 1, 0, 1, 1, 1, 1, 0, 1, 1, 0, 0, 1, 1, 0, 0, 0, 1, 0, 0, 0, 0, 1, 1, 1, 1, 1, 1, 0, 1, 1, 1, 0, 1, 0, 1, 1, 0, 0, 1, 1, 1, 0, 0, 0, 0, 0, 0, 0, 0, 0, 1, 0, 0, 0, 1, 0, 0, 0, 1, 1, 1, 1, 0, 0, 0, 0, 0, 1, 0, 0, 1, 0, 0, 0, 0, 1, 1, 1, 0, 1, 0, 1, 1, 0, 0, 0, 0, 0, 0, 1, 1, 0, 1, 1, 0, 1, 1, 1, 1, 1, 0, 0, 1, 1, 1, 1, 1, 1, 0, 1, 1, 0, 0, 0, 0, 1, 0, 0, 1, 1, 0, 1])
Fitness:  85.22974303003676
Gens:  [0, 1, 2, 3, 4, 5, 6, 7, 8, 9, 10, 11, 12, 13, 14, 15, 16, 17, 18, 19, 20, 21, 22, 23, 24, 25, 26, 27, 28, 29, 30, 31, 32, 33, 34, 35, 36, 37, 38, 39, 40, 41, 42, 43, 44, 45, 46, 47, 48, 49, 50, 51, 52, 53, 54, 55, 56, 57, 58, 59, 60, 61, 62, 63, 64, 65, 66, 67, 68, 69, 70, 71, 72, 73, 74, 75, 76, 77, 78, 79, 80, 81, 82, 83, 84, 85, 86, 87, 88, 89, 90, 91, 92, 93, 94, 95, 96, 97, 98, 99, 100, 101, 102, 103, 104, 105, 106, 107, 108, 109, 110, 111, 112, 113, 114, 115, 116, 117, 118, 119, 120, 121, 122]
Inds:  [94.87695998366401, 94.74277627262889, 94.69708907592972, 94.2855314249241, 94.16728923909814, 94.16728923909814, 93.26815969564448, 93.26815969564448, 93.26815969564448, 93.26815969564448, 93.26815969564448, 93.26815969564448, 92.8037722227137, 92.8037722227137, 92.8037722227137, 92.8037722227137, 92.8037722227137, 92.8037722227137, 92.8037722227137, 92.8037722227137, 92.8037722227137, 92.8037722227137, 92.8037722227137, 92.8037722227137, 92.8037722227137, 92.8037722227137, 92.8037722227137, 92.8037722227137, 92.8037722227137, 92.8037722227137, 92.8037722227137, 92.8037722227137, 92.8037722227137, 92.8037722227137, 92.8037722227137, 92.32742059734358, 92.32742059734358, 92.32742059734358, 92.32742059734358, 92.32742059734358, 92.32742059734358, 92.32742059734358, 92.32742059734358, 92.32742059734358, 92.32742059734358, 92.32742059734358, 92.32742059734358, 92.32742059734358, 92.32742059734358, 92.32742059734358, 92.32742059734358, 92.17745077169903, 92.17745077169903, 92.17745077169903, 92.17745077169903, 92.17745077169903, 92.17745077169903, 92.17745077169903, 92.17745077169903, 92.17745077169903, 92.17745077169903, 92.14224238894651, 92.14224238894651, 91.1600614899024, 91.1600614899024, 91.1600614899024, 91.1600614899024, 91.1600614899024, 91.1600614899024, 91.1600614899024, 91.1600614899024, 91.1600614899024, 91.1600614899024, 91.1600614899024, 91.1600614899024, 91.1600614899024, 91.1600614899024, 91.15676729449956, 91.15676729449956, 91.15676729449956, 91.15676729449956, 91.15676729449956, 91.11884055616473, 91.11884055616473, 91.11884055616473, 91.11884055616473, 90.83978124166399, 90.25263711521845, 90.25263711521845, 90.25263711521845, 90.25263711521845, 89.87533634250623, 89.87533634250623, 89.84381211412757, 89.84381211412757, 89.52099918409586, 89.30531129676409, 89.30531129676409, 89.22329245252014, 89.03497483036415, 88.28192023233358, 88.28192023233358, 88.28192023233358, 88.28192023233358, 88.02938498002746, 88.02938498002746, 87.88429796085002, 87.62909759521783, 87.62909759521783, 87.43676750522087, 86.65487417217034, 86.65487417217034, 86.65487417217034, 86.65487417217034, 86.62437632352263, 86.1849830409923, 86.06358500088103, 86.06358500088103, 86.02451264266182, 85.73505062018415, 85.68122493276194, 85.36465443833761, 85.22974303003676]

