BRKGA: jakobs2_sep

Execução 1:
Parametros: P=5000, Pe=0.3, Pm=0.1, pe=0.7, Parada=100
Tempo de Inicio (hh:mm:ss.ms) 2026-04-28 12:08:09.364239
gen	min   	max  	avg    	std     
0  	56.045	58.98	57.5812	0.382498
4  	55.8  	58.7925	57.1001	0.426571
8  	55.775	58.6525	56.9656	0.47134 
9  	55.635	58.6625	56.9308	0.479452
13 	55.4675	58.655 	56.8301	0.508112
15 	55.3725	58.6425	56.7898	0.517583
22 	55.1625	59.115 	56.6678	0.556633
34 	55.0025	58.95  	56.4748	0.595259
43 	54.985 	59.0675	56.2977	0.623197
49 	54.965 	58.775 	56.1669	0.643571
50 	54.6975	58.595 	56.1553	0.655462
55 	54.66  	58.9725	56.0056	0.685281
59 	54.5175	58.8175	55.8598	0.71149 
62 	54.2975	58.5925	55.717 	0.738087
65 	54.18  	58.6425	55.5551	0.768544
68 	53.9425	58.8325	55.3789	0.825749
72 	53.775 	58.6725	55.1032	0.884537
74 	53.7725	58.8225	54.9816	0.930475
75 	53.655 	58.855 	54.9099	0.940225
77 	53.5275	58.6375	54.7871	0.982799
79 	53.4225	58.6775	54.6532	1.02518 
81 	53.2625	58.7025	54.5197	1.06767 
85 	53.095 	58.695 	54.2781	1.14029 
87 	52.9725	58.8725	54.1533	1.17789 
88 	52.9225	58.77  	54.0916	1.1921  
89 	52.8425	58.665 	54.0359	1.21683 
90 	52.6525	58.5175	53.9723	1.2234  
91 	52.5975	58.78  	53.9126	1.24816 
92 	52.5725	58.8775	53.8521	1.27939 
94 	52.55  	58.545 	53.718 	1.3173  
95 	52.4075	58.825 	53.6588	1.33568 
98 	52.32  	58.615 	53.4745	1.39043 
99 	52.2025	59.06  	53.4171	1.41172 
100	52.14  	58.72  	53.3606	1.4282  
102	52.0875	58.66  	53.2486	1.45635 
104	52.0675	58.5625	53.1387	1.49179 
105	51.92  	58.6775	53.0876	1.5206  
106	51.85  	58.565 	53.0307	1.53176 
107	51.8   	58.5975	52.9733	1.54764 
109	51.725 	58.8525	52.8737	1.59011 
110	51.7075	58.6925	52.818 	1.58944 
111	51.61  	58.475 	52.773 	1.62264 
112	51.4925	58.9075	52.7217	1.63113 
113	51.4725	58.765 	52.6792	1.64031 
Tempo de Termino (hh:mm:ss.ms) 2026-04-28 12:13:14.297698
Tempo Total (hh:mm:ss.ms) 0:05:04.933459
Individuo: ([0, 8, 1, 6, 27, 25, 21, 20, 38, 37, 54, 90, 115, 92, 82, 70, 49, 89, 117, 61, 56, 81, 88, 118, 119, 105, 103, 102, 100, 69, 76, 78, 43, 72, 40, 33, 60, 71, 46, 74, 52, 87, 106, 79, 77, 111, 83, 98, 113, 96, 97, 58, 99, 93, 95, 91, 53, 30, 26, 19, 39, 44, 80, 41, 55, 59, 62, 86, 94, 51, 34, 35, 31, 18, 17, 16, 15, 32, 28, 47, 36, 64, 63, 57, 116, 132, 108, 133, 139, 137, 124, 134, 135, 114, 84, 110, 125, 127, 126, 130, 136, 128, 129, 138, 123, 120, 122, 121, 104, 42, 75, 67, 45, 48, 66, 101, 73, 109, 107, 131, 112, 68, 50, 85, 65, 29, 23, 24, 5, 13, 22, 11, 2, 3, 10, 9, 7, 14, 12, 4], [0, 0, 1, 0, 0, 1, 0, 1, 0, 0, 0, 0, 1, 0, 0, 0, 1, 0, 0, 0, 1, 0, 0, 1, 1, 1, 1, 0, 1, 1, 0, 1, 0, 1, 1, 1, 0, 1, 0, 0, 0, 1, 1, 0, 0, 0, 1, 0, 0, 1, 0, 0, 0, 0, 0, 0, 1, 1, 1, 0, 1, 1, 1, 1, 0, 1, 0, 0, 1, 1, 1, 0, 1, 0, 0, 0, 1, 0, 0, 1, 1, 1, 0, 0, 0, 0, 1, 0, 1, 1, 1, 0, 0, 0, 1, 1, 0, 0, 0, 0, 0, 1, 0, 0, 1, 0, 0, 1, 0, 1, 0, 1, 0, 0, 0, 1, 0, 0, 1, 0, 1, 1, 1, 0, 0, 1, 0, 0, 0, 0, 1, 0, 1, 1, 0, 0, 0, 1, 1, 1])
Fitness:  51.47250000000003
Gens:  [0, 1, 2, 3, 4, 5, 6, 7, 8, 9, 10, 11, 12, 13, 14, 15, 16, 17, 18, 19, 20, 21, 22, 23, 24, 25, 26, 27, 28, 29, 30, 31, 32, 33, 34, 35, 36, 37, 38, 39, 40, 41, 42, 43, 44, 45, 46, 47, 48, 49, 50, 51, 52, 53, 54, 55, 56, 57, 58, 59, 60, 61, 62, 63, 64, 65, 66, 67, 68, 69, 70, 71, 72, 73, 74, 75, 76, 77, 78, 79, 80, 81, 82, 83, 84, 85, 86, 87, 88, 89, 90, 91, 92, 93, 94, 95, 96, 97, 98, 99, 100, 101, 102, 103, 104, 105, 106, 107, 108, 109, 110, 111, 112, 113, 114, 115]
Inds:  [56.044999999999995, 56.044999999999995, 56.044999999999995, 56.044999999999995, 55.800000000000004, 55.800000000000004, 55.800000000000004, 55.800000000000004, 55.775, 55.63500000000002, 55.63500000000002, 55.63500000000002, 55.63500000000002, 55.46750000000002, 55.46750000000002, 55.372500000000024, 55.372500000000024, 55.372500000000024, 55.372500000000024, 55.372500000000024, 55.372500000000024, 55.372500000000024, 55.162500000000016, 55.162500000000016, 55.162500000000016, 55.162500000000016, 55.162500000000016, 55.162500000000016, 55.162500000000016, 55.162500000000016, 55.162500000000016, 55.162500000000016, 55.162500000000016, 55.162500000000016, 55.00249999999998, 55.00249999999998, 55.00249999999998, 55.00249999999998, 55.00249999999998, 55.00249999999998, 55.00249999999998, 55.00249999999998, 55.00249999999998, 54.98499999999999, 54.98499999999999, 54.98499999999999, 54.98499999999999, 54.98499999999999, 54.98499999999999, 54.965, 54.69749999999999, 54.69749999999999, 54.69749999999999, 54.69749999999999, 54.69749999999999, 54.65999999999999, 54.65999999999999, 54.65999999999999, 54.65999999999999, 54.51749999999999, 54.51749999999999, 54.51749999999999, 54.29749999999999, 54.29749999999999, 54.29749999999999, 54.180000000000014, 54.180000000000014, 54.180000000000014, 53.94249999999998, 53.94249999999998, 53.94249999999998, 53.94249999999998, 53.775, 53.775, 53.7725, 53.65500000000001, 53.65500000000001, 53.52750000000001, 53.52750000000001, 53.422500000000014, 53.422500000000014, 53.262499999999996, 53.262499999999996, 53.262499999999996, 53.262499999999996, 53.095000000000006, 53.095000000000006, 52.972500000000004, 52.92250000000003, 52.84250000000003, 52.6525, 52.59749999999999, 52.57250000000002, 52.57250000000002, 52.55000000000005, 52.40750000000001, 52.40750000000001, 52.40750000000001, 52.32, 52.202500000000015, 52.13999999999999, 52.13999999999999, 52.08750000000002, 52.08750000000002, 52.06750000000002, 51.92000000000003, 51.850000000000016, 51.80000000000001, 51.80000000000001, 51.725000000000016, 51.70750000000001, 51.61000000000002, 51.49249999999999, 51.47250000000003, 51.47250000000003, 51.47250000000003]

