BRKGA: jakobs1_pack

Execução 1:
Parametros: P=5000, Pe=0.3, Pm=0.1, pe=0.7, Parada=100
Tempo de Inicio (hh:mm:ss.ms) 2026-04-28 12:05:16.030030
gen	min  	max    	avg    	std     
0  	29.97	31.4675	30.7106	0.201601
2  	29.915	31.27  	30.5299	0.196473
3  	29.855	31.2975	30.5001	0.213507
4  	29.775	31.385 	30.464 	0.219901
6  	29.675	31.31  	30.4273	0.234964
14 	29.5975	31.285 	30.3262	0.268628
22 	29.585 	31.1925	30.2641	0.285832
30 	29.5475	31.345 	30.2235	0.300138
33 	29.495 	31.41  	30.2086	0.306006
34 	29.49  	31.195 	30.2025	0.304653
51 	29.4725	31.315 	30.1256	0.330068
52 	29.41  	31.2075	30.1203	0.328877
54 	29.21  	31.395 	30.1092	0.327532
70 	29.13  	31.39  	29.9577	0.351938
74 	29.1175	31.2475	29.8774	0.364376
77 	29.1125	31.2625	29.7957	0.377524
78 	29.04  	31.35  	29.7721	0.384654
79 	29.02  	31.2625	29.7286	0.386665
81 	28.8275	31.2525	29.6572	0.404957
Tempo de Termino (hh:mm:ss.ms) 2026-04-28 12:10:21.232121
Tempo Total (hh:mm:ss.ms) 0:05:05.202091
Individuo: ([60, 18, 20, 28, 84, 24, 53, 34, 35, 9, 1, 56, 97, 169, 180, 158, 103, 138, 101, 132, 106, 86, 149, 59, 26, 123, 85, 92, 174, 147, 166, 122, 118, 151, 161, 96, 105, 133, 102, 72, 95, 76, 130, 52, 74, 98, 91, 82, 58, 29, 27, 19, 7, 70, 120, 93, 71, 21, 79, 11, 13, 63, 30, 64, 54, 114, 121, 152, 116, 67, 48, 4, 16, 50, 124, 139, 172, 104, 31, 44, 39, 155, 181, 137, 69, 25, 167, 65, 157, 15, 62, 40, 23, 57, 51, 0, 47, 125, 134, 153, 135, 126, 141, 142, 173, 90, 171, 113, 150, 177, 162, 163, 170, 178, 156, 148, 159, 33, 88, 75, 164, 89, 128, 73, 94, 143, 176, 140, 136, 144, 146, 154, 145, 107, 110, 83, 119, 117, 80, 45, 43, 100, 111, 179, 108, 61, 160, 68, 8, 17, 81, 37, 6, 12, 66, 38, 46, 41, 78, 99, 127, 129, 49, 22, 87, 36, 14, 77, 165, 131, 109, 168, 115, 112, 175, 32, 10, 55, 2, 42, 3, 5], [1, 0, 0, 0, 1, 0, 1, 1, 1, 1, 0, 1, 0, 1, 0, 1, 0, 1, 1, 0, 1, 0, 0, 0, 0, 1, 1, 1, 1, 1, 1, 1, 1, 1, 1, 1, 1, 1, 1, 0, 0, 0, 0, 1, 1, 1, 1, 0, 1, 0, 0, 0, 0, 0, 0, 1, 0, 1, 0, 0, 1, 0, 0, 0, 0, 1, 0, 0, 0, 1, 0, 0, 1, 1, 1, 0, 1, 0, 1, 0, 0, 1, 0, 1, 1, 1, 0, 0, 0, 0, 1, 0, 1, 1, 1, 1, 0, 0, 1, 0, 1, 1, 0, 1, 0, 1, 1, 0, 1, 1, 1, 0, 1, 1, 0, 1, 0, 1, 0, 1, 0, 1, 1, 0, 1, 0, 0, 0, 0, 0, 0, 0, 0, 1, 1, 0, 1, 1, 1, 0, 1, 1, 0, 0, 1, 1, 1, 0, 0, 1, 0, 0, 1, 1, 1, 1, 0, 1, 0, 0, 0, 1, 1, 0, 0, 0, 1, 0, 1, 0, 1, 1, 1, 0, 1, 0, 0, 1, 0, 1, 0, 1])
Fitness:  28.827499999999997
Gens:  [0, 1, 2, 3, 4, 5, 6, 7, 8, 9, 10, 11, 12, 13, 14, 15, 16, 17, 18, 19, 20, 21, 22, 23, 24, 25, 26, 27, 28, 29, 30, 31, 32, 33, 34, 35, 36, 37, 38, 39, 40, 41, 42, 43, 44, 45, 46, 47, 48, 49, 50, 51, 52, 53, 54, 55, 56, 57, 58, 59, 60, 61, 62, 63, 64, 65, 66, 67, 68, 69, 70, 71, 72, 73, 74, 75, 76, 77, 78, 79, 80, 81, 82, 83]
Inds:  [29.97, 29.97, 29.91499999999999, 29.854999999999997, 29.775000000000016, 29.775000000000016, 29.675000000000015, 29.675000000000015, 29.675000000000015, 29.675000000000015, 29.675000000000015, 29.675000000000015, 29.675000000000015, 29.675000000000015, 29.597500000000036, 29.597500000000036, 29.597500000000036, 29.597500000000036, 29.597500000000036, 29.597500000000036, 29.597500000000036, 29.597500000000036, 29.584999999999997, 29.584999999999997, 29.584999999999997, 29.584999999999997, 29.584999999999997, 29.584999999999997, 29.584999999999997, 29.584999999999997, 29.5475, 29.5475, 29.5475, 29.494999999999997, 29.490000000000006, 29.490000000000006, 29.490000000000006, 29.490000000000006, 29.490000000000006, 29.490000000000006, 29.490000000000006, 29.490000000000006, 29.490000000000006, 29.490000000000006, 29.490000000000006, 29.490000000000006, 29.490000000000006, 29.490000000000006, 29.490000000000006, 29.490000000000006, 29.490000000000006, 29.47249999999999, 29.40999999999999, 29.40999999999999, 29.21, 29.21, 29.21, 29.21, 29.21, 29.21, 29.21, 29.21, 29.21, 29.21, 29.21, 29.21, 29.21, 29.21, 29.21, 29.21, 29.130000000000006, 29.130000000000006, 29.130000000000006, 29.130000000000006, 29.1175, 29.1175, 29.1175, 29.112499999999994, 29.039999999999996, 29.01999999999999, 29.01999999999999, 28.827499999999997, 28.827499999999997, 28.827499999999997]

