BRKGA: jotika40_pack

Execução 1:
Parametros: P=5000, Pe=0.3, Pm=0.1, pe=0.7, Parada=100
Tempo de Inicio (hh:mm:ss.ms) 2026-04-28 12:08:50.653178
gen	min    	max    	avg    	std    
0  	12434.3	12991.9	12723.2	74.9499
1  	12415.4	12962.2	12677.7	70.1104
2  	12411.1	12962.3	12658.1	74.0487
3  	12356.1	12967.5	12644.5	78.3372
4  	12351.5	12951  	12631.9	80.9742
7  	12316.5	12981.7	12609.1	88.3705
22 	12310.5	12973.5	12554.6	107.508
24 	12303.3	12929.8	12548.5	108.217
27 	12281.4	12936.8	12542.2	111.254
28 	12252.3	12971.2	12539.9	111.07 
43 	12243.3	12943.1	12504.6	118.234
48 	12237.2	12957.1	12489.4	121.524
51 	12214  	12963.6	12478.1	122.908
54 	12160.8	12940.6	12461.4	126.336
56 	12157.3	12956.8	12449.9	127.685
57 	12155.7	12955.8	12442.1	128.545
60 	12144.2	12927.3	12417.2	131.121
61 	12102.9	12930  	12405.5	133.969
64 	12083.5	12935.4	12370.7	140.302
66 	12069.1	12967.6	12344.3	147.657
68 	12045.9	12978.7	12316.3	153.434
70 	12023.8	12930.1	12287.7	161.438
73 	11999.6	12955.6	12243.4	173.833
74 	11974.6	12941.2	12228.9	178.366
75 	11944.5	12942.3	12213.7	183.525
76 	11933.6	12942.5	12197.5	188.081
78 	11899.9	12946.7	12167  	195.611
81 	11881.9	12937.1	12121  	209.049
82 	11843.2	12973.2	12105.3	215.857
85 	11834.7	12933.6	12063.9	230.137
86 	11812.3	12976.9	12048.9	231.28 
87 	11779.3	12931.1	12036.7	234.955
88 	11755.6	12956.7	12022.3	240.096
90 	11722.2	12946.9	11994.4	248.961
92 	11657.1	12937.4	11966.6	256.948
Tempo de Termino (hh:mm:ss.ms) 2026-04-28 12:13:56.052997
Tempo Total (hh:mm:ss.ms) 0:05:05.399819
Individuo: ([3, 2, 25, 9, 7, 21, 26, 29, 28, 87, 83, 108, 140, 103, 88, 94, 148, 115, 121, 35, 32, 16, 12, 52, 31, 70, 74, 98, 114, 136, 69, 76, 84, 111, 113, 40, 77, 46, 42, 45, 43, 79, 15, 41, 33, 59, 58, 27, 14, 13, 10, 18, 17, 38, 63, 91, 62, 68, 71, 30, 57, 86, 122, 147, 56, 157, 132, 127, 159, 96, 44, 116, 119, 118, 82, 89, 78, 53, 67, 75, 90, 112, 125, 128, 97, 137, 102, 130, 133, 105, 104, 109, 99, 154, 134, 158, 129, 135, 123, 107, 124, 145, 139, 100, 55, 37, 39, 61, 93, 64, 144, 110, 101, 106, 65, 150, 161, 155, 149, 131, 153, 160, 156, 141, 151, 152, 120, 50, 138, 142, 95, 85, 49, 60, 48, 20, 47, 51, 80, 54, 34, 11, 1, 92, 126, 19, 23, 73, 117, 143, 146, 81, 24, 72, 66, 4, 36, 6, 5, 8, 0, 22], [1, 1, 1, 0, 1, 0, 0, 0, 1, 0, 0, 1, 0, 0, 0, 1, 0, 1, 1, 1, 0, 1, 0, 1, 1, 1, 0, 1, 1, 0, 0, 0, 0, 1, 0, 1, 1, 1, 0, 1, 1, 0, 1, 0, 1, 0, 1, 0, 1, 1, 1, 1, 0, 1, 1, 1, 1, 1, 1, 0, 1, 1, 0, 1, 0, 1, 0, 0, 1, 1, 0, 0, 1, 0, 1, 0, 0, 1, 1, 1, 0, 0, 0, 0, 1, 0, 0, 1, 0, 1, 0, 0, 1, 1, 1, 1, 1, 0, 0, 1, 1, 0, 0, 1, 1, 1, 0, 1, 0, 1, 0, 1, 1, 0, 1, 0, 1, 0, 1, 0, 0, 1, 0, 1, 1, 0, 0, 0, 0, 0, 0, 0, 0, 1, 0, 0, 0, 1, 0, 0, 0, 1, 0, 1, 0, 0, 0, 0, 1, 1, 0, 0, 1, 1, 0, 1, 0, 0, 0, 1, 0, 0])
Fitness:  11657.070000000007
Gens:  [0, 1, 2, 3, 4, 5, 6, 7, 8, 9, 10, 11, 12, 13, 14, 15, 16, 17, 18, 19, 20, 21, 22, 23, 24, 25, 26, 27, 28, 29, 30, 31, 32, 33, 34, 35, 36, 37, 38, 39, 40, 41, 42, 43, 44, 45, 46, 47, 48, 49, 50, 51, 52, 53, 54, 55, 56, 57, 58, 59, 60, 61, 62, 63, 64, 65, 66, 67, 68, 69, 70, 71, 72, 73, 74, 75, 76, 77, 78, 79, 80, 81, 82, 83, 84, 85, 86, 87, 88, 89, 90, 91, 92, 93, 94, 95, 96, 97]
Inds:  [12434.294999999993, 12415.410000000003, 12411.074999999997, 12356.07, 12351.484999999999, 12351.484999999999, 12351.484999999999, 12316.475000000004, 12316.475000000004, 12316.475000000004, 12316.475000000004, 12316.475000000004, 12316.475000000004, 12316.475000000004, 12316.475000000004, 12316.475000000004, 12316.475000000004, 12316.475000000004, 12316.475000000004, 12316.475000000004, 12316.475000000004, 12316.475000000004, 12310.515000000005, 12310.515000000005, 12303.334999999997, 12303.334999999997, 12303.334999999997, 12281.370000000006, 12252.33000000001, 12252.33000000001, 12252.33000000001, 12252.33000000001, 12252.33000000001, 12252.33000000001, 12252.33000000001, 12252.33000000001, 12252.33000000001, 12252.33000000001, 12252.33000000001, 12252.33000000001, 12252.33000000001, 12252.33000000001, 12252.33000000001, 12243.259999999991, 12243.259999999991, 12243.259999999991, 12243.259999999991, 12243.259999999991, 12237.169999999998, 12237.169999999998, 12237.169999999998, 12214.0, 12214.0, 12214.0, 12160.819999999998, 12160.819999999998, 12157.275000000001, 12155.740000000002, 12155.740000000002, 12155.740000000002, 12144.214999999998, 12102.935000000001, 12102.935000000001, 12102.935000000001, 12083.485, 12083.485, 12069.129999999997, 12069.129999999997, 12045.939999999997, 12045.939999999997, 12023.785000000003, 12023.785000000003, 12023.785000000003, 11999.630000000001, 11974.564999999993, 11944.525000000005, 11933.649999999998, 11933.649999999998, 11899.865000000005, 11899.865000000005, 11899.865000000005, 11881.919999999998, 11843.209999999997, 11843.209999999997, 11843.209999999997, 11834.655000000008, 11812.279999999999, 11779.330000000013, 11755.560000000001, 11755.560000000001, 11722.165000000003, 11722.165000000003, 11657.070000000007, 11657.070000000007, 11657.070000000007, 11657.070000000007, 11657.070000000007, 11657.070000000007]

