BRKGA: jotika60_mod_sep

Execução 1:
Parametros: P=5000, Pe=0.3, Pm=0.1, pe=0.7, Parada=100
Tempo de Inicio (hh:mm:ss.ms) 2026-04-28 12:10:25.244793
gen	min    	max    	avg    	std    
0  	20996.4	22389.3	21693.3	199.284
1  	20930.7	22316.9	21566.8	184.256
2  	20869.6	22364.7	21505.3	191.391
6  	20833.9	22224.7	21404.3	226.86 
7  	20776.8	22341.6	21386.4	232.162
8  	20620.8	22299.2	21378.5	241.686
18 	20536.6	22439.4	21283.7	269.963
Tempo de Termino (hh:mm:ss.ms) 2026-04-28 12:15:34.391103
Tempo Total (hh:mm:ss.ms) 0:05:09.146310
Individuo: ([5, 179, 192, 189, 304, 207, 322, 198, 59, 231, 290, 273, 56, 177, 342, 190, 265, 142, 165, 254, 175, 17, 27, 336, 55, 180, 80, 132, 168, 52, 191, 289, 156, 222, 333, 318, 345, 241, 85, 234, 209, 64, 236, 280, 252, 214, 41, 2, 20, 107, 193, 255, 320, 182, 157, 108, 301, 263, 237, 137, 146, 70, 66, 9, 6, 244, 79, 133, 68, 119, 12, 218, 248, 245, 164, 114, 166, 292, 266, 215, 159, 332, 74, 312, 328, 229, 88, 178, 99, 0, 105, 327, 299, 295, 115, 43, 86, 100, 224, 302, 125, 60, 334, 103, 199, 172, 141, 288, 171, 217, 87, 67, 258, 293, 242, 341, 314, 151, 93, 90, 227, 268, 294, 170, 148, 135, 186, 47, 297, 303, 136, 36, 61, 131, 29, 81, 73, 54, 155, 111, 22, 113, 123, 116, 181, 256, 264, 287, 249, 98, 11, 140, 216, 230, 316, 167, 19, 53, 246, 238, 183, 14, 28, 321, 305, 223, 274, 31, 69, 153, 24, 76, 82, 71, 339, 197, 38, 228, 118, 169, 323, 329, 106, 262, 239, 202, 208, 110, 306, 338, 285, 279, 315, 257, 205, 319, 232, 4, 163, 30, 278, 33, 26, 48, 51, 97, 267, 49, 57, 16, 124, 194, 185, 10, 83, 173, 126, 121, 7, 212, 196, 275, 324, 307, 220, 147, 195, 129, 58, 25, 309, 340, 127, 50, 77, 160, 139, 184, 92, 226, 34, 18, 225, 40, 15, 117, 325, 317, 219, 213, 94, 271, 247, 39, 120, 96, 269, 253, 308, 276, 235, 201, 35, 46, 277, 300, 72, 45, 13, 91, 261, 250, 259, 134, 161, 78, 221, 330, 281, 335, 243, 21, 101, 112, 1, 89, 204, 130, 152, 270, 260, 3, 188, 313, 240, 284, 331, 296, 298, 203, 62, 174, 143, 187, 210, 65, 63, 95, 128, 138, 8, 104, 75, 44, 158, 23, 337, 162, 286, 149, 282, 211, 42, 32, 154, 206, 102, 176, 251, 344, 150, 272, 310, 37, 283, 122, 145, 233, 311, 326, 144, 84, 200, 291, 343, 109], [0, 0, 1, 0, 0, 1, 0, 0, 1, 0, 1, 1, 0, 1, 0, 0, 1, 1, 1, 0, 0, 1, 0, 0, 0, 1, 1, 0, 0, 0, 0, 1, 0, 0, 0, 0, 1, 0, 1, 0, 1, 1, 0, 1, 0, 0, 0, 1, 0, 0, 0, 1, 1, 0, 0, 0, 0, 1, 0, 1, 1, 1, 1, 1, 0, 1, 0, 0, 1, 0, 0, 1, 1, 1, 0, 1, 0, 1, 1, 1, 1, 1, 0, 1, 1, 0, 1, 0, 1, 0, 0, 0, 1, 1, 0, 0, 1, 0, 0, 0, 0, 0, 0, 1, 1, 0, 0, 0, 0, 0, 1, 0, 1, 0, 0, 1, 1, 1, 0, 1, 1, 1, 1, 0, 0, 0, 0, 1, 1, 1, 0, 0, 1, 0, 1, 0, 1, 1, 0, 1, 1, 0, 1, 1, 0, 0, 0, 1, 1, 1, 0, 0, 0, 1, 1, 1, 1, 1, 0, 1, 1, 0, 0, 0, 1, 1, 1, 0, 0, 1, 1, 0, 1, 1, 0, 0, 1, 0, 0, 1, 0, 1, 1, 1, 1, 1, 0, 1, 0, 1, 0, 0, 0, 0, 0, 0, 0, 0, 0, 1, 1, 1, 1, 1, 1, 0, 0, 1, 0, 1, 1, 1, 0, 0, 1, 0, 0, 0, 0, 0, 0, 1, 0, 0, 1, 1, 0, 1, 1, 0, 0, 1, 0, 0, 1, 0, 0, 0, 0, 1, 0, 0, 0, 0, 0, 1, 1, 0, 1, 0, 0, 0, 0, 0, 0, 0, 0, 0, 1, 1, 1, 0, 0, 0, 0, 0, 1, 0, 0, 1, 0, 1, 0, 1, 1, 0, 0, 1, 1, 0, 0, 0, 1, 1, 1, 1, 1, 1, 1, 0, 0, 0, 1, 0, 1, 1, 0, 1, 1, 0, 0, 1, 0, 1, 0, 1, 1, 1, 1, 0, 1, 0, 1, 1, 0, 1, 0, 1, 1, 1, 0, 0, 0, 1, 1, 1, 0, 1, 1, 1, 0, 0, 0, 0, 0, 0, 1, 0, 1, 0, 1, 0, 1, 0, 0, 1])
Fitness:  20536.597100682142
Gens:  [0, 1, 2, 3, 4, 5, 6, 7, 8, 9, 10, 11, 12, 13, 14, 15, 16, 17, 18, 19, 20, 21, 22, 23, 24, 25, 26, 27, 28, 29, 30, 31, 32, 33, 34, 35, 36]
Inds:  [20996.43337305243, 20930.72079146183, 20869.62538514168, 20869.62538514168, 20869.62538514168, 20869.62538514168, 20833.918260797138, 20776.761183840386, 20620.809512523952, 20620.809512523952, 20620.809512523952, 20620.809512523952, 20620.809512523952, 20620.809512523952, 20620.809512523952, 20620.809512523952, 20620.809512523952, 20620.809512523952, 20536.597100682142, 20536.597100682142, 20536.597100682142, 20536.597100682142, 20536.597100682142, 20536.597100682142, 20536.597100682142, 20536.597100682142, 20536.597100682142, 20536.597100682142, 20536.597100682142, 20536.597100682142, 20536.597100682142, 20536.597100682142, 20536.597100682142, 20536.597100682142, 20536.597100682142, 20536.597100682142, 20536.597100682142]

