BRKGA: jotika50_mod_sep

Execução 1:
Parametros: P=5000, Pe=0.3, Pm=0.1, pe=0.7, Parada=100
Tempo de Inicio (hh:mm:ss.ms) 2026-04-28 12:09:35.780763
gen	min    	max    	avg    	std    
0  	17614.4	18721.3	18160.8	148.727
2  	17553.3	18658.3	18027.7	146.335
3  	17498.2	18622.8	18000.8	155.149
6  	17481.8	18631.9	17944.5	172.146
7  	17435.9	18581.3	17935.3	176.761
15 	17416  	18622.1	17873.1	197.802
16 	17342.6	18527  	17866.2	199.34 
28 	17297.4	18613.9	17815.9	215.632
37 	17256.9	18537.1	17790.4	224.383
40 	17247.2	18605.1	17781.5	228.31 
Tempo de Termino (hh:mm:ss.ms) 2026-04-28 12:14:48.976964
Tempo Total (hh:mm:ss.ms) 0:05:13.196201
Individuo: ([113, 4, 127, 240, 288, 292, 286, 164, 82, 14, 62, 70, 2, 294, 188, 176, 258, 213, 218, 27, 171, 90, 254, 137, 281, 169, 197, 58, 93, 305, 255, 297, 138, 224, 293, 266, 241, 134, 278, 182, 273, 226, 8, 28, 111, 17, 19, 100, 132, 159, 187, 201, 0, 20, 61, 64, 173, 117, 146, 238, 209, 160, 124, 191, 34, 11, 78, 133, 199, 74, 116, 99, 75, 193, 125, 304, 217, 88, 98, 178, 107, 275, 295, 29, 115, 130, 101, 40, 110, 45, 31, 59, 202, 105, 154, 10, 145, 106, 60, 22, 77, 184, 87, 196, 57, 186, 298, 280, 303, 234, 84, 109, 9, 13, 21, 23, 36, 183, 43, 256, 214, 141, 203, 170, 227, 272, 198, 271, 121, 65, 81, 177, 6, 222, 149, 230, 242, 189, 208, 215, 166, 179, 223, 267, 307, 277, 211, 206, 55, 129, 112, 276, 153, 147, 284, 207, 283, 123, 253, 39, 270, 290, 246, 252, 220, 165, 156, 33, 92, 144, 114, 136, 79, 108, 66, 76, 247, 48, 3, 261, 264, 236, 80, 30, 37, 128, 285, 274, 35, 279, 118, 200, 73, 135, 25, 51, 91, 140, 131, 235, 231, 94, 24, 291, 232, 228, 265, 86, 219, 260, 96, 56, 85, 248, 151, 103, 26, 245, 259, 143, 16, 83, 243, 89, 104, 46, 306, 120, 192, 168, 167, 157, 174, 162, 221, 296, 225, 97, 210, 41, 299, 172, 126, 216, 32, 102, 150, 67, 38, 155, 244, 163, 49, 181, 190, 72, 161, 18, 195, 69, 122, 71, 229, 212, 63, 185, 148, 239, 204, 262, 268, 42, 233, 301, 158, 152, 95, 1, 68, 300, 205, 52, 53, 142, 50, 12, 47, 54, 7, 287, 302, 175, 269, 194, 237, 257, 263, 282, 251, 250, 289, 180, 249, 139, 44, 119, 5, 15], [1, 1, 1, 1, 1, 1, 1, 0, 1, 1, 1, 1, 1, 0, 0, 0, 1, 1, 0, 1, 1, 1, 0, 1, 0, 0, 1, 0, 1, 0, 0, 1, 1, 1, 0, 0, 1, 0, 1, 1, 0, 1, 1, 0, 1, 1, 1, 1, 1, 1, 0, 1, 1, 0, 0, 1, 0, 0, 1, 0, 1, 0, 1, 1, 1, 1, 0, 0, 1, 1, 0, 1, 0, 0, 1, 1, 1, 1, 0, 0, 0, 1, 1, 0, 1, 0, 0, 1, 0, 0, 0, 0, 1, 0, 0, 0, 1, 1, 1, 1, 1, 0, 0, 0, 0, 1, 1, 0, 0, 1, 1, 0, 1, 0, 0, 0, 1, 0, 0, 1, 1, 1, 1, 1, 1, 0, 1, 0, 1, 1, 0, 1, 0, 1, 0, 0, 0, 0, 1, 1, 1, 1, 1, 1, 1, 0, 1, 0, 0, 0, 0, 0, 1, 0, 0, 1, 1, 1, 0, 0, 0, 0, 1, 1, 1, 1, 1, 1, 1, 1, 1, 0, 1, 1, 0, 0, 0, 1, 0, 0, 0, 1, 1, 0, 1, 1, 1, 0, 1, 1, 1, 1, 0, 0, 1, 1, 0, 1, 1, 0, 0, 1, 1, 1, 1, 0, 0, 1, 1, 1, 1, 0, 1, 0, 0, 0, 0, 0, 1, 1, 1, 0, 1, 1, 0, 1, 0, 0, 1, 0, 1, 1, 1, 0, 0, 1, 0, 1, 1, 1, 0, 1, 0, 0, 1, 1, 1, 1, 0, 0, 1, 1, 1, 0, 1, 1, 0, 1, 0, 1, 0, 1, 0, 1, 0, 1, 0, 1, 1, 1, 0, 1, 0, 1, 0, 0, 1, 0, 1, 1, 0, 0, 0, 0, 0, 0, 1, 1, 0, 0, 1, 1, 0, 1, 0, 0, 1, 1, 1, 1, 0, 1, 1, 1, 1, 0, 0, 0])
Fitness:  17247.18977864162
Gens:  [0, 1, 2, 3, 4, 5, 6, 7, 8, 9, 10, 11, 12, 13, 14, 15, 16, 17, 18, 19, 20, 21, 22, 23, 24, 25, 26, 27, 28, 29, 30, 31, 32, 33, 34, 35, 36, 37, 38, 39, 40, 41, 42, 43]
Inds:  [17614.42136287115, 17614.42136287115, 17553.2742706376, 17498.23944637256, 17498.23944637256, 17498.23944637256, 17481.83890823942, 17435.90091517706, 17435.90091517706, 17435.90091517706, 17435.90091517706, 17435.90091517706, 17435.90091517706, 17435.90091517706, 17435.90091517706, 17416.00443691981, 17342.570612259984, 17342.570612259984, 17342.570612259984, 17342.570612259984, 17342.570612259984, 17342.570612259984, 17342.570612259984, 17342.570612259984, 17342.570612259984, 17342.570612259984, 17342.570612259984, 17342.570612259984, 17297.3618533821, 17297.3618533821, 17297.3618533821, 17297.3618533821, 17297.3618533821, 17297.3618533821, 17297.3618533821, 17297.3618533821, 17297.3618533821, 17256.85540648081, 17256.85540648081, 17256.85540648081, 17247.18977864162, 17247.18977864162, 17247.18977864162, 17247.18977864162]

