BRKGA: jotika40_mod_sep

Execução 1:
Parametros: P=5000, Pe=0.3, Pm=0.1, pe=0.7, Parada=100
Tempo de Inicio (hh:mm:ss.ms) 2026-04-28 12:08:37.482866
gen	min    	max    	avg    	std    
0  	13296.4	14273.8	13834.4	119.089
4  	13270  	14178.9	13688.2	129.611
7  	13256.8	14207.9	13653.2	141.852
11 	13255.9	14207  	13622.9	152.574
12 	13226.2	14229.2	13613.9	153.997
16 	13151.7	14196.8	13594.5	163.793
24 	13142.5	14237.9	13557.1	173.467
29 	13132.5	14185.8	13540.2	176.931
33 	13125.6	14149.7	13530.5	180.255
40 	13114.9	14202.7	13509.6	186.881
45 	13100.3	14186.8	13491.5	189.288
49 	13098.2	14212  	13480.3	192.943
51 	13088.5	14235.2	13473.4	193.27 
54 	13043.4	14199  	13460.2	196.025
58 	13016.2	14343.8	13445.6	199.302
61 	13005.4	14139  	13429  	199.345
66 	13005.2	14209.4	13402.8	206.152
67 	13002.8	14200.4	13394.9	207.443
Tempo de Termino (hh:mm:ss.ms) 2026-04-28 12:13:45.508219
Tempo Total (hh:mm:ss.ms) 0:05:08.025353
Individuo: ([32, 97, 76, 3, 5, 120, 89, 129, 47, 171, 33, 39, 164, 135, 109, 107, 94, 56, 170, 131, 186, 160, 124, 204, 206, 183, 158, 210, 130, 145, 174, 172, 52, 80, 155, 190, 195, 152, 148, 24, 116, 140, 182, 200, 57, 112, 207, 193, 156, 149, 189, 191, 154, 198, 150, 67, 196, 180, 144, 7, 147, 179, 181, 153, 177, 19, 146, 143, 165, 133, 77, 18, 11, 65, 78, 99, 38, 84, 9, 110, 88, 2, 136, 175, 125, 71, 43, 82, 49, 22, 60, 91, 20, 17, 197, 199, 208, 162, 142, 209, 188, 194, 205, 64, 176, 138, 178, 111, 42, 137, 184, 141, 98, 187, 13, 103, 95, 86, 14, 63, 212, 203, 93, 101, 159, 169, 40, 8, 16, 26, 50, 21, 4, 35, 30, 41, 139, 114, 0, 61, 44, 25, 68, 79, 108, 53, 51, 96, 72, 23, 62, 48, 81, 161, 104, 12, 37, 10, 6, 134, 27, 58, 92, 45, 115, 121, 105, 90, 59, 15, 157, 100, 118, 122, 201, 69, 126, 73, 167, 28, 127, 192, 54, 85, 132, 75, 87, 66, 70, 34, 128, 123, 55, 166, 163, 211, 173, 29, 31, 36, 185, 83, 151, 119, 74, 102, 113, 202, 117, 1, 46, 168, 106], [1, 0, 0, 0, 0, 1, 0, 0, 0, 1, 0, 1, 1, 1, 0, 0, 0, 1, 0, 0, 0, 1, 1, 1, 1, 1, 1, 1, 1, 0, 1, 0, 0, 1, 0, 0, 1, 1, 0, 0, 0, 1, 0, 0, 1, 0, 0, 1, 1, 1, 0, 0, 0, 0, 1, 1, 1, 1, 1, 0, 1, 1, 0, 0, 1, 1, 0, 0, 0, 0, 0, 0, 0, 1, 0, 0, 1, 0, 0, 0, 1, 0, 0, 0, 1, 0, 1, 1, 0, 1, 0, 1, 1, 1, 0, 1, 1, 1, 0, 1, 1, 0, 0, 1, 1, 0, 1, 1, 0, 0, 0, 0, 0, 1, 1, 1, 1, 0, 1, 1, 0, 0, 1, 1, 0, 0, 0, 0, 0, 1, 1, 1, 1, 0, 0, 1, 0, 1, 0, 1, 0, 0, 0, 1, 0, 0, 0, 0, 1, 0, 0, 1, 1, 0, 0, 0, 1, 0, 0, 1, 0, 1, 1, 0, 0, 1, 1, 1, 1, 0, 0, 1, 1, 1, 0, 0, 1, 1, 1, 0, 0, 1, 1, 0, 0, 1, 1, 0, 0, 1, 0, 0, 1, 1, 1, 0, 0, 0, 1, 0, 1, 0, 0, 1, 0, 1, 1, 1, 0, 1, 1, 1, 0])
Fitness:  13002.785705266688
Gens:  [0, 1, 2, 3, 4, 5, 6, 7, 8, 9, 10, 11, 12, 13, 14, 15, 16, 17, 18, 19, 20, 21, 22, 23, 24, 25, 26, 27, 28, 29, 30, 31, 32, 33, 34, 35, 36, 37, 38, 39, 40, 41, 42, 43, 44, 45, 46, 47, 48, 49, 50, 51, 52, 53, 54, 55, 56, 57, 58, 59, 60, 61, 62, 63, 64, 65, 66, 67, 68, 69]
Inds:  [13296.405264503037, 13296.405264503037, 13296.405264503037, 13296.405264503037, 13269.968343845416, 13269.968343845416, 13269.968343845416, 13256.816632749467, 13256.816632749467, 13256.816632749467, 13256.816632749467, 13255.91855214681, 13226.234967258091, 13226.234967258091, 13226.234967258091, 13226.234967258091, 13151.677325895764, 13151.677325895764, 13151.677325895764, 13151.677325895764, 13151.677325895764, 13151.677325895764, 13151.677325895764, 13151.677325895764, 13142.54902269371, 13142.54902269371, 13142.54902269371, 13142.54902269371, 13142.54902269371, 13132.504049604608, 13132.504049604608, 13132.504049604608, 13132.504049604608, 13125.601717141753, 13125.601717141753, 13125.601717141753, 13125.601717141753, 13125.601717141753, 13125.601717141753, 13125.601717141753, 13114.866044963483, 13114.866044963483, 13114.866044963483, 13114.866044963483, 13114.866044963483, 13100.303128345198, 13100.303128345198, 13100.303128345198, 13100.303128345198, 13098.225205951876, 13098.225205951876, 13088.488706596449, 13088.488706596449, 13088.488706596449, 13043.448869161872, 13043.448869161872, 13043.448869161872, 13043.448869161872, 13016.208800186068, 13016.208800186068, 13016.208800186068, 13005.35523201669, 13005.35523201669, 13005.35523201669, 13005.35523201669, 13005.35523201669, 13005.169360654283, 13002.785705266688, 13002.785705266688, 13002.785705266688]

