BRKGA: jotika50_pack

Execução 1:
Parametros: P=5000, Pe=0.3, Pm=0.1, pe=0.7, Parada=100
Tempo de Inicio (hh:mm:ss.ms) 2026-04-28 12:09:54.544398
gen	min    	max  	avg    	std    
0  	16210.5	17005	16618.3	107.131
1  	16209.7	16945.5	16554.1	99.6673
3  	16181.6	16957.1	16503.3	111.983
5  	16159  	16910.3	16476.4	120.043
7  	16118.5	16930.8	16458.1	126.118
11 	16079.4	16929.1	16428.8	137.689
12 	16035  	16912  	16422.9	138.187
25 	16011.3	16959.3	16374.2	154.461
40 	16006.9	17045.3	16339.7	164.512
42 	16000.7	16933.2	16337.5	165.858
49 	16000.1	16932.3	16321.6	168.856
51 	15982.7	16941.2	16317.6	169.749
53 	15973.8	16931  	16313.8	169.801
54 	15940.6	16886.7	16313.8	172.206
57 	15886  	16955  	16305.2	172.718
64 	15790  	16877.8	16282.1	176.272
Tempo de Termino (hh:mm:ss.ms) 2026-04-28 12:15:00.398245
Tempo Total (hh:mm:ss.ms) 0:05:05.853847
Individuo: ([28, 7, 24, 32, 167, 164, 146, 204, 96, 86, 4, 22, 173, 190, 65, 142, 93, 26, 2, 144, 197, 122, 130, 6, 71, 10, 25, 18, 150, 147, 166, 78, 61, 0, 81, 77, 121, 21, 47, 17, 105, 56, 97, 94, 88, 99, 54, 109, 42, 84, 111, 148, 39, 63, 51, 46, 29, 60, 70, 35, 118, 175, 185, 186, 136, 200, 165, 68, 113, 171, 89, 125, 159, 112, 49, 8, 110, 120, 181, 189, 126, 79, 140, 124, 52, 31, 11, 5, 53, 23, 92, 64, 12, 37, 119, 85, 9, 55, 131, 127, 128, 149, 168, 48, 129, 138, 157, 172, 62, 194, 209, 117, 115, 83, 80, 33, 41, 108, 161, 207, 193, 98, 163, 188, 76, 191, 180, 114, 13, 152, 206, 184, 103, 156, 95, 208, 135, 91, 169, 183, 182, 203, 107, 40, 30, 43, 100, 179, 133, 132, 198, 211, 139, 202, 59, 154, 34, 196, 67, 44, 45, 19, 104, 58, 87, 102, 15, 101, 74, 72, 82, 75, 106, 160, 158, 155, 3, 20, 16, 50, 199, 14, 36, 143, 73, 66, 27, 69, 170, 116, 187, 178, 162, 174, 57, 134, 145, 137, 90, 192, 201, 195, 205, 123, 151, 210, 141, 177, 176, 153, 38, 1], [0, 1, 0, 0, 0, 1, 1, 1, 0, 1, 1, 1, 0, 0, 1, 0, 0, 0, 1, 0, 0, 0, 1, 1, 0, 1, 1, 1, 0, 0, 1, 1, 0, 1, 0, 1, 1, 1, 0, 0, 1, 0, 1, 0, 0, 1, 0, 0, 1, 1, 0, 1, 0, 1, 1, 1, 1, 0, 1, 0, 0, 1, 0, 0, 1, 1, 0, 0, 1, 1, 0, 0, 0, 0, 0, 0, 1, 1, 1, 1, 1, 1, 1, 0, 1, 1, 1, 1, 1, 1, 0, 0, 0, 0, 0, 1, 1, 0, 1, 1, 1, 0, 0, 0, 0, 1, 1, 0, 1, 0, 1, 1, 1, 0, 1, 1, 1, 1, 1, 0, 0, 1, 0, 0, 1, 1, 0, 1, 0, 0, 0, 1, 0, 1, 1, 1, 1, 0, 1, 1, 0, 1, 1, 0, 1, 0, 1, 0, 0, 1, 1, 1, 1, 1, 1, 0, 1, 1, 1, 0, 1, 1, 1, 1, 1, 0, 1, 0, 0, 1, 0, 0, 1, 0, 1, 1, 0, 0, 1, 0, 1, 0, 1, 1, 0, 0, 0, 0, 0, 1, 0, 1, 0, 1, 0, 0, 0, 1, 1, 1, 0, 1, 0, 0, 1, 1, 1, 0, 1, 0, 0, 1])
Fitness:  15790.020000000008
Gens:  [0, 1, 2, 3, 4, 5, 6, 7, 8, 9, 10, 11, 12, 13, 14, 15, 16, 17, 18, 19, 20, 21, 22, 23, 24, 25, 26, 27, 28, 29, 30, 31, 32, 33, 34, 35, 36, 37, 38, 39, 40, 41, 42, 43, 44, 45, 46, 47, 48, 49, 50, 51, 52, 53, 54, 55, 56, 57, 58, 59, 60, 61, 62, 63, 64, 65, 66, 67, 68, 69]
Inds:  [16210.455000000002, 16209.655000000004, 16209.655000000004, 16181.575000000013, 16181.575000000013, 16158.969999999994, 16158.969999999994, 16118.54999999999, 16118.54999999999, 16118.54999999999, 16118.54999999999, 16079.434999999994, 16035.015000000005, 16035.015000000005, 16035.015000000005, 16035.015000000005, 16035.015000000005, 16035.015000000005, 16035.015000000005, 16035.015000000005, 16035.015000000005, 16035.015000000005, 16035.015000000005, 16035.015000000005, 16035.015000000005, 16011.320000000002, 16011.320000000002, 16011.320000000002, 16011.320000000002, 16011.320000000002, 16011.320000000002, 16011.320000000002, 16011.320000000002, 16011.320000000002, 16011.320000000002, 16011.320000000002, 16011.320000000002, 16011.320000000002, 16011.320000000002, 16011.320000000002, 16006.930000000002, 16006.930000000002, 16000.699999999999, 16000.699999999999, 16000.699999999999, 16000.699999999999, 16000.699999999999, 16000.699999999999, 16000.699999999999, 16000.064999999999, 16000.064999999999, 15982.730000000009, 15982.730000000009, 15973.830000000002, 15940.579999999996, 15940.579999999996, 15940.579999999996, 15886.014999999996, 15886.014999999996, 15886.014999999996, 15886.014999999996, 15886.014999999996, 15886.014999999996, 15886.014999999996, 15790.020000000008, 15790.020000000008, 15790.020000000008, 15790.020000000008, 15790.020000000008, 15790.020000000008]

