BRKGA: jotika60_pack

Execução 1:
Parametros: P=5000, Pe=0.3, Pm=0.1, pe=0.7, Parada=100
Tempo de Inicio (hh:mm:ss.ms) 2026-04-28 12:10:25.891854
gen	min    	max    	avg    	std   
0  	19394.3	20429.5	19858.3	132.54
1  	19344.2	20288.9	19775.5	122.856
2  	19299  	20255.2	19742.8	133.622
3  	19269.5	20297.6	19716.7	138.593
4  	19222.7	20285.1	19698.8	144.929
6  	19214.4	20203.4	19670.2	154.038
11 	19177.9	20438.4	19623.8	169.316
14 	19107.6	20274.9	19607.4	176.108
18 	19058.3	20245.2	19586.1	183.229
41 	19028.5	20186  	19509  	203.907
47 	18993.6	20221.3	19492.9	209.771
Tempo de Termino (hh:mm:ss.ms) 2026-04-28 12:15:34.877802
Tempo Total (hh:mm:ss.ms) 0:05:08.985948
Individuo: ([24, 23, 75, 67, 239, 241, 183, 136, 221, 84, 70, 245, 86, 78, 33, 109, 39, 5, 163, 192, 36, 240, 248, 227, 198, 166, 9, 68, 159, 43, 94, 93, 170, 222, 147, 131, 233, 186, 180, 188, 102, 212, 252, 22, 50, 59, 200, 238, 206, 73, 199, 247, 179, 174, 205, 133, 135, 69, 130, 72, 140, 153, 139, 207, 107, 100, 16, 6, 108, 20, 113, 120, 61, 189, 204, 82, 58, 211, 225, 145, 190, 137, 76, 15, 38, 116, 243, 216, 171, 196, 193, 55, 52, 161, 237, 197, 229, 202, 203, 164, 119, 155, 46, 79, 80, 45, 21, 121, 219, 187, 128, 83, 127, 144, 209, 230, 134, 148, 150, 168, 123, 110, 57, 89, 95, 12, 106, 3, 37, 18, 160, 53, 232, 10, 253, 96, 122, 165, 158, 195, 182, 176, 112, 154, 13, 91, 0, 184, 88, 152, 77, 142, 210, 242, 251, 25, 125, 185, 98, 129, 220, 213, 29, 101, 141, 231, 215, 214, 118, 250, 114, 30, 124, 7, 138, 151, 208, 218, 226, 65, 224, 228, 85, 172, 115, 117, 156, 246, 47, 66, 132, 181, 92, 63, 104, 32, 178, 146, 191, 54, 90, 62, 87, 169, 149, 162, 81, 8, 60, 99, 173, 249, 167, 235, 244, 236, 111, 34, 49, 194, 28, 254, 175, 103, 143, 14, 64, 31, 71, 126, 157, 223, 27, 19, 105, 44, 48, 51, 41, 40, 74, 97, 201, 42, 1, 2, 217, 234, 177, 26, 56, 17, 35, 4, 11], [1, 0, 1, 0, 1, 1, 0, 1, 1, 0, 0, 0, 1, 1, 1, 1, 1, 1, 0, 0, 1, 1, 0, 0, 1, 1, 0, 0, 0, 0, 1, 1, 0, 0, 0, 1, 1, 1, 0, 0, 0, 0, 0, 0, 1, 1, 1, 0, 1, 1, 0, 1, 1, 1, 1, 0, 0, 1, 1, 0, 1, 0, 0, 0, 1, 1, 1, 0, 1, 1, 1, 0, 0, 1, 1, 1, 0, 0, 1, 0, 0, 1, 0, 1, 1, 0, 0, 0, 0, 1, 1, 0, 0, 1, 0, 0, 0, 1, 0, 0, 0, 0, 1, 1, 1, 1, 1, 0, 0, 0, 0, 0, 0, 1, 1, 1, 0, 0, 1, 0, 0, 1, 1, 0, 0, 0, 1, 0, 1, 0, 0, 1, 1, 1, 0, 1, 1, 1, 1, 1, 1, 0, 0, 1, 1, 0, 0, 0, 0, 0, 1, 0, 1, 1, 0, 0, 1, 1, 0, 0, 1, 0, 0, 1, 0, 0, 1, 0, 1, 1, 1, 1, 1, 1, 1, 1, 0, 0, 1, 0, 0, 0, 1, 1, 1, 1, 0, 0, 1, 0, 1, 1, 1, 0, 0, 0, 0, 1, 0, 0, 1, 1, 1, 0, 0, 0, 1, 1, 1, 0, 1, 1, 1, 1, 1, 1, 0, 0, 0, 0, 0, 0, 0, 1, 0, 0, 0, 0, 0, 1, 1, 1, 0, 1, 0, 0, 0, 0, 1, 0, 1, 0, 1, 1, 0, 0, 1, 1, 1, 1, 1, 0, 1, 1, 1])
Fitness:  18993.599999999995
Gens:  [0, 1, 2, 3, 4, 5, 6, 7, 8, 9, 10, 11, 12, 13, 14, 15, 16, 17, 18, 19, 20, 21, 22, 23, 24, 25, 26, 27, 28, 29, 30, 31, 32, 33, 34, 35, 36, 37, 38, 39, 40, 41, 42, 43, 44, 45, 46, 47, 48, 49, 50, 51, 52, 53, 54, 55]
Inds:  [19394.34000000001, 19344.232500000006, 19299.014999999985, 19269.495000000003, 19222.745, 19222.745, 19214.395, 19214.395, 19214.395, 19214.395, 19214.395, 19177.885000000006, 19177.885000000006, 19177.885000000006, 19107.614999999998, 19107.614999999998, 19107.614999999998, 19107.614999999998, 19058.305000000004, 19058.305000000004, 19058.305000000004, 19058.305000000004, 19058.305000000004, 19058.305000000004, 19058.305000000004, 19058.305000000004, 19058.305000000004, 19058.305000000004, 19058.305000000004, 19058.305000000004, 19058.305000000004, 19058.305000000004, 19058.305000000004, 19058.305000000004, 19058.305000000004, 19058.305000000004, 19058.305000000004, 19058.305000000004, 19058.305000000004, 19058.305000000004, 19058.305000000004, 19028.542500000007, 19028.542500000007, 19028.542500000007, 19028.542500000007, 19028.542500000007, 19028.542500000007, 18993.599999999995, 18993.599999999995, 18993.599999999995, 18993.599999999995, 18993.599999999995, 18993.599999999995, 18993.599999999995, 18993.599999999995, 18993.599999999995]

