BRKGA: mao_mod_pack

Execução 1:
Parametros: P=5000, Pe=0.3, Pm=0.1, pe=0.7, Parada=100
Tempo de Inicio (hh:mm:ss.ms) 2026-04-28 12:13:50.055446
gen	min    	max    	avg    	std    
0  	2977.27	3286.57	3121.55	40.9339
1  	2972.36	3227.07	3095.78	38.6141
2  	2969.63	3233.61	3084.47	40.8891
3  	2927.39	3220.93	3076.5 	42.9322
6  	2914.31	3240.74	3060.35	46.6547
10 	2901.03	3241.23	3049.64	50.7222
12 	2898.58	3246.47	3045.9 	52.9969
28 	2897.93	3235.39	3022.35	60.2075
31 	2879.09	3230.81	3018.83	60.6773
44 	2874.46	3248.78	3006.63	63.5482
46 	2872.17	3253.56	3005.04	64.7272
48 	2861.76	3247.28	3002.99	65.6777
49 	2847.26	3220.78	3001.61	65.5275
Tempo de Termino (hh:mm:ss.ms) 2026-04-28 12:18:58.096431
Tempo Total (hh:mm:ss.ms) 0:05:08.040985
Individuo: ([123, 100, 126, 0, 229, 129, 108, 177, 202, 142, 148, 175, 46, 16, 57, 80, 97, 83, 217, 58, 222, 174, 109, 168, 133, 176, 20, 105, 71, 137, 184, 196, 143, 90, 172, 198, 151, 18, 128, 228, 93, 32, 103, 72, 45, 107, 169, 113, 144, 104, 136, 56, 120, 140, 189, 36, 39, 84, 23, 215, 221, 213, 195, 11, 186, 127, 226, 134, 25, 161, 180, 201, 162, 106, 158, 27, 10, 62, 22, 147, 64, 231, 227, 30, 77, 157, 160, 95, 3, 50, 86, 91, 225, 181, 223, 216, 208, 210, 141, 190, 29, 173, 145, 2, 42, 138, 178, 155, 171, 205, 185, 146, 111, 102, 89, 110, 132, 82, 131, 122, 183, 204, 220, 96, 119, 187, 6, 73, 47, 61, 51, 163, 78, 60, 92, 206, 152, 139, 211, 218, 209, 44, 68, 31, 135, 21, 63, 43, 149, 207, 179, 150, 159, 153, 230, 165, 193, 154, 188, 99, 101, 219, 194, 212, 74, 197, 85, 88, 33, 59, 53, 7, 48, 5, 164, 182, 192, 41, 115, 66, 87, 9, 94, 76, 38, 4, 1, 28, 35, 8, 49, 12, 19, 69, 224, 125, 67, 79, 117, 98, 118, 199, 17, 13, 34, 112, 114, 55, 170, 214, 200, 167, 116, 191, 70, 26, 75, 15, 24, 65, 81, 203, 166, 54, 124, 130, 40, 121, 156, 52, 14, 37], [0, 1, 1, 0, 0, 1, 0, 1, 1, 1, 1, 1, 0, 1, 0, 1, 0, 0, 0, 0, 0, 0, 0, 1, 0, 1, 0, 0, 0, 1, 1, 0, 1, 0, 0, 0, 0, 0, 1, 0, 0, 1, 1, 0, 1, 1, 1, 1, 0, 0, 0, 1, 0, 0, 1, 0, 0, 1, 0, 0, 0, 0, 0, 1, 0, 0, 0, 1, 1, 0, 0, 0, 0, 0, 0, 1, 0, 1, 1, 1, 0, 0, 1, 1, 0, 1, 1, 0, 1, 1, 0, 1, 0, 0, 0, 1, 1, 0, 0, 1, 1, 0, 1, 0, 0, 0, 0, 0, 1, 0, 1, 0, 1, 1, 0, 0, 0, 0, 1, 1, 1, 1, 1, 0, 1, 1, 0, 1, 1, 0, 1, 1, 0, 0, 0, 0, 0, 0, 1, 0, 0, 1, 0, 0, 1, 0, 1, 0, 1, 0, 0, 1, 1, 1, 0, 1, 1, 0, 1, 0, 0, 1, 0, 0, 1, 1, 1, 0, 1, 1, 1, 0, 0, 0, 1, 1, 0, 0, 1, 1, 1, 1, 0, 1, 1, 1, 0, 0, 1, 1, 1, 1, 0, 1, 1, 0, 1, 0, 1, 1, 0, 1, 1, 0, 1, 0, 0, 0, 0, 0, 0, 1, 0, 1, 0, 0, 1, 1, 0, 0, 0, 1, 1, 1, 0, 0, 1, 0, 0, 0, 0, 0])
Fitness:  2847.2573909369103
Gens:  [0, 1, 2, 3, 4, 5, 6, 7, 8, 9, 10, 11, 12, 13, 14, 15, 16, 17, 18, 19, 20, 21, 22, 23, 24, 25, 26, 27, 28, 29, 30, 31, 32, 33, 34, 35, 36, 37, 38, 39, 40, 41, 42, 43, 44, 45, 46, 47, 48, 49, 50, 51, 52, 53, 54, 55, 56, 57, 58, 59, 60, 61, 62]
Inds:  [2977.269573224985, 2972.3632206299835, 2969.62913746988, 2927.3913781755227, 2927.3913781755227, 2927.3913781755227, 2914.3068508533174, 2914.3068508533174, 2914.3068508533174, 2914.3068508533174, 2901.027369341358, 2901.027369341358, 2898.580034139321, 2898.580034139321, 2898.580034139321, 2898.580034139321, 2898.580034139321, 2898.580034139321, 2898.580034139321, 2898.580034139321, 2898.580034139321, 2898.580034139321, 2898.580034139321, 2898.580034139321, 2898.580034139321, 2898.580034139321, 2898.580034139321, 2898.580034139321, 2897.9250948763347, 2897.9250948763347, 2897.9250948763347, 2879.0881588020793, 2879.0881588020793, 2879.0881588020793, 2879.0881588020793, 2879.0881588020793, 2879.0881588020793, 2879.0881588020793, 2879.0881588020793, 2879.0881588020793, 2879.0881588020793, 2879.0881588020793, 2879.0881588020793, 2879.0881588020793, 2874.456823187401, 2874.456823187401, 2872.1673688101823, 2872.1673688101823, 2861.7611530082972, 2847.2573909369103, 2847.2573909369103, 2847.2573909369103, 2847.2573909369103, 2847.2573909369103, 2847.2573909369103, 2847.2573909369103, 2847.2573909369103, 2847.2573909369103, 2847.2573909369103, 2847.2573909369103, 2847.2573909369103, 2847.2573909369103, 2847.2573909369103]

