BRKGA: mao_sep

Execução 1:
Parametros: P=5000, Pe=0.3, Pm=0.1, pe=0.7, Parada=100
Tempo de Inicio (hh:mm:ss.ms) 2026-04-28 12:14:40.404332
gen	min    	max    	avg    	std   
0  	2640.24	2774.77	2706.07	19.093
1  	2630   	2764.91	2694.18	17.9781
2  	2626.75	2760.64	2688.36	18.8092
5  	2619.43	2759.9 	2680.72	21.4771
9  	2616.4 	2764.13	2674.44	23.7468
10 	2610.08	2776.57	2673.27	23.6671
17 	2607.78	2761.42	2667.51	25.8706
20 	2593.5 	2768.8 	2665.09	26.6477
24 	2585.84	2761.52	2663.15	27.6284
46 	2582.54	2756.57	2651.43	30.4385
50 	2581.78	2761.71	2649.37	31.1005
52 	2577.05	2765.68	2647.65	31.0128
53 	2575.68	2765.04	2647.25	31.3372
57 	2570   	2756.47	2644.49	31.7709
63 	2566.24	2766.66	2640.3 	32.3214
68 	2556.23	2752.98	2635.87	33.2804
70 	2555.2 	2757.55	2633.86	33.3201
78 	2549.99	2758.37	2623.9 	35.6287
79 	2544.88	2762.53	2622.31	35.9179
87 	2533.12	2752.58	2604.82	39.4899
Tempo de Termino (hh:mm:ss.ms) 2026-04-28 12:19:44.451049
Tempo Total (hh:mm:ss.ms) 0:05:04.046717
Individuo: ([3, 6, 4, 34, 40, 2, 5, 82, 51, 0, 8, 43, 44, 79, 46, 151, 31, 57, 147, 30, 123, 71, 101, 162, 73, 9, 84, 156, 150, 99, 98, 157, 87, 159, 77, 25, 22, 24, 102, 142, 126, 145, 105, 56, 26, 63, 53, 106, 62, 100, 59, 124, 139, 160, 161, 128, 165, 164, 27, 118, 170, 136, 54, 23, 78, 167, 152, 21, 113, 153, 166, 38, 111, 68, 41, 134, 137, 138, 91, 125, 74, 172, 103, 130, 52, 144, 148, 143, 110, 69, 95, 104, 116, 141, 127, 108, 149, 173, 146, 97, 61, 109, 132, 93, 88, 131, 120, 140, 171, 36, 90, 114, 49, 117, 155, 66, 169, 133, 67, 70, 39, 85, 32, 20, 13, 1, 76, 19, 47, 112, 64, 92, 168, 158, 122, 94, 45, 29, 11, 14, 48, 65, 18, 50, 15, 12, 154, 75, 81, 115, 60, 107, 55, 96, 135, 129, 86, 58, 28, 83, 89, 119, 121, 80, 17, 163, 42, 16, 10, 35, 33, 72, 7, 37], [0, 0, 0, 0, 0, 0, 1, 0, 1, 1, 0, 1, 1, 1, 0, 0, 1, 0, 1, 1, 0, 1, 1, 0, 1, 1, 1, 1, 1, 0, 1, 0, 1, 0, 1, 1, 1, 0, 0, 1, 1, 0, 1, 0, 1, 1, 1, 1, 0, 0, 0, 0, 1, 1, 0, 1, 1, 0, 1, 1, 0, 1, 1, 1, 0, 0, 0, 1, 1, 0, 1, 1, 1, 0, 0, 1, 1, 1, 0, 1, 0, 0, 1, 0, 0, 0, 0, 0, 1, 1, 1, 0, 0, 0, 1, 1, 0, 1, 0, 1, 0, 1, 1, 1, 0, 1, 1, 0, 0, 0, 1, 0, 0, 1, 0, 0, 0, 0, 0, 0, 0, 1, 1, 0, 1, 1, 1, 0, 0, 1, 1, 1, 0, 1, 0, 0, 1, 0, 0, 0, 1, 1, 1, 0, 1, 0, 1, 1, 1, 1, 1, 0, 0, 1, 1, 0, 0, 1, 0, 0, 0, 1, 1, 0, 0, 1, 1, 1, 0, 1, 1, 0, 0, 0])
Fitness:  2533.117499999998
Gens:  [0, 1, 2, 3, 4, 5, 6, 7, 8, 9, 10, 11, 12, 13, 14, 15, 16, 17, 18, 19, 20, 21, 22, 23, 24, 25, 26, 27, 28, 29, 30, 31, 32, 33, 34, 35, 36, 37, 38, 39, 40, 41, 42, 43, 44, 45, 46, 47, 48, 49, 50, 51, 52, 53, 54, 55, 56, 57, 58, 59, 60, 61, 62, 63, 64, 65, 66, 67, 68, 69, 70, 71, 72, 73, 74, 75, 76, 77, 78, 79, 80, 81, 82, 83, 84, 85, 86, 87]
Inds:  [2640.2375000000006, 2629.997500000001, 2626.7499999999995, 2626.7499999999995, 2626.7499999999995, 2619.4325, 2619.4325, 2619.4325, 2619.4325, 2616.3950000000004, 2610.079999999999, 2610.079999999999, 2610.079999999999, 2610.079999999999, 2610.079999999999, 2610.079999999999, 2610.079999999999, 2607.777500000001, 2607.777500000001, 2607.777500000001, 2593.504999999998, 2593.504999999998, 2593.504999999998, 2593.504999999998, 2585.840000000001, 2585.840000000001, 2585.840000000001, 2585.840000000001, 2585.840000000001, 2585.840000000001, 2585.840000000001, 2585.840000000001, 2585.840000000001, 2585.840000000001, 2585.840000000001, 2585.840000000001, 2585.840000000001, 2585.840000000001, 2585.840000000001, 2585.840000000001, 2585.840000000001, 2585.840000000001, 2585.840000000001, 2585.840000000001, 2585.840000000001, 2585.840000000001, 2582.5424999999996, 2582.5424999999996, 2582.5424999999996, 2582.5424999999996, 2581.7849999999994, 2581.7849999999994, 2577.0475, 2575.68, 2575.68, 2575.68, 2575.68, 2570.0000000000014, 2570.0000000000014, 2570.0000000000014, 2570.0000000000014, 2570.0000000000014, 2570.0000000000014, 2566.2449999999985, 2566.2449999999985, 2566.2449999999985, 2566.2449999999985, 2566.2449999999985, 2556.2299999999996, 2556.2299999999996, 2555.195, 2555.195, 2555.195, 2555.195, 2555.195, 2555.195, 2555.195, 2555.195, 2549.9925, 2544.8825, 2544.8825, 2544.8825, 2544.8825, 2544.8825, 2544.8825, 2544.8825, 2544.8825, 2533.117499999998]

