BRKGA: mao_pack

Execução 1:
Parametros: P=5000, Pe=0.3, Pm=0.1, pe=0.7, Parada=100
Tempo de Inicio (hh:mm:ss.ms) 2026-04-28 12:14:15.108148
gen	min    	max    	avg    	std    
0  	2604.87	2723.13	2665.33	16.9262
1  	2602.24	2720.74	2655.23	16.3248
2  	2598.55	2713.6 	2650.58	17.4162
3  	2587.3 	2717.4 	2647.21	18.3238
4  	2585.8 	2726.12	2644.14	19.0348
7  	2585.75	2713.81	2638.7 	20.6356
10 	2582.3 	2716.77	2635.26	22.3044
12 	2573.95	2722.52	2633.34	22.5677
14 	2566.04	2728.51	2631.49	23.2157
17 	2563.77	2719.78	2629.48	24.0987
32 	2561.5 	2715.42	2621.55	26.654 
33 	2557.08	2718.81	2621.24	26.7231
36 	2552.07	2712.43	2619.93	27.1015
49 	2550.53	2717.36	2615.1 	28.627 
63 	2546.05	2705.45	2609.19	29.5492
67 	2545.23	2717.49	2607.08	29.9   
69 	2543.94	2713.22	2606.15	30.1061
72 	2538.37	2715.75	2604.2 	30.3682
79 	2536.18	2720.85	2598.94	31.2377
Tempo de Termino (hh:mm:ss.ms) 2026-04-28 12:19:20.646905
Tempo Total (hh:mm:ss.ms) 0:05:05.538757
Individuo: ([2, 33, 75, 6, 0, 8, 35, 84, 106, 154, 97, 83, 86, 147, 130, 69, 145, 168, 165, 128, 18, 146, 118, 73, 162, 102, 163, 177, 58, 55, 9, 57, 105, 65, 25, 63, 49, 10, 7, 32, 3, 85, 98, 116, 152, 21, 167, 123, 138, 93, 166, 172, 70, 94, 181, 136, 4, 169, 40, 119, 182, 99, 66, 11, 37, 43, 12, 22, 51, 54, 143, 82, 48, 29, 78, 72, 120, 80, 16, 17, 39, 5, 133, 13, 46, 161, 159, 148, 160, 134, 112, 110, 113, 44, 20, 104, 41, 88, 50, 176, 76, 81, 121, 62, 141, 68, 52, 14, 56, 150, 135, 180, 157, 111, 151, 28, 114, 23, 67, 91, 101, 38, 42, 171, 149, 64, 137, 61, 77, 53, 92, 107, 115, 87, 15, 100, 139, 164, 117, 178, 89, 132, 19, 45, 34, 122, 95, 36, 71, 129, 26, 60, 174, 173, 156, 158, 140, 153, 24, 109, 127, 79, 59, 108, 179, 126, 47, 74, 175, 170, 27, 155, 131, 142, 96, 103, 125, 124, 90, 31, 144, 30, 1], [0, 1, 1, 0, 0, 0, 1, 1, 0, 0, 1, 0, 1, 1, 0, 1, 1, 1, 1, 0, 1, 1, 0, 1, 1, 1, 1, 0, 1, 1, 1, 1, 0, 0, 0, 1, 0, 0, 0, 0, 1, 1, 1, 0, 1, 1, 1, 0, 0, 0, 1, 1, 1, 1, 0, 0, 1, 1, 1, 0, 1, 0, 1, 0, 0, 1, 1, 1, 0, 0, 1, 1, 0, 1, 0, 1, 0, 1, 0, 0, 1, 1, 1, 1, 1, 1, 0, 0, 0, 0, 1, 1, 1, 0, 0, 0, 0, 0, 1, 0, 0, 1, 0, 0, 1, 1, 1, 0, 1, 1, 1, 1, 0, 1, 1, 0, 1, 1, 1, 1, 1, 0, 0, 0, 1, 1, 0, 0, 0, 1, 0, 1, 1, 1, 0, 1, 1, 0, 1, 1, 0, 0, 1, 0, 0, 1, 1, 1, 1, 1, 1, 0, 1, 0, 0, 1, 0, 0, 0, 1, 1, 1, 1, 1, 0, 0, 1, 1, 0, 1, 1, 0, 1, 0, 1, 1, 0, 1, 0, 1, 0, 1, 1])
Fitness:  2536.180000000002
Gens:  [0, 1, 2, 3, 4, 5, 6, 7, 8, 9, 10, 11, 12, 13, 14, 15, 16, 17, 18, 19, 20, 21, 22, 23, 24, 25, 26, 27, 28, 29, 30, 31, 32, 33, 34, 35, 36, 37, 38, 39, 40, 41, 42, 43, 44, 45, 46, 47, 48, 49, 50, 51, 52, 53, 54, 55, 56, 57, 58, 59, 60, 61, 62, 63, 64, 65, 66, 67, 68, 69, 70, 71, 72, 73, 74, 75, 76, 77, 78, 79, 80, 81, 82]
Inds:  [2604.872499999999, 2602.2350000000006, 2598.5549999999994, 2587.297499999999, 2585.8025000000002, 2585.8025000000002, 2585.8025000000002, 2585.7499999999995, 2585.7499999999995, 2585.7499999999995, 2582.295, 2582.295, 2573.955, 2573.955, 2566.0449999999996, 2566.0449999999996, 2566.0449999999996, 2563.7675000000004, 2563.7675000000004, 2563.7675000000004, 2563.7675000000004, 2563.7675000000004, 2563.7675000000004, 2563.7675000000004, 2563.7675000000004, 2563.7675000000004, 2563.7675000000004, 2563.7675000000004, 2563.7675000000004, 2563.7675000000004, 2563.7675000000004, 2563.7675000000004, 2561.497499999999, 2557.0775000000003, 2557.0775000000003, 2557.0775000000003, 2552.0725, 2552.0725, 2552.0725, 2552.0725, 2552.0725, 2552.0725, 2552.0725, 2552.0725, 2552.0725, 2552.0725, 2552.0725, 2552.0725, 2552.0725, 2550.5300000000007, 2550.5300000000007, 2550.5300000000007, 2550.5300000000007, 2550.5300000000007, 2550.5300000000007, 2550.5300000000007, 2550.5300000000007, 2550.5300000000007, 2550.5300000000007, 2550.5300000000007, 2550.5300000000007, 2550.5300000000007, 2550.5300000000007, 2546.0549999999994, 2546.0549999999994, 2546.0549999999994, 2546.0549999999994, 2545.232499999999, 2545.232499999999, 2543.9374999999995, 2543.9374999999995, 2543.9374999999995, 2538.3675, 2538.3675, 2538.3675, 2538.3675, 2538.3675, 2538.3675, 2538.3675, 2536.180000000002, 2536.180000000002, 2536.180000000002, 2536.180000000002]

