BRKGA: poly3b_sep

Execução 1:
Parametros: P=5000, Pe=0.3, Pm=0.1, pe=0.7, Parada=100
Tempo de Inicio (hh:mm:ss.ms) 2026-04-28 12:23:25.941344
gen	min    	max    	avg    	std     
0  	71.4225	74.5025	72.9494	0.431679
1  	71.2825	74.1725	72.68  	0.398574
2  	71.105 	74.1725	72.5723	0.427835
3  	71.0925	74.125 	72.492 	0.442803
4  	71.08  	74.2   	72.4297	0.462065
7  	70.9375	74.185 	72.2933	0.499028
8  	70.9   	74.1325	72.2615	0.512644
9  	70.67  	74.1325	72.2371	0.530992
17 	70.6375	74.1725	72.0858	0.591367
22 	70.485 	74.2325	72     	0.603721
32 	70.4225	74.1575	71.8869	0.650818
34 	70.205 	74.27  	71.8681	0.651403
50 	69.5775	74.17  	71.6927	0.701014
Tempo de Termino (hh:mm:ss.ms) 2026-04-28 12:28:34.559307
Tempo Total (hh:mm:ss.ms) 0:05:08.617963
Individuo: ([2, 97, 141, 189, 205, 171, 139, 202, 129, 195, 222, 223, 164, 220, 92, 136, 102, 144, 125, 196, 68, 103, 194, 214, 16, 45, 24, 133, 76, 53, 207, 191, 36, 14, 116, 177, 107, 218, 66, 69, 75, 132, 0, 88, 64, 63, 54, 79, 143, 149, 85, 87, 181, 55, 96, 60, 48, 174, 138, 35, 217, 114, 122, 209, 199, 198, 150, 90, 34, 59, 108, 155, 7, 57, 148, 111, 166, 47, 157, 109, 27, 12, 13, 5, 91, 123, 130, 40, 33, 173, 81, 206, 56, 200, 78, 158, 62, 212, 94, 30, 176, 221, 112, 99, 187, 100, 19, 38, 31, 170, 135, 37, 161, 165, 118, 80, 86, 115, 6, 32, 93, 197, 134, 89, 124, 219, 167, 172, 182, 42, 72, 145, 160, 120, 51, 216, 49, 43, 65, 215, 106, 41, 156, 71, 121, 52, 131, 208, 117, 84, 178, 162, 8, 9, 4, 10, 46, 169, 186, 192, 82, 15, 11, 126, 180, 204, 140, 213, 67, 151, 211, 210, 193, 179, 163, 185, 101, 113, 203, 119, 152, 95, 83, 3, 58, 77, 44, 21, 153, 61, 190, 184, 146, 74, 188, 50, 73, 39, 104, 128, 137, 201, 142, 147, 159, 25, 127, 154, 175, 168, 110, 98, 29, 28, 18, 23, 17, 22, 70, 26, 183, 105, 20, 1], [1, 1, 1, 1, 0, 1, 0, 1, 1, 0, 1, 1, 1, 0, 0, 1, 1, 1, 1, 1, 0, 0, 1, 1, 1, 0, 1, 0, 0, 0, 0, 0, 1, 0, 1, 1, 0, 1, 0, 0, 0, 1, 0, 1, 0, 0, 1, 1, 0, 0, 0, 0, 0, 1, 0, 1, 0, 0, 1, 0, 1, 0, 0, 1, 1, 0, 1, 1, 0, 1, 1, 0, 1, 1, 0, 0, 1, 1, 0, 0, 0, 1, 1, 0, 0, 0, 0, 0, 0, 1, 1, 0, 0, 1, 0, 0, 1, 0, 1, 0, 1, 1, 1, 0, 1, 1, 0, 1, 1, 1, 0, 1, 0, 1, 1, 1, 0, 1, 0, 1, 1, 0, 0, 1, 0, 0, 0, 1, 1, 0, 0, 0, 0, 0, 0, 0, 0, 0, 1, 1, 0, 0, 1, 1, 0, 0, 1, 1, 1, 1, 1, 0, 0, 1, 1, 1, 1, 1, 1, 0, 0, 1, 0, 1, 0, 0, 0, 0, 1, 1, 0, 0, 1, 1, 1, 1, 0, 1, 0, 0, 1, 1, 1, 0, 0, 0, 1, 0, 1, 1, 0, 1, 1, 1, 0, 0, 0, 1, 0, 0, 0, 0, 1, 0, 0, 0, 0, 0, 0, 1, 0, 1, 0, 1, 0, 1, 0, 1, 0, 1, 0, 0, 0, 0])
Fitness:  69.57749999999999
Gens:  [0, 1, 2, 3, 4, 5, 6, 7, 8, 9, 10, 11, 12, 13, 14, 15, 16, 17, 18, 19, 20, 21, 22, 23, 24, 25, 26, 27, 28, 29, 30, 31, 32, 33, 34, 35, 36, 37, 38, 39, 40, 41, 42, 43, 44, 45, 46, 47, 48, 49, 50, 51, 52, 53, 54, 55, 56, 57, 58, 59, 60, 61, 62, 63, 64, 65]
Inds:  [71.4225, 71.28250000000004, 71.10500000000005, 71.09250000000002, 71.08000000000004, 71.08000000000004, 71.08000000000004, 70.9375, 70.89999999999998, 70.67000000000006, 70.67000000000006, 70.67000000000006, 70.67000000000006, 70.67000000000006, 70.67000000000006, 70.67000000000006, 70.67000000000006, 70.63750000000002, 70.63750000000002, 70.63750000000002, 70.63750000000002, 70.63750000000002, 70.485, 70.485, 70.485, 70.485, 70.485, 70.485, 70.485, 70.485, 70.485, 70.485, 70.42250000000001, 70.42250000000001, 70.20500000000003, 70.20500000000003, 70.20500000000003, 70.20500000000003, 70.20500000000003, 70.20500000000003, 70.20500000000003, 70.20500000000003, 70.20500000000003, 70.20500000000003, 70.20500000000003, 70.20500000000003, 70.20500000000003, 70.20500000000003, 70.20500000000003, 70.20500000000003, 69.57749999999999, 69.57749999999999, 69.57749999999999, 69.57749999999999, 69.57749999999999, 69.57749999999999, 69.57749999999999, 69.57749999999999, 69.57749999999999, 69.57749999999999, 69.57749999999999, 69.57749999999999, 69.57749999999999, 69.57749999999999, 69.57749999999999, 69.57749999999999]

