BRKGA: poly4a_mod_sep

Execução 1:
Parametros: P=5000, Pe=0.3, Pm=0.1, pe=0.7, Parada=100
Tempo de Inicio (hh:mm:ss.ms) 2026-04-28 12:24:10.374095
gen	min    	max    	avg  	std    
0  	12121.8	12868.5	12536	106.701
1  	12098.9	12843.3	12469.5	99.8022
2  	12070.2	12879.6	12440.7	105.121
4  	12049.9	12940.9	12403.8	116.141
9  	11999.5	12900.5	12361.4	131.484
11 	11955.6	12816.7	12351  	138.024
25 	11954.5	12838.1	12300.7	153.237
27 	11910.8	12877.3	12296.8	156.043
Tempo de Termino (hh:mm:ss.ms) 2026-04-28 12:29:25.297555
Tempo Total (hh:mm:ss.ms) 0:05:14.923460
Individuo: ([194, 117, 340, 71, 152, 348, 285, 379, 237, 254, 203, 165, 173, 243, 31, 306, 225, 160, 202, 214, 135, 261, 247, 85, 393, 368, 297, 392, 300, 307, 361, 116, 51, 209, 175, 129, 162, 145, 163, 391, 400, 265, 84, 232, 66, 415, 357, 381, 421, 425, 366, 278, 337, 62, 395, 412, 81, 132, 302, 272, 36, 216, 312, 212, 169, 120, 330, 397, 54, 177, 334, 97, 424, 50, 310, 227, 308, 253, 195, 103, 4, 122, 43, 69, 128, 183, 411, 291, 45, 349, 387, 99, 90, 57, 104, 76, 159, 63, 38, 107, 322, 296, 346, 155, 124, 95, 355, 86, 48, 42, 88, 293, 386, 268, 344, 58, 228, 65, 113, 406, 298, 96, 353, 35, 74, 89, 131, 59, 37, 274, 28, 166, 283, 280, 148, 413, 186, 87, 218, 127, 295, 245, 147, 345, 360, 336, 102, 263, 39, 273, 251, 105, 106, 236, 110, 389, 404, 380, 303, 138, 185, 168, 137, 388, 376, 275, 311, 64, 52, 419, 121, 139, 410, 294, 126, 154, 201, 158, 61, 335, 151, 47, 316, 144, 325, 398, 396, 399, 150, 94, 24, 288, 354, 221, 34, 25, 181, 191, 417, 427, 235, 304, 92, 299, 197, 262, 374, 341, 351, 315, 332, 277, 211, 161, 422, 327, 240, 423, 426, 339, 309, 317, 199, 12, 401, 343, 331, 248, 238, 409, 375, 30, 256, 244, 305, 363, 210, 224, 215, 93, 100, 257, 101, 174, 115, 383, 72, 196, 408, 326, 143, 75, 46, 276, 249, 260, 119, 266, 328, 364, 29, 198, 234, 205, 350, 414, 223, 333, 41, 284, 208, 258, 407, 371, 189, 229, 44, 188, 267, 200, 140, 384, 9, 10, 56, 21, 55, 359, 142, 347, 226, 17, 172, 342, 323, 164, 3, 1, 180, 319, 233, 171, 60, 403, 167, 83, 19, 73, 292, 220, 372, 367, 213, 385, 405, 239, 362, 40, 394, 416, 190, 320, 301, 67, 49, 182, 290, 53, 16, 178, 130, 15, 402, 313, 271, 5, 20, 27, 329, 356, 153, 70, 141, 98, 11, 289, 157, 318, 270, 377, 279, 338, 259, 314, 68, 7, 230, 118, 321, 207, 217, 241, 170, 125, 390, 287, 146, 123, 18, 184, 133, 33, 108, 8, 2, 82, 281, 250, 176, 370, 242, 156, 6, 13, 206, 0, 282, 420, 378, 269, 77, 26, 192, 187, 231, 373, 193, 134, 264, 112, 136, 252, 255, 222, 80, 114, 418, 365, 352, 14, 246, 324, 91, 219, 109, 22, 179, 204, 149, 358, 286, 382, 369, 32, 23, 79, 78, 111], [0, 0, 0, 0, 0, 1, 1, 1, 1, 0, 1, 0, 1, 0, 0, 1, 0, 1, 1, 0, 0, 1, 1, 1, 1, 0, 0, 0, 1, 1, 1, 1, 0, 0, 0, 1, 1, 1, 1, 0, 1, 0, 0, 1, 1, 0, 1, 1, 0, 0, 1, 0, 1, 1, 0, 1, 1, 0, 0, 0, 0, 1, 1, 1, 1, 1, 1, 0, 1, 0, 0, 0, 0, 1, 0, 1, 1, 0, 0, 0, 1, 1, 0, 1, 0, 1, 1, 0, 1, 1, 1, 0, 0, 0, 0, 0, 0, 1, 1, 1, 1, 1, 1, 1, 1, 1, 1, 1, 0, 1, 1, 0, 1, 1, 0, 1, 0, 1, 1, 1, 0, 0, 0, 1, 1, 1, 0, 0, 0, 1, 1, 1, 0, 0, 1, 1, 0, 1, 0, 1, 1, 1, 1, 0, 0, 1, 0, 1, 1, 1, 1, 1, 0, 0, 1, 0, 1, 0, 1, 1, 1, 1, 1, 1, 1, 1, 0, 1, 1, 1, 0, 0, 0, 1, 0, 1, 1, 1, 0, 0, 0, 1, 1, 1, 1, 1, 0, 0, 1, 1, 0, 0, 1, 0, 1, 1, 1, 0, 1, 0, 1, 1, 1, 1, 0, 0, 1, 0, 1, 0, 1, 0, 1, 1, 0, 0, 1, 0, 0, 0, 0, 1, 1, 0, 1, 0, 0, 1, 0, 0, 1, 1, 1, 1, 0, 1, 1, 1, 0, 1, 0, 0, 0, 0, 0, 0, 0, 1, 0, 1, 1, 0, 0, 0, 0, 0, 0, 0, 1, 0, 0, 1, 0, 1, 0, 0, 1, 1, 0, 1, 1, 0, 1, 1, 0, 0, 0, 0, 1, 1, 0, 0, 0, 0, 1, 1, 1, 1, 0, 1, 0, 0, 0, 0, 1, 1, 0, 0, 1, 1, 0, 1, 1, 1, 1, 1, 1, 1, 1, 0, 0, 0, 0, 1, 0, 1, 0, 0, 1, 0, 1, 0, 0, 0, 1, 0, 1, 0, 0, 1, 0, 1, 1, 0, 1, 0, 0, 0, 1, 1, 1, 1, 1, 0, 0, 0, 0, 0, 0, 1, 0, 0, 1, 0, 1, 0, 1, 1, 0, 1, 0, 1, 0, 1, 1, 0, 0, 0, 0, 1, 0, 0, 1, 0, 0, 1, 1, 1, 1, 0, 0, 1, 0, 1, 0, 1, 1, 1, 1, 1, 1, 1, 0, 0, 0, 0, 0, 1, 0, 0, 0, 0, 0, 1, 1, 0, 1, 1, 0, 1, 0, 0, 0, 1, 1, 1, 1, 0, 1, 1, 0, 0, 1, 0, 1, 1, 1, 1])
Fitness:  11910.794077825874
Gens:  [0, 1, 2, 3, 4, 5, 6, 7, 8, 9, 10, 11, 12, 13, 14, 15, 16, 17, 18, 19, 20, 21, 22, 23, 24, 25, 26, 27]
Inds:  [12121.80088978948, 12098.944348938374, 12070.212022933662, 12070.212022933662, 12049.92030186178, 12049.92030186178, 12049.92030186178, 12049.92030186178, 12049.92030186178, 11999.49490586649, 11999.49490586649, 11955.564752195298, 11955.564752195298, 11955.564752195298, 11955.564752195298, 11955.564752195298, 11955.564752195298, 11955.564752195298, 11955.564752195298, 11955.564752195298, 11955.564752195298, 11955.564752195298, 11955.564752195298, 11955.564752195298, 11955.564752195298, 11954.452933084525, 11954.452933084525, 11910.794077825874]

