BRKGA: poly4b_pack

Execução 1:
Parametros: P=5000, Pe=0.3, Pm=0.1, pe=0.7, Parada=100
Tempo de Inicio (hh:mm:ss.ms) 2026-04-28 12:25:14.012123
gen	min   	max  	avg    	std     
0  	96.215	100.5	98.5073	0.603204
2  	96.0625	100.748	97.9934	0.593043
3  	95.9725	100.29 	97.8681	0.61404 
4  	95.9525	100.082	97.7787	0.644927
5  	95.78  	100.195	97.7171	0.668999
6  	95.62  	100.082	97.6612	0.693053
14 	95.5275	100.435	97.3603	0.784805
16 	95.2475	100.267	97.3271	0.801592
24 	95.16  	100.23 	97.213 	0.855029
32 	94.955 	100.09 	97.1136	0.892983
42 	94.8675	100.16 	97.013 	0.924804
Tempo de Termino (hh:mm:ss.ms) 2026-04-28 12:30:21.580859
Tempo Total (hh:mm:ss.ms) 0:05:07.568736
Individuo: ([91, 168, 247, 43, 84, 197, 226, 64, 27, 37, 34, 32, 214, 142, 6, 10, 139, 146, 144, 221, 169, 239, 281, 283, 229, 172, 8, 61, 153, 124, 296, 126, 40, 101, 209, 198, 30, 115, 33, 256, 291, 148, 133, 31, 104, 267, 237, 122, 265, 285, 255, 187, 248, 210, 234, 204, 243, 96, 89, 45, 86, 151, 155, 53, 49, 56, 117, 150, 230, 114, 54, 246, 263, 253, 78, 16, 140, 143, 174, 156, 235, 108, 128, 131, 98, 295, 107, 85, 60, 194, 238, 302, 282, 218, 244, 26, 175, 273, 232, 200, 202, 103, 179, 300, 171, 20, 52, 83, 206, 222, 199, 233, 136, 250, 55, 74, 3, 163, 162, 134, 188, 121, 59, 18, 12, 1, 138, 4, 69, 65, 99, 245, 141, 145, 105, 260, 21, 48, 241, 120, 73, 24, 109, 252, 272, 77, 228, 213, 190, 195, 240, 81, 92, 119, 88, 82, 293, 192, 279, 173, 102, 154, 75, 9, 123, 160, 164, 62, 47, 178, 183, 158, 216, 215, 212, 152, 301, 71, 220, 288, 185, 72, 270, 39, 201, 193, 189, 159, 262, 292, 184, 261, 76, 7, 110, 23, 51, 182, 257, 46, 294, 290, 13, 22, 94, 203, 161, 36, 177, 80, 58, 67, 44, 28, 17, 90, 11, 231, 227, 57, 130, 258, 208, 284, 149, 217, 116, 15, 0, 132, 137, 165, 93, 2, 180, 97, 278, 223, 25, 170, 277, 95, 298, 274, 157, 224, 68, 225, 207, 19, 100, 135, 14, 125, 264, 186, 211, 299, 127, 66, 113, 111, 147, 242, 269, 275, 259, 42, 176, 191, 271, 287, 129, 297, 249, 289, 50, 106, 87, 196, 35, 41, 251, 286, 236, 268, 205, 276, 112, 29, 63, 118, 38, 79, 254, 219, 70, 280, 5, 167, 181, 266, 166], [1, 0, 0, 1, 1, 0, 1, 0, 0, 1, 0, 0, 1, 1, 0, 1, 1, 1, 0, 1, 1, 0, 0, 0, 1, 0, 1, 0, 1, 0, 0, 1, 1, 0, 1, 1, 1, 1, 0, 1, 1, 1, 1, 1, 0, 0, 0, 1, 0, 1, 0, 1, 1, 0, 1, 1, 1, 0, 1, 1, 0, 1, 0, 1, 1, 0, 0, 1, 1, 1, 0, 1, 1, 1, 0, 0, 1, 1, 0, 1, 0, 1, 1, 0, 0, 1, 0, 1, 0, 0, 0, 0, 0, 0, 1, 0, 0, 0, 1, 1, 0, 0, 1, 1, 0, 0, 0, 0, 1, 1, 1, 0, 1, 1, 0, 0, 0, 1, 0, 1, 0, 1, 1, 0, 1, 1, 1, 1, 1, 0, 0, 1, 0, 0, 0, 0, 1, 1, 1, 1, 1, 1, 1, 1, 0, 1, 0, 1, 0, 1, 0, 0, 0, 0, 0, 0, 1, 0, 1, 1, 0, 0, 0, 0, 1, 0, 0, 0, 0, 1, 0, 1, 0, 1, 1, 1, 0, 0, 0, 0, 1, 0, 0, 0, 1, 1, 1, 1, 0, 1, 0, 0, 0, 0, 0, 1, 1, 0, 1, 1, 1, 1, 1, 1, 0, 1, 1, 0, 0, 0, 0, 0, 0, 1, 1, 0, 0, 0, 1, 1, 1, 1, 0, 1, 0, 1, 1, 0, 1, 0, 1, 0, 0, 1, 0, 1, 1, 1, 1, 0, 0, 0, 1, 1, 1, 0, 1, 0, 0, 1, 1, 0, 0, 0, 0, 0, 0, 1, 0, 0, 1, 0, 1, 0, 1, 0, 1, 1, 0, 0, 0, 1, 1, 1, 0, 1, 0, 1, 1, 0, 1, 1, 0, 0, 0, 0, 1, 1, 0, 1, 0, 1, 1, 1, 0, 0, 1, 1, 1, 1, 0, 0, 0])
Fitness:  94.86750000000004
Gens:  [0, 1, 2, 3, 4, 5, 6, 7, 8, 9, 10, 11, 12, 13, 14, 15, 16, 17, 18, 19, 20, 21, 22, 23, 24, 25, 26, 27, 28, 29, 30, 31, 32, 33, 34, 35, 36, 37, 38, 39, 40, 41, 42, 43]
Inds:  [96.21499999999999, 96.21499999999999, 96.0624999999999, 95.97250000000001, 95.95250000000004, 95.77999999999996, 95.61999999999996, 95.61999999999996, 95.61999999999996, 95.61999999999996, 95.61999999999996, 95.61999999999996, 95.61999999999996, 95.61999999999996, 95.52749999999993, 95.52749999999993, 95.2475, 95.2475, 95.2475, 95.2475, 95.2475, 95.2475, 95.2475, 95.2475, 95.16000000000008, 95.16000000000008, 95.16000000000008, 95.16000000000008, 95.16000000000008, 95.16000000000008, 95.16000000000008, 95.16000000000008, 94.95500000000006, 94.95500000000006, 94.95500000000006, 94.95500000000006, 94.95500000000006, 94.95500000000006, 94.95500000000006, 94.95500000000006, 94.95500000000006, 94.95500000000006, 94.86750000000004, 94.86750000000004]

