BRKGA: poly4b_mod_pack

Execução 1:
Parametros: P=5000, Pe=0.3, Pm=0.1, pe=0.7, Parada=100
Tempo de Inicio (hh:mm:ss.ms) 2026-04-28 12:24:33.481218
gen	min    	max   	avg    	std    
0  	136.433	143.37	139.919	1.03741
1  	136.308	143.387	139.266	0.977869
2  	135.318	142.856	138.986	1.0342  
6  	134.869	142.958	138.438	1.21403 
9  	134.8  	142.78 	138.174	1.2599  
10 	134.49 	143.267	138.143	1.30209 
13 	134.256	143.11 	138.002	1.34093 
24 	134.163	143.062	137.624	1.47756 
32 	133.871	143.008	137.438	1.5445  
34 	133.813	142.967	137.421	1.56534 
Tempo de Termino (hh:mm:ss.ms) 2026-04-28 12:29:42.626759
Tempo Total (hh:mm:ss.ms) 0:05:09.145541
Individuo: ([101, 93, 222, 299, 332, 83, 296, 167, 276, 254, 217, 22, 114, 210, 72, 271, 186, 97, 242, 205, 9, 27, 104, 256, 221, 15, 203, 188, 233, 315, 231, 230, 90, 52, 103, 193, 182, 31, 219, 69, 65, 277, 87, 154, 260, 287, 107, 60, 211, 55, 337, 126, 111, 36, 35, 128, 78, 57, 204, 225, 124, 19, 292, 301, 272, 273, 280, 48, 237, 275, 223, 264, 250, 184, 291, 181, 278, 119, 220, 207, 8, 7, 187, 338, 316, 146, 11, 147, 159, 3, 259, 149, 333, 175, 105, 152, 141, 133, 86, 234, 161, 198, 199, 252, 191, 98, 305, 67, 328, 47, 56, 169, 307, 268, 125, 209, 295, 174, 121, 201, 157, 81, 123, 200, 42, 40, 308, 331, 202, 319, 269, 258, 236, 130, 89, 214, 282, 206, 245, 165, 108, 327, 320, 267, 183, 2, 330, 120, 266, 14, 70, 53, 33, 132, 91, 96, 194, 59, 255, 46, 49, 17, 20, 247, 262, 274, 142, 6, 257, 150, 30, 118, 45, 216, 79, 10, 54, 76, 75, 177, 195, 244, 172, 238, 306, 164, 94, 25, 12, 283, 246, 129, 289, 302, 288, 310, 197, 215, 323, 235, 329, 228, 261, 68, 85, 131, 166, 227, 190, 92, 185, 158, 41, 50, 314, 335, 281, 313, 336, 196, 1, 5, 4, 28, 32, 326, 110, 263, 226, 151, 138, 312, 294, 162, 51, 34, 224, 286, 334, 218, 176, 325, 140, 122, 145, 63, 74, 29, 39, 95, 106, 232, 178, 248, 160, 73, 322, 66, 18, 61, 80, 62, 208, 241, 240, 270, 179, 88, 99, 23, 58, 0, 117, 156, 317, 249, 243, 304, 251, 309, 293, 290, 13, 84, 253, 265, 284, 324, 134, 82, 16, 171, 100, 173, 71, 102, 112, 229, 321, 38, 77, 189, 180, 139, 213, 285, 300, 127, 113, 298, 297, 136, 137, 303, 239, 279, 144, 170, 24, 115, 44, 192, 26, 163, 168, 37, 155, 143, 116, 148, 153, 311, 318, 43, 212, 135, 64, 21, 109], [1, 0, 1, 0, 0, 1, 0, 1, 0, 1, 1, 1, 1, 0, 0, 1, 0, 0, 0, 1, 1, 1, 1, 1, 1, 0, 0, 1, 1, 1, 1, 0, 0, 1, 1, 0, 1, 1, 0, 0, 0, 0, 1, 1, 1, 0, 0, 1, 1, 1, 1, 0, 1, 1, 1, 0, 1, 1, 1, 0, 0, 1, 1, 0, 1, 1, 1, 1, 0, 1, 0, 0, 1, 0, 1, 1, 1, 1, 1, 0, 1, 0, 0, 1, 0, 1, 0, 1, 1, 1, 0, 1, 1, 0, 1, 1, 0, 0, 0, 1, 1, 1, 0, 0, 0, 1, 0, 0, 1, 0, 1, 0, 1, 1, 0, 0, 1, 0, 1, 0, 0, 0, 0, 1, 0, 0, 0, 0, 0, 1, 1, 0, 0, 1, 1, 1, 0, 0, 0, 1, 0, 1, 1, 0, 0, 0, 1, 0, 0, 1, 0, 1, 1, 1, 1, 0, 1, 0, 1, 1, 0, 1, 1, 1, 1, 1, 0, 0, 0, 1, 1, 1, 0, 1, 0, 1, 0, 0, 0, 1, 1, 0, 1, 1, 1, 1, 1, 1, 0, 0, 1, 1, 0, 0, 0, 1, 1, 0, 1, 1, 1, 1, 0, 1, 0, 0, 0, 1, 1, 1, 1, 1, 0, 1, 0, 1, 0, 0, 0, 1, 0, 0, 0, 0, 1, 0, 1, 1, 0, 1, 0, 1, 0, 1, 0, 1, 1, 1, 1, 1, 0, 1, 0, 1, 0, 1, 0, 1, 1, 1, 0, 0, 1, 1, 1, 0, 1, 1, 1, 0, 0, 1, 1, 1, 0, 1, 0, 1, 1, 0, 0, 1, 0, 0, 0, 1, 1, 0, 1, 0, 1, 1, 1, 1, 1, 0, 1, 1, 0, 0, 0, 0, 0, 1, 1, 1, 0, 0, 0, 0, 1, 1, 0, 0, 0, 0, 0, 0, 0, 0, 1, 1, 1, 0, 0, 0, 0, 1, 0, 0, 0, 1, 1, 1, 0, 1, 1, 1, 1, 0, 1, 0, 1, 1, 0, 0, 1, 1, 0])
Fitness:  133.81329671707425
Gens:  [0, 1, 2, 3, 4, 5, 6, 7, 8, 9, 10, 11, 12, 13, 14, 15, 16, 17, 18, 19, 20, 21, 22, 23, 24, 25, 26, 27, 28, 29, 30, 31, 32, 33, 34, 35, 36, 37]
Inds:  [136.43315846263735, 136.3078888073217, 135.31798706153168, 135.31798706153168, 135.31798706153168, 135.31798706153168, 134.8685415389605, 134.8685415389605, 134.8685415389605, 134.7995198679734, 134.48982275410827, 134.48982275410827, 134.48982275410827, 134.25557921120517, 134.25557921120517, 134.25557921120517, 134.25557921120517, 134.25557921120517, 134.25557921120517, 134.25557921120517, 134.25557921120517, 134.25557921120517, 134.25557921120517, 134.25557921120517, 134.1633102811354, 134.1633102811354, 134.1633102811354, 134.1633102811354, 134.1633102811354, 134.1633102811354, 134.1633102811354, 134.1633102811354, 133.87114800037676, 133.87114800037676, 133.81329671707425, 133.81329671707425, 133.81329671707425, 133.81329671707425]

