BRKGA: poly1a_mod_sep

Execução 1:
Parametros: P=5000, Pe=0.3, Pm=0.1, pe=0.7, Parada=100
Tempo de Inicio (hh:mm:ss.ms) 2026-04-28 12:15:40.708919
gen	min    	max    	avg    	std     
0  	21.0846	22.3527	21.7194	0.182371
1  	20.9952	22.2407	21.6074	0.171053
3  	20.9443	22.2474	21.519 	0.192375
5  	20.8278	22.3338	21.4668	0.206494
11 	20.7814	22.3085	21.3686	0.235593
13 	20.6332	22.2205	21.3471	0.245502
25 	20.6163	22.2529	21.1663	0.277831
26 	20.5629	22.3643	21.1459	0.278361
28 	20.5182	22.1838	21.1034	0.285721
29 	20.4491	22.279 	21.0769	0.290649
34 	20.3645	22.2067	20.9398	0.312969
36 	20.3014	22.2055	20.8802	0.320624
39 	20.2923	22.2856	20.7908	0.340032
40 	20.271 	22.2059	20.7605	0.347019
41 	20.2591	22.1775	20.7312	0.356855
42 	20.2392	22.2876	20.7039	0.363773
43 	20.1757	22.2357	20.6767	0.373483
45 	20.1713	22.2144	20.6226	0.383521
46 	20.1269	22.3052	20.601 	0.397053
47 	20.1101	22.2359	20.5778	0.401903
48 	19.9778	22.1406	20.5563	0.408376
54 	19.9637	22.4232	20.452 	0.438669
58 	19.9549	22.3488	20.3901	0.458994
60 	19.8826	22.2669	20.3626	0.472706
62 	19.8768	22.3931	20.3288	0.477333
63 	19.8534	22.3116	20.3096	0.482688
64 	19.8445	22.2076	20.294 	0.48982 
65 	19.7998	22.3332	20.2755	0.493788
67 	19.7931	22.1821	20.2374	0.501457
69 	19.7846	22.2393	20.2044	0.519125
70 	19.7775	22.1854	20.1857	0.52095 
71 	19.7344	22.2687	20.1678	0.528844
74 	19.7038	22.1813	20.1186	0.545535
75 	19.6476	22.2345	20.102 	0.549244
80 	19.5876	22.2102	20.0257	0.577734
81 	19.5708	22.1945	20.008 	0.576628
86 	19.4766	22.2374	19.9432	0.603167
91 	19.4724	22.2087	19.8814	0.618587
93 	19.4633	22.2964	19.864 	0.627355
94 	19.426 	22.195 	19.8526	0.62702 
101	19.3935	22.3144	19.7933	0.649403
102	19.3582	22.3909	19.7863	0.649192
107	19.3103	22.2772	19.7464	0.65936 
114	19.3042	22.2822	19.683 	0.685274
117	19.2744	22.2824	19.6535	0.692413
118	19.2696	22.2891	19.6449	0.697933
120	19.2576	22.3383	19.6271	0.704257
121	19.2426	22.2846	19.6172	0.703778
123	19.2351	22.2355	19.5997	0.712883
125	19.2138	22.2945	19.5814	0.715294
128	19.2064	22.2927	19.5526	0.725236
129	19.2039	22.2617	19.5435	0.729444
131	19.1898	22.3064	19.5263	0.736428
133	19.1782	22.271 	19.5087	0.737897
134	19.1776	22.2668	19.501 	0.742499
136	19.166 	22.2275	19.4863	0.750666
138	19.1613	22.3088	19.4721	0.757408
139	19.1529	22.3401	19.4634	0.75589 
140	19.1454	22.2723	19.456 	0.758865
145	19.1441	22.2838	19.4346	0.763214
148	19.1402	22.2404	19.4263	0.768536
158	19.1367	22.361 	19.4138	0.76911 
171	19.1351	22.1767	19.4117	0.773029
173	19.1304	22.4675	19.4088	0.776516
274	19.1304	22.2403	19.389 	0.77759 
Tempo de Termino (hh:mm:ss.ms) 2026-04-28 12:20:24.167790
Tempo Total (hh:mm:ss.ms) 0:04:43.458871
Individuo: ([1, 3, 4, 5, 6, 11, 12, 19, 32, 33, 31, 29, 28, 27, 41, 46, 45, 56, 55, 54, 53, 59, 58, 57, 35, 34, 36, 37, 38, 39, 42, 43, 40, 44, 52, 49, 50, 51, 47, 48, 26, 25, 30, 23, 24, 7, 10, 21, 22, 16, 20, 18, 17, 14, 15, 13, 8, 9, 2, 0], [0, 0, 0, 0, 0, 0, 0, 1, 0, 0, 0, 0, 1, 1, 1, 1, 1, 1, 1, 1, 1, 1, 1, 1, 1, 1, 1, 0, 0, 0, 0, 0, 0, 0, 0, 0, 0, 0, 1, 1, 1, 1, 1, 0, 0, 0, 0, 0, 0, 1, 1, 1, 1, 0, 0, 0, 1, 0, 1, 0])
Fitness:  19.1303786202256
Gens:  [0, 1, 2, 3, 4, 5, 6, 7, 8, 9, 10, 11, 12, 13, 14, 15, 16, 17, 18, 19, 20, 21, 22, 23, 24, 25, 26, 27, 28, 29, 30, 31, 32, 33, 34, 35, 36, 37, 38, 39, 40, 41, 42, 43, 44, 45, 46, 47, 48, 49, 50, 51, 52, 53, 54, 55, 56, 57, 58, 59, 60, 61, 62, 63, 64, 65, 66, 67, 68, 69, 70, 71, 72, 73, 74, 75, 76, 77, 78, 79, 80, 81, 82, 83, 84, 85, 86, 87, 88, 89, 90, 91, 92, 93, 94, 95, 96, 97, 98, 99, 100, 101, 102, 103, 104, 105, 106, 107, 108, 109, 110, 111, 112, 113, 114, 115, 116, 117, 118, 119, 120, 121, 122, 123, 124, 125, 126, 127, 128, 129, 130, 131, 132, 133, 134, 135, 136, 137, 138, 139, 140, 141, 142, 143, 144, 145, 146, 147, 148, 149, 150, 151, 152, 153, 154, 155, 156, 157, 158, 159, 160, 161, 162, 163, 164, 165, 166, 167, 168, 169, 170, 171, 172, 173, 174, 175, 176, 177, 178, 179, 180, 181, 182, 183, 184, 185, 186, 187, 188, 189, 190, 191, 192, 193, 194, 195, 196, 197, 198, 199, 200, 201, 202, 203, 204, 205, 206, 207, 208, 209, 210, 211, 212, 213, 214, 215, 216, 217, 218, 219, 220, 221, 222, 223, 224, 225, 226, 227, 228, 229, 230, 231, 232, 233, 234, 235, 236, 237, 238, 239, 240, 241, 242, 243, 244, 245, 246, 247, 248, 249, 250, 251, 252, 253, 254, 255, 256, 257, 258, 259, 260, 261, 262, 263, 264, 265, 266, 267, 268, 269, 270, 271, 272, 273, 274]
Inds:  [21.08460043713262, 20.995231423717623, 20.995231423717623, 20.944279502469918, 20.944279502469918, 20.827779121549302, 20.827779121549302, 20.827779121549302, 20.827779121549302, 20.827779121549302, 20.827779121549302, 20.781402908264294, 20.781402908264294, 20.633179795539792, 20.633179795539792, 20.633179795539792, 20.633179795539792, 20.633179795539792, 20.633179795539792, 20.633179795539792, 20.633179795539792, 20.633179795539792, 20.633179795539792, 20.633179795539792, 20.633179795539792, 20.61629429807021, 20.5629288636421, 20.5629288636421, 20.518173588781877, 20.44912547102979, 20.44912547102979, 20.44912547102979, 20.44912547102979, 20.44912547102979, 20.36451765272862, 20.36451765272862, 20.30138252665991, 20.30138252665991, 20.30138252665991, 20.292266056541234, 20.27102808747041, 20.259085312101913, 20.239208355602777, 20.17571554760508, 20.17571554760508, 20.171284772884604, 20.12687564969943, 20.110055434281175, 19.977819247309725, 19.977819247309725, 19.977819247309725, 19.977819247309725, 19.977819247309725, 19.977819247309725, 19.96373704632103, 19.96373704632103, 19.96373704632103, 19.96373704632103, 19.954911191384568, 19.954911191384568, 19.882603524080263, 19.882603524080263, 19.876785699729574, 19.85343061624587, 19.84447475890901, 19.79978145481741, 19.79978145481741, 19.793107764324315, 19.793107764324315, 19.784580941416685, 19.77748581721875, 19.73437243502121, 19.73437243502121, 19.73437243502121, 19.703775432867534, 19.647605893627226, 19.647605893627226, 19.647605893627226, 19.647605893627226, 19.647605893627226, 19.58756710799142, 19.570843170498474, 19.570843170498474, 19.570843170498474, 19.570843170498474, 19.570843170498474, 19.476606529377662, 19.476606529377662, 19.476606529377662, 19.476606529377662, 19.476606529377662, 19.472351248403815, 19.472351248403815, 19.46327815727494, 19.426018561221408, 19.426018561221408, 19.426018561221408, 19.426018561221408, 19.426018561221408, 19.426018561221408, 19.426018561221408, 19.393496267484036, 19.358166729920082, 19.358166729920082, 19.358166729920082, 19.358166729920082, 19.358166729920082, 19.310333399970258, 19.310333399970258, 19.310333399970258, 19.310333399970258, 19.310333399970258, 19.310333399970258, 19.310333399970258, 19.304160756635753, 19.304160756635753, 19.304160756635753, 19.274403570211803, 19.26955805602194, 19.26955805602194, 19.257637751919646, 19.24262043517848, 19.24262043517848, 19.23510173804175, 19.23510173804175, 19.213806627028152, 19.213806627028152, 19.213806627028152, 19.206362797858795, 19.20392055238926, 19.20392055238926, 19.189755739497855, 19.189755739497855, 19.17819398679927, 19.17762941394251, 19.17762941394251, 19.165976266355337, 19.165976266355337, 19.16127511735737, 19.152850894663157, 19.145428647143174, 19.145428647143174, 19.145428647143174, 19.145428647143174, 19.145428647143174, 19.144141276549348, 19.144141276549348, 19.144141276549348, 19.140227374006855, 19.140227374006855, 19.140227374006855, 19.140227374006855, 19.140227374006855, 19.140227374006855, 19.140227374006855, 19.140227374006855, 19.140227374006855, 19.140227374006855, 19.13669202391813, 19.13669202391813, 19.13669202391813, 19.13669202391813, 19.13669202391813, 19.13669202391813, 19.13669202391813, 19.13669202391813, 19.13669202391813, 19.13669202391813, 19.13669202391813, 19.13669202391813, 19.13669202391813, 19.135102630513963, 19.135102630513963, 19.1303786202256, 19.1303786202256, 19.1303786202256, 19.1303786202256, 19.1303786202256, 19.1303786202256, 19.1303786202256, 19.1303786202256, 19.1303786202256, 19.1303786202256, 19.1303786202256, 19.1303786202256, 19.1303786202256, 19.1303786202256, 19.1303786202256, 19.1303786202256, 19.1303786202256, 19.1303786202256, 19.1303786202256, 19.1303786202256, 19.1303786202256, 19.1303786202256, 19.1303786202256, 19.1303786202256, 19.1303786202256, 19.1303786202256, 19.1303786202256, 19.1303786202256, 19.1303786202256, 19.1303786202256, 19.1303786202256, 19.1303786202256, 19.1303786202256, 19.1303786202256, 19.1303786202256, 19.1303786202256, 19.1303786202256, 19.1303786202256, 19.1303786202256, 19.1303786202256, 19.1303786202256, 19.1303786202256, 19.1303786202256, 19.1303786202256, 19.1303786202256, 19.1303786202256, 19.1303786202256, 19.1303786202256, 19.1303786202256, 19.1303786202256, 19.1303786202256, 19.1303786202256, 19.1303786202256, 19.1303786202256, 19.1303786202256, 19.1303786202256, 19.1303786202256, 19.1303786202256, 19.1303786202256, 19.1303786202256, 19.1303786202256, 19.1303786202256, 19.1303786202256, 19.1303786202256, 19.1303786202256, 19.1303786202256, 19.1303786202256, 19.1303786202256, 19.1303786202256, 19.1303786202256, 19.1303786202256, 19.1303786202256, 19.1303786202256, 19.1303786202256, 19.1303786202256, 19.1303786202256, 19.1303786202256, 19.1303786202256, 19.1303786202256, 19.1303786202256, 19.1303786202256, 19.1303786202256, 19.1303786202256, 19.1303786202256, 19.1303786202256, 19.1303786202256, 19.1303786202256, 19.1303786202256, 19.1303786202256, 19.1303786202256, 19.1303786202256, 19.1303786202256, 19.1303786202256, 19.1303786202256, 19.1303786202256, 19.1303786202256, 19.1303786202256, 19.1303786202256, 19.1303786202256, 19.1303786202256, 19.1303786202256, 19.1303786202256]

