BRKGA: poly2b_pack

Execução 1:
Parametros: P=5000, Pe=0.3, Pm=0.1, pe=0.7, Parada=100
Tempo de Inicio (hh:mm:ss.ms) 2026-04-28 12:19:48.468708
gen	min  	max    	avg    	std     
0  	48.47	50.2675	49.3668	0.287461
1  	48.25	50.2875	49.1921	0.264761
2  	48.2475	50.15  	49.1164	0.283693
3  	48.1375	50.125 	49.065 	0.298261
4  	48.1025	50.2975	49.0232	0.310914
5  	48.0075	50.225 	48.988 	0.319036
7  	48.0025	50.1925	48.9324	0.338029
11 	47.7175	50.1975	48.8525	0.36548 
19 	47.595 	50.2775	48.7468	0.397553
30 	47.58  	50.225 	48.6584	0.426187
48 	47.535 	50.16  	48.5259	0.462045
49 	47.4825	50.2   	48.5164	0.467518
52 	47.2375	50.1075	48.4927	0.471277
76 	47.2125	50.28  	48.2227	0.519633
78 	47.095 	50.545 	48.1836	0.52754 
79 	46.955 	50.25  	48.1594	0.531806
87 	46.945 	50.315 	47.9403	0.568207
88 	46.7725	50.165 	47.9114	0.578037
92 	46.76  	50.325 	47.7675	0.611549
93 	46.66  	50.515 	47.7273	0.622927
95 	46.6575	50.13  	47.6412	0.640879
96 	46.63  	50.08  	47.6034	0.658356
97 	46.4875	50.395 	47.5608	0.665109
98 	46.465 	50.17  	47.5165	0.674794
100	46.44  	50.0925	47.4238	0.699601
101	46.41  	50.3675	47.3785	0.717172
102	46.2775	50.115 	47.3237	0.72408 
103	46.21  	50.2625	47.2834	0.749057
Tempo de Termino (hh:mm:ss.ms) 2026-04-28 12:24:53.882560
Tempo Total (hh:mm:ss.ms) 0:05:05.413852
Individuo: ([4, 3, 7, 38, 12, 9, 30, 44, 115, 114, 147, 126, 121, 120, 144, 130, 116, 18, 68, 92, 78, 129, 102, 128, 94, 61, 74, 46, 119, 95, 151, 137, 86, 109, 71, 31, 58, 56, 64, 122, 118, 88, 43, 36, 67, 108, 140, 141, 55, 123, 96, 100, 87, 50, 84, 136, 113, 83, 138, 72, 135, 80, 35, 79, 104, 77, 42, 21, 16, 17, 32, 33, 47, 54, 70, 111, 45, 23, 52, 112, 105, 110, 24, 15, 51, 66, 73, 37, 10, 40, 6, 60, 65, 76, 81, 69, 29, 91, 85, 127, 107, 132, 143, 133, 125, 134, 142, 139, 97, 98, 106, 117, 149, 150, 145, 148, 146, 124, 131, 101, 103, 19, 39, 20, 89, 34, 28, 75, 41, 49, 82, 53, 22, 48, 99, 63, 93, 90, 14, 62, 57, 59, 13, 11, 27, 5, 25, 0, 1, 8, 2, 26], [1, 1, 1, 0, 1, 0, 0, 0, 1, 0, 0, 1, 1, 1, 0, 0, 0, 1, 0, 1, 0, 1, 0, 0, 1, 1, 0, 0, 1, 0, 1, 1, 0, 0, 0, 0, 1, 0, 0, 1, 1, 1, 0, 1, 0, 1, 0, 1, 1, 0, 1, 0, 1, 0, 1, 0, 0, 0, 1, 1, 0, 1, 0, 1, 0, 0, 0, 1, 1, 1, 1, 0, 1, 0, 1, 1, 1, 0, 0, 0, 1, 0, 1, 1, 1, 0, 0, 0, 0, 1, 1, 0, 0, 0, 1, 1, 0, 0, 1, 1, 0, 0, 0, 1, 1, 0, 0, 0, 0, 0, 0, 1, 1, 0, 0, 0, 1, 1, 1, 1, 0, 0, 1, 1, 0, 0, 0, 0, 1, 1, 1, 1, 1, 1, 1, 1, 1, 0, 0, 0, 0, 0, 1, 1, 0, 0, 1, 0, 0, 1, 1, 0])
Fitness:  46.21
Gens:  [0, 1, 2, 3, 4, 5, 6, 7, 8, 9, 10, 11, 12, 13, 14, 15, 16, 17, 18, 19, 20, 21, 22, 23, 24, 25, 26, 27, 28, 29, 30, 31, 32, 33, 34, 35, 36, 37, 38, 39, 40, 41, 42, 43, 44, 45, 46, 47, 48, 49, 50, 51, 52, 53, 54, 55, 56, 57, 58, 59, 60, 61, 62, 63, 64, 65, 66, 67, 68, 69, 70, 71, 72, 73, 74, 75, 76, 77, 78, 79, 80, 81, 82, 83, 84, 85, 86, 87, 88, 89, 90, 91, 92, 93, 94, 95, 96, 97, 98, 99, 100, 101, 102, 103]
Inds:  [48.470000000000034, 48.25000000000005, 48.247500000000024, 48.13750000000002, 48.10250000000002, 48.0075, 48.0075, 48.00250000000003, 48.00250000000003, 48.00250000000003, 48.00250000000003, 47.71750000000001, 47.71750000000001, 47.71750000000001, 47.71750000000001, 47.71750000000001, 47.71750000000001, 47.71750000000001, 47.71750000000001, 47.595000000000056, 47.595000000000056, 47.595000000000056, 47.595000000000056, 47.595000000000056, 47.595000000000056, 47.595000000000056, 47.595000000000056, 47.595000000000056, 47.595000000000056, 47.595000000000056, 47.58000000000005, 47.58000000000005, 47.58000000000005, 47.58000000000005, 47.58000000000005, 47.58000000000005, 47.58000000000005, 47.58000000000005, 47.58000000000005, 47.58000000000005, 47.58000000000005, 47.58000000000005, 47.58000000000005, 47.58000000000005, 47.58000000000005, 47.58000000000005, 47.58000000000005, 47.58000000000005, 47.53499999999997, 47.482499999999995, 47.482499999999995, 47.482499999999995, 47.237500000000004, 47.237500000000004, 47.237500000000004, 47.237500000000004, 47.237500000000004, 47.237500000000004, 47.237500000000004, 47.237500000000004, 47.237500000000004, 47.237500000000004, 47.237500000000004, 47.237500000000004, 47.237500000000004, 47.237500000000004, 47.237500000000004, 47.237500000000004, 47.237500000000004, 47.237500000000004, 47.237500000000004, 47.237500000000004, 47.237500000000004, 47.237500000000004, 47.237500000000004, 47.237500000000004, 47.212499999999984, 47.212499999999984, 47.09500000000001, 46.95499999999999, 46.95499999999999, 46.95499999999999, 46.95499999999999, 46.95499999999999, 46.95499999999999, 46.95499999999999, 46.95499999999999, 46.945000000000014, 46.772499999999965, 46.772499999999965, 46.772499999999965, 46.772499999999965, 46.75999999999999, 46.66000000000001, 46.66000000000001, 46.65750000000002, 46.63000000000005, 46.48750000000001, 46.46500000000001, 46.46500000000001, 46.43999999999998, 46.40999999999999, 46.277499999999996, 46.21]

