BRKGA: poly4a_sep

Execução 1:
Parametros: P=5000, Pe=0.3, Pm=0.1, pe=0.7, Parada=100
Tempo de Inicio (hh:mm:ss.ms) 2026-04-28 12:24:18.876486
gen	min    	max    	avg    	std    
0  	9954.82	10410.2	10207.6	61.7637
2  	9949.16	10390.3	10152.3	60.3524
4  	9904.97	10350.3	10132.7	66.3207
12 	9883.35	10416.4	10097.2	79.0885
23 	9864.47	10451  	10074.8	86.3562
29 	9853.88	10392.1	10066.3	90.5602
41 	9824.43	10395.7	10052.2	95.3258
Tempo de Termino (hh:mm:ss.ms) 2026-04-28 12:29:26.476362
Tempo Total (hh:mm:ss.ms) 0:05:07.599876
Individuo: ([139, 171, 124, 105, 126, 207, 61, 35, 235, 270, 87, 135, 49, 226, 83, 33, 172, 5, 169, 107, 189, 129, 95, 27, 25, 241, 275, 234, 240, 138, 247, 164, 151, 217, 157, 60, 179, 267, 134, 137, 216, 7, 196, 17, 8, 22, 47, 65, 36, 19, 244, 200, 262, 229, 242, 101, 170, 183, 254, 21, 199, 63, 184, 68, 237, 272, 213, 162, 143, 92, 117, 26, 185, 159, 79, 177, 128, 268, 153, 245, 263, 194, 197, 191, 264, 265, 173, 38, 131, 140, 31, 112, 188, 211, 150, 260, 248, 214, 94, 85, 86, 20, 204, 32, 90, 39, 12, 0, 69, 75, 175, 266, 215, 261, 227, 203, 155, 51, 28, 56, 70, 10, 11, 122, 50, 144, 108, 89, 78, 29, 41, 24, 181, 231, 210, 88, 57, 114, 54, 74, 142, 205, 149, 230, 269, 182, 180, 46, 224, 96, 110, 167, 156, 198, 16, 23, 64, 133, 116, 121, 187, 62, 123, 253, 220, 104, 109, 44, 147, 218, 195, 250, 212, 154, 76, 193, 190, 165, 97, 232, 4, 40, 52, 132, 98, 209, 186, 201, 273, 106, 238, 37, 71, 66, 221, 125, 18, 255, 9, 53, 13, 146, 258, 158, 119, 166, 233, 42, 163, 1, 219, 84, 77, 58, 93, 103, 72, 115, 152, 102, 55, 30, 111, 118, 59, 45, 81, 120, 168, 246, 15, 127, 161, 34, 6, 48, 178, 249, 243, 239, 141, 160, 80, 73, 274, 113, 208, 256, 228, 251, 225, 67, 192, 130, 136, 2, 145, 91, 271, 223, 257, 206, 100, 176, 259, 43, 82, 236, 174, 202, 252, 99, 14, 3, 148, 222], [0, 0, 1, 0, 1, 0, 0, 0, 0, 0, 0, 1, 1, 0, 0, 1, 0, 0, 1, 0, 0, 0, 0, 1, 1, 1, 1, 0, 1, 1, 0, 0, 0, 1, 0, 0, 0, 0, 1, 0, 1, 0, 1, 0, 0, 1, 1, 0, 0, 1, 0, 1, 1, 0, 0, 1, 0, 1, 0, 1, 1, 1, 1, 1, 0, 0, 1, 1, 1, 0, 0, 1, 0, 0, 1, 1, 0, 0, 0, 0, 1, 1, 1, 1, 1, 1, 1, 0, 0, 1, 0, 1, 0, 0, 1, 1, 1, 1, 0, 1, 0, 1, 1, 1, 1, 1, 0, 1, 1, 0, 1, 0, 1, 0, 1, 0, 0, 1, 1, 1, 0, 1, 0, 0, 0, 1, 1, 1, 0, 1, 0, 0, 1, 0, 0, 0, 0, 1, 0, 0, 0, 0, 0, 1, 1, 0, 0, 1, 1, 0, 1, 1, 0, 1, 0, 0, 0, 1, 1, 1, 0, 0, 1, 1, 0, 0, 0, 0, 1, 0, 0, 1, 1, 0, 1, 0, 1, 0, 1, 0, 1, 0, 1, 0, 0, 1, 1, 0, 0, 1, 0, 0, 0, 1, 0, 0, 1, 1, 1, 0, 1, 0, 1, 1, 0, 0, 1, 1, 0, 1, 1, 0, 1, 1, 1, 0, 0, 1, 0, 1, 1, 1, 1, 1, 0, 0, 0, 0, 1, 0, 0, 0, 1, 1, 1, 1, 1, 0, 1, 1, 0, 1, 1, 0, 0, 0, 0, 1, 1, 1, 0, 0, 0, 1, 0, 0, 1, 0, 1, 1, 1, 1, 0, 1, 1, 0, 0, 1, 1, 1, 0, 0, 0, 1, 1, 0])
Fitness:  9824.432500000008
Gens:  [0, 1, 2, 3, 4, 5, 6, 7, 8, 9, 10, 11, 12, 13, 14, 15, 16, 17, 18, 19, 20, 21, 22, 23, 24, 25, 26, 27, 28, 29, 30, 31, 32, 33, 34, 35, 36, 37, 38, 39, 40, 41, 42, 43, 44, 45, 46, 47, 48, 49]
Inds:  [9954.817499999994, 9954.817499999994, 9949.157500000003, 9949.157500000003, 9904.965000000002, 9904.965000000002, 9904.965000000002, 9904.965000000002, 9904.965000000002, 9904.965000000002, 9904.965000000002, 9904.965000000002, 9883.347499999993, 9883.347499999993, 9883.347499999993, 9883.347499999993, 9883.347499999993, 9883.347499999993, 9883.347499999993, 9883.347499999993, 9883.347499999993, 9883.347499999993, 9883.347499999993, 9864.46750000001, 9864.46750000001, 9864.46750000001, 9864.46750000001, 9864.46750000001, 9864.46750000001, 9853.87750000001, 9853.87750000001, 9853.87750000001, 9853.87750000001, 9853.87750000001, 9853.87750000001, 9853.87750000001, 9853.87750000001, 9853.87750000001, 9853.87750000001, 9853.87750000001, 9853.87750000001, 9824.432500000008, 9824.432500000008, 9824.432500000008, 9824.432500000008, 9824.432500000008, 9824.432500000008, 9824.432500000008, 9824.432500000008, 9824.432500000008]

