BRKGA: poly5b_sep

Execução 1:
Parametros: P=5000, Pe=0.3, Pm=0.1, pe=0.7, Parada=100
Tempo de Inicio (hh:mm:ss.ms) 2026-04-28 12:29:02.844942
gen	min  	max    	avg    	std     
0  	121.2	127.175	124.054	0.739005
2  	120.832	126.245	123.407	0.731485
3  	120.42 	126.112	123.273	0.759549
15 	120.34 	126.083	122.644	0.975893
16 	120.065	126.125	122.635	0.993831
26 	119.97 	126.475	122.43 	1.0737  
29 	119.828	126.032	122.385	1.0723  
30 	119.487	126.123	122.362	1.07886 
32 	119.428	126.283	122.339	1.09719 
Tempo de Termino (hh:mm:ss.ms) 2026-04-28 12:34:20.136498
Tempo Total (hh:mm:ss.ms) 0:05:17.291556
Individuo: ([9, 39, 265, 120, 22, 33, 180, 146, 47, 250, 351, 281, 257, 314, 304, 362, 345, 324, 288, 197, 290, 193, 152, 249, 286, 282, 321, 76, 226, 297, 344, 277, 139, 113, 179, 217, 87, 259, 181, 127, 291, 317, 241, 101, 209, 66, 309, 355, 58, 25, 114, 83, 319, 289, 174, 358, 210, 126, 348, 292, 359, 8, 28, 78, 143, 168, 280, 332, 216, 36, 161, 2, 293, 198, 185, 218, 251, 328, 137, 85, 337, 88, 269, 361, 340, 315, 311, 363, 205, 296, 270, 211, 7, 69, 237, 178, 32, 222, 258, 366, 230, 123, 247, 148, 307, 246, 242, 353, 356, 233, 172, 95, 86, 298, 186, 26, 91, 10, 208, 52, 261, 244, 166, 231, 118, 214, 252, 175, 42, 173, 46, 27, 56, 225, 206, 170, 275, 255, 21, 15, 45, 158, 322, 204, 271, 343, 260, 90, 227, 112, 92, 18, 347, 272, 262, 341, 128, 132, 354, 360, 350, 364, 256, 239, 305, 199, 267, 80, 306, 136, 155, 77, 151, 30, 104, 105, 331, 325, 336, 119, 334, 220, 134, 184, 182, 235, 189, 223, 301, 327, 192, 84, 310, 338, 191, 164, 68, 55, 79, 16, 135, 50, 13, 131, 188, 279, 14, 122, 102, 12, 130, 103, 54, 300, 245, 99, 163, 111, 0, 81, 41, 53, 273, 153, 37, 82, 159, 6, 177, 115, 268, 106, 212, 157, 352, 219, 160, 253, 264, 335, 295, 323, 24, 63, 61, 29, 124, 75, 74, 240, 19, 145, 67, 238, 3, 196, 150, 154, 190, 276, 97, 169, 316, 266, 64, 71, 299, 203, 283, 202, 221, 89, 302, 263, 194, 274, 35, 121, 187, 51, 141, 96, 303, 339, 294, 40, 44, 140, 31, 129, 133, 176, 17, 243, 349, 313, 65, 59, 213, 125, 108, 229, 200, 365, 11, 49, 20, 207, 48, 1, 330, 333, 117, 234, 43, 23, 5, 73, 285, 144, 308, 254, 93, 107, 326, 156, 62, 100, 98, 147, 4, 318, 138, 110, 60, 312, 320, 94, 248, 215, 329, 284, 70, 287, 346, 116, 224, 162, 201, 228, 357, 278, 142, 167, 149, 38, 195, 109, 57, 232, 342, 171, 72, 34, 183, 236, 165], [1, 1, 1, 0, 1, 0, 1, 0, 1, 1, 1, 0, 0, 1, 1, 0, 1, 0, 1, 0, 1, 0, 1, 1, 0, 1, 0, 1, 1, 0, 1, 0, 1, 1, 1, 0, 1, 1, 0, 1, 1, 1, 0, 0, 0, 0, 0, 0, 0, 0, 1, 0, 0, 1, 0, 1, 1, 0, 1, 0, 1, 1, 1, 1, 0, 0, 0, 0, 0, 1, 1, 0, 0, 0, 0, 1, 1, 0, 0, 0, 1, 1, 0, 0, 0, 1, 0, 0, 1, 1, 0, 1, 0, 1, 0, 1, 1, 0, 1, 0, 1, 0, 1, 1, 0, 1, 0, 1, 1, 0, 1, 1, 1, 1, 0, 0, 0, 0, 0, 1, 1, 0, 0, 0, 0, 0, 0, 1, 1, 1, 0, 1, 1, 0, 1, 0, 0, 0, 0, 1, 0, 1, 0, 0, 1, 0, 1, 1, 0, 0, 1, 0, 0, 0, 0, 1, 1, 1, 1, 1, 1, 0, 0, 1, 0, 1, 0, 0, 1, 1, 1, 1, 0, 1, 0, 0, 1, 0, 1, 0, 0, 1, 0, 1, 0, 0, 0, 1, 1, 0, 1, 1, 0, 1, 1, 1, 1, 1, 0, 1, 0, 1, 0, 1, 0, 1, 1, 0, 0, 0, 1, 1, 0, 0, 0, 0, 0, 1, 0, 1, 1, 1, 0, 1, 0, 0, 0, 0, 0, 0, 1, 0, 1, 0, 0, 1, 1, 1, 0, 1, 0, 1, 0, 1, 1, 0, 1, 1, 0, 1, 0, 1, 0, 1, 0, 0, 0, 0, 1, 0, 1, 0, 1, 0, 1, 0, 1, 0, 1, 0, 0, 0, 1, 1, 1, 1, 1, 0, 0, 1, 0, 1, 0, 1, 1, 0, 1, 1, 0, 0, 0, 0, 1, 1, 1, 0, 0, 0, 1, 0, 1, 1, 1, 1, 0, 0, 0, 1, 1, 0, 0, 1, 1, 0, 1, 0, 1, 0, 1, 0, 0, 0, 1, 1, 0, 0, 1, 0, 0, 1, 0, 1, 1, 1, 0, 1, 0, 0, 0, 1, 1, 1, 1, 1, 0, 0, 1, 1, 1, 0, 1, 0, 0, 0, 0, 1, 0, 1, 1, 1, 0, 1, 0, 1, 0, 1, 0])
Fitness:  119.42750000000004
Gens:  [0, 1, 2, 3, 4, 5, 6, 7, 8, 9, 10, 11, 12, 13, 14, 15, 16, 17, 18, 19, 20, 21, 22, 23, 24, 25, 26, 27, 28, 29, 30, 31, 32, 33, 34]
Inds:  [121.19999999999997, 121.19999999999997, 120.83249999999995, 120.4199999999999, 120.4199999999999, 120.4199999999999, 120.4199999999999, 120.4199999999999, 120.4199999999999, 120.4199999999999, 120.4199999999999, 120.4199999999999, 120.4199999999999, 120.4199999999999, 120.4199999999999, 120.34000000000005, 120.06500000000001, 120.06500000000001, 120.06500000000001, 120.06500000000001, 120.06500000000001, 120.06500000000001, 120.06500000000001, 120.06500000000001, 120.06500000000001, 120.06500000000001, 119.97000000000006, 119.97000000000006, 119.97000000000006, 119.8275, 119.4874999999999, 119.4874999999999, 119.42750000000004, 119.42750000000004, 119.42750000000004]

