BRKGA: poly2b_mod_pack

Execução 1:
Parametros: P=5000, Pe=0.3, Pm=0.1, pe=0.7, Parada=100
Tempo de Inicio (hh:mm:ss.ms) 2026-04-28 12:19:09.118182
gen	min    	max    	avg    	std     
0  	71.2079	75.6389	73.6183	0.566761
4  	70.972 	75.6718	72.9344	0.623717
6  	70.7254	75.0853	72.804 	0.656569
8  	70.7225	75.1697	72.7146	0.690965
11 	70.5005	75.1093	72.5935	0.719918
24 	70.2637	75.3151	72.3161	0.817663
35 	70.1046	75.176 	72.1237	0.865145
40 	70.008 	75.3472	72.0404	0.886047
47 	69.9332	75.2064	71.905 	0.899981
49 	69.9175	75.3923	71.8642	0.904326
53 	69.8436	75.1225	71.7954	0.938844
58 	69.5381	75.7759	71.6843	0.945928
65 	69.4152	75.2764	71.4294	0.996964
66 	69.3684	74.9653	71.3738	0.981667
67 	69.1002	75.182 	71.334 	1.00596 
72 	69.0449	75.3262	71.0238	1.04514 
73 	68.976 	75.3451	70.9653	1.07323 
74 	68.9406	75.0227	70.8961	1.09096 
75 	68.7742	75.0184	70.8241	1.10065 
Tempo de Termino (hh:mm:ss.ms) 2026-04-28 12:24:14.978853
Tempo Total (hh:mm:ss.ms) 0:05:05.860671
Individuo: ([35, 0, 43, 95, 109, 102, 5, 108, 116, 163, 157, 165, 92, 36, 97, 44, 85, 8, 52, 39, 17, 30, 23, 93, 180, 150, 103, 178, 186, 185, 125, 138, 75, 70, 59, 193, 51, 66, 191, 111, 147, 130, 87, 55, 10, 48, 57, 9, 32, 60, 31, 94, 69, 45, 148, 149, 76, 101, 143, 129, 50, 182, 151, 187, 164, 41, 84, 67, 65, 113, 179, 141, 181, 115, 192, 114, 117, 105, 190, 161, 166, 88, 107, 77, 81, 37, 14, 27, 132, 162, 183, 170, 62, 34, 158, 74, 167, 68, 12, 29, 33, 64, 80, 47, 22, 119, 188, 100, 140, 172, 154, 189, 194, 49, 13, 42, 63, 90, 169, 144, 91, 127, 120, 134, 176, 133, 160, 128, 19, 146, 99, 137, 98, 53, 78, 121, 61, 71, 28, 21, 89, 184, 171, 124, 131, 112, 122, 142, 159, 82, 126, 118, 83, 73, 155, 177, 174, 175, 26, 24, 54, 20, 40, 156, 173, 168, 123, 152, 96, 106, 153, 79, 145, 104, 139, 136, 110, 56, 135, 11, 58, 38, 72, 4, 18, 6, 7, 86, 16, 46, 25, 15, 2, 3, 1], [0, 0, 0, 0, 0, 1, 0, 0, 1, 1, 0, 0, 1, 1, 1, 0, 0, 1, 0, 0, 0, 0, 1, 0, 1, 0, 0, 0, 0, 1, 1, 0, 0, 0, 1, 0, 0, 0, 0, 1, 1, 1, 1, 1, 1, 0, 0, 0, 1, 0, 0, 0, 0, 1, 1, 1, 0, 0, 1, 1, 0, 0, 0, 0, 0, 1, 1, 1, 0, 0, 0, 0, 0, 0, 0, 0, 1, 1, 1, 0, 1, 0, 0, 0, 1, 1, 0, 0, 0, 0, 1, 1, 1, 1, 0, 1, 0, 0, 0, 0, 1, 0, 1, 1, 0, 1, 0, 0, 1, 0, 0, 0, 0, 0, 0, 1, 0, 0, 1, 0, 1, 1, 0, 1, 0, 0, 0, 0, 0, 0, 0, 1, 1, 0, 0, 0, 1, 1, 1, 0, 0, 1, 1, 0, 1, 0, 0, 0, 1, 1, 0, 1, 1, 0, 0, 0, 1, 1, 0, 0, 0, 0, 0, 0, 1, 1, 1, 1, 1, 0, 1, 1, 1, 0, 1, 0, 0, 1, 1, 0, 1, 1, 0, 0, 1, 1, 0, 1, 1, 1, 0, 1, 1, 1, 0])
Fitness:  68.77416104574593
Gens:  [0, 1, 2, 3, 4, 5, 6, 7, 8, 9, 10, 11, 12, 13, 14, 15, 16, 17, 18, 19, 20, 21, 22, 23, 24, 25, 26, 27, 28, 29, 30, 31, 32, 33, 34, 35, 36, 37, 38, 39, 40, 41, 42, 43, 44, 45, 46, 47, 48, 49, 50, 51, 52, 53, 54, 55, 56, 57, 58, 59, 60, 61, 62, 63, 64, 65, 66, 67, 68, 69, 70, 71, 72, 73, 74, 75, 76]
Inds:  [71.20790813028329, 71.20790813028329, 71.20790813028329, 71.20790813028329, 70.97203051173206, 70.97203051173206, 70.72535989177047, 70.72535989177047, 70.72248505611373, 70.72248505611373, 70.72248505611373, 70.50051859437927, 70.50051859437927, 70.50051859437927, 70.50051859437927, 70.50051859437927, 70.50051859437927, 70.50051859437927, 70.50051859437927, 70.50051859437927, 70.50051859437927, 70.50051859437927, 70.50051859437927, 70.50051859437927, 70.26369223977923, 70.26369223977923, 70.26369223977923, 70.26369223977923, 70.26369223977923, 70.26369223977923, 70.26369223977923, 70.26369223977923, 70.26369223977923, 70.26369223977923, 70.26369223977923, 70.10461503984321, 70.10461503984321, 70.10461503984321, 70.10461503984321, 70.10461503984321, 70.0079809193701, 70.0079809193701, 70.0079809193701, 70.0079809193701, 70.0079809193701, 70.0079809193701, 70.0079809193701, 69.93322567918364, 69.93322567918364, 69.91747384940989, 69.91747384940989, 69.91747384940989, 69.91747384940989, 69.84360030531518, 69.84360030531518, 69.84360030531518, 69.84360030531518, 69.84360030531518, 69.53814594494784, 69.53814594494784, 69.53814594494784, 69.53814594494784, 69.53814594494784, 69.53814594494784, 69.53814594494784, 69.41518364747184, 69.36835883749318, 69.100238883094, 69.100238883094, 69.100238883094, 69.100238883094, 69.100238883094, 69.04487878465152, 68.97603554211221, 68.94061201608604, 68.77416104574593, 68.77416104574593]

