BRKGA: poly3b_mod_sep

Execução 1:
Parametros: P=5000, Pe=0.3, Pm=0.1, pe=0.7, Parada=100
Tempo de Inicio (hh:mm:ss.ms) 2026-04-28 12:20:47.334197
gen	min    	max    	avg    	std     
0  	104.082	109.054	106.596	0.751923
1  	103.722	108.774	106.135	0.709988
2  	103.573	109.525	105.919	0.749824
3  	103.41 	108.668	105.778	0.792982
4  	103    	108.593	105.677	0.827666
9  	102.77 	108.939	105.343	0.933401
12 	102.05 	108.798	105.221	0.973647
49 	102.021	109.347	104.474	1.19773 
Tempo de Termino (hh:mm:ss.ms) 2026-04-28 12:25:54.074002
Tempo Total (hh:mm:ss.ms) 0:05:06.739805
Individuo: ([48, 13, 67, 164, 106, 28, 30, 173, 213, 220, 227, 40, 61, 80, 27, 75, 179, 129, 115, 245, 232, 76, 137, 77, 59, 58, 85, 178, 43, 203, 51, 41, 6, 52, 204, 234, 236, 140, 197, 161, 172, 90, 189, 56, 262, 183, 217, 120, 60, 73, 111, 16, 139, 25, 181, 241, 199, 0, 12, 144, 89, 83, 163, 176, 160, 195, 18, 112, 249, 157, 74, 3, 44, 192, 175, 187, 247, 243, 254, 118, 55, 223, 123, 31, 36, 32, 107, 38, 105, 29, 113, 63, 84, 49, 103, 69, 150, 226, 100, 138, 125, 146, 62, 45, 9, 37, 240, 215, 264, 198, 224, 265, 117, 101, 104, 20, 231, 202, 8, 248, 222, 145, 24, 166, 141, 182, 72, 259, 109, 158, 219, 258, 261, 110, 143, 66, 151, 208, 33, 93, 70, 188, 238, 200, 263, 246, 229, 152, 210, 251, 244, 127, 15, 193, 42, 242, 228, 119, 194, 190, 209, 122, 133, 218, 230, 35, 19, 114, 39, 155, 142, 46, 88, 34, 239, 171, 23, 71, 65, 21, 26, 14, 68, 82, 81, 237, 168, 57, 97, 98, 108, 149, 184, 53, 156, 5, 64, 206, 207, 257, 216, 253, 252, 186, 47, 185, 174, 211, 154, 235, 233, 96, 50, 95, 136, 17, 170, 214, 191, 131, 132, 225, 116, 167, 121, 148, 22, 255, 159, 1, 94, 87, 147, 10, 102, 212, 135, 180, 99, 7, 260, 4, 86, 162, 54, 153, 78, 126, 196, 169, 91, 11, 2, 177, 79, 205, 221, 128, 256, 92, 165, 250, 134, 201, 130, 124], [1, 0, 1, 0, 1, 0, 0, 1, 0, 0, 1, 0, 0, 1, 0, 1, 0, 0, 0, 0, 1, 0, 0, 0, 0, 0, 1, 1, 1, 0, 1, 0, 0, 1, 0, 0, 1, 0, 0, 1, 0, 0, 1, 0, 0, 1, 0, 1, 1, 0, 1, 0, 1, 1, 0, 0, 0, 0, 0, 1, 1, 0, 0, 0, 0, 1, 0, 1, 1, 0, 0, 1, 1, 0, 1, 0, 1, 1, 0, 1, 1, 0, 1, 1, 1, 0, 0, 1, 1, 1, 0, 1, 0, 0, 0, 0, 1, 1, 0, 1, 0, 1, 0, 1, 0, 1, 1, 0, 0, 0, 0, 1, 1, 1, 0, 0, 0, 0, 0, 0, 1, 1, 0, 1, 1, 1, 0, 0, 0, 0, 0, 0, 1, 1, 0, 0, 0, 0, 0, 0, 1, 0, 0, 0, 0, 1, 1, 1, 1, 1, 1, 1, 1, 0, 0, 0, 0, 1, 0, 1, 0, 0, 1, 1, 1, 1, 0, 1, 1, 1, 1, 0, 0, 0, 0, 0, 1, 0, 0, 1, 1, 0, 1, 1, 0, 0, 0, 0, 1, 0, 0, 1, 1, 0, 1, 1, 1, 1, 0, 0, 0, 0, 0, 1, 0, 1, 0, 0, 1, 0, 1, 0, 0, 1, 0, 0, 0, 0, 0, 0, 1, 1, 0, 0, 0, 1, 1, 1, 1, 1, 1, 0, 1, 0, 1, 1, 0, 0, 1, 0, 1, 1, 0, 0, 0, 0, 0, 0, 1, 0, 1, 0, 1, 0, 0, 0, 0, 0, 1, 0, 0, 1, 1, 1, 0, 1])
Fitness:  102.02062979867321
Gens:  [0, 1, 2, 3, 4, 5, 6, 7, 8, 9, 10, 11, 12, 13, 14, 15, 16, 17, 18, 19, 20, 21, 22, 23, 24, 25, 26, 27, 28, 29, 30, 31, 32, 33, 34, 35, 36, 37, 38, 39, 40, 41, 42, 43, 44, 45, 46, 47, 48, 49, 50, 51]
Inds:  [104.08185712925548, 103.72219725547029, 103.57250750516887, 103.41046701066921, 103.00014849030501, 103.00014849030501, 103.00014849030501, 103.00014849030501, 103.00014849030501, 102.77038153666791, 102.77038153666791, 102.77038153666791, 102.0504597792806, 102.0504597792806, 102.0504597792806, 102.0504597792806, 102.0504597792806, 102.0504597792806, 102.0504597792806, 102.0504597792806, 102.0504597792806, 102.0504597792806, 102.0504597792806, 102.0504597792806, 102.0504597792806, 102.0504597792806, 102.0504597792806, 102.0504597792806, 102.0504597792806, 102.0504597792806, 102.0504597792806, 102.0504597792806, 102.0504597792806, 102.0504597792806, 102.0504597792806, 102.0504597792806, 102.0504597792806, 102.0504597792806, 102.0504597792806, 102.0504597792806, 102.0504597792806, 102.0504597792806, 102.0504597792806, 102.0504597792806, 102.0504597792806, 102.0504597792806, 102.0504597792806, 102.0504597792806, 102.0504597792806, 102.02062979867321, 102.02062979867321, 102.02062979867321]

