BRKGA: poly2a_mod_sep

Execução 1:
Parametros: P=5000, Pe=0.3, Pm=0.1, pe=0.7, Parada=100
Tempo de Inicio (hh:mm:ss.ms) 2026-04-28 12:18:31.527351
gen	min    	max   	avg    	std    
0  	4935.83	5269.3	5110.65	42.5908
3  	4931.75	5247.44	5065.48	43.5289
6  	4906.52	5232.12	5050.99	48.1261
8  	4888.52	5253.35	5045.09	50.6219
10 	4886.93	5241.21	5040.4 	52.8162
13 	4882.11	5215.48	5032.59	54.1892
25 	4873.74	5222.73	5015.54	60.0428
27 	4870.63	5233.96	5012.18	61.2248
28 	4865.22	5242.65	5010.64	61.0806
29 	4854.98	5202.8 	5010.26	61.44  
40 	4850.55	5261.94	4995.89	65.1563
45 	4844.12	5231.6 	4989.66	66.6702
51 	4803.11	5212.38	4980.05	66.9198
67 	4801.23	5242.54	4949.64	73.1074
69 	4792.82	5239.31	4943.28	74.8617
71 	4773.09	5231.54	4936.29	76.14  
Tempo de Termino (hh:mm:ss.ms) 2026-04-28 12:23:36.531869
Tempo Total (hh:mm:ss.ms) 0:05:05.004518
Individuo: ([10, 11, 34, 95, 12, 183, 96, 46, 9, 56, 81, 70, 28, 58, 63, 40, 5, 8, 149, 197, 165, 59, 23, 76, 77, 29, 52, 7, 55, 45, 2, 21, 44, 88, 126, 127, 161, 190, 124, 49, 117, 152, 203, 200, 114, 194, 179, 24, 3, 31, 110, 50, 16, 102, 19, 14, 6, 150, 22, 15, 69, 86, 120, 132, 66, 17, 79, 54, 53, 103, 39, 91, 136, 178, 167, 133, 175, 144, 166, 196, 116, 154, 198, 74, 148, 57, 146, 171, 141, 18, 90, 172, 169, 129, 61, 92, 82, 98, 27, 135, 62, 163, 118, 43, 42, 89, 160, 201, 48, 83, 134, 51, 158, 192, 184, 173, 122, 147, 174, 139, 78, 87, 64, 97, 108, 72, 32, 125, 38, 13, 112, 191, 75, 130, 37, 47, 142, 4, 138, 187, 80, 85, 94, 164, 128, 111, 159, 162, 113, 36, 1, 84, 119, 107, 33, 106, 186, 180, 143, 93, 121, 156, 199, 67, 105, 68, 101, 60, 30, 65, 20, 189, 151, 99, 109, 71, 100, 131, 157, 123, 137, 155, 25, 104, 202, 195, 185, 140, 188, 193, 168, 181, 145, 176, 177, 153, 115, 170, 182, 0, 73, 35, 41, 26], [0, 1, 1, 1, 0, 1, 0, 1, 0, 1, 1, 1, 0, 0, 1, 0, 1, 1, 1, 0, 1, 0, 0, 1, 0, 1, 0, 1, 1, 1, 0, 1, 0, 1, 0, 1, 1, 1, 0, 1, 0, 1, 0, 0, 1, 1, 0, 1, 0, 0, 0, 1, 0, 1, 1, 0, 0, 1, 0, 1, 0, 1, 1, 1, 1, 1, 1, 0, 0, 0, 1, 1, 1, 1, 0, 1, 0, 1, 0, 1, 0, 0, 0, 0, 1, 1, 1, 1, 0, 0, 0, 1, 0, 1, 0, 1, 1, 1, 1, 0, 0, 1, 1, 0, 0, 0, 0, 1, 0, 1, 0, 1, 0, 0, 0, 0, 1, 1, 0, 0, 1, 0, 0, 1, 0, 1, 1, 1, 1, 0, 1, 0, 1, 0, 1, 1, 1, 0, 0, 1, 1, 1, 0, 1, 0, 1, 0, 0, 0, 1, 0, 0, 1, 1, 0, 1, 0, 1, 1, 1, 0, 1, 0, 1, 1, 0, 0, 0, 0, 1, 0, 0, 0, 1, 1, 1, 0, 0, 0, 0, 1, 0, 0, 0, 1, 1, 0, 1, 0, 0, 1, 0, 0, 0, 1, 0, 0, 1, 0, 0, 1, 0, 1, 1])
Fitness:  4773.088990253641
Gens:  [0, 1, 2, 3, 4, 5, 6, 7, 8, 9, 10, 11, 12, 13, 14, 15, 16, 17, 18, 19, 20, 21, 22, 23, 24, 25, 26, 27, 28, 29, 30, 31, 32, 33, 34, 35, 36, 37, 38, 39, 40, 41, 42, 43, 44, 45, 46, 47, 48, 49, 50, 51, 52, 53, 54, 55, 56, 57, 58, 59, 60, 61, 62, 63, 64, 65, 66, 67, 68, 69, 70, 71]
Inds:  [4935.8319867457685, 4935.8319867457685, 4935.8319867457685, 4931.752807177435, 4931.752807177435, 4931.752807177435, 4906.517438817098, 4906.517438817098, 4888.515863049391, 4888.515863049391, 4886.927759153125, 4886.927759153125, 4886.927759153125, 4882.112559116736, 4882.112559116736, 4882.112559116736, 4882.112559116736, 4882.112559116736, 4882.112559116736, 4882.112559116736, 4882.112559116736, 4882.112559116736, 4882.112559116736, 4882.112559116736, 4882.112559116736, 4873.736608304592, 4873.736608304592, 4870.62686728071, 4865.216015734627, 4854.983837917165, 4854.983837917165, 4854.983837917165, 4854.983837917165, 4854.983837917165, 4854.983837917165, 4854.983837917165, 4854.983837917165, 4854.983837917165, 4854.983837917165, 4854.983837917165, 4850.553269712832, 4850.553269712832, 4850.553269712832, 4850.553269712832, 4850.553269712832, 4844.117171190848, 4844.117171190848, 4844.117171190848, 4844.117171190848, 4844.117171190848, 4844.117171190848, 4803.112602042648, 4803.112602042648, 4803.112602042648, 4803.112602042648, 4803.112602042648, 4803.112602042648, 4803.112602042648, 4803.112602042648, 4803.112602042648, 4803.112602042648, 4803.112602042648, 4803.112602042648, 4803.112602042648, 4803.112602042648, 4803.112602042648, 4803.112602042648, 4801.227986668986, 4801.227986668986, 4792.817963834857, 4792.817963834857, 4773.088990253641]

