BRKGA: poly5a_pack

Execução 1:
Parametros: P=5000, Pe=0.3, Pm=0.1, pe=0.7, Parada=100
Tempo de Inicio (hh:mm:ss.ms) 2026-04-28 12:25:52.832758
gen	min    	max    	avg    	std    
0  	12574.1	13108.6	12860.2	70.9023
3  	12557.2	13143.4	12784.6	73.2782
4  	12547.5	13095.8	12775.9	76.7457
5  	12493  	13058.6	12767.5	78.5299
16 	12491  	13046  	12723  	94.4041
18 	12487.6	13062.4	12717.8	95.9983
21 	12482.2	13068.9	12712.9	98.0503
22 	12462  	13079.7	12710.5	97.8591
23 	12458.3	13049.9	12709.5	99.6811
28 	12448.6	13035.1	12702.7	101.249
Tempo de Termino (hh:mm:ss.ms) 2026-04-28 12:31:07.159512
Tempo Total (hh:mm:ss.ms) 0:05:14.326754
Individuo: ([163, 41, 2, 234, 28, 109, 151, 102, 51, 45, 47, 309, 166, 38, 301, 294, 264, 257, 320, 253, 208, 107, 155, 160, 126, 182, 271, 200, 272, 76, 228, 117, 231, 191, 108, 20, 206, 9, 156, 205, 256, 319, 276, 147, 23, 78, 217, 332, 142, 169, 67, 187, 278, 56, 131, 295, 325, 114, 95, 348, 183, 141, 127, 61, 263, 300, 338, 249, 302, 328, 327, 168, 317, 50, 27, 31, 91, 215, 170, 316, 287, 224, 198, 310, 134, 119, 96, 116, 261, 195, 82, 290, 192, 220, 251, 135, 71, 74, 73, 273, 105, 239, 24, 53, 176, 37, 75, 299, 334, 5, 282, 137, 339, 297, 280, 143, 57, 94, 65, 138, 341, 40, 181, 145, 148, 305, 304, 159, 213, 93, 204, 203, 289, 139, 330, 84, 64, 77, 12, 216, 250, 172, 346, 259, 188, 66, 185, 103, 291, 345, 59, 336, 307, 177, 29, 98, 144, 212, 214, 226, 175, 39, 22, 286, 121, 233, 100, 15, 46, 311, 179, 218, 274, 129, 162, 106, 19, 63, 265, 298, 153, 347, 130, 171, 333, 221, 99, 62, 49, 90, 277, 193, 184, 314, 269, 313, 245, 4, 26, 18, 150, 54, 225, 237, 329, 254, 293, 292, 196, 125, 331, 222, 248, 115, 247, 279, 33, 199, 44, 267, 0, 349, 335, 281, 296, 242, 111, 306, 303, 87, 235, 110, 120, 7, 80, 30, 152, 60, 13, 86, 123, 238, 229, 189, 92, 97, 158, 207, 1, 258, 246, 69, 48, 58, 136, 260, 230, 268, 11, 81, 252, 14, 113, 8, 322, 227, 101, 68, 262, 6, 70, 89, 210, 55, 79, 21, 154, 10, 161, 88, 72, 52, 308, 340, 337, 285, 315, 318, 201, 240, 219, 223, 167, 312, 17, 211, 157, 236, 178, 34, 164, 326, 255, 324, 202, 140, 122, 180, 283, 342, 275, 344, 197, 36, 32, 149, 128, 42, 25, 104, 16, 85, 165, 3, 266, 146, 270, 243, 284, 132, 194, 173, 323, 288, 321, 241, 209, 244, 35, 186, 174, 190, 232, 118, 343, 112, 43, 133, 83, 124], [0, 1, 1, 0, 1, 1, 1, 1, 0, 1, 1, 0, 1, 0, 1, 0, 0, 0, 1, 0, 0, 1, 0, 0, 1, 1, 0, 0, 0, 1, 0, 1, 0, 0, 0, 0, 0, 1, 0, 0, 1, 1, 1, 0, 0, 0, 0, 1, 1, 0, 0, 0, 0, 0, 1, 0, 0, 0, 1, 1, 0, 0, 1, 1, 1, 0, 1, 0, 0, 1, 1, 1, 1, 1, 1, 0, 0, 0, 1, 1, 0, 1, 1, 0, 0, 1, 0, 0, 1, 1, 1, 0, 1, 1, 0, 0, 1, 1, 1, 1, 0, 0, 0, 1, 0, 1, 0, 1, 1, 0, 1, 0, 0, 1, 0, 1, 1, 1, 1, 1, 0, 1, 0, 1, 0, 0, 1, 0, 0, 0, 1, 0, 1, 0, 0, 0, 1, 0, 0, 1, 0, 0, 1, 0, 1, 1, 1, 0, 1, 0, 1, 1, 1, 0, 1, 1, 0, 0, 0, 1, 1, 0, 0, 1, 0, 1, 1, 0, 0, 1, 1, 0, 0, 0, 0, 1, 0, 0, 1, 0, 0, 0, 1, 0, 0, 1, 0, 0, 1, 0, 1, 1, 1, 0, 1, 0, 0, 1, 1, 0, 0, 0, 1, 1, 1, 1, 1, 0, 0, 0, 0, 1, 0, 1, 0, 1, 0, 0, 1, 0, 1, 1, 0, 0, 1, 1, 1, 1, 0, 0, 0, 0, 1, 1, 1, 1, 0, 0, 1, 0, 1, 1, 1, 1, 1, 1, 0, 0, 1, 0, 1, 1, 1, 1, 0, 1, 1, 1, 0, 0, 0, 1, 0, 1, 0, 0, 0, 0, 0, 0, 0, 1, 1, 0, 1, 1, 1, 0, 1, 1, 1, 1, 1, 1, 1, 1, 0, 0, 0, 0, 0, 0, 0, 1, 0, 1, 1, 1, 0, 1, 0, 0, 1, 0, 0, 1, 0, 1, 1, 0, 1, 0, 0, 0, 1, 1, 0, 0, 1, 0, 0, 0, 0, 0, 0, 1, 0, 1, 0, 0, 1, 0, 0, 0, 1, 0, 1, 1, 0, 1, 0, 0, 1, 0, 1, 0, 1, 1, 0, 1])
Fitness:  12448.60250000001
Gens:  [0, 1, 2, 3, 4, 5, 6, 7, 8, 9, 10, 11, 12, 13, 14, 15, 16, 17, 18, 19, 20, 21, 22, 23, 24, 25, 26, 27, 28, 29, 30, 31, 32, 33, 34, 35, 36]
Inds:  [12574.12, 12574.12, 12574.12, 12557.217499999999, 12547.505000000017, 12493.015000000009, 12493.015000000009, 12493.015000000009, 12493.015000000009, 12493.015000000009, 12493.015000000009, 12493.015000000009, 12493.015000000009, 12493.015000000009, 12493.015000000009, 12493.015000000009, 12491.035000000014, 12491.035000000014, 12487.580000000013, 12487.580000000013, 12487.580000000013, 12482.240000000007, 12462.037500000022, 12458.337500000003, 12458.337500000003, 12458.337500000003, 12458.337500000003, 12458.337500000003, 12448.60250000001, 12448.60250000001, 12448.60250000001, 12448.60250000001, 12448.60250000001, 12448.60250000001, 12448.60250000001, 12448.60250000001, 12448.60250000001]

