BRKGA: poly2a_mod_pack

Execução 1:
Parametros: P=5000, Pe=0.3, Pm=0.1, pe=0.7, Parada=100
Tempo de Inicio (hh:mm:ss.ms) 2026-04-28 12:18:17.373420
gen	min    	max    	avg    	std    
0  	4829.84	5098.28	4958.78	34.8127
1  	4826.84	5053.95	4938.17	33.4247
2  	4793.24	5062.12	4928.05	34.8781
8  	4781.81	5072.01	4902.36	42.9457
12 	4775.47	5074.38	4893.59	45.8529
15 	4770.16	5070.33	4888.73	46.9077
18 	4767.9 	5061.69	4885.46	48.922 
21 	4752.32	5045.3 	4880.56	49.5355
30 	4732.24	5069.51	4872.66	52.7009
32 	4715.64	5069.74	4871.3 	53.3047
50 	4713.62	5060.7 	4858.53	57.4609
65 	4705.07	5080.73	4844.24	58.8797
Tempo de Termino (hh:mm:ss.ms) 2026-04-28 12:23:21.793378
Tempo Total (hh:mm:ss.ms) 0:05:04.419958
Individuo: ([11, 110, 17, 29, 139, 165, 97, 152, 68, 202, 156, 181, 131, 43, 183, 186, 195, 155, 197, 55, 138, 69, 24, 126, 5, 48, 134, 33, 172, 81, 203, 93, 170, 130, 21, 180, 122, 103, 164, 167, 9, 187, 188, 168, 47, 63, 36, 140, 179, 159, 26, 85, 175, 64, 89, 82, 2, 146, 105, 51, 45, 39, 114, 194, 200, 153, 87, 95, 16, 141, 185, 178, 71, 27, 60, 107, 171, 121, 144, 201, 158, 145, 108, 72, 120, 142, 147, 32, 0, 67, 169, 41, 54, 102, 177, 101, 190, 132, 133, 58, 78, 196, 193, 127, 162, 104, 53, 49, 99, 20, 91, 34, 18, 161, 163, 148, 112, 128, 15, 4, 23, 73, 83, 42, 6, 86, 3, 22, 37, 28, 31, 125, 184, 10, 40, 174, 199, 74, 80, 92, 151, 84, 111, 106, 79, 154, 192, 191, 160, 198, 149, 157, 173, 166, 189, 137, 59, 129, 35, 123, 143, 109, 117, 57, 98, 25, 38, 77, 14, 124, 150, 113, 46, 88, 19, 70, 94, 135, 136, 118, 62, 56, 52, 119, 76, 115, 90, 96, 66, 176, 182, 61, 116, 65, 30, 100, 44, 50, 1, 75, 7, 13, 12, 8], [0, 1, 1, 0, 0, 1, 1, 0, 1, 0, 0, 0, 1, 0, 1, 1, 1, 1, 0, 1, 1, 1, 0, 0, 0, 0, 1, 1, 1, 0, 0, 0, 0, 1, 0, 1, 1, 1, 1, 1, 1, 0, 1, 0, 0, 0, 1, 0, 0, 1, 1, 0, 0, 1, 1, 1, 0, 0, 1, 1, 1, 0, 1, 0, 1, 0, 0, 0, 1, 0, 1, 1, 1, 1, 1, 1, 0, 1, 0, 0, 0, 1, 1, 1, 0, 1, 1, 1, 0, 0, 0, 1, 1, 1, 1, 0, 0, 1, 1, 1, 1, 1, 1, 1, 0, 0, 0, 0, 1, 0, 0, 0, 0, 0, 0, 1, 1, 1, 0, 0, 0, 1, 1, 0, 0, 1, 1, 0, 1, 0, 0, 1, 1, 1, 0, 1, 1, 1, 1, 1, 1, 1, 0, 0, 1, 0, 1, 1, 1, 1, 1, 1, 1, 0, 1, 0, 1, 1, 0, 1, 0, 1, 1, 0, 0, 1, 1, 0, 1, 0, 1, 1, 0, 0, 0, 0, 0, 0, 0, 1, 0, 1, 1, 1, 1, 0, 0, 0, 0, 0, 1, 1, 1, 1, 0, 1, 1, 0, 0, 0, 1, 1, 0, 0])
Fitness:  4705.073893953642
Gens:  [0, 1, 2, 3, 4, 5, 6, 7, 8, 9, 10, 11, 12, 13, 14, 15, 16, 17, 18, 19, 20, 21, 22, 23, 24, 25, 26, 27, 28, 29, 30, 31, 32, 33, 34, 35, 36, 37, 38, 39, 40, 41, 42, 43, 44, 45, 46, 47, 48, 49, 50, 51, 52, 53, 54, 55, 56, 57, 58, 59, 60, 61, 62, 63, 64, 65, 66, 67, 68, 69, 70, 71]
Inds:  [4829.838891075279, 4826.836202978357, 4793.23513969897, 4793.23513969897, 4793.23513969897, 4793.23513969897, 4793.23513969897, 4793.23513969897, 4781.813575496559, 4781.813575496559, 4781.813575496559, 4781.813575496559, 4775.465693217134, 4775.465693217134, 4775.465693217134, 4770.16163442657, 4770.16163442657, 4770.16163442657, 4767.896434683537, 4767.896434683537, 4767.896434683537, 4752.324428021606, 4752.324428021606, 4752.324428021606, 4752.324428021606, 4752.324428021606, 4752.324428021606, 4752.324428021606, 4752.324428021606, 4752.324428021606, 4732.236411365483, 4732.236411365483, 4715.636237815563, 4715.636237815563, 4715.636237815563, 4715.636237815563, 4715.636237815563, 4715.636237815563, 4715.636237815563, 4715.636237815563, 4715.636237815563, 4715.636237815563, 4715.636237815563, 4715.636237815563, 4715.636237815563, 4715.636237815563, 4715.636237815563, 4715.636237815563, 4715.636237815563, 4715.636237815563, 4713.617877422565, 4713.617877422565, 4713.617877422565, 4713.617877422565, 4713.617877422565, 4713.617877422565, 4713.617877422565, 4713.617877422565, 4713.617877422565, 4713.617877422565, 4713.617877422565, 4713.617877422565, 4713.617877422565, 4713.617877422565, 4713.617877422565, 4705.073893953642, 4705.073893953642, 4705.073893953642, 4705.073893953642, 4705.073893953642, 4705.073893953642, 4705.073893953642]

