BRKGA: poly1a_pack

Execução 1:
Parametros: P=5000, Pe=0.3, Pm=0.1, pe=0.7, Parada=100
Tempo de Inicio (hh:mm:ss.ms) 2026-04-28 12:15:43.739301
gen	min    	max   	avg   	std     
0  	21.6425	22.585	22.156	0.127065
2  	21.6025	22.4725	22.0409	0.132179
4  	21.6   	22.575 	21.9962	0.139859
6  	21.5775	22.5025	21.969 	0.152015
7  	21.5675	22.5175	21.9566	0.155471
9  	21.5375	22.585 	21.9347	0.161499
10 	21.4975	22.51  	21.9248	0.164337
14 	21.47  	22.5825	21.8937	0.175368
15 	21.4325	22.55  	21.8865	0.179829
17 	21.36  	22.5025	21.8714	0.179316
25 	21.34  	22.5425	21.8119	0.193979
28 	21.3275	22.53  	21.7895	0.19842 
30 	21.3225	22.48  	21.7703	0.202162
31 	21.32  	22.465 	21.7602	0.201737
32 	21.295 	22.5125	21.7512	0.206172
35 	21.2625	22.5575	21.7181	0.212052
37 	21.2475	22.6125	21.6931	0.212325
38 	21.22  	22.4575	21.6815	0.216395
40 	21.1925	22.485 	21.6567	0.222159
42 	21.1825	22.58  	21.6284	0.227264
43 	21.16  	22.465 	21.6141	0.23029 
44 	21.08  	22.5625	21.5975	0.235706
48 	21.0725	22.4725	21.5277	0.246771
50 	21.045 	22.4675	21.4903	0.253009
51 	21.0325	22.5525	21.4732	0.25953 
53 	21.0075	22.465 	21.4368	0.270921
57 	20.9575	22.5125	21.3619	0.290048
58 	20.9325	22.6025	21.3454	0.297265
59 	20.9025	22.51  	21.3231	0.298075
60 	20.8975	22.5375	21.3051	0.307904
61 	20.8325	22.5   	21.2841	0.309772
63 	20.76  	22.61  	21.2455	0.321766
65 	20.705 	22.5025	21.2079	0.332262
68 	20.6925	22.4575	21.1528	0.349498
70 	20.68  	22.59  	21.113 	0.365823
71 	20.6775	22.4775	21.0922	0.363958
72 	20.65  	22.4475	21.0715	0.371668
73 	20.635 	22.525 	21.0528	0.379755
75 	20.6225	22.56  	21.0177	0.388915
77 	20.575 	22.4825	20.9842	0.396634
78 	20.545 	22.505 	20.968 	0.405415
83 	20.52  	22.5525	20.8948	0.429106
85 	20.5125	22.505 	20.8677	0.436669
86 	20.47  	22.5075	20.8552	0.440242
89 	20.4375	22.4675	20.8218	0.453816
90 	20.435 	22.5575	20.8093	0.456873
91 	20.4275	22.53  	20.7986	0.459559
92 	20.4225	22.5475	20.7882	0.463629
93 	20.4175	22.5825	20.7773	0.465557
94 	20.4075	22.4525	20.7683	0.46933 
96 	20.385 	22.4725	20.7506	0.476864
98 	20.3475	22.56  	20.7321	0.479914
100	20.3175	22.455 	20.7148	0.488253
101	20.31  	22.515 	20.7083	0.493132
107	20.3075	22.5375	20.6608	0.506127
108	20.265 	22.5525	20.6549	0.509087
110	20.25  	22.585 	20.6391	0.515512
114	20.2425	22.5525	20.6043	0.520553
116	20.225 	22.5625	20.5887	0.529078
117	20.2025	22.5375	20.579 	0.530096
118	20.2   	22.5525	20.5678	0.531696
119	20.1875	22.48  	20.5564	0.536211
120	20.1775	22.565 	20.5458	0.540468
121	20.1575	22.6075	20.5345	0.544528
122	20.15  	22.5275	20.5236	0.547803
123	20.0925	22.535 	20.5117	0.553224
128	20.085 	22.5925	20.4493	0.575196
129	20.06  	22.5775	20.4357	0.578967
132	20.055 	22.475 	20.3994	0.587775
133	20.025 	22.5225	20.3897	0.596973
136	20.0225	22.4925	20.3544	0.601904
137	20.01  	22.4825	20.3457	0.610017
138	19.985 	22.525 	20.3334	0.608081
140	19.9825	22.64  	20.3117	0.614597
141	19.9625	22.48  	20.3029	0.621817
145	19.9525	22.595 	20.2679	0.632778
146	19.9475	22.5475	20.259 	0.632732
147	19.945 	22.52  	20.2518	0.639594
148	19.9375	22.5125	20.2438	0.640048
149	19.9325	22.535 	20.2362	0.641508
150	19.9225	22.475 	20.2291	0.645326
152	19.9175	22.52  	20.2142	0.648153
153	19.915 	22.455 	20.2086	0.650827
154	19.8975	22.63  	20.2016	0.650517
156	19.8875	22.4675	20.1913	0.658053
160	19.885 	22.485 	20.1698	0.662336
163	19.8825	22.545 	20.1568	0.669751
166	19.875 	22.6075	20.1418	0.673093
167	19.875 	22.5325	20.1359	0.668751
168	19.8725	22.455 	20.1331	0.672267
170	19.87  	22.61  	20.1282	0.674963
171	19.87  	22.4925	20.1267	0.67789 
172	19.8675	22.605 	20.1255	0.681094
174	19.865 	22.6025	20.1214	0.67904 
177	19.8575	22.53  	20.1175	0.679511
183	19.8525	22.525 	20.1087	0.681768
184	19.85  	22.4825	20.1077	0.683834
191	19.845 	22.53  	20.0958	0.687816
193	19.845 	22.55  	20.0914	0.692338
196	19.835 	22.4875	20.0842	0.688614
201	19.8325	22.545 	20.0818	0.693911
Tempo de Termino (hh:mm:ss.ms) 2026-04-28 12:20:44.790297
Tempo Total (hh:mm:ss.ms) 0:05:01.050996
Individuo: ([2, 1, 8, 7, 4, 5, 6, 26, 41, 42, 62, 63, 64, 44, 45, 56, 60, 55, 46, 50, 49, 54, 53, 52, 51, 36, 39, 32, 35, 22, 15, 23, 17, 24, 12, 25, 37, 38, 33, 34, 47, 48, 65, 68, 67, 66, 59, 58, 57, 43, 61, 40, 30, 29, 28, 27, 31, 11, 10, 9, 13, 18, 19, 20, 21, 14, 16, 3, 0], [1, 1, 1, 1, 0, 0, 0, 1, 0, 0, 0, 0, 0, 0, 0, 1, 1, 1, 1, 1, 1, 1, 1, 1, 1, 1, 1, 1, 1, 0, 0, 0, 0, 0, 0, 0, 0, 0, 0, 0, 0, 0, 1, 1, 1, 1, 1, 1, 1, 1, 1, 1, 1, 1, 1, 1, 1, 1, 1, 1, 1, 1, 1, 0, 0, 1, 1, 0, 0])
Fitness:  19.8325
Gens:  [0, 1, 2, 3, 4, 5, 6, 7, 8, 9, 10, 11, 12, 13, 14, 15, 16, 17, 18, 19, 20, 21, 22, 23, 24, 25, 26, 27, 28, 29, 30, 31, 32, 33, 34, 35, 36, 37, 38, 39, 40, 41, 42, 43, 44, 45, 46, 47, 48, 49, 50, 51, 52, 53, 54, 55, 56, 57, 58, 59, 60, 61, 62, 63, 64, 65, 66, 67, 68, 69, 70, 71, 72, 73, 74, 75, 76, 77, 78, 79, 80, 81, 82, 83, 84, 85, 86, 87, 88, 89, 90, 91, 92, 93, 94, 95, 96, 97, 98, 99, 100, 101, 102, 103, 104, 105, 106, 107, 108, 109, 110, 111, 112, 113, 114, 115, 116, 117, 118, 119, 120, 121, 122, 123, 124, 125, 126, 127, 128, 129, 130, 131, 132, 133, 134, 135, 136, 137, 138, 139, 140, 141, 142, 143, 144, 145, 146, 147, 148, 149, 150, 151, 152, 153, 154, 155, 156, 157, 158, 159, 160, 161, 162, 163, 164, 165, 166, 167, 168, 169, 170, 171, 172, 173, 174, 175, 176, 177, 178, 179, 180, 181, 182, 183, 184, 185, 186, 187, 188, 189, 190, 191, 192, 193, 194, 195, 196, 197, 198, 199, 200, 201, 202, 203, 204, 205, 206, 207, 208, 209, 210, 211, 212, 213, 214, 215, 216, 217, 218, 219, 220, 221, 222, 223, 224, 225, 226, 227, 228, 229, 230, 231, 232, 233, 234, 235, 236, 237, 238, 239, 240, 241, 242, 243, 244, 245, 246, 247, 248, 249, 250]
Inds:  [21.642499999999988, 21.642499999999988, 21.6025, 21.6025, 21.599999999999998, 21.599999999999998, 21.577499999999993, 21.56749999999998, 21.56749999999998, 21.537499999999994, 21.497499999999988, 21.497499999999988, 21.497499999999988, 21.497499999999988, 21.470000000000002, 21.432499999999997, 21.432499999999997, 21.360000000000003, 21.360000000000003, 21.360000000000003, 21.360000000000003, 21.360000000000003, 21.360000000000003, 21.360000000000003, 21.360000000000003, 21.340000000000003, 21.340000000000003, 21.340000000000003, 21.327499999999993, 21.327499999999993, 21.3225, 21.32, 21.294999999999995, 21.294999999999995, 21.294999999999995, 21.262500000000006, 21.262500000000006, 21.247499999999995, 21.219999999999995, 21.219999999999995, 21.192500000000003, 21.192500000000003, 21.1825, 21.16, 21.08, 21.08, 21.08, 21.08, 21.072499999999994, 21.072499999999994, 21.045000000000005, 21.03250000000001, 21.03250000000001, 21.007499999999997, 21.007499999999997, 21.007499999999997, 21.007499999999997, 20.957499999999996, 20.9325, 20.902500000000007, 20.89750000000001, 20.832500000000003, 20.832500000000003, 20.76, 20.76, 20.70499999999999, 20.70499999999999, 20.70499999999999, 20.692499999999995, 20.692499999999995, 20.68, 20.677500000000002, 20.650000000000002, 20.63500000000001, 20.63500000000001, 20.6225, 20.6225, 20.574999999999996, 20.544999999999995, 20.544999999999995, 20.544999999999995, 20.544999999999995, 20.544999999999995, 20.52, 20.52, 20.512499999999996, 20.470000000000006, 20.470000000000006, 20.470000000000006, 20.437499999999996, 20.435000000000006, 20.427500000000006, 20.4225, 20.417500000000004, 20.407500000000013, 20.407500000000013, 20.384999999999994, 20.384999999999994, 20.3475, 20.3475, 20.317499999999995, 20.31000000000001, 20.31000000000001, 20.31000000000001, 20.31000000000001, 20.31000000000001, 20.31000000000001, 20.307500000000005, 20.265, 20.265, 20.250000000000007, 20.250000000000007, 20.250000000000007, 20.250000000000007, 20.2425, 20.2425, 20.225, 20.202500000000004, 20.200000000000003, 20.1875, 20.17750000000001, 20.157500000000002, 20.15, 20.0925, 20.0925, 20.0925, 20.0925, 20.0925, 20.084999999999997, 20.06, 20.06, 20.06, 20.054999999999996, 20.025000000000006, 20.025000000000006, 20.025000000000006, 20.022500000000004, 20.010000000000005, 19.985, 19.985, 19.982499999999998, 19.962499999999995, 19.962499999999995, 19.962499999999995, 19.962499999999995, 19.952499999999997, 19.947500000000005, 19.945, 19.9375, 19.932500000000005, 19.922500000000003, 19.922500000000003, 19.917499999999997, 19.915000000000006, 19.897500000000004, 19.897500000000004, 19.887500000000003, 19.887500000000003, 19.887500000000003, 19.887500000000003, 19.885, 19.885, 19.885, 19.882499999999997, 19.882499999999997, 19.882499999999997, 19.875000000000004, 19.875, 19.8725, 19.8725, 19.87, 19.869999999999997, 19.8675, 19.8675, 19.865000000000002, 19.865000000000002, 19.865000000000002, 19.857499999999998, 19.857499999999998, 19.857499999999998, 19.857499999999998, 19.857499999999998, 19.857499999999998, 19.852500000000003, 19.85, 19.85, 19.85, 19.85, 19.85, 19.85, 19.85, 19.845000000000002, 19.845000000000002, 19.845, 19.845, 19.845, 19.835, 19.835, 19.835, 19.835, 19.835, 19.8325, 19.8325, 19.8325, 19.8325, 19.8325, 19.8325, 19.8325, 19.8325, 19.8325, 19.8325, 19.8325, 19.8325, 19.8325, 19.8325, 19.8325, 19.8325, 19.8325, 19.8325, 19.8325, 19.8325, 19.8325, 19.8325, 19.8325, 19.8325, 19.8325, 19.8325, 19.8325, 19.8325, 19.8325, 19.8325, 19.8325, 19.8325, 19.8325, 19.8325, 19.8325, 19.8325, 19.8325, 19.8325, 19.8325, 19.8325, 19.8325, 19.8325, 19.8325, 19.8325, 19.8325, 19.8325, 19.8325, 19.8325, 19.8325, 19.8325]

