BRKGA: shapes1_pack

Execução 1:
Parametros: P=5000, Pe=0.3, Pm=0.1, pe=0.7, Parada=100
Tempo de Inicio (hh:mm:ss.ms) 2026-04-28 12:30:49.221673
gen	min    	max    	avg    	std     
0  	118.357	123.457	120.882	0.695247
1  	118.205	123.235	120.459	0.655681
2  	118.055	123.165	120.249	0.692473
4  	117.583	122.985	120.019	0.759469
5  	117.205	123.3  	119.941	0.789989
16 	116.935	123    	119.573	0.956386
27 	116.898	122.767	119.334	1.0113  
Tempo de Termino (hh:mm:ss.ms) 2026-04-28 12:36:03.338442
Tempo Total (hh:mm:ss.ms) 0:05:14.116769
Individuo: ([394, 323, 149, 368, 22, 142, 23, 4, 31, 139, 332, 111, 51, 386, 374, 255, 173, 57, 176, 10, 192, 225, 268, 247, 122, 200, 100, 21, 202, 370, 1, 293, 215, 227, 319, 331, 417, 257, 224, 304, 250, 363, 278, 277, 102, 228, 132, 137, 210, 214, 146, 423, 185, 244, 410, 35, 53, 248, 9, 276, 384, 218, 242, 45, 233, 18, 261, 188, 342, 408, 348, 112, 318, 96, 414, 292, 56, 168, 125, 375, 217, 81, 270, 27, 189, 131, 13, 382, 378, 110, 269, 362, 283, 387, 296, 126, 76, 164, 201, 175, 290, 104, 39, 216, 392, 103, 165, 194, 409, 349, 356, 251, 240, 405, 83, 328, 193, 350, 326, 59, 86, 79, 143, 345, 307, 309, 264, 380, 206, 2, 11, 174, 320, 129, 239, 101, 364, 186, 85, 71, 232, 32, 396, 336, 170, 397, 297, 117, 38, 167, 141, 365, 221, 36, 68, 66, 17, 147, 19, 235, 246, 209, 274, 230, 339, 411, 49, 124, 119, 171, 237, 50, 395, 115, 63, 78, 8, 203, 310, 160, 88, 40, 421, 390, 73, 282, 222, 295, 62, 72, 226, 314, 256, 105, 44, 135, 313, 321, 26, 14, 352, 54, 344, 178, 254, 357, 266, 130, 366, 15, 140, 133, 128, 28, 97, 271, 379, 196, 106, 361, 252, 136, 94, 41, 177, 162, 398, 371, 205, 381, 341, 55, 58, 213, 204, 153, 355, 212, 151, 187, 43, 52, 312, 333, 46, 401, 116, 87, 90, 299, 77, 5, 372, 327, 359, 74, 89, 260, 181, 118, 184, 123, 308, 407, 316, 413, 353, 347, 16, 159, 306, 191, 67, 300, 91, 172, 298, 211, 325, 400, 30, 148, 75, 294, 369, 385, 152, 280, 236, 120, 98, 95, 338, 263, 358, 127, 80, 288, 420, 61, 403, 343, 37, 234, 108, 243, 25, 340, 346, 144, 303, 388, 286, 33, 24, 99, 84, 169, 241, 157, 404, 253, 273, 389, 305, 198, 334, 138, 220, 64, 245, 416, 121, 281, 114, 182, 329, 262, 335, 418, 249, 279, 219, 20, 70, 229, 391, 150, 354, 289, 207, 376, 393, 258, 322, 190, 402, 134, 197, 367, 383, 109, 145, 238, 65, 208, 42, 47, 156, 415, 163, 166, 317, 107, 267, 93, 179, 180, 265, 422, 315, 92, 406, 351, 284, 291, 412, 285, 425, 223, 373, 424, 29, 12, 82, 183, 287, 419, 272, 6, 7, 330, 158, 377, 48, 360, 311, 399, 231, 195, 0, 199, 426, 113, 275, 60, 324, 301, 302, 259, 154, 69, 161, 34, 155, 3, 337], [1, 1, 1, 0, 1, 1, 0, 0, 1, 1, 0, 0, 0, 1, 1, 0, 1, 0, 1, 0, 0, 1, 0, 0, 0, 1, 1, 0, 1, 1, 1, 0, 0, 1, 0, 0, 0, 1, 1, 0, 1, 1, 1, 0, 1, 0, 0, 1, 1, 0, 0, 1, 0, 1, 1, 1, 0, 0, 0, 0, 1, 1, 1, 1, 1, 0, 1, 0, 1, 1, 0, 1, 1, 1, 0, 0, 1, 0, 0, 1, 1, 0, 0, 1, 1, 0, 0, 0, 0, 1, 1, 0, 1, 0, 1, 0, 0, 0, 1, 1, 0, 0, 0, 0, 0, 1, 0, 0, 0, 1, 1, 0, 0, 1, 1, 0, 0, 1, 0, 0, 0, 0, 0, 0, 1, 0, 1, 0, 1, 0, 1, 0, 1, 0, 1, 1, 1, 0, 1, 0, 0, 1, 0, 0, 1, 1, 0, 1, 1, 0, 0, 0, 0, 0, 1, 1, 1, 0, 1, 0, 1, 1, 1, 0, 1, 0, 1, 1, 0, 0, 0, 0, 0, 0, 0, 0, 1, 1, 0, 0, 1, 1, 0, 0, 1, 0, 1, 1, 0, 1, 1, 1, 0, 1, 1, 0, 1, 0, 1, 0, 1, 1, 0, 0, 0, 1, 1, 0, 1, 0, 1, 0, 0, 1, 1, 1, 0, 0, 1, 0, 0, 0, 0, 1, 0, 0, 1, 0, 1, 1, 0, 0, 0, 0, 1, 1, 0, 1, 0, 1, 0, 0, 0, 1, 1, 0, 0, 0, 0, 0, 1, 0, 0, 0, 0, 0, 0, 0, 1, 0, 1, 1, 1, 0, 1, 1, 1, 1, 1, 1, 0, 1, 0, 0, 1, 0, 0, 1, 0, 0, 1, 0, 0, 0, 0, 0, 0, 1, 0, 1, 1, 1, 1, 1, 1, 1, 0, 1, 0, 0, 1, 1, 0, 1, 0, 1, 1, 1, 0, 1, 1, 1, 1, 1, 0, 1, 0, 0, 0, 1, 1, 1, 1, 0, 0, 1, 1, 1, 1, 0, 1, 1, 0, 1, 0, 1, 0, 0, 0, 1, 1, 1, 1, 1, 0, 1, 1, 0, 1, 1, 0, 0, 0, 1, 0, 1, 0, 0, 0, 1, 1, 1, 0, 0, 1, 0, 0, 1, 0, 1, 1, 1, 0, 1, 1, 0, 1, 1, 0, 0, 0, 1, 0, 1, 1, 0, 0, 1, 1, 0, 1, 0, 0, 1, 0, 0, 0, 0, 1, 1, 0, 0, 1, 1, 1, 1, 1, 0, 1, 0, 0, 0, 1, 1, 1, 0, 1, 1, 1, 0, 0, 1, 1, 0, 0, 1, 0])
Fitness:  116.89750000000008
Gens:  [0, 1, 2, 3, 4, 5, 6, 7, 8, 9, 10, 11, 12, 13, 14, 15, 16, 17, 18, 19, 20, 21, 22, 23, 24, 25, 26, 27]
Inds:  [118.35749999999999, 118.20500000000006, 118.05500000000005, 118.05500000000005, 117.58250000000002, 117.20500000000003, 117.20500000000003, 117.20500000000003, 117.20500000000003, 117.20500000000003, 117.20500000000003, 117.20500000000003, 117.20500000000003, 117.20500000000003, 117.20500000000003, 117.20500000000003, 116.93500000000002, 116.93500000000002, 116.93500000000002, 116.93500000000002, 116.93500000000002, 116.93500000000002, 116.93500000000002, 116.93500000000002, 116.93500000000002, 116.93500000000002, 116.93500000000002, 116.89750000000008]

