BRKGA: shapes0_sep

Execução 1:
Parametros: P=5000, Pe=0.3, Pm=0.1, pe=0.7, Parada=100
Tempo de Inicio (hh:mm:ss.ms) 2026-04-28 12:29:48.542705
gen	min    	max    	avg    	std     
0  	118.655	123.892	121.327	0.741762
1  	118.39 	124.038	120.891	0.689855
2  	118.298	123.49 	120.694	0.722151
3  	117.662	123.585	120.554	0.768238
14 	117.645	123.57 	119.948	0.970617
15 	117.513	123.588	119.92 	0.98589 
18 	117.445	123.595	119.844	1.00466 
21 	117.332	123.79 	119.786	1.03687 
Tempo de Termino (hh:mm:ss.ms) 2026-04-28 12:35:09.324013
Tempo Total (hh:mm:ss.ms) 0:05:20.781308
Individuo: ([245, 182, 208, 115, 11, 40, 329, 291, 314, 374, 292, 319, 338, 145, 347, 86, 128, 7, 223, 315, 51, 339, 318, 173, 172, 365, 109, 80, 25, 118, 324, 390, 230, 191, 136, 63, 39, 180, 106, 222, 12, 14, 366, 196, 71, 335, 270, 395, 361, 312, 97, 157, 161, 100, 111, 285, 239, 69, 294, 146, 224, 148, 151, 340, 18, 351, 392, 322, 99, 114, 34, 36, 84, 137, 140, 103, 121, 76, 70, 288, 280, 364, 220, 124, 247, 241, 101, 8, 83, 263, 199, 234, 255, 2, 150, 171, 369, 66, 19, 298, 221, 175, 290, 226, 21, 283, 219, 286, 359, 192, 49, 267, 154, 68, 214, 383, 261, 56, 174, 232, 29, 88, 13, 382, 170, 326, 372, 184, 31, 17, 96, 373, 268, 249, 228, 198, 177, 23, 360, 330, 400, 265, 274, 42, 133, 113, 217, 397, 227, 202, 302, 205, 259, 28, 22, 181, 257, 377, 269, 189, 275, 164, 238, 344, 343, 357, 358, 345, 279, 186, 142, 1, 9, 47, 41, 342, 252, 204, 402, 107, 277, 201, 381, 98, 30, 306, 20, 50, 349, 120, 309, 376, 141, 273, 393, 387, 102, 281, 46, 251, 289, 371, 212, 334, 210, 163, 243, 301, 144, 237, 79, 195, 401, 311, 262, 123, 183, 67, 240, 45, 91, 178, 256, 331, 54, 105, 143, 62, 37, 74, 159, 368, 203, 253, 250, 35, 110, 15, 153, 244, 354, 352, 65, 266, 336, 380, 169, 24, 375, 282, 242, 235, 200, 77, 6, 185, 246, 317, 293, 348, 167, 396, 305, 64, 81, 370, 362, 126, 367, 5, 303, 378, 85, 162, 215, 297, 271, 179, 300, 327, 130, 156, 43, 213, 93, 287, 131, 149, 27, 122, 299, 4, 38, 138, 209, 231, 168, 278, 87, 328, 134, 341, 307, 355, 55, 135, 32, 58, 116, 188, 53, 52, 112, 26, 333, 225, 229, 176, 391, 90, 147, 363, 218, 248, 104, 78, 72, 44, 233, 57, 94, 59, 95, 89, 33, 316, 276, 61, 132, 236, 320, 16, 92, 388, 73, 295, 48, 108, 332, 284, 272, 264, 160, 258, 384, 337, 325, 211, 353, 350, 308, 0, 155, 193, 187, 260, 206, 194, 165, 313, 197, 139, 216, 296, 60, 75, 10, 323, 82, 389, 166, 158, 152, 386, 346, 119, 394, 125, 385, 129, 398, 356, 321, 379, 207, 254, 3, 304, 127, 117, 190, 399, 310], [0, 1, 1, 1, 0, 0, 0, 0, 0, 0, 1, 1, 1, 1, 1, 0, 1, 1, 1, 0, 1, 0, 1, 1, 1, 1, 1, 0, 1, 1, 0, 1, 1, 1, 0, 0, 0, 0, 0, 1, 0, 1, 1, 1, 0, 1, 1, 1, 0, 0, 0, 1, 0, 1, 1, 0, 0, 0, 1, 1, 1, 0, 0, 0, 1, 0, 1, 1, 1, 0, 0, 0, 0, 1, 0, 1, 1, 1, 1, 1, 0, 1, 1, 0, 1, 1, 1, 1, 0, 0, 0, 1, 1, 1, 0, 0, 0, 0, 0, 0, 0, 1, 1, 1, 0, 1, 1, 0, 1, 1, 0, 0, 0, 1, 1, 1, 0, 1, 0, 0, 0, 1, 1, 0, 0, 1, 0, 1, 1, 1, 0, 1, 0, 1, 1, 1, 0, 1, 0, 0, 1, 1, 0, 1, 0, 1, 1, 1, 0, 0, 0, 1, 0, 0, 1, 1, 0, 0, 0, 1, 0, 0, 0, 0, 0, 1, 1, 1, 0, 0, 0, 0, 1, 0, 0, 0, 0, 1, 0, 0, 1, 1, 1, 0, 0, 0, 0, 0, 0, 0, 0, 1, 0, 0, 1, 1, 0, 1, 1, 0, 1, 0, 1, 0, 1, 1, 0, 1, 0, 0, 0, 1, 1, 0, 0, 0, 1, 1, 1, 1, 0, 1, 0, 1, 1, 0, 0, 1, 1, 1, 0, 0, 1, 1, 1, 1, 0, 0, 1, 0, 0, 0, 1, 1, 1, 0, 1, 0, 0, 1, 1, 0, 0, 0, 1, 1, 1, 0, 0, 1, 0, 1, 1, 1, 0, 1, 1, 1, 1, 1, 1, 0, 0, 0, 0, 0, 1, 0, 0, 0, 0, 0, 0, 1, 0, 0, 0, 1, 1, 0, 1, 1, 1, 1, 1, 1, 1, 0, 0, 1, 0, 0, 0, 1, 0, 1, 0, 1, 1, 0, 1, 1, 1, 0, 0, 1, 1, 0, 1, 1, 0, 1, 1, 0, 0, 0, 0, 0, 1, 0, 0, 0, 1, 1, 1, 0, 0, 1, 1, 1, 0, 1, 0, 0, 1, 0, 1, 0, 1, 0, 1, 0, 1, 1, 1, 1, 1, 0, 0, 0, 1, 0, 1, 1, 1, 1, 0, 1, 0, 1, 1, 1, 1, 0, 1, 1, 0, 1, 0, 1, 0, 1, 0, 1, 0, 0, 1, 1, 0, 1, 0, 1, 0, 1, 1, 0, 1, 1, 0, 0, 1, 0, 0])
Fitness:  117.33249999999998
Gens:  [0, 1, 2, 3, 4, 5, 6, 7, 8, 9, 10, 11, 12, 13, 14, 15, 16, 17, 18, 19, 20, 21, 22, 23, 24, 25, 26, 27, 28, 29, 30]
Inds:  [118.65499999999999, 118.39000000000009, 118.2975000000001, 117.66249999999997, 117.66249999999997, 117.66249999999997, 117.66249999999997, 117.66249999999997, 117.66249999999997, 117.66249999999997, 117.66249999999997, 117.66249999999997, 117.66249999999997, 117.66249999999997, 117.64500000000005, 117.51250000000012, 117.51250000000012, 117.51250000000012, 117.44500000000002, 117.44500000000002, 117.44500000000002, 117.33249999999998, 117.33249999999998, 117.33249999999998, 117.33249999999998, 117.33249999999998, 117.33249999999998, 117.33249999999998, 117.33249999999998, 117.33249999999998, 117.33249999999998]

