BRKGA: shapes0_pack

Execução 1:
Parametros: P=5000, Pe=0.3, Pm=0.1, pe=0.7, Parada=100
Tempo de Inicio (hh:mm:ss.ms) 2026-04-28 12:29:32.858291
gen	min  	max   	avg    	std    
0  	117.5	122.83	120.368	0.67539
2  	117.46	122.513	119.769	0.677988
6  	117.445	122.235	119.4  	0.786485
7  	117.33 	122.72 	119.346	0.818445
8  	116.657	122.242	119.289	0.824849
12 	116.36 	122.358	119.139	0.875563
26 	116.13 	122.14 	118.855	0.993929
Tempo de Termino (hh:mm:ss.ms) 2026-04-28 12:34:49.507186
Tempo Total (hh:mm:ss.ms) 0:05:16.648895
Individuo: ([84, 118, 200, 232, 156, 71, 167, 4, 169, 406, 235, 286, 162, 150, 62, 111, 411, 248, 390, 176, 29, 10, 61, 400, 216, 308, 121, 372, 157, 114, 115, 65, 73, 251, 283, 268, 405, 198, 383, 39, 7, 339, 369, 359, 149, 348, 323, 295, 222, 354, 319, 192, 63, 208, 393, 211, 310, 403, 409, 340, 410, 212, 9, 228, 92, 123, 260, 315, 257, 380, 18, 179, 221, 135, 134, 279, 189, 350, 197, 329, 377, 132, 367, 361, 349, 355, 300, 326, 97, 174, 75, 247, 113, 76, 78, 389, 172, 91, 64, 356, 14, 90, 324, 243, 352, 130, 314, 147, 276, 185, 307, 6, 333, 351, 183, 332, 54, 345, 70, 234, 16, 312, 293, 335, 358, 262, 1, 79, 270, 320, 346, 103, 388, 316, 328, 401, 392, 343, 40, 311, 337, 407, 21, 378, 275, 101, 80, 31, 166, 204, 142, 249, 267, 46, 205, 303, 264, 105, 98, 239, 256, 269, 226, 363, 353, 292, 100, 15, 117, 0, 126, 263, 245, 364, 404, 360, 144, 384, 171, 327, 238, 253, 416, 313, 274, 306, 259, 196, 252, 285, 124, 52, 74, 258, 139, 282, 304, 272, 107, 218, 19, 99, 402, 297, 371, 143, 24, 294, 395, 396, 140, 57, 112, 163, 265, 291, 284, 23, 250, 203, 42, 240, 230, 186, 195, 41, 89, 87, 201, 165, 108, 229, 237, 224, 362, 412, 199, 93, 148, 368, 168, 26, 48, 81, 68, 38, 153, 104, 273, 277, 365, 110, 2, 206, 231, 387, 180, 122, 127, 182, 338, 299, 55, 158, 246, 152, 242, 164, 330, 131, 137, 194, 290, 20, 5, 385, 173, 66, 49, 155, 217, 281, 373, 391, 181, 119, 59, 109, 255, 129, 375, 417, 60, 45, 334, 12, 296, 67, 77, 398, 120, 233, 305, 236, 370, 188, 145, 86, 141, 213, 223, 88, 83, 214, 116, 382, 381, 254, 190, 8, 96, 261, 397, 374, 17, 170, 69, 317, 408, 177, 34, 51, 219, 298, 11, 32, 25, 202, 128, 178, 193, 125, 33, 35, 184, 44, 301, 37, 175, 43, 325, 160, 414, 220, 85, 357, 133, 309, 415, 419, 146, 418, 210, 287, 159, 56, 136, 342, 413, 366, 344, 30, 209, 28, 72, 341, 399, 95, 207, 36, 191, 102, 271, 27, 336, 94, 53, 227, 3, 13, 106, 225, 154, 22, 47, 215, 280, 266, 386, 347, 187, 289, 58, 50, 379, 244, 376, 318, 322, 151, 331, 288, 161, 241, 138, 321, 302, 394, 278, 82], [1, 1, 1, 1, 0, 1, 1, 0, 0, 1, 1, 1, 0, 1, 1, 0, 0, 1, 1, 1, 1, 1, 1, 1, 1, 0, 1, 0, 0, 0, 1, 1, 1, 0, 1, 1, 1, 0, 0, 0, 0, 0, 0, 1, 0, 0, 1, 1, 1, 0, 0, 1, 0, 1, 1, 1, 1, 1, 1, 1, 0, 0, 1, 1, 0, 1, 1, 0, 1, 0, 1, 0, 1, 1, 0, 0, 0, 1, 1, 0, 1, 1, 1, 1, 0, 1, 0, 1, 1, 1, 0, 0, 1, 0, 0, 0, 1, 0, 1, 1, 1, 1, 1, 1, 0, 1, 1, 1, 1, 0, 0, 0, 1, 1, 1, 1, 0, 1, 1, 0, 0, 0, 0, 0, 0, 0, 1, 1, 0, 0, 1, 1, 0, 0, 0, 0, 1, 1, 1, 1, 0, 0, 0, 0, 1, 0, 0, 0, 0, 1, 1, 0, 0, 1, 1, 0, 0, 1, 1, 0, 1, 1, 0, 1, 0, 1, 0, 1, 0, 1, 1, 0, 1, 0, 0, 0, 0, 0, 1, 0, 0, 1, 1, 1, 0, 0, 0, 0, 1, 0, 0, 0, 0, 1, 1, 0, 1, 1, 0, 0, 1, 1, 1, 1, 1, 1, 1, 0, 0, 1, 1, 1, 1, 0, 1, 0, 1, 1, 1, 0, 0, 0, 0, 0, 1, 0, 0, 0, 0, 0, 0, 1, 1, 1, 1, 1, 0, 1, 1, 1, 1, 0, 1, 0, 0, 0, 0, 1, 0, 0, 0, 1, 1, 0, 1, 0, 0, 0, 0, 0, 0, 1, 0, 0, 0, 1, 1, 1, 0, 0, 1, 1, 1, 0, 0, 0, 1, 1, 1, 0, 1, 1, 0, 0, 0, 1, 0, 1, 0, 0, 1, 0, 1, 0, 0, 0, 1, 0, 1, 1, 1, 0, 0, 1, 0, 0, 1, 0, 0, 1, 0, 1, 0, 0, 1, 1, 1, 1, 1, 1, 1, 0, 1, 0, 0, 1, 1, 1, 0, 0, 1, 0, 0, 0, 1, 0, 0, 1, 1, 1, 1, 0, 0, 1, 0, 0, 0, 0, 1, 0, 0, 1, 0, 1, 1, 1, 0, 1, 0, 0, 1, 0, 1, 1, 1, 0, 1, 0, 0, 0, 1, 0, 0, 0, 0, 0, 0, 1, 1, 0, 1, 0, 1, 1, 0, 1, 0, 1, 1, 1, 1, 1, 0, 1, 1, 1, 1, 0, 1, 1, 0, 1, 0, 0, 0, 0, 0, 1, 1, 1, 1, 0, 1, 0, 0, 1, 0, 0, 1, 0])
Fitness:  116.12999999999997
Gens:  [0, 1, 2, 3, 4, 5, 6, 7, 8, 9, 10, 11, 12, 13, 14, 15, 16, 17, 18, 19, 20, 21, 22, 23, 24, 25, 26, 27, 28]
Inds:  [117.50000000000004, 117.50000000000004, 117.45999999999995, 117.45999999999995, 117.45999999999995, 117.45999999999995, 117.44500000000002, 117.32999999999998, 116.65749999999991, 116.65749999999991, 116.65749999999991, 116.65749999999991, 116.35999999999994, 116.35999999999994, 116.35999999999994, 116.35999999999994, 116.35999999999994, 116.35999999999994, 116.35999999999994, 116.35999999999994, 116.35999999999994, 116.35999999999994, 116.35999999999994, 116.35999999999994, 116.35999999999994, 116.35999999999994, 116.12999999999997, 116.12999999999997, 116.12999999999997]

