BRKGA: shirts_sep

Execução 1:
Parametros: P=5000, Pe=0.3, Pm=0.1, pe=0.7, Parada=100
Tempo de Inicio (hh:mm:ss.ms) 2026-04-28 12:31:20.157419
gen	min   	max   	avg    	std   
0  	165.12	173.33	169.301	1.1186
2  	164.68	172.845	168.297	1.11208
5  	164.565	172.91 	167.816	1.26533
6  	164.463	172.795	167.726	1.28902
7  	164.312	172.995	167.644	1.3123 
10 	164.185	172.077	167.442	1.39241
11 	163.345	172.605	167.398	1.40673
Tempo de Termino (hh:mm:ss.ms) 2026-04-28 12:36:42.083822
Tempo Total (hh:mm:ss.ms) 0:05:21.926403
Individuo: ([59, 435, 331, 442, 166, 174, 289, 380, 321, 191, 277, 310, 308, 124, 81, 20, 231, 491, 447, 426, 16, 396, 156, 63, 213, 554, 401, 132, 62, 600, 440, 341, 68, 468, 227, 3, 390, 248, 478, 509, 482, 579, 185, 309, 97, 215, 291, 488, 251, 368, 349, 363, 162, 198, 109, 116, 64, 196, 384, 404, 409, 497, 85, 573, 558, 541, 424, 326, 459, 204, 73, 274, 325, 131, 61, 428, 492, 279, 290, 252, 247, 242, 576, 402, 474, 581, 422, 501, 172, 303, 437, 239, 294, 143, 416, 560, 133, 10, 91, 255, 168, 39, 208, 93, 256, 175, 526, 607, 505, 249, 354, 2, 176, 317, 457, 487, 395, 419, 232, 66, 33, 26, 568, 571, 300, 456, 389, 582, 11, 318, 324, 543, 532, 480, 74, 601, 451, 7, 382, 192, 550, 246, 161, 484, 472, 288, 407, 411, 393, 154, 410, 530, 614, 593, 98, 557, 344, 240, 603, 496, 547, 173, 19, 590, 106, 37, 423, 515, 121, 347, 170, 179, 271, 282, 425, 89, 14, 295, 84, 27, 135, 23, 575, 489, 589, 263, 549, 587, 48, 190, 236, 606, 441, 139, 548, 49, 58, 120, 374, 574, 358, 44, 609, 555, 371, 485, 102, 269, 55, 171, 134, 225, 534, 373, 517, 572, 388, 280, 361, 95, 200, 583, 528, 578, 495, 328, 559, 483, 420, 365, 336, 523, 538, 385, 278, 475, 259, 223, 226, 597, 527, 508, 112, 469, 8, 36, 75, 330, 4, 181, 367, 178, 542, 158, 519, 77, 187, 429, 327, 529, 34, 210, 476, 616, 510, 486, 104, 150, 544, 147, 403, 594, 30, 372, 24, 76, 535, 262, 157, 101, 377, 234, 153, 408, 87, 32, 114, 270, 414, 470, 494, 129, 72, 418, 130, 164, 297, 220, 78, 238, 45, 286, 229, 610, 21, 305, 525, 490, 454, 140, 202, 376, 335, 128, 180, 127, 493, 466, 136, 31, 188, 446, 586, 126, 276, 464, 463, 169, 257, 604, 144, 108, 70, 588, 302, 513, 430, 580, 296, 149, 56, 348, 145, 406, 287, 511, 319, 67, 362, 595, 189, 551, 69, 397, 155, 96, 41, 345, 520, 322, 500, 552, 503, 450, 299, 565, 359, 537, 94, 117, 195, 337, 125, 439, 375, 432, 184, 245, 378, 283, 311, 111, 436, 260, 207, 340, 165, 417, 448, 138, 539, 334, 400, 351, 103, 427, 443, 137, 9, 43, 481, 312, 598, 370, 353, 88, 148, 313, 458, 421, 350, 514, 445, 86, 90, 275, 35, 265, 193, 433, 460, 307, 592, 273, 99, 253, 387, 60, 42, 338, 329, 355, 183, 323, 214, 146, 366, 301, 399, 83, 267, 434, 605, 504, 217, 394, 467, 159, 564, 431, 205, 186, 266, 332, 105, 379, 293, 316, 272, 352, 250, 92, 398, 5, 444, 12, 29, 540, 13, 0, 22, 304, 258, 167, 465, 471, 563, 585, 567, 577, 47, 52, 562, 18, 80, 71, 100, 209, 381, 25, 79, 38, 160, 17, 115, 110, 228, 356, 216, 415, 264, 284, 473, 292, 212, 82, 479, 392, 556, 518, 584, 306, 50, 51, 522, 413, 54, 40, 521, 449, 533, 386, 570, 122, 194, 199, 182, 243, 360, 602, 591, 298, 596, 461, 339, 545, 512, 65, 369, 254, 177, 141, 221, 201, 197, 6, 233, 499, 53, 383, 516, 320, 615, 524, 206, 553, 608, 142, 507, 477, 123, 211, 315, 412, 237, 285, 244, 261, 241, 613, 222, 561, 281, 118, 462, 506, 531, 314, 224, 203, 46, 268, 452, 599, 235, 152, 119, 57, 1, 113, 569, 15, 218, 391, 612, 163, 28, 617, 230, 151, 536, 455, 346, 566, 546, 502, 498, 219, 357, 438, 364, 107, 333, 611, 405, 342, 453, 343], [1, 0, 1, 1, 1, 0, 0, 1, 0, 0, 1, 0, 0, 1, 0, 1, 0, 0, 0, 0, 1, 0, 0, 0, 1, 1, 0, 0, 0, 0, 1, 1, 0, 0, 1, 0, 1, 1, 0, 0, 1, 0, 0, 0, 1, 1, 1, 1, 1, 0, 0, 1, 1, 0, 1, 0, 0, 1, 1, 1, 1, 0, 0, 0, 1, 0, 0, 1, 1, 1, 1, 0, 0, 1, 0, 0, 1, 0, 1, 0, 1, 1, 0, 1, 1, 1, 0, 1, 1, 0, 1, 0, 1, 1, 1, 1, 1, 1, 1, 1, 1, 0, 1, 1, 1, 0, 0, 1, 1, 0, 0, 1, 1, 1, 1, 0, 1, 0, 1, 1, 0, 0, 0, 0, 1, 1, 1, 0, 1, 1, 0, 0, 0, 0, 1, 0, 1, 0, 0, 1, 1, 1, 1, 1, 0, 1, 1, 1, 1, 1, 0, 1, 0, 1, 1, 1, 1, 1, 1, 0, 1, 1, 1, 0, 1, 0, 0, 0, 1, 0, 0, 0, 1, 1, 0, 0, 1, 0, 0, 1, 1, 1, 1, 1, 0, 0, 1, 0, 0, 1, 1, 0, 1, 1, 1, 1, 1, 0, 0, 0, 0, 0, 1, 1, 0, 0, 0, 1, 1, 1, 0, 0, 0, 1, 1, 0, 0, 0, 1, 0, 0, 0, 0, 0, 0, 0, 0, 1, 0, 0, 1, 0, 1, 0, 1, 1, 1, 1, 0, 1, 1, 0, 1, 0, 1, 1, 1, 0, 1, 0, 1, 0, 0, 1, 1, 1, 0, 1, 1, 0, 0, 0, 0, 0, 0, 0, 0, 0, 1, 1, 0, 0, 1, 0, 0, 0, 0, 0, 0, 1, 0, 1, 1, 1, 1, 1, 0, 1, 1, 0, 0, 1, 0, 1, 0, 1, 1, 1, 1, 1, 0, 0, 1, 1, 0, 0, 1, 0, 0, 0, 1, 1, 0, 1, 1, 1, 0, 1, 0, 1, 1, 0, 0, 1, 0, 1, 1, 1, 0, 0, 1, 1, 0, 0, 1, 0, 0, 1, 0, 0, 0, 1, 1, 1, 0, 0, 1, 1, 1, 1, 0, 0, 0, 1, 1, 0, 1, 0, 1, 0, 1, 0, 1, 1, 0, 0, 0, 0, 0, 1, 1, 0, 0, 0, 1, 1, 1, 1, 0, 1, 1, 0, 1, 1, 1, 1, 1, 0, 0, 1, 0, 1, 0, 0, 0, 1, 1, 0, 0, 0, 0, 1, 0, 1, 1, 1, 0, 0, 0, 1, 1, 1, 0, 0, 0, 0, 1, 1, 0, 1, 0, 1, 0, 0, 0, 1, 0, 1, 0, 1, 0, 1, 1, 1, 1, 0, 1, 1, 0, 1, 1, 1, 1, 0, 0, 0, 0, 0, 1, 1, 0, 0, 0, 1, 1, 0, 0, 0, 0, 0, 0, 1, 0, 1, 1, 1, 0, 0, 0, 0, 0, 0, 1, 1, 0, 0, 1, 1, 0, 1, 0, 0, 0, 1, 1, 1, 1, 1, 0, 1, 1, 0, 0, 1, 1, 1, 0, 0, 1, 0, 1, 1, 1, 1, 0, 0, 0, 0, 0, 0, 1, 0, 1, 1, 1, 0, 1, 0, 1, 1, 1, 0, 0, 0, 0, 0, 1, 1, 0, 1, 0, 1, 0, 1, 1, 0, 1, 0, 0, 0, 1, 0, 0, 0, 1, 0, 1, 1, 1, 1, 0, 0, 1, 1, 0, 1, 1, 0, 1, 1, 1, 1, 1, 1, 0, 0, 1, 0, 0, 0, 0, 1, 0, 0, 1, 0, 0, 0, 0, 0, 0, 0, 0, 0, 1, 0, 1, 0, 0, 1, 1, 1, 1, 1, 0, 1, 0, 1, 0, 1, 0, 1, 0, 1, 0, 0, 0, 1, 1, 0, 1, 1, 0, 0, 0, 1, 1, 1])
Fitness:  163.34499999999983
Gens:  [0, 1, 2, 3, 4, 5, 6, 7, 8, 9, 10, 11, 12, 13, 14, 15, 16]
Inds:  [165.11999999999992, 165.11999999999992, 164.68, 164.68, 164.68, 164.56500000000003, 164.46250000000006, 164.3124999999998, 164.3124999999998, 164.3124999999998, 164.185, 163.34499999999983, 163.34499999999983, 163.34499999999983, 163.34499999999983, 163.34499999999983, 163.34499999999983]

