BRKGA: swim_mod_pack

Execução 1:
Parametros: P=5000, Pe=0.3, Pm=0.1, pe=0.7, Parada=100
Tempo de Inicio (hh:mm:ss.ms) 2026-04-28 12:31:34.844285
gen	min    	max    	avg    	std    
0  	26351.7	28063.8	27293.1	250.633
2  	26292.3	28189.7	27065.7	246.522
4  	26122.7	27991.7	26979.4	267.41 
5  	26105.6	28026.7	26959.5	279.836
Tempo de Termino (hh:mm:ss.ms) 2026-04-28 12:38:31.261234
Tempo Total (hh:mm:ss.ms) 0:06:56.416949
Individuo: ([28, 985, 517, 254, 191, 831, 13, 1266, 927, 941, 467, 454, 1148, 502, 480, 1140, 264, 352, 817, 491, 646, 732, 928, 399, 884, 1024, 852, 675, 548, 618, 285, 1100, 900, 268, 920, 1041, 595, 1114, 44, 236, 608, 556, 905, 911, 672, 108, 1116, 741, 727, 311, 244, 964, 774, 183, 157, 61, 642, 498, 1146, 656, 962, 1221, 907, 717, 308, 1080, 421, 1040, 355, 1292, 1026, 164, 923, 144, 203, 1235, 291, 572, 1119, 248, 170, 301, 371, 489, 65, 1205, 1296, 152, 865, 281, 993, 957, 567, 1138, 147, 361, 981, 1231, 783, 683, 771, 73, 348, 543, 886, 734, 693, 245, 444, 1240, 90, 247, 196, 417, 58, 1098, 524, 582, 874, 368, 544, 564, 482, 654, 1064, 843, 1124, 151, 1111, 1158, 249, 1106, 223, 171, 649, 1044, 353, 373, 205, 298, 1075, 146, 143, 988, 826, 880, 1074, 1204, 338, 909, 997, 576, 791, 1127, 929, 813, 492, 74, 527, 1300, 1200, 1165, 751, 587, 1164, 1006, 1077, 69, 566, 277, 317, 193, 77, 102, 428, 1163, 1073, 793, 549, 332, 987, 551, 470, 262, 562, 728, 541, 773, 674, 1076, 635, 1038, 51, 722, 1162, 107, 509, 1083, 133, 366, 138, 27, 532, 657, 1104, 479, 983, 570, 525, 735, 518, 481, 889, 98, 172, 1037, 1239, 272, 125, 1132, 1020, 1096, 1045, 1191, 96, 960, 1070, 785, 485, 986, 239, 506, 1082, 292, 504, 443, 1279, 413, 942, 124, 973, 179, 63, 1195, 1031, 452, 500, 12, 194, 367, 395, 155, 703, 715, 466, 1043, 910, 777, 104, 1294, 1268, 1063, 163, 336, 362, 679, 1011, 1246, 1123, 1183, 457, 833, 967, 141, 282, 23, 743, 528, 67, 636, 215, 440, 563, 374, 670, 34, 383, 494, 36, 375, 288, 1054, 890, 1030, 540, 982, 434, 0, 81, 131, 408, 971, 325, 1269, 1135, 91, 775, 959, 115, 575, 894, 342, 241, 1126, 704, 839, 634, 393, 349, 473, 199, 522, 304, 1274, 1176, 218, 270, 780, 1061, 420, 85, 118, 536, 580, 600, 1128, 9, 873, 779, 427, 1036, 895, 1264, 449, 121, 1278, 1225, 320, 250, 456, 123, 705, 1161, 1053, 1121, 465, 809, 853, 1157, 1001, 896, 668, 25, 1049, 1216, 208, 868, 915, 266, 404, 762, 539, 329, 145, 384, 526, 949, 219, 1275, 139, 177, 1281, 1203, 1260, 1207, 339, 286, 696, 860, 640, 1166, 365, 768, 260, 901, 856, 1241, 1223, 394, 531, 101, 629, 158, 1304, 968, 140, 149, 633, 1280, 998, 893, 832, 554, 117, 585, 322, 225, 619, 127, 952, 652, 830, 694, 278, 542, 99, 40, 231, 57, 493, 461, 555, 312, 958, 204, 20, 180, 212, 460, 109, 1051, 702, 1052, 181, 820, 512, 545, 869, 559, 416, 1143, 1196, 1259, 1102, 259, 314, 26, 1101, 765, 86, 796, 198, 1093, 363, 521, 778, 616, 306, 1222, 926, 326, 912, 624, 1218, 173, 749, 899, 472, 87, 419, 214, 496, 919, 589, 862, 380, 1288, 882, 343, 16, 1130, 1072, 828, 511, 569, 1236, 924, 1244, 409, 724, 1034, 673, 1252, 711, 475, 836, 992, 1067, 822, 1256, 167, 1179, 529, 1187, 1188, 834, 364, 116, 273, 1028, 867, 922, 391, 966, 376, 351, 692, 6, 2, 812, 906, 334, 578, 1002, 243, 995, 714, 593, 1117, 1212, 921, 738, 47, 1249, 337, 708, 1000, 1282, 21, 841, 303, 913, 606, 1142, 1048, 725, 1181, 794, 851, 207, 55, 328, 1065, 840, 597, 699, 381, 984, 71, 162, 447, 1230, 712, 857, 1255, 318, 159, 602, 930, 718, 754, 3, 1214, 753, 658, 1060, 908, 786, 767, 736, 519, 387, 1131, 897, 571, 221, 175, 573, 1156, 746, 275, 255, 935, 814, 887, 369, 398, 1005, 637, 358, 885, 425, 433, 948, 807, 686, 763, 335, 848, 827, 871, 682, 918, 385, 560, 72, 934, 1042, 76, 52, 323, 350, 769, 719, 804, 1032, 1120, 1004, 546, 1213, 1250, 1081, 324, 1025, 713, 1062, 584, 1208, 1003, 174, 698, 113, 378, 430, 487, 965, 954, 678, 757, 561, 256, 946, 169, 354, 1115, 1168, 1118, 788, 614, 188, 445, 290, 855, 296, 1262, 37, 792, 1129, 782, 980, 213, 68, 178, 1247, 274, 1018, 1019, 463, 53, 1286, 1215, 166, 1226, 1170, 407, 1243, 1112, 10, 803, 75, 583, 824, 211, 392, 638, 41, 185, 955, 747, 276, 877, 321, 1167, 300, 1302, 974, 808, 341, 609, 459, 630, 520, 382, 1284, 176, 130, 1289, 1139, 601, 1078, 776, 850, 1229, 1134, 701, 953, 707, 742, 1202, 969, 599, 197, 650, 1103, 604, 56, 819, 623, 105, 1066, 651, 327, 224, 35, 307, 432, 581, 879, 129, 499, 464, 1090, 1144, 80, 455, 756, 534, 1290, 252, 1039, 838, 297, 468, 588, 14, 471, 553, 423, 111, 523, 1133, 903, 89, 730, 95, 251, 182, 424, 760, 1035, 1276, 1027, 697, 800, 100, 220, 1189, 474, 764, 744, 579, 64, 462, 257, 128, 621, 1159, 126, 192, 168, 507, 232, 837, 400, 537, 574, 748, 1095, 4, 933, 1220, 319, 442, 78, 186, 1009, 611, 861, 1079, 1245, 991, 486, 261, 503, 226, 142, 88, 295, 299, 1261, 501, 431, 978, 1178, 816, 643, 1089, 940, 439, 680, 418, 690, 411, 687, 902, 216, 200, 271, 709, 648, 1224, 972, 357, 594, 663, 39, 547, 1175, 845, 1283, 1, 508, 622, 356, 490, 961, 1015, 1194, 1171, 280, 15, 347, 11, 662, 936, 937, 627, 1122, 1237, 1068, 228, 943, 1287, 112, 625, 758, 379, 201, 1182, 976, 872, 844, 484, 596, 469, 577, 448, 294, 284, 132, 235, 279, 811, 410, 799, 815, 888, 388, 93, 227, 681, 1209, 1190, 1155, 970, 875, 360, 557, 1272, 904, 740, 1017, 1273, 999, 446, 305, 1219, 426, 458, 1069, 505, 1149, 165, 644, 631, 24, 1227, 1253, 1201, 1291, 22, 731, 1197, 598, 864, 1016, 798, 706, 659, 389, 1050, 938, 119, 154, 859, 515, 1185, 209, 70, 7, 106, 189, 530, 963, 1109, 729, 396, 229, 797, 1254, 842, 1210, 558, 1150, 190, 977, 1107, 1186, 1298, 156, 438, 1180, 591, 405, 1198, 939, 1265, 403, 386, 1263, 996, 210, 1058, 739, 745, 535, 1071, 684, 835, 346, 863, 1160, 538, 1303, 789, 1228, 612, 620, 302, 1136, 60, 568, 975, 1184, 925, 801, 340, 1113, 716, 721, 932, 655, 689, 666, 1217, 66, 947, 1174, 370, 122, 726, 263, 17, 134, 33, 242, 48, 787, 979, 1010, 1094, 1192, 437, 944, 406, 891, 476, 665, 1206, 136, 750, 153, 110, 1008, 994, 195, 892, 1088, 1299, 917, 390, 495, 691, 613, 660, 514, 1151, 945, 1297, 790, 759, 615, 669, 805, 626, 1105, 533, 32, 700, 565, 695, 1248, 253, 160, 1021, 766, 516, 1232, 1199, 846, 1091, 62, 234, 287, 246, 377, 94, 412, 92, 847, 1086, 878, 810, 29, 137, 31, 79, 1172, 1270, 552, 592, 18, 916, 453, 450, 1087, 309, 240, 206, 802, 313, 653, 483, 222, 849, 661, 1125, 950, 293, 103, 402, 331, 685, 821, 1258, 1012, 1110, 1234, 333, 1293, 866, 628, 46, 59, 202, 38, 97, 737, 217, 1257, 603, 1099, 1033, 1029, 315, 54, 733, 1242, 1301, 488, 951, 1211, 761, 150, 806, 990, 1046, 1057, 513, 755, 1137, 795, 8, 1153, 823, 510, 49, 1295, 148, 184, 161, 238, 876, 1251, 497, 914, 752, 477, 30, 1267, 345, 120, 267, 135, 858, 50, 1154, 1145, 414, 451, 720, 639, 647, 478, 1233, 590, 956, 931, 42, 770, 825, 881, 688, 1285, 818, 283, 1055, 1271, 1047, 435, 605, 883, 1177, 1059, 429, 607, 1277, 1152, 1084, 1097, 43, 289, 1022, 1013, 441, 397, 401, 45, 1193, 237, 870, 723, 233, 989, 422, 1056, 632, 1141, 269, 344, 677, 1014, 784, 19, 84, 83, 550, 330, 898, 586, 415, 854, 82, 258, 1007, 664, 676, 710, 1023, 310, 671, 1238, 1173, 187, 5, 781, 1147, 772, 645, 1085, 1092, 1169, 372, 230, 829, 617, 436, 1108, 114, 667, 359, 265, 316, 610, 641], [0, 1, 0, 1, 1, 1, 1, 1, 0, 0, 0, 1, 0, 1, 1, 1, 0, 0, 0, 0, 0, 1, 1, 0, 0, 1, 1, 0, 1, 0, 0, 0, 1, 0, 1, 0, 0, 0, 1, 0, 1, 1, 0, 0, 0, 1, 1, 0, 1, 0, 1, 1, 0, 1, 0, 1, 0, 1, 0, 1, 0, 1, 1, 0, 1, 1, 1, 0, 0, 1, 0, 1, 1, 0, 0, 1, 0, 1, 1, 0, 1, 1, 1, 1, 1, 0, 0, 1, 1, 0, 1, 1, 1, 1, 1, 0, 1, 1, 0, 0, 0, 1, 0, 1, 0, 0, 0, 0, 1, 1, 0, 0, 1, 0, 0, 1, 0, 0, 0, 1, 0, 1, 1, 0, 0, 1, 1, 1, 1, 0, 0, 1, 1, 0, 1, 1, 1, 0, 0, 1, 1, 0, 1, 1, 0, 1, 1, 1, 1, 1, 1, 0, 1, 1, 0, 1, 0, 1, 0, 0, 0, 1, 0, 0, 0, 0, 0, 0, 0, 1, 1, 0, 0, 0, 0, 0, 0, 1, 0, 0, 1, 1, 0, 1, 0, 1, 1, 0, 0, 1, 1, 1, 1, 1, 1, 0, 0, 1, 1, 1, 1, 0, 0, 1, 0, 1, 1, 0, 1, 1, 1, 1, 1, 0, 0, 1, 1, 1, 1, 0, 0, 1, 1, 0, 0, 1, 1, 0, 1, 0, 0, 1, 0, 0, 1, 0, 1, 1, 0, 0, 0, 0, 0, 1, 1, 1, 1, 0, 1, 0, 0, 0, 1, 0, 1, 1, 0, 1, 0, 1, 0, 0, 0, 0, 1, 1, 1, 1, 1, 0, 0, 1, 0, 0, 1, 1, 1, 1, 1, 1, 0, 0, 1, 1, 0, 0, 0, 0, 1, 1, 1, 1, 0, 1, 1, 0, 0, 0, 0, 0, 1, 0, 0, 0, 1, 1, 1, 1, 0, 0, 0, 1, 1, 0, 0, 1, 0, 0, 1, 1, 0, 1, 1, 0, 0, 0, 0, 1, 1, 0, 0, 1, 0, 0, 1, 1, 0, 1, 1, 0, 0, 0, 0, 0, 1, 1, 1, 0, 0, 1, 1, 1, 1, 0, 1, 0, 0, 0, 0, 0, 0, 1, 1, 1, 1, 0, 1, 1, 1, 0, 1, 1, 1, 0, 1, 1, 0, 0, 1, 0, 1, 1, 1, 0, 0, 1, 0, 0, 1, 1, 1, 0, 0, 1, 0, 1, 0, 0, 0, 0, 1, 0, 1, 0, 1, 0, 1, 0, 1, 0, 1, 0, 0, 0, 0, 0, 0, 0, 1, 1, 0, 1, 0, 1, 1, 1, 1, 0, 1, 1, 0, 0, 1, 0, 0, 0, 0, 0, 0, 1, 1, 0, 0, 0, 1, 1, 0, 0, 0, 1, 1, 0, 0, 0, 1, 1, 1, 1, 1, 0, 0, 0, 1, 0, 0, 0, 0, 0, 1, 0, 1, 1, 1, 1, 0, 0, 1, 0, 1, 1, 1, 0, 0, 1, 1, 1, 1, 0, 0, 1, 1, 0, 1, 0, 0, 1, 0, 0, 1, 0, 1, 1, 0, 1, 1, 0, 0, 0, 1, 1, 1, 1, 1, 1, 0, 1, 1, 1, 1, 0, 0, 1, 1, 0, 0, 1, 0, 0, 0, 1, 0, 1, 1, 1, 0, 0, 0, 0, 0, 1, 0, 1, 1, 1, 0, 0, 1, 1, 1, 0, 1, 1, 1, 1, 0, 1, 0, 0, 0, 1, 1, 1, 1, 1, 0, 0, 0, 0, 1, 0, 0, 0, 0, 0, 0, 0, 1, 1, 0, 0, 1, 0, 1, 0, 0, 0, 0, 0, 0, 0, 0, 1, 1, 1, 0, 0, 0, 0, 0, 1, 1, 1, 1, 1, 1, 0, 0, 0, 1, 0, 0, 1, 1, 1, 0, 0, 0, 1, 1, 0, 0, 0, 0, 1, 0, 0, 1, 1, 0, 1, 1, 0, 1, 0, 1, 1, 0, 1, 0, 0, 0, 1, 0, 0, 1, 1, 0, 0, 1, 0, 1, 1, 0, 0, 1, 0, 1, 0, 1, 0, 1, 1, 0, 0, 0, 1, 0, 0, 0, 1, 0, 1, 0, 0, 0, 0, 0, 1, 1, 0, 0, 0, 0, 0, 0, 1, 0, 0, 0, 1, 1, 1, 1, 1, 0, 0, 0, 1, 0, 1, 1, 0, 0, 0, 1, 1, 1, 0, 0, 0, 0, 1, 0, 0, 0, 0, 0, 1, 1, 1, 0, 0, 0, 1, 0, 1, 1, 1, 0, 0, 1, 0, 0, 1, 1, 1, 0, 0, 0, 0, 1, 0, 1, 1, 1, 0, 0, 0, 1, 1, 1, 0, 0, 0, 1, 1, 1, 1, 0, 1, 0, 1, 0, 1, 0, 0, 1, 0, 0, 0, 1, 1, 0, 0, 1, 0, 0, 1, 1, 1, 1, 0, 1, 0, 1, 1, 0, 1, 0, 0, 0, 1, 1, 1, 1, 1, 1, 1, 1, 1, 1, 0, 0, 0, 0, 0, 0, 0, 1, 1, 0, 0, 1, 0, 1, 1, 1, 0, 1, 0, 1, 1, 1, 1, 0, 1, 0, 1, 0, 1, 0, 1, 0, 0, 0, 0, 1, 0, 1, 1, 1, 1, 0, 1, 0, 0, 0, 0, 1, 0, 1, 0, 1, 1, 1, 1, 1, 0, 1, 1, 0, 0, 1, 1, 1, 1, 0, 0, 1, 0, 1, 1, 1, 1, 0, 1, 0, 1, 1, 0, 0, 0, 1, 1, 1, 0, 1, 1, 1, 0, 0, 1, 0, 1, 0, 0, 0, 0, 0, 0, 1, 1, 1, 0, 1, 0, 1, 1, 1, 1, 1, 0, 0, 0, 0, 1, 1, 1, 1, 1, 0, 1, 1, 1, 0, 1, 1, 0, 0, 1, 0, 1, 1, 1, 1, 1, 0, 0, 1, 1, 1, 0, 0, 0, 0, 1, 0, 1, 0, 1, 1, 0, 1, 1, 0, 0, 1, 0, 0, 0, 1, 0, 1, 1, 1, 0, 1, 1, 1, 0, 1, 1, 1, 1, 1, 0, 1, 0, 1, 1, 0, 1, 0, 0, 1, 1, 1, 0, 1, 0, 0, 1, 1, 0, 1, 0, 1, 0, 0, 0, 1, 1, 0, 1, 0, 0, 1, 0, 0, 0, 0, 0, 0, 0, 1, 1, 0, 1, 0, 1, 0, 0, 0, 0, 1, 1, 0, 0, 0, 1, 1, 1, 1, 0, 1, 1, 0, 0, 0, 1, 1, 0, 0, 1, 0, 0, 0, 1, 1, 1, 0, 1, 0, 0, 0, 0, 0, 0, 1, 1, 0, 1, 0, 0, 0, 1, 1, 0, 1, 1, 0, 1, 0, 1, 0, 0, 0, 0, 1, 1, 0, 1, 1, 0, 1, 1, 0, 0, 1, 0, 0, 0, 0, 0, 1, 1, 1, 1, 0, 1, 1, 0, 1, 0, 1, 0, 1, 1, 1, 1, 0, 0, 1, 0, 1, 0, 1, 0, 1, 0, 1, 0, 0, 0, 1, 1, 0, 1, 1, 1, 0, 0, 1, 1, 0, 0, 1, 1, 0, 1, 0, 0, 0, 0, 0, 1, 1, 1, 1, 1, 0, 1, 0, 1, 1, 0, 0, 1, 1, 0, 1, 1, 0, 0, 1, 1, 1, 1, 0, 1, 0, 0, 0, 1, 0, 0, 1, 1, 1, 1, 1, 1, 1, 1, 0, 1, 0, 1, 0, 1, 0, 1, 1, 1, 1, 1, 1, 0, 1, 1, 1, 1, 1, 1, 0, 0, 0, 1, 1, 0, 0, 1, 0, 0, 1, 1, 0, 1, 1, 0, 1, 0, 0, 1, 1, 0, 0, 1, 0, 1, 0, 1, 0, 0, 1, 0, 0, 1, 1, 0, 0, 0, 1, 1, 1, 0, 0, 0, 1, 1, 1, 0, 0, 1, 1, 1, 1, 1, 1, 1, 0, 0, 0, 1, 0, 1, 0, 1, 1, 1, 1, 0, 1, 0, 0, 0, 1, 0, 1, 1, 0, 0, 0, 1, 0, 1, 1, 0, 0, 0, 1, 1, 1, 0, 0, 0, 1, 1, 0, 1, 1, 0, 0, 0, 1])
Fitness:  26105.56367705166
Gens:  [0, 1, 2, 3, 4, 5, 6]
Inds:  [26351.703622990415, 26351.703622990415, 26292.34492128452, 26292.34492128452, 26122.711447629725, 26105.56367705166, 26105.56367705166]

