BRKGA: trousers_mod_sep

Execução 1:
Parametros: P=5000, Pe=0.3, Pm=0.1, pe=0.7, Parada=100
Tempo de Inicio (hh:mm:ss.ms) 2026-04-28 12:34:56.575220
gen	min   	max    	avg    	std    
0  	455.96	495.241	473.702	5.37954
1  	453.954	489.209	470.443	4.98777
2  	452.908	490.593	468.994	5.27165
3  	452.174	490.934	468.053	5.60053
5  	449.734	488.039	466.555	5.90968
7  	447.445	492.149	465.571	6.25675
10 	447.199	491.317	464.492	6.60672
13 	446.707	487.437	463.796	6.93956
16 	446.004	495.499	463.094	7.30895
17 	443.492	491.571	462.891	7.27673
19 	442.432	489.597	462.529	7.39924
Tempo de Termino (hh:mm:ss.ms) 2026-04-28 12:40:15.187641
Tempo Total (hh:mm:ss.ms) 0:05:18.612421
Individuo: ([100, 392, 363, 209, 320, 34, 156, 85, 337, 208, 349, 49, 288, 172, 211, 382, 144, 316, 425, 354, 14, 53, 61, 108, 372, 293, 198, 92, 373, 465, 249, 138, 17, 241, 295, 70, 55, 283, 387, 261, 110, 230, 281, 359, 213, 185, 435, 225, 453, 6, 323, 402, 467, 106, 183, 416, 39, 124, 180, 339, 77, 125, 111, 189, 217, 256, 4, 231, 307, 377, 195, 57, 168, 242, 44, 73, 271, 475, 378, 502, 471, 503, 341, 287, 42, 96, 56, 41, 422, 119, 82, 333, 37, 51, 497, 251, 67, 505, 305, 409, 145, 498, 461, 80, 296, 194, 121, 426, 499, 380, 437, 58, 270, 492, 361, 485, 71, 452, 64, 29, 2, 389, 115, 62, 8, 13, 393, 418, 215, 275, 294, 431, 149, 63, 114, 447, 303, 319, 388, 252, 433, 424, 186, 446, 506, 262, 365, 356, 383, 277, 379, 243, 274, 285, 31, 113, 330, 107, 89, 224, 157, 86, 98, 240, 7, 47, 91, 315, 210, 469, 436, 23, 360, 75, 170, 21, 218, 200, 148, 112, 366, 38, 191, 27, 93, 175, 272, 276, 132, 352, 350, 411, 403, 223, 69, 3, 227, 18, 317, 187, 427, 454, 440, 131, 487, 374, 376, 174, 117, 143, 511, 159, 36, 482, 43, 126, 105, 118, 390, 484, 141, 162, 280, 88, 54, 102, 216, 164, 324, 258, 78, 445, 509, 417, 464, 414, 244, 239, 385, 370, 160, 368, 476, 318, 311, 326, 340, 139, 205, 248, 463, 83, 52, 147, 313, 408, 481, 489, 334, 478, 279, 173, 155, 171, 140, 167, 9, 491, 182, 308, 345, 343, 146, 199, 462, 116, 250, 226, 150, 40, 66, 103, 184, 214, 468, 493, 246, 0, 109, 134, 504, 152, 450, 332, 398, 304, 177, 237, 238, 236, 299, 466, 371, 421, 412, 420, 451, 474, 406, 508, 457, 207, 449, 434, 190, 59, 127, 428, 253, 219, 375, 338, 479, 306, 28, 321, 16, 192, 264, 355, 367, 369, 312, 129, 12, 204, 123, 97, 494, 260, 245, 298, 273, 397, 329, 328, 448, 290, 384, 263, 87, 137, 405, 331, 364, 25, 394, 459, 65, 15, 309, 24, 120, 247, 84, 33, 234, 284, 501, 386, 19, 300, 122, 72, 460, 407, 48, 30, 254, 268, 228, 335, 442, 153, 35, 95, 81, 344, 26, 314, 297, 259, 391, 310, 423, 413, 289, 495, 266, 222, 269, 429, 415, 347, 176, 301, 10, 46, 32, 22, 201, 327, 197, 302, 472, 265, 229, 179, 165, 193, 101, 257, 74, 166, 342, 60, 90, 154, 20, 362, 507, 221, 203, 142, 292, 353, 151, 358, 357, 206, 396, 291, 325, 158, 410, 212, 470, 483, 133, 178, 381, 282, 130, 79, 136, 188, 438, 477, 456, 1, 45, 68, 255, 496, 50, 500, 473, 196, 395, 455, 488, 169, 161, 486, 181, 458, 99, 286, 235, 104, 351, 94, 348, 430, 399, 346, 490, 432, 278, 322, 336, 510, 202, 443, 444, 400, 5, 11, 135, 232, 441, 401, 267, 163, 128, 76, 233, 220, 419, 404, 439, 480], [1, 1, 0, 0, 0, 1, 1, 1, 0, 1, 0, 0, 1, 0, 0, 1, 0, 1, 1, 0, 0, 1, 0, 0, 0, 1, 1, 0, 0, 0, 0, 1, 1, 0, 0, 1, 1, 1, 1, 0, 0, 0, 0, 0, 0, 0, 1, 1, 1, 0, 1, 0, 1, 1, 0, 1, 1, 1, 1, 0, 0, 1, 1, 1, 0, 0, 0, 1, 1, 0, 0, 1, 1, 1, 0, 0, 1, 0, 1, 1, 1, 1, 0, 1, 0, 0, 1, 0, 0, 1, 0, 1, 0, 1, 0, 1, 1, 1, 0, 0, 1, 0, 0, 1, 1, 1, 0, 1, 0, 0, 1, 0, 0, 0, 0, 1, 0, 0, 0, 1, 0, 1, 1, 1, 0, 0, 0, 0, 0, 0, 1, 1, 1, 0, 1, 1, 1, 0, 1, 0, 0, 0, 0, 1, 1, 0, 0, 1, 1, 1, 1, 0, 0, 1, 1, 1, 1, 0, 0, 1, 0, 1, 0, 0, 1, 1, 1, 1, 1, 1, 1, 1, 1, 0, 0, 0, 1, 1, 1, 1, 1, 0, 1, 0, 0, 0, 1, 0, 1, 1, 0, 1, 1, 1, 0, 1, 1, 1, 0, 1, 1, 0, 0, 1, 1, 1, 0, 0, 0, 0, 1, 0, 1, 1, 0, 0, 1, 0, 0, 1, 1, 1, 0, 1, 1, 1, 1, 1, 0, 0, 1, 1, 1, 1, 1, 0, 1, 0, 0, 1, 0, 0, 1, 1, 0, 1, 0, 0, 0, 1, 1, 1, 1, 1, 1, 0, 0, 0, 0, 0, 0, 0, 0, 1, 1, 1, 0, 1, 0, 0, 1, 1, 1, 0, 0, 1, 1, 1, 0, 0, 1, 0, 1, 0, 1, 0, 0, 0, 1, 0, 0, 0, 1, 1, 0, 1, 0, 1, 1, 0, 0, 1, 1, 1, 0, 0, 0, 0, 1, 0, 0, 0, 1, 0, 1, 1, 0, 0, 1, 1, 0, 1, 0, 1, 1, 1, 1, 1, 0, 1, 1, 0, 0, 0, 0, 0, 0, 1, 0, 0, 1, 0, 1, 1, 0, 0, 0, 0, 0, 1, 0, 1, 0, 0, 0, 0, 1, 1, 1, 1, 1, 0, 0, 1, 0, 0, 1, 0, 1, 0, 0, 0, 0, 0, 1, 1, 1, 1, 1, 1, 0, 1, 1, 1, 0, 1, 1, 0, 1, 0, 0, 0, 0, 0, 0, 0, 0, 0, 0, 1, 1, 1, 0, 0, 1, 0, 0, 0, 0, 0, 1, 0, 0, 0, 1, 1, 1, 0, 1, 1, 1, 1, 0, 0, 0, 1, 0, 1, 1, 1, 1, 1, 1, 0, 0, 0, 0, 0, 1, 1, 1, 0, 1, 0, 1, 1, 0, 0, 0, 1, 0, 0, 1, 1, 0, 0, 0, 1, 0, 1, 0, 1, 1, 0, 0, 0, 1, 0, 1, 1, 0, 0, 0, 1, 0, 0, 1, 1, 0, 0, 1, 1, 1, 0, 1, 0, 0, 1, 1, 1, 0, 0, 0, 1, 1, 0, 0, 1, 0, 0, 0, 0, 1, 1, 0, 1, 1, 1, 1, 1, 1, 1])
Fitness:  442.432269062585
Gens:  [0, 1, 2, 3, 4, 5, 6, 7, 8, 9, 10, 11, 12, 13, 14, 15, 16, 17, 18, 19, 20, 21, 22, 23, 24, 25, 26]
Inds:  [455.9602668929919, 453.95370554270653, 452.90766456676124, 452.1740203091974, 452.1740203091974, 449.73435904022966, 449.73435904022966, 447.4454082486695, 447.4454082486695, 447.4454082486695, 447.1989851368314, 447.1989851368314, 447.1989851368314, 446.7072897853192, 446.7072897853192, 446.7072897853192, 446.00394464035253, 443.4919672635417, 443.4919672635417, 442.432269062585, 442.432269062585, 442.432269062585, 442.432269062585, 442.432269062585, 442.432269062585, 442.432269062585, 442.432269062585]

