BRKGA: trousers_mod_pack

Execução 1:
Parametros: P=5000, Pe=0.3, Pm=0.1, pe=0.7, Parada=100
Tempo de Inicio (hh:mm:ss.ms) 2026-04-28 12:34:44.080232
gen	min    	max    	avg    	std    
0  	447.236	484.867	465.118	5.19639
1  	446.484	479.766	461.906	4.83614
2  	444.877	480.372	460.521	5.04887
3  	444.134	484.706	459.539	5.32926
4  	438.259	479.26 	458.706	5.56414
6  	437.663	480.985	457.612	5.88306
19 	436.5  	480.342	454.636	7.10446
24 	432.611	480.865	454.047	7.3627 
Tempo de Termino (hh:mm:ss.ms) 2026-04-28 12:40:06.190005
Tempo Total (hh:mm:ss.ms) 0:05:22.109773
Individuo: ([116, 50, 219, 229, 85, 449, 475, 456, 465, 383, 239, 236, 329, 183, 58, 134, 53, 112, 320, 258, 237, 500, 264, 156, 226, 203, 66, 503, 196, 49, 109, 382, 25, 354, 477, 62, 317, 451, 8, 396, 463, 334, 282, 300, 223, 197, 494, 480, 18, 155, 36, 160, 381, 499, 362, 412, 164, 266, 99, 404, 26, 285, 473, 454, 302, 251, 384, 390, 34, 253, 75, 72, 73, 342, 425, 492, 376, 136, 165, 28, 3, 92, 13, 4, 250, 102, 176, 76, 353, 48, 10, 206, 424, 470, 483, 427, 129, 395, 70, 222, 479, 259, 368, 131, 186, 464, 506, 235, 117, 59, 157, 355, 333, 175, 23, 283, 338, 276, 341, 360, 167, 214, 339, 17, 148, 294, 417, 40, 426, 407, 217, 484, 391, 286, 370, 335, 238, 108, 491, 38, 212, 430, 452, 443, 387, 287, 168, 191, 201, 27, 326, 171, 192, 275, 450, 291, 304, 128, 255, 224, 230, 225, 409, 401, 150, 115, 423, 247, 501, 22, 30, 314, 399, 436, 397, 330, 431, 254, 445, 372, 462, 296, 14, 460, 413, 340, 311, 410, 485, 428, 284, 119, 278, 309, 420, 9, 103, 24, 107, 297, 95, 106, 316, 438, 345, 79, 364, 145, 308, 292, 218, 152, 289, 321, 375, 458, 142, 43, 39, 200, 440, 442, 437, 51, 42, 125, 54, 12, 153, 19, 123, 447, 510, 406, 323, 357, 96, 380, 265, 344, 359, 467, 113, 32, 279, 45, 86, 461, 271, 208, 61, 209, 378, 132, 174, 114, 455, 385, 144, 161, 322, 151, 78, 195, 87, 82, 496, 97, 262, 459, 402, 356, 349, 369, 154, 252, 433, 439, 194, 16, 0, 324, 498, 474, 489, 497, 310, 327, 60, 398, 135, 5, 478, 213, 257, 100, 41, 187, 373, 305, 162, 233, 248, 68, 306, 389, 346, 35, 508, 388, 232, 180, 90, 11, 472, 444, 188, 260, 231, 179, 170, 487, 511, 392, 288, 159, 312, 149, 351, 31, 405, 325, 193, 2, 169, 249, 182, 172, 189, 181, 127, 221, 243, 331, 261, 241, 207, 240, 46, 37, 111, 198, 295, 293, 365, 20, 466, 158, 263, 272, 457, 268, 163, 56, 199, 64, 210, 495, 83, 434, 94, 88, 104, 15, 120, 215, 245, 301, 147, 184, 471, 298, 216, 55, 57, 307, 98, 29, 89, 141, 419, 319, 80, 403, 421, 337, 67, 429, 185, 110, 281, 468, 371, 453, 422, 488, 227, 246, 101, 476, 367, 336, 121, 328, 303, 352, 363, 332, 379, 441, 204, 267, 202, 173, 358, 415, 280, 47, 178, 52, 81, 44, 377, 393, 63, 93, 6, 482, 481, 366, 504, 244, 65, 270, 122, 256, 220, 446, 273, 347, 361, 486, 400, 432, 269, 177, 448, 469, 348, 408, 234, 211, 228, 418, 507, 274, 350, 190, 435, 126, 139, 74, 7, 143, 277, 493, 140, 509, 1, 33, 137, 21, 71, 105, 315, 313, 490, 386, 416, 394, 374, 414, 166, 124, 77, 91, 318, 130, 205, 505, 146, 299, 242, 133, 118, 138, 411, 343, 502, 84, 290, 69], [1, 1, 0, 0, 0, 1, 0, 1, 0, 1, 1, 0, 0, 0, 0, 0, 0, 0, 1, 0, 0, 0, 0, 0, 0, 1, 1, 1, 1, 1, 0, 1, 1, 0, 1, 0, 1, 1, 1, 1, 1, 0, 1, 0, 1, 1, 1, 1, 1, 0, 1, 0, 0, 1, 0, 0, 0, 0, 0, 0, 1, 1, 0, 0, 1, 0, 1, 1, 1, 0, 0, 1, 1, 0, 1, 0, 1, 0, 0, 0, 1, 1, 0, 1, 1, 1, 1, 1, 1, 0, 1, 0, 1, 1, 0, 1, 0, 1, 0, 0, 1, 1, 0, 1, 0, 0, 1, 0, 0, 0, 1, 1, 1, 0, 1, 0, 1, 1, 0, 1, 1, 1, 0, 0, 0, 1, 0, 1, 0, 1, 1, 0, 0, 0, 1, 0, 0, 1, 0, 1, 0, 0, 1, 1, 0, 1, 0, 1, 0, 1, 0, 0, 1, 0, 0, 1, 1, 1, 0, 1, 1, 0, 0, 0, 0, 1, 1, 0, 0, 0, 0, 0, 0, 0, 1, 0, 0, 1, 1, 1, 1, 0, 0, 1, 1, 0, 0, 0, 1, 0, 1, 1, 1, 1, 0, 1, 0, 1, 1, 0, 1, 0, 1, 0, 0, 0, 0, 0, 0, 1, 1, 1, 0, 1, 1, 1, 1, 1, 1, 1, 0, 0, 0, 1, 0, 0, 0, 0, 1, 0, 1, 1, 1, 0, 1, 0, 0, 1, 0, 0, 0, 1, 0, 0, 0, 1, 1, 1, 1, 1, 1, 0, 0, 1, 1, 1, 0, 1, 0, 1, 0, 0, 1, 1, 0, 0, 1, 0, 0, 1, 0, 1, 1, 1, 1, 1, 0, 1, 1, 1, 0, 1, 1, 0, 0, 0, 1, 0, 1, 0, 1, 0, 0, 1, 0, 0, 1, 0, 0, 0, 0, 0, 0, 1, 0, 1, 0, 1, 0, 1, 1, 0, 1, 0, 0, 1, 1, 0, 0, 0, 0, 1, 1, 1, 1, 0, 0, 0, 0, 0, 1, 1, 1, 1, 0, 0, 1, 0, 1, 1, 0, 1, 0, 0, 0, 1, 1, 1, 0, 1, 1, 0, 0, 1, 0, 0, 1, 0, 0, 1, 1, 0, 0, 1, 0, 1, 1, 1, 0, 1, 0, 1, 0, 1, 1, 0, 0, 1, 0, 1, 1, 1, 0, 0, 1, 0, 1, 0, 0, 0, 0, 1, 1, 1, 1, 0, 1, 1, 0, 0, 1, 0, 0, 0, 0, 0, 0, 1, 0, 1, 1, 0, 1, 1, 0, 0, 1, 0, 1, 1, 0, 0, 0, 0, 0, 0, 1, 0, 1, 1, 1, 1, 0, 1, 1, 0, 1, 1, 0, 1, 0, 0, 0, 0, 1, 1, 1, 1, 1, 1, 1, 1, 0, 0, 1, 1, 1, 1, 1, 0, 1, 1, 1, 1, 1, 0, 1, 1, 0, 0, 0, 1, 1, 0, 1, 1, 0, 1, 0, 1, 1, 0, 0, 1, 1, 0, 1, 0, 1, 0, 1, 0, 0, 0, 0, 1, 1, 1, 1, 0, 1, 0, 0, 0, 1, 1, 1, 0, 1, 0, 1, 1])
Fitness:  432.61121955924614
Gens:  [0, 1, 2, 3, 4, 5, 6, 7, 8, 9, 10, 11, 12, 13, 14, 15, 16, 17, 18, 19, 20, 21, 22, 23, 24, 25, 26]
Inds:  [447.2363638685705, 446.48432989756844, 444.8773515578094, 444.1339932638703, 438.25942215621507, 438.25942215621507, 437.6626413364906, 437.6626413364906, 437.6626413364906, 437.6626413364906, 437.6626413364906, 437.6626413364906, 437.6626413364906, 437.6626413364906, 437.6626413364906, 437.6626413364906, 437.6626413364906, 437.6626413364906, 437.6626413364906, 436.49976320897383, 436.49976320897383, 436.49976320897383, 436.49976320897383, 436.49976320897383, 432.61121955924614, 432.61121955924614, 432.61121955924614]

