180
0.0 173.0 1761.0 0.0
1761.0 0.0 2183.0 650.0
2183.0 650.0 2183.0 1010.0
2183.0 1010.0 1761.0 1660.0
1761.0 1660.0 0.0 1487.0
0.0 1487.0 0.0 173.0
2183.0 0.0 5217.0 0.0
5217.0 0.0 5217.0 86.0
5217.0 86.0 5217.0 261.0
5217.0 261.0 2183.0 261.0
2183.0 261.0 2183.0 0.0
5217.0 86.0 6183.0 142.0
6183.0 142.0 7200.0 0.0
7200.0 0.0 7402.0 238.0
7402.0 238.0 7951.0 217.0
7951.0 217.0 8217.0 767.0
8217.0 767.0 8036.0 900.0
8036.0 900.0 8036.0 1360.0
8036.0 1360.0 8217.0 1493.0
8217.0 1493.0 7951.0 2043.0
7951.0 2043.0 7402.0 2022.0
7402.0 2022.0 7200.0 2260.0
7200.0 2260.0 6183.0 2118.0
6183.0 2118.0 5217.0 2174.0
5217.0 2174.0 5217.0 261.0
5217.0 261.0 5217.0 86.0
8217.0 0.0 9153.0 0.0
9153.0 0.0 9153.0 659.0
9153.0 659.0 8217.0 659.0
8217.0 659.0 8217.0 0.0
0.0 2260.0 2499.0 2260.0
2499.0 2260.0 2705.0 2647.0
2705.0 2647.0 2622.0 3194.0
2622.0 3194.0 2148.0 3227.0
2148.0 3227.0 1920.0 3412.0
1920.0 3412.0 1061.0 3319.0
1061.0 3319.0 0.0 3385.0
0.0 3385.0 0.0 2260.0
2761.0 2333.0 3771.0 2403.0
3771.0 2403.0 4596.0 2260.0
4596.0 2260.0 4891.0 2548.0
4891.0 2548.0 5278.0 2501.0
5278.0 2501.0 5381.0 3186.0
5381.0 3186.0 5299.0 3626.0
5299.0 3626.0 4848.0 3626.0
4848.0 3626.0 4700.0 3626.0
4700.0 3626.0 3108.0 3626.0
3108.0 3626.0 3034.0 3626.0
3034.0 3626.0 2705.0 3626.0
2705.0 3626.0 2761.0 2333.0
5455.0 2260.0 6251.0 2379.0
6251.0 2379.0 7047.0 2260.0
7047.0 2260.0 7121.0 2385.0
7121.0 2385.0 6251.0 2565.0
6251.0 2565.0 5381.0 2385.0
5381.0 2385.0 5455.0 2260.0
0.0 3626.0 2705.0 3626.0
2705.0 3626.0 3034.0 3626.0
3034.0 3626.0 3034.0 3751.0
3034.0 3751.0 3034.0 3887.0
3034.0 3887.0 0.0 3887.0
0.0 3887.0 0.0 3626.0
3108.0 3626.0 3904.0 3745.0
3904.0 3745.0 4700.0 3626.0
4700.0 3626.0 4774.0 3751.0
4774.0 3751.0 3904.0 3931.0
3904.0 3931.0 3034.0 3751.0
3034.0 3751.0 3108.0 3626.0
4848.0 3626.0 5644.0 3745.0
5644.0 3745.0 6440.0 3626.0
6440.0 3626.0 6514.0 3751.0
6514.0 3751.0 5644.0 3931.0
5644.0 3931.0 4774.0 3751.0
4774.0 3751.0 4848.0 3626.0
6588.0 3626.0 7384.0 3745.0
7384.0 3745.0 8180.0 3626.0
8180.0 3626.0 8254.0 3751.0
8254.0 3751.0 7384.0 3931.0
7384.0 3931.0 6514.0 3751.0
6514.0 3751.0 6588.0 3626.0
8254.0 3626.0 8665.0 3691.0
8665.0 3691.0 9054.0 3626.0
9054.0 3626.0 9443.0 3691.0
9443.0 3691.0 9854.0 3626.0
9854.0 3626.0 9754.0 3994.0
9754.0 3994.0 9054.0 3912.0
9054.0 3912.0 8354.0 3994.0
8354.0 3994.0 8254.0 3626.0
0.0 3994.0 936.0 3994.0
936.0 3994.0 936.0 4653.0
936.0 4653.0 0.0 4653.0
0.0 4653.0 0.0 3994.0
936.0 3994.0 1347.0 4059.0
1347.0 4059.0 1736.0 3994.0
1736.0 3994.0 2125.0 4059.0
2125.0 4059.0 2536.0 3994.0
2536.0 3994.0 2436.0 4362.0
2436.0 4362.0 1736.0 4280.0
1736.0 4280.0 1036.0 4362.0
1036.0 4362.0 936.0 3994.0
2536.0 3994.0 3472.0 3994.0
3472.0 3994.0 3472.0 4080.0
3472.0 4080.0 3472.0 4653.0
3472.0 4653.0 2536.0 4653.0
2536.0 4653.0 2536.0 3994.0
3472.0 4080.0 4438.0 4136.0
4438.0 4136.0 5455.0 3994.0
5455.0 3994.0 5657.0 4232.0
5657.0 4232.0 6206.0 4211.0
6206.0 4211.0 6472.0 4761.0
6472.0 4761.0 6291.0 4894.0
6291.0 4894.0 6291.0 5354.0
6291.0 5354.0 6472.0 5487.0
6472.0 5487.0 6206.0 6037.0
6206.0 6037.0 5657.0 6016.0
5657.0 6016.0 5455.0 6254.0
5455.0 6254.0 4438.0 6112.0
4438.0 6112.0 3472.0 6168.0
3472.0 6168.0 3472.0 4653.0
3472.0 4653.0 3472.0 4080.0
6472.0 4167.0 8233.0 3994.0
8233.0 3994.0 8655.0 4644.0
8655.0 4644.0 8655.0 5004.0
8655.0 5004.0 8233.0 5654.0
8233.0 5654.0 6472.0 5481.0
6472.0 5481.0 6472.0 4761.0
6472.0 4761.0 6472.0 4167.0
0.0 6427.0 1761.0 6254.0
1761.0 6254.0 2183.0 6904.0
2183.0 6904.0 2183.0 6913.0
2183.0 6913.0 2183.0 7264.0
2183.0 7264.0 1761.0 7914.0
1761.0 7914.0 0.0 7741.0
0.0 7741.0 0.0 6427.0
2183.0 6254.0 3119.0 6254.0
3119.0 6254.0 3119.0 6913.0
3119.0 6913.0 2183.0 6913.0
2183.0 6913.0 2183.0 6904.0
2183.0 6904.0 2183.0 6254.0
3119.0 6254.0 5455.0 6254.0
5455.0 6254.0 5618.0 6254.0
5618.0 6254.0 5824.0 6641.0
5824.0 6641.0 5741.0 7188.0
5741.0 7188.0 5267.0 7221.0
5267.0 7221.0 5039.0 7406.0
5039.0 7406.0 4180.0 7313.0
4180.0 7313.0 3119.0 7379.0
3119.0 7379.0 3119.0 6913.0
3119.0 6913.0 3119.0 6254.0
5824.0 6427.0 7585.0 6254.0
7585.0 6254.0 8007.0 6904.0
8007.0 6904.0 8007.0 7264.0
8007.0 7264.0 7585.0 7914.0
7585.0 7914.0 5824.0 7741.0
5824.0 7741.0 5824.0 6641.0
5824.0 6641.0 5824.0 6427.0
8007.0 6254.0 8418.0 6319.0
8418.0 6319.0 8807.0 6254.0
8807.0 6254.0 9196.0 6319.0
9196.0 6319.0 9607.0 6254.0
9607.0 6254.0 9507.0 6622.0
9507.0 6622.0 8807.0 6540.0
8807.0 6540.0 8107.0 6622.0
8107.0 6622.0 8007.0 6254.0
0.0 7914.0 411.0 7979.0
411.0 7979.0 800.0 7914.0
800.0 7914.0 1189.0 7979.0
1189.0 7979.0 1600.0 7914.0
1600.0 7914.0 1500.0 8282.0
1500.0 8282.0 800.0 8200.0
800.0 8200.0 100.0 8282.0
100.0 8282.0 0.0 7914.0
1656.0 7987.0 2666.0 8057.0
2666.0 8057.0 3491.0 7914.0
3491.0 7914.0 3786.0 8202.0
3786.0 8202.0 4173.0 8155.0
4173.0 8155.0 4276.0 8840.0
4276.0 8840.0 4194.0 9280.0
4194.0 9280.0 1600.0 9280.0
1600.0 9280.0 1656.0 7987.0
