152
53.44551437821997 27.409982682007985 42.859974789394656 49.3910821324673
42.859974789394656 49.3910821324673 19.074483238960376 54.81996536401597
19.074483238960376 54.81996536401597 3.552713678800501e-15 39.60857257426163
3.552713678800501e-15 39.60857257426163 0.0 15.211392789754349
0.0 15.211392789754349 19.07448323896037 0.0
19.07448323896037 0.0 42.85997478939465 5.428883231548671
42.85997478939465 5.428883231548671 53.44551437821997 27.409982682007985
78.44960859604899 10.827090395629758 72.19858504159174 21.654180791259517
72.19858504159174 21.654180791259517 59.69653793267723 21.65418079125952
59.69653793267723 21.65418079125952 53.44551437821997 10.82709039562976
53.44551437821997 10.82709039562976 59.69653793267722 1.7763568394002505e-15
59.69653793267722 1.7763568394002505e-15 72.19858504159174 0.0
72.19858504159174 0.0 78.44960859604899 10.827090395629758
133.20378794555114 28.08114254671709 122.35905120944076 50.6004704194443
122.35905120944076 50.6004704194443 97.99114895571526 56.16228509343418
97.99114895571526 56.16228509343418 78.449608596049 40.57842667882886
78.449608596049 40.57842667882886 78.44960859604899 15.583858414605325
78.44960859604899 15.583858414605325 97.99114895571525 0.0
97.99114895571525 0.0 122.35905120944076 5.5618146739898755
122.35905120944076 5.5618146739898755 133.20378794555114 28.08114254671709
187.23757287705394 27.71168219534242 176.53551909048608 49.93472587041857
176.53551909048608 49.93472587041857 152.48822251418082 55.42336439068484
152.48822251418082 55.42336439068484 133.20378794555114 40.04454100255875
133.20378794555114 40.04454100255875 133.20378794555114 28.08114254671709
133.20378794555114 28.08114254671709 133.20378794555114 15.378823388126094
133.20378794555114 15.378823388126094 152.48822251418082 0.0
152.48822251418082 0.0 176.53551909048608 5.488638520266267
176.53551909048608 5.488638520266267 187.23757287705394 27.71168219534242
221.70862285364217 19.90186998323223 187.23757287705396 39.80373996646448
187.23757287705396 39.80373996646448 187.23757287705394 0.0
187.23757287705394 0.0 221.70862285364217 19.90186998323223
32.64545694452904 73.32501747851873 20.17600196999024 90.48774986360328
20.17600196999024 90.48774986360328 1.7763568394002505e-15 83.93216943231953
1.7763568394002505e-15 83.93216943231953 0.0 62.717865524717936
0.0 62.717865524717936 20.17600196999023 56.162285093434186
20.17600196999023 56.162285093434186 32.64545694452904 73.32501747851873
87.81932697287994 83.74922010760963 60.23239195870449 111.33615512178508
60.23239195870449 111.33615512178508 32.64545694452904 83.74922010760963
32.64545694452904 83.74922010760963 60.23239195870448 56.16228509343418
60.23239195870448 56.16228509343418 87.81932697287994 83.74922010760963
117.0350690972471 73.03000167351223 87.81932697287995 89.8977182535903
87.81932697287995 89.8977182535903 87.81932697287994 56.16228509343417
87.81932697287994 56.16228509343417 117.0350690972471 73.03000167351223
144.02577990277373 70.3521415021096 144.0257799027737 70.35214150210963
144.0257799027737 70.35214150210963 133.7162457555816 84.54199791078503
133.7162457555816 84.54199791078503 117.0350690972471 79.12195505815154
117.0350690972471 79.12195505815154 117.0350690972471 73.03000167351223
117.0350690972471 73.03000167351223 117.0350690972471 61.58232794606767
117.0350690972471 61.58232794606767 133.7162457555816 56.16228509343417
133.7162457555816 56.16228509343417 144.0257799027737 70.35214150210957
144.0257799027737 70.35214150210957 144.02577990277373 70.3521415021096
172.48287707901716 72.59199780849366 144.02577990277373 89.02171052355315
144.02577990277373 89.02171052355315 144.0257799027737 70.35214150210963
144.0257799027737 70.35214150210963 144.0257799027737 70.35214150210957
144.0257799027737 70.35214150210957 144.0257799027737 56.16228509343418
144.0257799027737 56.16228509343418 172.48287707901716 72.59199780849366
208.84448293200967 71.9073222889784 199.75408146876154 87.65235948452263
199.75408146876154 87.65235948452263 181.57327854226529 87.65235948452265
181.57327854226529 87.65235948452265 172.48287707901716 71.9073222889784
172.48287707901716 71.9073222889784 181.57327854226526 56.16228509343418
181.57327854226526 56.16228509343418 199.75408146876154 56.16228509343417
199.75408146876154 56.16228509343417 208.84448293200967 71.9073222889784
35.381343269059705 129.4817753399398 35.3813432690597 129.4817753399398
35.3813432690597 129.4817753399398 28.373634310923496 144.03343293246127
28.373634310923496 144.03343293246127 12.627455213203248 147.6273955580945
12.627455213203248 147.6273955580945 3.552713678800501e-15 137.5573360562605
3.552713678800501e-15 137.5573360562605 0.0 121.40621462361906
0.0 121.40621462361906 12.627455213203245 111.33615512178508
12.627455213203245 111.33615512178508 28.373634310923492 114.93011774741831
28.373634310923492 114.93011774741831 35.3813432690597 129.4817753399398
35.3813432690597 129.4817753399398 35.381343269059705 129.4817753399398
88.86206336709134 139.45263357585537 68.43424603246287 167.56911202992563
68.43424603246287 167.56911202992563 35.381343269059705 156.8295729044249
35.381343269059705 156.8295729044249 35.3813432690597 129.4817753399398
35.3813432690597 129.4817753399398 35.3813432690597 122.07569424728584
35.3813432690597 122.07569424728584 68.43424603246287 111.3361551217851
68.43424603246287 111.3361551217851 88.86206336709134 139.45263357585537
139.16988999472767 136.49006843560326 114.0159766809095 161.64398174942144
114.0159766809095 161.64398174942144 88.86206336709134 136.49006843560326
88.86206336709134 136.49006843560326 114.0159766809095 111.3361551217851
114.0159766809095 111.3361551217851 139.16988999472767 136.49006843560326
195.78396700623534 139.64319362753892 187.49302738320876 159.65929251026617
187.49302738320876 159.65929251026617 167.4769285004815 167.95023213329276
167.4769285004815 167.95023213329276 147.46082961775426 159.65929251026617
147.46082961775426 159.65929251026617 139.16988999472767 139.64319362753892
139.16988999472767 139.64319362753892 147.46082961775426 119.62709474481167
147.46082961775426 119.62709474481167 167.4769285004815 111.33615512178508
167.4769285004815 111.33615512178508 187.49302738320876 119.62709474481167
187.49302738320876 119.62709474481167 195.78396700623534 139.64319362753892
58.54337536431671 197.22191981545112 49.969896538987264 217.92012867228001
49.969896538987264 217.92012867228001 29.27168768215836 226.49360749760947
29.27168768215836 226.49360749760947 8.573478825329449 217.92012867228001
8.573478825329449 217.92012867228001 0.0 197.22191981545112
0.0 197.22191981545112 8.573478825329445 176.52371095862222
8.573478825329445 176.52371095862222 29.271687682158348 167.95023213329276
29.271687682158348 167.95023213329276 49.96989653898726 176.52371095862222
49.96989653898726 176.52371095862222 58.54337536431671 197.22191981545112
107.3714253768673 193.62065716899966 88.72076987645269 219.29108220470656
88.72076987645269 219.29108220470656 58.54337536431671 209.48585234672277
58.54337536431671 209.48585234672277 58.54337536431671 197.22191981545112
58.54337536431671 197.22191981545112 58.5433753643167 177.75546199127658
58.5433753643167 177.75546199127658 88.72076987645269 167.95023213329276
88.72076987645269 167.95023213329276 107.3714253768673 193.62065716899966
131.66002812714828 181.97326346940736 107.37142537686731 195.99629480552196
107.37142537686731 195.99629480552196 107.3714253768673 167.95023213329276
107.3714253768673 167.95023213329276 131.66002812714828 181.97326346940736
167.50579104863604 186.79546493876532 167.505791048636 186.79546493876535
167.505791048636 186.79546493876535 153.81392796529846 205.64069774423788
153.81392796529846 205.64069774423788 131.66002812714828 198.4424593384519
131.66002812714828 198.4424593384519 131.66002812714828 181.97326346940736
131.66002812714828 181.97326346940736 131.66002812714828 175.14847053907874
131.66002812714828 175.14847053907874 153.81392796529843 167.95023213329276
153.81392796529843 167.95023213329276 167.505791048636 186.7954649387653
167.505791048636 186.7954649387653 167.50579104863604 186.79546493876532
203.83042854287976 188.92227136880993 203.83042854287973 188.92227136880996
203.83042854287973 188.92227136880996 167.50579104863604 209.8943106043271
167.50579104863604 209.8943106043271 167.505791048636 186.79546493876535
167.505791048636 186.79546493876535 167.505791048636 186.7954649387653
167.505791048636 186.7954649387653 167.505791048636 167.95023213329276
167.505791048636 167.95023213329276 203.83042854287973 188.9222713688099
203.83042854287973 188.9222713688099 203.83042854287976 188.92227136880993
230.08065158264878 181.75079108536585 220.0539585937226 195.55135003743894
220.0539585937226 195.55135003743894 203.83042854287973 190.28000558149364
203.83042854287973 190.28000558149364 203.83042854287973 188.92227136880996
203.83042854287973 188.92227136880996 203.83042854287973 188.9222713688099
203.83042854287973 188.9222713688099 203.83042854287973 173.22157658923805
203.83042854287973 173.22157658923805 220.05395859372257 167.95023213329276
220.05395859372257 167.95023213329276 230.08065158264878 181.75079108536585
34.69945375491035 246.52734646373992 1.4210854715202004e-14 266.5610854298704
1.4210854715202004e-14 266.5610854298704 0.0 226.49360749760947
0.0 226.49360749760947 34.69945375491035 246.52734646373992
81.1184998644296 246.5936440727519 69.51373833704979 266.6936806478943
69.51373833704979 266.6936806478943 46.304215282290166 266.6936806478943
46.304215282290166 266.6936806478943 34.69945375491035 246.5936440727519
34.69945375491035 246.5936440727519 46.30421528229015 226.49360749760947
46.30421528229015 226.49360749760947 69.51373833704979 226.49360749760947
69.51373833704979 226.49360749760947 81.1184998644296 246.5936440727519
129.9771625850878 252.18012658639475 111.31481407066377 277.86664567518005
111.31481407066377 277.86664567518005 81.1184998644296 268.055268435937
81.1184998644296 268.055268435937 81.1184998644296 246.5936440727519
81.1184998644296 246.5936440727519 81.1184998644296 236.30498473685248
81.1184998644296 236.30498473685248 111.31481407066377 226.49360749760945
111.31481407066377 226.49360749760945 129.9771625850878 252.18012658639475
145.3591444761454 235.3743988830815 129.9771625850878 244.25519026855358
129.9771625850878 244.25519026855358 129.9771625850878 226.49360749760947
129.9771625850878 226.49360749760947 145.3591444761454 235.3743988830815
184.96682387178174 243.64423576839476 175.06490402287264 260.79486403918
175.06490402287264 260.79486403918 155.2610643250545 260.79486403918
155.2610643250545 260.79486403918 145.3591444761454 243.64423576839476
145.3591444761454 243.64423576839476 155.26106432505446 226.4936074976095
155.26106432505446 226.4936074976095 175.06490402287264 226.4936074976095
175.06490402287264 226.4936074976095 184.96682387178174 243.64423576839476
