242
22.067788889178004 11.601723194717813 13.638643590069295 23.203446389435626
13.638643590069295 23.203446389435626 1.7763568394002505e-15 18.77198245712144
1.7763568394002505e-15 18.77198245712144 0.0 4.431463932314191
0.0 4.431463932314191 13.638643590069293 0.0
13.638643590069293 0.0 22.067788889178004 11.601723194717813
64.3653101970909 20.379033428850054 29.067788889178015 40.758066857700115
29.067788889178015 40.758066857700115 29.067788889178 0.0
29.067788889178 0.0 64.3653101970909 20.379033428850054
118.25338728807722 23.94403854549315 111.24034076709435 40.87503057000343
111.24034076709435 40.87503057000343 94.30934874258406 47.8880770909863
94.30934874258406 47.8880770909863 77.37835671807377 40.87503057000343
77.37835671807377 40.87503057000343 70.3653101970909 23.944038545493154
70.3653101970909 23.944038545493154 77.37835671807377 7.0130465209828685
77.37835671807377 7.0130465209828685 94.30934874258406 0.0
94.30934874258406 0.0 111.24034076709435 7.013046520982861
111.24034076709435 7.013046520982861 118.25338728807722 23.94403854549315
157.25030846807002 13.854628902991081 133.2533872880772 27.70925780598217
133.2533872880772 27.70925780598217 133.2533872880772 0.0
133.2533872880772 0.0 157.25030846807002 13.854628902991081
186.17840189583035 9.951087608071298 178.9485135486594 19.902175216142595
178.9485135486594 19.902175216142595 167.25030846807002 16.101197974887253
167.25030846807002 16.101197974887253 167.25030846807002 3.800977241255345
167.25030846807002 3.800977241255345 178.9485135486594 0.0
178.9485135486594 0.0 186.17840189583035 9.951087608071298
58.37685780594556 87.07650599395907 29.188428902972785 116.26493489693186
29.188428902972785 116.26493489693186 0.0 87.07650599395907
0.0 87.07650599395907 29.188428902972774 57.88807709098629
29.188428902972774 57.88807709098629 58.37685780594556 87.07650599395907
93.72641419458844 71.94630002661724 69.37685780594556 86.00452296224817
69.37685780594556 86.00452296224817 69.37685780594556 57.88807709098631
69.37685780594556 57.88807709098631 93.72641419458844 71.94630002661724
127.02864726448246 71.71597933403834 116.98208821180444 85.54388157709037
116.98208821180444 85.54388157709037 100.72641419458844 80.2620929133554
100.72641419458844 80.2620929133554 100.72641419458844 63.16986575472127
100.72641419458844 63.16986575472127 116.98208821180444 57.8880770909863
116.98208821180444 57.8880770909863 127.02864726448246 71.71597933403834
157.20672243846894 68.96054395522627 138.02864726448246 80.03301081946626
138.02864726448246 80.03301081946626 138.02864726448246 57.8880770909863
138.02864726448246 57.8880770909863 157.20672243846894 68.96054395522627
210.07172431506848 76.88218007207995 199.1054738459186 95.8762830531736
199.1054738459186 95.8762830531736 177.17297290761883 95.8762830531736
177.17297290761883 95.8762830531736 166.20672243846894 76.88218007207995
166.20672243846894 76.88218007207995 177.1729729076188 57.8880770909863
177.1729729076188 57.8880770909863 199.1054738459186 57.8880770909863
199.1054738459186 57.8880770909863 210.07172431506848 76.88218007207995
47.466582558255084 146.9982261760594 40.51526248247418 163.78019737940605
40.51526248247418 163.78019737940605 23.733291279127542 170.73151745518695
23.733291279127542 170.73151745518695 6.9513200757809095 163.78019737940605
6.9513200757809095 163.78019737940605 0.0 146.9982261760594
0.0 146.9982261760594 6.951320075780902 130.21625497271276
6.951320075780902 130.21625497271276 23.73329127912754 123.26493489693186
23.73329127912754 123.26493489693186 40.51526248247417 130.21625497271276
40.51526248247417 130.21625497271276 47.466582558255084 146.9982261760594
87.76819726726407 137.91574225143634 83.47707514298745 148.2754274816642
83.47707514298745 148.2754274816642 73.11738991275958 152.56654960594082
73.11738991275958 152.56654960594082 62.75770468253171 148.27542748166422
62.75770468253171 148.27542748166422 58.466582558255084 137.91574225143634
58.466582558255084 137.91574225143634 62.75770468253171 127.55605702120847
62.75770468253171 127.55605702120847 73.11738991275958 123.26493489693185
73.11738991275958 123.26493489693185 83.47707514298745 127.55605702120847
83.47707514298745 127.55605702120847 87.76819726726407 137.91574225143634
142.7920687759431 148.2768706512714 117.78013302160359 173.2888064056109
117.78013302160359 173.2888064056109 92.76819726726407 148.2768706512714
92.76819726726407 148.2768706512714 117.78013302160359 123.26493489693188
117.78013302160359 123.26493489693188 142.7920687759431 148.2768706512714
207.44034719473999 149.75318996350978 197.21077222933096 170.99512125702233
197.21077222933096 170.99512125702233 174.22512592735808 176.2414450300877
174.22512592735808 176.2414450300877 155.7920687759431 161.54157247608578
155.7920687759431 161.54157247608578 155.7920687759431 137.9648074509338
155.7920687759431 137.9648074509338 174.22512592735808 123.26493489693185
174.22512592735808 123.26493489693185 197.21077222933096 128.51125866999723
197.21077222933096 128.51125866999723 207.44034719473999 149.75318996350978
241.33570277389646 136.35319787216307 231.82652310467302 149.44146084739427
231.82652310467302 149.44146084739427 216.44034719473999 144.44218924455276
216.44034719473999 144.44218924455276 216.44034719473999 128.26420649977337
216.44034719473999 128.26420649977337 231.82652310467302 123.26493489693186
231.82652310467302 123.26493489693186 241.33570277389646 136.35319787216307
48.995337458147894 206.73911375916168 41.820136410663764 224.0615814407515
41.820136410663764 224.0615814407515 24.497668729073947 231.23678248823563
24.497668729073947 231.23678248823563 7.17520104748413 224.0615814407515
7.17520104748413 224.0615814407515 0.0 206.73911375916168
0.0 206.73911375916168 7.175201047484123 189.41664607757187
7.175201047484123 189.41664607757187 24.497668729073943 182.24144503008773
24.497668729073943 182.24144503008773 41.820136410663764 189.41664607757187
41.820136410663764 189.41664607757187 48.995337458147894 206.73911375916168
80.34559737513209 192.83597253285816 61.995337458147894 203.4305000356286
61.995337458147894 203.4305000356286 61.99533745814789 182.24144503008773
61.99533745814789 182.24144503008773 80.34559737513209 192.83597253285816
141.61841175404717 205.37785221954528 118.48200456458963 228.51425940900282
118.48200456458963 228.51425940900282 95.34559737513209 205.37785221954528
95.34559737513209 205.37785221954528 118.48200456458963 182.24144503008773
118.48200456458963 182.24144503008773 141.61841175404717 205.37785221954528
173.73798089418352 192.5599357044957 169.75305347565703 200.83472275285376
169.75305347565703 200.83472275285376 160.79900284393347 202.87842637890367
160.79900284393347 202.87842637890367 153.61841175404717 197.15209606827327
153.61841175404717 197.15209606827327 153.61841175404717 187.96777534071813
153.61841175404717 187.96777534071813 160.79900284393347 182.24144503008773
160.79900284393347 182.24144503008773 169.75305347565703 184.28514865613764
169.75305347565703 184.28514865613764 173.73798089418352 192.5599357044957
220.78218106361857 200.26354511480525 202.76008097890104 218.28564519952278
202.76008097890104 218.28564519952278 184.73798089418352 200.26354511480525
184.73798089418352 200.26354511480525 202.76008097890104 182.24144503008773
202.76008097890104 182.24144503008773 220.78218106361857 200.26354511480525
55.39677097222778 263.9351679743495 27.69838548611389 291.63355346046336
27.69838548611389 291.63355346046336 0.0 263.9351679743495
0.0 263.9351679743495 27.698385486113885 236.2367824882356
27.698385486113885 236.2367824882356 55.39677097222778 263.9351679743495
92.87734604264969 248.58125133320533 83.90856444114198 260.925720178175
83.90856444114198 260.925720178175 69.39677097222778 256.21055265246076
69.39677097222778 256.21055265246076 69.39677097222778 240.9519500139499
69.39677097222778 240.9519500139499 83.90856444114198 236.23678248823563
83.90856444114198 236.23678248823563 92.87734604264969 248.58125133320533
160.4970570470392 259.4547984249263 147.09212929594182 282.672814361617
147.09212929594182 282.672814361617 120.28227379374707 282.672814361617
120.28227379374707 282.672814361617 106.87734604264968 259.4547984249263
106.87734604264968 259.4547984249263 120.28227379374705 236.23678248823563
120.28227379374705 236.23678248823563 147.09212929594182 236.23678248823563
147.09212929594182 236.23678248823563 160.4970570470392 259.4547984249263
221.74148466339065 260.59133405677335 207.6803777593028 284.94588562531106
207.6803777593028 284.94588562531106 179.55816395112706 284.94588562531106
179.55816395112706 284.94588562531106 165.4970570470392 260.59133405677335
165.4970570470392 260.59133405677335 179.55816395112706 236.23678248823566
179.55816395112706 236.23678248823566 207.6803777593028 236.23678248823566
207.6803777593028 236.23678248823566 221.74148466339065 260.59133405677335
33.757840428057165 322.512473674492 28.814119156474888 334.4476726169383
28.814119156474888 334.4476726169383 16.878920214028582 339.3913938885206
16.878920214028582 339.3913938885206 4.94372127158228 334.4476726169383
4.94372127158228 334.4476726169383 0.0 322.512473674492
0.0 322.512473674492 4.943721271582277 310.57727473204574
4.943721271582277 310.57727473204574 16.87892021402858 305.6335534604634
16.87892021402858 305.6335534604634 28.81411915647488 310.5772747320457
28.81411915647488 310.5772747320457 33.757840428057165 322.512473674492
63.80234278279009 316.6558046378299 60.574000156880864 324.4497131892871
60.574000156880864 324.4497131892871 52.78009160542363 327.67805581519633
52.78009160542363 327.67805581519633 44.9861830539664 324.4497131892871
44.9861830539664 324.4497131892871 41.757840428057165 316.6558046378299
41.757840428057165 316.6558046378299 44.98618305396639 308.86189608637267
44.98618305396639 308.86189608637267 52.78009160542363 305.6335534604634
52.78009160542363 305.6335534604634 60.57400015688086 308.86189608637267
60.57400015688086 308.86189608637267 63.80234278279009 316.6558046378299
105.83471174674018 324.5768908681679 92.07157149768808 343.52022827587234
92.07157149768808 343.52022827587234 69.80234278279009 336.28451724648653
69.80234278279009 336.28451724648653 69.80234278279009 312.86926448984923
69.80234278279009 312.86926448984923 92.07157149768808 305.6335534604634
92.07157149768808 305.6335534604634 105.83471174674018 324.5768908681679
146.1608057751957 319.1351127550063 140.9465999845051 329.96252264550674
140.9465999845051 329.96252264550674 129.23038592323775 332.63667204954913
129.23038592323775 332.63667204954913 119.8347117467402 325.14387192318276
119.8347117467402 325.14387192318276 119.8347117467402 313.1263535868298
119.8347117467402 313.1263535868298 129.23038592323775 305.6335534604634
129.23038592323775 305.6335534604634 140.9465999845051 308.3077028645058
140.9465999845051 308.3077028645058 146.1608057751957 319.1351127550063
204.23668873161031 329.1714949386707 197.3425852878155 345.81533297308323
197.3425852878155 345.81533297308323 180.698747253403 352.709436416878
180.698747253403 352.709436416878 164.05490921899053 345.81533297308323
164.05490921899053 345.81533297308323 157.1608057751957 329.1714949386707
157.1608057751957 329.1714949386707 164.0549092189905 312.5276569042582
164.0549092189905 312.5276569042582 180.698747253403 305.6335534604634
180.698747253403 305.6335534604634 197.3425852878155 312.5276569042582
197.3425852878155 312.5276569042582 204.23668873161031 329.1714949386707
240.91162009580992 320.7088570165039 229.95877093975608 335.78416057254435
229.95877093975608 335.78416057254435 212.23668873161034 330.02590700485905
212.23668873161034 330.02590700485905 212.23668873161034 311.3918070281487
212.23668873161034 311.3918070281487 229.95877093975608 305.6335534604634
229.95877093975608 305.6335534604634 240.91162009580992 320.7088570165039
22.786321930271562 373.86512551716174 9.769962616701378e-15 387.0208146174455
9.769962616701378e-15 387.0208146174455 0.0 360.709436416878
0.0 360.709436416878 22.786321930271562 373.86512551716174
95.85828745809745 386.2883478161659 81.09029607614099 411.8672592154538
81.09029607614099 411.8672592154538 51.55431331222805 411.8672592154538
51.55431331222805 411.8672592154538 36.78632193027157 386.2883478161659
36.78632193027157 386.2883478161659 51.554313312228025 360.709436416878
51.554313312228025 360.709436416878 81.09029607614099 360.709436416878
81.09029607614099 360.709436416878 95.85828745809745 386.2883478161659
160.18823116189418 386.5215724091493 150.21976855510516 407.2212983030779
150.21976855510516 407.2212983030779 127.82083639723002 412.3337084014206
127.82083639723002 412.3337084014206 109.85828745809745 398.00905362596455
109.85828745809745 398.00905362596455 109.85828745809745 375.03409119233413
109.85828745809745 375.03409119233413 127.82083639723001 360.709436416878
127.82083639723001 360.709436416878 150.21976855510516 365.82184651522067
150.21976855510516 365.82184651522067 160.18823116189418 386.5215724091493
193.42109815979185 372.3258699158269 190.0187235611523 380.53992881613624
190.0187235611523 380.53992881613624 181.804664660843 383.9423034147758
181.804664660843 383.9423034147758 173.5906057605337 380.53992881613624
173.5906057605337 380.53992881613624 170.18823116189415 372.3258699158269
170.18823116189415 372.3258699158269 173.5906057605337 364.11181101551756
173.5906057605337 364.11181101551756 181.804664660843 360.709436416878
181.804664660843 360.709436416878 190.0187235611523 364.11181101551756
190.0187235611523 364.11181101551756 193.42109815979185 372.3258699158269
232.38825555162822 377.19301511279616 215.90467685571005 393.6765938087143
215.90467685571005 393.6765938087143 199.42109815979188 377.19301511279616
199.42109815979188 377.19301511279616 215.90467685571005 360.709436416878
215.90467685571005 360.709436416878 232.38825555162822 377.19301511279616
29.299094006172325 441.24954821289634 1.2434497875801753e-14 458.1653880243721
1.2434497875801753e-14 458.1653880243721 0.0 424.3337084014206
0.0 424.3337084014206 29.299094006172325 441.24954821289634
64.83602556766303 440.387923391949 53.17195562330298 456.4421383824774
53.17195562330298 456.4421383824774 34.299094006172325 450.3099739187936
34.299094006172325 450.3099739187936 34.299094006172325 430.4658728651044
34.299094006172325 430.4658728651044 53.17195562330298 424.3337084014206
53.17195562330298 424.3337084014206 64.83602556766303 440.387923391949
103.23850310630579 439.79150561686913 92.00775603999959 455.24930283231765
92.00775603999959 455.24930283231765 73.83602556766303 449.3449496872198
73.83602556766303 449.3449496872198 73.83602556766303 430.23806154651845
73.83602556766303 430.23806154651845 92.00775603999959 424.3337084014206
92.00775603999959 424.3337084014206 103.23850310630579 439.79150561686913
142.035284315011 438.73209900577325 137.81809334516882 448.91329864028364
137.81809334516882 448.91329864028364 127.6368937106584 453.1304896101259
127.6368937106584 453.1304896101259 117.45569407614799 448.91329864028364
117.45569407614799 448.91329864028364 113.23850310630579 438.73209900577325
113.23850310630579 438.73209900577325 117.45569407614799 428.55089937126286
117.45569407614799 428.55089937126286 127.6368937106584 424.3337084014206
127.6368937106584 424.3337084014206 137.8180933451688 428.55089937126286
137.8180933451688 428.55089937126286 142.035284315011 438.73209900577325
194.9767893392208 445.09298902473313 182.99141308316837 465.85226964804565
182.99141308316837 465.85226964804565 159.02066057106344 465.85226964804565
159.02066057106344 465.85226964804565 147.035284315011 445.09298902473313
147.035284315011 445.09298902473313 159.02066057106344 424.33370840142067
159.02066057106344 424.33370840142067 182.99141308316837 424.3337084014206
182.99141308316837 424.3337084014206 194.9767893392208 445.09298902473313
230.40528756976943 435.34457112529196 224.04816301213228 446.3554338491633
224.04816301213228 446.3554338491633 211.33391389685798 446.3554338491633
211.33391389685798 446.3554338491633 204.97678933922083 435.34457112529196
204.97678933922083 435.34457112529196 211.33391389685798 424.3337084014206
211.33391389685798 424.3337084014206 224.04816301213228 424.3337084014206
224.04816301213228 424.3337084014206 230.40528756976943 435.34457112529196
41.75265069162877 500.72859499386 20.876325345814386 521.6049203396743
20.876325345814386 521.6049203396743 0.0 500.72859499386
0.0 500.72859499386 20.876325345814383 479.8522696480456
20.876325345814383 479.8522696480456 41.75265069162877 500.72859499386
82.22464465705207 495.7132327591585 54.75265069162879 511.5741958702714
54.75265069162879 511.5741958702714 54.75265069162877 479.8522696480456
54.75265069162877 479.8522696480456 82.22464465705207 495.7132327591585
119.12267405664431 494.8012843478417 104.17365935684819 509.75029904763784
104.17365935684819 509.75029904763784 89.22464465705207 494.8012843478417
89.22464465705207 494.8012843478417 104.17365935684819 479.8522696480456
104.17365935684819 479.8522696480456 119.12267405664431 494.8012843478417
158.15208857392105 496.69112936273825 145.91794086808062 513.5299890774309
145.91794086808062 513.5299890774309 126.12267405664429 507.09811699820966
126.12267405664429 507.09811699820966 126.12267405664429 486.28414172726684
126.12267405664429 486.28414172726684 145.91794086808062 479.8522696480456
145.91794086808062 479.8522696480456 158.15208857392105 496.69112936273825
