194
36.27984572355156 18.13992286177578 18.13992286177578 36.27984572355156
18.13992286177578 36.27984572355156 0.0 18.139922861775784
0.0 18.139922861775784 18.139922861775776 0.0
18.139922861775776 0.0 36.27984572355156 18.13992286177578
93.11593972765354 23.41804700205099 69.69789272560254 46.83609400410198
69.69789272560254 46.83609400410198 46.27984572355155 23.418047002050994
46.27984572355155 23.418047002050994 69.69789272560254 0.0
69.69789272560254 0.0 93.11593972765354 23.41804700205099
137.33475310895136 18.062265394823132 130.35923518838467 32.54707760905367
130.35923518838467 32.54707760905367 114.68538869550558 36.124530789646265
114.68538869550558 36.124530789646265 102.11593972765354 26.100729724868856
102.11593972765354 26.100729724868856 102.11593972765354 10.023801064777413
102.11593972765354 10.023801064777413 114.68538869550558 0.0
114.68538869550558 0.0 130.35923518838464 3.5774531805925864
130.35923518838464 3.5774531805925864 137.33475310895136 18.062265394823132
166.71946531344426 10.61441854023777 148.33475310895136 21.228837080475543
148.33475310895136 21.228837080475543 148.33475310895136 0.0
148.33475310895136 0.0 166.71946531344426 10.61441854023777
228.05069928986066 27.665616988208196 200.38508230165246 55.33123397641639
200.38508230165246 55.33123397641639 172.71946531344426 27.6656169882082
172.71946531344426 27.6656169882082 200.38508230165246 0.0
200.38508230165246 0.0 228.05069928986066 27.665616988208196
21.08266527107538 75.87256661195408 10.54133263553769 86.41389924749177
10.54133263553769 86.41389924749177 0.0 75.87256661195408
0.0 75.87256661195408 10.541332635537689 65.3312339764164
10.541332635537689 65.3312339764164 21.08266527107538 75.87256661195408
75.8229046576597 89.42997242230027 34.082665271075406 113.52871086818413
34.082665271075406 113.52871086818413 34.082665271075385 65.3312339764164
34.082665271075385 65.3312339764164 75.8229046576597 89.42997242230027
137.85846601599007 88.84901465558158 130.97026753352057 105.47859685227725
130.97026753352057 105.47859685227725 114.34068533682489 112.36679533474677
114.34068533682489 112.36679533474677 97.71110314012923 105.47859685227725
97.71110314012923 105.47859685227725 90.8229046576597 88.84901465558158
90.8229046576597 88.84901465558158 97.71110314012923 72.21943245888592
97.71110314012923 72.21943245888592 114.34068533682489 65.3312339764164
114.34068533682489 65.3312339764164 130.97026753352054 72.21943245888592
130.97026753352054 72.21943245888592 137.85846601599007 88.84901465558158
179.16108790381858 84.41665175434488 165.29472022340397 103.50206953227337
165.29472022340397 103.50206953227337 142.85846601599007 96.21208863059618
142.85846601599007 96.21208863059618 142.85846601599007 72.6212148780936
142.85846601599007 72.6212148780936 165.29472022340394 65.3312339764164
165.29472022340394 65.3312339764164 179.16108790381858 84.41665175434488
214.82807752737762 77.24797563960296 206.17005791381925 89.16471730278951
206.17005791381925 89.16471730278951 192.16108790381858 84.6129270226042
192.16108790381858 84.6129270226042 192.16108790381858 69.88302425660171
192.16108790381858 69.88302425660171 206.17005791381925 65.3312339764164
206.17005791381925 65.3312339764164 214.82807752737762 77.24797563960296
46.06606887139617 145.74707648689986 28.470396290616343 169.96544210561558
28.470396290616343 169.96544210561558 3.552713678800501e-15 160.71484959123805
3.552713678800501e-15 160.71484959123805 0.0 130.77930338256166
0.0 130.77930338256166 28.470396290616335 121.52871086818415
28.470396290616335 121.52871086818415 46.06606887139617 145.74707648689986
85.81423092246405 135.24673130684778 80.51642938357044 146.2477295571542
80.51642938357044 146.2477295571542 68.6123773811335 148.96475174551142
68.6123773811335 148.96475174551142 59.06606887139617 141.35182474693426
59.06606887139617 141.35182474693426 59.06606887139617 129.1416378667613
59.06606887139617 129.1416378667613 68.6123773811335 121.52871086818413
68.6123773811335 121.52871086818413 80.51642938357044 124.24573305654135
80.51642938357044 124.24573305654135 85.81423092246405 135.24673130684778
135.72861524257868 139.98590302824147 117.27142308252137 158.4430951882988
117.27142308252137 158.4430951882988 98.81423092246405 139.98590302824147
98.81423092246405 139.98590302824147 117.27142308252137 121.52871086818415
117.27142308252137 121.52871086818415 135.72861524257868 139.98590302824147
196.75641877573256 141.89234714013156 184.9994678924441 162.255983412079
184.9994678924441 162.255983412079 161.48556612586714 162.255983412079
161.48556612586714 162.255983412079 149.72861524257868 141.89234714013156
149.72861524257868 141.89234714013156 161.48556612586714 121.52871086818413
161.48556612586714 121.52871086818413 184.9994678924441 121.52871086818413
184.9994678924441 121.52871086818413 196.75641877573256 141.89234714013156
20.917638524471705 184.02304528030183 15.68822889335378 193.0806484549881
15.68822889335378 193.0806484549881 5.229409631117928 193.0806484549881
5.229409631117928 193.0806484549881 0.0 184.02304528030183
0.0 184.02304528030183 5.229409631117922 174.96544210561555
5.229409631117922 174.96544210561555 15.68822889335378 174.96544210561555
15.68822889335378 174.96544210561555 20.917638524471705 184.02304528030183
55.25320460819174 187.95900079192947 50.235185024984006 198.37902582487934
50.235185024984006 198.37902582487934 38.959797370461395 200.9525594782434
38.959797370461395 200.9525594782434 29.917638524471705 193.74167842051898
29.917638524471705 193.74167842051898 29.917638524471705 182.17632316333996
29.917638524471705 182.17632316333996 38.95979737046139 174.96544210561555
38.95979737046139 174.96544210561555 50.235185024984006 177.5389757589796
50.235185024984006 177.5389757589796 55.25320460819174 187.95900079192947
105.86349847496083 195.7705890390001 99.769812021755 210.48204951917882
99.769812021755 210.48204951917882 85.05835154157629 216.57573597238465
85.05835154157629 216.57573597238465 70.34689106139757 210.48204951917882
70.34689106139757 210.48204951917882 64.25320460819174 195.7705890390001
64.25320460819174 195.7705890390001 70.34689106139757 181.05912855882139
70.34689106139757 181.05912855882139 85.05835154157629 174.96544210561555
85.05835154157629 174.96544210561555 99.769812021755 181.05912855882139
99.769812021755 181.05912855882139 105.86349847496083 195.7705890390001
160.8141117721198 192.26456511166958 150.82645844783005 209.56368811772361
150.82645844783005 209.56368811772361 130.85115179925057 209.56368811772361
130.85115179925057 209.56368811772361 120.86349847496083 192.26456511166958
120.86349847496083 192.26456511166958 130.85115179925057 174.96544210561555
130.85115179925057 174.96544210561555 150.82645844783005 174.96544210561555
150.82645844783005 174.96544210561555 160.8141117721198 192.26456511166958
212.3396098898629 197.7281911644871 205.67255504896713 213.8238853824629
205.67255504896713 213.8238853824629 189.57686083099134 220.49094022335868
189.57686083099134 220.49094022335868 173.48116661301555 213.8238853824629
173.48116661301555 213.8238853824629 166.81411177211976 197.7281911644871
166.81411177211976 197.7281911644871 173.48116661301555 181.6324969465113
173.48116661301555 181.6324969465113 189.57686083099134 174.96544210561552
189.57686083099134 174.96544210561552 205.67255504896713 181.6324969465113
205.67255504896713 181.6324969465113 212.3396098898629 197.7281911644871
28.273819798585947 243.62785012265164 24.13321475410627 253.62415497746494
24.13321475410627 253.62415497746494 14.136909899292974 257.7647600219446
14.136909899292974 257.7647600219446 4.140605044479679 253.62415497746494
4.140605044479679 253.62415497746494 0.0 243.62785012265164
0.0 243.62785012265164 4.140605044479678 233.63154526783833
4.140605044479678 233.63154526783833 14.136909899292972 229.49094022335868
14.136909899292972 229.49094022335868 24.133214754106266 233.63154526783833
24.133214754106266 233.63154526783833 28.273819798585947 243.62785012265164
73.82845942165457 252.9051723266256 33.27381979858596 276.31940442989253
33.27381979858596 276.31940442989253 33.27381979858595 229.49094022335868
33.27381979858595 229.49094022335868 73.82845942165457 252.9051723266256
129.9155954081003 253.03450821658154 123.01984399621188 269.68232479791595
123.01984399621188 269.68232479791595 106.37202741487744 276.5780762098044
106.37202741487744 276.5780762098044 89.724210833543 269.68232479791595
89.724210833543 269.68232479791595 82.82845942165457 253.03450821658154
82.82845942165457 253.03450821658154 89.724210833543 236.3866916352471
89.724210833543 236.3866916352471 106.37202741487744 229.49094022335868
106.37202741487744 229.49094022335868 123.01984399621188 236.3866916352471
123.01984399621188 236.3866916352471 129.9155954081003 253.03450821658154
191.8025314258411 257.12730971510166 181.12956286762753 279.28995729117594
181.12956286762753 279.28995729117594 157.14762020620384 284.76367920684464
157.14762020620384 284.76367920684464 137.91559540810027 269.42665121603056
137.91559540810027 269.42665121603056 137.91559540810027 244.82796821417278
137.91559540810027 244.82796821417278 157.14762020620384 229.4909402233587
157.14762020620384 229.4909402233587 181.12956286762753 234.9646621390274
181.12956286762753 234.9646621390274 191.8025314258411 257.12730971510166
55.068323289150364 318.6089626629538 41.301242466862774 342.454246119063
41.301242466862774 342.454246119063 13.767080822287596 342.454246119063
13.767080822287596 342.454246119063 0.0 318.6089626629538
0.0 318.6089626629538 13.767080822287578 294.7636792068446
13.767080822287578 294.7636792068446 41.301242466862774 294.7636792068446
41.301242466862774 294.7636792068446 55.068323289150364 318.6089626629538
90.1376606714133 307.10784182723637 85.37043321180505 317.0070916494401
85.37043321180505 317.0070916494401 74.65857034378348 319.45200444762816
74.65857034378348 319.45200444762816 66.06832328915036 312.6015110176328
66.06832328915036 312.6015110176328 66.06832328915036 301.61417263683995
66.06832328915036 301.61417263683995 74.65857034378348 294.7636792068446
74.65857034378348 294.7636792068446 85.37043321180505 297.20859200503264
85.37043321180505 297.20859200503264 90.1376606714133 307.10784182723637
157.6105668765185 323.7262853131374 146.42541520785437 346.9524920770252
146.42541520785437 346.9524920770252 121.29260754387967 352.6888914194302
121.29260754387967 352.6888914194302 101.1376606714133 336.6158576342997
101.1376606714133 336.6158576342997 101.1376606714133 310.8367129919751
101.1376606714133 310.8367129919751 121.29260754387967 294.7636792068446
121.29260754387967 294.7636792068446 146.42541520785437 300.50007854924957
146.42541520785437 300.50007854924957 157.6105668765185 323.7262853131374
201.8078363067563 308.27249313449136 194.00851894919685 321.7813070621381
194.00851894919685 321.7813070621381 178.40988423407796 321.7813070621382
178.40988423407796 321.7813070621382 170.6105668765185 308.27249313449136
170.6105668765185 308.27249313449136 178.40988423407794 294.7636792068446
178.40988423407794 294.7636792068446 194.00851894919685 294.7636792068446
194.00851894919685 294.7636792068446 201.8078363067563 308.27249313449136
53.35773707985835 385.36775995935943 45.54367739889754 404.2325688183278
45.54367739889754 404.2325688183278 26.678868539929177 412.0466284992886
26.678868539929177 412.0466284992886 7.81405968096081 404.2325688183278
7.81405968096081 404.2325688183278 0.0 385.36775995935943
0.0 385.36775995935943 7.814059680960806 366.50295110039104
7.814059680960806 366.50295110039104 26.678868539929173 358.68889141943026
26.678868539929173 358.68889141943026 45.54367739889754 366.50295110039104
45.54367739889754 366.50295110039104 53.35773707985835 385.36775995935943
109.37034575427964 382.36753207777616 68.35773707985837 406.04617273612206
68.35773707985837 406.04617273612206 68.35773707985835 358.68889141943026
68.35773707985835 358.68889141943026 109.37034575427964 382.36753207777616
147.8323844565386 373.91991077055974 132.60136510540912 389.1509301216892
132.60136510540912 389.1509301216892 117.37034575427964 373.91991077055974
117.37034575427964 373.91991077055974 132.60136510540912 358.68889141943026
132.60136510540912 358.68889141943026 147.8323844565386 373.91991077055974
203.54978073647666 382.72394900887326 186.0872892346883 406.75900659831626
186.0872892346883 406.75900659831626 157.8323844565386 397.5784315207101
157.8323844565386 397.5784315207101 157.8323844565386 367.8694664970364
157.8323844565386 367.8694664970364 186.0872892346883 358.68889141943026
186.0872892346883 358.68889141943026 203.54978073647666 382.72394900887326
42.24290316490653 449.43558001289864 1.7763568394002505e-14 473.82453152650874
1.7763568394002505e-14 473.82453152650874 0.0 425.0466284992886
0.0 425.0466284992886 42.24290316490653 449.43558001289864
92.21091992344337 442.530636878557 74.72691154417495 460.0146452578254
74.72691154417495 460.0146452578254 57.24290316490654 442.530636878557
57.24290316490654 442.530636878557 74.72691154417495 425.0466284992886
74.72691154417495 425.0466284992886 92.21091992344337 442.530636878557
165.97585562254832 454.4290963488411 157.3699300374101 475.20563861325536
157.3699300374101 475.20563861325536 136.59338777299584 483.81156419839357
136.59338777299584 483.81156419839357 115.81684550858157 475.20563861325536
115.81684550858157 475.20563861325536 107.21091992344337 454.4290963488411
107.21091992344337 454.4290963488411 115.81684550858157 433.6525540844268
115.81684550858157 433.6525540844268 136.59338777299584 425.0466284992886
136.59338777299584 425.0466284992886 157.3699300374101 433.6525540844268
157.3699300374101 433.6525540844268 165.97585562254832 454.4290963488411
189.2992139291979 435.0482740809011 171.9758556225483 445.04991966251356
171.9758556225483 445.04991966251356 171.9758556225483 425.0466284992886
171.9758556225483 425.0466284992886 189.2992139291979 435.0482740809011
