327
44.51000932186545 11.202136176332472 41.401682913121455 18.120364701402185
41.401682913121455 18.120364701402185 7.071670789933563 15.368476020052267
7.071670789933563 15.368476020052267 3.3574838642375635 16.83274678533935
3.3574838642375635 16.83274678533935 0.0 17.48962529279835
0.0 17.48962529279835 25.326448251883512 0.0
25.326448251883512 0.0 36.53895665139314 4.4843076380192395
36.53895665139314 4.4843076380192395 41.15413911160442 3.714911251185134
41.15413911160442 3.714911251185134 44.51000932186545 11.202136176332472
83.12582356352938 25.020593525217986 78.68874301114262 26.165369327846264
78.68874301114262 26.165369327846264 60.72332033387243 36.32080022271957
60.72332033387243 36.32080022271957 49.31004617264778 40.36636823559439
49.31004617264778 40.36636823559439 44.510009321865454 9.111464211089597
44.510009321865454 9.111464211089597 69.5971003715004 0.0
69.5971003715004 0.0 69.25135663186119 4.492910763865677
69.25135663186119 4.492910763865677 81.42058553711058 17.53277628467805
81.42058553711058 17.53277628467805 83.12582356352938 25.020593525217986
134.05220468689677 40.39151335486109 116.60766360319258 38.011701334137896
116.60766360319258 38.011701334137896 118.60152018219239 48.790509930814665
118.60152018219239 48.790509930814665 91.58299107363882 40.27064024254911
91.58299107363882 40.27064024254911 83.12582356352937 36.35909450683498
83.12582356352937 36.35909450683498 89.47703482721218 9.766739069208036
89.47703482721218 9.766739069208036 123.61691106625315 0.0
123.61691106625315 0.0 121.12317806027299 7.558412014337584
121.12317806027299 7.558412014337584 134.05220468689677 40.39151335486109
184.51631180612276 29.77019798214805 174.00056646569314 35.70628699996694
174.00056646569314 35.70628699996694 146.22635469173412 44.13681689390273
146.22635469173412 44.13681689390273 144.49178390563387 21.693815682165802
144.49178390563387 21.693815682165802 134.05220468689677 20.618323900499664
134.05220468689677 20.618323900499664 148.02020622422452 6.592766733017328
148.02020622422452 6.592766733017328 154.26066438650656 0.0
154.26066438650656 0.0 174.91027377200427 6.642758516286207
174.91027377200427 6.642758516286207 184.51631180612276 29.77019798214805
216.8263747501225 55.57363693869347 193.91322023495744 44.97380805966124
193.91322023495744 44.97380805966124 184.51631180612276 17.581747506478184
184.51631180612276 17.581747506478184 197.62131697900935 21.56213346860713
197.62131697900935 21.56213346860713 201.23093812069462 12.20122037842826
201.23093812069462 12.20122037842826 204.6945748012642 0.0
204.6945748012642 0.0 221.13994282278816 2.1612767634294308
221.13994282278816 2.1612767634294308 231.22845080192494 15.479997390217532
231.22845080192494 15.479997390217532 216.8263747501225 55.57363693869347
265.76394621405524 32.71535032226962 257.5097731074272 35.59898914841472
257.5097731074272 35.59898914841472 244.28308610728902 50.76818016626261
244.28308610728902 50.76818016626261 242.77046364782746 47.473509975757274
242.77046364782746 47.473509975757274 235.24126509050478 35.4267095622943
235.24126509050478 35.4267095622943 231.22845080192494 0.0
231.22845080192494 0.0 256.7758709546447 22.68040430389884
256.7758709546447 22.68040430389884 268.1108607945148 18.960344368265943
268.1108607945148 18.960344368265943 265.76394621405524 32.71535032226962
5.586231108993331 97.40950801603951 24.4461774177064 67.18077086250464
24.4461774177064 67.18077086250464 20.493662735475606 65.65848425647707
20.493662735475606 65.65848425647707 13.979771348953332 55.573636938693475
13.979771348953332 55.573636938693475 11.357451788848598 56.17584325734617
11.357451788848598 56.17584325734617 0.0 81.99242297888033
0.0 81.99242297888033 0.1694855426930566 99.2082056442259
0.1694855426930566 99.2082056442259 5.586231108993331 97.40950801603951
42.31605870624304 97.05039851236884 31.975757500791573 83.68347847748846
31.975757500791573 83.68347847748846 24.4461774177064 89.51106086178035
24.4461774177064 89.51106086178035 34.183191151449456 75.99780616996836
34.183191151449456 75.99780616996836 33.28031613043238 65.81188728407618
33.28031613043238 65.81188728407618 43.579406981414024 55.57363693869347
43.579406981414024 55.57363693869347 47.48910446931813 60.84310997162333
47.48910446931813 60.84310997162333 69.64880279325597 69.80197454697216
69.64880279325597 69.80197454697216 42.31605870624304 97.05039851236884
105.01062050682292 72.53208344143066 92.12791923389192 83.4442561698319
92.12791923389192 83.4442561698319 74.36702740959353 94.02477517023027
74.36702740959353 94.02477517023027 69.64880279325598 70.75723585804965
69.64880279325598 70.75723585804965 74.07600819082259 59.70790171043344
74.07600819082259 59.70790171043344 93.40014394037907 56.90595608016078
93.40014394037907 56.90595608016078 97.07236542402133 55.573636938693475
97.07236542402133 55.573636938693475 98.44402543262773 67.11821138318892
98.44402543262773 67.11821138318892 105.01062050682292 72.53208344143066
138.42848374848282 71.94968460652555 133.99347276218649 79.23746572633802
133.99347276218649 79.23746572633802 126.56199346673255 97.00748334117489
126.56199346673255 97.00748334117489 123.03578557535731 81.69437098708084
123.03578557535731 81.69437098708084 105.01062050682293 58.46338397951996
105.01062050682293 58.46338397951996 127.42074658448291 55.713661771926816
127.42074658448291 55.713661771926816 139.15671355944804 55.57363693869347
139.15671355944804 55.57363693869347 137.14326251382016 64.2933946776578
137.14326251382016 64.2933946776578 138.42848374848282 71.94968460652555
169.86192341214453 95.44096728918385 165.7042782350366 97.9691973995419
165.7042782350366 97.9691973995419 160.93994649199334 105.26782430638045
160.93994649199334 105.26782430638045 139.15671355944806 92.42358236807988
139.15671355944806 92.42358236807988 157.69640585181293 70.80400575548506
157.69640585181293 70.80400575548506 163.126100244957 55.57363693869347
163.126100244957 55.57363693869347 165.94239243428535 56.590430887296236
165.94239243428535 56.590430887296236 163.67525108990864 75.76561830649639
163.67525108990864 75.76561830649639 169.86192341214453 95.44096728918385
212.59343939147624 93.46555355391193 200.42449497064266 98.11340892710732
200.42449497064266 98.11340892710732 173.45667589139157 103.93727866281208
173.45667589139157 103.93727866281208 169.8619234121445 82.27012046751562
169.8619234121445 82.27012046751562 174.93317649698866 78.54607102659932
174.93317649698866 78.54607102659932 182.344817578853 70.45690031643555
182.344817578853 70.45690031643555 187.8387468514189 55.573636938693475
187.8387468514189 55.573636938693475 212.06600810559917 72.08982236464036
212.06600810559917 72.08982236464036 212.59343939147624 93.46555355391193
250.79926125223315 102.03620783456032 240.56313394202513 96.3601684951668
240.56313394202513 96.3601684951668 228.41557217326454 87.57835560387674
228.41557217326454 87.57835560387674 212.59343939147624 83.17222903424229
212.59343939147624 83.17222903424229 230.25281120828748 59.37496146078374
230.25281120828748 59.37496146078374 239.91555333021716 55.57363693869347
239.91555333021716 55.57363693869347 259.9293317813765 69.08747417272181
259.9293317813765 69.08747417272181 260.2628333310736 69.025953152473
260.2628333310736 69.025953152473 250.79926125223315 102.03620783456032
30.04816122958521 149.22240613142685 24.970410953903755 146.29045031612026
24.970410953903755 146.29045031612026 6.536514150150685 143.45043297738624
6.536514150150685 143.45043297738624 5.55805292331312 137.12777249661173
5.55805292331312 137.12777249661173 0.0 138.4153190602559
0.0 138.4153190602559 3.156662709452693 134.3854844120735
3.156662709452693 134.3854844120735 12.751362827522057 105.26782430638043
12.751362827522057 105.26782430638043 37.65543922338716 115.75368856224628
37.65543922338716 115.75368856224628 30.04816122958521 149.22240613142685
80.80743982149848 126.25504332403099 77.7343099619373 147.4028798871888
77.7343099619373 147.4028798871888 55.76816340114947 132.66203811651627
55.76816340114947 132.66203811651627 42.95511840075794 145.33855652204838
42.95511840075794 145.33855652204838 42.40290475882207 130.4394477337524
42.40290475882207 130.4394477337524 37.65543922338716 117.66899504434966
37.65543922338716 117.66899504434966 43.75574010992775 105.26782430638045
43.75574010992775 105.26782430638045 71.08044279197985 118.69398897599609
71.08044279197985 118.69398897599609 80.80743982149848 126.25504332403099
116.29660471525895 141.17336084973138 114.85016047459756 141.25631014943647
114.85016047459756 141.25631014943647 108.32433815159852 131.57834173890018
108.32433815159852 131.57834173890018 90.20749609802974 125.49052708521116
90.20749609802974 125.49052708521116 80.80743982149848 123.37943343729634
80.80743982149848 123.37943343729634 84.86173816448556 106.71593389693217
84.86173816448556 106.71593389693217 90.45735032932134 105.26782430638045
90.45735032932134 105.26782430638045 113.81707705168019 106.46742213257846
113.81707705168019 106.46742213257846 116.29660471525895 141.17336084973138
142.88148995345205 119.71727561278772 149.13148050619515 133.25747970848727
149.13148050619515 133.25747970848727 120.41262373043946 135.14018467153105
120.41262373043946 135.14018467153105 116.29660471525894 133.09786391180756
116.29660471525894 133.09786391180756 117.36688425258308 129.8931882783166
117.36688425258308 129.8931882783166 117.7743813882854 115.72045406671306
117.7743813882854 115.72045406671306 129.41592190682832 105.26782430638045
129.41592190682832 105.26782430638045 147.14115710725147 107.72889979783051
147.14115710725147 107.72889979783051 142.88148995345205 119.71727561278772
181.51237212428092 151.81003159167867 174.3258524316966 142.50060168119663
174.3258524316966 142.50060168119663 149.13148050619515 115.89984786975904
149.13148050619515 115.89984786975904 154.43046767482463 105.26782430638043
154.43046767482463 105.26782430638043 158.13251295771374 110.02005023976047
158.13251295771374 110.02005023976047 172.13041226873221 118.76996432426243
172.13041226873221 118.76996432426243 175.8613313980844 118.55343241152221
175.8613313980844 118.55343241152221 188.64244718774088 116.13523011266518
188.64244718774088 116.13523011266518 181.51237212428092 151.81003159167867
221.78482556739306 133.9433914846836 214.62826318810994 132.85626114119967
214.62826318810994 132.85626114119967 210.40159250311623 142.76274345058985
210.40159250311623 142.76274345058985 190.15050202731763 147.44163153050113
190.15050202731763 147.44163153050113 188.64244718774086 134.84964649501708
188.64244718774086 134.84964649501708 200.3400139626564 107.2090545650747
200.3400139626564 107.2090545650747 211.27204804912373 105.26782430638045
211.27204804912373 105.26782430638045 215.66801363866261 109.4239661066368
215.66801363866261 109.4239661066368 221.78482556739306 133.9433914846836
261.1329843514732 132.74074874784841 266.09326756129593 135.93361609329904
266.09326756129593 135.93361609329904 253.97801593012844 147.87573326050247
253.97801593012844 147.87573326050247 221.78482556739309 131.9968336983121
221.78482556739309 131.9968336983121 251.09579541925427 105.26782430638045
251.09579541925427 105.26782430638045 256.0661794760258 111.89186559402364
256.0661794760258 111.89186559402364 262.0738534686718 107.19790086429069
262.0738534686718 107.19790086429069 269.17633608866475 126.31668831218064
269.17633608866475 126.31668831218064 261.1329843514732 132.74074874784841
0.0 170.2886028253598 5.996788130959942 161.53759187175928
5.996788130959942 161.53759187175928 14.853564129663395 158.10553504313418
14.853564129663395 158.10553504313418 20.29895795319772 151.8100315916787
20.29895795319772 151.8100315916787 29.0187628287155 155.69794877852155
29.0187628287155 155.69794877852155 41.90748265485081 160.41335497701544
41.90748265485081 160.41335497701544 40.034788568757136 165.5621907327851
40.034788568757136 165.5621907327851 37.78448911836966 166.25722435844705
37.78448911836966 166.25722435844705 0.0 170.2886028253598
57.049515581985894 165.80361406515058 58.93711404057834 181.72958252912395
58.93711404057834 181.72958252912395 52.961602874789406 177.31794363755543
52.961602874789406 177.31794363755543 41.90748265485081 151.8100315916787
41.90748265485081 151.8100315916787 65.66434502514855 159.7866387594623
65.66434502514855 159.7866387594623 68.21158694359706 161.53908946863734
68.21158694359706 161.53908946863734 69.65057222253465 161.74321614140644
69.65057222253465 161.74321614140644 58.001460256887924 163.08147655881564
58.001460256887924 163.08147655881564 57.049515581985894 165.80361406515058
106.22202963688724 185.99353734330558 92.41971987168606 203.4878782718887
92.41971987168606 203.4878782718887 86.96138064415815 191.57009922970335
86.96138064415815 191.57009922970335 69.65057222253463 190.09163438866017
69.65057222253463 190.09163438866017 72.77208135677664 168.16218670429728
72.77208135677664 168.16218670429728 78.46760990043717 158.52837552804422
78.46760990043717 158.52837552804422 90.91956260263471 151.8100315916787
90.91956260263471 151.8100315916787 102.89599103999106 174.92339911729326
102.89599103999106 174.92339911729326 106.22202963688724 185.99353734330558
139.44286614099374 177.5145965322702 144.80519058545786 189.74780372090848
144.80519058545786 189.74780372090848 125.19935763391271 182.3407201133301
125.19935763391271 182.3407201133301 106.22202963688724 186.33783714948714
106.22202963688724 186.33783714948714 122.31168083272506 157.8620252955313
122.31168083272506 157.8620252955313 130.5087181155626 151.8100315916787
130.5087181155626 151.8100315916787 134.73166467896957 159.50561820867875
134.73166467896957 159.50561820867875 133.05581616883543 162.86230017497923
133.05581616883543 162.86230017497923 139.44286614099374 177.5145965322702
183.33530560960796 174.74522033031468 179.87928396820308 182.3403962343372
179.87928396820308 182.3403962343372 178.95229374008247 186.94398044487733
178.95229374008247 186.94398044487733 144.80519058545786 166.5539603830929
144.80519058545786 166.5539603830929 147.7495938574976 159.14542186482086
147.7495938574976 159.14542186482086 159.77789576028937 152.86130966488582
159.77789576028937 152.86130966488582 171.6933165797206 151.8100315916787
171.6933165797206 151.8100315916787 181.0467253303489 157.87232470027288
181.0467253303489 157.87232470027288 183.33530560960796 174.74522033031468
225.5397612342482 179.1745759370538 212.37297886594183 173.82432444514205
212.37297886594183 173.82432444514205 208.48107620985823 173.02202185345521
208.48107620985823 173.02202185345521 210.19555743124909 189.56623765832506
210.19555743124909 189.56623765832506 198.38425656218988 190.5142644930874
198.38425656218988 190.5142644930874 187.89143954048023 179.7378761532857
187.89143954048023 179.7378761532857 183.33530560960799 169.3551424807774
183.33530560960799 169.3551424807774 183.58392719944345 151.8100315916787
183.58392719944345 151.8100315916787 225.5397612342482 179.1745759370538
243.78723069269046 185.60602751128903 226.92221847916952 185.65397987895068
226.92221847916952 185.65397987895068 225.53976123424823 178.28407538140436
225.53976123424823 178.28407538140436 242.5610388945226 172.95619463048482
242.5610388945226 172.95619463048482 240.50780176484275 170.4996947910613
240.50780176484275 170.4996947910613 237.61833282916174 151.8100315916787
237.61833282916174 151.8100315916787 259.64168387358916 155.7712348568746
259.64168387358916 155.7712348568746 263.1281522835545 176.64065669176958
263.1281522835545 176.64065669176958 243.78723069269046 185.60602751128903
40.86707693902534 235.8978345887059 37.54075066838588 246.28940336280903
37.54075066838588 246.28940336280903 32.279818746166725 243.18564797552506
32.279818746166725 243.18564797552506 24.816797753541923 243.4643244558487
24.816797753541923 243.4643244558487 19.923130584139184 246.399616170345
19.923130584139184 246.399616170345 0.0 225.5498031629334
0.0 225.5498031629334 13.417958490137051 215.9706589583427
13.417958490137051 215.9706589583427 38.57125845552315 203.4878782718887
38.57125845552315 203.4878782718887 40.86707693902534 235.8978345887059
74.81077261521547 232.48647482260782 65.08131772703857 240.39744771539117
65.08131772703857 240.39744771539117 61.016375112692714 249.1746748378346
61.016375112692714 249.1746748378346 40.86707693902534 232.62906143621626
40.86707693902534 232.62906143621626 41.486688552370495 226.72628102475434
41.486688552370495 226.72628102475434 64.43794765169028 203.4878782718887
64.43794765169028 203.4878782718887 74.19484733060538 211.24106652878183
74.19484733060538 211.24106652878183 80.38961604938432 221.95731301712763
80.38961604938432 221.95731301712763 74.81077261521547 232.48647482260782
106.9590587597341 239.4568649476791 101.86305865487664 230.43835132838322
101.86305865487664 230.43835132838322 81.38786411387636 227.00374999989043
81.38786411387636 227.00374999989043 80.38961604938432 206.5874584126506
80.38961604938432 206.5874584126506 88.73589677005207 203.4878782718887
88.73589677005207 203.4878782718887 90.22367242794596 204.1298902339724
90.22367242794596 204.1298902339724 94.42805200825424 207.882841981249
94.42805200825424 207.882841981249 118.2205362885634 206.20772108107514
118.2205362885634 206.20772108107514 106.9590587597341 239.4568649476791
146.9318023642674 227.24030011256377 149.73115442866114 233.2322730115742
149.73115442866114 233.2322730115742 143.2599235097027 244.9829978957849
143.2599235097027 244.9829978957849 132.64873461699509 232.27907201510138
132.64873461699509 232.27907201510138 131.14197674211994 231.52864838145055
131.14197674211994 231.52864838145055 120.39752389316403 208.21746936339716
120.39752389316403 208.21746936339716 118.22053628856338 205.59410987765148
118.22053628856338 205.59410987765148 138.0552181718858 203.4878782718887
138.0552181718858 203.4878782718887 146.9318023642674 227.24030011256377
197.32864571549968 222.688977714 192.5948643471108 226.7515894873527
192.5948643471108 226.7515894873527 189.476652174353 236.45434422958488
189.476652174353 236.45434422958488 170.85080489749953 239.65835445390226
170.85080489749953 239.65835445390226 161.6352190012254 225.43131420466435
161.6352190012254 225.43131420466435 149.73115442866114 213.82884110347075
149.73115442866114 213.82884110347075 178.8641484941543 203.4878782718887
178.8641484941543 203.4878782718887 191.16561496068982 219.04031069697933
191.16561496068982 219.04031069697933 197.32864571549968 222.688977714
228.18742944641437 214.28456919454317 214.43041190716534 226.1788262642191
214.43041190716534 226.1788262642191 212.97838989116343 233.96092625775674
212.97838989116343 233.96092625775674 206.91523860077845 228.48085086325074
206.91523860077845 228.48085086325074 206.43123658037277 225.7121186742542
206.43123658037277 225.7121186742542 197.32864571549968 220.44828978744434
197.32864571549968 220.44828978744434 224.53413406324918 203.4878782718887
224.53413406324918 203.4878782718887 233.1810250042534 211.06671392075597
233.1810250042534 211.06671392075597 228.18742944641437 214.28456919454317
268.62840917530855 224.60604370864672 269.02944302956064 228.4793548624854
269.02944302956064 228.4793548624854 247.65766126337246 228.43280347735907
247.65766126337246 228.43280347735907 241.1416866858835 232.778364121902
241.1416866858835 232.778364121902 243.1429966135797 227.61491904661187
243.1429966135797 227.61491904661187 233.1810250042534 211.04580275319006
233.1810250042534 211.04580275319006 234.5899920157975 211.1484589086146
234.5899920157975 211.1484589086146 269.44220801155564 203.4878782718887
269.44220801155564 203.4878782718887 268.62840917530855 224.60604370864672
42.995942021829606 285.9337813795502 22.85284349241853 296.1214867223696
22.85284349241853 296.1214867223696 16.509316481635675 290.4295882773473
16.509316481635675 290.4295882773473 14.608602249904763 288.3749737450395
14.608602249904763 288.3749737450395 0.0 284.2947146706927
0.0 284.2947146706927 5.945434684308699 271.69296704041045
5.945434684308699 271.69296704041045 36.584675353887725 249.17467483783457
36.584675353887725 249.17467483783457 35.4590777720226 253.69746229302135
35.4590777720226 253.69746229302135 42.995942021829606 285.9337813795502
52.73820744749834 287.16588045391023 44.918190168733666 295.58132297197903
44.918190168733666 295.58132297197903 42.995942021829606 295.68790000976145
42.995942021829606 295.68790000976145 46.72706507539413 260.5384043905278
46.72706507539413 260.5384043905278 55.42608438335286 253.34111767845482
55.42608438335286 253.34111767845482 57.428451453645565 249.17467483783457
57.428451453645565 249.17467483783457 70.90575845699485 254.46405586902583
70.90575845699485 254.46405586902583 64.69435152252461 269.5415417675332
64.69435152252461 269.5415417675332 52.73820744749834 287.16588045391023
113.21471851951213 276.17820554392847 87.70952204834072 286.91861836443167
87.70952204834072 286.91861836443167 86.19321905894749 287.7337925388389
86.19321905894749 287.7337925388389 70.90575845699485 285.3201054586969
70.90575845699485 285.3201054586969 71.52845206108105 264.5185484726496
71.52845206108105 264.5185484726496 78.28708989278681 267.65683214925497
78.28708989278681 267.65683214925497 90.75533756199886 249.17467483783457
90.75533756199886 249.17467483783457 102.05252290549973 252.67076973453675
102.05252290549973 252.67076973453675 113.21471851951213 276.17820554392847
150.50430582510967 271.6521697820012 145.61662996145535 292.7114439905889
145.61662996145535 292.7114439905889 113.21471851951212 250.23397528545226
113.21471851951212 250.23397528545226 117.96782009926089 251.42979494448062
117.96782009926089 251.42979494448062 128.03122589989832 249.17467483783457
128.03122589989832 249.17467483783457 144.47443080473258 253.70908713575827
144.47443080473258 253.70908713575827 149.80203157280636 254.86315479910934
149.80203157280636 254.86315479910934 164.73644812544472 252.9362715410543
164.73644812544472 252.9362715410543 150.50430582510967 271.6521697820012
182.68868083078556 282.5868367680049 178.3031432781436 290.9696970544891
178.3031432781436 290.9696970544891 179.26747658079333 276.6336646676778
179.26747658079333 276.6336646676778 164.73644812544472 279.6165305941595
164.73644812544472 279.6165305941595 175.8987891344473 267.7234609620493
175.8987891344473 267.7234609620493 183.99798542659735 256.4262694880343
183.99798542659735 256.4262694880343 187.72672712522314 250.31278241663716
187.72672712522314 250.31278241663716 199.26587854905688 249.17467483783463
199.26587854905688 249.17467483783463 182.68868083078556 282.5868367680049
246.41093988452852 270.3185348380473 230.74965092470975 269.6928099235481
230.74965092470975 269.6928099235481 242.85412994429697 275.6338604595285
242.85412994429697 275.6338604595285 221.66251343152803 279.49642471741225
221.66251343152803 279.49642471741225 199.26587854905688 284.0941036670789
199.26587854905688 284.0941036670789 216.56545371487684 249.1746748378346
216.56545371487684 249.1746748378346 229.66863299617913 251.04011230359274
229.66863299617913 251.04011230359274 233.00164541120753 255.30662779151953
233.00164541120753 255.30662779151953 246.41093988452852 270.3185348380473
40.620090998965125 318.209542939986 5.57974502202906 327.89987301865085
5.57974502202906 327.89987301865085 0.0 336.0986406297758
0.0 336.0986406297758 0.04354292883323119 326.8276514191404
0.04354292883323119 326.8276514191404 0.014247887580282281 319.81783175394946
0.014247887580282281 319.81783175394946 0.6019988886657242 296.1214867223696
0.6019988886657242 296.1214867223696 5.584900567767759 297.49472486515134
5.584900567767759 297.49472486515134 24.018780960955294 312.7010496385855
24.018780960955294 312.7010496385855 40.620090998965125 318.209542939986
