294
38.79646809946704 19.897095782519518 31.112351784911237 35.85332772344522
31.112351784911237 35.85332772344522 13.84629915351171 39.794191565039036
13.84629915351171 39.794191565039036 3.552713678800501e-15 28.752136455608493
3.552713678800501e-15 28.752136455608493 0.0 11.042055109430546
0.0 11.042055109430546 13.846299153511705 0.0
13.846299153511705 0.0 31.112351784911233 3.940863841593819
31.112351784911233 3.940863841593819 38.79646809946704 19.897095782519518
90.94797347501088 26.746339254372284 80.61872823914453 48.19523799709166
80.61872823914453 48.19523799709166 57.40912487235699 53.49267850874457
57.40912487235699 53.49267850874457 38.79646809946705 38.649580035963
38.79646809946705 38.649580035963 38.79646809946704 14.843098472781579
38.79646809946704 14.843098472781579 57.40912487235698 0.0
57.40912487235698 0.0 80.61872823914452 5.297440511652908
80.61872823914452 5.297440511652908 90.94797347501088 26.746339254372284
122.84329286453308 13.811078426572294 114.86946301715253 27.62215685314459
114.86946301715253 27.62215685314459 98.92180332239144 27.62215685314459
98.92180332239144 27.62215685314459 90.94797347501088 13.811078426572296
90.94797347501088 13.811078426572296 98.92180332239143 3.552713678800501e-15
98.92180332239143 3.552713678800501e-15 114.86946301715253 0.0
114.86946301715253 0.0 122.84329286453308 13.811078426572294
175.58271216656615 22.83683844820001 162.3978573410579 45.67367689640002
162.3978573410579 45.67367689640002 136.02814769004135 45.673676896400025
136.02814769004135 45.673676896400025 122.84329286453308 22.836838448200012
122.84329286453308 22.836838448200012 136.02814769004132 7.105427357601002e-15
136.02814769004132 7.105427357601002e-15 162.3978573410579 0.0
162.3978573410579 0.0 175.58271216656615 22.83683844820001
216.73765490492124 23.76081726847293 175.58271216656618 47.52163453694587
175.58271216656618 47.52163453694587 175.58271216656615 0.0
175.58271216656615 0.0 216.73765490492124 23.76081726847293
257.9569037289871 23.79794440436857 216.73765490492124 47.59588880873716
216.73765490492124 47.59588880873716 216.73765490492124 23.76081726847293
216.73765490492124 23.76081726847293 216.73765490492124 0.0
216.73765490492124 0.0 257.9569037289871 23.79794440436857
54.322278331063835 77.01491502181968 40.74170874829788 100.53715153489478
40.74170874829788 100.53715153489478 13.580569582765964 100.53715153489479
13.580569582765964 100.53715153489479 0.0 77.01491502181968
0.0 77.01491502181968 13.580569582765946 53.492678508744575
13.580569582765946 53.492678508744575 40.74170874829788 53.49267850874457
40.74170874829788 53.49267850874457 54.322278331063835 77.01491502181968
109.04306143420065 81.55669350892819 98.20493923426102 104.06228615576846
98.20493923426102 104.06228615576846 73.8518997083992 109.62070850911182
73.8518997083992 109.62070850911182 54.32227833106384 94.04635516573795
54.32227833106384 94.04635516573795 54.32227833106384 69.06703185211843
54.32227833106384 69.06703185211843 73.8518997083992 53.49267850874456
73.8518997083992 53.49267850874456 98.20493923426102 59.051100862087914
98.20493923426102 59.051100862087914 109.04306143420065 81.55669350892819
143.96755395653327 71.40399896944096 137.05032989169308 85.7677627449667
137.05032989169308 85.7677627449667 121.50746850365353 89.31531943013735
121.50746850365353 89.31531943013735 109.04306143420064 79.37528648405097
109.04306143420064 79.37528648405097 109.04306143420064 63.43271145483095
109.04306143420064 63.43271145483095 121.50746850365351 53.49267850874457
121.50746850365351 53.49267850874457 137.05032989169308 57.04023519391522
137.05032989169308 57.04023519391522 143.96755395653327 71.40399896944096
191.08672437578724 73.89587780290566 179.30693177097373 94.29907709706676
179.30693177097373 94.29907709706676 155.74734656134677 94.29907709706676
155.74734656134677 94.29907709706676 143.96755395653327 73.89587780290566
143.96755395653327 73.89587780290566 155.74734656134675 53.492678508744575
155.74734656134675 53.492678508744575 179.30693177097373 53.49267850874456
179.30693177097373 53.49267850874456 191.08672437578724 73.89587780290566
234.3367340990165 76.23055421970123 217.81670039850636 98.96842993065789
217.81670039850636 98.96842993065789 191.08672437578724 90.28333424104314
191.08672437578724 90.28333424104314 191.08672437578724 73.89587780290566
191.08672437578724 73.89587780290566 191.08672437578724 62.17777419835934
191.08672437578724 62.17777419835934 217.81670039850636 53.49267850874456
217.81670039850636 53.49267850874456 234.3367340990165 76.23055421970123
51.676090502247604 131.9971120807169 38.75706787668571 154.373515652322
38.75706787668571 154.373515652322 12.919022625561905 154.373515652322
12.919022625561905 154.373515652322 0.0 131.9971120807169
0.0 131.9971120807169 12.91902262556189 109.62070850911182
12.91902262556189 109.62070850911182 38.75706787668571 109.62070850911181
38.75706787668571 109.62070850911181 51.676090502247604 131.9971120807169
109.6921815697662 134.7424128554831 95.18815880288656 159.86411720185438
95.18815880288656 159.86411720185438 66.18011326912726 159.86411720185438
66.18011326912726 159.86411720185438 51.676090502247604 134.7424128554831
51.676090502247604 134.7424128554831 66.18011326912725 109.62070850911184
66.18011326912725 109.62070850911184 95.18815880288656 109.62070850911184
95.18815880288656 109.62070850911184 109.6921815697662 134.7424128554831
148.1187418357224 129.328093940287 140.5078903042153 145.13218999159687
140.5078903042153 145.13218999159687 123.40646214599694 149.03547937146217
123.40646214599694 149.03547937146217 109.6921815697662 138.09870556425133
109.6921815697662 138.09870556425133 109.6921815697662 134.7424128554831
109.6921815697662 134.7424128554831 109.6921815697662 120.55748231632268
109.6921815697662 120.55748231632268 123.40646214599693 109.62070850911184
123.40646214599693 109.62070850911184 140.5078903042153 113.52399788897712
140.5078903042153 113.52399788897712 148.1187418357224 129.328093940287
204.02320140212663 137.57293829231395 195.83618284791132 157.33814952130075
195.83618284791132 157.33814952130075 176.07097161892452 165.52516807551606
176.07097161892452 165.52516807551606 156.30576038993772 157.33814952130075
156.30576038993772 157.33814952130075 148.1187418357224 137.57293829231395
148.1187418357224 137.57293829231395 156.30576038993772 117.80772706332715
156.30576038993772 117.80772706332715 176.07097161892452 109.62070850911184
176.07097161892452 109.62070850911184 195.83618284791132 117.80772706332715
195.83618284791132 117.80772706332715 204.02320140212663 137.57293829231395
243.52306369490253 126.72465060487731 233.64809812170856 143.8285927006428
233.64809812170856 143.8285927006428 213.8981669753206 143.8285927006428
213.8981669753206 143.8285927006428 204.02320140212663 126.72465060487731
204.02320140212663 126.72465060487731 213.8981669753206 109.62070850911184
213.8981669753206 109.62070850911184 233.64809812170856 109.62070850911182
233.64809812170856 109.62070850911182 243.52306369490253 126.72465060487731
41.855016803842176 183.648921989492 31.391262602881632 201.77267590346796
31.391262602881632 201.77267590346796 10.463754200960548 201.77267590346796
10.463754200960548 201.77267590346796 0.0 183.648921989492
0.0 183.648921989492 10.463754200960535 165.52516807551606
10.463754200960535 165.52516807551606 31.391262602881632 165.52516807551606
31.391262602881632 165.52516807551606 41.855016803842176 183.648921989492
84.68798342040037 187.4924161568131 76.20438907012908 205.10878134499163
76.20438907012908 205.10878134499163 57.14192559885675 209.45966423811015
57.14192559885675 209.45966423811015 41.85501680384218 197.26876127581366
41.85501680384218 197.26876127581366 41.855016803842176 177.71607103781255
41.855016803842176 177.71607103781255 57.141925598856744 165.52516807551606
57.141925598856744 165.52516807551606 76.20438907012908 169.8760509686346
76.20438907012908 169.8760509686346 84.68798342040037 187.4924161568131
128.9868545600001 184.7071419584494 117.91213677510017 203.88911584138273
117.91213677510017 203.88911584138273 95.76270120530032 203.88911584138273
95.76270120530032 203.88911584138273 84.68798342040037 184.7071419584494
84.68798342040037 184.7071419584494 95.76270120530029 165.5251680755161
95.76270120530029 165.5251680755161 117.91213677510017 165.52516807551606
117.91213677510017 165.52516807551606 128.9868545600001 184.7071419584494
170.81670678479225 189.67564451766205 128.9868545600001 213.82612095980807
128.9868545600001 213.82612095980807 128.9868545600001 184.7071419584494
128.9868545600001 184.7071419584494 128.9868545600001 165.52516807551606
128.9868545600001 165.52516807551606 170.81670678479225 189.67564451766205
210.8320363017799 185.53283283400992 190.82437154328608 205.54049759250375
190.82437154328608 205.54049759250375 170.81670678479225 185.53283283400992
170.81670678479225 185.53283283400992 190.82437154328608 165.5251680755161
190.82437154328608 165.5251680755161 210.8320363017799 185.53283283400992
243.17496068012133 184.19836417173116 210.83203630177997 202.87156026794628
210.83203630177997 202.87156026794628 210.83203630177994 165.52516807551606
210.83203630177994 165.52516807551606 243.17496068012133 184.19836417173116
25.31266509753485 228.44039496777665 25.312665097534847 228.44039496777665
25.312665097534847 228.44039496777665 1.0658141036401503e-14 243.05466897574524
1.0658141036401503e-14 243.05466897574524 0.0 213.82612095980807
0.0 213.82612095980807 25.312665097534847 228.44039496777665
25.312665097534847 228.44039496777665 25.31266509753485 228.44039496777665
57.11058436054525 230.54327641702494 44.964859973600284 247.26043187424182
44.964859973600284 247.26043187424182 25.31266509753485 240.87504668480076
25.31266509753485 240.87504668480076 25.312665097534847 228.44039496777665
25.312665097534847 228.44039496777665 25.312665097534847 220.21150614924912
25.312665097534847 220.21150614924912 44.964859973600284 213.82612095980807
44.964859973600284 213.82612095980807 57.11058436054525 230.54327641702494
93.79100125186429 229.7092073844511 84.62089702903454 245.59229380909414
84.62089702903454 245.59229380909414 66.28068858337502 245.59229380909414
66.28068858337502 245.59229380909414 57.11058436054526 229.7092073844511
57.11058436054526 229.7092073844511 66.28068858337501 213.82612095980807
66.28068858337501 213.82612095980807 84.62089702903454 213.82612095980807
84.62089702903454 213.82612095980807 93.79100125186429 229.7092073844511
150.79425314639053 243.06071932460242 139.50406000967354 266.5050469444294
139.50406000967354 266.5050469444294 114.13522630943947 272.29531768939677
114.13522630943947 272.29531768939677 93.79100125186429 256.071339588546
93.79100125186429 256.071339588546 93.79100125186429 230.05009906065885
93.79100125186429 230.05009906065885 114.13522630943946 213.82612095980807
114.13522630943946 213.82612095980807 139.5040600096735 219.6163917047754
139.5040600096735 219.6163917047754 150.79425314639053 243.06071932460242
189.7741706955439 236.33118684980116 150.79425314639053 258.83625273979425
150.79425314639053 258.83625273979425 150.79425314639053 243.06071932460242
150.79425314639053 243.06071932460242 150.79425314639053 213.82612095980807
150.79425314639053 213.82612095980807 189.7741706955439 236.33118684980116
228.65032225724707 234.26452335525428 213.80095371246875 254.7029257507005
213.80095371246875 254.7029257507005 189.7741706955439 246.89615071138732
189.7741706955439 246.89615071138732 189.7741706955439 236.33118684980116
189.7741706955439 236.33118684980116 189.7741706955439 221.63289599912125
189.7741706955439 221.63289599912125 213.80095371246875 213.82612095980807
213.80095371246875 213.82612095980807 228.65032225724707 234.26452335525428
37.981543798621956 292.2633969506479 23.47388501274116 312.231476211899
23.47388501274116 312.231476211899 3.552713678800501e-15 304.604348624153
3.552713678800501e-15 304.604348624153 0.0 279.92244527714286
0.0 279.92244527714286 23.473885012741157 272.2953176893968
23.473885012741157 272.2953176893968 37.981543798621956 292.2633969506479
89.22424995394742 297.91667076705954 63.60289687628469 323.53802384472226
63.60289687628469 323.53802384472226 37.981543798621956 297.91667076705954
37.981543798621956 297.91667076705954 63.60289687628468 272.2953176893968
63.60289687628468 272.2953176893968 89.22424995394742 297.91667076705954
130.63690299305546 296.2049240693824 89.22424995394744 320.114530449368
89.22424995394744 320.114530449368 89.22424995394742 272.2953176893968
89.22424995394742 272.2953176893968 130.63690299305546 296.2049240693824
188.361390349987 301.15756136786257 179.90783489682295 321.5662495931643
179.90783489682295 321.5662495931643 159.49914667152123 330.0198050463283
159.49914667152123 330.0198050463283 139.09045844621951 321.5662495931643
139.09045844621951 321.5662495931643 130.63690299305546 301.15756136786257
130.63690299305546 301.15756136786257 139.09045844621951 280.74887314256085
139.09045844621951 280.74887314256085 159.49914667152123 272.2953176893968
159.49914667152123 272.2953176893968 179.90783489682292 280.74887314256085
179.90783489682292 280.74887314256085 188.361390349987 301.15756136786257
243.41450159854747 300.529769981031 232.51055773366946 323.17204272347385
232.51055773366946 323.17204272347385 208.00961826920835 328.76422227266517
208.00961826920835 328.76422227266517 188.361390349987 313.09528336838986
188.361390349987 313.09528336838986 188.361390349987 301.15756136786257
188.361390349987 301.15756136786257 188.361390349987 287.96425659367213
188.361390349987 287.96425659367213 208.00961826920835 272.2953176893968
208.00961826920835 272.2953176893968 232.51055773366943 277.88749723858814
232.51055773366943 277.88749723858814 243.41450159854747 300.529769981031
43.03426539090607 351.5369377417814 21.517132695453036 373.05407043723443
21.517132695453036 373.05407043723443 0.0 351.5369377417814
0.0 351.5369377417814 21.517132695453032 330.0198050463284
21.517132695453032 330.0198050463284 43.03426539090607 351.5369377417814
77.5177213765692 347.26153303915993 60.275993383737635 364.5032610319915
60.275993383737635 364.5032610319915 43.03426539090607 347.26153303915993
43.03426539090607 347.26153303915993 60.275993383737635 330.0198050463284
60.275993383737635 330.0198050463284 77.5177213765692 347.26153303915993
119.52512649953647 351.023507607812 113.37328444930317 365.87536811906233
113.37328444930317 365.87536811906233 98.52142393805283 372.02721016929564
98.52142393805283 372.02721016929564 83.66956342680251 365.87536811906233
83.66956342680251 365.87536811906233 77.5177213765692 351.023507607812
77.5177213765692 351.023507607812 83.6695634268025 336.1716470965617
83.6695634268025 336.1716470965617 98.52142393805283 330.0198050463284
98.52142393805283 330.0198050463284 113.37328444930316 336.1716470965617
113.37328444930316 336.1716470965617 119.52512649953647 351.023507607812
25.544454810077244 19.897095782519518 21.966068117632403 26.095043342962327
21.966068117632403 26.095043342962327 14.809294732742723 26.095043342962327
14.809294732742723 26.095043342962327 11.23090804029788 19.897095782519518
11.23090804029788 19.897095782519518 14.809294732742718 13.699148222076708
14.809294732742718 13.699148222076708 21.966068117632403 13.699148222076708
21.966068117632403 13.699148222076708 25.544454810077244 19.897095782519518
70.45356393937946 26.746339254372284 63.51380227099257 33.686100922759174
63.51380227099257 33.686100922759174 56.574040602605685 26.746339254372284
56.574040602605685 26.746339254372284 63.51380227099257 19.806577585985394
63.51380227099257 19.806577585985394 70.45356393937946 26.746339254372284
194.86776215007234 23.76081726847293 186.51765854399062 28.581751833205473
186.51765854399062 28.581751833205473 186.51765854399062 18.939882703740388
186.51765854399062 18.939882703740388 194.86776215007234 23.76081726847293
33.62339363433474 77.01491502181968 23.930011931130508 82.61139155752242
23.930011931130508 82.61139155752242 23.930011931130505 71.41843848611693
23.930011931130505 71.41843848611693 33.62339363433474 77.01491502181968
87.37247421182735 81.55669350892819 83.81490110460288 87.71859088228167
83.81490110460288 87.71859088228167 76.69975489015391 87.71859088228167
76.69975489015391 87.71859088228167 73.14218178292944 81.55669350892819
73.14218178292944 81.55669350892819 76.69975489015391 75.39479613557471
76.69975489015391 75.39479613557471 83.81490110460288 75.39479613557471
83.81490110460288 75.39479613557471 87.37247421182735 81.55669350892819
175.19504505315572 73.89587780290566 163.69318622266252 80.53647909487199
163.69318622266252 80.53647909487199 163.69318622266252 67.25527651093932
163.69318622266252 67.25527651093932 175.19504505315572 73.89587780290566
217.44587632624504 76.23055421970123 212.5971382971498 82.90426958004896
212.5971382971498 82.90426958004896 204.7517153635295 80.35513714363839
204.7517153635295 80.35513714363839 204.7517153635295 72.10597129576408
204.7517153635295 72.10597129576408 212.5971382971498 69.5568388593535
212.5971382971498 69.5568388593535 217.44587632624504 76.23055421970123
135.46181065547876 129.328093940287 131.68317746171647 135.87287861504953
131.68317746171647 135.87287861504953 124.12591107419189 135.87287861504953
124.12591107419189 135.87287861504953 120.3472778804296 129.328093940287
120.3472778804296 129.328093940287 124.12591107419189 122.78330926552447
124.12591107419189 122.78330926552447 131.68317746171647 122.78330926552447
131.68317746171647 122.78330926552447 135.46181065547876 129.328093940287
27.958453604841896 183.648921989492 24.442981003381494 189.73789914783777
24.442981003381494 189.73789914783777 17.412035800460686 189.73789914783777
17.412035800460686 189.73789914783777 13.89656319900028 183.648921989492
13.89656319900028 183.648921989492 17.41203580046068 177.55994483114625
17.41203580046068 177.55994483114625 24.442981003381494 177.55994483114625
24.442981003381494 177.55994483114625 27.958453604841896 183.648921989492
68.4960523324994 187.4924161568131 62.15580662372234 193.83266186559018
62.15580662372234 193.83266186559018 55.81556091494528 187.4924161568131
55.81556091494528 187.4924161568131 62.15580662372234 181.15217044803603
62.15580662372234 181.15217044803603 68.4960523324994 187.4924161568131
196.2215022208698 185.53283283400992 192.49217664352182 190.6658091342224
192.49217664352182 190.6658091342224 186.45800110425847 188.7051866509889
186.45800110425847 188.7051866509889 186.45800110425847 182.36047901703094
186.45800110425847 182.36047901703094 192.49217664352182 180.39985653379745
192.49217664352182 180.39985653379745 196.2215022208698 185.53283283400992
227.1516647900812 184.19836417173116 221.61301109456042 189.73701786725195
221.61301109456042 189.73701786725195 216.07435739903963 184.19836417173116
216.07435739903963 184.19836417173116 221.61301109456042 178.65971047621036
221.61301109456042 178.65971047621036 227.1516647900812 184.19836417173116
15.667130153667152 228.44039496777665 8.437555032511622 235.6699700889322
8.437555032511622 235.6699700889322 1.207979911356091 228.44039496777665
1.207979911356091 228.44039496777665 8.43755503251162 221.21081984662112
8.43755503251162 221.21081984662112 15.667130153667152 228.44039496777665
127.19217206635115 243.06071932460242 117.61566288575553 248.58971947791622
117.61566288575553 248.58971947791622 117.61566288575551 237.53171917128861
117.61566288575551 237.53171917128861 127.19217206635115 243.06071932460242
213.18860292845474 234.26452335525428 204.14586985775435 239.48534772783307
204.14586985775435 239.48534772783307 204.14586985775435 229.0436989826755
204.14586985775435 229.0436989826755 213.18860292845474 234.26452335525428
23.42176989107088 292.2633969506479 20.20381632794587 297.8370560183777
20.20381632794587 297.8370560183777 13.767909201695842 297.8370560183777
13.767909201695842 297.8370560183777 10.549955638570827 292.2633969506479
10.549955638570827 292.2633969506479 13.767909201695838 286.6897378829181
13.767909201695838 286.6897378829181 20.20381632794587 286.6897378829181
20.20381632794587 286.6897378829181 23.42176989107088 292.2633969506479
69.2032138884052 297.91667076705954 65.33349000691706 303.24288875475537
65.33349000691706 303.24288875475537 59.07214523959207 301.20845451494665
59.07214523959207 301.20845451494665 59.07214523959207 294.62488701917243
59.07214523959207 294.62488701917243 65.33349000691706 292.5904527793637
65.33349000691706 292.5904527793637 69.2032138884052 297.91667076705954
110.66769029751329 296.2049240693824 105.38911726059808 303.4702565632791
105.38911726059808 303.4702565632791 96.84820667477054 300.6951464901796
96.84820667477054 300.6951464901796 96.84820667477054 291.7147016485852
96.84820667477054 291.7147016485852 105.38911726059808 288.9395915754857
105.38911726059808 288.9395915754857 110.66769029751329 296.2049240693824
27.168430801011255 351.5369377417814 24.342781748232145 356.4311054655537
24.342781748232145 356.4311054655537 18.691483642673926 356.4311054655537
18.691483642673926 356.4311054655537 15.865834589894817 351.5369377417814
15.865834589894817 351.5369377417814 18.691483642673923 346.6427700180091
18.691483642673923 346.6427700180091 24.342781748232145 346.6427700180091
24.342781748232145 346.6427700180091 27.168430801011255 351.5369377417814
