94
41.67880195358342 20.83940097679171 20.83940097679171 41.67880195358342
20.83940097679171 41.67880195358342 0.0 20.839400976791712
0.0 20.839400976791712 20.839400976791705 0.0
20.839400976791705 0.0 41.67880195358342 20.83940097679171
80.4930403276639 14.62281047315202 69.86894663995677 29.245620946304037
69.86894663995677 29.245620946304037 52.678801953583424 23.6602043566079
52.678801953583424 23.6602043566079 52.67880195358342 5.585416589696143
52.67880195358342 5.585416589696143 69.86894663995677 0.0
69.86894663995677 0.0 80.4930403276639 14.62281047315202
123.47117497477277 18.462584646690388 91.49304032766392 36.92516929338078
91.49304032766392 36.92516929338078 91.4930403276639 0.0
91.4930403276639 0.0 123.47117497477277 18.462584646690388
41.20783894515146 71.81258960611409 33.046121061085195 88.76057142516478
33.046121061085195 88.76057142516478 14.70690744429222 92.94637725864476
14.70690744429222 92.94637725864476 3.552713678800501e-15 81.21800993906518
3.552713678800501e-15 81.21800993906518 0.0 62.40716927316299
0.0 62.40716927316299 14.706907444292215 50.67880195358342
14.706907444292215 50.67880195358342 33.04612106108519 54.86460778706339
33.04612106108519 54.86460778706339 41.20783894515146 71.81258960611409
79.40622397784045 66.02930138890167 68.25343331195947 81.37980082421993
68.25343331195947 81.37980082421993 50.20783894515146 75.51643178421442
50.20783894515146 75.51643178421442 50.20783894515146 56.542170993588925
50.20783894515146 56.542170993588925 68.25343331195947 50.67880195358342
68.25343331195947 50.67880195358342 79.40622397784045 66.02930138890167
123.18807323295306 66.56972658113972 118.53372916886613 77.8063071446091
118.53372916886613 77.8063071446091 107.29714860539676 82.46065120869602
107.29714860539676 82.46065120869602 96.06056804192738 77.8063071446091
96.06056804192738 77.8063071446091 91.40622397784045 66.56972658113972
91.40622397784045 66.56972658113972 96.06056804192738 55.333146017670344
96.06056804192738 55.333146017670344 107.29714860539676 50.67880195358341
107.29714860539676 50.67880195358341 118.53372916886613 55.33314601767034
118.53372916886613 55.33314601767034 123.18807323295306 66.56972658113972
47.129261311390806 127.51100791434015 40.22734078849402 144.17371804713878
40.22734078849402 144.17371804713878 23.564630655695403 151.07563857003555
23.564630655695403 151.07563857003555 6.901920522896784 144.17371804713878
6.901920522896784 144.17371804713878 0.0 127.51100791434015
0.0 127.51100791434015 6.901920522896781 110.84829778154153
6.901920522896781 110.84829778154153 23.5646306556954 103.94637725864476
23.5646306556954 103.94637725864476 40.22734078849402 110.84829778154153
40.22734078849402 110.84829778154153 47.129261311390806 127.51100791434015
95.08210118297654 122.11248980349173 84.5938912150801 140.2786023483387
84.5938912150801 140.2786023483387 63.61747127928724 140.2786023483387
63.61747127928724 140.2786023483387 53.1292613113908 122.11248980349173
53.1292613113908 122.11248980349173 63.61747127928722 103.94637725864476
63.61747127928722 103.94637725864476 84.5938912150801 103.94637725864476
84.5938912150801 103.94637725864476 95.08210118297654 122.11248980349173
51.670544578893086 191.9109108594821 25.835272289446543 217.74618314892865
25.835272289446543 217.74618314892865 0.0 191.9109108594821
0.0 191.9109108594821 25.83527228944654 166.07563857003555
25.83527228944654 166.07563857003555 51.670544578893086 191.9109108594821
116.38729684488281 190.9340147030304 109.10644704481444 208.5115410359569
109.10644704481444 208.5115410359569 91.52892071188795 215.79239083602528
91.52892071188795 215.79239083602528 73.95139437896145 208.5115410359569
73.95139437896145 208.5115410359569 66.67054457889309 190.9340147030304
66.67054457889309 190.9340147030304 73.95139437896145 173.35648837010393
73.95139437896145 173.35648837010393 91.52892071188795 166.07563857003555
91.52892071188795 166.07563857003555 109.10644704481444 173.3564883701039
109.10644704481444 173.3564883701039 116.38729684488281 190.9340147030304
40.25869398277203 250.87553014031465 20.129346991386015 271.00487713170065
20.129346991386015 271.00487713170065 0.0 250.87553014031465
0.0 250.87553014031465 20.12934699138601 230.74618314892865
20.12934699138601 230.74618314892865 40.25869398277203 250.87553014031465
27.099075687368824 20.83940097679171 23.969238332080266 26.260438295578492
23.969238332080266 26.260438295578492 17.70956362150315 26.260438295578496
17.70956362150315 26.260438295578496 14.579726266214593 20.83940097679171
14.579726266214593 20.83940097679171 17.709563621503147 15.418363658004925
17.709563621503147 15.418363658004925 23.969238332080266 15.418363658004925
23.969238332080266 15.418363658004925 27.099075687368824 20.83940097679171
108.21649299440772 18.462584646690388 105.18445576888729 23.714227171731945
105.18445576888729 23.714227171731945 99.12038131784644 23.714227171731945
99.12038131784644 23.714227171731945 96.08834409232601 18.462584646690388
96.08834409232601 18.462584646690388 99.12038131784644 13.21094212164883
99.12038131784644 13.21094212164883 105.18445576888729 13.21094212164883
105.18445576888729 13.21094212164883 108.21649299440772 18.462584646690388
70.52889702485555 66.02930138890167 59.63418203519092 72.3193680209288
59.63418203519092 72.3193680209288 59.63418203519091 59.739234756874545
59.63418203519091 59.739234756874545 70.52889702485555 66.02930138890167
114.06223027310735 66.56972658113972 107.29714860539676 73.33480824885031
107.29714860539676 73.33480824885031 100.53206693768617 66.56972658113972
100.53206693768617 66.56972658113972 107.29714860539676 59.80464491342913
107.29714860539676 59.80464491342913 114.06223027310735 66.56972658113972
29.39792030291268 127.51100791434015 20.647985832086764 132.5627849364631
20.647985832086764 132.5627849364631 20.64798583208676 122.45923089221722
20.64798583208676 122.45923089221722 29.39792030291268 127.51100791434015
81.28359881347359 122.11248980349173 76.32377975938971 128.9390950783412
76.32377975938971 128.9390950783412 68.29862395183267 126.33156389112801
68.29862395183267 126.33156389112801 68.29862395183267 117.89341571585544
68.29862395183267 117.89341571585544 76.32377975938971 115.28588452864226
76.32377975938971 115.28588452864226 81.28359881347359 122.11248980349173
31.865488102163162 191.9109108594821 27.698711455324514 197.6459869028323
27.698711455324514 197.6459869028323 20.956725217210263 195.4553827823378
20.956725217210263 195.4553827823378 20.956725217210263 188.3664389366264
20.956725217210263 188.3664389366264 27.698711455324514 186.1758348161319
27.698711455324514 186.1758348161319 31.865488102163162 191.9109108594821
