144
47.480405150434116 20.456563123193675 38.07162876183269 28.273955485458682
38.07162876183269 28.273955485458682 17.450507870153526 45.36828651284325
17.450507870153526 45.36828651284325 0.0 28.253582841047617
0.0 28.253582841047617 7.169142760588208 14.616283756809601
7.169142760588208 14.616283756809601 11.280620180716394 9.229215994332673
11.280620180716394 9.229215994332673 18.563426740009486 2.6110200093793416
18.563426740009486 2.6110200093793416 40.21984185516666 0.0
40.21984185516666 0.0 47.480405150434116 20.456563123193675
70.91794183922968 38.998028303499574 62.00522761713085 49.798911929033814
62.00522761713085 49.798911929033814 56.480405150434116 41.17816616446689
56.480405150434116 41.17816616446689 61.820899681559105 0.0
61.820899681559105 0.0 64.24060354023679 1.9330561152389656
64.24060354023679 1.9330561152389656 75.36134683279172 5.421729260054473
75.36134683279172 5.421729260054473 76.01166588983989 10.643922975959065
76.01166588983989 10.643922975959065 78.68327320176898 11.696982460377328
78.68327320176898 11.696982460377328 70.91794183922968 38.998028303499574
127.66905433343845 31.068759109488667 100.95134239476934 39.16927699999841
100.95134239476934 39.16927699999841 88.683273201769 50.94007490795309
88.683273201769 50.94007490795309 99.94210605283432 0.0
99.94210605283432 0.0 106.89059690811321 13.39765499481187
106.89059690811321 13.39765499481187 112.04169054253202 2.6383870046413023
112.04169054253202 2.6383870046413023 114.84943008289036 12.593977497164316
114.84943008289036 12.593977497164316 116.83930253043908 20.29321887072532
116.83930253043908 20.29321887072532 127.66905433343845 31.068759109488667
171.8376665231499 25.520159489178774 155.55354590936673 38.99517166672081
155.55354590936673 38.99517166672081 153.4162475308503 51.46812348113521
153.4162475308503 51.46812348113521 145.48855687452019 42.51643223531916
145.48855687452019 42.51643223531916 135.66905433343845 47.51235129499873
135.66905433343845 47.51235129499873 152.71907214426622 10.327465358087782
152.71907214426622 10.327465358087782 168.61795049848897 0.0
168.61795049848897 0.0 162.53864765587275 19.33507209546748
162.53864765587275 19.33507209546748 171.8376665231499 25.520159489178774
36.14880355250001 92.19614952527171 20.306006784686282 102.47890902890026
20.306006784686282 102.47890902890026 16.515733486137925 94.95107922877649
16.515733486137925 94.95107922877649 0.23416366717184545 90.71084612228535
0.23416366717184545 90.71084612228535 12.38713638604364 80.32919486709147
12.38713638604364 80.32919486709147 0.0 63.40322658741681
0.0 63.40322658741681 19.603823176117935 60.46812348113521
19.603823176117935 60.46812348113521 46.111096997825044 75.36044422281986
46.111096997825044 75.36044422281986 36.14880355250001 92.19614952527171
92.13395285533468 86.34190957359736 63.802217535227385 90.69157876628111
63.802217535227385 90.69157876628111 62.243572986882036 90.13243924703676
62.243572986882036 90.13243924703676 58.11109699782505 89.64513916016145
58.11109699782505 89.64513916016145 60.79742566681969 60.468123481135216
60.79742566681969 60.468123481135216 62.44784218187955 61.98369529758799
62.44784218187955 61.98369529758799 69.42462771664859 63.428907943717256
69.42462771664859 63.428907943717256 80.6928471390643 60.931711173448186
80.6928471390643 60.931711173448186 92.13395285533468 86.34190957359736
137.1625757172075 73.32683792261548 113.59992734285724 94.30072902381744
113.59992734285724 94.30072902381744 111.29744264434325 95.20022569153565
111.29744264434325 95.20022569153565 100.13395285533467 67.55384084035094
100.13395285533467 67.55384084035094 104.4707731875872 60.77250934626078
104.4707731875872 60.77250934626078 112.27051044727935 60.46812348113521
112.27051044727935 60.46812348113521 134.51056982699828 62.11825123160037
134.51056982699828 62.11825123160037 144.64407743923888 63.02278575986152
144.64407743923888 63.02278575986152 137.1625757172075 73.32683792261548
187.288004334375 98.25607046183556 174.08977011932987 99.02857310718665
174.08977011932987 99.02857310718665 159.95123857633067 98.36896872401422
159.95123857633067 98.36896872401422 156.64407743923886 85.32527841869059
156.64407743923886 85.32527841869059 157.08798289070785 75.29608300207092
157.08798289070785 75.29608300207092 167.22265674561953 66.83975776975602
167.22265674561953 66.83975776975602 174.78124161577125 60.468123481135216
174.78124161577125 60.468123481135216 171.85823753839892 75.92796627092149
171.85823753839892 75.92796627092149 187.288004334375 98.25607046183556
44.99634930919821 138.5771642155604 28.681250489195392 161.57424848547177
28.681250489195392 161.57424848547177 20.450674985095414 149.8287717390131
20.450674985095414 149.8287717390131 4.099176805467936 147.18032352216807
4.099176805467936 147.18032352216807 6.482943627597294 138.18316308532894
6.482943627597294 138.18316308532894 0.0 116.47890902890026
0.0 116.47890902890026 8.660889444396144 120.79132850635794
8.660889444396144 120.79132850635794 16.3528797896939 127.32054962117782
16.3528797896939 127.32054962117782 44.99634930919821 138.5771642155604
81.5621123990503 169.54180816434183 59.99634930919821 147.72550885991595
59.99634930919821 147.72550885991595 61.292210407208536 127.94970599861685
61.292210407208536 127.94970599861685 71.47393642972267 124.25314237677534
71.47393642972267 124.25314237677534 89.8702407836738 116.47890902890026
89.8702407836738 116.47890902890026 93.56250414610928 124.63088156584827
93.56250414610928 124.63088156584827 108.00055642067011 133.08503603029902
108.00055642067011 133.08503603029902 106.22310092468275 139.8232713822232
106.22310092468275 139.8232713822232 81.5621123990503 169.54180816434183
139.81787937127484 151.78805998884158 138.71053454526984 155.92849364546578
138.71053454526984 155.92849364546578 137.2416892358223 155.49046829378364
137.2416892358223 155.49046829378364 123.43050907453836 142.8378636862039
123.43050907453836 142.8378636862039 119.00055642067012 137.4643478272741
119.00055642067012 137.4643478272741 130.68933005951203 131.1135249983118
130.68933005951203 131.1135249983118 130.1305393814964 129.1093892534135
130.1305393814964 129.1093892534135 141.98630318028532 116.47890902890025
141.98630318028532 116.47890902890025 139.81787937127484 151.78805998884158
42.62849524886776 199.4565907518013 29.094352918891346 213.97873061360488
29.094352918891346 213.97873061360488 0.0 205.82568143557333
0.0 205.82568143557333 0.8391984703506985 203.72097023370424
0.8391984703506985 203.72097023370424 7.251311001187309 199.41092625689757
7.251311001187309 199.41092625689757 12.931179745159632 188.26564619894498
12.931179745159632 188.26564619894498 18.082020527442058 174.54180816434183
18.082020527442058 174.54180816434183 43.4088165324286 176.83012127080696
43.4088165324286 176.83012127080696 42.62849524886776 199.4565907518013
81.58183626784277 208.31681253091875 79.95528307608642 200.34422155701367
79.95528307608642 200.34422155701367 63.40358448015134 198.09061554041855
63.40358448015134 198.09061554041855 55.408816532428595 183.2041313470554
55.408816532428595 183.2041313470554 63.59603323276807 179.01681292050532
63.59603323276807 179.01681292050532 77.80027264556237 176.64520965854928
77.80027264556237 176.64520965854928 89.71664469670486 174.54180816434183
89.71664469670486 174.54180816434183 90.02690033333063 186.32372101919717
90.02690033333063 186.32372101919717 81.58183626784277 208.31681253091875
135.37266221179033 197.21323480464054 141.85234187378407 198.33694585382926
141.85234187378407 198.33694585382926 133.8901430921307 206.07514270674957
133.8901430921307 206.07514270674957 111.52048313394704 205.57322999414953
111.52048313394704 205.57322999414953 100.02690033333064 201.36941091349516
100.02690033333064 201.36941091349516 108.36156757008501 188.43622656388413
108.36156757008501 188.43622656388413 106.51595645511313 177.95907918485463
106.51595645511313 177.95907918485463 107.90168226594406 174.54180816434183
107.90168226594406 174.54180816434183 135.37266221179033 197.21323480464054
181.80681895663784 189.6243205141126 180.7778942061035 199.1728720377458
180.7778942061035 199.1728720377458 158.5285725797056 215.81511641293062
158.5285725797056 215.81511641293062 150.72369080784134 198.14377633118826
150.72369080784134 198.14377633118826 148.85234187378407 184.27438341702282
148.85234187378407 184.27438341702282 151.28269442574256 176.2631274112762
151.28269442574256 176.2631274112762 161.38443366733236 174.54180816434183
161.38443366733236 174.54180816434183 182.33152186951287 186.8122892244358
182.33152186951287 186.8122892244358 181.80681895663784 189.6243205141126
32.533193222727995 270.3673195742562 27.157534568356446 278.4484751334139
27.157534568356446 278.4484751334139 15.121138097694924 264.89252738405173
15.121138097694924 264.89252738405173 3.0139085013036038 248.86321148757594
3.0139085013036038 248.86321148757594 0.0 242.8428099460781
0.0 242.8428099460781 5.337967002761147 230.60620747371507
5.337967002761147 230.60620747371507 12.30952377857363 223.81511641293065
12.30952377857363 223.81511641293065 14.590065698158337 235.1439913292321
14.590065698158337 235.1439913292321 32.533193222727995 270.3673195742562
74.27936260190492 249.44220022074032 87.04661507200645 261.4631602462173
87.04661507200645 261.4631602462173 42.533193222727995 228.60205030306514
42.533193222727995 228.60205030306514 51.436325283568976 231.5850718140876
51.436325283568976 231.5850718140876 56.47912567780762 226.44401700757822
56.47912567780762 226.44401700757822 59.45099041060195 226.74151128133147
59.45099041060195 226.74151128133147 66.08003346464268 223.81511641293065
66.08003346464268 223.81511641293065 73.16193092394265 230.14079384111508
73.16193092394265 230.14079384111508 74.27936260190492 249.44220022074032
142.4274953828727 264.2334287368751 96.04661507200645 260.6012714226018
96.04661507200645 260.6012714226018 112.83827215704649 237.4531496274726
112.83827215704649 237.4531496274726 116.04671541444397 223.81511641293065
116.04671541444397 223.81511641293065 132.095867706126 230.38761071195816
132.095867706126 230.38761071195816 132.3167814928245 231.7301567408186
132.3167814928245 231.7301567408186 133.93895829018766 233.876277007341
133.93895829018766 233.876277007341 146.85805527182765 243.03866700001464
146.85805527182765 243.03866700001464 142.4274953828727 264.2334287368751
