186
24.75938656058726 14.294838495725047 1.0658141036401503e-14 28.5896769914501
1.0658141036401503e-14 28.5896769914501 0.0 0.0
0.0 0.0 24.75938656058726 14.294838495725047
77.27462963337612 19.240008724764206 69.84427564854771 34.669297758366945
69.84427564854771 34.669297758366945 53.14842179623744 38.48001744952841
53.14842179623744 38.48001744952841 39.75938656058726 27.802618146288545
39.75938656058726 27.802618146288545 39.75938656058726 10.677399303239872
39.75938656058726 10.677399303239872 53.148421796237436 0.0
53.148421796237436 0.0 69.84427564854771 3.8107196911614647
69.84427564854771 3.8107196911614647 77.27462963337612 19.240008724764206
136.8367609014416 26.78106563403274 110.05569526740888 53.56213126806548
110.05569526740888 53.56213126806548 83.27462963337614 26.781065634032743
83.27462963337614 26.781065634032743 110.05569526740888 0.0
110.05569526740888 0.0 136.8367609014416 26.78106563403274
167.87980895652484 13.881260266741396 143.83676090144164 27.7625205334828
143.83676090144164 27.7625205334828 143.8367609014416 0.0
143.8367609014416 0.0 167.87980895652484 13.881260266741396
32.84030689964632 73.78240128965102 24.63023017473474 88.00267131123657
24.63023017473474 88.00267131123657 8.210076724911584 88.00267131123657
8.210076724911584 88.00267131123657 0.0 73.78240128965102
0.0 73.78240128965102 8.210076724911573 59.56213126806548
8.210076724911573 59.56213126806548 24.63023017473474 59.56213126806547
24.63023017473474 59.56213126806547 32.84030689964632 73.78240128965102
83.41631005740018 79.31700519718349 69.06355401251159 99.0718791263015
69.06355401251159 99.0718791263015 45.84030689964632 91.5261887288476
45.84030689964632 91.5261887288476 45.84030689964632 67.10782166551938
45.84030689964632 67.10782166551938 69.06355401251157 59.562131268065485
69.06355401251157 59.562131268065485 83.41631005740018 79.31700519718349
140.255859280809 83.07133058969686 131.1767743719351 101.92424466427056
131.1767743719351 101.92424466427056 110.77625576127632 106.58052991132824
110.77625576127632 106.58052991132824 94.41631005740017 93.533908568926
94.41631005740017 93.533908568926 94.41631005740017 72.60875261046772
94.41631005740017 72.60875261046772 110.77625576127632 59.56213126806547
110.77625576127632 59.56213126806547 131.1767743719351 64.21841651512315
131.1767743719351 64.21841651512315 140.255859280809 83.07133058969686
194.02002867229442 83.94421596380816 169.63794397655172 108.32630065955084
169.63794397655172 108.32630065955084 145.25585928080903 83.94421596380816
145.25585928080903 83.94421596380816 169.63794397655172 59.56213126806548
169.63794397655172 59.56213126806548 194.02002867229442 83.94421596380816
30.413577441261452 130.31566455126662 18.796624578176637 146.3050284429824
18.796624578176637 146.3050284429824 1.7763568394002505e-15 140.19763489483728
1.7763568394002505e-15 140.19763489483728 0.0 120.43369420769598
0.0 120.43369420769598 18.796624578176633 114.32630065955084
18.796624578176633 114.32630065955084 30.413577441261452 130.31566455126662
87.10510720254635 136.73387008871313 78.45146389187596 154.70334558162526
78.45146389187596 154.70334558162526 59.00690387495353 159.14143951787543
59.00690387495353 159.14143951787543 43.41357744126146 146.70617664284944
43.41357744126146 146.70617664284944 43.41357744126145 126.76156353457684
43.41357744126145 126.76156353457684 59.00690387495352 114.32630065955085
59.00690387495352 114.32630065955085 78.45146389187596 118.76439459580101
78.45146389187596 118.76439459580101 87.10510720254635 136.73387008871313
137.87876118888178 136.71312765271855 131.321811371833 152.5430048288375
131.321811371833 152.5430048288375 115.49193419571407 159.09995464588627
115.49193419571407 159.09995464588627 99.66205701959512 152.5430048288375
99.66205701959512 152.5430048288375 93.10510720254635 136.71312765271855
93.10510720254635 136.71312765271855 99.66205701959512 120.88325047659961
99.66205701959512 120.88325047659961 115.49193419571407 114.32630065955084
115.49193419571407 114.32630065955084 131.321811371833 120.88325047659961
131.321811371833 120.88325047659961 137.87876118888178 136.71312765271855
178.44478992361076 134.28300665436294 143.8787611888818 154.23971264917503
143.8787611888818 154.23971264917503 143.87876118888178 114.32630065955085
143.87876118888178 114.32630065955085 178.44478992361076 134.28300665436294
55.544045393274516 194.62767152500433 44.54286600012372 217.47185592241263
44.54286600012372 217.47185592241263 19.823440286876988 223.11390353213326
19.823440286876988 223.11390353213326 3.552713678800501e-15 207.30523742724952
3.552713678800501e-15 207.30523742724952 0.0 181.95010562275917
0.0 181.95010562275917 19.82344028687698 166.1414395178754
19.82344028687698 166.1414395178754 44.54286600012372 171.78348712759603
44.54286600012372 171.78348712759603 55.544045393274516 194.62767152500433
123.08045254410428 192.40964309329027 115.38667384645397 210.98406797105486
115.38667384645397 210.98406797105486 96.8122489686894 218.67784666870514
96.8122489686894 218.67784666870514 78.23782409092483 210.98406797105486
78.23782409092483 210.98406797105486 70.54404539327453 192.40964309329027
70.54404539327453 192.40964309329027 78.23782409092482 173.83521821552569
78.23782409092482 173.83521821552569 96.8122489686894 166.1414395178754
96.8122489686894 166.1414395178754 115.38667384645397 173.83521821552569
115.38667384645397 173.83521821552569 123.08045254410428 192.40964309329027
171.614355834914 185.50224760980325 138.08045254410428 204.86305570173113
138.08045254410428 204.86305570173113 138.08045254410428 166.1414395178754
138.08045254410428 166.1414395178754 171.614355834914 185.50224760980325
30.902036552508754 253.96227353281984 24.78150922467722 266.6716794873677
24.78150922467722 266.6716794873677 11.028809155044392 269.8106435335064
11.028809155044392 269.8106435335064 1.7763568394002505e-15 261.0154617212958
1.7763568394002505e-15 261.0154617212958 0.0 246.90908534434382
0.0 246.90908534434382 11.028809155044389 238.1139035321333
11.028809155044389 238.1139035321333 24.781509224677215 241.25286757827195
24.781509224677215 241.25286757827195 30.902036552508754 253.96227353281984
77.12880977632747 254.22729014404266 61.01542316441812 270.340676755952
61.01542316441812 270.340676755952 44.902036552508754 254.22729014404266
44.902036552508754 254.22729014404266 61.01542316441812 238.1139035321333
61.01542316441812 238.1139035321333 77.12880977632747 254.22729014404266
149.98042447541607 267.5397108816776 120.55461712587177 296.9655182312219
120.55461712587177 296.9655182312219 91.12880977632747 267.5397108816776
91.12880977632747 267.5397108816776 120.55461712587177 238.1139035321333
120.55461712587177 238.1139035321333 149.98042447541607 267.5397108816776
187.673992774118 253.34250039949026 181.79281740484342 265.55488689078317
181.79281740484342 265.55488689078317 168.5779363041979 268.57109726684723
168.5779363041979 268.57109726684723 157.98042447541604 260.1198635950272
157.98042447541604 260.1198635950272 157.98042447541604 246.56513720395333
157.98042447541604 246.56513720395333 168.5779363041979 238.1139035321333
168.5779363041979 238.1139035321333 181.79281740484342 241.13011390819736
181.79281740484342 241.13011390819736 187.673992774118 253.34250039949026
58.069013341274015 327.1101385943423 43.551760005955515 352.2547589574627
43.551760005955515 352.2547589574627 14.51725333531851 352.2547589574627
14.51725333531851 352.2547589574627 0.0 327.1101385943423
0.0 327.1101385943423 14.517253335318491 301.9655182312219
14.517253335318491 301.9655182312219 43.551760005955515 301.9655182312219
43.551760005955515 301.9655182312219 58.069013341274015 327.1101385943423
109.42825461740478 324.71552914067354 100.64236285227484 342.95962137893457
100.64236285227484 342.95962137893457 80.90064325555862 347.4655400501252
80.90064325555862 347.4655400501252 65.06901334127402 334.84023649084855
65.06901334127402 334.84023649084855 65.06901334127402 314.5908217904985
65.06901334127402 314.5908217904985 80.90064325555862 301.9655182312219
80.90064325555862 301.9655182312219 100.64236285227483 306.4714369024125
100.64236285227483 306.4714369024125 109.42825461740478 324.71552914067354
170.91869516091464 327.7107385029768 145.1734748891597 353.45595877473176
145.1734748891597 353.45595877473176 119.42825461740479 327.7107385029768
119.42825461740479 327.7107385029768 145.1734748891597 301.9655182312219
145.1734748891597 301.9655182312219 170.91869516091464 327.7107385029768
28.711427351253445 382.18085637613444 23.024777041789292 393.98930741856145
23.024777041789292 393.98930741856145 10.246989782949719 396.9057539775372
10.246989782949719 396.9057539775372 1.7763568394002505e-15 388.7340523094849
1.7763568394002505e-15 388.7340523094849 0.0 375.62766044278396
0.0 375.62766044278396 10.246989782949715 367.4559587747317
10.246989782949715 367.4559587747317 23.02477704178929 370.37240533370743
23.02477704178929 370.37240533370743 28.711427351253445 382.18085637613444
62.54079936813083 19.240008724764206 59.08521330342919 23.99621490885167
59.08521330342919 23.99621490885167 53.49395759969145 22.1795058040327
53.49395759969145 22.1795058040327 53.49395759969145 16.300511645495714
53.49395759969145 16.300511645495714 59.08521330342919 14.483802540676738
59.08521330342919 14.483802540676738 62.54079936813083 19.240008724764206
116.50145626687289 26.78106563403274 112.04754495792251 32.911348635054146
112.04754495792251 32.911348635054146 104.84096507716325 30.56978888931968
104.84096507716325 30.56978888931968 104.84096507716325 22.992342378745803
104.84096507716325 22.992342378745803 112.0475449579225 20.65078263301133
112.0475449579225 20.65078263301133 116.50145626687289 26.78106563403274
159.41781175387155 13.881260266741396 148.06775950276827 20.434215989232182
148.06775950276827 20.434215989232182 148.06775950276827 7.328304544250614
148.06775950276827 7.328304544250614 159.41781175387155 13.881260266741396
70.38779924657139 79.31700519718349 58.7733099412291 86.0226337241229
58.7733099412291 86.0226337241229 58.7733099412291 72.6113766702441
58.7733099412291 72.6113766702441 70.38779924657139 79.31700519718349
123.45425305940233 83.07133058969686 118.40166373356737 90.02562318934172
118.40166373356737 90.02562318934172 110.22640247317152 87.36931978398925
110.22640247317152 87.36931978398925 110.22640247317152 78.77334139540447
110.22640247317152 78.77334139540447 118.40166373356737 76.117037990052
118.40166373356737 76.117037990052 123.45425305940233 83.07133058969686
176.810014078357 83.94421596380816 173.22397902745436 90.15541086969436
173.22397902745436 90.15541086969436 166.0519089256491 90.15541086969436
166.0519089256491 90.15541086969436 162.46587387474645 83.94421596380816
162.46587387474645 83.94421596380816 166.0519089256491 77.73302105792196
166.0519089256491 77.73302105792196 173.22397902745436 77.73302105792196
173.22397902745436 77.73302105792196 176.810014078357 83.94421596380816
18.88603197708646 130.31566455126662 15.234417126316723 135.34168121239014
15.234417126316723 135.34168121239014 9.325980183947413 133.4219136758642
9.325980183947413 133.4219136758642 9.325980183947413 127.20941542666903
9.325980183947413 127.20941542666903 15.234417126316721 125.28964789014312
15.234417126316721 125.28964789014312 18.88603197708646 130.31566455126662
69.36573713166172 136.73387008871313 66.74351125288287 141.27569853968004
66.74351125288287 141.27569853968004 61.49905949532519 141.27569853968004
61.49905949532519 141.27569853968004 58.87683361654635 136.73387008871313
58.87683361654635 136.73387008871313 61.49905949532519 132.19204163774623
61.49905949532519 132.19204163774623 66.74351125288287 132.19204163774623
66.74351125288287 132.19204163774623 69.36573713166172 136.73387008871313
104.65542405115512 192.40964309329027 96.8122489686894 200.25281817575598
96.8122489686894 200.25281817575598 88.96907388622368 192.40964309329027
88.96907388622368 192.40964309329027 96.8122489686894 184.56646801082456
96.8122489686894 184.56646801082456 104.65542405115512 192.40964309329027
22.534612976895115 253.96227353281984 18.59035458215841 260.79392947068385
18.59035458215841 260.79392947068385 10.701837792685009 260.79392947068385
10.701837792685009 260.79392947068385 6.757579397948305 253.96227353281984
6.757579397948305 253.96227353281984 10.701837792685005 247.13061759495582
10.701837792685005 247.13061759495582 18.59035458215841 247.1306175949558
18.59035458215841 247.1306175949558 22.534612976895115 253.96227353281984
66.59956296477553 254.22729014404266 61.01542316441812 259.81142994440006
61.01542316441812 259.81142994440006 55.431283364060704 254.22729014404266
55.431283364060704 254.22729014404266 61.01542316441812 248.64315034368525
61.01542316441812 248.64315034368525 66.59956296477553 254.22729014404266
177.21025053915133 253.34250039949026 173.64720608469432 258.24661036844
173.64720608469432 258.24661036844 167.88207905395603 256.3734070448684
167.88207905395603 256.3734070448684 167.88207905395603 250.31159375411215
167.88207905395603 250.31159375411215 173.64720608469432 248.43839043054055
173.64720608469432 248.43839043054055 177.21025053915133 253.34250039949026
35.448060627444264 327.1101385943423 25.82772969223338 332.6644392494796
25.82772969223338 332.6644392494796 25.827729692233376 321.555837939205
25.827729692233376 321.555837939205 35.448060627444264 327.1101385943423
