184
39.63062115190965 28.489806428044897 24.850509472728735 33.25669673906011
24.850509472728735 33.25669673906011 18.41648589272344 53.54983209229075
18.41648589272344 53.54983209229075 3.9615804477066874 40.95358693056083
3.9615804477066874 40.95358693056083 0.0 11.351371088973
0.0 11.351371088973 13.42226706783296 15.245706342210285
13.42226706783296 15.245706342210285 17.126900798384415 0.0
17.126900798384415 0.0 32.59395118739806 10.837234574012037
32.59395118739806 10.837234574012037 39.63062115190965 28.489806428044897
88.37149238428619 39.79047076624388 70.21652703964195 35.32833517256531
70.21652703964195 35.32833517256531 58.934298848343744 35.82769643552757
58.934298848343744 35.82769643552757 62.49914055448564 22.757452801443925
62.49914055448564 22.757452801443925 49.63062115190965 12.925717438871342
49.63062115190965 12.925717438871342 66.81329091675717 11.880787303013799
66.81329091675717 11.880787303013799 62.23287793348815 0.0
62.23287793348815 0.0 70.90689449199944 9.08690896102295
70.90689449199944 9.08690896102295 88.37149238428619 39.79047076624388
123.8113162737144 32.28595921817447 119.45650056073208 29.520904798890335
119.45650056073208 29.520904798890335 117.63884778428933 41.3356877363393
117.63884778428933 41.3356877363393 115.71508981391192 35.89117658691052
115.71508981391192 35.89117658691052 119.89024100296756 49.78819316640173
119.89024100296756 49.78819316640173 109.96535307013333 38.993679251633196
109.96535307013333 38.993679251633196 101.37149238428619 20.9798134628351
101.37149238428619 20.9798134628351 104.56190248465673 0.0
104.56190248465673 0.0 123.8113162737144 32.28595921817447
165.44892793246552 24.949813192409106 164.44906166120194 25.533584783488244
164.44906166120194 25.533584783488244 170.3182612012643 40.8353424655402
170.3182612012643 40.8353424655402 136.8113162737144 15.672795518782035
136.8113162737144 15.672795518782035 143.29415673400308 0.0
143.29415673400308 0.0 150.70525012621752 5.0115723496204545
150.70525012621752 5.0115723496204545 159.57468032133835 5.237787312938472
159.57468032133835 5.237787312938472 161.68301375824709 10.884211346708693
161.68301375824709 10.884211346708693 165.44892793246552 24.949813192409106
29.506136087149205 99.69875142256362 18.290923224213007 100.62029267047036
18.290923224213007 100.62029267047036 2.875157655412626 109.67915010455147
2.875157655412626 109.67915010455147 0.0 110.40007417706127
0.0 110.40007417706127 5.5853992695525925 70.70471843456275
5.5853992695525925 70.70471843456275 8.620001300136654 65.54983209229076
8.620001300136654 65.54983209229076 10.977060408468024 81.84143670943986
10.977060408468024 81.84143670943986 22.923802363100823 72.00195799106014
22.923802363100823 72.00195799106014 29.506136087149205 99.69875142256362
63.14132054135678 112.43078889384186 50.84555513681343 100.91186705601268
50.84555513681343 100.91186705601268 34.5061360871492 104.50591789466077
34.5061360871492 104.50591789466077 43.451219677909 95.2889702453712
43.451219677909 95.2889702453712 35.396353819257584 65.54983209229076
35.396353819257584 65.54983209229076 56.589618210126375 76.22089756573916
56.589618210126375 76.22089756573916 63.35328088632319 73.98985606610492
63.35328088632319 73.98985606610492 73.72844192815745 83.64798353821708
73.72844192815745 83.64798353821708 63.14132054135678 112.43078889384186
129.63015204532275 87.26820422454483 105.92280522768336 93.41659513825937
105.92280522768336 93.41659513825937 82.72844192815745 104.00900607316599
82.72844192815745 104.00900607316599 91.71987304274538 90.36741265568388
91.71987304274538 90.36741265568388 92.7167466156541 65.54983209229076
92.7167466156541 65.54983209229076 96.27261343882329 71.95502358772738
96.27261343882329 71.95502358772738 105.55565536798703 67.54344623383233
105.55565536798703 67.54344623383233 109.24197204727963 68.13240491773759
109.24197204727963 68.13240491773759 129.63015204532275 87.26820422454483
155.8871492223303 106.32597593504426 144.63015204532275 79.39535271418042
144.63015204532275 79.39535271418042 156.1154536425667 83.41890735772496
156.1154536425667 83.41890735772496 155.45308159270698 68.58381722172646
155.45308159270698 68.58381722172646 160.11587059759836 75.47064565591357
160.11587059759836 75.47064565591357 161.9029936064903 72.70270922204625
161.9029936064903 72.70270922204625 169.25199887008654 65.54983209229076
169.25199887008654 65.54983209229076 184.1932988963768 86.48315272532005
184.1932988963768 86.48315272532005 155.8871492223303 106.32597593504426
44.30950849472078 156.55891683144597 24.86199166813779 156.9385011981807
24.86199166813779 156.9385011981807 0.0 140.24297702147138
0.0 140.24297702147138 9.315880842363805 135.7353208296269
9.315880842363805 135.7353208296269 34.118914283625074 122.43078889384185
34.118914283625074 122.43078889384185 24.92017548446809 138.40018725130633
24.92017548446809 138.40018725130633 27.14798961685061 135.75879588310866
27.14798961685061 135.75879588310866 41.3142816171822 145.59944212689362
41.3142816171822 145.59944212689362 44.30950849472078 156.55891683144597
91.98939198147883 153.28098303893202 79.50868740525033 162.70968508448766
79.50868740525033 162.70968508448766 67.44308155824548 146.6268367444931
67.44308155824548 146.6268367444931 60.09094682458973 145.70186892982625
60.09094682458973 145.70186892982625 57.30950849472079 146.51778318885798
57.30950849472079 146.51778318885798 67.66303741367676 142.2874214184123
67.66303741367676 142.2874214184123 81.07873932667952 128.53439189665494
81.07873932667952 128.53439189665494 91.04689289705118 122.43078889384186
91.04689289705118 122.43078889384186 91.98939198147883 153.28098303893202
131.05112186262548 148.68425868320165 122.53750174677766 162.24060780950012
122.53750174677766 162.24060780950012 110.29351602090179 163.8162543591115
110.29351602090179 163.8162543591115 102.79093188511177 160.80084817276494
102.79093188511177 160.80084817276494 97.98939198147883 142.829528217899
97.98939198147883 142.829528217899 100.46192605812966 128.10521667953265
100.46192605812966 128.10521667953265 105.90786124715385 122.43078889384188
105.90786124715385 122.43078889384188 129.11322139397637 140.0798612472458
129.11322139397637 140.0798612472458 131.05112186262548 148.68425868320165
163.08396621560885 156.5076578104785 157.69295535627145 158.58725952243404
157.69295535627145 158.58725952243404 154.20105133170108 156.51969983899005
154.20105133170108 156.51969983899005 137.0511218626255 142.41247341966243
137.0511218626255 142.41247341966243 153.91342040302513 122.43078889384188
153.91342040302513 122.43078889384188 161.86687151215207 133.64521141829405
161.86687151215207 133.64521141829405 171.84534842102522 126.28689388026167
171.84534842102522 126.28689388026167 174.56536083659182 142.7162430518367
174.56536083659182 142.7162430518367 163.08396621560885 156.5076578104785
42.70458482507813 222.13400828786484 4.827861426687978 218.94739823623254
4.827861426687978 218.94739823623254 0.0 218.39865574695006
0.0 218.39865574695006 3.5346118939911975 210.44289038465254
3.5346118939911975 210.44289038465254 17.056686239128304 182.70785933982657
17.056686239128304 182.70785933982657 27.568906158443216 176.8162543591115
27.568906158443216 176.8162543591115 33.22414883734411 199.72785844819867
33.22414883734411 199.72785844819867 39.94343781903633 196.89331282131653
39.94343781903633 196.89331282131653 42.70458482507813 222.13400828786484
97.89045424127482 206.7562493370847 88.18428942617066 222.3548868118078
88.18428942617066 222.3548868118078 64.82069663999741 201.61999680862488
64.82069663999741 201.61999680862488 59.59234183403977 199.34598889214826
59.59234183403977 199.34598889214826 55.70458482507813 196.10088430608803
55.70458482507813 196.10088430608803 91.95975070557277 176.8162543591115
91.95975070557277 176.8162543591115 94.98448544938478 190.72890702092246
94.98448544938478 190.72890702092246 93.56777777386557 193.2794329647535
93.56777777386557 193.2794329647535 97.89045424127482 206.7562493370847
138.98273558975387 206.31523952903765 123.2259023002877 216.48324644597508
123.2259023002877 216.48324644597508 102.89045424127482 200.03614585993057
102.89045424127482 200.03614585993057 128.01219341660914 176.8162543591115
128.01219341660914 176.8162543591115 147.52425173792662 180.63252951277147
147.52425173792662 180.63252951277147 153.27634651782975 186.57519422261964
153.27634651782975 186.57519422261964 150.59318949601098 188.27815962041555
150.59318949601098 188.27815962041555 155.2435240259058 189.05856561173482
155.2435240259058 189.05856561173482 138.98273558975387 206.31523952903765
22.320333101482593 273.4648792919476 8.398539382159148 265.1047223232431
8.398539382159148 265.1047223232431 0.0 265.4069911195763
0.0 265.4069911195763 1.7715791631728948 234.10670393395293
1.7715791631728948 234.10670393395293 5.183733581431856 236.5681554136389
5.183733581431856 236.5681554136389 3.4513074448863286 231.88101276320205
3.4513074448863286 231.88101276320205 4.2738442009347715 228.3548868118078
4.2738442009347715 228.3548868118078 34.728166713609596 243.17056885909014
34.728166713609596 243.17056885909014 22.320333101482593 273.4648792919476
63.543532837389584 263.5952467781278 54.68482784432369 259.75255394666505
54.68482784432369 259.75255394666505 42.728166713609596 250.02505966978558
42.728166713609596 250.02505966978558 58.93333881845585 241.21216403507816
58.93333881845585 241.21216403507816 65.5601437982339 228.3548868118078
65.5601437982339 228.3548868118078 70.62991060632673 241.01476868917425
70.62991060632673 241.01476868917425 74.44038716760002 240.14720673554234
74.44038716760002 240.14720673554234 74.51113810767461 241.0641418935368
74.51113810767461 241.0641418935368 63.543532837389584 263.5952467781278
121.53180224012863 256.98796956407944 119.08183311232278 268.3772640148075
119.08183311232278 268.3772640148075 90.29740443139694 275.8459277810594
90.29740443139694 275.8459277810594 89.51113810767461 232.22648379305144
89.51113810767461 232.22648379305144 97.5840094946048 237.24228927493724
97.5840094946048 237.24228927493724 107.30769219034782 228.3548868118078
107.30769219034782 228.3548868118078 111.08449342475727 230.00391047660204
111.08449342475727 230.00391047660204 107.89186482778946 240.37492570100846
107.89186482778946 240.37492570100846 121.53180224012863 256.98796956407944
177.45462920554957 252.42991559045961 153.8812036502561 271.9041121916616
153.8812036502561 271.9041121916616 142.99146935092313 267.8383326609296
142.99146935092313 267.8383326609296 136.53180224012863 242.39221133477272
136.53180224012863 242.39221133477272 148.86452150453175 228.3548868118078
148.86452150453175 228.3548868118078 187.74897992171884 238.62632515710794
187.74897992171884 238.62632515710794 185.68414881121532 244.73331395142478
185.68414881121532 244.73331395142478 185.1659601337145 247.7337901470102
185.1659601337145 247.7337901470102 177.45462920554957 252.42991559045961
25.463705901887256 324.3026814466023 15.720655709221774 324.92709458575104
15.720655709221774 324.92709458575104 0.0 306.1126244708017
0.0 306.1126244708017 5.442687021318902 301.35524387458867
5.442687021318902 301.35524387458867 11.788414205224228 295.03449862593334
11.788414205224228 295.03449862593334 20.091468463863723 290.8459277810594
20.091468463863723 290.8459277810594 21.474311587481633 299.535357952785
21.474311587481633 299.535357952785 40.54969352005608 307.14337267526747
40.54969352005608 307.14337267526747 25.463705901887256 324.3026814466023
85.18370290316676 313.69004217087416 77.21865785438371 325.79373414139604
77.21865785438371 325.79373414139604 75.15637013435784 323.0529475471782
75.15637013435784 323.0529475471782 63.32488266630589 328.1241307906164
63.32488266630589 328.1241307906164 56.43823218611342 322.0867623029933
56.43823218611342 322.0867623029933 51.54969352005608 329.14146382526434
51.54969352005608 329.14146382526434 59.90214335893642 290.8459277810594
59.90214335893642 290.8459277810594 77.12004319512396 300.74601191542416
77.12004319512396 300.74601191542416 85.18370290316676 313.69004217087416
135.14232017897538 304.5882171818398 134.42999410269928 307.0789559505859
134.42999410269928 307.0789559505859 125.80806979678513 310.8234358495719
125.80806979678513 310.8234358495719 125.72569278427409 322.0691066967839
125.72569278427409 322.0691066967839 123.71734843610339 317.95060413140857
123.71734843610339 317.95060413140857 94.1549527144251 312.76312066401283
94.1549527144251 312.76312066401283 93.54796945160177 296.82229266974275
93.54796945160177 296.82229266974275 91.18370290316676 290.8459277810594
91.18370290316676 290.8459277810594 135.14232017897538 304.5882171818398
43.07808169355584 361.9834031378349 0.0 370.556470434106
0.0 370.556470434106 4.851176926301651 342.14146382526434
4.851176926301651 342.14146382526434 13.855505967688067 348.8556527425933
13.855505967688067 348.8556527425933 16.540315393299473 342.9115761628445
16.540315393299473 342.9115761628445 20.246151716482558 346.804122762575
20.246151716482558 346.804122762575 49.979910908888215 345.1361072550913
49.979910908888215 345.1361072550913 52.249709635073586 354.3223897192271
52.249709635073586 354.3223897192271 43.07808169355584 361.9834031378349
