156
42.03688815009297 22.10009995717601 25.980225658035145 44.20019991435201
25.980225658035145 44.20019991435201 0.0 35.75871288548088
0.0 35.75871288548088 0.0 8.441487028871144
0.0 8.441487028871144 25.980225658035142 0.0
25.980225658035142 0.0 42.03688815009297 22.10009995717601
85.26401683811392 22.169397423077932 76.70235385550885 39.947873796698666
76.70235385550885 39.947873796698666 57.46447175969243 44.338794846155864
57.46447175969243 44.338794846155864 42.03688815009298 32.035707462741954
42.03688815009298 32.035707462741954 42.03688815009298 12.303087383413912
42.03688815009298 12.303087383413912 57.46447175969243 0.0
57.46447175969243 0.0 76.70235385550885 4.390921049457198
76.70235385550885 4.390921049457198 85.26401683811392 22.169397423077932
109.77065942111999 12.883904459469896 100.40995490455718 25.767808918939792
100.40995490455718 25.767808918939792 85.26401683811392 20.846595323228634
85.26401683811392 20.846595323228634 85.26401683811392 4.92121359571116
85.26401683811392 4.92121359571116 100.40995490455718 0.0
100.40995490455718 0.0 109.77065942111999 12.883904459469896
162.98575906341264 23.042814077572817 162.98575906341262 23.042814077572867
162.98575906341262 23.042814077572867 149.68198415283948 46.085628155145635
149.68198415283948 46.085628155145635 123.07443433169314 46.085628155145635
123.07443433169314 46.085628155145635 109.77065942111997 23.04281407757282
109.77065942111997 23.04281407757282 123.07443433169313 7.105427357601002e-15
123.07443433169313 7.105427357601002e-15 149.68198415283948 0.0
149.68198415283948 0.0 162.98575906341262 23.042814077572768
162.98575906341262 23.042814077572768 162.98575906341264 23.042814077572817
195.72049532502564 17.209669299744334 183.21693868585314 34.41933859948867
183.21693868585314 34.41933859948867 162.98575906341262 27.845829862131936
162.98575906341262 27.845829862131936 162.98575906341262 23.042814077572867
162.98575906341262 23.042814077572867 162.98575906341262 23.042814077572768
162.98575906341262 23.042814077572768 162.98575906341262 6.573508737356736
162.98575906341262 6.573508737356736 183.21693868585314 0.0
183.21693868585314 0.0 195.72049532502564 17.209669299744334
25.038250317057496 60.541468715736 1.0658141036401503e-14 74.99730927632638
1.0658141036401503e-14 74.99730927632638 0.0 46.085628155145635
0.0 46.085628155145635 25.038250317057496 60.541468715736
84.92940281329058 76.03120440326218 54.98382656517404 105.97678065137872
54.98382656517404 105.97678065137872 25.0382503170575 76.03120440326218
25.0382503170575 76.03120440326218 54.983826565174034 46.08562815514564
54.983826565174034 46.08562815514564 84.92940281329058 76.03120440326218
119.76645528197017 61.17051437056959 119.76645528197015 61.170514370569606
119.76645528197015 61.170514370569606 111.05719216480027 76.25540058599354
111.05719216480027 76.25540058599354 93.63866593046048 76.25540058599354
93.63866593046048 76.25540058599354 84.92940281329058 61.17051437056959
84.92940281329058 61.17051437056959 93.63866593046048 46.08562815514564
93.63866593046048 46.08562815514564 111.05719216480027 46.08562815514564
111.05719216480027 46.08562815514564 119.76645528197015 61.17051437056958
119.76645528197015 61.17051437056958 119.76645528197017 61.17051437056959
158.21604602067572 66.29977425473085 143.52960921201336 86.51392035431606
143.52960921201336 86.51392035431606 119.76645528197017 78.79280359783063
119.76645528197017 78.79280359783063 119.76645528197015 61.170514370569606
119.76645528197015 61.170514370569606 119.76645528197015 61.17051437056958
119.76645528197015 61.17051437056958 119.76645528197015 53.80674491163107
119.76645528197015 53.80674491163107 143.52960921201336 46.08562815514564
143.52960921201336 46.08562815514564 158.21604602067572 66.29977425473085
181.24137822297436 59.37930990032331 158.21604602067572 72.67299164550099
158.21604602067572 72.67299164550099 158.21604602067572 66.29977425473085
158.21604602067572 66.29977425473085 158.21604602067572 46.08562815514564
158.21604602067572 46.08562815514564 181.24137822297436 59.37930990032331
58.4176472299415 131.27236391660222 43.81323542245613 156.5679471818257
43.81323542245613 156.5679471818257 14.60441180748538 156.5679471818257
14.60441180748538 156.5679471818257 0.0 131.27236391660222
0.0 131.27236391660222 14.604411807485363 105.97678065137873
14.604411807485363 105.97678065137873 43.81323542245613 105.97678065137873
43.81323542245613 105.97678065137873 58.4176472299415 131.27236391660222
105.00107252619549 130.4671366386969 87.2077873754181 154.9574926260151
87.2077873754181 154.9574926260151 58.41764722994151 145.60300903544402
58.41764722994151 145.60300903544402 58.41764722994151 115.33126424194978
58.41764722994151 115.33126424194978 87.20778737541809 105.97678065137872
87.20778737541809 105.97678065137872 105.00107252619549 130.4671366386969
145.4369529668415 126.19472087170172 139.51525537793313 140.49096350311635
139.51525537793313 140.49096350311635 125.21901274651849 146.41266109202473
125.21901274651849 146.41266109202473 110.92277011510384 140.49096350311635
110.92277011510384 140.49096350311635 105.00107252619549 126.19472087170172
105.00107252619549 126.19472087170172 110.92277011510384 111.89847824028709
110.92277011510384 111.89847824028709 125.21901274651849 105.97678065137872
125.21901274651849 105.97678065137872 139.51525537793313 111.89847824028708
139.51525537793313 111.89847824028708 145.4369529668415 126.19472087170172
199.27704411808972 133.58912535836208 188.6133537601996 155.73250655294302
188.6133537601996 155.73250655294302 164.6522590256619 161.20147006534546
164.6522590256619 161.20147006534546 145.4369529668415 145.87777482420535
145.4369529668415 145.87777482420535 145.4369529668415 126.19472087170172
145.4369529668415 126.19472087170172 145.4369529668415 121.30047589251882
145.4369529668415 121.30047589251882 164.6522590256619 105.97678065137872
164.6522590256619 105.97678065137872 188.6133537601996 111.44574416378113
188.6133537601996 111.44574416378113 199.27704411808972 133.58912535836208
32.005852194197885 175.0604106003181 24.004389145648418 188.91935113529075
24.004389145648418 188.91935113529075 8.001463048549475 188.91935113529075
8.001463048549475 188.91935113529075 0.0 175.0604106003181
0.0 175.0604106003181 8.001463048549464 161.20147006534546
8.001463048549464 161.20147006534546 24.004389145648418 161.20147006534546
24.004389145648418 161.20147006534546 32.005852194197885 175.0604106003181
67.19964565608052 179.70394224175212 53.756812746685185 198.20641441815877
53.756812746685185 198.20641441815877 32.005852194197885 191.13909892267066
32.005852194197885 191.13909892267066 32.005852194197885 175.0604106003181
32.005852194197885 175.0604106003181 32.005852194197885 168.26878556083358
32.005852194197885 168.26878556083358 53.75681274668518 161.20147006534546
53.75681274668518 161.20147006534546 67.19964565608052 179.70394224175212
93.21965957862051 174.88100092219776 83.28089864795571 188.56053177905005
83.28089864795571 188.56053177905005 67.19964565608052 183.33541594188546
67.19964565608052 183.33541594188546 67.19964565608052 179.70394224175212
67.19964565608052 179.70394224175212 67.19964565608052 166.42658590251008
67.19964565608052 166.42658590251008 83.28089864795571 161.20147006534546
83.28089864795571 161.20147006534546 93.21965957862051 174.88100092219776
147.17950028806985 184.5667664846179 133.68954011070753 207.9320629038903
133.68954011070753 207.9320629038903 129.40496440099844 207.9320629038903
129.40496440099844 207.9320629038903 110.71891963056703 207.9320629038903
110.71891963056703 207.9320629038903 106.70961975598286 207.9320629038903
106.70961975598286 207.9320629038903 93.21965957862051 184.5667664846179
93.21965957862051 184.5667664846179 106.70961975598283 161.20147006534546
106.70961975598283 161.20147006534546 133.68954011070753 161.20147006534546
133.68954011070753 161.20147006534546 147.17950028806985 184.5667664846179
182.01430367835042 178.61887176048575 176.9128648324939 190.93483460976952
176.9128648324939 190.93483460976952 164.59690198321013 196.03627345562603
164.59690198321013 196.03627345562603 152.28093913392635 190.93483460976952
152.28093913392635 190.93483460976952 147.17950028806985 178.61887176048575
147.17950028806985 178.61887176048575 152.28093913392635 166.30290891120197
152.28093913392635 166.30290891120197 164.59690198321013 161.20147006534546
164.59690198321013 161.20147006534546 176.9128648324939 166.30290891120197
176.9128648324939 166.30290891120197 182.01430367835042 178.61887176048575
49.86218654183082 234.14616568721874 49.862186541830816 234.14616568721874
49.862186541830816 234.14616568721874 30.816526036239033 260.36026847054717
30.816526036239033 260.36026847054717 3.552713678800501e-15 250.34737219189893
3.552713678800501e-15 250.34737219189893 0.0 217.94495918253855
0.0 217.94495918253855 30.816526036239026 207.9320629038903
30.816526036239026 207.9320629038903 49.862186541830816 234.14616568721874
49.862186541830816 234.14616568721874 49.86218654183082 234.14616568721874
101.37589724535133 235.01442332143546 81.69941064323575 262.0967837389806
81.69941064323575 262.0967837389806 49.86218654183082 251.75224255505316
49.86218654183082 251.75224255505316 49.862186541830816 234.14616568721874
49.862186541830816 234.14616568721874 49.862186541830816 218.27660408781776
49.862186541830816 218.27660408781776 81.69941064323575 207.9320629038903
81.69941064323575 207.9320629038903 101.37589724535133 235.01442332143546
138.74798678621414 224.11465237133726 129.40496440099844 240.2972418387842
129.40496440099844 240.2972418387842 110.71891963056704 240.2972418387842
110.71891963056704 240.2972418387842 101.37589724535134 224.11465237133726
101.37589724535134 224.11465237133726 110.71891963056703 207.9320629038903
110.71891963056703 207.9320629038903 129.40496440099844 207.9320629038903
129.40496440099844 207.9320629038903 138.74798678621414 224.11465237133726
180.96767033214638 230.12826408781115 164.84118621186497 252.32446527173198
164.84118621186497 252.32446527173198 138.74798678621414 243.8462708406049
138.74798678621414 243.8462708406049 138.74798678621414 224.11465237133726
138.74798678621414 224.11465237133726 138.74798678621414 216.4102573350174
138.74798678621414 216.4102573350174 164.84118621186497 207.9320629038903
164.84118621186497 207.9320629038903 180.96767033214638 230.12826408781115
25.62936862546026 275.57094020935506 15.839820920734615 289.0450966797295
15.839820920734615 289.0450966797295 1.7763568394002505e-15 283.89842687778076
1.7763568394002505e-15 283.89842687778076 0.0 267.24345354092935
0.0 267.24345354092935 15.839820920734613 262.0967837389806
15.839820920734613 262.0967837389806 25.62936862546026 275.57094020935506
71.20479732491242 285.4705266229326 62.178024725033765 304.2148130685735
62.178024725033765 304.2148130685735 41.89505080571075 308.8442695068846
41.89505080571075 308.8442695068846 25.629368625460263 295.87282081611613
25.629368625460263 295.87282081611613 25.629368625460263 275.06823242974906
25.629368625460263 275.06823242974906 41.895050805710746 262.0967837389806
41.895050805710746 262.0967837389806 62.17802472503376 266.7262401772917
62.17802472503376 266.7262401772917 71.20479732491242 285.4705266229326
