222
21.702859850403403 9.397613982611343 16.277144887802553 18.795227965222686
16.277144887802553 18.795227965222686 5.4257149626008525 18.795227965222686
5.4257149626008525 18.795227965222686 0.0 9.397613982611345
0.0 9.397613982611345 5.425714962600846 1.7763568394002505e-15
5.425714962600846 1.7763568394002505e-15 16.277144887802553 0.0
16.277144887802553 0.0 21.702859850403403 9.397613982611343
80.301041636082 29.2990908928393 71.71953659617039 50.016676745766986
71.71953659617039 50.016676745766986 51.0019507432427 58.5981817856786
51.0019507432427 58.5981817856786 30.284364890315018 50.016676745766986
30.284364890315018 50.016676745766986 21.702859850403403 29.299090892839303
21.702859850403403 29.299090892839303 30.28436489031501 8.581505039911615
30.28436489031501 8.581505039911615 51.001950743242695 0.0
51.001950743242695 0.0 71.71953659617039 8.581505039911608
71.71953659617039 8.581505039911608 80.301041636082 29.2990908928393
117.67287022139521 19.16645739564352 110.27092123467462 34.53676284290578
110.27092123467462 34.53676284290578 93.63889283375624 38.33291479128704
93.63889283375624 38.33291479128704 80.301041636082 27.696333396268532
80.301041636082 27.696333396268532 80.301041636082 10.636581395018512
80.301041636082 10.636581395018512 93.63889283375624 0.0
93.63889283375624 0.0 110.27092123467462 3.796151948381258
110.27092123467462 3.796151948381258 117.67287022139521 19.16645739564352
150.57029614895694 18.99333771492353 117.67287022139523 37.98667542984707
117.67287022139523 37.98667542984707 117.67287022139521 0.0
117.67287022139521 0.0 150.57029614895694 18.99333771492353
194.94173447627665 25.61786186260888 150.570296148957 51.23572372521777
150.570296148957 51.23572372521777 150.57029614895697 0.0
150.57029614895697 0.0 194.94173447627665 25.61786186260888
219.64111326459445 12.349689394158897 216.0239729865929 21.082238510316238
216.0239729865929 21.082238510316238 207.29142387043555 24.699378788317794
207.29142387043555 24.699378788317794 198.5588747542782 21.082238510316238
198.5588747542782 21.082238510316238 194.94173447627665 12.349689394158899
194.94173447627665 12.349689394158899 198.5588747542782 3.617140278001555
198.5588747542782 3.617140278001555 207.29142387043555 0.0
207.29142387043555 0.0 216.0239729865929 3.6171402780015534
216.0239729865929 3.6171402780015534 219.64111326459445 12.349689394158897
264.2464593162446 22.302673025825086 257.71415762556677 38.073044360972304
257.71415762556677 38.073044360972304 241.94378629041955 44.60534605165017
241.94378629041955 44.60534605165017 226.17341495527234 38.073044360972304
226.17341495527234 38.073044360972304 219.64111326459448 22.30267302582509
219.64111326459448 22.30267302582509 226.17341495527234 6.532301690677873
226.17341495527234 6.532301690677873 241.94378629041955 0.0
241.94378629041955 0.0 257.71415762556677 6.532301690677867
257.71415762556677 6.532301690677867 264.2464593162446 22.302673025825086
50.91158397041055 84.70861689286197 40.827920375468935 105.64756010359577
40.827920375468935 105.64756010359577 18.17013394688677 110.81905200004533
18.17013394688677 110.81905200004533 0.0 96.32885370497434
0.0 96.32885370497434 0.0 73.0883800807496
0.0 73.0883800807496 18.170133946886764 58.5981817856786
18.170133946886764 58.5981817856786 40.82792037546892 63.76967368212817
40.82792037546892 63.76967368212817 50.91158397041055 84.70861689286197
96.07964310660033 81.1822113537735 89.46493399262283 97.15153180789089
89.46493399262283 97.15153180789089 73.49561353850544 103.76624092186839
73.49561353850544 103.76624092186839 57.526293084388044 97.15153180789089
57.526293084388044 97.15153180789089 50.91158397041055 81.1822113537735
50.91158397041055 81.1822113537735 57.52629308438804 65.2128908996561
57.52629308438804 65.2128908996561 73.49561353850544 58.598181785678605
73.49561353850544 58.598181785678605 89.46493399262283 65.2128908996561
89.46493399262283 65.2128908996561 96.07964310660033 81.1822113537735
145.4894226594015 84.57444013953398 126.61656624687103 110.55069849338935
126.61656624687103 110.55069849338935 96.07964310660036 100.62865070276499
96.07964310660036 100.62865070276499 96.07964310660034 68.52022957630297
96.07964310660034 68.52022957630297 126.61656624687103 58.598181785678605
126.61656624687103 58.598181785678605 145.4894226594015 84.57444013953398
163.24568795686474 68.84976633497142 145.48942265940147 79.10135088426425
145.48942265940147 79.10135088426425 145.48942265940147 58.59818178567859
145.48942265940147 58.59818178567859 163.24568795686474 68.84976633497142
217.49204233129387 85.72135897289317 209.547847660483 104.90034148929686
209.547847660483 104.90034148929686 190.3688651440793 112.84453616010774
190.3688651440793 112.84453616010774 171.18988262767562 104.90034148929686
171.18988262767562 104.90034148929686 163.24568795686474 85.72135897289317
163.24568795686474 85.72135897289317 171.18988262767562 66.54237645648948
171.18988262767562 66.54237645648948 190.3688651440793 58.5981817856786
190.3688651440793 58.5981817856786 209.547847660483 66.54237645648948
209.547847660483 66.54237645648948 217.49204233129387 85.72135897289317
52.430274900733714 139.0596736104746 26.215137450366857 165.27481106084144
26.215137450366857 165.27481106084144 0.0 139.0596736104746
0.0 139.0596736104746 26.215137450366853 112.84453616010774
26.215137450366853 112.84453616010774 52.430274900733714 139.0596736104746
76.44067391337339 123.24134391008111 70.43807416021346 133.6381516600545
70.43807416021346 133.6381516600545 58.432874653893634 133.6381516600545
58.432874653893634 133.6381516600545 52.43027490073371 123.24134391008111
52.43027490073371 123.24134391008111 58.43287465389362 112.84453616010774
58.43287465389362 112.84453616010774 70.43807416021346 112.84453616010774
70.43807416021346 112.84453616010774 76.44067391337339 123.24134391008111
113.96380595354984 132.5716140977828 99.63124487855262 152.29869203545786
99.63124487855262 152.29869203545786 76.44067391337339 144.76361876198416
76.44067391337339 144.76361876198416 76.44067391337339 123.24134391008111
76.44067391337339 123.24134391008111 76.44067391337339 120.37960943358144
76.44067391337339 120.37960943358144 99.63124487855262 112.84453616010774
99.63124487855262 112.84453616010774 113.96380595354984 132.5716140977828
145.84318151744213 129.19414271334938 139.5290802121297 142.30550917395595
139.5290802121297 142.30550917395595 125.34142336328686 145.54374926659102
125.34142336328686 145.54374926659102 113.96380595354984 136.4704021534406
113.96380595354984 136.4704021534406 113.96380595354984 132.5716140977828
113.96380595354984 132.5716140977828 113.96380595354982 121.91788327325816
113.96380595354982 121.91788327325816 125.34142336328686 112.84453616010772
125.34142336328686 112.84453616010772 139.5290802121297 116.08277625274282
139.5290802121297 116.08277625274282 145.84318151744213 129.19414271334938
171.13048823515294 127.44416950065869 145.84318151744216 142.04380284120964
145.84318151744216 142.04380284120964 145.84318151744213 112.84453616010774
145.84318151744213 112.84453616010774 171.13048823515294 127.44416950065869
200.76924122804246 125.67849267427492 193.35955297982008 138.5124491884421
193.35955297982008 138.5124491884421 178.54017648337532 138.5124491884421
178.54017648337532 138.5124491884421 171.13048823515294 125.67849267427492
171.13048823515294 125.67849267427492 178.54017648337532 112.84453616010774
178.54017648337532 112.84453616010774 190.3688651440793 112.84453616010774
190.3688651440793 112.84453616010774 193.35955297982008 112.84453616010774
193.35955297982008 112.84453616010774 200.76924122804246 125.67849267427492
225.54143618322402 125.23063363769853 221.91363222447526 133.98892715654057
221.91363222447526 133.98892715654057 213.15533870563323 137.61673111528933
213.15533870563323 137.61673111528933 204.3970451867912 133.98892715654057
204.3970451867912 133.98892715654057 200.76924122804243 125.23063363769853
200.76924122804243 125.23063363769853 204.3970451867912 116.4723401188565
204.3970451867912 116.4723401188565 213.15533870563323 112.84453616010774
213.15533870563323 112.84453616010774 221.91363222447526 116.4723401188565
221.91363222447526 116.4723401188565 225.54143618322402 125.23063363769853
43.95791948676742 187.8190007068187 35.25151442390964 205.8980371070686
35.25151442390964 205.8980371070686 15.688399825965726 210.36319035279598
15.688399825965726 210.36319035279598 3.552713678800501e-15 197.852108977441
3.552713678800501e-15 197.852108977441 0.0 177.78589243619643
0.0 177.78589243619643 15.688399825965721 165.27481106084144
15.688399825965721 165.27481106084144 35.25151442390964 169.73996430656882
35.25151442390964 169.73996430656882 43.95791948676742 187.8190007068187
67.81597801258192 179.04926757306228 43.95791948676743 192.82372408528312
43.95791948676743 192.82372408528312 43.95791948676742 165.27481106084144
43.95791948676742 165.27481106084144 67.81597801258192 179.04926757306228
119.76479350251307 187.76930801623692 106.77758963003029 210.2638049716324
106.77758963003029 210.2638049716324 80.80318188506472 210.2638049716324
80.80318188506472 210.2638049716324 67.81597801258192 187.76930801623692
67.81597801258192 187.76930801623692 80.8031818850647 165.27481106084147
80.8031818850647 165.27481106084147 106.77758963003029 165.27481106084144
106.77758963003029 165.27481106084144 119.76479350251307 187.76930801623692
179.27633408199068 195.03058135058023 170.5610707435554 216.07108830188375
170.5610707435554 216.07108830188375 149.5205637922519 224.78635164031903
149.5205637922519 224.78635164031903 128.48005684094838 216.07108830188375
128.48005684094838 216.07108830188375 119.76479350251309 195.03058135058023
119.76479350251309 195.03058135058023 128.48005684094838 173.99007439927672
128.48005684094838 173.99007439927672 149.5205637922519 165.27481106084144
149.5205637922519 165.27481106084144 170.5610707435554 173.99007439927672
170.5610707435554 173.99007439927672 179.27633408199068 195.03058135058023
199.9999125092874 175.6366002744898 189.63812329563905 185.99838948813817
189.63812329563905 185.99838948813817 179.27633408199068 175.6366002744898
179.27633408199068 175.6366002744898 189.63812329563905 165.27481106084144
189.63812329563905 165.27481106084144 199.9999125092874 175.6366002744898
244.02470032419774 187.28720496829663 222.01230641674255 209.29959887575183
222.01230641674255 209.29959887575183 199.99991250928736 187.28720496829663
199.99991250928736 187.28720496829663 222.01230641674255 165.27481106084144
222.01230641674255 165.27481106084144 244.02470032419774 187.28720496829663
47.124822141829256 245.19199820214283 35.343616606371945 265.59764476396657
35.343616606371945 265.59764476396657 11.781205535457318 265.59764476396657
11.781205535457318 265.59764476396657 0.0 245.19199820214283
0.0 245.19199820214283 11.781205535457303 224.78635164031905
11.781205535457303 224.78635164031905 35.343616606371945 224.78635164031905
35.343616606371945 224.78635164031905 47.124822141829256 245.19199820214283
86.22110425203543 241.71553839079988 76.44703372448389 258.6447251412807
76.44703372448389 258.6447251412807 56.8988926693808 258.6447251412807
56.8988926693808 258.6447251412807 47.124822141829256 241.71553839079988
47.124822141829256 241.71553839079988 56.89889266938079 224.78635164031908
56.89889266938079 224.78635164031908 76.44703372448389 224.78635164031905
76.44703372448389 224.78635164031905 86.22110425203543 241.71553839079988
117.45770698455706 241.20840553371121 105.52638643381164 257.6304594271034
105.52638643381164 257.6304594271034 86.22110425203543 251.35779300491012
86.22110425203543 251.35779300491012 86.22110425203543 241.71553839079988
86.22110425203543 241.71553839079988 86.22110425203543 231.0590180625123
86.22110425203543 231.0590180625123 105.52638643381164 224.78635164031905
105.52638643381164 224.78635164031905 117.45770698455706 241.20840553371121
146.26687721303225 239.93222874376474 135.2627533734363 255.07810584721042
135.2627533734363 255.07810584721042 117.45770698455706 249.292895583123
117.45770698455706 249.292895583123 117.45770698455706 241.20840553371121
117.45770698455706 241.20840553371121 117.45770698455706 230.5715619044065
117.45770698455706 230.5715619044065 135.26275337343628 224.78635164031905
135.26275337343628 224.78635164031905 146.26687721303225 239.93222874376474
194.19583394774318 248.75083000767452 194.19583394774315 248.75083000767458
194.19583394774315 248.75083000767458 187.17680074154308 265.6962751688299
187.17680074154308 265.6962751688299 170.2313555803877 272.71530837502996
170.2313555803877 272.71530837502996 153.28591041923235 265.6962751688299
153.28591041923235 265.6962751688299 146.26687721303225 248.75083000767452
146.26687721303225 248.75083000767452 153.28591041923235 231.80538484651916
153.28591041923235 231.80538484651916 170.2313555803877 224.78635164031905
170.2313555803877 224.78635164031905 187.17680074154308 231.80538484651916
187.17680074154308 231.80538484651916 194.19583394774315 248.75083000767447
194.19583394774315 248.75083000767447 194.19583394774318 248.75083000767452
235.10213021551098 248.4036128020654 194.19583394774315 272.0208739638117
194.19583394774315 272.0208739638117 194.19583394774315 248.75083000767458
194.19583394774315 248.75083000767458 194.19583394774315 248.75083000767447
194.19583394774315 248.75083000767447 194.19583394774315 224.78635164031905
194.19583394774315 224.78635164031905 235.10213021551098 248.4036128020654
55.6684996720885 300.5495582110742 47.516036644351686 320.23134501938165
47.516036644351686 320.23134501938165 27.83424983604425 328.38380804711846
27.83424983604425 328.38380804711846 8.152463027736815 320.23134501938165
8.152463027736815 320.23134501938165 0.0 300.5495582110742
0.0 300.5495582110742 8.152463027736808 280.8677714027668
8.152463027736808 280.8677714027668 27.834249836044247 272.71530837502996
27.834249836044247 272.71530837502996 47.516036644351686 280.8677714027668
47.516036644351686 280.8677714027668 55.6684996720885 300.5495582110742
112.40985462650181 301.0859858522366 84.03917714929516 329.45666332944324
84.03917714929516 329.45666332944324 55.6684996720885 301.0859858522366
55.6684996720885 301.0859858522366 84.03917714929516 272.71530837502996
84.03917714929516 272.71530837502996 112.40985462650181 301.0859858522366
135.60698502161415 284.31387357258615 124.00841982405798 295.91243877014233
124.00841982405798 295.91243877014233 112.40985462650181 284.31387357258615
112.40985462650181 284.31387357258615 124.00841982405798 272.71530837502996
124.00841982405798 272.71530837502996 135.60698502161415 284.31387357258615
159.28524868371431 286.38596027428645 135.60698502161415 300.05661217354293
135.60698502161415 300.05661217354293 135.60698502161415 284.31387357258615
135.60698502161415 284.31387357258615 135.60698502161415 272.71530837502996
135.60698502161415 272.71530837502996 159.28524868371431 286.38596027428645
182.22239833442939 284.1838832003875 178.86333053862748 292.29339022994316
178.86333053862748 292.29339022994316 170.75382350907185 295.6524580257451
170.75382350907185 295.6524580257451 162.64431647951622 292.29339022994316
162.64431647951622 292.29339022994316 159.28524868371431 284.1838832003875
159.28524868371431 284.1838832003875 162.64431647951622 276.0743761708319
162.64431647951622 276.0743761708319 170.75382350907185 272.71530837502996
170.75382350907185 272.71530837502996 178.86333053862748 276.0743761708319
178.86333053862748 276.0743761708319 182.22239833442939 284.1838832003875
222.99038422553983 293.62351368011474 214.91578463327008 310.39059250221715
214.91578463327008 310.39059250221715 196.7723240412546 314.5317189851995
196.7723240412546 314.5317189851995 182.22239833442939 302.9285404237904
182.22239833442939 302.9285404237904 182.22239833442939 284.31848693643906
182.22239833442939 284.31848693643906 196.7723240412546 272.71530837502996
196.7723240412546 272.71530837502996 214.91578463327008 276.85643485801234
214.91578463327008 276.85643485801234 222.99038422553983 293.62351368011474
