124
33.31720543229159 19.235697524979596 1.4210854715202004e-14 38.4713950499592
1.4210854715202004e-14 38.4713950499592 0.0 0.0
0.0 0.0 33.31720543229159 19.235697524979596
66.41862721333507 17.40244728567251 53.775009168922544 34.80489457134502
53.775009168922544 34.80489457134502 33.31720543229159 28.15775119564647
33.31720543229159 28.15775119564647 33.31720543229159 19.235697524979596
33.31720543229159 19.235697524979596 33.31720543229159 6.647143375698551
33.31720543229159 6.647143375698551 53.775009168922544 0.0
53.775009168922544 0.0 66.41862721333507 17.40244728567251
90.75506670544648 14.050649891887554 66.41862721333509 28.10129978377511
66.41862721333509 28.10129978377511 66.41862721333507 0.0
66.41862721333507 0.0 90.75506670544648 14.050649891887554
138.481498147153 23.863215720853248 114.61828242629973 47.726431441706495
114.61828242629973 47.726431441706495 90.75506670544648 23.86321572085325
90.75506670544648 23.86321572085325 114.61828242629973 0.0
114.61828242629973 0.0 138.481498147153 23.863215720853248
175.18266907882173 19.294947409980633 161.16406920984392 38.58989481996126
161.16406920984392 38.58989481996126 138.481498147153 31.219880720490416
138.481498147153 31.219880720490416 138.481498147153 23.863215720853248
138.481498147153 23.863215720853248 138.481498147153 7.370014099470854
138.481498147153 7.370014099470854 161.16406920984392 0.0
161.16406920984392 0.0 175.18266907882173 19.294947409980633
34.49490417581371 65.86147577649999 21.319023219323554 83.99652011129348
21.319023219323554 83.99652011129348 1.7763568394002505e-15 77.0695495628886
1.7763568394002505e-15 77.0695495628886 0.0 54.653401990111384
0.0 54.653401990111384 21.319023219323547 47.726431441706495
21.319023219323547 47.726431441706495 34.49490417581371 65.86147577649999
82.34967976753657 71.65381923756793 58.422291971675136 95.58120703342937
58.422291971675136 95.58120703342937 34.4949041758137 71.65381923756793
34.4949041758137 71.65381923756793 58.42229197167513 47.726431441706495
58.42229197167513 47.726431441706495 82.34967976753657 71.65381923756793
123.09209643067547 71.24907666960561 82.34967976753659 94.77172189750475
82.34967976753659 94.77172189750475 82.34967976753657 47.726431441706495
82.34967976753657 47.726431441706495 123.09209643067547 71.24907666960561
159.90454474272434 66.13265559773093 141.4983205866999 84.53887975375537
141.4983205866999 84.53887975375537 123.09209643067545 66.13265559773093
123.09209643067545 66.13265559773093 141.4983205866999 47.726431441706495
141.4983205866999 47.726431441706495 159.90454474272434 66.13265559773093
191.50701320510905 64.34083233214587 179.43594438087473 80.95523322258524
179.43594438087473 80.95523322258524 159.90454474272434 74.60909678515392
159.90454474272434 74.60909678515392 159.90454474272434 66.13265559773093
159.90454474272434 66.13265559773093 159.90454474272434 54.07256787913782
159.90454474272434 54.07256787913782 179.43594438087473 47.726431441706495
179.43594438087473 47.726431441706495 191.50701320510905 64.34083233214587
24.57528496582723 109.76975442386147 1.0658141036401503e-14 123.95830181429358
1.0658141036401503e-14 123.95830181429358 0.0 95.58120703342937
0.0 95.58120703342937 24.57528496582723 109.76975442386147
78.32998828635596 122.45855869369373 70.45779424540004 141.46371631300218
70.45779424540004 141.46371631300218 51.45263662609159 149.3359103539581
51.45263662609159 149.3359103539581 32.44747900678315 141.46371631300218
32.44747900678315 141.46371631300218 24.575284965827226 122.45855869369373
24.575284965827226 122.45855869369373 32.44747900678314 103.45340107438528
32.44747900678314 103.45340107438528 51.45263662609158 95.58120703342937
51.45263662609158 95.58120703342937 70.45779424540002 103.45340107438528
70.45779424540002 103.45340107438528 78.32998828635596 122.45855869369373
121.73976057756428 118.40307489692466 105.1587030062161 141.22494276041996
105.1587030062161 141.22494276041996 78.32998828635596 132.50776492332372
78.32998828635596 132.50776492332372 78.32998828635596 122.45855869369373
78.32998828635596 122.45855869369373 78.32998828635596 104.29838487052562
78.32998828635596 104.29838487052562 105.1587030062161 95.58120703342937
105.1587030062161 95.58120703342937 121.73976057756428 118.40307489692466
168.92506378947414 120.38798896670527 150.90188173199417 145.19477089998117
150.90188173199417 145.19477089998117 121.73976057756428 135.7194233529766
121.73976057756428 135.7194233529766 121.73976057756428 118.40307489692466
121.73976057756428 118.40307489692466 121.73976057756428 105.05655458043394
121.73976057756428 105.05655458043394 150.90188173199414 95.58120703342937
150.90188173199414 95.58120703342937 168.92506378947414 120.38798896670527
48.95777535701374 174.44431823995734 39.2610875198455 194.57969800971992
39.2610875198455 194.57969800971992 17.472827726113245 199.55272612595658
17.472827726113245 199.55272612595658 3.552713678800501e-15 185.61861098585462
3.552713678800501e-15 185.61861098585462 0.0 163.27002549406006
0.0 163.27002549406006 17.472827726113238 149.3359103539581
17.472827726113238 149.3359103539581 39.2610875198455 154.30893847019476
39.2610875198455 154.30893847019476 48.95777535701374 174.44431823995734
104.09386153765408 176.90395344427827 96.01936866054224 196.3975036574866
96.01936866054224 196.3975036574866 76.5258184473339 204.47199653459845
76.5258184473339 204.47199653459845 57.03226823412557 196.39750365748662
57.03226823412557 196.39750365748662 48.95777535701373 176.90395344427827
48.95777535701373 176.90395344427827 57.03226823412557 157.41040323106995
57.03226823412557 157.41040323106995 76.5258184473339 149.3359103539581
76.5258184473339 149.3359103539581 96.01936866054224 157.41040323106992
96.01936866054224 157.41040323106992 104.09386153765408 176.90395344427827
147.92453905804456 174.6415638191192 104.0938615376541 199.9472172842803
104.0938615376541 199.9472172842803 104.09386153765408 149.3359103539581
104.09386153765408 149.3359103539581 147.92453905804456 174.6415638191192
183.31000923074913 169.76572108357055 147.92453905804456 190.195531813183
147.92453905804456 190.195531813183 147.92453905804456 174.6415638191192
147.92453905804456 174.6415638191192 147.92453905804456 149.3359103539581
147.92453905804456 149.3359103539581 183.31000923074913 169.76572108357055
16.99233791937006 19.235697524979596 8.162433756460777 24.333645070353867
8.162433756460777 24.333645070353867 8.162433756460773 14.137749979605328
8.162433756460773 14.137749979605328 16.99233791937006 19.235697524979596
55.02732232103521 17.40244728567251 50.254902369095404 23.97111982441836
50.254902369095404 23.97111982441836 42.53296467826867 21.462110175585504
42.53296467826867 21.462110175585504 42.53296467826867 13.342784395759514
42.53296467826867 13.342784395759514 50.254902369095404 10.83377474692666
50.254902369095404 10.83377474692666 55.02732232103521 17.40244728567251
82.29670010798793 14.050649891887554 78.41373690934674 20.776139435854265
78.41373690934674 20.776139435854265 70.64781051206435 20.776139435854265
70.64781051206435 20.776139435854265 66.76484731342316 14.050649891887556
66.76484731342316 14.050649891887556 70.64781051206435 7.3251603479208445
70.64781051206435 7.3251603479208445 78.41373690934674 7.325160347920843
78.41373690934674 7.325160347920843 82.29670010798793 14.050649891887554
65.25928283141172 71.65381923756793 55.00379654180684 77.57482700754183
55.00379654180684 77.57482700754183 55.00379654180684 65.73281146759403
55.00379654180684 65.73281146759403 65.25928283141172 71.65381923756793
180.3340064186485 64.34083233214587 177.18580235455497 69.7936817237507
177.18580235455497 69.7936817237507 170.8893942263679 69.7936817237507
170.8893942263679 69.7936817237507 167.74119016227436 64.34083233214587
167.74119016227436 64.34083233214587 170.8893942263679 58.88798294054104
170.8893942263679 58.88798294054104 177.18580235455497 58.887982940541036
177.18580235455497 58.887982940541036 180.3340064186485 64.34083233214587
57.36027034552737 122.45855869369373 51.45263662609159 128.3661924131295
51.45263662609159 128.3661924131295 45.54500290665581 122.45855869369373
45.54500290665581 122.45855869369373 51.45263662609159 116.55092497425795
51.45263662609159 116.55092497425795 57.36027034552737 122.45855869369373
82.95430631843843 176.90395344427827 73.31157451178164 182.47118724857492
73.31157451178164 182.47118724857492 73.31157451178164 171.33671963998162
73.31157451178164 171.33671963998162 82.95430631843843 176.90395344427827
165.18003494475892 169.76572108357055 161.40703337853665 174.95881222522831
161.40703337853665 174.95881222522831 155.30218860478243 172.97522791579104
155.30218860478243 172.97522791579104 155.30218860478243 166.55621425135007
155.30218860478243 166.55621425135007 161.40703337853665 164.5726299419128
161.40703337853665 164.5726299419128 165.18003494475892 169.76572108357055
