104
52.46601948734342 26.23300974367171 44.78254882435475 44.78254882435475
44.78254882435475 44.78254882435475 26.23300974367171 52.46601948734342
26.23300974367171 52.46601948734342 7.683470662988672 44.78254882435475
7.683470662988672 44.78254882435475 0.0 26.233009743671712
0.0 26.233009743671712 7.683470662988665 7.683470662988672
7.683470662988665 7.683470662988672 26.233009743671705 0.0
26.233009743671705 0.0 44.78254882435475 7.683470662988665
44.78254882435475 7.683470662988665 52.46601948734342 26.23300974367171
125.02478280883668 28.77938166074663 116.59549707875976 49.12947759141633
116.59549707875976 49.12947759141633 96.24540114809005 57.55876332149326
96.24540114809005 57.55876332149326 75.89530521742034 49.12947759141633
75.89530521742034 49.12947759141633 67.46601948734343 28.779381660746633
67.46601948734343 28.779381660746633 75.89530521742034 8.429285730076927
75.89530521742034 8.429285730076927 96.24540114809005 0.0
96.24540114809005 0.0 116.59549707875975 8.42928573007692
116.59549707875975 8.42928573007692 125.02478280883668 28.77938166074663
43.340985493187375 88.32596055256981 32.505739119890535 107.09315778364636
32.505739119890535 107.09315778364636 10.835246373296847 107.09315778364636
10.835246373296847 107.09315778364636 0.0 88.32596055256981
0.0 88.32596055256981 10.835246373296835 69.55876332149327
10.835246373296835 69.55876332149327 32.505739119890535 69.55876332149326
32.505739119890535 69.55876332149326 43.340985493187375 88.32596055256981
98.57803322722448 92.81555562357579 81.68098455477383 116.0723479256583
81.68098455477383 116.0723479256583 54.34098549318738 107.18904373555971
54.34098549318738 107.18904373555971 54.340985493187375 78.44206751159189
54.340985493187375 78.44206751159189 81.68098455477381 69.55876332149327
81.68098455477381 69.55876332149327 98.57803322722448 92.81555562357579
143.7581186180849 88.13794428445165 111.57803322722448 106.71712524741005
111.57803322722448 106.71712524741005 111.57803322722447 69.55876332149326
111.57803322722447 69.55876332149326 143.7581186180849 88.13794428445165
23.198076712629575 137.6713862819731 19.80079703330784 145.87314495896615
19.80079703330784 145.87314495896615 11.599038356314788 149.2704246382879
11.599038356314788 149.2704246382879 3.397279679321736 145.87314495896615
3.397279679321736 145.87314495896615 0.0 137.6713862819731
0.0 137.6713862819731 3.397279679321734 129.46962760498005
3.397279679321734 129.46962760498005 11.599038356314786 126.0723479256583
11.599038356314786 126.0723479256583 19.800797033307838 129.46962760498005
19.800797033307838 129.46962760498005 23.198076712629575 137.6713862819731
95.49431213235381 154.7204656355204 87.10347272336563 174.97774393639435
87.10347272336563 174.97774393639435 66.84619442249169 183.36858334538252
66.84619442249169 183.36858334538252 46.588916121617764 174.97774393639435
46.588916121617764 174.97774393639435 38.19807671262957 154.7204656355204
38.19807671262957 154.7204656355204 46.58891612161776 134.46318733464648
46.58891612161776 134.46318733464648 66.84619442249169 126.07234792565829
66.84619442249169 126.07234792565829 87.10347272336561 134.46318733464648
87.10347272336561 134.46318733464648 95.49431213235381 154.7204656355204
150.51746345004474 147.58392358450376 144.21686881357638 162.79490460688086
144.21686881357638 162.79490460688086 129.00588779119929 169.09549924334922
129.00588779119929 169.09549924334922 113.79490676882219 162.79490460688086
113.79490676882219 162.79490460688086 107.49431213235383 147.58392358450376
107.49431213235383 147.58392358450376 113.79490676882217 132.37294256212667
113.79490676882217 132.37294256212667 129.00588779119929 126.0723479256583
129.00588779119929 126.0723479256583 144.21686881357638 132.37294256212667
144.21686881357638 132.37294256212667 150.51746345004474 147.58392358450376
37.389089156515546 206.55853386233443 28.04181686738666 222.7484843792863
28.04181686738666 222.7484843792863 9.34727228912889 222.7484843792863
9.34727228912889 222.7484843792863 0.0 206.55853386233443
0.0 206.55853386233443 9.347272289128878 190.36858334538255
9.347272289128878 190.36858334538255 28.04181686738666 190.36858334538255
28.04181686738666 190.36858334538255 37.389089156515546 206.55853386233443
102.85826559804917 219.10317156614937 94.44209956278968 239.42159375165667
94.44209956278968 239.42159375165667 74.12367737728236 247.8377597869162
74.12367737728236 247.8377597869162 53.80525519177506 239.42159375165667
53.80525519177506 239.42159375165667 45.389089156515546 219.10317156614937
45.389089156515546 219.10317156614937 53.805255191775046 198.78474938064207
53.805255191775046 198.78474938064207 74.12367737728236 190.36858334538255
74.12367737728236 190.36858334538255 94.44209956278966 198.78474938064207
94.44209956278966 198.78474938064207 102.85826559804917 219.10317156614937
151.0428949730112 208.46089803286355 145.74377868840895 221.25409643574233
145.74377868840895 221.25409643574233 132.95058028553018 226.55321272034456
132.95058028553018 226.55321272034456 120.15738188265139 221.25409643574233
120.15738188265139 221.25409643574233 114.85826559804919 208.46089803286355
114.85826559804919 208.46089803286355 120.15738188265139 195.66769962998478
120.15738188265139 195.66769962998478 132.95058028553018 190.36858334538255
132.95058028553018 190.36858334538255 145.74377868840895 195.66769962998478
145.74377868840895 195.66769962998478 151.0428949730112 208.46089803286355
37.187407711177386 272.43146364250487 18.593703855588693 291.02516749809354
18.593703855588693 291.02516749809354 0.0 272.43146364250487
0.0 272.43146364250487 18.59370385558869 253.83775978691617
18.59370385558869 253.83775978691617 37.187407711177386 272.43146364250487
105.59439601098093 277.8296894943247 91.74264893603005 301.82161920173326
91.74264893603005 301.82161920173326 64.03915478612828 301.82161920173326
64.03915478612828 301.82161920173326 50.187407711177386 277.8296894943247
50.187407711177386 277.8296894943247 64.03915478612826 253.83775978691622
64.03915478612826 253.83775978691622 91.74264893603005 253.83775978691622
91.74264893603005 253.83775978691622 105.59439601098093 277.8296894943247
142.5405949229361 268.17020353109694 137.0055074907859 279.6639310158555
137.0055074907859 279.6639310158555 124.56827892595149 282.5026472752777
124.56827892595149 282.5026472752777 114.59439601098094 274.5487410667598
114.59439601098094 274.5487410667598 114.59439601098093 261.7916659954341
114.59439601098093 261.7916659954341 124.56827892595149 253.8377597869162
124.56827892595149 253.8377597869162 137.0055074907859 256.6764760463384
137.0055074907859 256.6764760463384 142.5405949229361 268.17020353109694
43.904229916392254 329.9034388224122 27.13430633822037 352.98525844309125
27.13430633822037 352.98525844309125 3.552713678800501e-15 344.16878787018607
3.552713678800501e-15 344.16878787018607 0.0 315.6380897746384
0.0 315.6380897746384 27.134306338220362 306.8216192017332
27.134306338220362 306.8216192017332 43.904229916392254 329.9034388224122
89.45795606118328 320.0517707125641 81.81952452498552 333.28192222339504
81.81952452498552 333.28192222339504 66.54266145259001 333.28192222339504
66.54266145259001 333.28192222339504 58.904229916392254 320.0517707125641
58.904229916392254 320.0517707125641 66.54266145259001 306.8216192017332
66.54266145259001 306.8216192017332 81.81952452498552 306.8216192017332
81.81952452498552 306.8216192017332 89.45795606118328 320.0517707125641
