240
58.46927659498461 25.317939436077786 43.851957446238465 50.63587887215557
43.851957446238465 50.63587887215557 14.617319148746159 50.63587887215557
14.617319148746159 50.63587887215557 0.0 25.31793943607779
0.0 25.31793943607779 14.617319148746141 7.105427357601002e-15
14.617319148746141 7.105427357601002e-15 43.851957446238465 0.0
43.851957446238465 0.0 58.46927659498461 25.317939436077786
99.8043688744994 14.16754613975739 95.65479068293776 24.18551408795313
95.65479068293776 24.18551408795313 85.63682273474201 28.33509227951478
85.63682273474201 28.33509227951478 75.61885478654627 24.185514087953134
75.61885478654627 24.185514087953134 71.46927659498462 14.167546139757391
71.46927659498462 14.167546139757391 75.61885478654627 4.1495781915616465
75.61885478654627 4.1495781915616465 85.63682273474201 0.0
85.63682273474201 0.0 95.65479068293776 4.149578191561643
95.65479068293776 4.149578191561643 99.8043688744994 14.16754613975739
129.90552358148452 11.028056811910531 110.8043688744994 22.056113623821066
110.8043688744994 22.056113623821066 110.8043688744994 0.0
110.8043688744994 0.0 129.90552358148452 11.028056811910531
163.84832545022363 14.400733373260021 138.90552358148452 28.80146674652005
138.90552358148452 28.80146674652005 138.90552358148452 0.0
138.90552358148452 0.0 163.84832545022363 14.400733373260021
230.28832641034694 27.043608912174925 210.63999442490706 54.08721782434985
210.63999442490706 54.08721782434985 178.84832545022363 43.7574783983586
178.84832545022363 43.7574783983586 178.84832545022363 10.329739425991256
178.84832545022363 10.329739425991256 210.63999442490706 0.0
210.63999442490706 0.0 230.28832641034694 27.043608912174925
32.17199106291919 78.17321335580945 27.46051205389118 89.54772987824103
27.46051205389118 89.54772987824103 16.085995531459595 94.25920888726904
16.085995531459595 94.25920888726904 4.7114790090280145 89.54772987824103
4.7114790090280145 89.54772987824103 0.0 78.17321335580945
0.0 78.17321335580945 4.711479009028011 66.79869683337787
4.711479009028011 66.79869683337787 16.08599553145959 62.08721782434986
16.08599553145959 62.08721782434986 27.460512053891172 66.79869683337787
27.460512053891172 66.79869683337787 32.17199106291919 78.17321335580945
100.00918181663111 92.00581320120581 70.09058643977515 121.92440857806177
70.09058643977515 121.92440857806177 40.17199106291919 92.00581320120581
40.17199106291919 92.00581320120581 70.09058643977515 62.08721782434985
70.09058643977515 62.08721782434985 100.00918181663111 92.00581320120581
134.0747476337042 76.6200007328864 119.54196472516766 91.15278364142294
119.54196472516766 91.15278364142294 105.00918181663111 76.6200007328864
105.00918181663111 76.6200007328864 119.54196472516766 62.08721782434985
119.54196472516766 62.08721782434985 134.0747476337042 76.6200007328864
162.43816142476223 73.31862911538403 154.2780634723063 84.5500404064182
154.2780634723063 84.5500404064182 141.0747476337042 80.26002303487249
141.0747476337042 80.26002303487249 141.0747476337042 66.37723519589557
141.0747476337042 66.37723519589557 154.2780634723063 62.08721782434985
154.2780634723063 62.08721782434985 162.43816142476223 73.31862911538403
208.35209293430844 79.54418357912296 203.23906604367673 91.88812244326435
203.23906604367673 91.88812244326435 190.89512717953534 97.00114933389607
190.89512717953534 97.00114933389607 178.55118831539394 91.88812244326436
178.55118831539394 91.88812244326436 173.43816142476223 79.54418357912296
173.43816142476223 79.54418357912296 178.55118831539394 67.20024471498157
178.55118831539394 67.20024471498157 190.89512717953534 62.08721782434985
190.89512717953534 62.08721782434985 203.23906604367673 67.20024471498155
203.23906604367673 67.20024471498155 208.35209293430844 79.54418357912296
255.55296487350154 78.60170650440502 249.1751872681665 91.84529816446309
249.1751872681665 91.84529816446309 234.84445107193267 95.11619518446018
234.84445107193267 95.11619518446018 223.35209293430847 85.95134539419873
223.35209293430847 85.95134539419873 223.35209293430844 71.2520676146113
223.35209293430844 71.2520676146113 234.84445107193267 62.08721782434985
234.84445107193267 62.08721782434985 249.1751872681665 65.35811484434694
249.1751872681665 65.35811484434694 255.55296487350154 78.60170650440502
30.1715795807672 142.01019836844537 25.75305405071863 152.6774626287804
25.75305405071863 152.6774626287804 15.085789790383602 157.09598815882896
15.085789790383602 157.09598815882896 4.418525530048573 152.6774626287804
4.418525530048573 152.6774626287804 0.0 142.01019836844537
0.0 142.01019836844537 4.418525530048569 131.34293410811034
4.418525530048569 131.34293410811034 15.085789790383597 126.92440857806177
15.085789790383597 126.92440857806177 25.753054050718625 131.34293410811034
25.753054050718625 131.34293410811034 30.1715795807672 142.01019836844537
87.494697502376 148.58596753886619 65.8331385415716 170.24752649967058
65.8331385415716 170.24752649967058 44.171579580767194 148.58596753886619
44.171579580767194 148.58596753886619 65.8331385415716 126.92440857806179
65.8331385415716 126.92440857806179 87.494697502376 148.58596753886619
123.45333716784084 135.99976576759013 118.21367725147464 145.07512295711848
118.21367725147464 145.07512295711848 107.73435741874222 145.0751229571185
107.73435741874222 145.0751229571185 102.49469750237601 135.99976576759013
102.49469750237601 135.99976576759013 107.73435741874222 126.92440857806177
107.73435741874222 126.92440857806177 118.21367725147464 126.92440857806177
118.21367725147464 126.92440857806177 123.45333716784084 135.99976576759013
193.86861792935215 151.35294172861194 179.76479773897432 175.7814748791621
179.76479773897432 175.7814748791621 151.55715735821866 175.7814748791621
151.55715735821866 175.7814748791621 137.45333716784083 151.35294172861194
137.45333716784083 151.35294172861194 151.55715735821866 126.92440857806179
151.55715735821866 126.92440857806179 179.76479773897432 126.92440857806179
179.76479773897432 126.92440857806179 193.86861792935215 151.35294172861194
233.51031210794707 141.9822383115506 222.5701584271038 157.04006804503942
222.5701584271038 157.04006804503942 204.86861792935213 151.28848888365545
204.86861792935213 151.28848888365545 204.86861792935213 132.67598773944573
204.86861792935213 132.67598773944573 222.5701584271038 126.92440857806176
222.5701584271038 126.92440857806176 233.51031210794707 141.9822383115506
53.862361452264395 205.10456154190243 40.396771089198296 228.42764820464276
40.396771089198296 228.42764820464276 13.465590363066104 228.42764820464276
13.465590363066104 228.42764820464276 0.0 205.10456154190243
0.0 205.10456154190243 13.465590363066086 181.78147487916212
13.465590363066086 181.78147487916212 40.396771089198296 181.7814748791621
40.396771089198296 181.7814748791621 53.862361452264395 205.10456154190243
97.04668624988761 196.8736372779737 92.62629422604432 207.545407652942
92.62629422604432 207.545407652942 81.954523851076 211.9657996767853
81.954523851076 211.9657996767853 71.28275347610769 207.54540765294203
71.28275347610769 207.54540765294203 66.8623614522644 196.8736372779737
66.8623614522644 196.8736372779737 71.28275347610769 186.2018669030054
71.28275347610769 186.2018669030054 81.954523851076 181.7814748791621
81.954523851076 181.7814748791621 92.62629422604432 186.20186690300537
92.62629422604432 186.20186690300537 97.04668624988761 196.8736372779737
154.13290357054785 206.3245835394922 129.58979491021773 230.86769219982233
129.58979491021773 230.86769219982233 105.0466862498876 206.3245835394922
105.0466862498876 206.3245835394922 129.58979491021773 181.7814748791621
129.58979491021773 181.7814748791621 154.13290357054785 206.3245835394922
210.105444715615 205.4249389501817 192.92746255865245 229.06840302120133
192.92746255865245 229.06840302120133 165.13290357054788 220.0374033578588
165.13290357054788 220.0374033578588 165.13290357054788 190.81247454250462
165.13290357054788 190.81247454250462 192.92746255865245 181.7814748791621
192.92746255865245 181.7814748791621 210.105444715615 205.4249389501817
253.6780361271523 198.48660302481238 247.22663492147936 211.88307566626486
247.22663492147936 211.88307566626486 232.73046799693392 215.19173117046267
232.73046799693392 215.19173117046267 221.105444715615 205.92108445847242
221.105444715615 205.92108445847242 221.105444715615 191.05212159115234
221.105444715615 191.05212159115234 232.73046799693392 181.7814748791621
232.73046799693392 181.7814748791621 247.22663492147933 185.0901303833599
247.22663492147933 185.0901303833599 253.6780361271523 198.48660302481238
41.6183079331433 264.74773151403036 25.721528856941944 286.62777082823834
25.721528856941944 286.62777082823834 0.0 278.27033948539486
0.0 278.27033948539486 0.0 251.2251235426659
0.0 251.2251235426659 25.72152885694194 242.8676921998224
25.72152885694194 242.8676921998224 41.6183079331433 264.74773151403036
87.10055465027884 262.6088155583901 81.3185134867945 276.5678977534735
81.3185134867945 276.5678977534735 67.35943129171108 282.3499389169579
67.35943129171108 282.3499389169579 53.40034909662766 276.5678977534735
53.40034909662766 276.5678977534735 47.618307933143306 262.6088155583901
47.618307933143306 262.6088155583901 53.40034909662765 248.6497333633067
53.40034909662765 248.6497333633067 67.35943129171108 242.86769219982236
67.35943129171108 242.86769219982236 81.3185134867945 248.6497333633067
81.3185134867945 248.6497333633067 87.10055465027884 262.6088155583901
158.37620512868617 271.505517439026 149.98838031455867 291.75551786410216
149.98838031455867 291.75551786410216 129.7383798894825 300.14334267822966
129.7383798894825 300.14334267822966 109.48837946440634 291.75551786410216
109.48837946440634 291.75551786410216 101.10055465027884 271.505517439026
101.10055465027884 271.505517439026 109.48837946440634 251.25551701394983
109.48837946440634 251.25551701394983 129.7383798894825 242.86769219982233
129.7383798894825 242.86769219982233 149.98838031455867 251.25551701394983
149.98838031455867 251.25551701394983 158.37620512868617 271.505517439026
192.75449404373316 254.85744478713312 188.1241372082103 264.4724798298613
188.1241372082103 264.4724798298613 177.71981984085667 266.8471973744439
177.71981984085667 266.8471973744439 169.37620512868614 260.1933866744002
169.37620512868614 260.1933866744002 169.37620512868614 249.52150289986605
169.37620512868614 249.52150289986605 177.71981984085667 242.86769219982236
177.71981984085667 242.86769219982236 188.1241372082103 245.2424097444049
188.1241372082103 245.2424097444049 192.75449404373316 254.85744478713312
232.0130975576305 259.1828045454939 203.75449404373313 275.49791689116546
203.75449404373313 275.49791689116546 203.75449404373313 242.8676921998224
203.75449404373313 242.8676921998224 232.0130975576305 259.1828045454939
261.5782404735924 252.62796543168164 254.48698688569428 262.38823866354096
254.48698688569428 262.38823866354096 243.01309755763052 258.6601460284565
243.01309755763052 258.6601460284565 243.01309755763052 246.59578483490682
243.01309755763052 246.59578483490682 254.48698688569428 242.86769219982236
254.48698688569428 242.86769219982236 261.5782404735924 252.62796543168164
55.90239380764509 334.0945395820522 27.951196903822545 362.0457364858748
27.951196903822545 362.0457364858748 0.0 334.0945395820522
0.0 334.0945395820522 27.95119690382254 306.14334267822966
27.95119690382254 306.14334267822966 55.90239380764509 334.0945395820522
91.31100234803203 323.699761004704 60.9023938076451 341.2561793311783
60.9023938076451 341.2561793311783 60.90239380764508 306.14334267822966
60.90239380764508 306.14334267822966 91.31100234803203 323.699761004704
125.44568709650522 321.80956022213627 98.31100234803205 337.4757777660429
98.31100234803205 337.4757777660429 98.31100234803205 306.14334267822966
98.31100234803205 306.14334267822966 125.44568709650522 321.80956022213627
157.18536812530834 317.2927213949345 152.87955767786298 326.23382891863946
152.87955767786298 326.23382891863946 143.20448942497973 328.4421001116394
143.20448942497973 328.4421001116394 135.44568709650525 322.25466172508214
135.44568709650525 322.25466172508214 135.44568709650525 312.3307810647869
135.44568709650525 312.3307810647869 143.20448942497973 306.14334267822966
143.20448942497973 306.14334267822966 152.87955767786298 308.3516138712296
152.87955767786298 308.3516138712296 157.18536812530834 317.2927213949345
218.52091634659757 332.60630642373434 199.29444776842442 359.069270169239
199.29444776842442 359.069270169239 168.18536812530834 348.96131746151246
168.18536812530834 348.96131746151246 168.18536812530834 316.2512953859562
168.18536812530834 316.2512953859562 199.2944477684244 306.14334267822966
199.2944477684244 306.14334267822966 218.52091634659757 332.60630642373434
248.35871376209303 318.75140089457443 226.5209163465976 331.35945911091926
226.5209163465976 331.35945911091926 226.5209163465976 306.14334267822966
226.5209163465976 306.14334267822966 248.35871376209303 318.75140089457443
48.40123134190004 394.4917696671873 29.91360606664091 419.9378028484999
29.91360606664091 419.9378028484999 3.552713678800501e-15 410.2182830520961
3.552713678800501e-15 410.2182830520961 0.0 378.76525628227853
0.0 378.76525628227853 29.913606066640902 369.0457364858747
29.913606066640902 369.0457364858747 48.40123134190004 394.4917696671873
92.58174001109879 388.6359908204741 86.8438873616638 402.48839250563844
86.8438873616638 402.48839250563844 72.99148567649942 408.22624515507346
72.99148567649942 408.22624515507346 59.13908399133505 402.48839250563844
59.13908399133505 402.48839250563844 53.40123134190005 388.6359908204741
53.40123134190005 388.6359908204741 59.13908399133505 374.78358913530974
59.13908399133505 374.78358913530974 72.99148567649942 369.0457364858747
72.99148567649942 369.0457364858747 86.84388736166379 374.78358913530974
86.84388736166379 374.78358913530974 92.58174001109879 388.6359908204741
155.15610796898096 396.8329204648158 147.0174302116273 416.4814266864032
147.0174302116273 416.4814266864032 127.36892399003987 424.6201044437569
127.36892399003987 424.6201044437569 107.72041776845245 416.4814266864032
107.72041776845245 416.4814266864032 99.58174001109879 396.8329204648158
99.58174001109879 396.8329204648158 107.72041776845244 377.1844142432284
107.72041776845244 377.1844142432284 127.36892399003987 369.0457364858747
127.36892399003987 369.0457364858747 147.0174302116273 377.1844142432284
147.0174302116273 377.1844142432284 155.15610796898096 396.8329204648158
205.78805627767105 390.86171064021977 199.39830538605383 406.2879339029476
199.39830538605383 406.2879339029476 183.972082123326 412.6776847945648
183.972082123326 412.6776847945648 168.54585886059817 406.2879339029476
168.54585886059817 406.2879339029476 162.15610796898096 390.86171064021977
162.15610796898096 390.86171064021977 168.54585886059817 375.43548737749194
168.54585886059817 375.43548737749194 183.972082123326 369.0457364858747
183.972082123326 369.0457364858747 199.39830538605383 375.43548737749194
199.39830538605383 375.43548737749194 205.78805627767105 390.86171064021977
239.5307213989276 382.76093777773656 234.23400859439852 393.7596752478398
234.23400859439852 393.7596752478398 222.3324029558726 396.4761390695984
222.3324029558726 396.4761390695984 212.78805627767102 388.86477657946443
212.78805627767102 388.86477657946443 212.78805627767102 376.6570989760087
212.78805627767102 376.6570989760087 222.3324029558726 369.0457364858747
222.3324029558726 369.0457364858747 234.23400859439852 371.7622003076333
234.23400859439852 371.7622003076333 239.5307213989276 382.76093777773656
52.434452608152775 455.32488843985266 39.325839456114586 478.02967243594844
39.325839456114586 478.02967243594844 13.108613152038197 478.02967243594844
13.108613152038197 478.02967243594844 0.0 455.32488843985266
0.0 455.32488843985266 13.108613152038181 432.62010444375693
13.108613152038181 432.62010444375693 39.325839456114586 432.6201044437569
39.325839456114586 432.6201044437569 52.434452608152775 455.32488843985266
80.4591771265709 442.621994022585 73.19237898713865 452.6238836014131
73.19237898713865 452.6238836014131 61.434452608152775 448.80350173402417
61.434452608152775 448.80350173402417 61.434452608152775 436.44048631114583
61.434452608152775 436.44048631114583 73.19237898713865 432.6201044437569
73.19237898713865 432.6201044437569 80.4591771265709 442.621994022585
138.1188304356673 454.44993109830506 116.2890037811191 476.27975775285324
116.2890037811191 476.27975775285324 94.45917712657092 454.44993109830506
94.45917712657092 454.44993109830506 116.2890037811191 432.6201044437569
116.2890037811191 432.6201044437569 138.1188304356673 454.44993109830506
206.49597355803485 459.80867600494065 198.53262531853983 479.0338993266294
198.53262531853983 479.0338993266294 179.30740199685107 486.99724756612443
179.30740199685107 486.99724756612443 160.0821786751623 479.0338993266294
160.0821786751623 479.0338993266294 152.1188304356673 459.80867600494065
152.1188304356673 459.80867600494065 160.0821786751623 440.5834526832519
160.0821786751623 440.5834526832519 179.30740199685107 432.6201044437569
179.30740199685107 432.6201044437569 198.53262531853983 440.5834526832519
198.53262531853983 440.5834526832519 206.49597355803485 459.80867600494065
