184
36.014493577575756 25.715508572019054 37.0742546198458 40.462799051488474
37.0742546198458 40.462799051488474 15.970332112403563 30.669140425004304
15.970332112403563 30.669140425004304 0.0 24.052350114324998
0.0 24.052350114324998 9.301730726682957 7.423680141581894
9.301730726682957 7.423680141581894 12.861735553165046 6.213717281379523
12.861735553165046 6.213717281379523 29.045955522092882 0.0
29.045955522092882 0.0 38.12949668771938 0.49652995637385544
38.12949668771938 0.49652995637385544 36.014493577575756 25.715508572019054
82.28997054831018 37.175030880356516 71.75235877574752 42.12473426397991
71.75235877574752 42.12473426397991 68.34080821958386 40.14873373363382
68.34080821958386 40.14873373363382 49.12949668771939 30.287167235109337
49.12949668771939 30.287167235109337 51.06064311064904 20.89504999390029
51.06064311064904 20.89504999390029 63.74567583811538 0.0
63.74567583811538 0.0 79.93459530580084 10.648968971529872
79.93459530580084 10.648968971529872 78.92012204087777 26.258699879580305
78.92012204087777 26.258699879580305 82.28997054831018 37.175030880356516
127.72388499033207 31.062064177191274 129.3546334560544 38.73178734722662
129.3546334560544 38.73178734722662 118.76374548124869 38.64991054529552
118.76374548124869 38.64991054529552 100.85796054689592 38.60394964429556
100.85796054689592 38.60394964429556 93.28997054831017 38.11607754763175
93.28997054831017 38.11607754763175 101.98809416600703 32.08467453520474
101.98809416600703 32.08467453520474 103.19703014020443 0.0
103.19703014020443 0.0 120.3315903542499 15.02598259296599
120.3315903542499 15.02598259296599 127.72388499033207 31.062064177191274
166.2597505787985 15.421926605506629 171.88123451528685 34.315487441284716
171.88123451528685 34.315487441284716 154.5093229817087 33.95946449866745
154.5093229817087 33.95946449866745 143.916415155123 17.611439156061
143.916415155123 17.611439156061 135.27045499508446 4.017993986222525
135.27045499508446 4.017993986222525 134.3546334560544 0.0
134.3546334560544 0.0 154.6154419414542 1.9503968596243357
154.6154419414542 1.9503968596243357 162.00110661385528 4.964647743652947
162.00110661385528 4.964647743652947 166.2597505787985 15.421926605506629
40.300497645579526 69.01917712717423 24.62778378179795 70.64450484616158
24.62778378179795 70.64450484616158 16.370767174293356 83.95819895298483
16.370767174293356 83.95819895298483 8.964062700575449 76.37247465489881
8.964062700575449 76.37247465489881 3.754779329202128 67.87145135104929
3.754779329202128 67.87145135104929 0.0 51.14987031910045
0.0 51.14987031910045 20.807005946429033 48.1247342639799
20.807005946429033 48.1247342639799 26.15592851846904 62.630012945080466
26.15592851846904 62.630012945080466 40.300497645579526 69.01917712717423
105.31721022534185 69.91119918185409 87.24641778596269 88.88565437789306
87.24641778596269 88.88565437789306 67.17439315833087 88.21882616866075
67.17439315833087 88.21882616866075 51.387900515240915 66.18272822887435
51.387900515240915 66.18272822887435 47.300497645579526 63.716941926478256
47.300497645579526 63.716941926478256 70.36228985664701 55.360608644916425
70.36228985664701 55.360608644916425 83.18017468000889 53.529464222130734
83.18017468000889 53.529464222130734 96.8004950983696 48.12473426397992
96.8004950983696 48.12473426397992 105.31721022534185 69.91119918185409
156.97982233196882 60.59809993764967 146.77318473981634 64.86298636351202
146.77318473981634 64.86298636351202 132.63581799002796 85.32001804855284
132.63581799002796 85.32001804855284 130.60374326036714 87.62493624304707
130.60374326036714 87.62493624304707 118.31721022534184 61.830069911497816
118.31721022534184 61.830069911497816 137.66118847686658 48.12473426397991
137.66118847686658 48.12473426397991 154.19532758446707 54.51203896675013
154.19532758446707 54.51203896675013 142.0208528773773 58.206424945597284
142.0208528773773 58.206424945597284 156.97982233196882 60.59809993764967
200.70235444089022 87.31232379695564 190.63808517706332 86.15949743112516
190.63808517706332 86.15949743112516 172.58788384571818 92.58936078455875
172.58788384571818 92.58936078455875 164.97982233196882 56.8607138957115
164.97982233196882 56.8607138957115 184.7024261986116 51.11070659151251
184.7024261986116 51.11070659151251 185.60616349748062 56.92833044663279
185.60616349748062 56.92833044663279 187.84124812741405 48.12473426397991
187.84124812741405 48.12473426397991 200.1463780630361 64.95148655580282
200.1463780630361 64.95148655580282 200.70235444089022 87.31232379695564
51.65085997264559 132.74809216728175 48.6963441344841 133.84287330180365
48.6963441344841 133.84287330180365 32.764066348104414 129.7623729530098
32.764066348104414 129.7623729530098 10.706136414573535 143.65765596871393
10.706136414573535 143.65765596871393 16.07437438943846 122.92302315411202
16.07437438943846 122.92302315411202 0.0 125.57393812175546
0.0 125.57393812175546 11.739470930368615 99.58936078455875
11.739470930368615 99.58936078455875 43.665741650578454 112.20837950589339
43.665741650578454 112.20837950589339 51.65085997264559 132.74809216728175
115.68404412170878 113.28222381886896 97.31101303233325 114.0080384843904
97.31101303233325 114.0080384843904 108.07857841701964 123.41718065490377
108.07857841701964 123.41718065490377 103.87857777500186 120.17928446571355
103.87857777500186 120.17928446571355 70.403024154583 102.54857047848478
70.403024154583 102.54857047848478 63.650859972645584 100.45752525423943
63.650859972645584 100.45752525423943 74.00817444098963 99.58936078455875
74.00817444098963 99.58936078455875 109.26514711324629 100.55557725544382
109.26514711324629 100.55557725544382 115.68404412170878 113.28222381886896
160.82204083341662 130.3887657710913 121.68404412170881 132.0843460356282
121.68404412170881 132.0843460356282 122.03682009500626 128.9137139680663
122.03682009500626 128.9137139680663 127.52874230242276 119.23503540568481
127.52874230242276 119.23503540568481 132.36254788459746 113.16221709897084
132.36254788459746 113.16221709897084 138.6190804005621 99.58936078455875
138.6190804005621 99.58936078455875 154.93873307195472 109.37338953763495
154.93873307195472 109.37338953763495 172.1582378008274 113.57164849960057
172.1582378008274 113.57164849960057 160.82204083341662 130.3887657710913
29.08310001572014 173.00451969393762 31.210083296684317 182.35005291620087
31.210083296684317 182.35005291620087 13.925075559833958 180.94797824459096
13.925075559833958 180.94797824459096 0.0 177.2746097479943
0.0 177.2746097479943 3.1308715045596376 149.77998495481347
3.1308715045596376 149.77998495481347 31.123090686060358 149.65765596871393
31.123090686060358 149.65765596871393 45.084831703571 166.21335291733138
45.084831703571 166.21335291733138 41.832817351814896 166.74688703465057
41.832817351814896 166.74688703465057 29.08310001572014 173.00451969393762
76.77470948085681 179.00189211714147 68.88528091220675 183.13098507511512
68.88528091220675 183.13098507511512 66.94259217796471 178.7289659127281
66.94259217796471 178.7289659127281 65.86661989277907 192.70113644313685
65.86661989277907 192.70113644313685 57.37163414094233 173.60190018058148
57.37163414094233 173.60190018058148 52.084831703571 155.7752314355348
52.084831703571 155.7752314355348 60.54657464345766 149.65765596871393
60.54657464345766 149.65765596871393 89.73857531860114 153.64815365875498
89.73857531860114 153.64815365875498 76.77470948085681 179.00189211714147
126.01070457294053 165.21325149351094 132.5573377892933 175.58217140714632
132.5573377892933 175.58217140714632 112.71000642988295 175.22523164207038
112.71000642988295 175.22523164207038 110.15303880366407 173.50903450693454
110.15303880366407 173.50903450693454 101.94413007197818 191.7280268994176
101.94413007197818 191.7280268994176 97.73857531860114 169.36430172979993
97.73857531860114 169.36430172979993 103.07417266843198 150.19146236488382
103.07417266843198 150.19146236488382 105.62646128209727 149.65765596871393
105.62646128209727 149.65765596871393 126.01070457294053 165.21325149351094
176.32192298775803 163.12285298018222 173.54192651998824 165.50330097521373
173.54192651998824 165.50330097521373 165.54571462075566 182.00698593749036
165.54571462075566 182.00698593749036 164.3564856399027 183.16396660066584
164.3564856399027 183.16396660066584 157.5570267560049 186.4208327437898
157.5570267560049 186.4208327437898 139.5573377892933 178.84728347981485
139.5573377892933 178.84728347981485 151.83899247508228 160.2502493725214
151.83899247508228 160.2502493725214 161.42402725385392 149.65765596871393
161.42402725385392 149.65765596871393 176.32192298775803 163.12285298018222
32.562998694404065 234.39150403321847 5.04407403075092 245.74161596333028
5.04407403075092 245.74161596333028 0.0 211.9123206929108
0.0 211.9123206929108 20.383919611168736 207.70113644313685
20.383919611168736 207.70113644313685 26.390072417570973 211.8903822178272
26.390072417570973 211.8903822178272 28.754981278434144 213.88783989226724
28.754981278434144 213.88783989226724 34.94056301803582 211.9743116926489
34.94056301803582 211.9743116926489 43.47911437543677 225.68688229492295
43.47911437543677 225.68688229492295 32.562998694404065 234.39150403321847
66.38915939864306 250.2079833546983 54.47911437543678 240.4341015160831
54.47911437543678 240.4341015160831 55.10635359678959 217.33868336273414
55.10635359678959 217.33868336273414 60.866614927358526 209.55901218743836
60.866614927358526 209.55901218743836 73.72990146923578 207.70113644313685
73.72990146923578 207.70113644313685 74.40659333848578 207.90600790745452
74.40659333848578 207.90600790745452 85.83536834082979 219.43518280715998
85.83536834082979 219.43518280715998 103.70013938218354 220.8109473147601
103.70013938218354 220.8109473147601 66.38915939864306 250.2079833546983
161.07641156729855 245.58106250989567 145.77928318815202 236.88520659700282
145.77928318815202 236.88520659700282 137.2960552300149 240.90013258068666
137.2960552300149 240.90013258068666 109.70013938218352 226.36740808766638
109.70013938218352 226.36740808766638 130.6578916144138 213.98606350417379
130.6578916144138 213.98606350417379 146.58040380184661 207.70113644313685
146.58040380184661 207.70113644313685 147.97174208781198 210.8133753449474
147.97174208781198 210.8133753449474 154.35180409733755 225.9821213649318
154.35180409733755 225.9821213649318 161.07641156729855 245.58106250989567
195.9226669675027 250.93643480033182 185.27177505506933 236.15179534142112
185.27177505506933 236.15179534142112 184.8000757691506 243.15574152913774
184.8000757691506 243.15574152913774 179.88511831942873 241.28563069413497
179.88511831942873 241.28563069413497 171.07641156729855 225.8119354137431
171.07641156729855 225.8119354137431 186.91760510401465 207.70113644313685
186.91760510401465 207.70113644313685 196.171449403364 223.47636682988397
196.171449403364 223.47636682988397 202.05267822857894 223.13090947914856
202.05267822857894 223.13090947914856 195.9226669675027 250.93643480033182
30.64392332664516 291.9416540232607 24.0112857339598 294.2255647005942
24.0112857339598 294.2255647005942 12.428062800416699 288.34559570775974
12.428062800416699 288.34559570775974 0.0 269.44224775598445
0.0 269.44224775598445 4.951939628410681 267.82055062081554
4.951939628410681 267.82055062081554 16.578472459472042 257.9364348003318
16.578472459472042 257.9364348003318 39.7912666623415 264.7803121501616
39.7912666623415 264.7803121501616 43.52157051917432 275.8247806219051
43.52157051917432 275.8247806219051 30.64392332664516 291.9416540232607
87.20206919895409 281.3891983846566 48.521570519174325 273.0988690983768
48.521570519174325 273.0988690983768 63.53857744172545 273.2482588646252
63.53857744172545 273.2482588646252 59.36325812844075 262.5759140105464
59.36325812844075 262.5759140105464 64.81126434105273 257.9364348003318
64.81126434105273 257.9364348003318 77.52791590392934 262.98588110579306
77.52791590392934 262.98588110579306 89.69457997031827 267.0329758556672
89.69457997031827 267.0329758556672 92.47431745159847 271.0415835627337
92.47431745159847 271.0415835627337 87.20206919895409 281.3891983846566
143.68034565764114 299.79734654335937 127.67898819660091 286.92443081062146
127.67898819660091 286.92443081062146 126.78578836529594 292.89353949193577
126.78578836529594 292.89353949193577 125.89706733886963 290.29766695996966
125.89706733886963 290.29766695996966 119.5430153585506 288.25596393893915
119.5430153585506 288.25596393893915 107.47431745159847 257.9364348003318
107.47431745159847 257.9364348003318 148.7873576571078 262.12190601545615
148.7873576571078 262.12190601545615 144.07619785885674 270.8715943031684
144.07619785885674 270.8715943031684 143.68034565764114 299.79734654335937
179.22114919126514 285.7425553388278 171.10782761300922 295.9312434208154
171.10782761300922 295.9312434208154 157.7873576571078 268.2996617507543
157.7873576571078 268.2996617507543 175.82079720463372 267.8599469930438
175.82079720463372 267.8599469930438 180.20183514637907 266.9277293747444
180.20183514637907 266.9277293747444 188.6881801990414 257.9364348003318
188.6881801990414 257.9364348003318 196.78384211245316 271.6396752420957
196.78384211245316 271.6396752420957 195.29163878518415 274.96127688933905
195.29163878518415 274.96127688933905 179.22114919126514 285.7425553388278
