171
33.25992867782145 19.202628775367955 1.4210854715202004e-14 38.40525755073592
1.4210854715202004e-14 38.40525755073592 0.0 0.0
0.0 0.0 33.25992867782145 19.202628775367955
70.53933088237349 21.523272898026438 33.25992867782146 43.04654579605288
33.25992867782146 43.04654579605288 33.25992867782145 0.0
33.25992867782145 0.0 70.53933088237349 21.523272898026438
109.70822818316913 19.584448650397817 103.97207597926733 33.43274509689384
103.97207597926733 33.43274509689384 90.12377953277131 39.168897300795635
90.12377953277131 39.168897300795635 76.27548308627529 33.432745096893846
76.27548308627529 33.432745096893846 70.53933088237349 19.58444865039782
70.53933088237349 19.58444865039782 76.27548308627527 5.736152203901794
76.27548308627527 5.736152203901794 90.12377953277131 0.0
90.12377953277131 0.0 103.97207597926733 5.7361522039017885
103.97207597926733 5.7361522039017885 109.70822818316913 19.584448650397817
142.52995670065948 16.410864258745175 137.72332584440497 28.01509766123583
137.72332584440497 28.01509766123583 126.1190924419143 32.82172851749035
126.1190924419143 32.82172851749035 114.51485903942364 28.015097661235835
114.51485903942364 28.015097661235835 109.70822818316913 16.41086425874518
109.70822818316913 16.41086425874518 114.51485903942364 4.806630856254518
114.51485903942364 4.806630856254518 126.1190924419143 0.0
126.1190924419143 0.0 137.72332584440497 4.806630856254515
137.72332584440497 4.806630856254515 142.52995670065948 16.410864258745175
180.18841718009898 21.742122295071272 142.52995670065948 43.48424459014255
142.52995670065948 43.48424459014255 142.52995670065948 16.410864258745175
142.52995670065948 16.410864258745175 142.52995670065948 0.0
142.52995670065948 0.0 180.18841718009898 21.742122295071272
39.25623444507735 60.4826927333199 29.44217583380801 77.48114087649725
29.44217583380801 77.48114087649725 9.81405861126934 77.48114087649725
9.81405861126934 77.48114087649725 0.0 60.4826927333199
0.0 60.4826927333199 9.814058611269328 43.48424459014255
9.814058611269328 43.48424459014255 29.44217583380801 43.48424459014255
29.44217583380801 43.48424459014255 39.25623444507735 60.4826927333199
77.96191271474426 62.83708372497601 72.29359736736393 76.52160751242914
72.29359736736393 76.52160751242914 58.6090735799108 82.18992285980947
58.6090735799108 82.18992285980947 44.92454979245767 76.52160751242914
44.92454979245767 76.52160751242914 39.25623444507734 62.83708372497601
39.25623444507734 62.83708372497601 44.92454979245766 49.15255993752288
44.92454979245766 49.15255993752288 58.60907357991079 43.48424459014255
58.60907357991079 43.48424459014255 72.29359736736393 49.152559937522874
72.29359736736393 49.152559937522874 77.96191271474426 62.83708372497601
128.04397459823474 68.52527553188779 103.00294365648949 93.56630647363302
103.00294365648949 93.56630647363302 77.96191271474426 68.52527553188779
77.96191271474426 68.52527553188779 103.00294365648949 43.48424459014255
103.00294365648949 43.48424459014255 128.04397459823474 68.52527553188779
165.3834964254504 62.15400550375038 146.71373551184257 80.82376641735821
146.71373551184257 80.82376641735821 128.04397459823474 62.15400550375038
128.04397459823474 62.15400550375038 146.71373551184257 43.48424459014255
146.71373551184257 43.48424459014255 165.3834964254504 62.15400550375038
38.198399830764295 115.62016289853774 1.4210854715202004e-14 137.67401932344245
1.4210854715202004e-14 137.67401932344245 0.0 93.56630647363303
0.0 93.56630647363303 38.198399830764295 115.62016289853774
80.53898207136905 111.90031638932702 69.95383651121786 130.234326305021
69.95383651121786 130.234326305021 48.783545390915485 130.234326305021
48.783545390915485 130.234326305021 38.198399830764295 111.90031638932702
38.198399830764295 111.90031638932702 48.78354539091547 93.56630647363305
48.78354539091547 93.56630647363305 69.95383651121786 93.56630647363303
69.95383651121786 93.56630647363303 80.53898207136905 111.90031638932702
117.82980727417183 115.09617444277448 80.53898207136906 136.62604241191593
80.53898207136906 136.62604241191593 80.53898207136905 93.56630647363303
80.53898207136905 93.56630647363303 117.82980727417183 115.09617444277448
145.18389116678145 107.94719941949477 134.7355608509206 122.3280923653565
134.7355608509206 122.3280923653565 117.82980727417183 116.83508004861092
117.82980727417183 116.83508004861092 117.82980727417183 115.09617444277448
117.82980727417183 115.09617444277448 117.82980727417183 99.05931879037861
117.82980727417183 99.05931879037861 134.7355608509206 93.56630647363303
134.7355608509206 93.56630647363303 145.18389116678145 107.94719941949477
174.63480054022384 110.56979692826926 145.18389116678148 127.57328738290548
145.18389116678148 127.57328738290548 145.18389116678145 93.56630647363303
145.18389116678145 93.56630647363303 174.63480054022384 110.56979692826926
48.62991494070404 161.98897679379448 24.31495747035202 186.3039342641465
24.31495747035202 186.3039342641465 0.0 161.98897679379448
0.0 161.98897679379448 24.314957470352017 137.67401932344245
24.314957470352017 137.67401932344245 48.62991494070404 161.98897679379448
79.797856999726 153.25799035295344 64.21388597021502 168.84196138246443
64.21388597021502 168.84196138246443 48.62991494070404 153.25799035295344
48.62991494070404 153.25799035295344 64.21388597021502 137.67401932344245
64.21388597021502 137.67401932344245 79.797856999726 153.25799035295344
133.80022386008216 166.06474371000294 113.17315519236705 194.45546809656344
113.17315519236705 194.45546809656344 79.79785699972601 183.61117634612782
79.79785699972601 183.61117634612782 79.79785699972601 148.51831107387807
79.79785699972601 148.51831107387807 113.17315519236705 137.67401932344245
113.17315519236705 137.67401932344245 133.80022386008216 166.06474371000294
173.30834979148156 157.93609482550846 165.48328091540102 174.18501777634197
165.48328091540102 174.18501777634197 147.90051075316364 178.19817032757447
147.90051075316364 178.19817032757447 133.80022386008216 166.95356675473465
133.80022386008216 166.95356675473465 133.80022386008216 166.06474371000294
133.80022386008216 166.06474371000294 133.80022386008216 148.91862289628227
133.80022386008216 148.91862289628227 147.90051075316364 137.67401932344245
147.90051075316364 137.67401932344245 165.483280915401 141.68717187467496
165.483280915401 141.68717187467496 173.30834979148156 157.93609482550846
29.66188621614088 211.5807660881244 1.2434497875801753e-14 228.70606407968538
1.2434497875801753e-14 228.70606407968538 0.0 194.4554680965634
0.0 194.4554680965634 29.66188621614088 211.5807660881244
82.14235427574934 220.69570212636762 55.902120245945106 246.93593615617186
55.902120245945106 246.93593615617186 29.66188621614088 220.69570212636762
29.66188621614088 220.69570212636762 55.9021202459451 194.45546809656338
55.9021202459451 194.45546809656338 82.14235427574934 220.69570212636762
110.08424765816758 210.58772776257038 82.14235427574935 226.71998742857738
82.14235427574935 226.71998742857738 82.14235427574934 194.4554680965634
82.14235427574934 194.4554680965634 110.08424765816758 210.58772776257038
157.5768282203937 215.02035872564684 145.70368307983716 235.58524935473028
145.70368307983716 235.58524935473028 121.95739279872411 235.58524935473028
121.95739279872411 235.58524935473028 110.08424765816758 215.02035872564684
110.08424765816758 215.02035872564684 121.9573927987241 194.45546809656344
121.9573927987241 194.45546809656344 145.70368307983716 194.4554680965634
145.70368307983716 194.4554680965634 157.5768282203937 215.02035872564684
52.80623335509125 21.523272898026438 49.24631471721503 27.689232849639446
49.24631471721503 27.689232849639446 42.12647744146258 27.689232849639446
42.12647744146258 27.689232849639446 38.56655880358636 21.523272898026438
38.56655880358636 21.523272898026438 42.12647744146258 15.35731294641343
42.12647744146258 15.35731294641343 49.24631471721503 15.35731294641343
49.24631471721503 15.35731294641343 52.80623335509125 21.523272898026438
97.07514826339795 19.584448650397817 90.12377953277131 26.535817381024465
90.12377953277131 26.535817381024465 83.17241080214467 19.584448650397817
83.17241080214467 19.584448650397817 90.12377953277131 12.63307991977117
90.12377953277131 12.63307991977117 97.07514826339795 19.584448650397817
132.9692805674027 16.410864258745175 128.2359169873557 22.9257803133386
128.2359169873557 22.9257803133386 120.57717383372872 20.437303814336275
120.57717383372872 20.437303814336275 120.57717383372872 12.384424703154075
120.57717383372872 12.384424703154075 128.2359169873557 9.89594820415175
128.2359169873557 9.89594820415175 132.9692805674027 16.410864258745175
160.81967751456867 21.742122295071272 157.95122718752066 26.710424000505995
157.95122718752066 26.710424000505995 152.21432653342464 26.710424000505995
152.21432653342464 26.710424000505995 149.34587620637663 21.742122295071272
149.34587620637663 21.742122295071272 152.21432653342464 16.773820589636554
152.21432653342464 16.773820589636554 157.95122718752066 16.77382058963655
157.95122718752066 16.77382058963655 160.81967751456867 21.742122295071272
24.671365296909546 60.4826927333199 21.186566584368002 65.2791066777433
21.186566584368002 65.2791066777433 15.548043823523908 63.447039575087516
15.548043823523908 63.447039575087516 15.548043823523908 57.518345891552286
15.548043823523908 57.518345891552286 21.186566584368002 55.686278788896495
21.186566584368002 55.686278788896495 24.671365296909546 60.4826927333199
64.11366125173902 62.83708372497601 60.31008471753255 68.0722576997862
60.31008471753255 68.0722576997862 54.15576860637495 66.0725991784276
54.15576860637495 66.0725991784276 54.15576860637495 59.60156827152443
54.15576860637495 59.60156827152443 60.31008471753254 57.60190975016582
60.31008471753254 57.60190975016582 64.11366125173902 62.83708372497601
154.22408763359667 62.15400550375038 149.03456195120452 69.29677482881574
149.03456195120452 69.29677482881574 140.63773301160356 66.56847972044092
140.63773301160356 66.56847972044092 140.63773301160356 57.73953128705985
140.63773301160356 57.73953128705985 149.03456195120452 55.011236178685024
149.03456195120452 55.011236178685024 154.22408763359667 62.15400550375038
100.90888131446704 115.09617444277448 96.93906922671852 121.97209067525601
96.93906922671852 121.97209067525601 88.99944505122144 121.97209067525601
88.99944505122144 121.97209067525601 85.02963296347292 115.09617444277448
85.02963296347292 115.09617444277448 88.99944505122144 108.22025821029295
88.99944505122144 108.22025821029295 96.93906922671852 108.22025821029295
96.93906922671852 108.22025821029295 100.90888131446704 115.09617444277448
70.14702418048523 153.25799035295344 67.18045507535012 158.39623876721157
67.18045507535012 158.39623876721157 61.24731686507991 158.39623876721157
61.24731686507991 158.39623876721157 58.2807477599448 153.25799035295344
58.2807477599448 153.25799035295344 61.24731686507991 148.1197419386953
61.24731686507991 148.1197419386953 67.18045507535012 148.1197419386953
67.18045507535012 148.1197419386953 70.14702418048523 153.25799035295344
111.00158124336487 166.06474371000294 106.1279871751205 172.77267047325006
106.1279871751205 172.77267047325006 98.24234632533121 170.21047044373472
98.24234632533121 170.21047044373472 98.24234632533121 161.91901697627117
98.24234632533121 161.91901697627117 106.1279871751205 159.35681694675583
106.1279871751205 159.35681694675583 111.00158124336487 166.06474371000294
157.75347713785584 157.93609482550846 152.52519726411074 163.16437469925356
152.52519726411074 163.16437469925356 147.29691739036565 157.93609482550846
147.29691739036565 157.93609482550846 152.52519726411074 152.70781495176337
152.52519726411074 152.70781495176337 157.75347713785584 157.93609482550846
15.845870340052926 211.5807660881244 9.887295405380298 217.53934102279703
9.887295405380298 217.53934102279703 3.9287204707076695 211.5807660881244
3.9287204707076695 211.5807660881244 9.887295405380296 205.62219115345175
9.887295405380296 205.62219115345175 15.845870340052926 211.5807660881244
97.60301190016922 210.58772776257038 91.45631873655543 216.73442092618416
91.45631873655543 216.73442092618416 85.30962557294164 210.58772776257038
85.30962557294164 210.58772776257038 91.45631873655543 204.4410345989566
91.45631873655543 204.4410345989566 97.60301190016922 210.58772776257038
