120
50.02085001865305 15.925210841753643 54.51138332122931 24.49845746339232
54.51138332122931 24.49845746339232 23.63776769804927 27.715117868379487
23.63776769804927 27.715117868379487 17.815128837826798 34.521734549647704
17.815128837826798 34.521734549647704 17.443047455392787 31.832853675075327
17.443047455392787 31.832853675075327 0.0 20.511643390684995
0.0 20.511643390684995 40.297064005157935 0.0
40.297064005157935 0.0 43.880881760132304 3.7821595579937206
43.880881760132304 3.7821595579937206 50.02085001865305 15.925210841753643
109.74099269358354 39.80216627799532 82.82772879003315 41.49861435012183
82.82772879003315 41.49861435012183 81.72256655889858 42.5247851840027
81.72256655889858 42.5247851840027 71.77134987683039 26.343330284181746
71.77134987683039 26.343330284181746 67.51138332122932 14.829378799085292
67.51138332122932 14.829378799085292 80.03633618803423 3.744814078809881
80.03633618803423 3.744814078809881 94.21407109094189 0.0
94.21407109094189 0.0 99.13073970469627 7.349152153225194
99.13073970469627 7.349152153225194 109.74099269358354 39.80216627799532
27.293088151538036 81.53083990562438 29.944861922208823 87.17224420654831
29.944861922208823 87.17224420654831 17.63733704984744 89.24650760720044
17.63733704984744 89.24650760720044 9.872785335207766 103.34126565644507
9.872785335207766 103.34126565644507 0.0 89.29411752922223
0.0 89.29411752922223 15.29083793440476 63.850473177366666
15.29083793440476 63.850473177366666 30.380533417540168 56.52478518400271
30.380533417540168 56.52478518400271 38.94920020808964 77.48526071414184
38.94920020808964 77.48526071414184 27.293088151538036 81.53083990562438
87.83186116819445 108.12815250633818 75.6786887343146 96.98839083555688
75.6786887343146 96.98839083555688 71.5565465917248 90.06687996109383
71.5565465917248 90.06687996109383 58.075106012875 93.93943919790478
58.075106012875 93.93943919790478 53.94920020808965 91.98677530864829
53.94920020808965 91.98677530864829 59.172975793583674 78.74314948227779
59.172975793583674 78.74314948227779 69.95002091950263 74.01189270942413
69.95002091950263 74.01189270942413 89.7893582777543 56.52478518400271
89.7893582777543 56.52478518400271 87.83186116819445 108.12815250633818
97.7893582777543 89.31776812473598 98.38347933188655 84.37432297042699
98.38347933188655 84.37432297042699 101.47722188867931 76.67391085320135
101.47722188867931 76.67391085320135 106.5457126575511 74.97423710337445
106.5457126575511 74.97423710337445 108.60902575614631 71.634685092103
108.60902575614631 71.634685092103 117.23857116802152 56.52478518400271
117.23857116802152 56.52478518400271 120.31683381546866 64.3123483315533
120.31683381546866 64.3123483315533 135.6672544448481 73.00676759576058
135.6672544448481 73.00676759576058 97.7893582777543 89.31776812473598
36.3761552139283 149.88289473789638 21.343591490789812 158.560053931894
21.343591490789812 158.560053931894 15.634690460586143 153.46972173607503
15.634690460586143 153.46972173607503 10.34570192022533 153.77931356409334
10.34570192022533 153.77931356409334 3.420279040248669 149.00489612438412
3.420279040248669 149.00489612438412 0.0 120.12815250633817
0.0 120.12815250633817 24.746519525738947 123.95681000195718
24.746519525738947 123.95681000195718 26.368105767005844 122.64775233053916
26.368105767005844 122.64775233053916 36.3761552139283 149.88289473789638
73.9373762961331 144.9285971661379 78.48709655443041 162.26428974052845
78.48709655443041 162.26428974052845 76.56767521134202 166.46838480790495
76.56767521134202 166.46838480790495 59.741687939902434 161.5028961931727
59.741687939902434 161.5028961931727 51.209318319642264 145.87507099724064
51.209318319642264 145.87507099724064 44.3761552139283 120.1281525063382
44.3761552139283 120.1281525063382 54.44160549864833 132.00553977309943
54.44160549864833 132.00553977309943 68.05380758681 121.01633929961348
68.05380758681 121.01633929961348 73.9373762961331 144.9285971661379
118.88437817250622 150.95983956859268 100.0778956653808 153.33397261589639
100.0778956653808 153.33397261589639 87.48709655443041 157.6934833159865
87.48709655443041 157.6934833159865 92.33602454269968 120.12815250633818
92.33602454269968 120.12815250633818 104.7862988400051 123.90255130837714
104.7862988400051 123.90255130837714 125.92859685857655 124.37847850266833
125.92859685857655 124.37847850266833 131.59838290358024 127.11734106804273
131.59838290358024 127.11734106804273 134.90542836141253 134.06558485036092
134.90542836141253 134.06558485036092 118.88437817250622 150.95983956859268
43.32177857603676 206.42863931095806 26.469255231775033 203.75608327754014
26.469255231775033 203.75608327754014 25.157947416558226 207.53479442709894
25.157947416558226 207.53479442709894 19.210685902861897 200.39804469859587
19.210685902861897 200.39804469859587 14.965987964542432 197.68902033514337
14.965987964542432 197.68902033514337 0.0 174.22082683077784
0.0 174.22082683077784 31.91939994364601 171.46838480790493
31.91939994364601 171.46838480790493 36.656571049756636 179.0710744608025
36.656571049756636 179.0710744608025 43.32177857603676 206.42863931095806
67.39727283600864 210.77194724427062 58.30645136314601 205.9154895361826
58.30645136314601 205.9154895361826 63.27231808333498 193.5093834903615
63.27231808333498 193.5093834903615 54.32177857603676 187.02797615968908
54.32177857603676 187.02797615968908 56.2312275176376 171.46838480790493
56.2312275176376 171.46838480790493 74.31624884494708 176.05140869826627
74.31624884494708 176.05140869826627 106.41655503060812 176.26495894064283
106.41655503060812 176.26495894064283 100.1219909544399 180.50328869436623
100.1219909544399 180.50328869436623 67.39727283600864 210.77194724427062
26.70868837357429 277.2302061599672 18.53886714884578 264.1961608330272
18.53886714884578 264.1961608330272 0.0 239.58512319322273
0.0 239.58512319322273 18.298949613738294 237.52543596202574
18.298949613738294 237.52543596202574 14.86272790268936 222.6597493662398
14.86272790268936 222.6597493662398 31.372441615317793 221.77194724427062
31.372441615317793 221.77194724427062 34.47759243980757 233.2074272772745
34.47759243980757 233.2074272772745 51.08854132312817 237.88219861380088
51.08854132312817 237.88219861380088 26.70868837357429 277.2302061599672
103.15387675103682 254.37040584052826 84.84213089296033 261.08915758473313
84.84213089296033 261.08915758473313 81.78515990555069 266.6336729689331
81.78515990555069 266.6336729689331 78.38755521169358 264.4788797604087
78.38755521169358 264.4788797604087 65.08854132312817 250.45006265539692
65.08854132312817 250.45006265539692 83.97826947451938 229.57670362036123
83.97826947451938 229.57670362036123 100.35250205068733 221.77194724427062
100.35250205068733 221.77194724427062 105.47961254905239 235.51172084715773
105.47961254905239 235.51172084715773 103.15387675103682 254.37040584052826
114.47961254905239 257.68694724289276 115.1577238024843 248.8578534855228
115.1577238024843 248.8578534855228 131.48644939226972 228.54146963888968
131.48644939226972 228.54146963888968 144.36870127033842 225.29190067398764
144.36870127033842 225.29190067398764 146.79079301549038 221.77194724427062
146.79079301549038 221.77194724427062 148.3705254538443 224.41772352638583
148.3705254538443 224.41772352638583 148.5828219527611 231.89098382788004
148.5828219527611 231.89098382788004 144.7717169256901 241.37006233060265
144.7717169256901 241.37006233060265 114.47961254905239 257.68694724289276
34.877610430146525 309.90609858498306 32.48389865834162 316.0902517924411
32.48389865834162 316.0902517924411 15.928445729575994 324.88170098051285
15.928445729575994 324.88170098051285 0.0 323.3398841687804
0.0 323.3398841687804 5.427231070304053 286.95847605055565
5.427231070304053 286.95847605055565 6.5755247899260105 287.7288793287379
6.5755247899260105 287.7288793287379 6.888167290939894 285.2341824817073
6.888167290939894 285.2341824817073 29.896001750218396 283.2302061599672
29.896001750218396 283.2302061599672 34.877610430146525 309.90609858498306
57.45263575962413 325.9418614239677 50.66465230618922 328.57854012899844
50.66465230618922 328.57854012899844 44.877610430146525 313.84816602051944
44.877610430146525 313.84816602051944 47.849863467945966 286.5698574405495
47.849863467945966 286.5698574405495 55.70142680248171 283.2302061599672
55.70142680248171 283.2302061599672 65.71927158837197 285.3010419809557
65.71927158837197 285.3010419809557 62.82633658239311 298.2062714367747
62.82633658239311 298.2062714367747 71.82409248919741 286.3422438069457
71.82409248919741 286.3422438069457 57.45263575962413 325.9418614239677
