236
35.277019119075035 17.638509559537518 30.11081927911024 30.11081927911024
30.11081927911024 30.11081927911024 17.638509559537518 35.277019119075035
17.638509559537518 35.277019119075035 5.166199839964797 30.11081927911024
5.166199839964797 30.11081927911024 0.0 17.63850955953752
0.0 17.63850955953752 5.166199839964792 5.166199839964797
5.166199839964792 5.166199839964797 17.638509559537514 0.0
17.638509559537514 0.0 30.11081927911024 5.166199839964792
30.11081927911024 5.166199839964792 35.277019119075035 17.638509559537518
95.68296075802397 20.09436217293392 84.08147534828673 40.18872434586784
84.08147534828673 40.18872434586784 60.878504528812265 40.18872434586784
60.878504528812265 40.18872434586784 49.27701911907503 20.094362172933923
49.27701911907503 20.094362172933923 60.87850452881225 3.552713678800501e-15
60.87850452881225 3.552713678800501e-15 84.08147534828673 0.0
84.08147534828673 0.0 95.68296075802397 20.09436217293392
147.85945959363698 18.588249417806505 129.27121017583048 37.17649883561301
129.27121017583048 37.17649883561301 110.68296075802397 18.58824941780651
110.68296075802397 18.58824941780651 129.27121017583048 0.0
129.27121017583048 0.0 147.85945959363698 18.588249417806505
177.9426576261549 13.327090597831644 154.85945959363698 26.65418119566329
154.85945959363698 26.65418119566329 154.85945959363698 0.0
154.85945959363698 0.0 177.9426576261549 13.327090597831644
231.0176814896753 22.5375119317602 224.41659707593547 38.47393944978056
224.41659707593547 38.47393944978056 208.4801695579151 45.0750238635204
208.4801695579151 45.0750238635204 192.54374203989474 38.473939449780566
192.54374203989474 38.473939449780566 185.9426576261549 22.537511931760204
185.9426576261549 22.537511931760204 192.54374203989474 6.601084413739837
192.54374203989474 6.601084413739837 208.4801695579151 0.0
208.4801695579151 0.0 224.41659707593547 6.601084413739832
224.41659707593547 6.601084413739832 231.0176814896753 22.5375119317602
35.82141803081481 75.75652920636543 1.4210854715202004e-14 96.43803454921047
1.4210854715202004e-14 96.43803454921047 0.0 55.0750238635204
0.0 55.0750238635204 35.82141803081481 75.75652920636543
96.50315806407681 78.4158938801514 73.16228804744581 101.7567638967824
73.16228804744581 101.7567638967824 49.82141803081481 78.4158938801514
49.82141803081481 78.4158938801514 73.16228804744581 55.0750238635204
73.16228804744581 55.0750238635204 96.50315806407681 78.4158938801514
149.33420810327118 79.6055811701379 139.86068203367626 99.27756075463756
139.86068203367626 99.27756075463756 118.57386218001078 104.1361384767554
118.57386218001078 104.1361384767554 101.50315806407681 90.52270621481274
101.50315806407681 90.52270621481274 101.50315806407681 68.68845612546306
101.50315806407681 68.68845612546306 118.57386218001078 55.07502386352039
118.57386218001078 55.07502386352039 139.86068203367626 59.93360158563822
139.86068203367626 59.93360158563822 149.33420810327118 79.6055811701379
198.9818853125778 72.89886246817372 181.15804670792448 90.72270107282704
181.15804670792448 90.72270107282704 163.33420810327118 72.89886246817372
163.33420810327118 72.89886246817372 181.15804670792448 55.0750238635204
181.15804670792448 55.0750238635204 198.9818853125778 72.89886246817372
45.394108404385996 133.8331926789484 38.746295141522296 149.88243361827767
38.746295141522296 149.88243361827767 22.697054202192998 156.53024688114138
22.697054202192998 156.53024688114138 6.647813262863707 149.88243361827767
6.647813262863707 149.88243361827767 0.0 133.8331926789484
0.0 133.8331926789484 6.6478132628637 117.7839517396191
6.6478132628637 117.7839517396191 22.697054202192994 111.13613847675539
22.697054202192994 111.13613847675539 38.74629514152229 117.7839517396191
38.74629514152229 117.7839517396191 45.394108404385996 133.8331926789484
94.17076103053363 132.0244647898292 73.28243471745981 152.91279110290301
73.28243471745981 152.91279110290301 52.39410840438599 132.0244647898292
52.39410840438599 132.0244647898292 73.28243471745981 111.13613847675539
73.28243471745981 111.13613847675539 94.17076103053363 132.0244647898292
151.25053336441715 136.58560689954044 107.17076103053364 162.0350753223255
107.17076103053364 162.0350753223255 107.17076103053363 111.13613847675539
107.17076103053363 111.13613847675539 151.25053336441715 136.58560689954044
203.2113045575615 132.11652407332758 197.06629188823408 146.95189700057233
197.06629188823408 146.95189700057233 182.23091896098933 153.09690966989976
182.23091896098933 153.09690966989976 167.39554603374458 146.95189700057233
167.39554603374458 146.95189700057233 161.25053336441715 132.11652407332758
161.25053336441715 132.11652407332758 167.39554603374458 117.28115114608283
167.39554603374458 117.28115114608283 182.23091896098933 111.1361384767554
182.23091896098933 111.1361384767554 197.06629188823408 117.28115114608283
197.06629188823408 117.28115114608283 203.2113045575615 132.11652407332758
51.86316894109031 196.30115680774742 32.053201169871706 223.56723829316934
32.053201169871706 223.56723829316934 0.0 213.1525219057624
0.0 213.1525219057624 0.0 179.44979170973247
0.0 179.44979170973247 32.0532011698717 169.0350753223255
32.0532011698717 169.0350753223255 51.86316894109031 196.30115680774742
115.41458849316724 193.31078509836397 108.30439771788215 210.47630409911733
108.30439771788215 210.47630409911733 91.13887871712878 217.58649487440243
91.13887871712878 217.58649487440243 73.97335971637541 210.47630409911733
73.97335971637541 210.47630409911733 66.86316894109031 193.31078509836397
66.86316894109031 193.31078509836397 73.9733597163754 176.1452660976106
73.9733597163754 176.1452660976106 91.13887871712878 169.0350753223255
91.13887871712878 169.0350753223255 108.30439771788214 176.1452660976106
108.30439771788214 176.1452660976106 115.41458849316724 193.31078509836397
153.5203279725206 183.81113699573658 142.78489077035738 198.58719866914765
142.78489077035738 198.58719866914765 125.41458849316726 192.94324532976927
125.41458849316726 192.94324532976927 125.41458849316726 174.67902866170388
125.41458849316726 174.67902866170388 142.78489077035738 169.0350753223255
142.78489077035738 169.0350753223255 153.5203279725206 183.81113699573658
205.26930964306226 191.4068103206366 166.5203279725206 213.7785453189477
166.5203279725206 213.7785453189477 166.5203279725206 169.0350753223255
166.5203279725206 169.0350753223255 205.26930964306226 191.4068103206366
58.5805617568671 261.8575191716029 29.290280878433553 291.1478000500365
29.290280878433553 291.1478000500365 0.0 261.8575191716029
0.0 261.8575191716029 29.290280878433542 232.56723829316937
29.290280878433542 232.56723829316937 58.5805617568671 261.8575191716029
99.41504011090754 245.91895907668953 91.70642052239744 259.2706798602097
91.70642052239744 259.2706798602097 76.28918134537722 259.2706798602097
76.28918134537722 259.2706798602097 68.5805617568671 245.91895907668953
68.5805617568671 245.91895907668953 76.2891813453772 232.56723829316934
76.2891813453772 232.56723829316934 91.70642052239744 232.56723829316934
91.70642052239744 232.56723829316934 99.41504011090754 245.91895907668953
137.6773304703691 248.88447924011982 109.41504011090755 265.2017201870703
109.41504011090755 265.2017201870703 109.41504011090754 232.56723829316934
109.41504011090754 232.56723829316934 137.6773304703691 248.88447924011982
184.02560176386726 250.03855226264724 173.9385339404927 267.50986623212515
173.9385339404927 267.50986623212515 153.76439829374365 267.50986623212515
153.76439829374365 267.50986623212515 143.6773304703691 250.03855226264724
143.6773304703691 250.03855226264724 153.76439829374362 232.56723829316934
153.76439829374362 232.56723829316934 173.9385339404927 232.56723829316934
173.9385339404927 232.56723829316934 184.02560176386726 250.03855226264724
232.42817498082613 250.06206568524294 222.3275316765864 267.55689307731654
222.3275316765864 267.55689307731654 202.12624506810695 267.55689307731654
202.12624506810695 267.55689307731654 192.02560176386723 250.06206568524294
192.02560176386723 250.06206568524294 202.12624506810695 232.56723829316934
202.12624506810695 232.56723829316934 222.3275316765864 232.56723829316934
222.3275316765864 232.56723829316934 232.42817498082613 250.06206568524294
31.260460126428708 313.5823965176596 19.320026862093776 330.0169929852828
19.320026862093776 330.0169929852828 3.552713678800501e-15 323.7395357260397
3.552713678800501e-15 323.7395357260397 0.0 303.4252573092795
0.0 303.4252573092795 19.320026862093773 297.14780005003644
19.320026862093773 297.14780005003644 31.260460126428708 313.5823965176596
81.52948714743563 315.2823135605399 76.21801111372824 328.10535103733594
76.21801111372824 328.10535103733594 63.39497363693217 333.4168270710433
63.39497363693217 333.4168270710433 50.57193616013611 328.10535103733594
50.57193616013611 328.10535103733594 45.26046012642871 315.2823135605399
45.26046012642871 315.2823135605399 50.571936160136104 302.4592760837438
50.571936160136104 302.4592760837438 63.39497363693217 297.14780005003644
63.39497363693217 297.14780005003644 76.21801111372822 302.4592760837438
76.21801111372822 302.4592760837438 81.52948714743563 315.2823135605399
133.82256854206736 320.9883717088962 92.52948714743566 344.8289433677559
92.52948714743566 344.8289433677559 92.52948714743563 297.14780005003644
92.52948714743563 297.14780005003644 133.82256854206736 320.9883717088962
183.93742380055215 319.70522767927883 177.33050621407185 335.6557377220409
177.33050621407185 335.6557377220409 161.37999617130976 342.26265530852123
161.37999617130976 342.26265530852123 145.4294861285477 335.6557377220409
145.4294861285477 335.6557377220409 138.82256854206736 319.70522767927883
138.82256854206736 319.70522767927883 145.42948612854767 303.7547176365168
145.42948612854767 303.7547176365168 161.37999617130976 297.14780005003644
161.37999617130976 297.14780005003644 177.33050621407182 303.7547176365168
177.33050621407182 303.7547176365168 183.93742380055215 319.70522767927883
221.53521182403307 314.2360909328106 191.93742380055215 331.3243818155848
191.93742380055215 331.3243818155848 191.93742380055212 297.14780005003644
191.93742380055212 297.14780005003644 221.53521182403307 314.2360909328106
43.967392979034614 383.2135295397676 1.7763568394002505e-14 408.59811571177926
1.7763568394002505e-14 408.59811571177926 0.0 357.8289433677559
0.0 357.8289433677559 43.967392979034614 383.2135295397676
82.78020158756483 373.735347672021 66.87379728329972 389.6417519762861
66.87379728329972 389.6417519762861 50.967392979034614 373.735347672021
50.967392979034614 373.735347672021 66.87379728329972 357.8289433677559
66.87379728329972 357.8289433677559 82.78020158756483 373.735347672021
121.46149899717324 371.11433485664924 113.79117464477113 384.39972634554255
113.79117464477113 384.39972634554255 98.45052593996692 384.39972634554255
98.45052593996692 384.39972634554255 90.78020158756482 371.11433485664924
90.78020158756482 371.11433485664924 98.45052593996691 357.8289433677559
98.45052593996691 357.8289433677559 113.79117464477113 357.8289433677559
113.79117464477113 357.8289433677559 121.46149899717324 371.11433485664924
178.29962240876662 381.3374114497758 169.22081989940918 400.1897391157111
169.22081989940918 400.1897391157111 148.82093583470407 404.8458795317957
148.82093583470407 404.8458795317957 132.46149899717324 391.7996639967624
132.46149899717324 391.7996639967624 132.46149899717324 370.8751589027893
132.46149899717324 370.8751589027893 148.82093583470404 357.8289433677559
148.82093583470404 357.8289433677559 169.22081989940918 362.4850837838405
169.22081989940918 362.4850837838405 178.29962240876662 381.3374114497758
53.1129494585938 448.8375396706906 42.59327843074153 470.68186164492795
42.59327843074153 470.68186164492795 18.955792193339896 476.0769636296019
18.955792193339896 476.0769636296019 3.552713678800501e-15 460.9602237902285
3.552713678800501e-15 460.9602237902285 0.0 436.7148555511527
0.0 436.7148555511527 18.95579219333989 421.5981157117793
18.95579219333989 421.5981157117793 42.59327843074152 426.99321769645326
42.59327843074152 426.99321769645326 53.1129494585938 448.8375396706906
136.7293698712864 18.588249417806505 133.00029002355845 25.04720517955255
133.00029002355845 25.04720517955255 125.54213032810252 25.04720517955255
125.54213032810252 25.04720517955255 121.81305048037454 18.588249417806505
121.81305048037454 18.588249417806505 125.5421303281025 12.129293656060462
125.5421303281025 12.129293656060462 133.00029002355845 12.129293656060462
133.00029002355845 12.129293656060462 136.7293698712864 18.588249417806505
168.0501316571462 13.327090597831644 162.55385893780962 18.823363317168223
162.55385893780962 18.823363317168223 157.05758621847303 13.327090597831644
157.05758621847303 13.327090597831644 162.55385893780962 7.830817878495064
162.55385893780962 7.830817878495064 168.0501316571462 13.327090597831644
216.46196565620224 22.5375119317602 208.4801695579151 30.51930803004734
208.4801695579151 30.51930803004734 200.49837345962797 22.5375119317602
200.49837345962797 22.5375119317602 208.4801695579151 14.555715833473057
208.4801695579151 14.555715833473057 216.46196565620224 22.5375119317602
17.85641881545025 75.75652920636543 13.768600571545324 81.3829283314484
13.768600571545324 81.3829283314484 7.154371713075245 79.23383509993937
7.154371713075245 79.23383509993937 7.154371713075244 72.27922331279149
7.154371713075244 72.27922331279149 13.768600571545322 70.13013008128246
13.768600571545322 70.13013008128246 17.85641881545025 75.75652920636543
80.09646264161623 78.4158938801514 69.69520075036061 84.42106523297963
69.69520075036061 84.42106523297963 69.6952007503606 72.41072252732317
69.6952007503606 72.41072252732317 80.09646264161623 78.4158938801514
130.0788575302543 79.6055811701379 127.12582966932708 84.72037546143032
127.12582966932708 84.72037546143032 121.2197739474726 84.72037546143032
121.2197739474726 84.72037546143032 118.26674608654535 79.6055811701379
118.26674608654535 79.6055811701379 121.21977394747259 74.49078687884547
121.21977394747259 74.49078687884547 127.12582966932708 74.49078687884547
127.12582966932708 74.49078687884547 130.0788575302543 79.6055811701379
27.907365108454975 133.8331926789484 20.09189874906201 138.34545428538638
20.09189874906201 138.34545428538638 20.091898749062008 129.3209310725104
20.091898749062008 129.3209310725104 27.907365108454975 133.8331926789484
79.96719836642562 132.0244647898292 75.34814028837013 138.38205281807112
75.34814028837013 138.38205281807112 67.87434732206658 135.95367027775214
67.87434732206658 135.95367027775214 67.87434732206658 128.09525930190628
67.87434732206658 128.09525930190628 75.34814028837013 125.6668767615873
75.34814028837013 125.6668767615873 79.96719836642562 132.0244647898292
127.564532205219 136.58560689954044 124.71427534019024 141.52239660439224
124.71427534019024 141.52239660439224 119.01376161013272 141.52239660439224
119.01376161013272 141.52239660439224 116.16350474510395 136.58560689954044
116.16350474510395 136.58560689954044 119.0137616101327 131.64881719468863
119.0137616101327 131.64881719468863 124.71427534019024 131.64881719468863
124.71427534019024 131.64881719468863 127.564532205219 136.58560689954044
28.449142671551897 196.30115680774742 20.566300048474165 200.8523181181608
20.566300048474165 200.8523181181608 20.56630004847416 191.74999549733403
20.56630004847416 191.74999549733403 28.449142671551897 196.30115680774742
98.80244829057986 193.31078509836397 87.30709393040324 199.94763103264208
87.30709393040324 199.94763103264208 87.30709393040323 186.67393916408585
87.30709393040323 186.67393916408585 98.80244829057986 193.31078509836397
186.7818198636756 191.4068103206366 179.43665519603448 198.7519749882777
179.43665519603448 198.7519749882777 172.09149052839336 191.4068103206366
172.09149052839336 191.4068103206366 179.43665519603448 184.06164565299548
179.43665519603448 184.06164565299548 186.7818198636756 191.4068103206366
35.08077075900507 261.8575191716029 31.07964065728631 267.3646023050616
31.07964065728631 267.3646023050616 24.60567615929503 265.26108372695165
24.60567615929503 265.26108372695165 24.60567615929503 258.4539546162542
24.60567615929503 258.4539546162542 31.07964065728631 256.3504360381442
31.07964065728631 256.3504360381442 35.08077075900507 261.8575191716029
19.20582755274309 313.5823965176596 16.592965161433174 318.1080069325943
16.592965161433174 318.1080069325943 11.367240378813333 318.1080069325943
11.367240378813333 318.1080069325943 8.754377987503414 313.5823965176596
8.754377987503414 313.5823965176596 11.367240378813332 309.0567861027249
11.367240378813332 309.0567861027249 16.592965161433174 309.0567861027249
16.592965161433174 309.0567861027249 19.20582755274309 313.5823965176596
209.46979163238694 314.2360909328106 197.97013389637522 320.87542142228557
197.97013389637522 320.87542142228557 197.9701338963752 307.59676044333565
197.9701338963752 307.59676044333565 209.46979163238694 314.2360909328106
