102
42.64772821236475 21.872247003843587 34.20082259984391 39.41242724307007
34.20082259984391 39.41242724307007 15.220797973982984 43.74449400768717
15.220797973982984 43.74449400768717 3.552713678800501e-15 31.606312665880537
3.552713678800501e-15 31.606312665880537 0.0 12.138181341806641
0.0 12.138181341806641 15.220797973982979 0.0
15.220797973982979 0.0 34.2008225998439 4.332066764617103
34.2008225998439 4.332066764617103 42.64772821236475 21.872247003843587
99.35571104944327 24.853991418539266 92.07614550250538 42.428417290140644
92.07614550250538 42.428417290140644 74.501719630904 49.70798283707853
74.501719630904 49.70798283707853 56.92729375930263 42.428417290140644
56.92729375930263 42.428417290140644 49.64772821236474 24.85399141853927
49.64772821236474 24.85399141853927 56.92729375930263 7.279565546937892
56.92729375930263 7.279565546937892 74.501719630904 0.0
74.501719630904 0.0 92.07614550250537 7.279565546937889
92.07614550250537 7.279565546937889 99.35571104944327 24.853991418539266
163.8433228109597 29.243805880758217 155.27801037618866 49.92229932674539
155.27801037618866 49.92229932674539 134.5995169302015 58.48761176151643
134.5995169302015 58.48761176151643 113.92102348421433 49.92229932674539
113.92102348421433 49.92229932674539 105.35571104944329 29.24380588075822
105.35571104944329 29.24380588075822 113.92102348421433 8.565312434771048
113.92102348421433 8.565312434771048 134.5995169302015 0.0
134.5995169302015 0.0 155.27801037618866 8.565312434771041
155.27801037618866 8.565312434771041 163.8433228109597 29.243805880758217
30.376563719679503 86.0255290021292 1.2434497875801753e-14 103.56344624274197
1.2434497875801753e-14 103.56344624274197 0.0 68.48761176151643
0.0 68.48761176151643 30.376563719679503 86.0255290021292
83.93057069154443 89.7646152474489 77.69868065384463 104.80972869568156
77.69868065384463 104.80972869568156 62.65356720561197 111.04161873338137
62.65356720561197 111.04161873338137 47.608453757379316 104.80972869568156
47.608453757379316 104.80972869568156 41.3765637196795 89.7646152474489
41.3765637196795 89.7646152474489 47.60845375737931 74.71950179921625
47.60845375737931 74.71950179921625 62.653567205611964 68.48761176151643
62.653567205611964 68.48761176151643 77.69868065384463 74.71950179921623
77.69868065384463 74.71950179921623 83.93057069154443 89.7646152474489
140.87196881358327 95.79482076123858 121.0321201541544 123.10202976096073
121.0321201541544 123.10202976096073 88.93057069154443 112.6716040609639
88.93057069154443 112.6716040609639 88.93057069154443 78.91803746151328
88.93057069154443 78.91803746151328 121.0321201541544 68.48761176151643
121.0321201541544 68.48761176151643 140.87196881358327 95.79482076123858
46.186856576907616 159.19545804941458 39.42294803206474 175.52497779302553
39.42294803206474 175.52497779302553 23.093428288453808 182.2888863378684
23.093428288453808 182.2888863378684 6.763908544842877 175.52497779302553
6.763908544842877 175.52497779302553 0.0 159.19545804941458
0.0 159.19545804941458 6.76390854484287 142.86593830580364
6.76390854484287 142.86593830580364 23.093428288453804 136.10202976096076
23.093428288453804 136.10202976096076 39.42294803206474 142.86593830580364
39.42294803206474 142.86593830580364 46.186856576907616 159.19545804941458
92.10989493317604 153.06354893909497 87.14198098512621 165.05715416917934
87.14198098512621 165.05715416917934 75.14837575504183 170.02506811722918
75.14837575504183 170.02506811722918 63.15477052495745 165.05715416917934
63.15477052495745 165.05715416917934 58.186856576907616 153.06354893909497
58.186856576907616 153.06354893909497 63.15477052495744 141.0699437090106
63.15477052495744 141.0699437090106 75.14837575504183 136.10202976096076
75.14837575504183 136.10202976096076 87.1419809851262 141.0699437090106
87.1419809851262 141.0699437090106 92.10989493317604 153.06354893909497
139.77962721401374 156.93689590137961 133.67723620659905 171.66937103438377
133.67723620659905 171.66937103438377 118.94476107359489 177.77176204179847
118.94476107359489 177.77176204179847 104.21228594059073 171.66937103438377
104.21228594059073 171.66937103438377 98.10989493317604 156.93689590137961
98.10989493317604 156.93689590137961 104.21228594059073 142.20442076837546
104.21228594059073 142.20442076837546 118.94476107359489 136.10202976096076
118.94476107359489 136.10202976096076 133.67723620659905 142.20442076837546
133.67723620659905 142.20442076837546 139.77962721401374 156.93689590137961
41.132272494638656 216.38391909910473 32.98552147285815 233.3008219083795
32.98552147285815 233.3008219083795 14.67993809035292 237.47895186034108
14.67993809035292 237.47895186034108 3.552713678800501e-15 225.77209188284345
3.552713678800501e-15 225.77209188284345 0.0 206.995746315366
0.0 206.995746315366 14.679938090352916 195.28888633786838
14.679938090352916 195.28888633786838 32.98552147285815 199.46701628982996
32.98552147285815 199.46701628982996 41.132272494638656 216.38391909910473
27.968367105861653 21.872247003843587 20.21299562285979 29.62761848684545
20.21299562285979 29.62761848684545 12.457624139857925 21.872247003843587
12.457624139857925 21.872247003843587 20.21299562285979 14.116875520841722
20.21299562285979 14.116875520841722 27.968367105861653 21.872247003843587
16.598048464045178 86.0255290021292 12.125642148710646 92.18126819555675
12.125642148710646 92.18126819555675 4.889136718999696 89.82998504954729
4.889136718999696 89.82998504954729 4.889136718999695 82.22107295471112
4.889136718999695 82.22107295471112 12.125642148710646 79.86978980870165
12.125642148710646 79.86978980870165 16.598048464045178 86.0255290021292
70.53766545769939 89.7646152474489 65.0898875508288 97.26283826520788
65.0898875508288 97.26283826520788 56.27519773435143 94.39877192765076
56.27519773435143 94.39877192765076 56.27519773435143 85.13045856724705
56.27519773435143 85.13045856724705 65.0898875508288 82.26639222968993
65.0898875508288 82.26639222968993 70.53766545769939 89.7646152474489
30.397768827188802 159.19545804941458 23.093428288453808 166.4997985881496
23.093428288453808 166.4997985881496 15.789087749718814 159.19545804941458
15.789087749718814 159.19545804941458 23.093428288453808 151.89111751067958
23.093428288453808 151.89111751067958 30.397768827188802 159.19545804941458
82.9785300899282 153.06354893909497 77.56802651310038 160.5104682428854
77.56802651310038 160.5104682428854 68.81364782954009 157.66599818031517
68.81364782954009 157.66599818031517 68.81364782954009 148.46109969787477
68.81364782954009 148.46109969787477 77.56802651310038 145.61662963530455
77.56802651310038 145.61662963530455 82.9785300899282 153.06354893909497
124.97907263454735 156.93689590137961 120.80946589528241 162.67586723277864
120.80946589528241 162.67586723277864 114.06290047143113 160.48377524464544
114.06290047143113 160.48377524464544 114.06290047143113 153.39001655811379
114.06290047143113 153.39001655811379 120.80946589528241 151.1979245699806
120.80946589528241 151.1979245699806 124.97907263454735 156.93689590137961
26.891284460233713 216.38391909910473 19.494741660151544 223.7804618991869
19.494741660151544 223.7804618991869 12.098198860069374 216.38391909910473
12.098198860069374 216.38391909910473 19.494741660151544 208.98737629902257
19.494741660151544 208.98737629902257 26.891284460233713 216.38391909910473
