207
48.407367846489294 23.777575013658492 33.19633002891365 35.873029922112075
33.19633002891365 35.873029922112075 0.0 39.24125969933558
0.0 39.24125969933558 3.4501451760342796 27.55775747718404
3.4501451760342796 27.55775747718404 2.993501380780227 23.127819490162615
2.993501380780227 23.127819490162615 1.9280221212187847 4.924372239281443
1.9280221212187847 4.924372239281443 17.413560674791114 0.0
17.413560674791114 0.0 42.15674276287052 15.122203868094296
42.15674276287052 15.122203868094296 48.407367846489294 23.777575013658492
83.85452012180247 48.86823818657344 64.75631310612107 56.40569402169116
64.75631310612107 56.40569402169116 63.11300581963437 51.77020548996674
63.11300581963437 51.77020548996674 60.64899562716299 38.368183111411106
60.64899562716299 38.368183111411106 58.433434793971365 30.56434195261795
58.433434793971365 30.56434195261795 53.407367846489294 12.979135225940622
53.407367846489294 12.979135225940622 68.07354327305009 12.223830288332966
68.07354327305009 12.223830288332966 71.18601388540462 0.0
71.18601388540462 0.0 83.85452012180247 48.86823818657344
100.29881382051632 36.826543273210326 107.8978278206818 49.72231060676891
107.8978278206818 49.72231060676891 122.13360707123232 30.004271677859563
122.13360707123232 30.004271677859563 112.60444848395171 25.359982237679397
112.60444848395171 25.359982237679397 108.52192281094214 21.15293056754114
108.52192281094214 21.15293056754114 99.14175844310398 2.3199356743419486
99.14175844310398 2.3199356743419486 92.85452012180247 0.0
92.85452012180247 0.0 100.29881382051632 36.826543273210326
181.14006224236442 36.42752183791265 164.54953887861407 40.355879735585546
164.54953887861407 40.355879735585546 151.86291096564378 25.79036794912538
151.86291096564378 25.79036794912538 155.5038323850345 17.952989645821276
155.5038323850345 17.952989645821276 137.13360707123232 22.206108430418887
137.13360707123232 22.206108430418887 141.53651720098003 7.8177898838577855
141.53651720098003 7.8177898838577855 142.19213490924042 0.0
142.19213490924042 0.0 147.14725780124783 0.3393059581083424
147.14725780124783 0.3393059581083424 181.14006224236442 36.42752183791265
41.635487971195104 90.7294588350033 38.62654890521933 101.55596582063653
38.62654890521933 101.55596582063653 24.090945094164532 92.81125763448172
24.090945094164532 92.81125763448172 0.0 66.15113313260944
0.0 66.15113313260944 14.699608859826272 68.29946500787503
14.699608859826272 68.29946500787503 16.5701336438525 66.71907306996638
16.5701336438525 66.71907306996638 16.53162128517367 63.76537833422435
16.53162128517367 63.76537833422435 45.32255107346289 63.40569402169116
45.32255107346289 63.40569402169116 41.635487971195104 90.7294588350033
96.46473620403923 111.78166445475047 82.52962362303882 106.79692277238753
82.52962362303882 106.79692277238753 67.7850931146022 98.77734979511163
67.7850931146022 98.77734979511163 51.32255107346289 94.00078500432937
51.32255107346289 94.00078500432937 68.02400784346328 83.29052340254964
68.02400784346328 83.29052340254964 67.56760773113486 63.40569402169117
67.56760773113486 63.40569402169117 69.58012205461708 64.72624739223207
69.58012205461708 64.72624739223207 72.76935876858307 71.67396018728955
72.76935876858307 71.67396018728955 96.46473620403923 111.78166445475047
137.1749240158792 96.02508937445955 147.03845375279866 105.50191295421631
147.03845375279866 105.50191295421631 121.46796332187125 100.27763946065282
121.46796332187125 100.27763946065282 117.47252316527769 105.30886895510037
117.47252316527769 105.30886895510037 115.58995135070171 95.14992508945164
115.58995135070171 95.14992508945164 101.46473620403923 88.12311544085348
101.46473620403923 88.12311544085348 122.23079406463286 63.40569402169116
122.23079406463286 63.40569402169116 132.53822950844668 67.32565766879347
132.53822950844668 67.32565766879347 137.1749240158792 96.02508937445955
189.9248918812704 98.3846550445418 172.19146843269723 92.70499955559272
172.19146843269723 92.70499955559272 158.77163035928248 88.10797693162527
158.77163035928248 88.10797693162527 154.03845375279866 83.59573965169689
154.03845375279866 83.59573965169689 162.02221881885876 75.1575674843252
162.02221881885876 75.1575674843252 163.3069854804211 71.10610785493284
163.3069854804211 71.10610785493284 174.0004401038051 69.71870700326333
174.0004401038051 69.71870700326333 185.14343666072637 63.405694021691154
185.14343666072637 63.405694021691154 189.9248918812704 98.3846550445418
227.46769124803055 92.12228958165697 219.31128489292115 103.5595786681207
219.31128489292115 103.5595786681207 210.2982633437754 95.29495787305808
210.2982633437754 95.29495787305808 194.9248918812704 73.78115865490398
194.9248918812704 73.78115865490398 209.07477673564452 72.91731636097802
209.07477673564452 72.91731636097802 218.36791981459604 63.48795858949023
218.36791981459604 63.48795858949023 228.54792693945097 63.40569402169116
228.54792693945097 63.40569402169116 227.21882977791228 68.82069320576909
227.21882977791228 68.82069320576909 227.46769124803055 92.12228958165697
22.34501769194252 158.98527981281566 5.906420735377779 156.45179899958583
5.906420735377779 156.45179899958583 2.828226411425849 147.83960290712187
2.828226411425849 147.83960290712187 0.0 135.2362410525197
0.0 135.2362410525197 8.707254865565755 133.2891784654281
8.707254865565755 133.2891784654281 6.5300884929025305 128.8502684538466
6.5300884929025305 128.8502684538466 21.593835278961144 123.78166445475046
21.593835278961144 123.78166445475046 33.48805397865176 134.09924687129944
33.48805397865176 134.09924687129944 22.34501769194252 158.98527981281566
79.27922167010237 143.1485208861767 84.87256239715273 155.01678790866885
84.87256239715273 155.01678790866885 67.0143016875418 152.96406336941243
67.0143016875418 152.96406336941243 48.24395537682282 143.93663995664483
48.24395537682282 143.93663995664483 43.48805397865176 133.66814351565588
43.48805397865176 133.66814351565588 53.271547280299444 126.6565273907508
53.271547280299444 126.6565273907508 84.57054934783622 124.47730432816012
84.57054934783622 124.47730432816012 88.45215773269021 123.78166445475046
88.45215773269021 123.78166445475046 79.27922167010237 143.1485208861767
137.8107254022373 170.93162407030132 112.80967676566416 156.22632499411492
112.80967676566416 156.22632499411492 114.9370090439769 152.11978747828095
114.9370090439769 152.11978747828095 110.45748045466273 149.19200213110474
110.45748045466273 149.19200213110474 110.32746424871829 142.48660745116587
110.32746424871829 142.48660745116587 101.45215773269021 138.2070900959993
101.45215773269021 138.2070900959993 112.74217251188416 130.95768807287214
112.74217251188416 130.95768807287214 118.62742256643692 123.78166445475044
118.62742256643692 123.78166445475044 137.8107254022373 170.93162407030132
171.80283763304652 163.75977424504555 155.81018053229784 139.27303895530875
155.81018053229784 139.27303895530875 160.29162218972976 137.74373548010703
160.29162218972976 137.74373548010703 156.76811899215403 133.88746485634587
156.76811899215403 133.88746485634587 150.81072540223732 132.10505892659097
150.81072540223732 132.10505892659097 153.92244087131292 128.5399419355067
153.92244087131292 128.5399419355067 175.2666399487885 123.78166445475047
175.2666399487885 123.78166445475047 202.0805505784019 137.14631448660984
202.0805505784019 137.14631448660984 171.80283763304652 163.75977424504555
236.8201094526091 149.41647554878563 232.8919838236435 156.798573257662
232.8919838236435 156.798573257662 232.72025704871012 162.7437309471885
232.72025704871012 162.7437309471885 218.11234418039572 165.9414816753331
218.11234418039572 165.9414816753331 211.0805505784019 162.94129313048157
211.0805505784019 162.94129313048157 221.03706625593222 123.78166445475046
221.03706625593222 123.78166445475046 229.22561372097402 124.8664936703096
229.22561372097402 124.8664936703096 229.9826576867098 124.76397164058156
229.9826576867098 124.76397164058156 236.8201094526091 149.41647554878563
41.68181939933457 223.379449221411 22.058979429503104 217.63322477671684
22.058979429503104 217.63322477671684 0.0 192.42763097314605
0.0 192.42763097314605 3.6340840120246973 186.85788032644095
3.6340840120246973 186.85788032644095 16.021838157521852 192.4592324524637
16.021838157521852 192.4592324524637 6.915939347395767 183.77498857137627
6.915939347395767 183.77498857137627 33.65237291083732 180.93162407030135
33.65237291083732 180.93162407030135 38.517563905809354 196.5969017175983
38.517563905809354 196.5969017175983 41.68181939933457 223.379449221411
68.46197690092696 218.84686237540092 64.25415024221645 215.83657109464528
64.25415024221645 215.83657109464528 56.80979700146378 228.27244445792238
56.80979700146378 228.27244445792238 52.60840826536091 227.85174257691094
52.60840826536091 227.85174257691094 48.80124851762777 221.36511747122714
48.80124851762777 221.36511747122714 50.045796868609436 196.0708280672918
50.045796868609436 196.0708280672918 48.68181939933457 180.93162407030135
48.68181939933457 180.93162407030135 70.53515536083306 184.50910357850734
70.53515536083306 184.50910357850734 68.46197690092696 218.84686237540092
86.81734639569045 223.37767250459723 97.50967539747768 211.2651314005928
97.50967539747768 211.2651314005928 79.53515536083306 210.1433702212092
79.53515536083306 210.1433702212092 89.14161026896079 196.755905887657
89.14161026896079 196.755905887657 100.74184346540704 185.4187488737228
100.74184346540704 185.4187488737228 108.86160179279844 180.93162407030132
108.86160179279844 180.93162407030132 126.5041260550218 188.92226435476033
126.5041260550218 188.92226435476033 121.77424973983995 195.42430077764345
121.77424973983995 195.42430077764345 86.81734639569045 223.37767250459723
171.60772287696213 223.61182331967672 148.19816089371835 232.02772187246111
148.19816089371835 232.02772187246111 142.8816012335621 227.4086761819748
142.8816012335621 227.4086761819748 143.12704637665735 205.12595415085008
143.12704637665735 205.12595415085008 132.5041260550218 198.16622715256855
132.5041260550218 198.16622715256855 166.15407947618667 180.93162407030135
166.15407947618667 180.93162407030135 160.23558302021885 196.50317812163416
160.23558302021885 196.50317812163416 182.05722928736355 199.0766315522649
182.05722928736355 199.0766315522649 171.60772287696213 223.61182331967672
218.64961399865643 216.50508643204523 194.81353713664663 219.56715437794725
194.81353713664663 219.56715437794725 192.96117397206928 198.684900210133
192.96117397206928 198.684900210133 187.05722928736355 198.12750895367088
187.05722928736355 198.12750895367088 212.2258417346815 185.62570558127854
212.2258417346815 185.62570558127854 223.24561524024412 180.93162407030135
223.24561524024412 180.93162407030135 226.57570268273884 192.3064304316598
226.57570268273884 192.3064304316598 214.65939310247234 193.185744768962
214.65939310247234 193.185744768962 218.64961399865643 216.50508643204523
34.533723578577295 280.21403255649824 32.3629853960975 280.97978807513374
32.3629853960975 280.97978807513374 30.851541891542663 280.56764131379714
30.851541891542663 280.56764131379714 17.545754361706877 279.81953819250026
17.545754361706877 279.81953819250026 0.0 277.18268936226457
0.0 277.18268936226457 6.487748409759179 261.1156984951666
6.487748409759179 261.1156984951666 11.14175925453929 243.02772187246111
11.14175925453929 243.02772187246111 16.015809045216137 246.05776223848932
16.015809045216137 246.05776223848932 34.533723578577295 280.21403255649824
87.75971272113661 269.4789532917635 87.43280972485753 272.0997949693947
87.43280972485753 272.0997949693947 68.53385949118434 278.1295956762737
68.53385949118434 278.1295956762737 58.35222429182981 277.9218089587959
58.35222429182981 277.9218089587959 57.86826807719893 263.9028685790589
57.86826807719893 263.9028685790589 49.773761256552326 269.7878430664007
49.773761256552326 269.7878430664007 43.533723578577295 258.59878096673816
43.533723578577295 258.59878096673816 70.0967685868962 243.02772187246111
70.0967685868962 243.02772187246111 87.75971272113661 269.4789532917635
119.63129980758545 281.3046710145825 119.23353706193949 281.04785272850745
119.23353706193949 281.04785272850745 102.07885225665676 288.64123327600885
102.07885225665676 288.64123327600885 100.75971272113661 274.8792791066052
100.75971272113661 274.8792791066052 102.82712264036502 256.4614282478672
102.82712264036502 256.4614282478672 116.40573354973012 243.02772187246114
116.40573354973012 243.02772187246114 128.59508929422768 259.7999909577263
128.59508929422768 259.7999909577263 136.7400265791004 257.8058816287602
136.7400265791004 257.8058816287602 119.63129980758545 281.3046710145825
171.01176623267318 267.9430117801082 157.35773327417292 287.71336855170216
157.35773327417292 287.71336855170216 154.10498798467677 279.01902632000963
154.10498798467677 279.01902632000963 142.7400265791004 255.0027705972384
142.7400265791004 255.0027705972384 152.97436807013173 243.02772187246114
152.97436807013173 243.02772187246114 171.80981796769862 244.5296511586217
171.80981796769862 244.5296511586217 175.4944035218471 247.3748569284228
175.4944035218471 247.3748569284228 170.89451833223504 260.24358823983647
170.89451833223504 260.24358823983647 171.01176623267318 267.9430117801082
221.41666151477037 267.0618017984027 227.88864696116622 277.2742854769563
227.88864696116622 277.2742854769563 204.7623240182589 284.10666507996274
204.7623240182589 284.10666507996274 195.2423359969769 284.84654270389666
195.2423359969769 284.84654270389666 195.08271989703945 276.0264415964031
195.08271989703945 276.0264415964031 189.0922413667657 278.47991644160544
189.0922413667657 278.47991644160544 184.4944035218471 243.02772187246111
184.4944035218471 243.02772187246111 212.50198501529286 258.34299812654456
212.50198501529286 258.34299812654456 221.41666151477037 267.0618017984027
43.52928573984768 318.5302122535105 22.22744171191726 334.38190118258245
22.22744171191726 334.38190118258245 14.181230823226088 333.91002212640603
14.181230823226088 333.91002212640603 0.0 329.9781648631798
0.0 329.9781648631798 0.5779738176480009 305.50834888285215
0.5779738176480009 305.50834888285215 15.245190786671728 303.64123327600885
15.245190786671728 303.64123327600885 28.6001805280925 310.88012731697296
28.6001805280925 310.88012731697296 29.26578644280589 312.66686596033907
29.26578644280589 312.66686596033907 43.52928573984768 318.5302122535105
83.49105562880305 345.4585428863619 65.71977985733446 348.6469931060802
65.71977985733446 348.6469931060802 49.52928573984769 317.0130613804415
49.52928573984769 317.0130613804415 65.22612368226513 320.46849830640565
65.22612368226513 320.46849830640565 65.65115588934958 319.99838486670546
65.65115588934958 319.99838486670546 76.77989482735747 303.64123327600885
76.77989482735747 303.64123327600885 85.24535080703667 326.1632494415669
85.24535080703667 326.1632494415669 96.37201484099253 328.4607014037504
96.37201484099253 328.4607014037504 83.49105562880305 345.4585428863619
