336
51.068090313144225 20.90797761077711 40.73977652118819 22.12380503410653
40.73977652118819 22.12380503410653 11.164436457488145 45.639284608680185
11.164436457488145 45.639284608680185 14.086790093046899 29.98823960488165
14.086790093046899 29.98823960488165 15.131934457832784 14.840980053836562
15.131934457832784 14.840980053836562 0.0 6.075176571419746
0.0 6.075176571419746 0.6542233504298522 2.107000533153794
0.6542233504298522 2.107000533153794 11.79744428218799 0.0
11.79744428218799 0.0 51.068090313144225 20.90797761077711
74.19437654245996 27.5012173259708 63.9171912845902 37.79766385660784
63.9171912845902 37.79766385660784 51.96495992189969 29.684092690418098
51.96495992189969 29.684092690418098 61.37851808713691 21.2281611514252
61.37851808713691 21.2281611514252 51.068090313144225 25.131323797530023
51.068090313144225 25.131323797530023 61.196222731811496 1.470999985364518
61.196222731811496 1.470999985364518 88.34582363454837 0.0
88.34582363454837 0.0 93.19703476034842 2.5394856928132707
93.19703476034842 2.5394856928132707 74.19437654245996 27.5012173259708
135.8100807282727 20.88645264304309 122.88501871431193 31.397173355344535
122.88501871431193 31.397173355344535 93.19703476034843 25.341891542740214
93.19703476034843 25.341891542740214 102.46782804480996 16.900930971280538
102.46782804480996 16.900930971280538 103.57953511773546 6.104447991437883
103.57953511773546 6.104447991437883 119.60696827828255 0.0
119.60696827828255 0.0 129.6870546815116 13.840133307435286
129.6870546815116 13.840133307435286 139.7343914746407 12.53342804533014
139.7343914746407 12.53342804533014 135.8100807282727 20.88645264304309
163.16830992673516 19.920566438476794 148.27629931944585 41.28332198688953
148.27629931944585 41.28332198688953 145.68439076707 29.35118006088211
145.68439076707 29.35118006088211 139.7343914746407 35.736720389110715
139.7343914746407 35.736720389110715 145.42038046238181 6.01140065810269
145.42038046238181 6.01140065810269 146.48650909823758 3.854939315315157
146.48650909823758 3.854939315315157 157.00037360476676 0.0
157.00037360476676 0.0 177.77213615136333 2.0996275334284142
177.77213615136333 2.0996275334284142 163.16830992673516 19.920566438476794
215.3506432713174 26.849906710908698 213.42122811343503 31.17178326898028
213.42122811343503 31.17178326898028 199.92044815913823 37.015968671126814
199.92044815913823 37.015968671126814 193.771150143965 49.6712230207354
193.771150143965 49.6712230207354 194.41653080194106 26.0405120213582
194.41653080194106 26.0405120213582 177.77213615136333 26.34010889268416
177.77213615136333 26.34010889268416 190.76169512416814 0.0
190.76169512416814 0.0 231.37417445120366 16.67072768264618
231.37417445120366 16.67072768264618 215.3506432713174 26.849906710908698
272.4941720755747 17.104418312454833 273.76663827356685 34.922247179118564
273.76663827356685 34.922247179118564 250.5859784260453 35.89080834897881
250.5859784260453 35.89080834897881 231.37417445120366 11.702946718247619
231.37417445120366 11.702946718247619 237.1760125257792 0.0
237.1760125257792 0.0 254.77473694255374 2.949150620215736
254.77473694255374 2.949150620215736 260.2907665709635 9.723117028723294
260.2907665709635 9.723117028723294 272.27217705465097 15.370091718332791
272.27217705465097 15.370091718332791 272.4941720755747 17.104418312454833
31.440567793157527 87.185870483169 10.4049771558386 94.57271631265016
10.4049771558386 94.57271631265016 0.0 85.49897372244702
0.0 85.49897372244702 10.671439036828303 49.6712230207354
10.671439036828303 49.6712230207354 23.908037372115942 59.09097244250491
23.908037372115942 59.09097244250491 24.094166497987906 60.454319933469044
24.094166497987906 60.454319933469044 26.387378656524405 62.19994385405596
26.387378656524405 62.19994385405596 27.109178746726855 61.88967754281898
27.109178746726855 61.88967754281898 31.440567793157527 87.185870483169
46.673484343654785 99.85995331743678 36.31371379547956 95.30555175247709
36.31371379547956 95.30555175247709 31.440567793157527 86.44793997395416
31.440567793157527 86.44793997395416 38.12097519915032 54.31479537350906
38.12097519915032 54.31479537350906 45.11438489760107 65.94954423550902
45.11438489760107 65.94954423550902 44.11800829104713 49.6712230207354
44.11800829104713 49.6712230207354 66.17440369271628 57.6608388091526
66.17440369271628 57.6608388091526 56.92856788481247 70.25743700136155
56.92856788481247 70.25743700136155 46.673484343654785 99.85995331743678
87.724433756015 81.06004910532847 78.22150877903253 80.56153992562076
78.22150877903253 80.56153992562076 76.47511764790703 98.88212253021851
76.47511764790703 98.88212253021851 70.26810329793574 83.47127860318955
70.26810329793574 83.47127860318955 66.17440369271628 49.67122302073539
66.17440369271628 49.67122302073539 71.71327210266816 55.230361690996546
71.71327210266816 55.230361690996546 82.67937015252966 51.48650201294619
82.67937015252966 51.48650201294619 101.65802563438265 66.88089373194754
101.65802563438265 66.88089373194754 87.724433756015 81.06004910532847
124.42170701431967 83.05607691073455 122.17754140743672 92.9342275576752
122.17754140743672 92.9342275576752 114.5897166315976 96.5275304425703
114.5897166315976 96.5275304425703 101.65802563438265 92.77542909018189
101.65802563438265 92.77542909018189 122.3045551082584 49.67122302073539
122.3045551082584 49.67122302073539 122.91165261532643 55.444024817161555
122.91165261532643 55.444024817161555 133.23964883590168 61.59982109572475
133.23964883590168 61.59982109572475 124.96685469380793 71.61843722289011
124.96685469380793 71.61843722289011 124.42170701431967 83.05607691073455
159.1904579921937 85.65398127131449 165.13158427070704 97.0209371964984
165.13158427070704 97.0209371964984 157.88713578196464 93.68695950634566
157.88713578196464 93.68695950634566 133.23964883590168 87.84222934652534
133.23964883590168 87.84222934652534 136.08300700858092 52.82696137069206
136.08300700858092 52.82696137069206 137.94496944028464 49.6712230207354
137.94496944028464 49.6712230207354 144.83826217813558 58.30867477407212
144.83826217813558 58.30867477407212 160.58931417917594 67.72308083033616
160.58931417917594 67.72308083033616 159.1904579921937 85.65398127131449
206.6039789990035 84.22291311412542 193.38973521230957 96.25004236766851
193.38973521230957 96.25004236766851 165.13158427070707 70.567235070957
165.13158427070707 70.567235070957 187.44299550575568 49.67122302073539
187.44299550575568 49.67122302073539 197.4408973810405 62.40220956553958
197.4408973810405 62.40220956553958 200.54858589123225 58.69226000550776
200.54858589123225 58.69226000550776 206.26538036571014 54.96052182549349
206.26538036571014 54.96052182549349 208.84636101291034 74.92911360546137
208.84636101291034 74.92911360546137 206.6039789990035 84.22291311412542
233.97357382042435 71.65341893256304 223.66122984053783 80.25076877571568
223.66122984053783 80.25076877571568 212.80685516918763 94.75695692525889
212.80685516918763 94.75695692525889 213.03239684508634 85.3878263219031
213.03239684508634 85.3878263219031 208.84636101291034 53.93565050996735
208.84636101291034 53.93565050996735 215.9329975289857 49.6712230207354
215.9329975289857 49.6712230207354 231.10729230264317 61.94485430030217
231.10729230264317 61.94485430030217 238.45826521493842 60.13504877296542
238.45826521493842 60.13504877296542 233.97357382042435 71.65341893256304
282.0010843453858 80.88421731729576 256.3271283902367 99.751327546766
256.3271283902367 99.751327546766 255.3146773410054 95.8840811682703
255.3146773410054 95.8840811682703 253.5720148460942 91.36427489181452
253.5720148460942 91.36427489181452 242.87403887199514 89.4820229430309
242.87403887199514 89.4820229430309 238.4582652149384 68.4166214079285
238.4582652149384 68.4166214079285 244.71790579108645 49.671223020735404
244.71790579108645 49.671223020735404 269.201886809422 71.33535103281218
269.201886809422 71.33535103281218 282.0010843453858 80.88421731729576
35.578305877239885 141.63607114140967 6.031390318617145 139.4966480456965
6.031390318617145 139.4966480456965 0.0 117.75426235283194
0.0 117.75426235283194 1.6473218721700427 105.04423726462099
1.6473218721700427 105.04423726462099 3.7316140322711853 107.29231378981069
3.7316140322711853 107.29231378981069 1.6237813037178075 102.96999300959737
1.6237813037178075 102.96999300959737 11.471619156182499 99.85995331743678
11.471619156182499 99.85995331743678 39.875655796532726 105.30812366741156
39.875655796532726 105.30812366741156 35.578305877239885 141.63607114140967
58.13696989082125 145.96817319190558 39.87565579653273 126.53036904589497
39.87565579653273 126.53036904589497 54.529795762104236 121.29103649292016
54.529795762104236 121.29103649292016 44.64953062733214 107.79202381773877
44.64953062733214 107.79202381773877 68.56475017998494 99.85995331743678
68.56475017998494 99.85995331743678 68.93058443345043 108.51593646645325
68.93058443345043 108.51593646645325 77.41792721801004 113.68194073657236
77.41792721801004 113.68194073657236 92.53279991715146 120.96515915399615
92.53279991715146 120.96515915399615 58.13696989082125 145.96817319190558
126.55930347893333 135.18808654087394 118.8989248610154 132.5282461642734
118.8989248610154 132.5282461642734 117.74887832983421 137.77663959225185
117.74887832983421 137.77663959225185 92.53279991715146 114.44665112062857
92.53279991715146 114.44665112062857 108.67638985269105 105.27045782683734
108.67638985269105 105.27045782683734 129.01149554815026 99.85995331743678
129.01149554815026 99.85995331743678 124.98411497675889 116.62369581499581
124.98411497675889 116.62369581499581 124.51640301285715 118.5442045546852
124.51640301285715 118.5442045546852 126.55930347893333 135.18808654087394
169.41613538511936 115.25401099515717 158.2595879330897 133.8857541342964
158.2595879330897 133.8857541342964 153.91723592200245 131.52721301841984
153.91723592200245 131.52721301841984 147.8103094929813 130.59686845227986
147.8103094929813 130.59686845227986 129.01149554815026 105.74124866718871
129.01149554815026 105.74124866718871 134.71810712298375 99.85995331743678
134.71810712298375 99.85995331743678 150.57985978199866 102.73695979963108
150.57985978199866 102.73695979963108 153.37569630570897 104.16921930094512
153.37569630570897 104.16921930094512 169.41613538511936 115.25401099515717
203.59409171927018 101.71555896222203 218.7447671677663 109.10908800395693
218.7447671677663 109.10908800395693 213.238356553096 110.03750874300427
213.238356553096 110.03750874300427 205.30690287872818 126.00656710623167
205.30690287872818 126.00656710623167 204.255733028949 127.63898083599315
204.255733028949 127.63898083599315 175.90356366289916 117.74983086070013
175.90356366289916 117.74983086070013 169.41613538511936 107.42362970154791
169.41613538511936 107.42362970154791 180.68379662661889 99.85995331743678
180.68379662661889 99.85995331743678 203.59409171927018 101.71555896222203
254.85958732284578 130.61015313131955 253.91532201748478 133.67536454990014
253.91532201748478 133.67536454990014 245.77816624635614 138.45296922280826
245.77816624635614 138.45296922280826 218.7447671677663 143.9058460992463
218.7447671677663 143.9058460992463 219.42478375104983 118.20147985538718
219.42478375104983 118.20147985538718 236.24050326214874 99.85995331743678
236.24050326214874 99.85995331743678 250.87842732956372 101.218556261936
250.87842732956372 101.218556261936 252.67534872972274 115.33686564851791
252.67534872972274 115.33686564851791 254.85958732284578 130.61015313131955
43.60329638991141 188.4237878867553 23.671751217711545 181.43689244825083
23.671751217711545 181.43689244825083 24.328215991441883 179.6718979560353
24.328215991441883 179.6718979560353 7.693952968017179 183.85361993552587
7.693952968017179 183.85361993552587 0.0 161.16647404787707
0.0 161.16647404787707 30.38237930245647 151.42377944285116
30.38237930245647 151.42377944285116 33.568445739766354 145.96817319190558
33.568445739766354 145.96817319190558 56.55722541604105 167.34477219426677
56.55722541604105 167.34477219426677 43.60329638991141 188.4237878867553
98.28427412990895 170.85454996208884 68.25678587366654 180.97747992150755
68.25678587366654 180.97747992150755 61.30344763660097 186.61778146037904
61.30344763660097 186.61778146037904 56.55722541604106 194.59813689067778
56.55722541604106 194.59813689067778 57.3198458506879 182.48604892390787
57.3198458506879 182.48604892390787 69.47863837349409 154.88112396362982
69.47863837349409 154.88112396362982 74.94649123864045 159.7724948000785
74.94649123864045 159.7724948000785 84.39788485329632 145.96817319190558
84.39788485329632 145.96817319190558 98.28427412990895 170.85454996208884
106.19059727695698 172.73449993305275 98.28427412990894 177.26065446054687
98.28427412990894 177.26065446054687 108.41333006178475 149.66615254515835
108.41333006178475 149.66615254515835 108.51776774700627 148.08153585521822
108.51776774700627 148.08153585521822 130.84247379596758 145.96817319190558
130.84247379596758 145.96817319190558 135.13165377764508 147.6571001045132
135.13165377764508 147.6571001045132 127.49002454281015 160.03682296976143
127.49002454281015 160.03682296976143 135.39730637934073 163.60764860666774
135.39730637934073 163.60764860666774 106.19059727695698 172.73449993305275
170.43934964247026 160.26488134386486 161.84189605458 178.73413512743946
161.84189605458 178.73413512743946 159.7735803057455 176.03240425243916
159.7735803057455 176.03240425243916 141.32074866739575 169.09704876563495
141.32074866739575 169.09704876563495 137.93377508109535 164.27963496572022
137.93377508109535 164.27963496572022 135.3973063793407 149.30961643399206
135.3973063793407 149.30961643399206 143.94395845085808 151.79257403535723
143.94395845085808 151.79257403535723 142.4854490162804 145.96817319190558
142.4854490162804 145.96817319190558 170.43934964247026 160.26488134386486
170.5895077332869 171.14673381788594 173.93260988730827 165.0700070975069
173.93260988730827 165.0700070975069 173.61094386210968 163.70367732967983
173.61094386210968 163.70367732967983 170.43934964247026 154.6484895093454
170.43934964247026 154.6484895093454 178.48960444187315 156.6313942384429
178.48960444187315 156.6313942384429 180.77967420267277 145.96817319190558
180.77967420267277 145.96817319190558 200.20243868747946 155.17317496380693
200.20243868747946 155.17317496380693 210.03657696155275 161.49764127947606
210.03657696155275 161.49764127947606 170.5895077332869 171.14673381788594
253.89889027405763 165.12580210956781 259.9997592321313 177.67242236009344
259.9997592321313 177.67242236009344 236.69453997306655 182.8310571469403
236.69453997306655 182.8310571469403 219.82498041125882 177.24523291927676
219.82498041125882 177.24523291927676 210.03657696155278 173.89918734446718
210.03657696155278 173.89918734446718 228.84628316520443 145.96817319190558
228.84628316520443 145.96817319190558 230.18162099417486 147.14623758053864
230.18162099417486 147.14623758053864 246.536221805558 161.60878285004182
246.536221805558 161.60878285004182 253.89889027405763 165.12580210956781
13.498818982843357 229.3575265259449 0.0 201.07915011360956
0.0 201.07915011360956 27.356168238197686 201.55785007897478
27.356168238197686 201.55785007897478 30.67817076089732 194.59813689067775
30.67817076089732 194.59813689067775 36.17517603877253 201.37339662902733
36.17517603877253 201.37339662902733 37.31817412675866 209.1632516586356
37.31817412675866 209.1632516586356 49.747947432385494 204.80435030139742
49.747947432385494 204.80435030139742 46.11467681418753 211.45551631075983
46.11467681418753 211.45551631075983 13.498818982843357 229.3575265259449
92.69153942793878 224.91883690756163 86.18284991583506 223.8141495757162
86.18284991583506 223.8141495757162 78.89397151153732 224.01932742443873
78.89397151153732 224.01932742443873 77.15137802657907 228.01793617360818
77.15137802657907 228.01793617360818 61.10658798248014 222.71686167312023
61.10658798248014 222.71686167312023 49.747947432385494 208.2279713756402
49.747947432385494 208.2279713756402 59.06964279049056 198.51107559253285
59.06964279049056 198.51107559253285 76.97459999833855 194.59813689067775
76.97459999833855 194.59813689067775 92.69153942793878 224.91883690756163
119.90161729039808 224.8108405789553 127.27923535556897 230.3265009585118
127.27923535556897 230.3265009585118 92.69153942793878 238.40127062337342
92.69153942793878 238.40127062337342 103.82649790036827 203.9980253729017
103.82649790036827 203.9980253729017 103.64020978359521 194.59813689067775
103.64020978359521 194.59813689067775 116.60253987510514 213.5549705990591
116.60253987510514 213.5549705990591 124.6437903559154 211.43183741530996
124.6437903559154 211.43183741530996 128.58036424991792 220.2826018134139
128.58036424991792 220.2826018134139 119.90161729039808 224.8108405789553
163.6540826714301 202.67935267220057 175.29710513180794 203.0857257111193
175.29710513180794 203.0857257111193 162.74924189556842 212.9358127320281
162.74924189556842 212.9358127320281 128.58036424991792 203.13739205656805
128.58036424991792 203.13739205656805 137.62799425390267 195.0734431223481
137.62799425390267 195.0734431223481 138.98001057123452 195.3801132086127
138.98001057123452 195.3801132086127 160.2093057472939 194.59813689067775
160.2093057472939 194.59813689067775 165.08863072507174 197.5809392357423
165.08863072507174 197.5809392357423 163.6540826714301 202.67935267220057
185.96784984063376 240.22231956482656 175.29710513180797 212.65045477264965
175.29710513180797 212.65045477264965 182.3349570766004 205.7799173108162
182.3349570766004 205.7799173108162 200.09278228147582 195.52290006736143
200.09278228147582 195.52290006736143 206.07753328915553 195.62617329344786
206.07753328915553 195.62617329344786 212.36553611640053 194.59813689067775
212.36553611640053 194.59813689067775 208.6848775146106 203.106889518574
208.6848775146106 203.106889518574 204.09527281899605 212.2800160794012
204.09527281899605 212.2800160794012 185.96784984063376 240.22231956482656
263.0686464264361 215.3523963416625 248.75999375898414 209.58831241382026
248.75999375898414 209.58831241382026 239.37464720045432 215.44532912390025
239.37464720045432 215.44532912390025 215.61963700307868 211.7036277569459
215.61963700307868 211.7036277569459 212.3655361164005 196.58769140456403
212.3655361164005 196.58769140456403 260.9457590326456 194.59813689067775
260.9457590326456 194.59813689067775 263.60698122858224 195.16701138468568
263.60698122858224 195.16701138468568 251.38551497066692 203.71486127033913
251.38551497066692 203.71486127033913 263.0686464264361 215.3523963416625
33.11000607224422 265.82685433981857 30.63335018982246 278.0897011122272
30.63335018982246 278.0897011122272 27.71695522784983 288.1625553179659
27.71695522784983 288.1625553179659 9.278779856539275 273.5626914168673
9.278779856539275 273.5626914168673 0.0 269.6103185066256
0.0 269.6103185066256 0.8364838567783579 241.58980401271523
0.8364838567783579 241.58980401271523 26.40263756889869 240.22231956482653
26.40263756889869 240.22231956482653 35.48933600940971 263.48782069426386
35.48933600940971 263.48782069426386 33.11000607224422 265.82685433981857
78.07114387404017 262.65998007920103 85.46245026756245 269.7411108315768
85.46245026756245 269.7411108315768 75.84619903814225 282.17165760269205
75.84619903814225 282.17165760269205 35.970848828323824 267.4947199980977
35.970848828323824 267.4947199980977 35.48933600940971 246.80226332200004
35.48933600940971 246.80226332200004 49.31559821689918 242.62736512638787
49.31559821689918 242.62736512638787 64.3501895912955 246.9738582998025
64.3501895912955 246.9738582998025 68.82980794964227 240.2223195648266
68.82980794964227 240.2223195648266 78.07114387404017 262.65998007920103
110.38746335718527 292.0273338320161 106.62108941886547 282.3114224073082
106.62108941886547 282.3114224073082 85.46245026756245 276.9569925691711
85.46245026756245 276.9569925691711 88.75551028984134 263.45773566094226
88.75551028984134 263.45773566094226 85.90777527606866 258.9703864944514
85.90777527606866 258.9703864944514 96.69572051824245 255.82669208667159
96.69572051824245 255.82669208667159 95.79045571398859 240.22231956482656
95.79045571398859 240.22231956482656 107.64359907663746 254.35220483962195
107.64359907663746 254.35220483962195 110.38746335718527 292.0273338320161
134.0703678883939 289.5645805042994 132.3845260288665 290.08426175589085
132.3845260288665 290.08426175589085 122.55442306325479 275.22949298238103
122.55442306325479 275.22949298238103 110.38746335718525 261.3131357676836
110.38746335718525 261.3131357676836 117.27100319390586 256.0819881466487
117.27100319390586 256.0819881466487 121.9231952757933 240.22231956482653
121.9231952757933 240.22231956482653 147.3390131658117 254.81445021184783
147.3390131658117 254.81445021184783 144.43448303110765 262.73626493647674
144.43448303110765 262.73626493647674 134.0703678883939 289.5645805042994
188.37231765937207 269.3104011562913 171.45926993714795 284.50906363032675
171.45926993714795 284.50906363032675 164.77882387749105 275.4672675602726
164.77882387749105 275.4672675602726 147.3390131658117 280.5957295015137
147.3390131658117 280.5957295015137 158.05849112869507 241.85061314821021
158.05849112869507 241.85061314821021 168.24681513447163 247.8858502019025
168.24681513447163 247.8858502019025 185.46343461628985 240.29042927158932
185.46343461628985 240.29042927158932 188.4875214966931 240.22231956482653
188.4875214966931 240.22231956482653 188.37231765937207 269.3104011562913
217.13521036034214 289.68953209534294 212.9858699574379 283.148121601603
212.9858699574379 283.148121601603 208.1796410511127 284.5433209756293
208.1796410511127 284.5433209756293 200.66730252922355 274.5874625127282
200.66730252922355 274.5874625127282 188.4875214966931 277.6200513251504
188.4875214966931 277.6200513251504 198.10014279991267 259.9463721822376
198.10014279991267 259.9463721822376 207.14264806701567 240.22231956482653
207.14264806701567 240.22231956482653 212.27995801612585 241.1010327462501
212.27995801612585 241.1010327462501 217.13521036034214 289.68953209534294
256.0829454809839 262.9813937634836 228.01754472911367 272.16074082316044
228.01754472911367 272.16074082316044 224.08436958103945 271.6780700123519
224.08436958103945 271.6780700123519 217.13521036034214 250.91953373893978
217.13521036034214 250.91953373893978 238.01094819283816 244.48602742926957
238.01094819283816 244.48602742926957 258.46637885326186 240.22231956482653
258.46637885326186 240.22231956482653 245.14277904092634 249.25629474224618
245.14277904092634 249.25629474224618 254.2064694768919 250.98024390874193
254.2064694768919 250.98024390874193 256.0829454809839 262.9813937634836
26.27321583392152 321.78982346163656 20.42509323786253 323.0382095309206
20.42509323786253 323.0382095309206 38.85974684571279 328.6653153457753
38.85974684571279 328.6653153457753 4.6807154147176355 331.5383601577214
4.6807154147176355 331.5383601577214 0.0 310.1722327589771
0.0 310.1722327589771 6.329626301528867 292.0273338320161
6.329626301528867 292.0273338320161 34.58563551847265 303.5585133219448
34.58563551847265 303.5585133219448 27.875291764251923 313.36711098463394
27.875291764251923 313.36711098463394 26.27321583392152 321.78982346163656
72.64436985903058 333.11029493997563 43.42466727537623 334.61456804932567
43.42466727537623 334.61456804932567 48.76378792355075 323.8181941754377
48.76378792355075 323.8181941754377 38.85974684571279 318.1758070728055
38.85974684571279 318.1758070728055 46.91908669427518 308.4990140364763
46.91908669427518 308.4990140364763 52.8249375234618 298.57704275228474
52.8249375234618 298.57704275228474 53.44771436526488 292.0273338320161
53.44771436526488 292.0273338320161 67.07621995324932 303.9221384195614
67.07621995324932 303.9221384195614 72.64436985903058 333.11029493997563
98.18882550126105 341.81569484699025 83.70750478870023 341.82844384225433
83.70750478870023 341.82844384225433 72.64436985903058 292.0273338320161
72.64436985903058 292.0273338320161 79.56811036956982 300.6632261001819
79.56811036956982 300.6632261001819 109.48887447102904 298.08031710940617
109.48887447102904 298.08031710940617 95.56152034511416 311.370758644069
95.56152034511416 311.370758644069 111.93544304390454 306.36135034215124
111.93544304390454 306.36135034215124 111.80500527147751 316.0116792014285
111.80500527147751 316.0116792014285 98.18882550126105 341.81569484699025
