288
44.00414590642406 13.424131169052258 44.46202714644225 14.919240771138409
44.46202714644225 14.919240771138409 14.359017452067347 32.91188272082843
14.359017452067347 32.91188272082843 12.19917623260323 23.01883246762099
12.19917623260323 23.01883246762099 5.210826962615085 28.871432639850426
5.210826962615085 28.871432639850426 0.0 16.45766945212872
0.0 16.45766945212872 21.402406830810392 0.0
21.402406830810392 0.0 21.418703358200336 5.124419920051508
21.418703358200336 5.124419920051508 44.00414590642406 13.424131169052258
74.62685062400297 28.691507020276717 53.78589734753025 28.79524886456474
53.78589734753025 28.79524886456474 56.039411491122166 25.878152082349274
56.039411491122166 25.878152082349274 47.25791765465893 31.79695683060563
47.25791765465893 31.79695683060563 44.46202714644225 32.96026538116983
44.46202714644225 32.96026538116983 44.484770362804205 29.413176040977547
44.484770362804205 29.413176040977547 44.71822744820785 6.843577019030777
44.71822744820785 6.843577019030777 65.44786537609838 0.0
65.44786537609838 0.0 74.62685062400297 28.691507020276717
92.73688279012654 34.74978002568929 80.84476271179527 42.442714853707756
80.84476271179527 42.442714853707756 74.62685062400297 27.836570743989704
74.62685062400297 27.836570743989704 78.70065552985727 13.67671738496349
78.70065552985727 13.67671738496349 79.20279724726964 12.347408769377601
79.20279724726964 12.347408769377601 85.45417650370109 0.0
85.45417650370109 0.0 91.32837858939601 7.886158615345192
91.32837858939601 7.886158615345192 93.66543071504695 11.091208090612549
93.66543071504695 11.091208090612549 92.73688279012654 34.74978002568929
135.70012861123882 49.43262178098341 123.74395346179453 58.12615144270386
123.74395346179453 58.12615144270386 118.19559262769656 47.4751329516828
118.19559262769656 47.4751329516828 110.76895812830425 52.26080756622436
110.76895812830425 52.26080756622436 111.44924793801691 42.25354705004588
111.44924793801691 42.25354705004588 93.66543071504695 29.42515299287254
93.66543071504695 29.42515299287254 114.2160558118412 0.0
114.2160558118412 0.0 118.92038845538845 17.33553055058546
118.92038845538845 17.33553055058546 135.70012861123882 49.43262178098341
177.08277829229684 35.42980240491893 165.02074641313982 34.81934465171993
165.02074641313982 34.81934465171993 163.26143865571416 48.19733026321913
163.26143865571416 48.19733026321913 135.70012861123882 27.948326204935547
135.70012861123882 27.948326204935547 158.20093546255887 0.0
158.20093546255887 0.0 158.60425597105734 14.699820924950382
158.60425597105734 14.699820924950382 163.30076196345263 7.491173532321184
163.30076196345263 7.491173532321184 168.0561634068419 3.101534970609464
168.0561634068419 3.101534970609464 177.08277829229684 35.42980240491893
227.26648952081499 32.312902775431674 191.7545659629559 43.66508647895543
191.7545659629559 43.66508647895543 192.8460015374159 38.288080272487754
192.8460015374159 38.288080272487754 177.08277829229684 28.650711328374125
177.08277829229684 28.650711328374125 185.67068378638726 22.931056466942685
185.67068378638726 22.931056466942685 180.41965864845886 4.652574209520825
180.41965864845886 4.652574209520825 188.13383900968765 0.0
188.13383900968765 0.0 213.78729875969788 23.171951163248085
213.78729875969788 23.171951163248085 227.26648952081499 32.312902775431674
19.650566042676047 70.20612554669206 28.30205074827297 86.32173886175183
28.30205074827297 86.32173886175183 23.075954393182837 82.91927876530268
23.075954393182837 82.91927876530268 19.707019481552457 88.63279450730747
19.707019481552457 88.63279450730747 5.982511816073558 86.79239314007872
5.982511816073558 86.79239314007872 3.5075271145357165 80.11916303351038
3.5075271145357165 80.11916303351038 0.0 59.84644135361015
0.0 59.84644135361015 11.707592950909834 58.12615144270385
11.707592950909834 58.12615144270385 19.650566042676047 70.20612554669206
60.88277156982589 87.94665698834805 38.471721783195115 73.41576418736251
38.471721783195115 73.41576418736251 28.30205074827297 62.38398118823591
28.30205074827297 62.38398118823591 33.388973404717696 63.03444552991637
33.388973404717696 63.03444552991637 41.6716063624352 59.38766714166944
41.6716063624352 59.38766714166944 55.96481094700745 58.12615144270386
55.96481094700745 58.12615144270386 66.26863448045349 75.45242294025266
66.26863448045349 75.45242294025266 63.095479563837195 83.09188707842907
63.095479563837195 83.09188707842907 60.88277156982589 87.94665698834805
98.18100186994813 95.1964912844057 85.23286109324009 98.05780396890567
85.23286109324009 98.05780396890567 78.38514268419446 98.04998197129477
78.38514268419446 98.04998197129477 66.2686344804535 94.29608764966687
66.2686344804535 94.29608764966687 73.60004863252955 86.29366925993682
73.60004863252955 86.29366925993682 79.12185338759191 60.153004643095834
79.12185338759191 60.153004643095834 79.79931540962924 58.12615144270385
79.79931540962924 58.12615144270385 105.998222317196 72.32416711233512
105.998222317196 72.32416711233512 98.18100186994813 95.1964912844057
136.50029850591744 74.03325605918265 132.20773343091966 78.32207965962063
132.20773343091966 78.32207965962063 138.03918359521415 96.41782975327149
138.03918359521415 96.41782975327149 120.65172036813553 99.40185936068016
120.65172036813553 99.40185936068016 118.6075230071106 88.14273730033013
118.6075230071106 88.14273730033013 106.39874031786097 92.07302938313477
106.39874031786097 92.07302938313477 105.998222317196 89.93051378762416
105.998222317196 89.93051378762416 109.34708724928475 58.12615144270386
109.34708724928475 58.12615144270386 136.50029850591744 74.03325605918265
180.92517673745476 84.0659663176666 160.20300287838933 81.15053418228224
160.20300287838933 81.15053418228224 144.89071086054884 88.31973081853486
144.89071086054884 88.31973081853486 152.60150063161115 71.16973906166643
152.60150063161115 71.16973906166643 138.03918359521415 66.83720763165641
138.03918359521415 66.83720763165641 151.8817404928041 66.51372659610878
151.8817404928041 66.51372659610878 150.2533144680609 58.12615144270385
150.2533144680609 58.12615144270385 157.61482243089412 61.705632287791374
157.61482243089412 61.705632287791374 180.92517673745476 84.0659663176666
202.3594191525385 94.3480957311975 183.68717450201916 104.23320002883654
183.68717450201916 104.23320002883654 188.7967223784434 80.64892004679248
188.7967223784434 80.64892004679248 184.89838283422378 74.38223659341187
184.89838283422378 74.38223659341187 180.92517673745476 65.77131060533333
180.92517673745476 65.77131060533333 196.44283152753042 73.22709865636975
196.44283152753042 73.22709865636975 194.94918177856798 58.12615144270386
194.94918177856798 58.12615144270386 208.57235376285797 73.33313047475308
208.57235376285797 73.33313047475308 202.3594191525385 94.3480957311975
36.27000604277017 130.78801872520523 23.63728214372339 143.9044737737778
23.63728214372339 143.9044737737778 5.57797825858907 149.0824909617874
5.57797825858907 149.0824909617874 0.0 142.62482963511476
0.0 142.62482963511476 14.074791038027886 123.6479000479131
14.074791038027886 123.6479000479131 18.90535817441082 104.23320002883654
18.90535817441082 104.23320002883654 34.442568777825734 109.44216689060565
34.442568777825734 109.44216689060565 37.99646619093246 122.6884003178139
37.99646619093246 122.6884003178139 36.27000604277017 130.78801872520523
75.34230725171912 131.54402723744403 70.10188620532061 138.27581973754286
70.10188620532061 138.27581973754286 61.99900045099509 144.28738606258892
61.99900045099509 144.28738606258892 37.996466190932466 135.03391630922408
37.996466190932466 135.03391630922408 48.66187305674245 118.79840887686746
48.66187305674245 118.79840887686746 52.215286419663705 111.34135056211468
52.215286419663705 111.34135056211468 50.20473166102591 107.18987291290804
50.20473166102591 107.18987291290804 61.73308485112821 104.23320002883654
61.73308485112821 104.23320002883654 75.34230725171912 131.54402723744403
103.85574677279081 126.78149165438387 82.65611614733899 122.66421453756672
82.65611614733899 122.66421453756672 78.98122573509094 127.45965164139183
78.98122573509094 127.45965164139183 76.7736966951468 123.33271620918399
76.7736966951468 123.33271620918399 75.34230725171912 120.93221474411337
75.34230725171912 120.93221474411337 76.69140015245924 110.59449465332297
76.69140015245924 110.59449465332297 115.34212520202699 104.23320002883654
115.34212520202699 104.23320002883654 118.58592611849633 105.30966823639291
118.58592611849633 105.30966823639291 103.85574677279081 126.78149165438387
140.17110904496099 149.43945178566784 128.13882561645312 129.242868129554
128.13882561645312 129.242868129554 125.79474366976274 124.7659316086443
125.79474366976274 124.7659316086443 126.58896971762358 117.98689432062464
126.58896971762358 117.98689432062464 118.58592611849633 104.23320002883654
118.58592611849633 104.23320002883654 139.3912718884413 109.26238452181201
139.3912718884413 109.26238452181201 166.6134549846905 113.27212904767059
166.6134549846905 113.27212904767059 164.59650147718418 117.03785203930454
164.59650147718418 117.03785203930454 140.17110904496099 149.43945178566784
210.07031073782994 119.3857939526714 207.17577083909143 131.8499263268873
207.17577083909143 131.8499263268873 201.47562521661692 127.42255106861263
201.47562521661692 127.42255106861263 188.95621357204575 141.18595075715206
188.95621357204575 141.18595075715206 185.91969842125658 124.63639450071389
185.91969842125658 124.63639450071389 176.23117043355248 109.3589538181805
176.23117043355248 109.3589538181805 166.6134549846905 105.48515501026603
166.6134549846905 105.48515501026603 215.27319838795006 104.23320002883654
215.27319838795006 104.23320002883654 210.07031073782994 119.3857939526714
29.300387105966266 188.10558734999 0.0 162.594648692059
0.0 162.594648692059 4.059759325855353 161.8144149625895
4.059759325855353 161.8144149625895 17.55924341425162 163.19326499953686
17.55924341425162 163.19326499953686 20.008449384242308 162.97387016612143
20.008449384242308 162.97387016612143 28.615006750438205 149.43945178566787
28.615006750438205 149.43945178566787 29.611556408549525 158.8635257584685
29.611556408549525 158.8635257584685 43.87729854056011 159.49821011662485
43.87729854056011 159.49821011662485 29.300387105966266 188.10558734999
78.12937546007261 170.4576584035381 62.87136806018504 185.11446680298036
62.87136806018504 185.11446680298036 51.15654840868411 174.61107265659496
51.15654840868411 174.61107265659496 43.87729854056011 156.7235580398437
43.87729854056011 156.7235580398437 53.07358527061837 158.54855338906464
53.07358527061837 158.54855338906464 63.96190818047459 149.43945178566787
63.96190818047459 149.43945178566787 70.24943812573267 158.54844190859384
70.24943812573267 158.54844190859384 68.05152912164337 161.1543788629162
68.05152912164337 161.1543788629162 78.12937546007261 170.4576584035381
97.2797269173103 187.19529565349274 92.19139701981364 186.03429837554697
92.19139701981364 186.03429837554697 78.31760627510555 188.103445777426
78.31760627510555 188.103445777426 86.42139959764728 181.51592116242568
86.42139959764728 181.51592116242568 78.12937546007262 180.77173399602665
78.12937546007262 180.77173399602665 83.37705773207976 174.39782565128436
83.37705773207976 174.39782565128436 78.51106271294506 163.46956836275174
78.51106271294506 163.46956836275174 92.13126749462386 149.43945178566787
92.13126749462386 149.43945178566787 97.2797269173103 187.19529565349274
133.99957137153515 179.49527733162807 131.37609822993707 177.16121476540104
131.37609822993707 177.16121476540104 132.2921053218747 192.6764016275347
132.2921053218747 192.6764016275347 107.38808194778471 169.84625792339565
107.38808194778471 169.84625792339565 97.2797269173103 158.22343835311204
97.2797269173103 158.22343835311204 115.01222380601116 160.73806157216342
115.01222380601116 160.73806157216342 110.30292949415467 149.43945178566787
110.30292949415467 149.43945178566787 122.14734873488871 150.19545831789168
122.14734873488871 150.19545831789168 133.99957137153515 179.49527733162807
167.89463344702014 163.95213263976092 144.9065459094629 173.25477832322136
144.9065459094629 173.25477832322136 144.58232825475304 170.9358094786876
144.58232825475304 170.9358094786876 133.99957137153515 182.58905831169093
133.99957137153515 182.58905831169093 137.6388496608919 153.31326399103014
137.6388496608919 153.31326399103014 136.24777172569804 149.43945178566787
136.24777172569804 149.43945178566787 174.34697938553148 159.14736701254577
174.34697938553148 159.14736701254577 176.27155585417646 159.42523464440546
176.27155585417646 159.42523464440546 167.89463344702014 163.95213263976092
193.35585500027526 169.26993430443568 199.07228244997253 174.6008293286962
199.07228244997253 174.6008293286962 189.1312662060156 174.99985970292764
189.1312662060156 174.99985970292764 176.27155585417648 154.91118749364924
176.27155585417648 154.91118749364924 190.03081290224017 149.43945178566787
190.03081290224017 149.43945178566787 190.73075160601553 157.8801114437782
190.73075160601553 157.8801114437782 199.51040907644335 159.1239737577999
199.51040907644335 159.1239737577999 195.57479366301357 163.43162704649967
195.57479366301357 163.43162704649967 193.35585500027526 169.26993430443568
35.54926987831023 213.9913278626017 37.33096352642162 216.6766600167889
37.33096352642162 216.6766600167889 38.498672085645154 232.450982576474
38.498672085645154 232.450982576474 0.0 214.82589040954386
0.0 214.82589040954386 12.641150157037925 206.9347435839269
12.641150157037925 206.9347435839269 10.292557952808428 192.6764016275347
10.292557952808428 192.6764016275347 19.01505515312874 202.80159442408083
19.01505515312874 202.80159442408083 19.996257962532127 194.81413140459622
19.996257962532127 194.81413140459622 35.54926987831023 213.9913278626017
70.61880618156863 217.87210893056434 56.617320511445655 245.0914784553582
56.617320511445655 245.0914784553582 51.53027274564183 227.65045761680656
51.53027274564183 227.65045761680656 43.49617083723676 202.60692591375494
43.49617083723676 202.60692591375494 38.498672085645154 192.6764016275347
38.498672085645154 192.6764016275347 65.47530444156902 199.23485421954632
65.47530444156902 199.23485421954632 62.163370703102125 205.42710012549747
62.163370703102125 205.42710012549747 66.59186167192158 200.95589635657493
66.59186167192158 200.95589635657493 70.61880618156863 217.87210893056434
113.19127523931934 205.00748550530355 105.80842280984044 216.9394068372005
105.80842280984044 216.9394068372005 96.77854171915473 225.2294485185693
96.77854171915473 225.2294485185693 89.02883305459235 215.46834610442681
89.02883305459235 215.46834610442681 73.23232843876616 221.08233265907717
73.23232843876616 221.08233265907717 77.0784603804544 207.95287761874616
77.0784603804544 207.95287761874616 70.61880618156863 197.90607332891224
70.61880618156863 197.90607332891224 116.55755324378732 192.6764016275347
116.55755324378732 192.6764016275347 113.19127523931934 205.00748550530355
166.78964662655824 217.36278405492212 150.8539101210983 222.687672175641
150.8539101210983 222.687672175641 140.71914875095382 230.43091155802904
140.71914875095382 230.43091155802904 116.55755324378734 203.21855869036708
116.55755324378734 203.21855869036708 152.8644289630518 192.6764016275347
152.8644289630518 192.6764016275347 160.327248138916 197.55799888741043
160.327248138916 197.55799888741043 155.2796887922618 203.85808411746052
155.2796887922618 203.85808411746052 155.86937989016883 204.18864498496643
155.86937989016883 204.18864498496643 166.78964662655824 217.36278405492212
203.33131802802353 228.63286530371028 202.21340667647362 231.06745938751646
202.21340667647362 231.06745938751646 190.92066995662407 224.33335559613107
190.92066995662407 224.33335559613107 175.06188997216898 229.92029327500836
175.06188997216898 229.92029327500836 166.78964662655824 203.48622166109416
166.78964662655824 203.48622166109416 174.31808727327214 205.41492684291563
174.31808727327214 205.41492684291563 211.8087308754158 192.6764016275347
211.8087308754158 192.6764016275347 215.58966716633395 203.31416760861035
215.58966716633395 203.31416760861035 203.33131802802353 228.63286530371028
37.41176251791636 272.8757008885251 32.13028267436868 273.5979930356735
32.13028267436868 273.5979930356735 6.692799164441256 277.2586185168374
6.692799164441256 277.2586185168374 5.732838185639148 279.34210328276
5.732838185639148 279.34210328276 0.0 247.74729689418126
0.0 247.74729689418126 32.91592997104731 245.12363175883033
32.91592997104731 245.12363175883033 34.3220386575167 246.4880190069318
34.3220386575167 246.4880190069318 44.30012985848346 245.0914784553582
44.30012985848346 245.0914784553582 37.41176251791636 272.8757008885251
67.47959771202595 278.30105416459594 63.972830908229824 288.33859390782766
63.972830908229824 288.33859390782766 53.28864681685453 283.22158016335544
53.28864681685453 283.22158016335544 44.30012985848346 259.2924734154795
44.30012985848346 259.2924734154795 57.321567151613436 245.0914784553582
57.321567151613436 245.0914784553582 58.5916849211626 251.86782987716865
58.5916849211626 251.86782987716865 74.16259700748319 254.099631134976
74.16259700748319 254.099631134976 73.3054170003416 260.8127074167854
73.3054170003416 260.8127074167854 67.47959771202595 278.30105416459594
100.73585248075223 282.107578016655 102.64999533015148 297.7133308066752
102.64999533015148 297.7133308066752 86.58776534207009 281.3436812710604
86.58776534207009 281.3436812710604 78.44845201721685 274.8399976189479
78.44845201721685 274.8399976189479 75.56445795270416 273.7461093485829
75.56445795270416 273.7461093485829 74.16259700748319 258.8192911747753
74.16259700748319 258.8192911747753 86.78750497414917 245.09147845535819
86.78750497414917 245.09147845535819 108.88040168106772 253.86120953171513
108.88040168106772 253.86120953171513 100.73585248075223 282.107578016655
142.42231611926024 268.87409780299555 126.08410793106407 272.4026931990546
126.08410793106407 272.4026931990546 114.66300243600034 283.5895047444184
114.66300243600034 283.5895047444184 108.88040168106772 266.20972591502226
108.88040168106772 266.20972591502226 109.63964014392317 262.5950467368395
109.63964014392317 262.5950467368395 140.78790728522975 245.09147845535819
140.78790728522975 245.09147845535819 148.15322450560194 250.58057349038057
148.15322450560194 250.58057349038057 147.65211973361227 259.59555883870115
147.65211973361227 259.59555883870115 142.42231611926024 268.87409780299555
192.3037829821002 270.4743011755658 155.5583569234081 270.47113563723576
155.5583569234081 270.47113563723576 148.15322450560194 261.9124347118815
148.15322450560194 261.9124347118815 151.7602387111768 261.76904287399447
151.7602387111768 261.76904287399447 177.3211401635883 245.3303385613487
177.3211401635883 245.3303385613487 183.1687197830745 245.0914784553582
183.1687197830745 245.0914784553582 180.45533414059832 257.37862009594255
180.45533414059832 257.37862009594255 188.4671742010725 264.6946095649004
188.4671742010725 264.6946095649004 192.3037829821002 270.4743011755658
229.83093257564036 270.5412296338148 208.7936037372027 291.27521857508657
208.7936037372027 291.27521857508657 202.47332282707487 277.60132893070323
202.47332282707487 277.60132893070323 196.12522537048474 277.6720452110785
196.12522537048474 277.6720452110785 205.82962761102513 269.1737937983092
205.82962761102513 269.1737937983092 192.30378298210024 263.5029618980638
192.30378298210024 263.5029618980638 195.94089362691102 247.46157584080015
195.94089362691102 247.46157584080015 228.94319058803413 245.09147845535819
228.94319058803413 245.09147845535819 229.83093257564036 270.5412296338148
33.11548177729645 327.4523924330399 33.51629160129062 337.67432007322594
33.51629160129062 337.67432007322594 31.58761224609497 343.0498134076201
31.58761224609497 343.0498134076201 1.0180081849706752 329.5811897926229
1.0180081849706752 329.5811897926229 0.0 323.5812593012754
0.0 323.5812593012754 11.247654463497014 319.68349260524536
11.247654463497014 319.68349260524536 12.858351281320306 309.5781312406192
12.858351281320306 309.5781312406192 18.799355802893277 297.71333080667523
18.799355802893277 297.71333080667523 33.11548177729645 327.4523924330399
44.05963755777533 330.0830721081394 40.15816731063707 330.34653291638
40.15816731063707 330.34653291638 44.996969471269566 325.3694166055311
44.996969471269566 325.3694166055311 43.27938691175344 326.276905874838
43.27938691175344 326.276905874838 47.619812001603194 309.88897524169704
47.619812001603194 309.88897524169704 33.51629160129062 306.75962570046187
33.51629160129062 306.75962570046187 64.05129224083302 297.71333080667523
64.05129224083302 297.71333080667523 83.62959345633374 303.31467866824374
83.62959345633374 303.31467866824374 44.05963755777533 330.0830721081394
