214
31.024403300528917 15.512201650264458 26.48098462829961 26.48098462829961
26.48098462829961 26.48098462829961 15.51220165026446 31.024403300528917
15.51220165026446 31.024403300528917 4.543418672229308 26.48098462829961
4.543418672229308 26.48098462829961 0.0 15.51220165026446
0.0 15.51220165026446 4.543418672229304 4.543418672229308
4.543418672229304 4.543418672229308 15.512201650264455 0.0
15.512201650264455 0.0 26.48098462829961 4.543418672229304
26.48098462829961 4.543418672229304 31.024403300528917 15.512201650264458
67.5928544383332 15.916652685552346 40.02440330052893 31.8333053711047
40.02440330052893 31.8333053711047 40.02440330052892 0.0
40.02440330052892 0.0 67.5928544383332 15.916652685552346
100.28232492401881 15.986523238628768 72.59285443833322 31.97304647725754
72.59285443833322 31.97304647725754 72.5928544383332 0.0
72.5928544383332 0.0 100.28232492401881 15.986523238628768
155.35136796803442 23.1140387309017 146.42489125762748 41.650058616066346
146.42489125762748 41.650058616066346 126.36728015628411 46.2280774618034
126.36728015628411 46.2280774618034 110.28232492401882 33.40075370270704
110.28232492401882 33.40075370270704 110.28232492401881 12.827323759096362
110.28232492401881 12.827323759096362 126.36728015628411 0.0
126.36728015628411 0.0 146.42489125762748 4.578018845737052
146.42489125762748 4.578018845737052 155.35136796803442 23.1140387309017
209.34499983298696 21.996815932476267 202.90228161087694 37.550913642842524
202.90228161087694 37.550913642842524 187.3481839005107 43.99363186495253
187.3481839005107 43.99363186495253 171.79408619014444 37.550913642842524
171.79408619014444 37.550913642842524 165.35136796803442 21.99681593247627
165.35136796803442 21.99681593247627 171.79408619014444 6.44271822211001
171.79408619014444 6.44271822211001 187.3481839005107 0.0
187.3481839005107 0.0 202.90228161087694 6.442718222110006
202.90228161087694 6.442718222110006 209.34499983298696 21.996815932476267
54.343182477408256 80.75936573576786 40.75738685805619 104.29065400973232
40.75738685805619 104.29065400973232 13.58579561935207 104.29065400973232
13.58579561935207 104.29065400973232 0.0 80.75936573576786
0.0 80.75936573576786 13.585795619352051 57.22807746180341
13.585795619352051 57.22807746180341 40.75738685805619 57.2280774618034
40.75738685805619 57.2280774618034 54.343182477408256 80.75936573576786
115.33554565382795 83.22425905001325 89.3393640656181 109.2204406382231
89.3393640656181 109.2204406382231 63.343182477408256 83.22425905001325
63.343182477408256 83.22425905001325 89.3393640656181 57.2280774618034
89.3393640656181 57.2280774618034 115.33554565382795 83.22425905001325
164.01207063044853 72.67646593605512 155.09293938629338 88.12485441030685
155.09293938629338 88.12485441030685 137.25467689798307 88.12485441030685
137.25467689798307 88.12485441030685 128.33554565382792 72.67646593605512
128.33554565382792 72.67646593605512 137.25467689798307 57.2280774618034
137.25467689798307 57.2280774618034 155.09293938629338 57.228077461803394
155.09293938629338 57.228077461803394 164.01207063044853 72.67646593605512
201.7361498891349 75.54398316159899 170.01207063044853 93.85988886139458
170.01207063044853 93.85988886139458 170.01207063044853 57.228077461803394
170.01207063044853 57.228077461803394 201.7361498891349 75.54398316159899
238.82024228480535 69.57980731523013 234.05009241383337 79.48512558716018
234.05009241383337 79.48512558716018 223.33166294708388 81.93153716865685
223.33166294708388 81.93153716865685 214.7361498891349 75.07684424115133
214.7361498891349 75.07684424115133 214.7361498891349 64.08277038930892
214.7361498891349 64.08277038930892 223.33166294708386 57.2280774618034
223.33166294708386 57.2280774618034 234.05009241383337 59.67448904330007
234.05009241383337 59.67448904330007 238.82024228480535 69.57980731523013
22.20323226412396 132.03948276279485 8.881784197001252e-15 144.8585248873666
8.881784197001252e-15 144.8585248873666 0.0 119.2204406382231
0.0 119.2204406382231 22.20323226412396 132.03948276279485
59.89191660621444 135.78386026582524 31.203232264123972 152.34727989342738
31.203232264123972 152.34727989342738 31.20323226412396 119.22044063822311
31.20323226412396 119.22044063822311 59.89191660621444 135.78386026582524
125.18831554524718 144.36864010773948 117.82257845525777 162.15110248726646
117.82257845525777 162.15110248726646 100.04011607573081 169.51683957725587
100.04011607573081 169.51683957725587 82.25765369620385 162.15110248726646
82.25765369620385 162.15110248726646 74.89191660621444 144.36864010773948
74.89191660621444 144.36864010773948 82.25765369620385 126.58617772821252
82.25765369620385 126.58617772821252 100.04011607573081 119.22044063822311
100.04011607573081 119.22044063822311 117.82257845525777 126.5861777282125
117.82257845525777 126.5861777282125 125.18831554524718 144.36864010773948
189.95893151717905 149.10574862418903 160.07362353121312 178.99105661015497
160.07362353121312 178.99105661015497 130.18831554524718 149.10574862418903
130.18831554524718 149.10574862418903 160.07362353121312 119.22044063822308
160.07362353121312 119.22044063822308 189.95893151717905 149.10574862418903
225.74366489383638 131.2515831090044 218.79748154967206 143.2827255797857
218.79748154967206 143.2827255797857 204.9051148613434 143.2827255797857
204.9051148613434 143.2827255797857 197.95893151717908 131.2515831090044
197.95893151717908 131.2515831090044 204.9051148613434 119.2204406382231
204.9051148613434 119.2204406382231 218.79748154967206 119.2204406382231
218.79748154967206 119.2204406382231 225.74366489383638 131.2515831090044
28.242772485334676 202.83916079819767 17.454993332467172 217.68726498624034
17.454993332467172 217.68726498624034 1.7763568394002505e-15 212.01579385490768
1.7763568394002505e-15 212.01579385490768 0.0 193.66252774148765
0.0 193.66252774148765 17.45499333246717 187.991056610155
17.45499333246717 187.991056610155 28.242772485334676 202.83916079819767
74.28531536106227 204.5123280480188 57.76404392319847 221.03359948588258
57.76404392319847 221.03359948588258 41.24277248533467 204.5123280480188
41.24277248533467 204.5123280480188 57.76404392319847 187.991056610155
57.76404392319847 187.991056610155 74.28531536106227 204.5123280480188
120.79883348130932 205.17874695191884 114.16107020126762 218.96220442830761
114.16107020126762 218.96220442830761 99.24615149670913 222.36643729368268
99.24615149670913 222.36643729368268 87.28531536106227 212.82798876672126
87.28531536106227 212.82798876672126 87.28531536106227 197.52950513711642
87.28531536106227 197.52950513711642 99.24615149670913 187.991056610155
99.24615149670913 187.991056610155 114.1610702012676 191.39528947553003
114.1610702012676 191.39528947553003 120.79883348130932 205.17874695191884
155.15405041417978 201.66866507659023 151.14797164477542 211.3401947736211
151.14797164477542 211.3401947736211 141.47644194774455 215.34627354302546
141.47644194774455 215.34627354302546 131.80491225071367 211.3401947736211
131.80491225071367 211.3401947736211 127.79883348130932 201.66866507659023
127.79883348130932 201.66866507659023 131.80491225071367 191.99713537955935
131.80491225071367 191.99713537955935 141.47644194774455 187.991056610155
141.47644194774455 187.991056610155 151.14797164477542 191.99713537955935
151.14797164477542 191.99713537955935 155.15405041417978 201.66866507659023
191.32873903820877 203.85482921831434 179.8030335837745 219.71860182647367
179.8030335837745 219.71860182647367 161.15405041417978 213.65917987995635
161.15405041417978 213.65917987995635 161.15405041417978 194.05047855667232
161.15405041417978 194.05047855667232 179.8030335837745 187.991056610155
179.8030335837745 187.991056610155 191.32873903820877 203.85482921831434
246.20935203399546 211.00845740204886 237.32019620558313 229.46697967721272
237.32019620558313 229.46697967721272 217.34644436487443 234.02585819394272
217.34644436487443 234.02585819394272 201.32873903820877 221.25216444496692
201.32873903820877 221.25216444496692 201.32873903820877 200.7647503591308
201.32873903820877 200.7647503591308 217.34644436487443 187.991056610155
217.34644436487443 187.991056610155 237.32019620558313 192.549935126885
237.32019620558313 192.549935126885 246.20935203399546 211.00845740204886
55.99961042579105 270.2744008093262 41.999707819343286 294.5229434247097
41.999707819343286 294.5229434247097 13.999902606447767 294.5229434247097
13.999902606447767 294.5229434247097 0.0 270.2744008093262
0.0 270.2744008093262 13.99990260644775 246.02585819394275
13.99990260644775 246.02585819394275 41.999707819343286 246.02585819394272
41.999707819343286 246.02585819394272 55.99961042579105 270.2744008093262
88.35889158072581 257.7802946492516 67.99961042579105 269.5347311045604
67.99961042579105 269.5347311045604 67.99961042579105 246.02585819394272
67.99961042579105 246.02585819394272 88.35889158072581 257.7802946492516
146.214038374817 270.9534315909883 138.9129211653477 288.5798877785646
138.9129211653477 288.5798877785646 121.2864649777714 295.8810049880339
121.2864649777714 295.8810049880339 103.66000879019508 288.5798877785646
103.66000879019508 288.5798877785646 96.35889158072581 270.9534315909883
96.35889158072581 270.9534315909883 103.66000879019508 253.326975403412
103.66000879019508 253.326975403412 121.2864649777714 246.02585819394272
121.2864649777714 246.02585819394272 138.9129211653477 253.32697540341198
138.9129211653477 253.32697540341198 146.214038374817 270.9534315909883
216.43189462037935 274.6347863167239 208.05253357569526 294.86435339482097
208.05253357569526 294.86435339482097 187.82296649759817 303.243714439505
187.82296649759817 303.243714439505 167.59339941950108 294.86435339482097
167.59339941950108 294.86435339482097 159.214038374817 274.6347863167239
159.214038374817 274.6347863167239 167.59339941950108 254.40521923862678
167.59339941950108 254.40521923862678 187.82296649759817 246.0258581939427
187.82296649759817 246.0258581939427 208.05253357569526 254.40521923862678
208.05253357569526 254.40521923862678 216.43189462037935 274.6347863167239
31.93026368686744 328.2088462829388 15.965131843433722 344.1739781263725
15.965131843433722 344.1739781263725 0.0 328.2088462829388
0.0 328.2088462829388 15.965131843433717 312.2437144395051
15.965131843433717 312.2437144395051 31.93026368686744 328.2088462829388
98.006474893165 339.78182004265386 89.940750503034 359.2542012556716
89.940750503034 359.2542012556716 70.46836929001623 367.31992564580264
70.46836929001623 367.31992564580264 50.99598807699846 359.25420125567166
50.99598807699846 359.25420125567166 42.93026368686744 339.78182004265386
42.93026368686744 339.78182004265386 50.99598807699846 320.3094388296361
50.99598807699846 320.3094388296361 70.46836929001623 312.2437144395051
70.46836929001623 312.2437144395051 89.940750503034 320.30943882963606
89.940750503034 320.30943882963606 98.006474893165 339.78182004265386
145.31934903052806 330.40015150818664 127.16291196184653 348.5565885768682
127.16291196184653 348.5565885768682 109.006474893165 330.40015150818664
109.006474893165 330.40015150818664 127.16291196184653 312.2437144395051
127.16291196184653 312.2437144395051 145.31934903052806 330.40015150818664
184.88635540021377 331.04628433374336 152.3193490305281 349.84885422798163
152.3193490305281 349.84885422798163 152.31934903052806 312.2437144395051
152.31934903052806 312.2437144395051 184.88635540021377 331.04628433374336
251.1593320439039 341.3802027613502 222.02284372205884 370.51669108319527
222.02284372205884 370.51669108319527 192.88635540021377 341.3802027613502
192.88635540021377 341.3802027613502 222.02284372205884 312.2437144395051
222.02284372205884 312.2437144395051 251.1593320439039 341.3802027613502
34.56927455921293 393.485626062534 25.9269559194097 408.45456104187275
25.9269559194097 408.45456104187275 8.642318639803236 408.45456104187275
8.642318639803236 408.45456104187275 0.0 393.485626062534
0.0 393.485626062534 8.642318639803225 378.5166910831952
8.642318639803225 378.5166910831952 25.9269559194097 378.5166910831952
25.9269559194097 378.5166910831952 34.56927455921293 393.485626062534
66.04846287135297 390.3403559679943 45.569274559212936 402.1640208527934
45.569274559212936 402.1640208527934 45.56927455921293 378.5166910831952
45.56927455921293 378.5166910831952 66.04846287135297 390.3403559679943
109.75694786862236 398.86694594925643 94.97162225268083 419.21720081531765
94.97162225268083 419.21720081531765 71.04846287135297 411.44409513620525
71.04846287135297 411.44409513620525 71.04846287135297 386.2897967623077
71.04846287135297 386.2897967623077 94.97162225268083 378.5166910831952
94.97162225268083 378.5166910831952 109.75694786862236 398.86694594925643
173.673670707609 401.4303042149865 160.44448999786235 424.3439173467778
160.44448999786235 424.3439173467778 133.98612857836903 424.3439173467778
133.98612857836903 424.3439173467778 120.75694786862238 401.4303042149865
120.75694786862238 401.4303042149865 133.98612857836903 378.5166910831952
133.98612857836903 378.5166910831952 160.44448999786235 378.5166910831952
160.44448999786235 378.5166910831952 173.673670707609 401.4303042149865
207.02562148714406 389.69266647296274 203.7522540818551 397.59527445744135
203.7522540818551 397.59527445744135 195.84964609737654 400.86864186273027
195.84964609737654 400.86864186273027 187.94703811289796 397.59527445744135
187.94703811289796 397.59527445744135 184.673670707609 389.69266647296274
184.673670707609 389.69266647296274 187.94703811289796 381.79005848848414
187.94703811289796 381.79005848848414 195.84964609737654 378.5166910831952
195.84964609737654 378.5166910831952 203.7522540818551 381.79005848848414
203.7522540818551 381.79005848848414 207.02562148714406 389.69266647296274
252.35806607624843 395.6115163377664 245.75616662977066 409.32050179639657
245.75616662977066 409.32050179639657 230.92183322774144 412.70634159233754
230.92183322774144 412.70634159233754 219.02562148714406 403.2194293007007
219.02562148714406 403.2194293007007 219.02562148714406 388.00360337483204
219.02562148714406 388.00360337483204 230.92183322774144 378.5166910831952
230.92183322774144 378.5166910831952 245.75616662977066 381.9025308791362
245.75616662977066 381.9025308791362 252.35806607624843 395.6115163377664
20.03076646681403 447.0174936555451 15.023074850110522 455.6910699643123
15.023074850110522 455.6910699643123 5.007691616703509 455.6910699643123
5.007691616703509 455.6910699643123 0.0 447.0174936555451
0.0 447.0174936555451 5.007691616703503 438.34391734677786
5.007691616703503 438.34391734677786 15.023074850110522 438.34391734677786
15.023074850110522 438.34391734677786 20.03076646681403 447.0174936555451
59.88681947391036 452.462979961329 49.62872002886838 466.5820425758801
49.62872002886838 466.5820425758801 33.03076646681403 461.18904054640956
33.03076646681403 461.18904054640956 33.03076646681403 443.7369193762484
33.03076646681403 443.7369193762484 49.62872002886838 438.34391734677786
49.62872002886838 438.34391734677786 59.88681947391036 452.462979961329
93.78744107555421 450.38348660962953 85.04018198722632 462.4230558724812
85.04018198722632 462.4230558724812 70.88681947391035 457.82434962398037
70.88681947391035 457.82434962398037 70.88681947391035 442.9426235952787
70.88681947391035 442.9426235952787 85.04018198722632 438.34391734677786
85.04018198722632 438.34391734677786 93.78744107555421 450.38348660962953
