258
28.689659380111635 14.344829690055818 28.68965938011163 14.344829690055823
28.68965938011163 14.344829690055823 24.48815603886041 24.488156038860406
24.48815603886041 24.488156038860406 14.344829690055818 28.689659380111635
14.344829690055818 28.689659380111635 4.201503341251229 24.48815603886041
4.201503341251229 24.48815603886041 0.0 14.34482969005582
0.0 14.34482969005582 4.201503341251225 4.201503341251229
4.201503341251225 4.201503341251229 14.344829690055816 0.0
14.344829690055816 0.0 24.488156038860403 4.201503341251225
24.488156038860403 4.201503341251225 28.68965938011163 14.344829690055812
28.68965938011163 14.344829690055812 28.689659380111635 14.344829690055818
63.35337292201657 18.223792670564755 50.113012525298885 36.44758534112951
50.113012525298885 36.44758534112951 28.689659380111635 29.486715944904994
28.689659380111635 29.486715944904994 28.68965938011163 14.344829690055823
28.68965938011163 14.344829690055823 28.68965938011163 14.344829690055812
28.68965938011163 14.344829690055812 28.68965938011163 6.960869396224524
28.68965938011163 6.960869396224524 50.113012525298885 0.0
50.113012525298885 0.0 63.35337292201657 18.223792670564755
99.73942830477814 19.12928136200763 85.84119186509929 38.25856272401526
85.84119186509929 38.25856272401526 63.353372922016575 30.95182742408823
63.353372922016575 30.95182742408823 63.353372922016575 7.306735299927038
63.353372922016575 7.306735299927038 85.84119186509929 0.0
85.84119186509929 0.0 99.73942830477814 19.12928136200763
121.42193976092956 10.841255728075712 110.58068403285385 21.682511456151424
110.58068403285385 21.682511456151424 99.73942830477814 10.841255728075714
99.73942830477814 10.841255728075714 110.58068403285385 0.0
110.58068403285385 0.0 121.42193976092956 10.841255728075712
141.9028297676832 10.240445003376795 138.903472868562 17.481533107632423
138.903472868562 17.481533107632423 131.66238476430638 20.48089000675359
131.66238476430638 20.48089000675359 124.42129666005076 17.481533107632423
124.42129666005076 17.481533107632423 121.42193976092959 10.240445003376797
121.42193976092959 10.240445003376797 124.42129666005076 2.9993568991211665
124.42129666005076 2.9993568991211665 131.66238476430638 0.0
131.66238476430638 0.0 138.903472868562 2.999356899121164
138.903472868562 2.999356899121164 141.9028297676832 10.240445003376795
182.5556147504231 17.603172264819666 172.39241850473812 35.20634452963933
172.39241850473812 35.20634452963933 152.06602601336814 35.20634452963933
152.06602601336814 35.20634452963933 141.90282976768316 17.60317226481967
141.90282976768316 17.60317226481967 152.06602601336814 7.105427357601002e-15
152.06602601336814 7.105427357601002e-15 172.39241850473812 0.0
172.39241850473812 0.0 182.5556147504231 17.603172264819666
214.44616665034192 16.765855316437264 202.26505974456546 33.53171063287453
202.26505974456546 33.53171063287453 182.5556147504231 27.12772375245862
182.5556147504231 27.12772375245862 182.5556147504231 17.603172264819666
182.5556147504231 17.603172264819666 182.5556147504231 6.403986880415912
182.5556147504231 6.403986880415912 202.26505974456546 0.0
202.26505974456546 0.0 214.44616665034192 16.765855316437264
238.84576086402382 10.565334215540156 232.74586231060334 21.130668431080313
232.74586231060334 21.130668431080313 220.5460652037624 21.130668431080316
220.5460652037624 21.130668431080316 214.44616665034192 10.565334215540158
214.44616665034192 10.565334215540158 220.5460652037624 1.7763568394002505e-15
220.5460652037624 1.7763568394002505e-15 232.74586231060334 0.0
232.74586231060334 0.0 238.84576086402382 10.565334215540156
41.95659436650992 56.426301012853585 31.467445774882442 74.59403930169191
31.467445774882442 74.59403930169191 10.489148591627483 74.59403930169191
10.489148591627483 74.59403930169191 0.0 56.426301012853585
0.0 56.426301012853585 10.48914859162747 38.25856272401526
10.48914859162747 38.25856272401526 31.467445774882442 38.25856272401526
31.467445774882442 38.25856272401526 41.95659436650992 56.426301012853585
59.69290889317214 48.49862869041556 59.69290889317213 48.498628690415565
59.69290889317213 48.498628690415565 41.956594366509925 58.73869465681586
41.956594366509925 58.73869465681586 41.95659436650992 38.25856272401526
41.95659436650992 38.25856272401526 59.69290889317213 48.49862869041555
59.69290889317213 48.49862869041555 59.69290889317214 48.49862869041556
80.11698545148026 48.73322259532842 76.07174660424643 57.1332476158551
76.07174660424643 57.1332476158551 66.98217742234644 59.20788246664158
66.98217742234644 59.20788246664158 59.69290889317213 53.39488479020709
59.69290889317213 53.39488479020709 59.69290889317213 48.498628690415565
59.69290889317213 48.498628690415565 59.69290889317213 48.49862869041555
59.69290889317213 48.49862869041555 59.69290889317213 44.071560400449755
59.69290889317213 44.071560400449755 66.98217742234644 38.25856272401526
66.98217742234644 38.25856272401526 76.07174660424643 40.333197574801744
76.07174660424643 40.333197574801744 80.11698545148026 48.73322259532842
131.7293783872025 60.607384440235236 118.82628015327195 82.95620615645521
118.82628015327195 82.95620615645521 102.64459890246069 82.95620615645521
102.64459890246069 82.95620615645521 93.02008368541084 82.95620615645521
93.02008368541084 82.95620615645521 80.11698545148028 60.607384440235236
80.11698545148028 60.607384440235236 93.02008368541082 38.25856272401526
93.02008368541082 38.25856272401526 118.82628015327195 38.25856272401526
118.82628015327195 38.25856272401526 131.7293783872025 60.607384440235236
155.83767752479437 50.312712292811185 155.83767752479434 50.312712292811256
155.83767752479434 50.312712292811256 152.30709885753095 58.83628319434368
152.30709885753095 58.83628319434368 143.78352795599844 62.366861861607106
143.78352795599844 62.366861861607106 135.25995705446593 58.83628319434368
135.25995705446593 58.83628319434368 131.7293783872025 50.312712292811185
131.7293783872025 50.312712292811185 135.25995705446593 41.78914139127869
135.25995705446593 41.78914139127869 143.78352795599844 38.25856272401526
143.78352795599844 38.25856272401526 152.30709885753095 41.78914139127869
152.30709885753095 41.78914139127869 155.83767752479434 50.31271229281111
155.83767752479434 50.31271229281111 155.83767752479437 50.312712292811185
194.88796078053622 58.285829749507414 187.15357326144158 74.34645092228949
187.15357326144158 74.34645092228949 169.77456225878896 78.31309677499956
169.77456225878896 78.31309677499956 155.83767752479434 67.19880207571744
155.83767752479434 67.19880207571744 155.83767752479434 50.312712292811256
155.83767752479434 50.312712292811256 155.83767752479434 50.31271229281111
155.83767752479434 50.31271229281111 155.83767752479434 49.37285742329739
155.83767752479434 49.37285742329739 169.77456225878893 38.25856272401526
169.77456225878893 38.25856272401526 187.15357326144158 42.225208576725336
187.15357326144158 42.225208576725336 194.88796078053622 58.285829749507414
238.4520097047263 60.600752531001405 229.8236155372924 78.5177976377378
229.8236155372924 78.5177976377378 210.43578983023372 82.94294233798755
210.43578983023372 82.94294233798755 194.88796078053625 70.54396241596102
194.88796078053625 70.54396241596102 194.88796078053625 50.6575426460418
194.88796078053625 50.6575426460418 210.43578983023372 38.25856272401526
210.43578983023372 38.25856272401526 229.8236155372924 42.683707424264995
229.8236155372924 42.683707424264995 238.4520097047263 60.600752531001405
39.349313587464906 102.63086295018766 19.674656793732453 122.30551974392012
19.674656793732453 122.30551974392012 0.0 102.63086295018766
0.0 102.63086295018766 19.67465679373245 82.95620615645521
19.67465679373245 82.95620615645521 39.349313587464906 102.63086295018766
67.42725715690355 99.16701443456172 39.34931358746492 115.37782271266825
39.34931358746492 115.37782271266825 39.349313587464906 82.95620615645521
39.349313587464906 82.95620615645521 67.42725715690355 99.16701443456172
93.40166633091897 97.95253828511449 67.42725715690355 112.94887041377378
67.42725715690355 112.94887041377378 67.42725715690355 99.16701443456172
67.42725715690355 99.16701443456172 67.42725715690355 82.95620615645521
67.42725715690355 82.95620615645521 93.40166633091897 97.95253828511449
130.37339661708583 98.96543498129871 130.3733966170858 98.96543498129876
130.3733966170858 98.96543498129876 121.13046404554412 114.97466380614222
121.13046404554412 114.97466380614222 102.6445989024607 114.97466380614222
102.6445989024607 114.97466380614222 93.40166633091897 98.96543498129871
93.40166633091897 98.96543498129871 102.64459890246069 82.95620615645521
102.64459890246069 82.95620615645521 118.82628015327195 82.95620615645521
118.82628015327195 82.95620615645521 121.13046404554412 82.95620615645521
121.13046404554412 82.95620615645521 130.3733966170858 98.96543498129867
130.3733966170858 98.96543498129867 130.37339661708583 98.96543498129871
186.55713964426556 111.77051248883024 175.4292602893432 134.8777920678021
175.4292602893432 134.8777920678021 150.42514234620398 140.58481882120526
150.42514234620398 140.58481882120526 130.3733966170858 124.59408520159711
130.3733966170858 124.59408520159711 130.3733966170858 98.96543498129876
130.3733966170858 98.96543498129876 130.3733966170858 98.96543498129867
130.3733966170858 98.96543498129867 130.3733966170858 98.94693977606337
130.3733966170858 98.94693977606337 150.42514234620398 82.95620615645521
150.42514234620398 82.95620615645521 175.4292602893432 88.66323290985838
175.4292602893432 88.66323290985838 186.55713964426556 111.77051248883024
204.1127632729304 93.09195018425659 186.5571396442656 103.22769421205797
186.5571396442656 103.22769421205797 186.5571396442656 82.95620615645521
186.5571396442656 82.95620615645521 204.1127632729304 93.09195018425659
36.879663304691135 159.4988651029231 29.57519368780879 174.66675255299185
29.57519368780879 174.66675255299185 13.162199442700214 178.41291138464095
13.162199442700214 178.41291138464095 3.552713678800501e-15 167.91640758992475
3.552713678800501e-15 167.91640758992475 0.0 151.0813226159215
0.0 151.0813226159215 13.16219944270021 140.58481882120526
13.16219944270021 140.58481882120526 29.575193687808785 144.33097765285436
29.575193687808785 144.33097765285436 36.879663304691135 159.4988651029231
74.4212924868653 156.84082110681427 65.03588519132175 173.0968233924233
65.03588519132175 173.0968233924233 46.26507060023468 173.0968233924233
46.26507060023468 173.0968233924233 36.879663304691135 156.84082110681427
36.879663304691135 156.84082110681427 46.265070600234665 140.58481882120526
46.265070600234665 140.58481882120526 65.03588519132175 140.58481882120526
65.03588519132175 140.58481882120526 74.4212924868653 156.84082110681427
121.4072798327196 164.68197860028204 112.10112879355448 184.0064003528423
112.10112879355448 184.0064003528423 91.19039721943635 188.7791383793588
91.19039721943635 188.7791383793588 74.42129248686531 175.40622359975143
74.42129248686531 175.40622359975143 74.4212924868653 153.95773360081265
74.4212924868653 153.95773360081265 91.19039721943633 140.58481882120526
91.19039721943633 140.58481882120526 112.10112879355447 145.35755684772178
112.10112879355447 145.35755684772178 121.4072798327196 164.68197860028204
148.09553824452615 154.27211717338804 142.80960135605818 165.2484782232228
142.80960135605818 165.2484782232228 130.93220898113285 167.95941552557082
130.93220898113285 167.95941552557082 121.4072798327196 160.36353799872091
121.4072798327196 160.36353799872091 121.4072798327196 148.18069634805516
121.4072798327196 148.18069634805516 130.93220898113285 140.58481882120526
130.93220898113285 140.58481882120526 142.80960135605818 143.29575612355328
142.80960135605818 143.29575612355328 148.09553824452615 154.27211717338804
174.48879276715468 153.78144608251952 161.29216550584042 166.97807334383378
161.29216550584042 166.97807334383378 148.09553824452615 153.78144608251952
148.09553824452615 153.78144608251952 161.29216550584042 140.58481882120526
161.29216550584042 140.58481882120526 174.48879276715468 153.78144608251952
203.78350475999633 157.49812867610493 174.48879276715473 174.4114385310046
174.48879276715473 174.4114385310046 174.4887927671547 140.58481882120526
174.4887927671547 140.58481882120526 203.78350475999633 157.49812867610493
36.58251471538416 209.9000630979193 1.4210854715202004e-14 231.02098781647976
1.4210854715202004e-14 231.02098781647976 0.0 188.7791383793588
0.0 188.7791383793588 36.58251471538416 209.9000630979193
61.567698484024596 203.20434095393563 36.582514715384164 217.62954352851244
36.582514715384164 217.62954352851244 36.58251471538416 188.7791383793588
36.58251471538416 188.7791383793588 61.567698484024596 203.20434095393563
88.46182154556486 202.57201615293337 83.13511063845287 213.63304532490665
83.13511063845287 213.63304532490665 71.16609987527289 216.36489392650793
71.16609987527289 216.36489392650793 61.5676984840246 208.7104242411756
61.5676984840246 208.7104242411756 61.5676984840246 196.43360806469116
61.5676984840246 196.43360806469116 71.16609987527289 188.7791383793588
71.16609987527289 188.7791383793588 83.13511063845287 191.5109869809601
83.13511063845287 191.5109869809601 88.46182154556486 202.57201615293337
118.68515816963199 203.89080669139238 103.57348985759842 219.00247500342596
103.57348985759842 219.00247500342596 88.46182154556485 203.89080669139238
88.46182154556485 203.89080669139238 103.57348985759842 188.7791383793588
103.57348985759842 188.7791383793588 118.68515816963199 203.89080669139238
160.2498990262121 209.56150880764886 160.24989902621206 209.56150880764892
160.24989902621206 209.56150880764892 154.1628836568967 224.25686386662352
154.1628836568967 224.25686386662352 139.46752859792204 230.3438792359389
139.46752859792204 230.3438792359389 124.77217353894738 224.25686386662352
124.77217353894738 224.25686386662352 118.68515816963199 209.56150880764886
118.68515816963199 209.56150880764886 124.77217353894737 194.8661537486742
124.77217353894737 194.8661537486742 139.46752859792204 188.7791383793588
139.46752859792204 188.7791383793588 154.1628836568967 194.8661537486742
154.1628836568967 194.8661537486742 160.24989902621206 209.5615088076488
160.24989902621206 209.5615088076488 160.2498990262121 209.56150880764886
192.4818721456373 205.30957756192987 186.09793457012637 218.5659605318605
186.09793457012637 218.5659605318605 171.7533570465477 221.84001674450093
171.7533570465477 221.84001674450093 160.24989902621206 212.6663150931574
160.24989902621206 212.6663150931574 160.24989902621206 209.56150880764892
160.24989902621206 209.56150880764892 160.24989902621206 209.5615088076488
160.24989902621206 209.5615088076488 160.24989902621206 197.95284003070233
160.24989902621206 197.95284003070233 171.7533570465477 188.7791383793588
171.7533570465477 188.7791383793588 186.09793457012634 192.05319459199924
186.09793457012634 192.05319459199924 192.4818721456373 205.30957756192987
226.48168229872047 206.65389638297864 213.49491043128646 224.52865438659848
213.49491043128646 224.52865438659848 192.4818721456373 217.70110436989492
192.4818721456373 217.70110436989492 192.4818721456373 205.30957756192987
192.4818721456373 205.30957756192987 192.4818721456373 195.6066883960624
192.4818721456373 195.6066883960624 213.49491043128646 188.7791383793588
213.49491043128646 188.7791383793588 226.48168229872047 206.65389638297864
41.81729327726886 251.92963445511418 20.90864663863443 272.8382810937486
20.90864663863443 272.8382810937486 0.0 251.92963445511418
0.0 251.92963445511418 20.908646638634426 231.02098781647976
20.908646638634426 231.02098781647976 41.81729327726886 251.92963445511418
76.40713462873484 248.31590849221274 59.11221395300185 265.6108291679457
59.11221395300185 265.6108291679457 41.81729327726886 248.31590849221274
41.81729327726886 248.31590849221274 59.11221395300185 231.02098781647976
59.11221395300185 231.02098781647976 76.40713462873484 248.31590849221274
135.90269016293823 260.76876558358146 106.15491239583653 290.51654335068315
106.15491239583653 290.51654335068315 76.40713462873484 260.76876558358146
76.40713462873484 260.76876558358146 106.15491239583653 231.02098781647976
106.15491239583653 231.02098781647976 135.90269016293823 260.76876558358146
179.85816964644994 253.5639260862141 171.1522478561616 271.64195896063313
171.1522478561616 271.64195896063313 151.59021916182434 276.10686435594846
151.59021916182434 276.10686435594846 135.90269016293823 263.5964774420158
135.90269016293823 263.5964774420158 135.90269016293823 260.76876558358146
135.90269016293823 260.76876558358146 135.90269016293823 243.53137473041244
135.90269016293823 243.53137473041244 151.59021916182434 231.02098781647976
151.59021916182434 231.02098781647976 171.1522478561616 235.4858932117951
171.1522478561616 235.4858932117951 179.85816964644994 253.5639260862141
205.068608545109 243.95037397090823 200.07537193548677 254.31893662893702
200.07537193548677 254.31893662893702 188.85567111713036 256.8797601253367
188.85567111713036 256.8797601253367 179.85816964644994 249.70449213603877
179.85816964644994 249.70449213603877 179.85816964644994 238.1962558057777
179.85816964644994 238.1962558057777 188.85567111713036 231.02098781647976
188.85567111713036 231.02098781647976 200.07537193548677 233.58181131287944
200.07537193548677 233.58181131287944 205.068608545109 243.95037397090823
35.5158526897966 308.27446969558144 17.7579263448983 326.03239604047974
17.7579263448983 326.03239604047974 0.0 308.27446969558144
0.0 308.27446969558144 17.757926344898298 290.51654335068315
17.757926344898298 290.51654335068315 35.5158526897966 308.27446969558144
61.196903435720216 303.35706872364494 57.43600062797763 312.43669128886415
57.43600062797763 312.43669128886415 48.35637806275841 316.19759409660674
48.35637806275841 316.19759409660674 39.27675549753919 312.43669128886415
39.27675549753919 312.43669128886415 35.5158526897966 303.35706872364494
35.5158526897966 303.35706872364494 39.27675549753919 294.27744615842573
39.27675549753919 294.27744615842573 48.35637806275841 290.51654335068315
48.35637806275841 290.51654335068315 57.43600062797763 294.27744615842573
57.43600062797763 294.27744615842573 61.196903435720216 303.35706872364494
117.41376497483874 314.85915845763765 103.35954959005912 339.20177356459214
103.35954959005912 339.20177356459214 75.25111882049985 339.20177356459214
75.25111882049985 339.20177356459214 61.196903435720216 314.85915845763765
61.196903435720216 314.85915845763765 75.25111882049984 290.51654335068315
75.25111882049984 290.51654335068315 103.35954959005912 290.51654335068315
103.35954959005912 290.51654335068315 117.41376497483874 314.85915845763765
