138
30.523482897854347 15.261741448927173 15.261741448927175 30.523482897854347
15.261741448927175 30.523482897854347 0.0 15.261741448927175
0.0 15.261741448927175 15.26174144892717 0.0
15.26174144892717 0.0 30.523482897854347 15.261741448927173
69.78554486806324 22.667962047439858 30.523482897854365 45.33592409487973
30.523482897854365 45.33592409487973 30.52348289785435 0.0
30.52348289785435 0.0 69.78554486806324 22.667962047439858
112.3505342623176 24.574908084826298 69.78554486806325 49.14981616965261
69.78554486806325 49.14981616965261 69.78554486806324 0.0
69.78554486806324 0.0 112.3505342623176 24.574908084826298
139.7370110370293 14.397922891794025 129.27630774119902 28.79584578358805
129.27630774119902 28.79584578358805 112.35053426231758 23.29632860632291
112.35053426231758 23.29632860632291 112.35053426231758 5.499517177265146
112.35053426231758 5.499517177265146 129.27630774119902 0.0
129.27630774119902 0.0 139.7370110370293 14.397922891794025
197.92344414514096 25.19546461361432 183.37683586811306 50.39092922722864
183.37683586811306 50.39092922722864 156.6958299753161 50.39092922722864
156.6958299753161 50.39092922722864 154.28361931405723 50.39092922722864
154.28361931405723 50.39092922722864 139.7370110370293 25.195464613614323
139.7370110370293 25.195464613614323 154.2836193140572 7.105427357601002e-15
154.2836193140572 7.105427357601002e-15 183.37683586811306 0.0
183.37683586811306 0.0 197.92344414514096 25.19546461361432
29.00613988534706 67.1376318981857 1.2434497875801753e-14 83.88433456914277
1.2434497875801753e-14 83.88433456914277 0.0 50.390929227228646
0.0 50.390929227228646 29.00613988534706 67.1376318981857
69.73547479042496 71.80360776274789 69.73547479042495 71.8036077627479
69.73547479042495 71.8036077627479 54.17825319586267 93.21628629826714
54.17825319586267 93.21628629826714 29.00613988534706 85.0373708878741
29.00613988534706 85.0373708878741 29.00613988534706 67.1376318981857
29.00613988534706 67.1376318981857 29.00613988534706 58.56984463762167
29.00613988534706 58.56984463762167 54.178253195862666 50.39092922722864
54.178253195862666 50.39092922722864 69.73547479042495 71.80360776274787
69.73547479042495 71.80360776274787 69.73547479042496 71.80360776274789
110.9501693023627 71.5282328149893 102.7870935892164 88.47903419517756
102.7870935892164 88.47903419517756 84.44482895817525 92.66553640274995
84.44482895817525 92.66553640274995 69.73547479042495 80.93521788632262
69.73547479042495 80.93521788632262 69.73547479042495 71.8036077627479
69.73547479042495 71.8036077627479 69.73547479042495 71.80360776274787
69.73547479042495 71.80360776274787 69.73547479042495 62.121247743655985
69.73547479042495 62.121247743655985 84.44482895817525 50.39092922722864
84.44482895817525 50.39092922722864 102.7870935892164 54.57743143480103
102.7870935892164 54.57743143480103 110.9501693023627 71.5282328149893
156.6958299753161 74.44084628744496 139.22254243606727 98.49076334766127
139.22254243606727 98.49076334766127 110.9501693023627 89.3045124572746
110.9501693023627 89.3045124572746 110.9501693023627 71.5282328149893
110.9501693023627 71.5282328149893 110.9501693023627 59.57718011761533
110.9501693023627 59.57718011761533 139.22254243606727 50.39092922722864
139.22254243606727 50.39092922722864 156.6958299753161 74.44084628744496
199.73616782471413 75.24027987059102 156.69582997531612 100.08963051395341
156.69582997531612 100.08963051395341 156.6958299753161 50.39092922722864
156.6958299753161 50.39092922722864 199.73616782471413 75.24027987059102
33.279128606050755 116.72919481697879 28.40551305768423 128.49514357163764
28.40551305768423 128.49514357163764 16.639564303025377 133.36875912000417
16.639564303025377 133.36875912000417 4.873615548366526 128.49514357163764
4.873615548366526 128.49514357163764 0.0 116.72919481697879
0.0 116.72919481697879 4.873615548366523 104.96324606231994
4.873615548366523 104.96324606231994 16.639564303025374 100.08963051395341
16.639564303025374 100.08963051395341 28.405513057684225 104.96324606231994
28.405513057684225 104.96324606231994 33.279128606050755 116.72919481697879
85.26115361009053 122.59850761078157 72.26564735908059 145.10738470760973
72.26564735908059 145.10738470760973 46.274634857060704 145.10738470760973
46.274634857060704 145.10738470760973 33.279128606050755 122.59850761078157
33.279128606050755 122.59850761078157 46.27463485706069 100.08963051395341
46.27463485706069 100.08963051395341 72.26564735908059 100.08963051395341
72.26564735908059 100.08963051395341 85.26115361009053 122.59850761078157
133.25802511475482 124.08806626628555 126.22904602076642 141.0575229246293
126.22904602076642 141.0575229246293 109.25958936242267 148.0865020186177
109.25958936242267 148.0865020186177 92.29013270407893 141.0575229246293
92.29013270407893 141.0575229246293 85.26115361009053 124.08806626628555
85.26115361009053 124.08806626628555 92.29013270407893 107.1186096079418
92.29013270407893 107.1186096079418 109.25958936242267 100.08963051395341
109.25958936242267 100.08963051395341 126.22904602076642 107.1186096079418
126.22904602076642 107.1186096079418 133.25802511475482 124.08806626628555
162.86366396021634 115.27313201982683 156.99990409754 127.44935483903632
156.99990409754 127.44935483903632 143.82415528500914 130.45663352570025
143.82415528500914 130.45663352570025 133.25802511475484 122.03042589145495
133.25802511475484 122.03042589145495 133.25802511475484 108.51583814819871
133.25802511475484 108.51583814819871 143.82415528500914 100.08963051395341
143.82415528500914 100.08963051395341 156.99990409754 103.09690920061735
156.99990409754 103.09690920061735 162.86366396021634 115.27313201982683
196.30106934958644 116.80833320863846 191.404274702955 128.63024125669207
191.404274702955 128.63024125669207 179.5823666549014 133.5270359033235
179.5823666549014 133.5270359033235 167.76045860684778 128.63024125669207
167.76045860684778 128.63024125669207 162.86366396021634 116.80833320863846
162.86366396021634 116.80833320863846 167.76045860684778 104.98642516058484
167.76045860684778 104.98642516058484 179.5823666549014 100.08963051395341
179.5823666549014 100.08963051395341 191.404274702955 104.98642516058484
191.404274702955 104.98642516058484 196.30106934958644 116.80833320863846
40.13796278264287 168.67159466039917 32.18814699373149 185.17955724488223
32.18814699373149 185.17955724488223 14.325073062736532 189.25668730218064
14.325073062736532 189.25668730218064 3.552713678800501e-15 177.8328227408521
3.552713678800501e-15 177.8328227408521 0.0 159.51036657994624
0.0 159.51036657994624 14.325073062736525 148.0865020186177
14.325073062736525 148.0865020186177 32.188146993731486 152.1636320759161
32.188146993731486 152.1636320759161 40.13796278264287 168.67159466039917
74.5054127992998 167.92855853709557 40.13796278264289 187.77061505557344
40.13796278264289 187.77061505557344 40.13796278264287 148.0865020186177
40.13796278264287 148.0865020186177 74.5054127992998 167.92855853709557
132.43432356045153 173.17045618497727 117.95209587016362 198.25441035133684
117.95209587016362 198.25441035133684 88.98764048958775 198.25441035133684
88.98764048958775 198.25441035133684 74.50541279929982 173.17045618497727
74.50541279929982 173.17045618497727 88.98764048958773 148.0865020186177
88.98764048958773 148.0865020186177 109.25958936242267 148.0865020186177
109.25958936242267 148.0865020186177 117.95209587016362 148.0865020186177
117.95209587016362 148.0865020186177 132.43432356045153 173.17045618497727
91.12223149347956 24.574908084826298 86.18283840764965 31.373399426262896
86.18283840764965 31.373399426262896 78.19073251098065 28.776606806055984
78.19073251098065 28.776606806055984 78.19073251098065 20.373209363596615
78.19073251098065 20.373209363596615 86.18283840764965 17.7764167433897
86.18283840764965 17.7764167433897 91.12223149347956 24.574908084826298
131.9354503660896 14.397922891794025 124.59813900881251 21.735234249071116
124.59813900881251 21.735234249071116 117.26082765153542 14.397922891794027
117.26082765153542 14.397922891794027 124.59813900881251 7.060611534516933
124.59813900881251 7.060611534516933 131.9354503660896 14.397922891794025
53.29635027233446 71.80360776274789 50.25860123145167 77.06514344220051
50.25860123145167 77.06514344220051 44.1831031496861 77.06514344220051
44.1831031496861 77.06514344220051 41.14535410880331 71.80360776274789
41.14535410880331 71.80360776274789 44.18310314968609 66.54207208329527
44.18310314968609 66.54207208329527 50.25860123145167 66.54207208329527
50.25860123145167 66.54207208329527 53.29635027233446 71.80360776274789
138.4864418582447 74.44084628744496 131.4082506904352 81.51903745525445
131.4082506904352 81.51903745525445 124.33005952262572 74.44084628744496
124.33005952262572 74.44084628744496 131.4082506904352 67.36265511963546
131.4082506904352 67.36265511963546 138.4864418582447 74.44084628744496
21.875506046498952 116.72919481697879 14.021593431288592 121.26365337956229
14.021593431288592 121.26365337956229 14.021593431288588 112.1947362543953
14.021593431288588 112.1947362543953 21.875506046498952 116.72919481697879
115.7163659179994 124.08806626628555 109.25958936242267 130.5448428218623
109.25958936242267 130.5448428218623 102.80281280684595 124.08806626628555
102.80281280684595 124.08806626628555 109.25958936242267 117.63128971070883
109.25958936242267 117.63128971070883 115.7163659179994 124.08806626628555
154.68743648530125 115.27313201982683 147.28969042211776 122.67087808301034
147.28969042211776 122.67087808301034 139.89194435893427 115.27313201982683
139.89194435893427 115.27313201982683 147.28969042211776 107.87538595664333
147.28969042211776 107.87538595664333 154.68743648530125 115.27313201982683
25.548254640035328 168.67159466039917 15.761101871892102 174.32220994568664
15.761101871892102 174.32220994568664 15.761101871892098 163.0209793751117
15.761101871892098 163.0209793751117 25.548254640035328 168.67159466039917
