119
56.57793105476233 29.016468985970818 45.37197792657835 52.285870425631565
45.37197792657835 52.285870425631565 20.192429807334992 58.032937971941635
20.192429807334992 58.032937971941635 3.552713678800501e-15 41.93001254371614
3.552713678800501e-15 41.93001254371614 0.0 16.102925428225504
0.0 16.102925428225504 20.192429807334985 0.0
20.192429807334985 0.0 45.37197792657834 5.747067546310067
45.37197792657834 5.747067546310067 56.57793105476233 29.016468985970818
106.43528782249248 20.42867838386507 100.45186645453744 34.8739353997751
100.45186645453744 34.8739353997751 86.00660943862741 40.85735676773014
86.00660943862741 40.85735676773014 71.56135242271738 34.8739353997751
71.56135242271738 34.8739353997751 65.57793105476233 20.428678383865073
65.57793105476233 20.428678383865073 71.56135242271738 5.9834213679550405
71.56135242271738 5.9834213679550405 86.00660943862741 0.0
86.00660943862741 0.0 100.45186645453744 5.983421367955035
100.45186645453744 5.983421367955035 106.43528782249248 20.42867838386507
162.4424408880949 22.003576532801205 140.43886435529367 44.00715306560241
140.43886435529367 44.00715306560241 118.43528782249247 22.00357653280121
118.43528782249247 22.00357653280121 140.43886435529367 0.0
140.43886435529367 0.0 162.4424408880949 22.003576532801205
45.5283164605776 91.96859041767296 28.13804702319827 115.90424286340428
28.13804702319827 115.90424286340428 0.0 106.76163717203946
0.0 106.76163717203946 0.0 77.17554366330646
0.0 77.17554366330646 28.13804702319826 68.03293797194164
28.13804702319826 68.03293797194164 45.5283164605776 91.96859041767296
96.6963745189029 83.69416651397172 87.65436000432157 99.35539505600181
87.65436000432157 99.35539505600181 69.57033097515892 99.35539505600181
69.57033097515892 99.35539505600181 60.52831646057761 83.69416651397172
60.52831646057761 83.69416651397172 69.57033097515892 68.03293797194164
69.57033097515892 68.03293797194164 87.65436000432157 68.03293797194164
87.65436000432157 68.03293797194164 96.6963745189029 83.69416651397172
142.5823909268417 91.63849055115654 101.69637451890291 115.24404313037145
101.69637451890291 115.24404313037145 101.69637451890289 68.03293797194164
101.69637451890289 68.03293797194164 142.5823909268417 91.63849055115654
38.21893291185596 142.5051448553908 30.64920452421078 158.223847818577
30.64920452421078 158.223847818577 13.640179231490961 162.10604684737734
13.640179231490961 162.10604684737734 3.552713678800501e-15 151.22836689067685
3.552713678800501e-15 151.22836689067685 0.0 133.78192282010474
0.0 133.78192282010474 13.640179231490956 122.90424286340426
13.640179231490956 122.90424286340426 30.649204524210774 126.78644189220458
30.649204524210774 126.78644189220458 38.21893291185596 142.5051448553908
70.50493430265352 136.34842203473124 47.218932911855966 149.7926012060582
47.218932911855966 149.7926012060582 47.21893291185596 122.90424286340428
47.21893291185596 122.90424286340428 70.50493430265352 136.34842203473124
123.65344143748212 146.97849643081855 116.60225581959091 164.00156438034162
116.60225581959091 164.00156438034162 99.57918787006783 171.05274999823285
99.57918787006783 171.05274999823285 82.55611992054475 164.00156438034162
82.55611992054475 164.00156438034162 75.50493430265354 146.97849643081855
75.50493430265354 146.97849643081855 82.55611992054475 129.95542848129548
82.55611992054475 129.95542848129548 99.57918787006783 122.90424286340426
99.57918787006783 122.90424286340426 116.60225581959091 129.95542848129548
116.60225581959091 129.95542848129548 123.65344143748212 146.97849643081855
53.89903054971461 207.38914727127747 33.311432840392555 235.72554454432208
33.311432840392555 235.72554454432208 3.552713678800501e-15 224.90200390473888
3.552713678800501e-15 224.90200390473888 0.0 189.87629063781606
0.0 189.87629063781606 33.311432840392555 179.05274999823285
33.311432840392555 179.05274999823285 53.89903054971461 207.38914727127747
124.3658102951282 208.28613987093965 95.1324204224214 237.51952974364644
95.1324204224214 237.51952974364644 65.89903054971461 208.28613987093965
65.89903054971461 208.28613987093965 95.1324204224214 179.05274999823285
95.1324204224214 179.05274999823285 124.3658102951282 208.28613987093965
38.14625700199039 261.0373435551533 28.609692751492794 277.5551573666602
28.609692751492794 277.5551573666602 9.536564250497602 277.5551573666602
9.536564250497602 277.5551573666602 0.0 261.0373435551533
0.0 261.0373435551533 9.53656425049759 244.51952974364647
9.53656425049759 244.51952974364647 28.609692751492794 244.51952974364647
28.609692751492794 244.51952974364647 38.14625700199039 261.0373435551533
86.65767835983118 259.4634135519459 78.02982302037098 274.40729736024537
78.02982302037098 274.40729736024537 60.77411234145059 274.40729736024537
60.77411234145059 274.40729736024537 52.14625700199039 259.4634135519459
52.14625700199039 259.4634135519459 60.77411234145058 244.51952974364642
60.77411234145058 244.51952974364642 78.02982302037098 244.51952974364642
78.02982302037098 244.51952974364642 86.65767835983118 259.4634135519459
144.3865909409667 265.8839860342142 138.129086569823 280.99093795363825
138.129086569823 280.99093795363825 123.02213465039894 287.248442324782
123.02213465039894 287.248442324782 107.91518273097489 280.99093795363825
107.91518273097489 280.99093795363825 101.65767835983118 265.8839860342142
101.65767835983118 265.8839860342142 107.91518273097489 250.77703411479015
107.91518273097489 250.77703411479015 123.02213465039894 244.51952974364647
123.02213465039894 244.51952974364647 138.129086569823 250.77703411479015
138.129086569823 250.77703411479015 144.3865909409667 265.8839860342142
39.74093545109173 320.62991615198735 31.86975579441473 336.97458912534205
31.86975579441473 336.97458912534205 14.18337564866566 341.01138997919276
14.18337564866566 341.01138997919276 3.552713678800501e-15 329.7005253348592
3.552713678800501e-15 329.7005253348592 0.0 311.5593069691155
0.0 311.5593069691155 14.183375648665653 300.24844232478193
14.183375648665653 300.24844232478193 31.86975579441473 304.28524317863264
31.86975579441473 304.28524317863264 39.74093545109173 320.62991615198735
93.05268176770002 20.42867838386507 88.18396553190591 27.129891386716544
88.18396553190591 27.129891386716544 80.3062171808126 24.57025578548003
80.3062171808126 24.57025578548003 80.3062171808126 16.28710098225011
80.3062171808126 16.28710098225011 88.18396553190591 13.727465381013591
88.18396553190591 13.727465381013591 93.05268176770002 20.42867838386507
145.79449932288077 22.003576532801205 143.11668183908722 26.641692468127886
143.11668183908722 26.641692468127886 137.76104687150013 26.641692468127886
137.76104687150013 26.641692468127886 135.08322938770658 22.003576532801205
135.08322938770658 22.003576532801205 137.76104687150013 17.365460597474527
137.76104687150013 17.365460597474527 143.11668183908722 17.365460597474524
143.11668183908722 17.365460597474524 145.79449932288077 22.003576532801205
86.03746890971546 83.69416651397172 82.32490719972785 90.12451202190505
82.32490719972785 90.12451202190505 74.89978377975265 90.12451202190505
74.89978377975265 90.12451202190505 71.18722206976504 83.69416651397172
71.18722206976504 83.69416651397172 74.89978377975264 77.26382100603841
74.89978377975264 77.26382100603841 82.32490719972785 77.2638210060384
82.32490719972785 77.2638210060384 86.03746890971546 83.69416651397172
30.54092740899224 207.38914727127747 27.322653327546092 212.96336149302425
27.322653327546092 212.96336149302425 20.8861051646538 212.96336149302425
20.8861051646538 212.96336149302425 17.667831083207652 207.38914727127747
17.667831083207652 207.38914727127747 20.8861051646538 201.81493304953068
20.8861051646538 201.81493304953068 27.322653327546092 201.81493304953068
27.322653327546092 201.81493304953068 30.54092740899224 207.38914727127747
25.56168116933705 261.0373435551533 21.07820154440974 267.20832385170417
21.07820154440974 267.20832385170417 13.823779123409725 264.8512191223276
13.823779123409725 264.8512191223276 13.823779123409725 257.223467987979
13.823779123409725 257.223467987979 21.07820154440974 254.8663632586025
21.07820154440974 254.8663632586025 25.56168116933705 261.0373435551533
75.58880770489756 259.4634135519459 69.40196768091079 265.6502535759327
69.40196768091079 265.6502535759327 63.215127656924004 259.4634135519459
63.215127656924004 259.4634135519459 69.40196768091079 253.27657352795913
69.40196768091079 253.27657352795913 75.58880770489756 259.4634135519459
