301
40.91622803500627 17.717246452676235 30.687171026254703 35.43449290535247
30.687171026254703 35.43449290535247 10.229057008751571 35.43449290535247
10.229057008751571 35.43449290535247 0.0 17.71724645267624
0.0 17.71724645267624 10.229057008751559 3.552713678800501e-15
10.229057008751559 3.552713678800501e-15 30.687171026254703 0.0
30.687171026254703 0.0 40.91622803500627 17.717246452676235
98.99709768915575 25.684396265807923 89.07796725259215 46.281682852724174
89.07796725259215 46.281682852724174 66.78988347502056 51.368792531615846
66.78988347502056 51.368792531615846 48.91622803500627 37.11502795615123
48.91622803500627 37.11502795615123 48.91622803500627 14.25376457546462
48.91622803500627 14.25376457546462 66.78988347502056 0.0
66.78988347502056 0.0 89.07796725259213 5.087109678891672
89.07796725259213 5.087109678891672 98.99709768915575 25.684396265807923
151.43797762567695 20.20956655986537 136.75486804737974 40.41913311973073
136.75486804737974 40.41913311973073 112.99709768915577 32.699765591765455
112.99709768915577 32.699765591765455 112.99709768915577 7.719367527965288
112.99709768915577 7.719367527965288 136.75486804737974 0.0
136.75486804737974 0.0 151.43797762567695 20.20956655986537
205.22540653583474 19.826538305085357 193.77854930829528 39.653076610170714
193.77854930829528 39.653076610170714 170.88483485321638 39.653076610170714
170.88483485321638 39.653076610170714 159.43797762567692 19.82653830508536
159.43797762567692 19.82653830508536 170.88483485321635 3.552713678800501e-15
170.88483485321635 3.552713678800501e-15 193.77854930829528 0.0
193.77854930829528 0.0 205.22540653583474 19.826538305085357
254.62452899882268 21.23907558110371 239.19343733363067 42.47815116220741
239.19343733363067 42.47815116220741 214.2254065358348 34.36554617985372
214.2254065358348 34.36554617985372 214.22540653583476 8.112604982353696
214.22540653583476 8.112604982353696 239.19343733363067 0.0
239.19343733363067 0.0 254.62452899882268 21.23907558110371
37.17348167727359 86.83091218470535 1.4210854715202004e-14 108.29303183779489
1.4210854715202004e-14 108.29303183779489 0.0 65.36879253161584
0.0 65.36879253161584 37.17348167727359 86.83091218470535
100.89252825238685 90.7948855416407 86.21276660860855 116.22097855166555
86.21276660860855 116.22097855166555 56.85324332105191 116.22097855166555
56.85324332105191 116.22097855166555 42.17348167727359 90.7948855416407
42.17348167727359 90.7948855416407 56.8532433210519 65.36879253161584
56.8532433210519 65.36879253161584 86.21276660860855 65.36879253161584
86.21276660860855 65.36879253161584 100.89252825238685 90.7948855416407
152.38161660685273 85.11333670884878 146.59857350877857 99.07483778800754
146.59857350877857 99.07483778800754 132.6370724296198 104.85788088608172
132.6370724296198 104.85788088608172 118.67557135046103 99.07483778800754
118.67557135046103 99.07483778800754 112.89252825238685 85.11333670884878
112.89252825238685 85.11333670884878 118.67557135046101 71.15183562969001
118.67557135046101 71.15183562969001 132.6370724296198 65.36879253161584
132.6370724296198 65.36879253161584 146.59857350877857 71.15183562969
146.59857350877857 71.15183562969 152.38161660685273 85.11333670884878
205.0187426466859 83.39819697715089 194.60946113672762 101.42760142268594
194.60946113672762 101.42760142268594 173.79089811681104 101.42760142268594
173.79089811681104 101.42760142268594 163.38161660685273 83.39819697715089
163.38161660685273 83.39819697715089 173.790898116811 65.36879253161585
173.790898116811 65.36879253161585 194.60946113672762 65.36879253161584
194.60946113672762 65.36879253161584 205.0187426466859 83.39819697715089
38.47563587434308 147.4587964888371 19.23781793717154 166.69661442600864
19.23781793717154 166.69661442600864 0.0 147.4587964888371
0.0 147.4587964888371 19.237817937171535 128.22097855166555
19.237817937171535 128.22097855166555 38.47563587434308 147.4587964888371
79.37251094749331 142.89875601279337 70.89829217920575 157.5765334739212
70.89829217920575 157.5765334739212 53.94985464263064 157.5765334739212
53.94985464263064 157.5765334739212 45.47563587434308 142.89875601279337
45.47563587434308 142.89875601279337 53.949854642630626 128.22097855166558
53.949854642630626 128.22097855166558 70.89829217920575 128.22097855166555
70.89829217920575 128.22097855166555 79.37251094749331 142.89875601279337
122.0987604978504 146.58410332684412 116.72032577497531 159.56879337914756
116.72032577497531 159.56879337914756 103.73563572267186 164.94722810202268
103.73563572267186 164.94722810202268 90.75094567036841 159.56879337914756
90.75094567036841 159.56879337914756 85.37251094749331 146.58410332684412
85.37251094749331 146.58410332684412 90.75094567036841 133.59941327454067
90.75094567036841 133.59941327454067 103.73563572267186 128.22097855166555
103.73563572267186 128.22097855166555 116.72032577497531 133.59941327454067
116.72032577497531 133.59941327454067 122.0987604978504 146.58410332684412
172.5505908541728 147.94689372982674 166.77300406360004 161.89522211741516
166.77300406360004 161.89522211741516 152.82467567601162 167.67280890798793
152.82467567601162 167.67280890798793 138.8763472884232 161.89522211741516
138.8763472884232 161.89522211741516 133.09876049785044 147.94689372982674
133.09876049785044 147.94689372982674 138.87634728842318 133.99856534223832
138.87634728842318 133.99856534223832 152.82467567601162 128.22097855166555
152.82467567601162 128.22097855166555 166.77300406360004 133.9985653422383
166.77300406360004 133.9985653422383 172.5505908541728 147.94689372982674
228.6345233853584 154.02592898846626 209.88612945995214 179.83087942526697
209.88612945995214 179.83087942526697 179.5505908541728 169.97426543641555
179.5505908541728 169.97426543641555 179.5505908541728 138.07759254051697
179.5505908541728 138.07759254051697 209.88612945995214 128.22097855166555
209.88612945995214 128.22097855166555 228.6345233853584 154.02592898846626
37.874451039933156 211.76810494523355 18.937225519966578 230.70533046520012
18.937225519966578 230.70533046520012 0.0 211.76810494523355
0.0 211.76810494523355 18.937225519966574 192.83087942526697
18.937225519966574 192.83087942526697 37.874451039933156 211.76810494523355
111.93181821454937 222.35956301257508 82.40313462724126 251.8882465998832
82.40313462724126 251.8882465998832 52.87445103993315 222.35956301257508
52.87445103993315 222.35956301257508 82.40313462724126 192.83087942526697
82.40313462724126 192.83087942526697 111.93181821454937 222.35956301257508
152.1769155146659 206.79341612996794 144.11564118963676 220.7559528346689
144.11564118963676 220.7559528346689 127.9930925395785 220.7559528346689
127.9930925395785 220.7559528346689 119.93181821454937 206.79341612996794
119.93181821454937 206.79341612996794 127.99309253957848 192.83087942526697
127.99309253957848 192.83087942526697 144.11564118963676 192.83087942526697
144.11564118963676 192.83087942526697 152.1769155146659 206.79341612996794
205.0938086102354 212.27687775078113 197.58390291248102 227.87135761840864
197.58390291248102 227.87135761840864 180.7092979837853 231.72287607629528
180.7092979837853 231.72287607629528 167.1769155146659 220.9311611689938
167.1769155146659 220.9311611689938 167.1769155146659 203.62259433256844
167.1769155146659 203.62259433256844 180.7092979837853 192.83087942526697
180.7092979837853 192.83087942526697 197.583902912481 196.6823978831536
197.583902912481 196.6823978831536 205.0938086102354 212.27687775078113
48.77014964345873 291.90042905669395 39.11062337993843 311.9586420236463
39.11062337993843 311.9586420236463 17.405864884235136 316.9126115135047
17.405864884235136 316.9126115135047 3.552713678800501e-15 303.0318974578445
3.552713678800501e-15 303.0318974578445 0.0 280.7689606555434
0.0 280.7689606555434 17.40586488423513 266.8882465998832
17.40586488423513 266.8882465998832 39.11062337993843 271.8422160897416
39.11062337993843 271.8422160897416 48.77014964345873 291.90042905669395
100.31468691651432 288.66051523641096 93.93773707469052 304.05583403111495
93.93773707469052 304.05583403111495 78.54241827998652 310.4327838729387
78.54241827998652 310.4327838729387 63.14709948528254 304.05583403111495
63.14709948528254 304.05583403111495 56.77014964345873 288.66051523641096
56.77014964345873 288.66051523641096 63.14709948528253 273.26519644170696
63.14709948528253 273.26519644170696 78.54241827998652 266.8882465998832
78.54241827998652 266.8882465998832 93.9377370746905 273.26519644170696
93.9377370746905 273.26519644170696 100.31468691651432 288.66051523641096
145.54332224501727 282.50256426413466 129.9290045807658 298.11688192838614
129.9290045807658 298.11688192838614 114.31468691651432 282.50256426413466
114.31468691651432 282.50256426413466 129.9290045807658 266.8882465998832
129.9290045807658 266.8882465998832 145.54332224501727 282.50256426413466
187.42095765996913 282.40605664188627 160.5433222450173 297.92386668388934
160.5433222450173 297.92386668388934 160.54332224501727 266.8882465998832
160.54332224501727 266.8882465998832 187.42095765996913 282.40605664188627
245.98242998934413 294.52144790222457 225.90573405826 322.15464920456594
225.90573405826 322.15464920456594 193.42095765996913 311.5997055250394
193.42095765996913 311.5997055250394 193.42095765996913 277.44319027940975
193.42095765996913 277.44319027940975 225.90573405825998 266.8882465998832
225.90573405825998 266.8882465998832 245.98242998934413 294.52144790222457
36.330216222247785 347.78690691731475 29.134571338569593 362.7288174804088
29.134571338569593 362.7288174804088 12.96610404935075 366.41916463006356
12.96610404935075 366.41916463006356 3.552713678800501e-15 356.079041693226
3.552713678800501e-15 356.079041693226 0.0 339.49477214140353
0.0 339.49477214140353 12.966104049350747 329.15464920456594
12.966104049350747 329.15464920456594 29.13457133856959 332.8449963542207
29.13457133856959 332.8449963542207 36.330216222247785 347.78690691731475
83.66492840705797 343.5890029945101 75.33125036085542 358.0233567844543
75.33125036085542 358.0233567844543 58.66389426845033 358.0233567844543
58.66389426845033 358.0233567844543 50.33021622224778 343.5890029945101
50.33021622224778 343.5890029945101 58.66389426845032 329.154649204566
58.66389426845032 329.154649204566 75.33125036085542 329.15464920456594
75.33125036085542 329.15464920456594 83.66492840705797 343.5890029945101
138.02628824105935 354.18934197715487 94.66492840705799 379.2240347497438
94.66492840705799 379.2240347497438 94.66492840705797 329.15464920456594
94.66492840705797 329.15464920456594 138.02628824105935 354.18934197715487
208.3084547858117 353.09252950656486 194.4879131496236 377.0304098085638
194.4879131496236 377.0304098085638 166.84682987724742 377.0304098085638
166.84682987724742 377.0304098085638 153.02628824105932 353.09252950656486
153.02628824105932 353.09252950656486 166.8468298772474 329.15464920456594
166.8468298772474 329.15464920456594 194.4879131496236 329.15464920456594
194.4879131496236 329.15464920456594 208.3084547858117 353.09252950656486
42.156634502865664 407.3023520011766 35.98293831592238 422.20697306566615
35.98293831592238 422.20697306566615 21.078317251432832 428.38066925260944
21.078317251432832 428.38066925260944 6.173696186943287 422.20697306566615
6.173696186943287 422.20697306566615 0.0 407.3023520011766
0.0 407.3023520011766 6.173696186943284 392.397730936687
6.173696186943284 392.397730936687 21.07831725143283 386.22403474974374
21.07831725143283 386.22403474974374 35.982938315922375 392.397730936687
35.982938315922375 392.397730936687 42.156634502865664 407.3023520011766
105.34718841652403 414.81931170657293 76.75191145969485 443.4145886634021
76.75191145969485 443.4145886634021 48.156634502865664 414.81931170657293
48.156634502865664 414.81931170657293 76.75191145969485 386.22403474974374
76.75191145969485 386.22403474974374 105.34718841652403 414.81931170657293
151.2875207665553 406.6942009247594 145.29194790590873 421.16879423912843
145.29194790590873 421.16879423912843 130.81735459153967 427.16436709977506
130.81735459153967 427.16436709977506 116.34276127717062 421.16879423912843
116.34276127717062 421.16879423912843 110.34718841652403 406.6942009247594
110.34718841652403 406.6942009247594 116.34276127717061 392.21960761039037
116.34276127717061 392.21960761039037 130.81735459153967 386.22403474974374
130.81735459153967 386.22403474974374 145.29194790590873 392.21960761039037
145.29194790590873 392.21960761039037 151.2875207665553 406.6942009247594
209.61893219944352 411.0112066159824 200.04630341929777 430.88897509939926
200.04630341929777 430.88897509939926 178.5368017963514 435.7983784822211
178.5368017963514 435.7983784822211 161.2875207665553 422.04253588360467
161.2875207665553 422.04253588360467 161.2875207665553 399.9798773483602
161.2875207665553 399.9798773483602 178.5368017963514 386.22403474974374
178.5368017963514 386.22403474974374 200.04630341929774 391.1334381325656
200.04630341929774 391.1334381325656 209.61893219944352 411.0112066159824
58.10429742708874 477.4667373769465 49.59512007693163 498.0097087403338
49.59512007693163 498.0097087403338 29.052148713544373 506.5188860904909
29.052148713544373 506.5188860904909 8.509177350157113 498.0097087403338
8.509177350157113 498.0097087403338 0.0 477.4667373769465
0.0 477.4667373769465 8.50917735015711 456.92376601355926
8.50917735015711 456.92376601355926 29.052148713544362 448.4145886634021
29.052148713544362 448.4145886634021 49.59512007693162 456.92376601355926
49.59512007693162 456.92376601355926 58.10429742708874 477.4667373769465
112.99515826500135 470.96364863146493 96.61230723166052 493.51270859952774
96.61230723166052 493.51270859952774 70.10429742708874 484.89973410608735
70.10429742708874 484.89973410608735 70.10429742708874 457.0275631568425
70.10429742708874 457.0275631568425 96.61230723166051 448.4145886634021
96.61230723166051 448.4145886634021 112.99515826500135 470.96364863146493
155.36253777518635 466.5982784184946 137.17884802009385 484.7819681735871
137.17884802009385 484.7819681735871 118.99515826500135 466.5982784184946
118.99515826500135 466.5982784184946 137.17884802009385 448.4145886634021
137.17884802009385 448.4145886634021 155.36253777518635 466.5982784184946
206.9811948801912 467.73503393124275 195.82653060394 487.0554791990834
195.82653060394 487.0554791990834 173.51720205143755 487.0554791990834
173.51720205143755 487.0554791990834 162.36253777518635 467.73503393124275
162.36253777518635 467.73503393124275 173.51720205143755 448.4145886634021
173.51720205143755 448.4145886634021 195.82653060394 448.4145886634021
195.82653060394 448.4145886634021 206.9811948801912 467.73503393124275
250.9437992493024 466.89589084795773 232.4624970647468 485.37719303251333
232.4624970647468 485.37719303251333 213.9811948801912 466.89589084795773
213.9811948801912 466.89589084795773 232.4624970647468 448.4145886634021
232.4624970647468 448.4145886634021 250.9437992493024 466.89589084795773
28.02333013368324 17.717246452676235 24.240722075593187 24.26891579440765
24.240722075593187 24.26891579440765 16.675505959413087 24.26891579440765
16.675505959413087 24.26891579440765 12.892897901323034 17.717246452676235
12.892897901323034 17.717246452676235 16.67550595941308 11.165577110944822
16.67550595941308 11.165577110944822 24.240722075593187 11.16557711094482
24.240722075593187 11.16557711094482 28.02333013368324 17.717246452676235
190.31968456466552 19.826538305085357 186.32568832271068 26.744342721390296
186.32568832271068 26.744342721390296 178.33769583880098 26.7443427213903
178.33769583880098 26.7443427213903 174.34369959684614 19.826538305085357
174.34369959684614 19.826538305085357 178.33769583880098 12.908733888780418
178.33769583880098 12.908733888780418 186.32568832271068 12.908733888780416
186.32568832271068 12.908733888780416 190.31968456466552 19.826538305085357
240.15817872999045 21.23907558110371 228.35957565633086 28.05100224174262
228.35957565633086 28.05100224174262 228.35957565633086 14.427148920464802
228.35957565633086 14.427148920464802 240.15817872999045 21.23907558110371
17.684745609339643 86.83091218470535 15.037953084215424 91.41529131531402
15.037953084215424 91.41529131531402 9.744368033966987 91.41529131531402
9.744368033966987 91.41529131531402 7.097575508842768 86.83091218470535
7.097575508842768 86.83091218470535 9.744368033966984 82.24653305409669
9.744368033966984 82.24653305409669 15.037953084215424 82.24653305409669
15.037953084215424 82.24653305409669 17.684745609339643 86.83091218470535
137.71369425953003 85.11333670884878 132.6370724296198 90.18995853875903
132.6370724296198 90.18995853875903 127.56045059970954 85.11333670884878
127.56045059970954 85.11333670884878 132.6370724296198 80.03671487893853
132.6370724296198 80.03671487893853 137.71369425953003 85.11333670884878
189.67034621643052 83.39819697715089 184.2001796267693 88.8683635668121
184.2001796267693 88.8683635668121 178.7300130371081 83.39819697715089
178.7300130371081 83.39819697715089 184.2001796267693 77.92803038748967
184.2001796267693 77.92803038748967 189.67034621643052 83.39819697715089
24.94670689044431 147.4587964888371 21.00196164273223 152.88827252865258
21.00196164273223 152.88827252865258 14.619229754974459 150.81439722254623
14.619229754974459 150.81439722254623 14.619229754974459 144.10319575512796
14.619229754974459 144.10319575512796 21.00196164273223 142.0293204490216
21.00196164273223 142.0293204490216 24.94670689044431 147.4587964888371
69.08705029426324 142.89875601279337 64.48304650099924 149.23562359562266
64.48304650099924 149.23562359562266 57.03361187916464 146.81515556118924
57.03361187916464 146.81515556118924 57.03361187916464 138.9823564643975
57.03361187916464 138.9823564643975 64.48304650099924 136.56188842996409
64.48304650099924 136.56188842996409 69.08705029426324 142.89875601279337
111.03057363131411 146.58410332684412 103.73563572267186 153.87904123548637
103.73563572267186 153.87904123548637 96.4406978140296 146.58410332684412
96.4406978140296 146.58410332684412 103.73563572267186 139.28916541820186
103.73563572267186 139.28916541820186 111.03057363131411 146.58410332684412
158.3005417208891 147.94689372982674 155.56260869845036 152.68913283241127
155.56260869845036 152.68913283241127 150.08674265357288 152.68913283241127
150.08674265357288 152.68913283241127 147.34880963113415 147.94689372982674
147.34880963113415 147.94689372982674 150.08674265357288 143.2046546272422
150.08674265357288 143.2046546272422 155.56260869845036 143.2046546272422
155.56260869845036 143.2046546272422 158.3005417208891 147.94689372982674
207.35582323544963 154.02592898846626 203.31064949542161 159.59363298940562
203.31064949542161 159.59363298940562 196.76542089365773 157.46695930034556
196.76542089365773 157.46695930034556 196.76542089365773 150.58489867658696
196.76542089365773 150.58489867658696 203.31064949542161 148.4582249875269
203.31064949542161 148.4582249875269 207.35582323544963 154.02592898846626
88.14013586603077 222.35956301257508 82.40313462724126 228.0965642513646
82.40313462724126 228.0965642513646 76.66613338845174 222.35956301257508
76.66613338845174 222.35956301257508 82.40313462724126 216.62256177378555
82.40313462724126 216.62256177378555 88.14013586603077 222.35956301257508
29.056622245277843 291.90042905669395 23.11473231025798 297.8423189917138
23.11473231025798 297.8423189917138 17.17284237523812 291.90042905669395
17.17284237523812 291.90042905669395 23.11473231025798 285.9585391216741
23.11473231025798 285.9585391216741 29.056622245277843 291.90042905669395
135.26964299040114 282.50256426413466 127.25868537594812 287.1276927993058
127.25868537594812 287.1276927993058 127.25868537594812 277.8774357289635
127.25868537594812 277.8774357289635 135.26964299040114 282.50256426413466
115.90991134440715 354.18934197715487 109.11871501839177 360.98053830317025
109.11871501839177 360.98053830317025 102.32751869237639 354.18934197715487
102.32751869237639 354.18934197715487 109.11871501839177 347.3981456511395
109.11871501839177 347.3981456511395 115.90991134440715 354.18934197715487
186.64215471114386 353.09252950656486 177.67997991458134 358.2668435378847
177.67997991458134 358.2668435378847 177.67997991458134 347.918215475245
177.67997991458134 347.918215475245 186.64215471114386 353.09252950656486
83.3749726096148 414.81931170657293 76.75191145969485 421.44237285649285
76.75191145969485 421.44237285649285 70.1288503097749 414.81931170657293
70.1288503097749 414.81931170657293 76.75191145969485 408.196250556653
76.75191145969485 408.196250556653 83.3749726096148 414.81931170657293
136.705473431175 406.6942009247594 127.873295171722 411.79346142038537
127.873295171722 411.79346142038537 127.873295171722 401.59494042913343
127.873295171722 401.59494042913343 136.705473431175 406.6942009247594
35.16508385508655 477.4667373769465 25.99568114277328 482.76069450120866
25.99568114277328 482.76069450120866 25.995681142773275 472.1727802526844
25.995681142773275 472.1727802526844 35.16508385508655 477.4667373769465
143.17733889222447 466.5982784184946 140.17809345615916 471.7931238981288
140.17809345615916 471.7931238981288 134.17960258402854 471.7931238981288
134.17960258402854 471.7931238981288 131.18035714796324 466.5982784184946
131.18035714796324 466.5982784184946 134.17960258402854 461.4034329388604
134.17960258402854 461.4034329388604 140.17809345615916 461.4034329388604
140.17809345615916 461.4034329388604 143.17733889222447 466.5982784184946
191.28866704433588 467.73503393124275 187.98026668601233 473.4653514436382
187.98026668601233 473.4653514436382 181.36346596936522 473.4653514436382
181.36346596936522 473.4653514436382 178.05506561104167 467.73503393124275
178.05506561104167 467.73503393124275 181.36346596936522 462.0047164188473
181.36346596936522 462.0047164188473 187.98026668601233 462.0047164188473
187.98026668601233 462.0047164188473 191.28866704433588 467.73503393124275
