160
15.310568468763943 8.839560826887054 6.217248937900877e-15 17.67912165377411
6.217248937900877e-15 17.67912165377411 0.0 0.0
0.0 0.0 15.310568468763943 8.839560826887054
48.54570436107532 10.117567946155688 38.428136414919635 20.235135892311376
38.428136414919635 20.235135892311376 28.310568468763947 10.11756794615569
28.310568468763947 10.11756794615569 38.428136414919635 0.0
38.428136414919635 0.0 48.54570436107532 10.117567946155688
98.637053468818 17.54567455387134 93.49804437248133 29.952340011406015
93.49804437248133 29.952340011406015 81.09137891494666 35.09134910774268
81.09137891494666 35.09134910774268 68.68471345741199 29.952340011406015
68.68471345741199 29.952340011406015 63.54570436107532 17.545674553871343
63.54570436107532 17.545674553871343 68.68471345741199 5.139009096336665
68.68471345741199 5.139009096336665 81.09137891494666 0.0
81.09137891494666 0.0 93.49804437248133 5.139009096336661
93.49804437248133 5.139009096336661 98.637053468818 17.54567455387134
139.92483186469573 14.507625662584415 134.32209042655722 26.141838138341527
134.32209042655722 26.141838138341527 121.73284469015728 29.01525132516883
121.73284469015728 29.01525132516883 111.63705346881801 20.964126486438175
111.63705346881801 20.964126486438175 111.63705346881801 8.05112483873066
111.63705346881801 8.05112483873066 121.73284469015728 0.0
121.73284469015728 0.0 134.32209042655722 2.8734131868273014
134.32209042655722 2.8734131868273014 139.92483186469573 14.507625662584415
189.12289399041367 18.272296895672852 178.5733784589842 36.544593791345704
178.5733784589842 36.544593791345704 157.47434739612524 36.544593791345704
157.47434739612524 36.544593791345704 146.92483186469576 18.272296895672856
146.92483186469576 18.272296895672856 157.4743473961252 3.552713678800501e-15
157.4743473961252 3.552713678800501e-15 178.5733784589842 0.0
178.5733784589842 0.0 189.12289399041367 18.272296895672852
41.61163066619195 68.56907995789089 1.7763568394002505e-14 92.5935661244361
1.7763568394002505e-14 92.5935661244361 0.0 44.544593791345704
0.0 44.544593791345704 41.61163066619195 68.56907995789089
106.21691342278237 73.34723516964091 97.78081507916396 93.71377820431769
97.78081507916396 93.71377820431769 77.41427204448716 102.14987654793612
77.41427204448716 102.14987654793612 57.047729009810375 93.7137782043177
57.047729009810375 93.7137782043177 48.61163066619196 73.34723516964091
48.61163066619196 73.34723516964091 57.04772900981037 52.98069213496412
57.04772900981037 52.98069213496412 77.41427204448716 44.544593791345704
77.41427204448716 44.544593791345704 97.78081507916394 52.980692134964116
97.78081507916394 52.980692134964116 106.21691342278237 73.34723516964091
145.06571792064952 61.46899604027928 140.10867526946572 73.43635563802907
140.10867526946572 73.43635563802907 128.14131567171594 78.39339828921285
128.14131567171594 78.39339828921285 116.17395607396615 73.43635563802907
116.17395607396615 73.43635563802907 111.21691342278237 61.46899604027928
111.21691342278237 61.46899604027928 116.17395607396615 49.501636442529495
116.17395607396615 49.501636442529495 128.14131567171594 44.544593791345704
128.14131567171594 44.544593791345704 140.10867526946572 49.50163644252949
140.10867526946572 49.50163644252949 145.06571792064952 61.46899604027928
178.16874810927976 56.15108368227853 158.06571792064952 67.75757357321136
158.06571792064952 67.75757357321136 158.06571792064952 44.544593791345704
158.06571792064952 44.544593791345704 178.16874810927976 56.15108368227853
36.28884187846599 136.22804974621744 22.427737693262564 155.30622294449876
22.427737693262564 155.30622294449876 3.552713678800501e-15 148.01900922601257
3.552713678800501e-15 148.01900922601257 0.0 124.4370902664223
0.0 124.4370902664223 22.427737693262557 117.14987654793612
22.427737693262557 117.14987654793612 36.28884187846599 136.22804974621744
92.73813972281657 138.99506331608367 80.12581526172893 160.84025008423123
80.12581526172893 160.84025008423123 54.90116633955364 160.84025008423123
54.90116633955364 160.84025008423123 42.28884187846599 138.99506331608367
42.28884187846599 138.99506331608367 54.901166339553626 117.14987654793612
54.901166339553626 117.14987654793612 80.12581526172893 117.14987654793612
80.12581526172893 117.14987654793612 92.73813972281657 138.99506331608367
129.87033100426353 129.9279031420358 107.73813972281658 142.7059297361355
107.73813972281658 142.7059297361355 107.73813972281657 117.14987654793612
107.73813972281657 117.14987654793612 129.87033100426353 129.9279031420358
164.03634943258373 130.5247835235786 140.87033100426356 143.8996904992211
140.87033100426356 143.8996904992211 140.87033100426353 117.14987654793613
140.87033100426353 117.14987654793613 164.03634943258373 130.5247835235786
48.697922495587115 191.815390239263 39.05270170451063 211.84389758659768
39.05270170451063 211.84389758659768 17.380087313610115 216.79053039429476
17.380087313610115 216.79053039429476 3.552713678800501e-15 202.93037326523805
3.552713678800501e-15 202.93037326523805 0.0 180.70040721328795
0.0 180.70040721328795 17.380087313610108 166.84025008423123
17.380087313610108 166.84025008423123 39.052701704510625 171.78688289192831
39.052701704510625 171.78688289192831 48.697922495587115 191.815390239263
94.62362268568032 182.30310017927783 79.16077259063371 197.76595027432444
79.16077259063371 197.76595027432444 63.69792249558711 182.30310017927783
63.69792249558711 182.30310017927783 79.16077259063371 166.84025008423123
79.16077259063371 166.84025008423123 94.62362268568032 182.30310017927783
153.2145705697745 190.63572402627833 146.2450376136967 207.4616650122476
146.2450376136967 207.4616650122476 129.4190966277274 214.43119796832542
129.4190966277274 214.43119796832542 112.59315564175813 207.4616650122476
112.59315564175813 207.4616650122476 105.62362268568032 190.63572402627833
105.62362268568032 190.63572402627833 112.59315564175813 173.80978304030904
112.59315564175813 173.80978304030904 129.4190966277274 166.84025008423123
129.4190966277274 166.84025008423123 146.2450376136967 173.80978304030904
146.2450376136967 173.80978304030904 153.2145705697745 190.63572402627833
195.1339977553092 183.79996367699857 190.16661265096928 195.792292165426
190.16661265096928 195.792292165426 178.17428416254185 200.75967726976592
178.17428416254185 200.75967726976592 166.18195567411442 195.79229216542603
166.18195567411442 195.79229216542603 161.2145705697745 183.79996367699857
161.2145705697745 183.79996367699857 166.1819556741144 171.80763518857114
166.1819556741144 171.80763518857114 178.17428416254185 166.84025008423123
178.17428416254185 166.84025008423123 190.16661265096928 171.8076351885711
190.16661265096928 171.8076351885711 195.1339977553092 183.79996367699857
22.75229619040175 233.16667848949567 19.42029955709984 241.21082995139463
19.42029955709984 241.21082995139463 11.376148095200875 244.54282658469654
11.376148095200875 244.54282658469654 3.3319966333019106 241.21082995139463
3.3319966333019106 241.21082995139463 0.0 233.16667848949567
0.0 233.16667848949567 3.331996633301909 225.1225270275967
3.331996633301909 225.1225270275967 11.376148095200874 221.7905303942948
11.376148095200874 221.7905303942948 19.42029955709984 225.1225270275967
19.42029955709984 225.1225270275967 22.75229619040175 233.16667848949567
79.69635137398991 246.26255798608886 72.52866044173773 263.5668946456308
72.52866044173773 263.5668946456308 55.22432378219583 270.73458557788297
55.22432378219583 270.73458557788297 37.91998712265394 263.5668946456308
37.91998712265394 263.5668946456308 30.75229619040175 246.26255798608886
30.75229619040175 246.26255798608886 37.919987122653936 228.95822132654698
37.919987122653936 228.95822132654698 55.224323782195825 221.7905303942948
55.224323782195825 221.7905303942948 72.52866044173771 228.95822132654698
72.52866044173771 228.95822132654698 79.69635137398991 246.26255798608886
144.248658510038 247.56668396231885 118.47250494201397 273.3428375303429
118.47250494201397 273.3428375303429 92.69635137398991 247.56668396231885
92.69635137398991 247.56668396231885 118.47250494201397 221.7905303942948
118.47250494201397 221.7905303942948 144.248658510038 247.56668396231885
196.45770005300625 241.38635951434682 188.88993077227894 257.1009943500999
188.88993077227894 257.1009943500999 171.88530755284515 260.9821886343988
171.88530755284515 260.9821886343988 158.248658510038 250.10732390923147
158.248658510038 250.10732390923147 158.248658510038 232.66539511946218
158.248658510038 232.66539511946218 171.88530755284515 221.7905303942948
171.88530755284515 221.7905303942948 188.88993077227894 225.6717246785938
188.88993077227894 225.6717246785938 196.45770005300625 241.38635951434682
17.265509267598205 298.31108395368665 7.105427357601002e-15 308.2793303770304
7.105427357601002e-15 308.2793303770304 0.0 288.3428375303429
0.0 288.3428375303429 17.265509267598205 298.31108395368665
85.46968943356273 314.94492761332515 58.86759935058047 341.5470176963074
58.86759935058047 341.5470176963074 32.265509267598205 314.94492761332515
32.265509267598205 314.94492761332515 58.86759935058046 288.3428375303429
58.86759935058046 288.3428375303429 85.46968943356273 314.94492761332515
116.75618793438886 300.98608678075595 113.05306596517461 309.92621406195474
113.05306596517461 309.92621406195474 104.1129386839758 313.62933603116903
104.1129386839758 313.62933603116903 95.17281140277699 309.92621406195474
95.17281140277699 309.92621406195474 91.46968943356273 300.98608678075595
91.46968943356273 300.98608678075595 95.17281140277699 292.04595949955717
95.17281140277699 292.04595949955717 104.1129386839758 288.3428375303429
104.1129386839758 288.3428375303429 113.05306596517461 292.04595949955717
113.05306596517461 292.04595949955717 116.75618793438886 300.98608678075595
154.62302622521977 299.7762566757583 143.18960707980432 311.20967582117373
143.18960707980432 311.20967582117373 131.75618793438886 299.7762566757583
131.75618793438886 299.7762566757583 143.18960707980432 288.3428375303429
143.18960707980432 288.3428375303429 154.62302622521977 299.7762566757583
188.33588619602716 299.7579635500825 180.04231168014576 311.1730895698221
180.04231168014576 311.1730895698221 166.62302622521975 306.8128994161449
166.62302622521975 306.8128994161449 166.62302622521975 292.7030276840201
166.62302622521975 292.7030276840201 180.04231168014576 288.3428375303429
180.04231168014576 288.3428375303429 188.33588619602716 299.7579635500825
31.232691221027657 368.1633633068212 15.61634561051383 383.77970891733503
15.61634561051383 383.77970891733503 0.0 368.1633633068212
0.0 368.1633633068212 15.616345610513825 352.5470176963074
15.616345610513825 352.5470176963074 31.232691221027657 368.1633633068212
63.24919256103516 362.948849594816 45.232691221027665 373.3506814933246
45.232691221027665 373.3506814933246 45.23269122102765 352.5470176963074
45.23269122102765 352.5470176963074 63.24919256103516 362.948849594816
92.11675060032739 365.0949355278725 83.00015465777855 377.6428533594376
83.00015465777855 377.6428533594376 68.24919256103516 372.8499752358206
68.24919256103516 372.8499752358206 68.24919256103516 357.33989581992444
68.24919256103516 357.33989581992444 83.00015465777855 352.5470176963074
83.00015465777855 352.5470176963074 92.11675060032739 365.0949355278725
122.07295245952324 362.9140356733374 104.11675060032739 373.2810536503674
104.11675060032739 373.2810536503674 104.11675060032739 352.5470176963074
104.11675060032739 352.5470176963074 122.07295245952324 362.9140356733374
