88
32.91746418183177 16.458732090915884 28.09681316213515 28.09681316213515
28.09681316213515 28.09681316213515 16.458732090915884 32.91746418183177
16.458732090915884 32.91746418183177 4.820651019696619 28.09681316213515
4.820651019696619 28.09681316213515 0.0 16.458732090915888
0.0 16.458732090915888 4.820651019696616 4.820651019696619
4.820651019696616 4.820651019696619 16.45873209091588 0.0
16.45873209091588 0.0 28.09681316213515 4.820651019696616
28.09681316213515 4.820651019696616 32.91746418183177 16.458732090915884
84.03853619228931 22.136073514874926 71.25826818967492 44.27214702974985
71.25826818967492 44.27214702974985 45.69773218444615 44.27214702974986
45.69773218444615 44.27214702974986 32.91746418183177 22.13607351487493
32.91746418183177 22.13607351487493 45.69773218444614 7.105427357601002e-15
45.69773218444614 7.105427357601002e-15 71.25826818967492 0.0
71.25826818967492 0.0 84.03853619228931 22.136073514874926
120.47106340595101 19.153713049348962 106.55507630638775 38.307426098697924
106.55507630638775 38.307426098697924 84.03853619228931 30.991358724609015
84.03853619228931 30.991358724609015 84.03853619228931 22.136073514874926
84.03853619228931 22.136073514874926 84.03853619228931 7.316067374088913
84.03853619228931 7.316067374088913 106.55507630638773 0.0
106.55507630638773 0.0 120.47106340595101 19.153713049348962
159.86161909226888 20.201778610566414 152.05983644513117 36.402347208754655
152.05983644513117 36.402347208754655 134.52938996437584 40.40355722113283
134.52938996437584 40.40355722113283 120.47106340595101 29.19241589857028
120.47106340595101 29.19241589857028 120.47106340595101 19.153713049348962
120.47106340595101 19.153713049348962 120.47106340595101 11.211141322562549
120.47106340595101 11.211141322562549 134.52938996437584 0.0
134.52938996437584 0.0 152.05983644513117 4.0012100123781735
152.05983644513117 4.0012100123781735 159.86161909226888 20.201778610566414
49.989201627187384 65.9181062917732 37.491901220390545 87.56406555379654
37.491901220390545 87.56406555379654 12.49730040679685 87.56406555379654
12.49730040679685 87.56406555379654 0.0 65.9181062917732
0.0 65.9181062917732 12.497300406796835 44.272147029749874
12.497300406796835 44.272147029749874 37.491901220390545 44.27214702974986
37.491901220390545 44.27214702974986 49.989201627187384 65.9181062917732
85.43441873989434 59.62037626087943 76.57311446171761 74.968605492009
76.57311446171761 74.968605492009 58.85050590536412 74.968605492009
58.85050590536412 74.968605492009 49.989201627187384 59.62037626087943
49.989201627187384 59.62037626087943 58.850505905364116 44.27214702974987
58.850505905364116 44.27214702974987 76.57311446171761 44.27214702974986
76.57311446171761 44.27214702974986 85.43441873989434 59.62037626087943
117.31855579244073 60.62419555259491 111.00351141590454 73.73752032077613
111.00351141590454 73.73752032077613 96.81373550525704 76.97624407543996
96.81373550525704 76.97624407543996 85.43441873989434 67.90154177139982
85.43441873989434 67.90154177139982 85.43441873989434 59.62037626087943
85.43441873989434 59.62037626087943 85.43441873989434 53.34684933379001
85.43441873989434 53.34684933379001 96.81373550525703 44.27214702974986
96.81373550525703 44.27214702974986 111.00351141590454 47.5108707844137
111.00351141590454 47.5108707844137 117.31855579244073 60.62419555259491
160.28900787136863 62.87889858597656 149.54639485163665 81.48565014220326
149.54639485163665 81.48565014220326 128.0611688121727 81.48565014220327
128.0611688121727 81.48565014220327 117.31855579244072 62.87889858597656
117.31855579244072 62.87889858597656 128.0611688121727 44.27214702974986
128.0611688121727 44.27214702974986 149.54639485163665 44.27214702974986
149.54639485163665 44.27214702974986 160.28900787136863 62.87889858597656
33.95063724715166 107.16547510759887 1.4210854715202004e-14 126.7668846614012
1.4210854715202004e-14 126.7668846614012 0.0 87.56406555379652
0.0 87.56406555379652 33.95063724715166 107.16547510759887
90.8247913679003 116.00114261417085 62.38771430752598 144.43821967454517
62.38771430752598 144.43821967454517 33.95063724715166 116.00114261417085
33.95063724715166 116.00114261417085 62.387714307525975 87.56406555379652
62.387714307525975 87.56406555379652 90.8247913679003 116.00114261417085
24.260039487159546 16.458732090915884 20.359385789037717 23.21486247879433
20.359385789037717 23.21486247879433 12.558078392794053 23.21486247879433
12.558078392794053 23.21486247879433 8.65742469467222 16.458732090915884
8.65742469467222 16.458732090915884 12.558078392794048 9.702601703037441
12.558078392794048 9.702601703037441 20.359385789037717 9.702601703037438
20.359385789037717 9.702601703037438 24.260039487159546 16.458732090915884
108.04886627059948 19.153713049348962 96.4730533856918 25.83701173453915
96.4730533856918 25.83701173453915 96.4730533856918 12.470414364158778
96.4730533856918 12.470414364158778 108.04886627059948 19.153713049348962
145.97960473573752 20.201778610566414 135.72066878709944 26.124778042111743
135.72066878709944 26.124778042111743 135.72066878709944 14.27877917902109
135.72066878709944 14.27877917902109 145.97960473573752 20.201778610566414
107.94887435116242 60.62419555259491 104.24742911233497 67.03528676767797
104.24742911233497 67.03528676767797 96.84453863468006 67.03528676767797
96.84453863468006 67.03528676767797 93.1430933958526 60.62419555259491
93.1430933958526 60.62419555259491 96.84453863468005 54.21310433751185
96.84453863468005 54.21310433751185 104.24742911233497 54.213104337511844
104.24742911233497 54.213104337511844 107.94887435116242 60.62419555259491
144.4749447949961 62.87889858597656 138.80378183190467 68.55006154906799
138.80378183190467 68.55006154906799 133.13261886881324 62.87889858597656
133.13261886881324 62.87889858597656 138.80378183190467 57.207735622885124
138.80378183190467 57.207735622885124 144.4749447949961 62.87889858597656
17.477740833097194 107.16547510759887 13.220690063348895 113.02480282160832
13.220690063348895 113.02480282160832 6.332637226062246 110.78673878608093
6.332637226062246 110.78673878608093 6.332637226062245 103.5442114291168
6.332637226062245 103.5442114291168 13.220690063348895 101.30614739358941
13.220690063348895 101.30614739358941 17.477740833097194 107.16547510759887
