333
46.55760776876074 23.70364836859613 29.26041452603653 50.79701995630636
29.26041452603653 50.79701995630636 14.69042466764298 37.67391495069934
14.69042466764298 37.67391495069934 16.252968957029218 31.140550569676787
16.252968957029218 31.140550569676787 0.0 28.40625969749126
0.0 28.40625969749126 32.10274625042966 0.0
32.10274625042966 0.0 44.37905038387034 11.768550681651911
44.37905038387034 11.768550681651911 40.2211526097463 16.30830267048679
40.2211526097463 16.30830267048679 46.55760776876074 23.70364836859613
88.84641178979528 29.297038128170254 80.39699969222784 35.50165458419145
80.39699969222784 35.50165458419145 87.80225717814224 46.05744325216302
87.80225717814224 46.05744325216302 65.93195588501591 56.964135331438825
65.93195588501591 56.964135331438825 46.55760776876075 42.5845670505022
46.55760776876075 42.5845670505022 64.71663136090059 0.0
64.71663136090059 0.0 72.00703460504931 16.31649693660875
72.00703460504931 16.31649693660875 86.95381771300643 15.476418743302608
86.95381771300643 15.476418743302608 88.84641178979528 29.297038128170254
136.44716130612505 42.54421967570828 107.77791126044158 30.94306081444627
107.77791126044158 30.94306081444627 88.84641178979527 24.324155716372086
88.84641178979527 24.324155716372086 107.23636012192883 0.0
107.23636012192883 0.0 116.10705953738866 11.132045866813085
116.10705953738866 11.132045866813085 117.12911916016633 6.65183008633263
117.12911916016633 6.65183008633263 118.05902831363898 13.239606660777003
118.05902831363898 13.239606660777003 122.4768418727605 0.2526496406984009
122.4768418727605 0.2526496406984009 136.44716130612505 42.54421967570828
169.12444471373308 21.996900374182424 171.73703619099433 28.239155648181033
171.73703619099433 28.239155648181033 171.91552372839732 33.256291786944495
171.91552372839732 33.256291786944495 147.8066962910896 34.51664678728662
147.8066962910896 34.51664678728662 136.44716130612505 27.741630686133437
136.44716130612505 27.741630686133437 138.36377374770288 22.586889163285942
138.36377374770288 22.586889163285942 138.05263969867548 12.311821312521749
138.05263969867548 12.311821312521749 162.11861219174676 0.0
162.11861219174676 0.0 169.12444471373308 21.996900374182424
207.33628180653713 30.085968867267326 194.21160137331287 34.66170776571271
194.21160137331287 34.66170776571271 174.01441840086292 19.325554859302486
174.01441840086292 19.325554859302486 173.4821145083498 15.765755120063599
173.4821145083498 15.765755120063599 171.91552372839732 2.1535622695185737
171.91552372839732 2.1535622695185737 177.95784470351742 0.35201086462486586
177.95784470351742 0.35201086462486586 184.02912229725098 0.0
184.02912229725098 0.0 188.3628660910408 1.0872391520852442
188.3628660910408 1.0872391520852442 207.33628180653713 30.085968867267326
237.79510542227553 23.7770468857922 222.88075137184856 32.39564717827854
222.88075137184856 32.39564717827854 222.65847028736562 39.97659468534216
222.65847028736562 39.97659468534216 211.3280043631645 29.260782946051926
211.3280043631645 29.260782946051926 207.33628180653713 19.819448684665836
207.33628180653713 19.819448684665836 214.0667148903764 5.294425411691186
214.0667148903764 5.294425411691186 238.3843977524146 0.0
238.3843977524146 0.0 243.43051350012922 18.70768306774501
243.43051350012922 18.70768306774501 237.79510542227553 23.7770468857922
34.60390795131313 76.8119893507295 20.214937928444513 93.66989839449649
20.214937928444513 93.66989839449649 12.760140945479323 91.78000088466973
12.760140945479323 91.78000088466973 8.739129182498473 96.20829833864147
8.739129182498473 96.20829833864147 8.801313450334575 93.01398615147521
8.801313450334575 93.01398615147521 7.152343825524084 87.74978758535555
7.152343825524084 87.74978758535555 0.0 56.964135331438825
0.0 56.964135331438825 31.177731345879323 62.24904133470908
31.177731345879323 62.24904133470908 34.60390795131313 76.8119893507295
63.08083157127065 95.59948098870738 54.07861177493848 105.89361042713168
54.07861177493848 105.89361042713168 44.96071266903342 93.28869749898364
44.96071266903342 93.28869749898364 42.195659202604766 77.83818908680097
42.195659202604766 77.83818908680097 34.60390795131313 70.45195023626201
34.60390795131313 70.45195023626201 51.50098998309425 62.251142377480704
51.50098998309425 62.251142377480704 53.86677721664099 73.5346608537803
53.86677721664099 73.5346608537803 63.29592006124679 56.964135331438825
63.29592006124679 56.964135331438825 63.08083157127065 95.59948098870738
91.47808350453205 85.02270519579255 84.46889961817692 97.32121956942835
84.46889961817692 97.32121956942835 69.04791842762258 93.30501647085835
69.04791842762258 93.30501647085835 63.29592006124679 78.07461038922476
63.29592006124679 78.07461038922476 66.41108433348802 65.16715617826154
66.41108433348802 65.16715617826154 83.16534858795418 56.964135331438825
83.16534858795418 56.964135331438825 93.69763801792013 57.571543297487764
93.69763801792013 57.571543297487764 101.61038415236338 63.756395167299665
101.61038415236338 63.756395167299665 91.47808350453205 85.02270519579255
139.92103335894086 99.4857040309036 113.62015075349963 103.0268717177203
113.62015075349963 103.0268717177203 106.02809505665302 107.93048185845821
106.02809505665302 107.93048185845821 101.61038415236338 96.34877794620547
101.61038415236338 96.34877794620547 112.98532792251935 81.32592739054263
112.98532792251935 81.32592739054263 114.76821442126933 74.98560242825353
114.76821442126933 74.98560242825353 127.10082380596519 56.964135331438825
127.10082380596519 56.964135331438825 134.34277767678617 73.26198807515887
134.34277767678617 73.26198807515887 139.92103335894086 99.4857040309036
171.76566842910358 81.59949501908855 167.97795987681658 94.75905476812488
167.97795987681658 94.75905476812488 140.91903404206596 77.94368202126343
140.91903404206596 77.94368202126343 139.92103335894086 75.51423251874097
139.92103335894086 75.51423251874097 143.65905888503727 73.70560877153476
143.65905888503727 73.70560877153476 169.82972659897777 56.964135331438825
169.82972659897777 56.964135331438825 174.6915753069858 73.43695300376689
174.6915753069858 73.43695300376689 171.0164928114887 75.57962868186962
171.0164928114887 75.57962868186962 171.76566842910358 81.59949501908855
219.00396186988198 74.03644911005222 191.11271408507136 88.43392426609014
191.11271408507136 88.43392426609014 176.6305046086438 72.1625196771884
176.6305046086438 72.1625196771884 179.65430372596663 71.53676621916613
179.65430372596663 71.53676621916613 178.97020250630487 66.21071192391268
178.97020250630487 66.21071192391268 174.69157530698578 61.22422994306661
174.69157530698578 61.22422994306661 189.08547221012677 56.96413533143883
189.08547221012677 56.96413533143883 212.53500520309447 62.649181227715914
212.53500520309447 62.649181227715914 219.00396186988198 74.03644911005222
235.7966760746424 72.66307467540189 239.52370949347164 85.78028140622708
239.52370949347164 85.78028140622708 229.75059007889618 90.68405754213524
229.75059007889618 90.68405754213524 219.003961869882 97.7408136362391
219.003961869882 97.7408136362391 235.65502651773284 56.96413533143883
235.65502651773284 56.96413533143883 251.14481410616366 58.4404154826442
251.14481410616366 58.4404154826442 251.5750278391289 65.27797704663867
251.5750278391289 65.27797704663867 239.36079766416643 67.73916533077157
239.36079766416643 67.73916533077157 235.7966760746424 72.66307467540189
34.790178481608535 137.513608353331 29.327138459045074 147.74838513433787
29.327138459045074 147.74838513433787 16.359057659578706 146.39973151641294
16.359057659578706 146.39973151641294 4.98769739450487 154.740608869658
4.98769739450487 154.740608869658 0.0 117.03259429061609
0.0 117.03259429061609 15.708117693749195 107.93048185845821
15.708117693749195 107.93048185845821 36.62313318456388 123.57747338272438
36.62313318456388 123.57747338272438 43.57698542422578 134.23338107043028
43.57698542422578 134.23338107043028 34.790178481608535 137.513608353331
64.66344722259181 139.00411766380768 59.79180171417744 148.02845479950534
59.79180171417744 148.02845479950534 48.61407709499351 149.71702820735672
48.61407709499351 149.71702820735672 44.09370997450563 131.82013395941556
44.09370997450563 131.82013395941556 45.83580514098776 113.92155343496226
45.83580514098776 113.92155343496226 43.57698542422578 107.93048185845822
43.57698542422578 107.93048185845822 53.753249732655 108.17270473477873
53.753249732655 108.17270473477873 73.05237356803671 121.11454021643604
73.05237356803671 121.11454021643604 64.66344722259181 139.00411766380768
106.86382692612425 133.70844475961906 106.72193662059108 134.40178261801265
106.72193662059108 134.40178261801265 73.0523735680367 126.71585478600194
73.0523735680367 126.71585478600194 73.73933920804349 123.18869423257873
73.73933920804349 123.18869423257873 76.12073887566098 120.32566973316554
76.12073887566098 120.32566973316554 87.40020102791205 113.8924398310617
87.40020102791205 113.8924398310617 105.0162447206724 107.93048185845821
105.0162447206724 107.93048185845821 117.22717842743963 113.26716819241085
117.22717842743963 113.26716819241085 106.86382692612425 133.70844475961906
162.41396754566404 134.31088448183482 154.66536902643094 140.1571852641095
154.66536902643094 140.1571852641095 151.4633763435907 140.80395362981417
151.4633763435907 140.80395362981417 123.01097539216072 148.30304571319564
123.01097539216072 148.30304571319564 117.22717842743964 141.00361030347887
117.22717842743964 141.00361030347887 137.0407495442925 123.00637813241502
137.0407495442925 123.00637813241502 140.69960874992097 107.9304818584582
140.69960874992097 107.9304818584582 144.82548331262765 117.64947684461366
144.82548331262765 117.64947684461366 162.41396754566404 134.31088448183482
194.5085106037886 135.5199681423287 170.49535909014864 131.46621573122147
170.49535909014864 131.46621573122147 162.41396754566404 120.06783977403933
162.41396754566404 120.06783977403933 190.03612320133382 107.93048185845822
190.03612320133382 107.93048185845822 189.75602761357115 109.4484999753033
189.75602761357115 109.4484999753033 189.5443730447979 120.14430378157729
189.5443730447979 120.14430378157729 194.60636902970484 119.18958660535847
194.60636902970484 119.18958660535847 196.61234635401647 129.23178672674587
196.61234635401647 129.23178672674587 194.5085106037886 135.5199681423287
231.80532443297943 128.97016152396162 223.2963854944009 129.30605620694845
223.2963854944009 129.30605620694845 225.24273539617528 135.2407319443148
225.24273539617528 135.2407319443148 212.07102406668486 140.98425009010282
212.07102406668486 140.98425009010282 196.6123463540165 121.75545071287654
196.6123463540165 121.75545071287654 197.2324762822398 121.91977567377108
197.2324762822398 121.91977567377108 198.54000867523524 122.18161424016034
198.54000867523524 122.18161424016034 235.1616624129091 107.93048185845821
235.1616624129091 107.93048185845821 231.80532443297943 128.97016152396162
249.16462523989082 151.16884193700048 235.1616624129091 136.32455682441594
235.1616624129091 136.32455682441594 239.994035995967 120.45371895362443
239.994035995967 120.45371895362443 240.01308249122195 119.86315743725031
240.01308249122195 119.86315743725031 240.43046425679935 107.93048185845821
240.43046425679935 107.93048185845821 256.2038336473133 128.95403598481965
256.2038336473133 128.95403598481965 257.1351862442273 132.79697714195527
257.1351862442273 132.79697714195527 259.6724013434662 134.97753952022424
259.6724013434662 134.97753952022424 249.16462523989082 151.16884193700048
31.426346062507623 203.7054999658656 16.374407573637097 193.72277844317526
16.374407573637097 193.72277844317526 9.77162418979028 195.92781002734012
9.77162418979028 195.92781002734012 4.428160724292782 186.58347753143042
4.428160724292782 186.58347753143042 6.1335401931022275 185.35287095352808
6.1335401931022275 185.35287095352808 0.0 158.8483843056843
0.0 158.8483843056843 9.937139951316562 154.740608869658
9.937139951316562 154.740608869658 40.10760156069439 162.67713141097974
40.10760156069439 162.67713141097974 31.426346062507623 203.7054999658656
73.53292760566808 199.8372729866664 64.97184541234093 188.72157144120476
64.97184541234093 188.72157144120476 40.10760156069439 184.99887327195574
40.10760156069439 184.99887327195574 61.88726110340413 154.740608869658
61.88726110340413 154.740608869658 61.366862272839235 166.56312369695559
61.366862272839235 166.56312369695559 68.25465912363207 166.33212711827548
68.25465912363207 166.33212711827548 70.03827621560485 177.0428814909679
70.03827621560485 177.0428814909679 82.73598140139381 175.416582417786
82.73598140139381 175.416582417786 73.53292760566808 199.8372729866664
121.9448941972615 192.12684448030137 92.96259739026192 184.54158981414278
92.96259739026192 184.54158981414278 82.73598140139381 172.88513106856183
82.73598140139381 172.88513106856183 82.81671069785114 171.17952515803756
82.81671069785114 171.17952515803756 87.64602488758247 158.57952004932315
87.64602488758247 158.57952004932315 90.03008203894316 154.740608869658
90.03008203894316 154.740608869658 117.28651381641097 165.3934780832242
117.28651381641097 165.3934780832242 115.08080917996116 168.44183920430322
115.08080917996116 168.44183920430322 121.9448941972615 192.12684448030137
157.02709328799955 196.3625031681027 138.96431759651932 198.7951212572973
138.96431759651932 198.7951212572973 137.70348590550975 201.40305391193172
137.70348590550975 201.40305391193172 125.79179304873537 191.96149973258065
125.79179304873537 191.96149973258065 121.94489419726149 180.22877571517284
121.94489419726149 180.22877571517284 127.80229353106664 154.740608869658
127.80229353106664 154.740608869658 136.83691964049373 165.30758908542876
136.83691964049373 165.30758908542876 144.11133605846467 157.27497444246956
144.11133605846467 157.27497444246956 157.02709328799955 196.3625031681027
189.48876158195463 190.1320457072269 186.29611936998907 203.18867669316123
186.29611936998907 203.18867669316123 169.34804766901567 184.87760161698478
169.34804766901567 184.87760161698478 157.02709328799955 184.8948525945306
157.02709328799955 184.8948525945306 168.01176725996146 174.9142588925927
168.01176725996146 174.9142588925927 184.62080674455885 154.740608869658
184.62080674455885 154.740608869658 192.4159493257406 158.43210078709694
192.4159493257406 158.43210078709694 197.00562010275132 171.2707453571964
197.00562010275132 171.2707453571964 189.48876158195463 190.1320457072269
230.24450939863948 171.1425451162282 224.2544000988863 172.50915461714357
224.2544000988863 172.50915461714357 232.99958905487944 186.82352563021684
232.99958905487944 186.82352563021684 227.25773220748226 180.79148841060373
227.25773220748226 180.79148841060373 230.0009524581023 187.3873633147292
230.0009524581023 187.3873633147292 197.00562010275132 168.98991589896585
197.00562010275132 168.98991589896585 205.03983790856407 159.89537642386293
205.03983790856407 159.89537642386293 199.12242562889463 154.740608869658
199.12242562889463 154.740608869658 230.24450939863948 171.1425451162282
273.38416684536463 185.17017130831044 271.1463866428513 191.40550825246729
271.1463866428513 191.40550825246729 260.92511345160176 191.94539944030473
260.92511345160176 191.94539944030473 238.216653310385 187.8296812990238
238.216653310385 187.8296812990238 232.9995890548794 186.61485730952535
232.9995890548794 186.61485730952535 239.27784842059893 168.6907453379312
239.27784842059893 168.6907453379312 245.6441304831026 154.740608869658
245.6441304831026 154.740608869658 268.719249794524 177.2374729862704
268.719249794524 177.2374729862704 273.38416684536463 185.17017130831044
30.750880070734134 238.965777055316 20.170010335240484 258.10891722191917
20.170010335240484 258.10891722191917 14.789739410797024 254.21262485673662
14.789739410797024 254.21262485673662 13.585416670581898 247.22071548118979
13.585416670581898 247.22071548118979 12.212795096062163 239.81960373110337
12.212795096062163 239.81960373110337 0.0 221.57450393061347
0.0 221.57450393061347 9.696258219387317 203.7054999658656
9.696258219387317 203.7054999658656 42.87111465139867 217.05676828750805
42.87111465139867 217.05676828750805 30.750880070734134 238.965777055316
79.48314411308613 225.2619748760135 79.4235435146085 228.01132659442717
79.4235435146085 228.01132659442717 51.815830861501624 229.8994910472668
51.815830861501624 229.8994910472668 53.06984559177707 226.17995480520526
53.06984559177707 226.17995480520526 45.99123936379202 221.83186684485904
45.99123936379202 221.83186684485904 42.87111465139867 203.7054999658656
42.87111465139867 203.7054999658656 53.48102924729288 205.70888733906733
53.48102924729288 205.70888733906733 57.83737324417126 205.55840130332146
57.83737324417126 205.55840130332146 79.48314411308613 225.2619748760135
118.21574184303572 203.7054999658656 95.15060915452892 223.63461889120248
95.15060915452892 223.63461889120248 79.48314411308613 242.76556638728692
79.48314411308613 242.76556638728692 90.22842225063077 261.1168789319022
90.22842225063077 261.1168789319022 116.81289651945022 259.8087226985411
116.81289651945022 259.8087226985411 118.21574184303572 203.7054999658656
169.85506372150908 239.09802989549075 154.47405817490952 239.27928409358552
154.47405817490952 239.27928409358552 149.1737928144733 244.4746323879774
149.1737928144733 244.4746323879774 118.21574184303572 235.74099708120116
118.21574184303572 235.74099708120116 132.5888725890189 223.2139814804017
132.5888725890189 223.2139814804017 131.5509855598458 210.12729421521124
131.5509855598458 210.12729421521124 150.12313823531852 203.7054999658656
150.12313823531852 203.7054999658656 155.20139230940185 217.62632554320027
155.20139230940185 217.62632554320027 169.85506372150908 239.09802989549075
212.81809049149626 246.8355678697561 190.51855378417446 236.13804732561707
190.51855378417446 236.13804732561707 170.31318769127566 233.5509996914577
170.31318769127566 233.5509996914577 169.8550637215091 222.24229401095712
169.8550637215091 222.24229401095712 181.7955547603108 216.35945457886157
181.7955547603108 216.35945457886157 171.88639634153236 204.72493066171538
171.88639634153236 204.72493066171538 195.84601803899346 203.7054999658656
195.84601803899346 203.7054999658656 222.3857518021046 224.27734062875174
222.3857518021046 224.27734062875174 212.81809049149626 246.8355678697561
262.3938949482334 222.24257217972288 250.9660465750753 231.10480759123675
250.9660465750753 231.10480759123675 227.63539618575595 237.40216333089606
227.63539618575595 237.40216333089606 222.3857518021046 214.1608891855412
222.3857518021046 214.1608891855412 236.2426055191231 203.79825511067048
236.2426055191231 203.79825511067048 237.94733892592322 208.76350799585168
237.94733892592322 208.76350799585168 249.10755712132135 203.7054999658656
249.10755712132135 203.7054999658656 251.67089469489872 219.0269425384073
251.67089469489872 219.0269425384073 262.3938949482334 222.24257217972288
53.47158448073551 290.30762153715835 0.0 288.34395009858105
0.0 288.34395009858105 8.336764285964549 282.68750091974243
8.336764285964549 282.68750091974243 23.277810181745444 261.1168789319022
23.277810181745444 261.1168789319022 28.801711296444186 262.18244300060735
28.801711296444186 262.18244300060735 43.659010022427964 269.52215186134663
43.659010022427964 269.52215186134663 49.693009857111065 274.8431053805002
49.693009857111065 274.8431053805002 51.02592884675366 275.8081677556327
51.02592884675366 275.8081677556327 53.47158448073551 290.30762153715835
104.5474735936861 291.02211441463373 74.50752541217221 286.0813118504999
74.50752541217221 286.0813118504999 53.47158448073551 291.4131995283341
53.47158448073551 291.4131995283341 68.35305144737961 280.1315397035954
68.35305144737961 280.1315397035954 54.17992825226773 284.04618090496785
54.17992825226773 284.04618090496785 54.8118583932111 274.2046256925056
54.8118583932111 274.2046256925056 63.69640208580163 261.1168789319022
63.69640208580163 261.1168789319022 88.12897614752853 266.96836509486167
88.12897614752853 266.96836509486167 104.5474735936861 291.02211441463373
135.1850856743064 296.2137635072978 123.39088493564383 304.719505733428
123.39088493564383 304.719505733428 104.5474735936861 305.74656992095726
104.5474735936861 305.74656992095726 111.24361478373551 292.88291122587066
111.24361478373551 292.88291122587066 107.5964947524638 278.50998757423434
107.5964947524638 278.50998757423434 113.98391572659409 273.68269673907156
113.98391572659409 273.68269673907156 137.62340381622482 261.1168789319022
137.62340381622482 261.1168789319022 132.5197198856031 271.56167951947975
132.5197198856031 271.56167951947975 135.1850856743064 296.2137635072978
178.7539595553262 294.08674759673113 176.94439838362146 300.3188055642787
176.94439838362146 300.3188055642787 167.9466394916141 314.73873665295105
167.9466394916141 314.73873665295105 154.12464879289618 297.3566981513299
154.12464879289618 297.3566981513299 149.58371140551165 294.8394678632238
149.58371140551165 294.8394678632238 141.70236724719513 295.27920570346487
141.70236724719513 295.27920570346487 137.62340381622482 268.4182953351033
137.62340381622482 268.4182953351033 159.812701631851 261.1168789319022
159.812701631851 261.1168789319022 178.7539595553262 294.08674759673113
196.18336297778455 289.4067129929809 191.8164790152492 292.50247008495484
191.8164790152492 292.50247008495484 181.15622172768354 299.88333279243676
181.15622172768354 299.88333279243676 180.84036704295596 299.25233446758847
180.84036704295596 299.25233446758847 178.7539595553262 271.29964660927095
178.7539595553262 271.29964660927095 180.77848637395437 275.47843118037315
180.77848637395437 275.47843118037315 187.79501974184961 261.1168789319022
187.79501974184961 261.1168789319022 196.7724457040658 284.19957240055254
196.7724457040658 284.19957240055254 196.18336297778455 289.4067129929809
230.46757416155134 284.36876980339 221.05268758589722 291.879217166839
221.05268758589722 291.879217166839 221.8787085811526 307.19707725134106
221.8787085811526 307.19707725134106 198.2419869920514 288.57668559367573
198.2419869920514 288.57668559367573 196.7724457040658 288.07874286763195
196.7724457040658 288.07874286763195 235.52646353999637 263.1064541642644
235.52646353999637 263.1064541642644 238.58548908892908 261.1168789319022
238.58548908892908 261.1168789319022 233.67106129003423 274.81401144647714
233.67106129003423 274.81401144647714 230.46757416155134 284.36876980339
28.023083839954143 353.0799417958582 2.331259489477798 332.1613229064001
2.331259489477798 332.1613229064001 0.0 329.5370683253937
0.0 329.5370683253937 2.182947665963116 329.1678945446874
2.182947665963116 329.1678945446874 19.40812657314584 314.738736652951
19.40812657314584 314.738736652951 34.850075207319776 318.7427796554263
34.850075207319776 318.7427796554263 32.005518179153746 334.4900290743184
32.005518179153746 334.4900290743184 47.75157847925172 326.2763838338205
47.75157847925172 326.2763838338205 28.023083839954143 353.0799417958582
68.11773711797105 364.7532472583397 59.436640552632376 360.7965437074057
59.436640552632376 360.7965437074057 47.75157847925172 336.0591315463178
47.75157847925172 336.0591315463178 59.96189021285932 315.7534527025753
59.96189021285932 315.7534527025753 66.7006546561013 314.738736652951
66.7006546561013 314.738736652951 73.23715272272969 325.62213925538083
73.23715272272969 325.62213925538083 93.22835320575808 325.9161773016019
93.22835320575808 325.9161773016019 84.15290447604514 334.964698931891
84.15290447604514 334.964698931891 68.11773711797105 364.7532472583397
112.5181087652426 354.811812991036 110.55011326080299 355.3094255027556
110.55011326080299 355.3094255027556 109.6157067968193 354.2599270350188
109.6157067968193 354.2599270350188 93.22835320575808 329.0190313566112
93.22835320575808 329.0190313566112 94.9406474997434 314.738736652951
94.9406474997434 314.738736652951 102.10336176005164 326.7885158100129
102.10336176005164 326.7885158100129 109.27847585303061 318.83416679914023
109.27847585303061 318.83416679914023 135.02488323584876 330.23717965176337
135.02488323584876 330.23717965176337 112.5181087652426 354.811812991036
