302
32.62767337682361 16.313836688411804 16.313836688411804 32.62767337682361
16.313836688411804 32.62767337682361 0.0 16.313836688411808
0.0 16.313836688411808 16.3138366884118 0.0
16.3138366884118 0.0 32.62767337682361 16.313836688411804
82.54781622494907 25.934656565401664 37.62767337682362 51.869313130803334
37.62767337682362 51.869313130803334 37.62767337682361 0.0
37.62767337682361 0.0 82.54781622494907 25.934656565401664
134.72722026846841 20.07210054784517 120.14398559405919 40.144201095690335
120.14398559405919 40.144201095690335 96.54781622494907 32.477340912018875
96.54781622494907 32.477340912018875 96.54781622494907 7.666860183671474
96.54781622494907 7.666860183671474 120.14398559405919 0.0
120.14398559405919 0.0 134.72722026846841 20.07210054784517
178.503002465325 18.38789109842831 160.1151113668967 36.77578219685662
160.1151113668967 36.77578219685662 141.72722026846841 18.387891098428312
141.72722026846841 18.387891098428312 160.1151113668967 0.0
160.1151113668967 0.0 178.503002465325 18.38789109842831
213.38524137731306 13.78841706468723 189.50300246532507 27.57683412937447
189.50300246532507 27.57683412937447 189.50300246532504 0.0
189.50300246532504 0.0 213.38524137731306 13.78841706468723
271.3148145808663 27.826723384295136 251.0975166271346 55.65344676859027
251.0975166271346 55.65344676859027 218.38524137731306 45.02458423133103
218.38524137731306 45.02458423133103 218.38524137731306 10.628862537259245
218.38524137731306 10.628862537259245 251.0975166271346 0.0
251.0975166271346 0.0 271.3148145808663 27.826723384295136
47.98341310776329 81.43087412439338 35.98755983082247 102.2083014801965
35.98755983082247 102.2083014801965 11.995853276940826 102.2083014801965
11.995853276940826 102.2083014801965 0.0 81.43087412439338
0.0 81.43087412439338 11.995853276940812 60.65344676859027
11.995853276940812 60.65344676859027 35.98755983082247 60.65344676859027
35.98755983082247 60.65344676859027 47.98341310776329 81.43087412439338
112.06790347789045 85.19569195365385 104.87964628872822 102.5496799495552
104.87964628872822 102.5496799495552 87.52565829282688 109.73793713871743
87.52565829282688 109.73793713871743 70.17167029692553 102.5496799495552
70.17167029692553 102.5496799495552 62.9834131077633 85.19569195365385
62.9834131077633 85.19569195365385 70.17167029692553 67.8417039577525
70.17167029692553 67.8417039577525 87.52565829282688 60.65344676859027
87.52565829282688 60.65344676859027 104.87964628872822 67.84170395775249
104.87964628872822 67.84170395775249 112.06790347789045 85.19569195365385
153.77738394967176 78.9673549178943 146.70468339419784 93.65396895288494
146.70468339419784 93.65396895288494 130.81246950284674 97.28126306719832
130.81246950284674 97.28126306719832 118.06790347789044 87.11781080944088
118.06790347789044 87.11781080944088 118.06790347789043 70.81689902634773
118.06790347789043 70.81689902634773 130.81246950284674 60.65344676859027
130.81246950284674 60.65344676859027 146.70468339419782 64.28074088290364
146.70468339419782 64.28074088290364 153.77738394967176 78.9673549178943
216.72287686912384 85.31156851822645 202.4865036392608 109.96969026786263
202.4865036392608 109.96969026786263 174.0137571795348 109.96969026786263
174.0137571795348 109.96969026786263 159.77738394967176 85.31156851822645
159.77738394967176 85.31156851822645 174.01375717953476 60.65344676859028
174.01375717953476 60.65344676859028 202.4865036392608 60.65344676859027
202.4865036392608 60.65344676859027 216.72287686912384 85.31156851822645
274.95332331633796 85.61255666207705 231.72287686912384 110.57166655556385
231.72287686912384 110.57166655556385 231.7228768691238 60.65344676859027
231.7228768691238 60.65344676859027 274.95332331633796 85.61255666207705
39.45360516470568 139.35021611790788 1.5987211554602254e-14 162.1287656802519
1.5987211554602254e-14 162.1287656802519 0.0 116.57166655556387
0.0 116.57166655556387 39.45360516470568 139.35021611790788
107.94413056439551 141.898806993979 93.32149921447305 167.22594743239418
93.32149921447305 167.22594743239418 64.07623651462814 167.22594743239418
64.07623651462814 167.22594743239418 49.45360516470568 141.898806993979
49.45360516470568 141.898806993979 64.07623651462812 116.57166655556384
64.07623651462812 116.57166655556384 93.32149921447305 116.57166655556384
93.32149921447305 116.57166655556384 107.94413056439551 141.898806993979
158.34008947396416 136.26964601034817 152.5706848673311 150.19822085849944
152.5706848673311 150.19822085849944 138.64211001917982 155.96762546513247
138.64211001917982 155.96762546513247 124.71353517102854 150.19822085849944
124.71353517102854 150.19822085849944 118.94413056439551 136.26964601034817
118.94413056439551 136.26964601034817 124.71353517102854 122.34107116219688
124.71353517102854 122.34107116219688 138.64211001917982 116.57166655556385
138.64211001917982 116.57166655556385 152.5706848673311 122.34107116219688
152.5706848673311 122.34107116219688 158.34008947396416 136.26964601034817
207.66462582607818 138.23393473162088 186.00235765002117 159.8962029076779
186.00235765002117 159.8962029076779 164.34008947396416 138.23393473162088
164.34008947396416 138.23393473162088 186.00235765002117 116.57166655556387
186.00235765002117 116.57166655556387 207.66462582607818 138.23393473162088
265.87665828653326 137.01507629308867 254.07365017141947 157.45848603061347
254.07365017141947 157.45848603061347 230.46763394119196 157.45848603061347
230.46763394119196 157.45848603061347 218.66462582607818 137.01507629308867
218.66462582607818 137.01507629308867 230.46763394119193 116.57166655556387
230.46763394119193 116.57166655556387 254.07365017141947 116.57166655556387
254.07365017141947 116.57166655556387 265.87665828653326 137.01507629308867
308.2386247775142 137.5652576973958 271.8766582865333 158.55884883922775
271.8766582865333 158.55884883922775 271.87665828653326 116.57166655556384
271.87665828653326 116.57166655556384 308.2386247775142 137.5652576973958
35.10554835145197 197.68202640875506 21.696422074900156 216.13810538511592
21.696422074900156 216.13810538511592 3.552713678800501e-15 209.08851051519844
3.552713678800501e-15 209.08851051519844 0.0 186.2755423023117
0.0 186.2755423023117 21.696422074900152 179.2259474323942
21.696422074900152 179.2259474323942 35.10554835145197 197.68202640875506
93.28428453132301 205.60647020897042 74.11771282312634 231.98699298554664
74.11771282312634 231.98699298554664 43.10554835145197 221.91052992588527
43.10554835145197 221.91052992588527 43.10554835145197 189.30241049205557
43.10554835145197 189.30241049205557 74.11771282312633 179.2259474323942
74.11771282312633 179.2259474323942 93.28428453132301 205.60647020897042
144.66376638951306 195.8447505690325 135.06889592496555 212.4635537056708
135.06889592496555 212.4635537056708 115.87915499587052 212.4635537056708
115.87915499587052 212.4635537056708 106.28428453132301 195.8447505690325
106.28428453132301 195.8447505690325 115.87915499587051 179.2259474323942
115.87915499587051 179.2259474323942 135.06889592496555 179.2259474323942
135.06889592496555 179.2259474323942 144.66376638951306 195.8447505690325
203.57152348505366 204.1798259801645 178.61764493728336 229.1337045279348
178.61764493728336 229.1337045279348 153.66376638951306 204.1798259801645
153.66376638951306 204.1798259801645 178.61764493728336 179.2259474323942
178.61764493728336 179.2259474323942 203.57152348505366 204.1798259801645
265.2172607244303 206.90344941958338 245.10837846178447 234.58095140677256
245.10837846178447 234.58095140677256 212.57152348505366 224.00908637135905
212.57152348505366 224.00908637135905 212.57152348505366 189.79781246780772
212.57152348505366 189.79781246780772 245.10837846178447 179.2259474323942
245.10837846178447 179.2259474323942 265.2172607244303 206.90344941958338
42.20278979885336 271.22500799368794 33.84400969593999 288.5821937266307
33.84400969593999 288.5821937266307 15.062001292734255 292.8690645806033
15.062001292734255 292.8690645806033 3.552713678800501e-15 280.8575193663354
3.552713678800501e-15 280.8575193663354 0.0 261.5924966210405
0.0 261.5924966210405 15.062001292734251 249.58095140677253
15.062001292734251 249.58095140677253 33.84400969593999 253.8678222607452
33.84400969593999 253.8678222607452 42.20278979885336 271.22500799368794
96.00858273638613 269.9838478755389 90.03271271653152 284.4108743244507
90.03271271653152 284.4108743244507 75.60568626761975 290.38674434430527
75.60568626761975 290.38674434430527 61.17865981870798 284.4108743244507
61.17865981870798 284.4108743244507 55.20278979885337 269.9838478755389
55.20278979885337 269.9838478755389 61.17865981870797 255.55682142662715
61.17865981870797 255.55682142662715 75.60568626761975 249.58095140677253
75.60568626761975 249.58095140677253 90.0327127165315 255.55682142662715
90.0327127165315 255.55682142662715 96.00858273638613 269.9838478755389
139.5834977723844 269.33525327642985 125.23115735302252 289.08955514608715
125.23115735302252 289.08955514608715 102.00858273638613 281.5440832559037
102.00858273638613 281.5440832559037 102.00858273638612 257.12642329695603
102.00858273638612 257.12642329695603 125.23115735302252 249.58095140677253
125.23115735302252 249.58095140677253 139.5834977723844 269.33525327642985
198.1637254720926 275.37106525662665 172.37361162223849 301.16117910648074
172.37361162223849 301.16117910648074 146.58349777238436 275.37106525662665
146.58349777238436 275.37106525662665 172.37361162223849 249.58095140677253
172.37361162223849 249.58095140677253 198.1637254720926 275.37106525662665
253.5915598856222 274.29486861353735 246.3530211254437 291.7702470601236
246.3530211254437 291.7702470601236 228.8776426788574 299.00878582030214
228.8776426788574 299.00878582030214 211.40226423227114 291.7702470601236
211.40226423227114 291.7702470601236 204.1637254720926 274.29486861353735
204.1637254720926 274.29486861353735 211.4022642322711 256.8194901669511
211.4022642322711 256.8194901669511 228.8776426788574 249.58095140677256
228.8776426788574 249.58095140677256 246.35302112544366 256.8194901669511
246.35302112544366 256.8194901669511 253.5915598856222 274.29486861353735
58.84587084530108 331.6421886364052 44.13440313397581 357.1231981663296
44.13440313397581 357.1231981663296 14.711467711325275 357.1231981663296
14.711467711325275 357.1231981663296 0.0 331.6421886364052
0.0 331.6421886364052 14.711467711325257 306.1611791064808
14.711467711325257 306.1611791064808 44.13440313397581 306.1611791064808
44.13440313397581 306.1611791064808 58.84587084530108 331.6421886364052
121.23702944577383 334.8567584067172 112.83228885881091 355.1475971199906
112.83228885881091 355.1475971199906 92.54145014553745 363.55233770695355
92.54145014553745 363.55233770695355 72.250611432264 355.1475971199906
72.250611432264 355.1475971199906 63.845870845301086 334.8567584067172
63.845870845301086 334.8567584067172 72.25061143226398 314.56591969344373
72.25061143226398 314.56591969344373 92.54145014553745 306.1611791064808
92.54145014553745 306.1611791064808 112.83228885881091 314.56591969344373
112.83228885881091 314.56591969344373 121.23702944577383 334.8567584067172
178.8750938723499 328.02846995630114 170.43010229112306 345.5646756685919
170.43010229112306 345.5646756685919 151.45437845454063 349.8957608061215
151.45437845454063 349.8957608061215 136.23702944577383 337.7603299222939
136.23702944577383 337.7603299222939 136.23702944577383 318.29660999030835
136.23702944577383 318.29660999030835 151.45437845454063 306.1611791064808
151.45437845454063 306.1611791064808 170.43010229112306 310.49226424401036
170.43010229112306 310.49226424401036 178.8750938723499 328.02846995630114
247.24901925858177 333.84814179959676 219.56205656546584 361.5351044927127
219.56205656546584 361.5351044927127 191.8750938723499 333.84814179959676
191.8750938723499 333.84814179959676 219.56205656546584 306.1611791064808
219.56205656546584 306.1611791064808 247.24901925858177 333.84814179959676
297.5570591105737 324.81519903247676 292.09342317063846 338.00558301853744
292.09342317063846 338.00558301853744 278.9030391845777 343.4692189584727
278.9030391845777 343.4692189584727 265.71265519851704 338.0055830185375
265.71265519851704 338.0055830185375 260.24901925858177 324.81519903247676
260.24901925858177 324.81519903247676 265.712655198517 311.6248150464161
265.712655198517 311.6248150464161 278.9030391845777 306.1611791064808
278.9030391845777 306.1611791064808 292.0934231706384 311.624815046416
292.0934231706384 311.624815046416 297.5570591105737 324.81519903247676
46.60224358437248 398.731701115662 34.95168268827936 418.9110645243705
34.95168268827936 418.9110645243705 11.650560896093124 418.9110645243705
11.650560896093124 418.9110645243705 0.0 398.731701115662
0.0 398.731701115662 11.65056089609311 378.55233770695355
11.65056089609311 378.55233770695355 34.95168268827936 378.55233770695355
34.95168268827936 378.55233770695355 46.60224358437248 398.731701115662
86.94947017228633 394.72595100091047 82.21232851477524 406.1624226373563
82.21232851477524 406.1624226373563 70.7758568783294 410.8995642948674
70.7758568783294 410.8995642948674 59.339385241883576 406.1624226373563
59.339385241883576 406.1624226373563 54.60224358437249 394.72595100091047
54.60224358437249 394.72595100091047 59.33938524188357 383.2894793644646
59.33938524188357 383.2894793644646 70.7758568783294 378.55233770695355
70.7758568783294 378.55233770695355 82.21232851477524 383.2894793644646
82.21232851477524 383.2894793644646 86.94947017228633 394.72595100091047
148.54954999297556 404.10291172016315 129.98597135743017 429.65348573337275
129.98597135743017 429.65348573337275 99.94947017228634 419.8940348923965
99.94947017228634 419.8940348923965 99.94947017228633 388.3117885479298
99.94947017228633 388.3117885479298 129.98597135743017 378.55233770695355
129.98597135743017 378.55233770695355 148.54954999297556 404.10291172016315
197.19949076824082 398.88714414742736 189.34633372308772 415.19439278233057
189.34633372308772 415.19439278233057 171.70045001783856 419.2219505879012
171.70045001783856 419.2219505879012 157.54954999297556 407.93698438933757
157.54954999297556 407.93698438933757 157.54954999297556 389.83730390551716
157.54954999297556 389.83730390551716 171.70045001783856 378.55233770695355
171.70045001783856 378.55233770695355 189.34633372308772 382.57989551252416
189.34633372308772 382.57989551252416 197.19949076824082 398.88714414742736
253.15822954912025 396.2879918525598 242.9185448539004 414.023645998166
242.9185448539004 414.023645998166 222.43917546346069 414.02364599816605
222.43917546346069 414.02364599816605 212.19949076824085 396.2879918525598
212.19949076824085 396.2879918525598 222.43917546346069 378.5523377069536
222.43917546346069 378.5523377069536 242.9185448539004 378.5523377069536
242.9185448539004 378.5523377069536 253.15822954912025 396.2879918525598
54.74269583510533 467.3577683657957 41.057021876329 491.06205099821864
41.057021876329 491.06205099821864 13.685673958776338 491.06205099821864
13.685673958776338 491.06205099821864 0.0 467.3577683657957
0.0 467.3577683657957 13.68567395877632 443.6534857333728
13.68567395877632 443.6534857333728 41.057021876329 443.6534857333728
41.057021876329 443.6534857333728 54.74269583510533 467.3577683657957
99.98577221966141 461.6916842943083 68.74269583510535 479.7298828552438
68.74269583510535 479.7298828552438 68.74269583510534 443.6534857333728
68.74269583510534 443.6534857333728 99.98577221966141 461.6916842943083
59.40873643223277 25.934656565401664 49.19721327318177 31.83028221011586
49.19721327318177 31.83028221011586 49.19721327318177 20.03903092068747
49.19721327318177 20.03903092068747 59.40873643223277 25.934656565401664
165.22746689839173 18.38789109842831 161.69491610741542 23.25003014027421
161.69491610741542 23.25003014027421 155.97912886063048 21.392858284316922
155.97912886063048 21.392858284316922 155.97912886063048 15.382923912539695
155.97912886063048 15.382923912539695 161.69491610741542 13.525752056582409
161.69491610741542 13.525752056582409 165.22746689839173 18.38789109842831
193.98949952772963 85.31156851822645 185.38044585023187 90.28200797639772
185.38044585023187 90.28200797639772 185.38044585023187 80.34112906005518
185.38044585023187 80.34112906005518 193.98949952772963 85.31156851822645
252.5010103924692 85.61255666207705 242.94903333105822 91.1273931897758
242.94903333105822 91.1273931897758 242.94903333105822 80.0977201343783
242.94903333105822 80.0977201343783 252.5010103924692 85.61255666207705
146.36446943007545 136.26964601034817 142.50328972462762 142.9574054373376
142.50328972462762 142.9574054373376 134.78093031373203 142.9574054373376
134.78093031373203 142.9574054373376 130.9197506082842 136.26964601034817
130.9197506082842 136.26964601034817 134.78093031373203 129.58188658335874
134.78093031373203 129.58188658335874 142.50328972462762 129.58188658335874
142.50328972462762 129.58188658335874 146.36446943007545 136.26964601034817
191.31214789868298 138.23393473162088 183.34746252569025 142.8323479757289
183.34746252569025 142.8323479757289 183.34746252569025 133.63552148751285
183.34746252569025 133.63552148751285 191.31214789868298 138.23393473162088
249.5473110241292 137.01507629308867 238.63230757239398 143.3168564741537
238.63230757239398 143.3168564741537 238.63230757239398 130.71329611202364
238.63230757239398 130.71329611202364 249.5473110241292 137.01507629308867
289.507977388008 137.5652576973958 285.70020248759505 142.80621022754806
285.70020248759505 142.80621022754806 279.5390932772182 140.80434449445465
279.5390932772182 140.80434449445465 279.5390932772182 134.32617090033693
279.5390932772182 134.32617090033693 285.70020248759505 132.32430516724352
285.70020248759505 132.32430516724352 289.507977388008 137.5652576973958
23.534118030587436 197.68202640875506 18.120653456527464 205.13302117560238
18.120653456527464 205.13302117560238 9.36148377880496 202.2869944246643
9.36148377880496 202.2869944246643 9.36148377880496 193.07705839284583
9.36148377880496 193.07705839284583 18.120653456527464 190.23103164190775
18.120653456527464 190.23103164190775 23.534118030587436 197.68202640875506
185.80887868564088 204.1798259801645 180.83985837604848 211.01909569674157
180.83985837604848 211.01909569674157 172.79981462433946 208.40672712323698
172.79981462433946 208.40672712323698 172.79981462433946 199.95292483709204
172.79981462433946 199.95292483709204 180.83985837604848 197.34055626358744
180.83985837604848 197.34055626358744 185.80887868564088 204.1798259801645
27.041234035051556 271.22500799368794 16.482556934517476 277.3210630599676
16.482556934517476 277.3210630599676 16.482556934517472 265.12895292740825
16.482556934517472 265.12895292740825 27.041234035051556 271.22500799368794
83.32630078289291 269.9838478755389 75.60568626761975 277.70446239081207
75.60568626761975 277.70446239081207 67.88507175234658 269.9838478755389
67.88507175234658 269.9838478755389 75.60568626761975 262.26323336026576
75.60568626761975 262.26323336026576 83.32630078289291 269.9838478755389
125.0252509850615 269.33525327642985 118.81259559024033 275.54790867125104
118.81259559024033 275.54790867125104 112.59994019541917 269.33525327642985
112.59994019541917 269.33525327642985 118.81259559024033 263.12259788160867
118.81259559024033 263.12259788160867 125.0252509850615 269.33525327642985
235.24672873361519 274.29486861353735 232.0621857062363 279.8106589358468
232.0621857062363 279.8106589358468 225.6930996514785 279.8106589358468
225.6930996514785 279.8106589358468 222.5085566240996 274.29486861353735
222.5085566240996 274.29486861353735 225.6930996514785 268.7790782912279
225.6930996514785 268.7790782912279 232.0621857062363 268.7790782912279
232.0621857062363 268.7790782912279 235.24672873361519 274.29486861353735
37.03009505144649 331.6421886364052 29.42293542265054 339.24934826520115
29.42293542265054 339.24934826520115 21.81577579385459 331.6421886364052
21.81577579385459 331.6421886364052 29.42293542265054 324.03502900760924
29.42293542265054 324.03502900760924 37.03009505144649 331.6421886364052
225.6904039591385 333.84814179959676 221.45582005754412 339.67654652246955
221.45582005754412 339.67654652246955 214.60411937655124 337.4502940185226
214.60411937655124 337.4502940185226 214.60411937655124 330.24598958067094
214.60411937655124 330.24598958067094 221.45582005754412 328.01973707672397
221.45582005754412 328.01973707672397 225.6904039591385 333.84814179959676
30.29246607479447 398.731701115662 26.796793933490356 404.7863828710038
26.796793933490356 404.7863828710038 19.805449650882128 404.78638287100387
19.805449650882128 404.78638287100387 16.309777509578012 398.731701115662
16.309777509578012 398.731701115662 19.805449650882125 392.67701936032023
19.805449650882125 392.67701936032023 26.796793933490356 392.67701936032023
26.796793933490356 392.67701936032023 30.29246607479447 398.731701115662
129.3677253269359 404.10291172016315 121.68408661048171 411.78655043661735
121.68408661048171 411.78655043661735 114.00044789402752 404.10291172016315
114.00044789402752 404.10291172016315 121.68408661048171 396.41927300370895
121.68408661048171 396.41927300370895 129.3677253269359 404.10291172016315
239.35650531240609 396.2879918525598 229.3400375818178 402.0710021931442
229.3400375818178 402.0710021931442 229.34003758181777 390.5049815119755
229.34003758181777 390.5049815119755 239.35650531240609 396.2879918525598
33.75887052427251 467.3577683657957 27.371347917552665 473.7452909725156
27.371347917552665 473.7452909725156 20.98382531083282 467.3577683657957
20.98382531083282 467.3577683657957 27.371347917552665 460.97024575907585
27.371347917552665 460.97024575907585 33.75887052427251 467.3577683657957
85.1740581667293 461.6916842943083 76.1485528615714 466.9025622118136
76.1485528615714 466.9025622118136 76.1485528615714 456.480806376803
76.1485528615714 456.480806376803 85.1740581667293 461.6916842943083
