176
52.20495658995465 26.77375216036406 41.865124685538106 48.24463434684631
41.865124685538106 48.24463434684631 18.631733290446988 53.54750432072812
18.631733290446988 53.54750432072812 3.552713678800501e-15 38.68919283284227
3.552713678800501e-15 38.68919283284227 0.0 14.858311487885862
0.0 14.858311487885862 18.63173329044698 0.0
18.63173329044698 0.0 41.86512468553809 5.302869973881808
41.86512468553809 5.302869973881808 52.20495658995465 26.77375216036406
107.61492380710513 27.70498360857524 99.50032198081558 47.29536539086094
99.50032198081558 47.29536539086094 79.90994019852988 55.40996721715048
79.90994019852988 55.40996721715048 60.319558416244185 47.29536539086094
60.319558416244185 47.29536539086094 52.20495658995464 27.704983608575244
52.20495658995464 27.704983608575244 60.31955841624418 8.114601826289544
60.31955841624418 8.114601826289544 79.90994019852988 0.0
79.90994019852988 0.0 99.50032198081557 8.114601826289537
99.50032198081557 8.114601826289537 107.61492380710513 27.70498360857524
145.854113715079 20.103531836853854 131.24804287249495 40.20706367370771
131.24804287249495 40.20706367370771 107.61492380710513 32.52819780594514
107.61492380710513 32.52819780594514 107.61492380710513 27.70498360857524
107.61492380710513 27.70498360857524 107.61492380710513 7.678865867762569
107.61492380710513 7.678865867762569 131.24804287249495 0.0
131.24804287249495 0.0 145.854113715079 20.103531836853854
199.27861115615684 28.086920454103662 178.87226896554688 56.173840908207325
178.87226896554688 56.173840908207325 145.854113715079 45.44559193405436
145.854113715079 45.44559193405436 145.854113715079 20.103531836853854
145.854113715079 20.103531836853854 145.854113715079 10.728248974152972
145.854113715079 10.728248974152972 178.87226896554688 0.0
178.87226896554688 0.0 199.27861115615684 28.086920454103662
32.5081479209833 73.26438566763917 20.09114032647691 90.35493042707103
20.09114032647691 90.35493042707103 1.7763568394002505e-15 83.82692321521945
1.7763568394002505e-15 83.82692321521945 0.0 62.7018481200589
0.0 62.7018481200589 20.091140326476904 56.173840908207325
20.091140326476904 56.173840908207325 32.5081479209833 73.26438566763917
62.02928348005355 73.21787647001996 32.50814792098331 90.2619120318326
32.50814792098331 90.2619120318326 32.5081479209833 56.173840908207325
32.5081479209833 56.173840908207325 62.02928348005355 73.21787647001996
100.22095400093369 78.22381216423895 62.02928348005357 100.27378342027058
62.02928348005357 100.27378342027058 62.02928348005356 56.173840908207325
62.02928348005356 56.173840908207325 100.22095400093369 78.22381216423895
149.3063805809107 80.71655419819584 149.30638058091068 80.71655419819587
149.30638058091068 80.71655419819587 124.7636672909222 105.25926748818435
124.7636672909222 105.25926748818435 100.22095400093369 80.71655419819584
100.22095400093369 80.71655419819584 124.7636672909222 56.17384090820733
124.7636672909222 56.17384090820733 149.30638058091068 80.71655419819581
149.30638058091068 80.71655419819581 149.3063805809107 80.71655419819584
188.6643296652572 76.86553925104907 173.63093084252463 97.55723759389082
173.63093084252463 97.55723759389082 149.30638058091068 89.65371211188514
149.30638058091068 89.65371211188514 149.30638058091068 80.71655419819587
149.30638058091068 80.71655419819587 149.30638058091068 80.71655419819581
149.30638058091068 80.71655419819581 149.30638058091068 64.077366390213
149.30638058091068 64.077366390213 173.63093084252463 56.173840908207325
173.63093084252463 56.173840908207325 188.6643296652572 76.86553925104907
224.04613395461988 76.60153513908547 188.66432966525727 97.02922936996363
188.66432966525727 97.02922936996363 188.66432966525724 56.173840908207325
188.66432966525724 56.173840908207325 224.04613395461988 76.60153513908547
40.65012350667111 128.7286272373524 1.7763568394002505e-14 152.1979869865205
1.7763568394002505e-14 152.1979869865205 0.0 105.25926748818432
0.0 105.25926748818432 40.65012350667111 128.7286272373524
73.6527483825546 119.54982325522602 65.40209216358373 133.8403790222677
65.40209216358373 133.8403790222677 48.90077972564198 133.8403790222677
48.90077972564198 133.8403790222677 40.65012350667111 119.54982325522602
40.65012350667111 119.54982325522602 48.900779725641975 105.25926748818434
48.900779725641975 105.25926748818434 65.40209216358373 105.25926748818434
65.40209216358373 105.25926748818434 73.6527483825546 119.54982325522602
108.23175603919711 122.99340312250882 101.38295948910067 137.21507569955492
101.38295948910067 137.21507569955492 85.99385333102339 140.72753875683333
85.99385333102339 140.72753875683333 73.6527483825546 130.8858359710245
73.6527483825546 130.8858359710245 73.6527483825546 119.54982325522602
73.6527483825546 119.54982325522602 73.6527483825546 115.10097027399314
73.6527483825546 115.10097027399314 85.99385333102339 105.25926748818434
85.99385333102339 105.25926748818434 101.38295948910066 108.77173054546274
101.38295948910066 108.77173054546274 108.23175603919711 122.99340312250882
146.11203959070923 124.1994092639404 127.17189781495318 143.13955103969644
127.17189781495318 143.13955103969644 108.23175603919714 124.1994092639404
108.23175603919714 124.1994092639404 127.17189781495318 105.25926748818435
127.17189781495318 105.25926748818435 146.11203959070923 124.1994092639404
181.78682664749036 124.01461296215916 168.1602705332148 142.76995843613398
168.1602705332148 142.76995843613398 146.11203959070923 135.6060539358221
146.11203959070923 135.6060539358221 146.11203959070923 124.1994092639404
146.11203959070923 124.1994092639404 146.11203959070923 112.42317198849622
146.11203959070923 112.42317198849622 168.1602705332148 105.25926748818434
168.1602705332148 105.25926748818434 181.78682664749036 124.01461296215916
221.63049431739586 125.18110132313709 201.70866048244312 145.10293515808985
201.70866048244312 145.10293515808985 181.7868266474904 125.18110132313709
181.7868266474904 125.18110132313709 201.70866048244312 105.25926748818434
201.70866048244312 105.25926748818434 221.63049431739586 125.18110132313709
32.737363791666844 171.09891278419806 1.2434497875801753e-14 189.99983858187562
1.2434497875801753e-14 189.99983858187562 0.0 152.1979869865205
0.0 152.1979869865205 32.737363791666844 171.09891278419806
60.24325634285709 168.0785214552511 32.73736379166685 183.9590559239817
32.73736379166685 183.9590559239817 32.737363791666844 152.1979869865205
32.737363791666844 152.1979869865205 60.24325634285709 168.0785214552511
94.38676690570324 170.148292766377 81.34510636593707 188.09859854623352
81.34510636593707 188.09859854623352 60.243256342857094 181.24219184678202
60.243256342857094 181.24219184678202 60.243256342857094 159.054393685972
60.243256342857094 159.054393685972 81.34510636593707 152.1979869865205
81.34510636593707 152.1979869865205 94.38676690570324 170.148292766377
130.48281063181807 173.0380475484734 94.38676690570325 193.8781081104263
94.38676690570325 193.8781081104263 94.38676690570324 152.1979869865205
94.38676690570324 152.1979869865205 130.48281063181807 173.0380475484734
181.72337876945468 177.8182710553388 156.10309470063638 203.43855512415712
156.10309470063638 203.43855512415712 130.48281063181807 177.8182710553388
130.48281063181807 177.8182710553388 156.10309470063638 152.1979869865205
156.10309470063638 152.1979869865205 181.72337876945468 177.8182710553388
208.40437664669457 167.60226829319276 181.7233787694547 183.00654959986502
181.7233787694547 183.00654959986502 181.7233787694547 152.1979869865205
181.7233787694547 152.1979869865205 208.40437664669457 167.60226829319276
29.056658178637505 218.71454434287776 17.958002353885593 233.99053356159837
17.958002353885593 233.99053356159837 1.7763568394002505e-15 228.15562489182406
1.7763568394002505e-15 228.15562489182406 0.0 209.27346379393146
0.0 209.27346379393146 17.95800235388559 203.43855512415715
17.95800235388559 203.43855512415715 29.056658178637505 218.71454434287776
56.59997390795881 219.34069587485564 29.05665817863752 235.24283662555413
29.05665817863752 235.24283662555413 29.05665817863751 203.43855512415715
29.05665817863751 203.43855512415715 56.59997390795881 219.34069587485564
97.11776085047272 220.98327152282837 86.98831411484424 238.5279879214996
86.98831411484424 238.5279879214996 66.72942064358729 238.5279879214996
66.72942064358729 238.5279879214996 56.59997390795881 220.98327152282837
56.59997390795881 220.98327152282837 66.72942064358728 203.43855512415715
66.72942064358728 203.43855512415715 86.98831411484424 203.43855512415715
86.98831411484424 203.43855512415715 97.11776085047272 220.98327152282837
137.54824909914367 223.65379924849262 131.6273411784673 237.94813545215175
131.6273411784673 237.94813545215175 117.33300497480819 243.8690433728281
117.33300497480819 243.8690433728281 103.03866877114908 237.94813545215175
103.03866877114908 237.94813545215175 97.11776085047272 223.65379924849262
97.11776085047272 223.65379924849262 103.03866877114906 209.3594630448335
103.03866877114906 209.3594630448335 117.33300497480819 203.43855512415715
117.33300497480819 203.43855512415715 131.6273411784673 209.3594630448335
131.6273411784673 209.3594630448335 137.54824909914367 223.65379924849262
32.186415635450096 26.77375216036406 21.020793441258842 33.220227139850046
21.020793441258842 33.220227139850046 21.02079344125884 20.327277180878085
21.02079344125884 20.327277180878085 32.186415635450096 26.77375216036406
86.04503545114241 27.70498360857524 81.80578889369622 33.539805926663846
81.80578889369622 33.539805926663846 74.94654387705728 31.311102119470448
74.94654387705728 31.311102119470448 74.94654387705728 24.098865097680033
74.94654387705728 24.098865097680033 81.80578889369622 21.870161290486635
81.80578889369622 21.870161290486635 86.04503545114241 27.70498360857524
131.372644088386 20.103531836853854 128.04432675162093 25.868346567843318
128.04432675162093 25.868346567843318 121.38769207809075 25.868346567843318
121.38769207809075 25.868346567843318 118.05937474132566 20.103531836853854
118.05937474132566 20.103531836853854 121.38769207809074 14.33871710586439
121.38769207809074 14.33871710586439 128.04432675162093 14.33871710586439
128.04432675162093 14.33871710586439 131.372644088386 20.103531836853854
175.40760865421092 28.086920454103662 166.91560862811713 32.98977895512723
166.91560862811713 32.98977895512723 166.91560862811713 23.184061953080096
166.91560862811713 23.184061953080096 175.40760865421092 28.086920454103662
19.747367297522946 73.26438566763917 11.933444923419662 77.77575585375455
11.933444923419662 77.77575585375455 11.933444923419659 68.7530154815238
11.933444923419659 68.7530154815238 19.747367297522946 73.26438566763917
50.19485843900539 73.21787647001996 38.425360441507394 80.01299930710219
38.425360441507394 80.01299930710219 38.42536044150739 66.42275363293773
38.42536044150739 66.42275363293773 50.19485843900539 73.21787647001996
131.0984701242828 80.71655419819584 126.7212290224452 86.74130971230844
126.7212290224452 86.74130971230844 119.63870414271891 84.44005787982577
119.63870414271891 84.44005787982577 119.63870414271891 76.9930505165659
119.63870414271891 76.9930505165659 126.72122902244519 74.69179868408324
126.72122902244519 74.69179868408324 131.0984701242828 80.71655419819584
173.4147746698485 76.86553925104907 168.91855919228797 83.05404894490603
168.91855919228797 83.05404894490603 161.64352972885172 80.69024858156088
161.64352972885172 80.69024858156088 161.64352972885172 73.04082992053726
161.64352972885172 73.04082992053726 168.91855919228797 70.67702955719211
168.91855919228797 70.67702955719211 173.4147746698485 76.86553925104907
134.5936181190032 124.1994092639404 123.46103766292818 130.62680758703047
123.46103766292818 130.62680758703047 123.46103766292818 117.77201094085032
123.46103766292818 117.77201094085032 134.5936181190032 124.1994092639404
209.63881053994663 125.18110132313709 205.67373551119488 132.04881272875775
205.67373551119488 132.04881272875775 197.74358545369137 132.04881272875775
197.74358545369137 132.04881272875775 193.7785104249396 125.18110132313709
193.7785104249396 125.18110132313709 197.74358545369137 118.31338991751643
197.74358545369137 118.31338991751643 205.67373551119488 118.31338991751642
205.67373551119488 118.31338991751642 209.63881053994663 125.18110132313709
162.28264794298735 177.8182710553388 153.01331807946087 183.16992114725326
153.01331807946087 183.16992114725326 153.01331807946087 172.46662096342436
153.01331807946087 172.46662096342436 162.28264794298735 177.8182710553388
125.10938393306216 223.65379924849262 113.44481549568121 230.38834097579533
113.44481549568121 230.38834097579533 113.4448154956812 216.9192575211899
113.4448154956812 216.9192575211899 125.10938393306216 223.65379924849262
