208
22.49973837324947 31.332791509946343 17.889983689636846 41.380446208248834
17.889983689636846 41.380446208248834 0.0 21.392510622220108
0.0 21.392510622220108 3.5590432280335165 14.063130534399775
3.5590432280335165 14.063130534399775 3.227200076686012 0.0
3.227200076686012 0.0 15.20001424697369 5.851562997181157
15.20001424697369 5.851562997181157 30.905704773233857 6.140537209028643
30.905704773233857 6.140537209028643 40.64303851219808 12.876446666743238
40.64303851219808 12.876446666743238 22.49973837324947 31.332791509946343
92.21078441872133 32.14430560705845 63.57915864115487 40.934367883725656
63.57915864115487 40.934367883725656 58.65343560762655 51.75074622408155
58.65343560762655 51.75074622408155 40.64303851219808 25.22327250353861
40.64303851219808 25.22327250353861 55.899873468032325 14.159377716969109
55.899873468032325 14.159377716969109 61.27324939572783 18.408612416427594
61.27324939572783 18.408612416427594 62.9028382730959 0.0
62.9028382730959 0.0 78.21924600517679 18.552022617381848
78.21924600517679 18.552022617381848 92.21078441872133 32.14430560705845
131.23522320482564 16.79877521148286 131.1397147129857 35.67183570198481
131.1397147129857 35.67183570198481 106.31113678831875 22.582471980651952
106.31113678831875 22.582471980651952 96.06161704254069 29.19699177463253
96.06161704254069 29.19699177463253 92.21078441872133 18.57259791813061
92.21078441872133 18.57259791813061 104.17167355835898 0.0
104.17167355835898 0.0 135.59482000702187 5.7781756747077475
135.59482000702187 5.7781756747077475 128.89909667744266 8.230424536186234
128.89909667744266 8.230424536186234 131.23522320482564 16.79877521148286
163.0925762766865 43.6206408603983 145.4721876628161 52.005952889355044
145.4721876628161 52.005952889355044 135.59482000702187 28.589170002749714
135.59482000702187 28.589170002749714 141.97909472164665 0.0
141.97909472164665 0.0 154.47402996544812 14.345305231315649
154.47402996544812 14.345305231315649 159.62780271226856 10.693897912775169
159.62780271226856 10.693897912775169 163.77658975505807 15.474306743145252
163.77658975505807 15.474306743145252 165.671998913006 13.6120147120932
165.671998913006 13.6120147120932 163.0925762766865 43.6206408603983
198.8225692688443 45.76843816855779 180.54382325133744 44.81818179142275
180.54382325133744 44.81818179142275 167.53236665223739 26.37756229620422
167.53236665223739 26.37756229620422 165.671998913006 13.7015778748769
165.671998913006 13.7015778748769 173.48895042941186 0.0
173.48895042941186 0.0 178.0812120233554 13.262469612758567
178.0812120233554 13.262469612758567 181.05552404682055 14.307557526031287
181.05552404682055 14.307557526031287 190.14960265145868 15.700645522103471
190.14960265145868 15.700645522103471 198.8225692688443 45.76843816855779
238.31283042961587 37.069453297835146 228.45978845403795 43.457423285908575
228.45978845403795 43.457423285908575 207.86730671799728 16.98526702783795
207.86730671799728 16.98526702783795 198.8225692688443 6.311164944258465
198.8225692688443 6.311164944258465 216.93128152386598 0.0
216.93128152386598 0.0 228.16878604764995 1.6396607170473523
228.16878604764995 1.6396607170473523 240.01572400484582 0.48981969483668664
240.01572400484582 0.48981969483668664 231.75940863786846 16.561790353450796
231.75940863786846 16.561790353450796 238.31283042961587 37.069453297835146
40.14103995172617 83.512693463458 20.577831163271746 80.40474646187839
20.577831163271746 80.40474646187839 23.540831033695724 88.1249528416713
23.540831033695724 88.1249528416713 12.122291902182537 85.22375449878326
12.122291902182537 85.22375449878326 0.0 75.0829260094079
0.0 75.0829260094079 4.3109735853062965 65.36232659685786
4.3109735853062965 65.36232659685786 0.7067664497688568 52.005952889355044
0.7067664497688568 52.005952889355044 36.45522953199915 70.69138846929393
36.45522953199915 70.69138846929393 40.14103995172617 83.512693463458
67.23059650776574 91.29514796060363 40.14103995172617 79.95855143106606
40.14103995172617 79.95855143106606 45.066484913099764 52.005952889355044
45.066484913099764 52.005952889355044 52.86728207693009 65.804780835294
52.86728207693009 65.804780835294 56.936384341315744 71.56305535117026
56.936384341315744 71.56305535117026 75.72667314440548 73.34461953274561
75.72667314440548 73.34461953274561 71.40235525401829 74.56876989094273
71.40235525401829 74.56876989094273 66.97397987116328 78.84639124845303
66.97397987116328 78.84639124845303 67.23059650776574 91.29514796060363
123.39851037772277 79.88581821190613 91.15729000252516 99.49457146762694
91.15729000252516 99.49457146762694 80.7413585368674 91.70971942118555
80.7413585368674 91.70971942118555 81.84385693533054 74.96789049862082
81.84385693533054 74.96789049862082 75.72667314440548 69.26305436169942
75.72667314440548 69.26305436169942 85.14206378469513 56.90802117056346
85.14206378469513 56.90802117056346 92.82413135261136 52.005952889355044
92.82413135261136 52.005952889355044 117.97834398870074 54.68032896335265
117.97834398870074 54.68032896335265 123.39851037772277 79.88581821190613
164.445549872966 83.86600825404714 127.21444670715626 90.0089088293542
127.21444670715626 90.0089088293542 123.39851037772277 84.74804881679326
123.39851037772277 84.74804881679326 130.4327846119416 63.843173321952925
130.4327846119416 63.843173321952925 127.89063976209962 61.14711070378958
127.89063976209962 61.14711070378958 133.8978124615546 57.98763678992534
133.8978124615546 57.98763678992534 147.51899669227652 52.005952889355044
147.51899669227652 52.005952889355044 152.8234918319737 60.14860183598929
152.8234918319737 60.14860183598929 164.445549872966 83.86600825404714
189.33369375318833 63.99218501063923 186.03979973339742 73.21838106154678
186.03979973339742 73.21838106154678 185.04914890859587 74.819437607085
185.04914890859587 74.819437607085 182.25787819181838 77.60748300124054
182.25787819181838 77.60748300124054 179.02840456633606 73.12085674810751
179.02840456633606 73.12085674810751 164.445549872966 52.82714687631063
164.445549872966 52.82714687631063 180.8115278617149 52.005952889355044
180.8115278617149 52.005952889355044 201.4692686736381 61.37436442246419
201.4692686736381 61.37436442246419 189.33369375318833 63.99218501063923
38.85942423399805 121.69638710897898 51.915140037359265 127.36982931799946
51.915140037359265 127.36982931799946 36.94770622131766 133.27567317393212
36.94770622131766 133.27567317393212 4.591875242218531 141.5044643536062
4.591875242218531 141.5044643536062 0.0 114.1373009292384
0.0 114.1373009292384 21.77511281680838 99.49457146762694
21.77511281680838 99.49457146762694 27.34928944136025 108.22562786340552
27.34928944136025 108.22562786340552 47.45250898421273 110.65319183910664
47.45250898421273 110.65319183910664 38.85942423399805 121.69638710897898
92.39824797832057 126.36790192772736 61.25878794790988 137.19209003746252
61.25878794790988 137.19209003746252 51.91514003735927 131.98867311369997
51.91514003735927 131.98867311369997 89.91438974647312 99.49457146762694
89.91438974647312 99.49457146762694 88.03856370953449 107.69680365328735
88.03856370953449 107.69680365328735 93.28816168432226 104.56533242854894
93.28816168432226 104.56533242854894 86.1364846446331 115.95070282557113
86.1364846446331 115.95070282557113 102.54992463900398 110.29052988869546
102.54992463900398 110.29052988869546 92.39824797832057 126.36790192772736
143.1250863840536 118.28344299788068 128.2088274467068 124.11338048656927
128.2088274467068 124.11338048656927 124.82288956899163 134.78838848623485
124.82288956899163 134.78838848623485 114.77843397169495 128.87037497952846
114.77843397169495 128.87037497952846 102.54992463900396 123.05331611304152
102.54992463900396 123.05331611304152 103.64275735346123 105.1569583280695
103.64275735346123 105.1569583280695 126.81071023528067 99.49457146762694
126.81071023528067 99.49457146762694 138.98900072554082 108.11209591077296
138.98900072554082 108.11209591077296 143.1250863840536 118.28344299788068
185.1307793034723 127.95931959973291 179.62920522570755 130.85003693717272
179.62920522570755 130.85003693717272 166.98368567363553 143.3181442022193
166.98368567363553 143.3181442022193 164.50149341322262 146.83352549989266
164.50149341322262 146.83352549989266 143.1250863840536 123.79107856826185
143.1250863840536 123.79107856826185 145.50547305822045 123.71722154201407
145.50547305822045 123.71722154201407 166.13241450900622 99.49457146762694
166.13241450900622 99.49457146762694 176.31630235827487 119.65302552597585
176.31630235827487 119.65302552597585 185.1307793034723 127.95931959973291
229.36217690616598 128.41637375887163 218.5097904669774 125.70288867647268
218.5097904669774 125.70288867647268 209.94073071572322 139.37189762068724
209.94073071572322 139.37189762068724 193.1828965965929 137.2170852199876
193.1828965965929 137.2170852199876 185.1307793034723 129.33884453272358
185.1307793034723 129.33884453272358 195.18864897343445 99.49457146762694
195.18864897343445 99.49457146762694 202.75134541743472 107.34614744679324
202.75134541743472 107.34614744679324 205.9408432319879 108.64548032518205
205.9408432319879 108.64548032518205 229.36217690616598 128.41637375887163
41.017917880410856 173.7066524679704 31.422062000340443 193.3318510421569
31.422062000340443 193.3318510421569 0.0 160.8020800254182
0.0 160.8020800254182 6.127600396301016 159.18751648821893
6.127600396301016 159.18751648821893 11.643795928382593 146.83352549989266
11.643795928382593 146.83352549989266 19.23138201553769 155.56242464411974
19.23138201553769 155.56242464411974 39.635842080169354 170.40666670597818
39.635842080169354 170.40666670597818 40.69299815660196 170.83497576170814
40.69299815660196 170.83497576170814 41.017917880410856 173.7066524679704
64.45637033193576 178.40176091517404 52.33003356349823 166.58744173904333
52.33003356349823 166.58744173904333 41.01791788041085 155.40102942550539
41.01791788041085 155.40102942550539 57.25775379039649 152.96348899352415
57.25775379039649 152.96348899352415 62.11371181092013 146.8335254998927
62.11371181092013 146.8335254998927 67.8171473255244 149.82125161510388
67.8171473255244 149.82125161510388 77.34411710035461 155.09455270623755
77.34411710035461 155.09455270623755 89.2165694851014 159.4291751974635
89.2165694851014 159.4291751974635 64.45637033193576 178.40176091517404
116.74026348796468 198.5840220446861 111.09324230909748 189.64351905881892
111.09324230909748 189.64351905881892 109.47228792740655 186.99973502292485
109.47228792740655 186.99973502292485 114.82711482947897 202.67410382402534
114.82711482947897 202.67410382402534 98.16468067188976 191.89471466334822
98.16468067188976 191.89471466334822 89.21656948510142 160.67164276850173
89.21656948510142 160.67164276850173 110.22569425293845 146.83352549989266
110.22569425293845 146.83352549989266 122.70917489039329 172.20669124432393
122.70917489039329 172.20669124432393 116.74026348796468 198.5840220446861
169.64925350364553 173.69835219083544 169.61197821854046 186.94836183633208
169.61197821854046 186.94836183633208 138.17779184434698 179.78825380747816
138.17779184434698 179.78825380747816 122.70917489039329 174.98429654527092
122.70917489039329 174.98429654527092 143.54043157049486 146.83352549989266
143.54043157049486 146.83352549989266 152.92035689943322 149.78431364366702
152.92035689943322 149.78431364366702 165.34575698227206 167.61645956358487
165.34575698227206 167.61645956358487 174.51177122894993 168.64148599532973
174.51177122894993 168.64148599532973 169.64925350364553 173.69835219083544
216.9645491192429 197.19769936834598 198.88132465600387 201.09341360696152
198.88132465600387 201.09341360696152 179.8184613095258 195.88123316838022
179.8184613095258 195.88123316838022 174.5117712289499 157.0343977110605
174.5117712289499 157.0343977110605 199.09594290056566 146.83352549989266
199.09594290056566 146.83352549989266 204.22844706580196 163.9554163538147
204.22844706580196 163.9554163538147 208.12805315879626 166.809373328851
208.12805315879626 166.809373328851 220.60989459276317 167.17519879189837
220.60989459276317 167.17519879189837 216.9645491192429 197.19769936834598
28.052097363071034 239.204015252696 8.492451865793017 237.14794882780038
8.492451865793017 237.14794882780038 0.6057086187228329 244.19312697902075
0.6057086187228329 244.19312697902075 0.0 218.90693936227848
0.0 218.90693936227848 2.009294702410548 214.82178765425178
2.009294702410548 214.82178765425178 2.8348854408201305 212.7192252194898
2.8348854408201305 212.7192252194898 11.709301331199512 214.02400941508745
11.709301331199512 214.02400941508745 32.296906697392735 202.67410382402534
32.296906697392735 202.67410382402534 28.052097363071034 239.204015252696
68.72833936934701 223.06016860161668 65.43465472257992 244.53004616363106
65.43465472257992 244.53004616363106 56.55679155016624 244.32117923760086
56.55679155016624 244.32117923760086 33.95228527440148 227.79934459169405
33.95228527440148 227.79934459169405 33.640764938603375 222.620535573064
33.640764938603375 222.620535573064 32.296906697392735 218.31948690005606
32.296906697392735 218.31948690005606 37.5893402187057 202.67410382402534
37.5893402187057 202.67410382402534 41.56726958294901 207.43390393111258
41.56726958294901 207.43390393111258 68.72833936934701 223.06016860161668
102.41744119815321 225.05552093469743 97.99296201334255 224.9459495418427
97.99296201334255 224.9459495418427 78.11706549929214 247.490305465347
78.11706549929214 247.490305465347 69.67649233764186 224.91808832569058
69.67649233764186 224.91808832569058 70.40512707153924 221.38173499371672
70.40512707153924 221.38173499371672 68.728339369347 202.67410382402534
68.728339369347 202.67410382402534 91.41619080096152 211.6123667896306
91.41619080096152 211.6123667896306 98.93049455968838 219.57830951778263
98.93049455968838 219.57830951778263 102.41744119815321 225.05552093469743
137.87057682843923 237.14512865875548 108.16967789998678 234.27623603747924
108.16967789998678 234.27623603747924 102.4174411981532 224.56095448731054
102.4174411981532 224.56095448731054 103.64529451943704 206.93065092162283
103.64529451943704 206.93065092162283 115.58854611667269 202.67410382402534
115.58854611667269 202.67410382402534 119.86628779783153 210.5086708393076
119.86628779783153 210.5086708393076 121.70134647248226 211.12143698575753
121.70134647248226 211.12143698575753 135.463837720465 220.62221441531565
135.463837720465 220.62221441531565 137.87057682843923 237.14512865875548
149.5341619250824 243.38212862123555 137.87057682843923 229.34172636750228
137.87057682843923 229.34172636750228 148.5372476562046 221.2971058023867
148.5372476562046 221.2971058023867 162.0117758885347 205.62469264790792
162.0117758885347 205.62469264790792 173.70192293758663 205.0757580783502
173.70192293758663 205.0757580783502 169.47244580727414 211.11343516599158
169.47244580727414 211.11343516599158 178.78282764509947 202.67410382402534
178.78282764509947 202.67410382402534 177.3111239960204 216.92217017693247
177.3111239960204 216.92217017693247 149.5341619250824 243.38212862123555
