69
41.83016000222915 21.99141653809323 25.85246063622399 43.98283307618646
25.85246063622399 43.98283307618646 3.552713678800501e-15 35.5828594193914
3.552713678800501e-15 35.5828594193914 0.0 8.39997365679507
0.0 8.39997365679507 25.852460636223984 0.0
25.852460636223984 0.0 41.83016000222915 21.99141653809323
106.57544185109236 27.872640924431604 78.70280092666076 55.74528184886321
78.70280092666076 55.74528184886321 50.83016000222915 27.872640924431607
50.83016000222915 27.872640924431607 78.70280092666076 0.0
78.70280092666076 0.0 106.57544185109236 27.872640924431604
139.0911058019015 11.267373835413922 119.57544185109238 22.534747670827848
119.57544185109238 22.534747670827848 119.57544185109236 0.0
119.57544185109236 0.0 139.0911058019015 11.267373835413922
50.595947874790895 88.69384032307929 40.57479987960943 109.50296855329158
40.57479987960943 109.50296855329158 18.05748472860249 114.64239879729536
18.05748472860249 114.64239879729536 3.552713678800501e-15 100.24203525608449
3.552713678800501e-15 100.24203525608449 0.0 77.1456453900741
0.0 77.1456453900741 18.057484728602482 62.74528184886321
18.057484728602482 62.74528184886321 40.57479987960943 67.88471209286699
40.57479987960943 67.88471209286699 50.595947874790895 88.69384032307929
109.72457965046624 86.18366694377742 96.1924217065474 109.62205203869163
96.1924217065474 109.62205203869163 69.12810581870974 109.62205203869165
69.12810581870974 109.62205203869165 55.5959478747909 86.18366694377742
55.5959478747909 86.18366694377742 69.12810581870973 62.745281848863215
69.12810581870973 62.745281848863215 96.1924217065474 62.74528184886321
96.1924217065474 62.74528184886321 109.72457965046624 86.18366694377742
144.8505298638342 78.40645650657557 117.72457965046625 94.06763116428793
117.72457965046625 94.06763116428793 117.72457965046624 62.745281848863215
117.72457965046624 62.745281848863215 144.8505298638342 78.40645650657557
57.00061986445403 151.87564730327486 45.71094803357255 175.31889242038022
45.71094803357255 175.31889242038022 20.343285696918237 181.10889580925436
20.343285696918237 181.10889580925436 3.552713678800501e-15 164.88566682353004
3.552713678800501e-15 164.88566682353004 0.0 138.86562778301968
0.0 138.86562778301968 20.34328569691823 122.64239879729536
20.34328569691823 122.64239879729536 45.71094803357255 128.43240218616947
45.71094803357255 128.43240218616947 57.00061986445403 151.87564730327486
121.5932749486926 151.93872633941464 113.01257927546807 172.65435820830942
113.01257927546807 172.65435820830942 92.29694740657331 181.23505388153393
92.29694740657331 181.23505388153393 71.58131553767855 172.65435820830942
71.58131553767855 172.65435820830942 63.00061986445403 151.93872633941464
63.00061986445403 151.93872633941464 71.58131553767853 131.22309447051987
71.58131553767853 131.22309447051987 92.29694740657331 122.64239879729536
92.29694740657331 122.64239879729536 113.01257927546807 131.22309447051987
113.01257927546807 131.22309447051987 121.5932749486926 151.93872633941464
174.49905902832995 144.13413349686664 166.1991045506434 161.3691665603591
166.1991045506434 161.3691665603591 147.5492761274983 165.62586819643792
147.5492761274983 165.62586819643792 132.5932749486926 153.69885525224652
132.5932749486926 153.69885525224652 132.5932749486926 134.5694117414868
132.5932749486926 134.5694117414868 147.5492761274983 122.64239879729536
147.5492761274983 122.64239879729536 166.1991045506434 126.89910043337417
166.1991045506434 126.89910043337417 174.49905902832995 144.13413349686664
31.679122789019182 209.07461527604352 15.839561394509593 224.9141766705531
15.839561394509593 224.9141766705531 0.0 209.07461527604352
0.0 209.07461527604352 15.839561394509587 193.23505388153393
15.839561394509587 193.23505388153393 31.679122789019182 209.07461527604352
89.32231592494355 218.43246318685468 45.6791227890192 243.62987249217542
45.6791227890192 243.62987249217542 45.67912278901918 193.23505388153393
45.67912278901918 193.23505388153393 89.32231592494355 218.43246318685468
134.63499429242245 208.39139306527338 119.478655108683 223.54773224901282
119.478655108683 223.54773224901282 104.32231592494355 208.39139306527338
104.32231592494355 208.39139306527338 119.478655108683 193.23505388153393
119.478655108683 193.23505388153393 134.63499429242245 208.39139306527338
57.381398775913304 284.3205718801321 48.978087482165535 304.607959974341
48.978087482165535 304.607959974341 28.690699387956652 313.01127126808876
28.690699387956652 313.01127126808876 8.403311293747777 304.607959974341
8.403311293747777 304.607959974341 0.0 284.3205718801321
0.0 284.3205718801321 8.40331129374777 264.0331837859232
8.40331129374777 264.0331837859232 28.69069938795665 255.62987249217545
28.69069938795665 255.62987249217545 48.97808748216552 264.0331837859232
48.97808748216552 264.0331837859232 57.381398775913304 284.3205718801321
