210
32.15152669175623 16.075763345878116 27.443044620498675 27.443044620498675
27.443044620498675 27.443044620498675 16.075763345878116 32.15152669175623
16.075763345878116 32.15152669175623 4.708482071257558 27.443044620498675
4.708482071257558 27.443044620498675 0.0 16.07576334587812
0.0 16.07576334587812 4.708482071257555 4.708482071257558
4.708482071257555 4.708482071257558 16.075763345878112 0.0
16.075763345878112 0.0 27.44304462049867 4.708482071257555
27.44304462049867 4.708482071257555 32.15152669175623 16.075763345878116
89.00433589628103 24.61798852381412 74.79113359514983 49.23597704762824
74.79113359514983 49.23597704762824 46.364728992887436 49.23597704762824
46.364728992887436 49.23597704762824 32.15152669175623 24.617988523814123
32.15152669175623 24.617988523814123 46.36472899288742 7.105427357601002e-15
46.36472899288742 7.105427357601002e-15 74.79113359514983 0.0
74.79113359514983 0.0 89.00433589628103 24.61798852381412
137.55826055105774 24.27696232738835 113.28129822366938 48.5539246547767
113.28129822366938 48.5539246547767 89.00433589628103 24.276962327388354
89.00433589628103 24.276962327388354 113.28129822366938 0.0
113.28129822366938 0.0 137.55826055105774 24.27696232738835
165.1799544209234 15.947392391240358 137.55826055105774 31.894784782480723
137.55826055105774 31.894784782480723 137.55826055105774 24.27696232738835
137.55826055105774 24.27696232738835 137.55826055105774 0.0
137.55826055105774 0.0 165.1799544209234 15.947392391240358
199.92182420882793 18.264881840693185 186.65161078257148 36.52976368138637
186.65161078257148 36.52976368138637 165.1799544209234 29.55319961874232
165.1799544209234 29.55319961874232 165.1799544209234 15.947392391240358
165.1799544209234 15.947392391240358 165.1799544209234 6.976564062644057
165.1799544209234 6.976564062644057 186.65161078257148 0.0
186.65161078257148 0.0 199.92182420882793 18.264881840693185
234.6626273677015 17.8171138218445 227.7817852340966 32.10532973871157
227.7817852340966 32.10532973871157 212.32067330348653 35.634227643689
212.32067330348653 35.634227643689 199.92182420882796 25.746475437930098
199.92182420882796 25.746475437930098 199.92182420882796 9.88775220575891
199.92182420882796 9.88775220575891 212.32067330348653 0.0
212.32067330348653 0.0 227.78178523409656 3.5288979049774305
227.78178523409656 3.5288979049774305 234.6626273677015 17.8171138218445
48.77660258369579 74.25146894924843 39.11579823622143 94.312335884878
39.11579823622143 94.312335884878 17.408167911941497 99.26696085086863
17.408167911941497 99.26696085086863 3.552713678800501e-15 85.38441019189872
3.552713678800501e-15 85.38441019189872 0.0 63.118527706598144
0.0 63.118527706598144 17.40816791194149 49.23597704762824
17.40816791194149 49.23597704762824 39.11579823622142 54.19060201361886
39.11579823622142 54.19060201361886 48.77660258369579 74.25146894924843
108.6383513906535 79.16685145110709 78.70747698717464 109.09772585458595
78.70747698717464 109.09772585458595 48.77660258369579 79.16685145110709
48.77660258369579 79.16685145110709 78.70747698717464 49.23597704762824
78.70747698717464 49.23597704762824 108.6383513906535 79.16685145110709
142.1711202822006 66.00236149340179 125.40473583642705 82.76874593917535
125.40473583642705 82.76874593917535 108.6383513906535 66.00236149340179
108.6383513906535 66.00236149340179 125.40473583642705 49.235977047628246
125.40473583642705 49.235977047628246 142.1711202822006 66.00236149340179
180.0147625209575 68.1577981670067 174.4726894274904 81.53754619291804
174.4726894274904 81.53754619291804 161.09294140157905 87.07961928638517
161.09294140157905 87.07961928638517 147.71319337566771 81.53754619291804
147.71319337566771 81.53754619291804 142.1711202822006 68.1577981670067
142.1711202822006 68.1577981670067 147.71319337566771 54.77805014109536
147.71319337566771 54.77805014109536 161.09294140157905 49.23597704762824
161.09294140157905 49.23597704762824 174.4726894274904 54.77805014109536
174.4726894274904 54.77805014109536 180.0147625209575 68.1577981670067
217.70512999197464 65.55638490156397 208.28253812422037 81.87679275549971
208.28253812422037 81.87679275549971 189.4373543887118 81.87679275549971
189.4373543887118 81.87679275549971 180.01476252095753 65.55638490156397
180.01476252095753 65.55638490156397 189.4373543887118 49.23597704762824
189.4373543887118 49.23597704762824 208.28253812422037 49.23597704762824
208.28253812422037 49.23597704762824 217.70512999197464 65.55638490156397
241.7675825365274 61.2672033199046 238.2437179473674 69.77456500302097
238.2437179473674 69.77456500302097 229.73635626425104 73.29842959218097
229.73635626425104 73.29842959218097 221.22899458113469 69.77456500302097
221.22899458113469 69.77456500302097 217.70512999197467 61.2672033199046
217.70512999197467 61.2672033199046 221.22899458113469 52.75984163678824
221.22899458113469 52.75984163678824 229.73635626425104 49.23597704762824
229.73635626425104 49.23597704762824 238.2437179473674 52.75984163678824
238.2437179473674 52.75984163678824 241.7675825365274 61.2672033199046
53.594573678193136 135.8950126936825 26.797286839096568 162.69229953277906
26.797286839096568 162.69229953277906 0.0 135.8950126936825
0.0 135.8950126936825 26.797286839096564 109.09772585458593
26.797286839096564 109.09772585458593 53.594573678193136 135.8950126936825
109.54649111188786 137.07368457143332 101.35252251391819 156.855674690311
101.35252251391819 156.855674690311 81.5705323950405 165.0496432882807
81.5705323950405 165.0496432882807 61.78854227616283 156.855674690311
61.78854227616283 156.855674690311 53.594573678193136 137.07368457143332
53.594573678193136 137.07368457143332 61.788542276162815 117.29169445255565
61.788542276162815 117.29169445255565 81.5705323950405 109.09772585458595
81.5705323950405 109.09772585458595 101.35252251391817 117.29169445255563
101.35252251391817 117.29169445255563 109.54649111188786 137.07368457143332
133.552492859408 121.10072672834602 121.54949198564793 133.1037276021061
121.54949198564793 133.1037276021061 109.54649111188786 121.10072672834602
109.54649111188786 121.10072672834602 121.54949198564793 109.09772585458595
121.54949198564793 109.09772585458595 133.552492859408 121.10072672834602
163.95351585806378 125.08048948522861 152.34135836534452 141.06325311587128
152.34135836534452 141.06325311587128 133.552492859408 134.95838064312144
133.552492859408 134.95838064312144 133.552492859408 121.10072672834602
133.552492859408 121.10072672834602 133.552492859408 115.20259832733578
133.552492859408 115.20259832733578 152.34135836534452 109.09772585458595
152.34135836534452 109.09772585458595 163.95351585806378 125.08048948522861
199.3938826129289 129.5592311406864 163.95351585806378 150.02073642678684
163.95351585806378 150.02073642678684 163.95351585806378 125.08048948522861
163.95351585806378 125.08048948522861 163.95351585806378 109.09772585458595
163.95351585806378 109.09772585458595 199.3938826129289 129.5592311406864
233.40261669211026 126.97717544379783 220.41243618821983 144.85662503300972
220.41243618821983 144.85662503300972 199.3938826129289 138.02728299007111
199.3938826129289 138.02728299007111 199.3938826129289 129.5592311406864
199.3938826129289 129.5592311406864 199.3938826129289 115.92706789752455
199.3938826129289 115.92706789752455 220.41243618821983 109.09772585458595
220.41243618821983 109.09772585458595 233.40261669211026 126.97717544379783
259.12690867095637 123.94965275328528 233.40261669211026 138.8015796519846
233.40261669211026 138.8015796519846 233.40261669211026 126.97717544379783
233.40261669211026 126.97717544379783 233.40261669211026 109.09772585458595
233.40261669211026 109.09772585458595 259.12690867095637 123.94965275328528
23.744566000937702 176.92192628874952 20.267254818266146 185.3168981065468
20.267254818266146 185.3168981065468 11.872283000468851 188.79420928921837
11.872283000468851 188.79420928921837 3.4773111826715564 185.3168981065468
3.4773111826715564 185.3168981065468 0.0 176.92192628874952
0.0 176.92192628874952 3.477311182671553 168.52695447095223
3.477311182671553 168.52695447095223 11.87228300046885 165.04964328828066
11.87228300046885 165.04964328828066 20.267254818266146 168.5269544709522
20.267254818266146 168.5269544709522 23.744566000937702 176.92192628874952
68.45925841578892 184.4116730651149 57.28058531207611 203.77370284194916
57.28058531207611 203.77370284194916 34.923239104650506 203.77370284194916
34.923239104650506 203.77370284194916 23.744566000937702 184.4116730651149
23.744566000937702 184.4116730651149 34.92323910465049 165.04964328828066
34.92323910465049 165.04964328828066 57.28058531207611 165.04964328828066
57.28058531207611 165.04964328828066 68.45925841578892 184.4116730651149
123.54622240884675 192.59312528480956 115.47892330955301 212.06930818204472
115.47892330955301 212.06930818204472 96.00274041231783 220.13660728133846
96.00274041231783 220.13660728133846 76.52655751508266 212.06930818204475
76.52655751508266 212.06930818204475 68.45925841578892 192.59312528480956
68.45925841578892 192.59312528480956 76.52655751508266 173.1169423875744
76.52655751508266 173.1169423875744 96.00274041231783 165.04964328828066
96.00274041231783 165.04964328828066 115.47892330955301 173.11694238757437
115.47892330955301 173.11694238757437 123.54622240884675 192.59312528480956
164.20935396590852 185.38120906681155 143.87778818737763 205.71277484534244
143.87778818737763 205.71277484534244 123.54622240884673 185.38120906681155
123.54622240884673 185.38120906681155 143.87778818737763 165.04964328828066
143.87778818737763 165.04964328828066 164.20935396590852 185.38120906681155
217.0960740510993 191.49300333087604 209.3509932119805 210.1912825343526
209.3509932119805 210.1912825343526 190.65271400850392 217.9363633734714
190.65271400850392 217.9363633734714 171.95443480502735 210.1912825343526
171.95443480502735 210.1912825343526 164.20935396590855 191.49300333087604
164.20935396590855 191.49300333087604 171.95443480502735 172.79472412739946
171.95443480502735 172.79472412739946 190.65271400850392 165.04964328828066
190.65271400850392 165.04964328828066 209.3509932119805 172.79472412739946
209.3509932119805 172.79472412739946 217.0960740510993 191.49300333087604
236.803956673265 175.4106903367452 229.2762153578911 185.77173738520975
229.2762153578911 185.77173738520975 217.0960740510993 181.81416957173306
217.0960740510993 181.81416957173306 217.0960740510993 169.00721110175735
217.0960740510993 169.00721110175735 229.2762153578911 165.04964328828066
229.2762153578911 165.04964328828066 236.803956673265 175.4106903367452
53.61403890909673 248.3231755822164 33.13529831998111 276.5097438830943
33.13529831998111 276.5097438830943 3.552713678800501e-15 265.74343281837935
3.552713678800501e-15 265.74343281837935 0.0 230.90291834605347
0.0 230.90291834605347 33.1352983199811 220.13660728133848
33.1352983199811 220.13660728133848 53.61403890909673 248.3231755822164
80.57877200166473 233.96569800468373 75.23807591193251 245.0557677076029
75.23807591193251 245.0557677076029 63.23764072865057 247.79478872802898
63.23764072865057 247.79478872802898 53.61403890909673 240.1202223717345
53.61403890909673 240.1202223717345 53.61403890909673 227.81117363763295
53.61403890909673 227.81117363763295 63.23764072865056 220.13660728133848
63.23764072865056 220.13660728133848 75.2380759119325 222.87562830176455
75.2380759119325 222.87562830176455 80.57877200166473 233.96569800468373
104.91967152811733 234.1898321752535 80.57877200166475 248.24305706916854
80.57877200166475 248.24305706916854 80.57877200166473 220.13660728133848
80.57877200166473 220.13660728133848 104.91967152811733 234.1898321752535
155.12944187523235 246.53344568517355 135.951016169961 272.93028408900864
135.951016169961 272.93028408900864 104.91967152811733 262.84758901428216
104.91967152811733 262.84758901428216 104.91967152811733 234.1898321752535
104.91967152811733 234.1898321752535 104.91967152811733 230.21930235606496
104.91967152811733 230.21930235606496 135.951016169961 220.13660728133848
135.951016169961 220.13660728133848 155.12944187523235 246.53344568517355
189.6714630871574 240.07945252639718 155.12944187523237 260.0222977714559
155.12944187523237 260.0222977714559 155.12944187523235 220.13660728133848
155.12944187523235 220.13660728133848 189.6714630871574 240.07945252639718
213.76757228445888 232.18466187998922 210.23877879261985 240.70392298680093
210.23877879261985 240.70392298680093 201.71951768580814 244.23271647863996
201.71951768580814 244.23271647863996 193.20025657899643 240.70392298680093
193.20025657899643 240.70392298680093 189.6714630871574 232.18466187998922
189.6714630871574 232.18466187998922 193.20025657899643 223.6654007731775
193.20025657899643 223.6654007731775 201.71951768580814 220.13660728133848
201.71951768580814 220.13660728133848 210.23877879261985 223.6654007731775
210.23877879261985 223.6654007731775 213.76757228445888 232.18466187998922
271.21593237793974 248.8607873280789 242.4917523311993 277.58496737481937
242.4917523311993 277.58496737481937 213.76757228445888 248.8607873280789
213.76757228445888 248.8607873280789 242.4917523311993 220.13660728133848
242.4917523311993 220.13660728133848 271.21593237793974 248.8607873280789
51.731152034611725 303.4505433921252 44.15530021843897 321.7402675932583
44.15530021843897 321.7402675932583 25.865576017305862 329.31611940943105
25.865576017305862 329.31611940943105 7.575851816172758 321.7402675932583
7.575851816172758 321.7402675932583 0.0 303.4505433921252
0.0 303.4505433921252 7.575851816172751 285.16081919099213
7.575851816172751 285.16081919099213 25.86557601730586 277.58496737481937
25.86557601730586 277.58496737481937 44.15530021843897 285.16081919099213
44.15530021843897 285.16081919099213 51.731152034611725 303.4505433921252
72.68471512888412 289.68251266777935 51.73115203461173 301.7800579607393
51.73115203461173 301.7800579607393 51.731152034611725 277.58496737481937
51.731152034611725 277.58496737481937 72.68471512888412 289.68251266777935
129.35184326940512 306.6471818382989 118.12822356445616 329.95326830261627
118.12822356445616 329.95326830261627 92.90897900755441 335.7093963017784
92.90897900755441 335.7093963017784 72.68471512888412 319.58108404880323
72.68471512888412 319.58108404880323 72.68471512888412 293.7132796277945
72.68471512888412 293.7132796277945 92.90897900755441 277.58496737481937
92.90897900755441 277.58496737481937 118.12822356445616 283.3410953739815
118.12822356445616 283.3410953739815 129.35184326940512 306.6471818382989
154.08082369763554 291.8622508818432 129.35184326940512 306.139534388867
129.35184326940512 306.139534388867 129.3518432694051 277.58496737481937
129.3518432694051 277.58496737481937 154.08082369763554 291.8622508818432
206.84624345929146 300.43306435229107 193.6548885188775 323.28116132976277
193.6548885188775 323.28116132976277 167.27217863804955 323.28116132976277
167.27217863804955 323.28116132976277 154.08082369763557 300.43306435229107
154.08082369763557 300.43306435229107 167.27217863804952 277.58496737481937
167.27217863804952 277.58496737481937 193.6548885188775 277.58496737481937
193.6548885188775 277.58496737481937 206.84624345929146 300.43306435229107
