163
56.296511385126244 28.872140535569656 45.146296873899445 52.02579954450347
45.146296873899445 52.02579954450347 20.091992290098283 57.74428107113931
20.091992290098283 57.74428107113931 3.552713678800501e-15 41.72145189015551
3.552713678800501e-15 41.72145189015551 0.0 16.022829180983813
0.0 16.022829180983813 20.091992290098275 0.0
20.091992290098275 0.0 45.14629687389943 5.718481526635834
45.14629687389943 5.718481526635834 56.296511385126244 28.872140535569656
113.20431414486147 28.453901379867617 84.75041276499385 56.90780275973523
84.75041276499385 56.90780275973523 56.29651138512624 28.45390137986762
56.29651138512624 28.45390137986762 84.75041276499385 0.0
84.75041276499385 0.0 113.20431414486147 28.453901379867617
168.69290420965746 28.457791274339563 157.70270842442682 51.279167974890115
157.70270842442682 51.279167974890115 133.00796265415187 56.915582548679126
133.00796265415187 56.915582548679126 113.20431414486148 41.122699859739356
113.20431414486148 41.122699859739356 113.20431414486148 15.792882688939777
113.20431414486148 15.792882688939777 133.00796265415187 0.0
133.00796265415187 0.0 157.70270842442682 5.636414573789008
157.70270842442682 5.636414573789008 168.69290420965746 28.457791274339563
211.56783112072264 21.4374634555326 190.13036766519005 42.8749269110652
190.13036766519005 42.8749269110652 168.69290420965746 21.437463455532605
168.69290420965746 21.437463455532605 190.13036766519005 0.0
190.13036766519005 0.0 211.56783112072264 21.4374634555326
58.707422061888295 87.09799210208345 29.35371103094415 116.45170313302759
29.35371103094415 116.45170313302759 0.0 87.09799210208345
0.0 87.09799210208345 29.35371103094414 57.744281071139305
29.35371103094414 57.744281071139305 58.707422061888295 87.09799210208345
95.30643927441095 78.87473351086501 58.7074220618883 100.00518595059071
58.7074220618883 100.00518595059071 58.70742206188829 57.74428107113932
58.70742206188829 57.74428107113932 95.30643927441095 78.87473351086501
153.00462630709686 82.72832893244524 138.5800795489254 107.71237679375116
138.5800795489254 107.71237679375116 109.73098603258244 107.71237679375116
109.73098603258244 107.71237679375116 95.30643927441096 82.72832893244524
95.30643927441096 82.72832893244524 109.73098603258242 57.74428107113931
109.73098603258242 57.74428107113931 138.5800795489254 57.744281071139305
138.5800795489254 57.744281071139305 153.00462630709686 82.72832893244524
190.83970401289992 77.635358550525 176.38799029627654 97.52643602991068
176.38799029627654 97.52643602991068 153.00462630709688 89.92872050564293
153.00462630709688 89.92872050564293 153.00462630709686 65.34199659540707
153.00462630709686 65.34199659540707 176.38799029627654 57.74428107113931
176.38799029627654 57.74428107113931 190.83970401289992 77.635358550525
58.91283078434451 141.96170716707573 44.184623088258384 167.47171120112387
44.184623088258384 167.47171120112387 22.668140973862755 167.47171120112387
22.668140973862755 167.47171120112387 14.728207696086132 167.47171120112387
14.728207696086132 167.47171120112387 0.0 141.96170716707573
0.0 141.96170716707573 14.728207696086114 116.4517031330276
14.728207696086114 116.4517031330276 44.184623088258384 116.4517031330276
44.184623088258384 116.4517031330276 58.91283078434451 141.96170716707573
116.3542374900894 141.32456185117206 101.99388581365318 166.1974205693165
101.99388581365318 166.1974205693165 73.27318246078073 166.1974205693165
73.27318246078073 166.1974205693165 58.91283078434451 141.32456185117206
58.91283078434451 141.32456185117206 73.27318246078072 116.45170313302762
73.27318246078072 116.45170313302762 101.99388581365318 116.45170313302762
101.99388581365318 116.45170313302762 116.3542374900894 141.32456185117206
166.9474615429445 141.74831515945516 141.65084951651696 167.0449271858827
141.65084951651696 167.0449271858827 116.35423749008942 141.74831515945516
116.35423749008942 141.74831515945516 141.65084951651696 116.45170313302762
141.65084951651696 116.45170313302762 166.9474615429445 141.74831515945516
191.90840885325338 130.8629127818625 166.94746154294452 145.2741224306974
166.94746154294452 145.2741224306974 166.9474615429445 116.4517031330276
166.9474615429445 116.4517031330276 191.90840885325338 130.8629127818625
224.4682508468153 132.73162412980858 219.69997238403943 144.24326666381367
219.69997238403943 144.24326666381367 208.18832985003434 149.01154512658957
208.18832985003434 149.01154512658957 196.67668731602924 144.24326666381367
196.67668731602924 144.24326666381367 191.90840885325338 132.73162412980858
191.90840885325338 132.73162412980858 196.67668731602924 121.21998159580349
196.67668731602924 121.21998159580349 208.18832985003434 116.4517031330276
208.18832985003434 116.4517031330276 219.69997238403943 121.21998159580349
219.69997238403943 121.21998159580349 224.4682508468153 132.73162412980858
45.33628194772552 190.13985217498663 22.66814097386276 212.8079931488494
22.66814097386276 212.8079931488494 0.0 190.13985217498663
0.0 190.13985217498663 22.668140973862755 167.47171120112387
22.668140973862755 167.47171120112387 45.33628194772552 190.13985217498663
79.66781639106046 184.63747842279133 74.64007957610382 196.77550882950217
74.64007957610382 196.77550882950217 62.50204916939299 201.8032456444588
62.50204916939299 201.8032456444588 50.364018762682164 196.77550882950217
50.364018762682164 196.77550882950217 45.336281947725524 184.63747842279133
45.336281947725524 184.63747842279133 50.36401876268216 172.4994480160805
50.36401876268216 172.4994480160805 62.50204916939299 167.47171120112387
62.50204916939299 167.47171120112387 74.64007957610382 172.4994480160805
74.64007957610382 172.4994480160805 79.66781639106046 184.63747842279133
123.00459128509709 189.14009864814219 116.6580675392429 204.4619623493063
116.6580675392429 204.4619623493063 101.33620383807877 210.8084860951605
101.33620383807877 210.8084860951605 86.01434013691465 204.4619623493063
86.01434013691465 204.4619623493063 79.66781639106046 189.14009864814219
79.66781639106046 189.14009864814219 86.01434013691465 173.81823494697807
86.01434013691465 173.81823494697807 101.33620383807877 167.47171120112387
101.33620383807877 167.47171120112387 116.6580675392429 173.81823494697807
116.6580675392429 173.81823494697807 123.00459128509709 189.14009864814219
160.0993821362865 186.49608745894056 160.09938213628647 186.49608745894062
160.09938213628647 186.49608745894062 152.75230387045394 201.7524526802334
152.75230387045394 201.7524526802334 136.24356886021235 205.52046371675726
136.24356886021235 205.52046371675726 123.00459128509712 194.96273140459198
123.00459128509712 194.96273140459198 123.00459128509712 178.02944351328915
123.00459128509712 178.02944351328915 136.24356886021232 167.47171120112387
136.24356886021232 167.47171120112387 152.75230387045394 171.23972223764773
152.75230387045394 171.23972223764773 160.09938213628647 186.4960874589405
160.09938213628647 186.4960874589405 160.0993821362865 186.49608745894056
213.19216918418252 194.7007946977067 202.67649156904469 216.53682426499722
202.67649156904469 216.53682426499722 179.04797844856157 221.92987819428953
179.04797844856157 221.92987819428953 160.09938213628647 206.81887687857486
160.09938213628647 206.81887687857486 160.09938213628647 186.49608745894062
160.09938213628647 186.49608745894062 160.09938213628647 186.4960874589405
160.09938213628647 186.4960874589405 160.09938213628647 182.58271251683854
160.09938213628647 182.58271251683854 179.04797844856157 167.47171120112387
179.04797844856157 167.47171120112387 202.67649156904466 172.86476513041617
202.67649156904466 172.86476513041617 213.19216918418252 194.7007946977067
50.12282098857591 243.6336963370128 37.59211574143194 265.3375144797361
37.59211574143194 265.3375144797361 12.530705247143981 265.3375144797361
12.530705247143981 265.3375144797361 0.0 243.6336963370128
0.0 243.6336963370128 12.530705247143967 221.9298781942895
12.530705247143967 221.9298781942895 37.59211574143194 221.9298781942895
37.59211574143194 221.9298781942895 50.12282098857591 243.6336963370128
32.70998535480492 28.872140535569656 26.681869959017384 34.900255931357194
26.681869959017384 34.900255931357194 20.653754563229846 28.872140535569656
20.653754563229846 28.872140535569656 26.681869959017384 22.84402513978212
26.681869959017384 22.84402513978212 32.70998535480492 28.872140535569656
196.88018955392786 21.4374634555326 193.50527860955896 27.282980682199813
193.50527860955896 27.282980682199813 186.75545672082114 27.282980682199813
186.75545672082114 27.282980682199813 183.38054577645224 21.4374634555326
183.38054577645224 21.4374634555326 186.75545672082114 15.591946228865392
186.75545672082114 15.591946228865392 193.50527860955896 15.591946228865389
193.50527860955896 15.591946228865389 196.88018955392786 21.4374634555326
36.744002717350895 87.09799210208345 29.353711030944147 94.4882837884902
29.353711030944147 94.4882837884902 21.9634193445374 87.09799210208345
21.9634193445374 87.09799210208345 29.353711030944147 79.70770041567671
29.353711030944147 79.70770041567671 36.744002717350895 87.09799210208345
76.40626825603171 78.87473351086501 72.60643262218429 84.10475857805473
72.60643262218429 84.10475857805473 66.45816941495616 82.1070667644022
66.45816941495616 82.1070667644022 66.45816941495616 75.64240025732782
66.45816941495616 75.64240025732782 72.60643262218429 73.6447084436753
72.60643262218429 73.6447084436753 76.40626825603171 78.87473351086501
130.9122753908648 82.72832893244524 120.77716149069846 88.57983967097378
120.77716149069846 88.57983967097378 120.77716149069846 76.87681819391669
120.77716149069846 76.87681819391669 130.9122753908648 82.72832893244524
177.1996572571178 77.635358550525 172.172984044671 84.55398068025352
172.172984044671 84.55398068025352 164.03965593659348 81.91130218201441
164.03965593659348 81.91130218201441 164.03965593659348 73.35941491903559
164.03965593659348 73.35941491903559 172.172984044671 70.71673642079648
172.172984044671 70.71673642079648 177.1996572571178 77.635358550525
147.60192626131547 141.74831515945516 143.48983336548923 147.40812547656833
143.48983336548923 147.40812547656833 136.83632729514542 145.24627030530843
136.83632729514542 145.24627030530843 136.83632729514542 138.2503600136019
136.83632729514542 138.2503600136019 143.48983336548923 136.088504842342
143.48983336548923 136.088504842342 147.60192626131547 141.74831515945516
214.33446943275845 132.73162412980858 210.08759143089662 138.57695023001793
210.08759143089662 138.57695023001793 203.21599847781 136.34423433506484
203.21599847781 136.34423433506484 203.21599847781 129.11901392455232
203.21599847781 129.11901392455232 210.08759143089662 126.88629802959923
210.08759143089662 126.88629802959923 214.33446943275845 132.73162412980858
68.12028177468527 184.63747842279133 64.23817852277975 189.98073515211647
64.23817852277975 189.98073515211647 57.9568035133601 187.93979269213085
57.9568035133601 187.93979269213085 57.9568035133601 181.3351641534518
57.9568035133601 181.3351641534518 64.23817852277973 179.2942216934662
64.23817852277973 179.2942216934662 68.12028177468527 184.63747842279133
109.18986286564652 189.14009864814219 101.33620383807877 196.99375767570993
101.33620383807877 196.99375767570993 93.48254481051103 189.14009864814219
93.48254481051103 189.14009864814219 101.33620383807877 181.28643962057444
101.33620383807877 181.28643962057444 109.18986286564652 189.14009864814219
193.08013794633433 194.7007946977067 187.67851727308974 202.13548773360387
187.67851727308974 202.13548773360387 178.93851142944592 199.2956876898133
178.93851142944592 199.2956876898133 178.93851142944592 190.1059017056001
178.93851142944592 190.1059017056001 187.67851727308974 187.26610166180953
187.67851727308974 187.26610166180953 193.08013794633433 194.7007946977067
