168
32.55474561386842 39.7710700432956 21.1616153327335 35.63634533599289
21.1616153327335 35.63634533599289 0.0 15.50740920243392
0.0 15.50740920243392 8.670478205087951 17.948983194495607
8.670478205087951 17.948983194495607 8.619363668786818 1.4825432636584281
8.619363668786818 1.4825432636584281 15.274836694765714 0.06355739124311555
15.274836694765714 0.06355739124311555 23.35349521765765 0.0
23.35349521765765 0.0 49.72461288890903 19.521184873975983
49.72461288890903 19.521184873975983 32.55474561386842 39.7710700432956
94.69735761078101 24.341087552643913 99.88190172333535 34.77762259763785
99.88190172333535 34.77762259763785 91.97850008512336 48.52530874620669
91.97850008512336 48.52530874620669 89.58689959197754 39.83964947334615
89.58689959197754 39.83964947334615 78.83881199617997 30.239832806332743
78.83881199617997 30.239832806332743 63.47542116555981 32.53838497729295
63.47542116555981 32.53838497729295 62.724612888909036 23.94107061803919
62.724612888909036 23.94107061803919 100.79820177260888 0.0
100.79820177260888 0.0 94.69735761078101 24.341087552643913
130.63581625987234 39.242135069810246 109.79820177260888 30.22810078503951
109.79820177260888 30.22810078503951 114.07286858532258 10.275655882208847
114.07286858532258 10.275655882208847 112.14502390896078 2.1389456419801505
112.14502390896078 2.1389456419801505 112.06197139867321 0.0
112.06197139867321 0.0 127.91607521243132 5.2328554852456435
127.91607521243132 5.2328554852456435 140.95951251270162 6.433182910318779
140.95951251270162 6.433182910318779 144.28608484190613 13.21758030972456
144.28608484190613 13.21758030972456 130.63581625987234 39.242135069810246
194.81303214343728 20.111970917487724 197.75101002675652 32.98597081861769
197.75101002675652 32.98597081861769 182.28343953522892 29.05844625299627
182.28343953522892 29.05844625299627 158.9008337794006 26.97843129766528
158.9008337794006 26.97843129766528 155.28608484190616 20.52920581367387
155.28608484190616 20.52920581367387 167.21089197138377 5.320644217730974
167.21089197138377 5.320644217730974 177.61621229830374 3.9990979840960197
177.61621229830374 3.9990979840960197 183.14199322073344 0.0
183.14199322073344 0.0 194.81303214343728 20.111970917487724
33.069474031646934 82.69095129490067 9.259957811489675 96.6948371447267
9.259957811489675 96.6948371447267 0.0 90.87401754337729
0.0 90.87401754337729 3.9668985721956282 67.53760603820537
3.9668985721956282 67.53760603820537 4.8999742605553 65.40932447678246
4.8999742605553 65.40932447678246 23.734999177094775 62.93819326288504
23.734999177094775 62.93819326288504 28.858927664250547 62.52530874620669
28.858927664250547 62.52530874620669 35.289118109234366 70.33732111127561
35.289118109234366 70.33732111127561 33.069474031646934 82.69095129490067
88.1282724008217 89.68887970690098 45.289118109234366 88.1170387405049
45.289118109234366 88.1170387405049 47.61582125342957 87.27596404594165
47.61582125342957 87.27596404594165 57.85178444032964 80.97595270237777
57.85178444032964 80.97595270237777 76.58940246293362 62.52530874620669
76.58940246293362 62.52530874620669 79.15344088375143 69.88346343961138
79.15344088375143 69.88346343961138 90.61638823434059 65.11664131160785
90.61638823434059 65.11664131160785 91.42905417974538 70.98669084685967
91.42905417974538 70.98669084685967 88.1282724008217 89.68887970690098
132.64189989511712 77.96081732658018 127.36194025593235 82.35398293913407
127.36194025593235 82.35398293913407 132.9875866742766 94.55945457460992
132.9875866742766 94.55945457460992 111.47781001897884 86.10001930438166
111.47781001897884 86.10001930438166 100.83548025735432 91.57838688268153
100.83548025735432 91.57838688268153 96.42905417974538 67.2345182816317
96.42905417974538 67.2345182816317 107.91598532983792 62.895169140881904
107.91598532983792 62.895169140881904 126.4013672229562 62.5253087462067
126.4013672229562 62.5253087462067 132.64189989511712 77.96081732658018
171.4146537562343 80.54582647940947 163.13839433811475 87.83751331391666
163.13839433811475 87.83751331391666 151.22593203951413 96.30666018306637
151.22593203951413 96.30666018306637 139.78606980219456 96.03788073620865
139.78606980219456 96.03788073620865 137.9875866742766 97.24354756054906
137.9875866742766 97.24354756054906 144.8393011409813 75.22224171571273
144.8393011409813 75.22224171571273 165.80284734504255 62.5253087462067
165.80284734504255 62.5253087462067 171.84478032932464 63.54859020769726
171.84478032932464 63.54859020769726 171.4146537562343 80.54582647940947
38.656398975077906 129.63223630597398 23.18300993071726 131.43666134638153
23.18300993071726 131.43666134638153 18.8652488646685 137.1649601390192
18.8652488646685 137.1649601390192 0.0 118.70359937799269
0.0 118.70359937799269 28.65971961827239 109.24354756054905
28.65971961827239 109.24354756054905 38.54380010162213 109.91861419560664
38.54380010162213 109.91861419560664 37.96903122197371 120.2587447542281
37.96903122197371 120.2587447542281 54.090132081703956 120.23529307009947
54.090132081703956 120.23529307009947 38.656398975077906 129.63223630597398
93.6425479830235 137.77436835910856 82.41305046302091 143.13491004722886
82.41305046302091 143.13491004722886 64.09013208170396 146.703750529659
64.09013208170396 146.703750529659 70.65303735808298 118.84264347563092
70.65303735808298 118.84264347563092 72.19365650400194 113.95173318757536
72.19365650400194 113.95173318757536 73.67581851219649 109.24354756054903
73.67581851219649 109.24354756054903 87.3261997451278 117.68368524346518
87.3261997451278 117.68368524346518 82.94862833704275 124.65691111529297
82.94862833704275 124.65691111529297 93.6425479830235 137.77436835910856
149.25558585835114 135.0558371674322 145.77997205018144 134.9230906839225
145.77997205018144 134.9230906839225 137.95304059572584 135.6966990475275
137.95304059572584 135.6966990475275 124.38799624171905 131.0506869489571
124.38799624171905 131.0506869489571 110.50703804700629 113.45762848832075
110.50703804700629 113.45762848832075 99.6425479830235 109.24354756054905
99.6425479830235 109.24354756054905 106.79062661284375 110.12674702582092
106.79062661284375 110.12674702582092 136.7972508514252 114.88933901374203
136.7972508514252 114.88933901374203 149.25558585835114 135.0558371674322
198.42454113764398 129.22260220114293 198.82525563350524 132.5504982106575
198.82525563350524 132.5504982106575 192.4231822627228 134.87398775237295
192.4231822627228 134.87398775237295 163.47270504049732 136.55948459093335
163.47270504049732 136.55948459093335 163.25558585835114 135.58602056070714
163.25558585835114 135.58602056070714 172.2862113703494 111.72968419018126
172.2862113703494 111.72968419018126 195.72920376985556 109.24354756054905
195.72920376985556 109.24354756054905 197.70766901391386 110.18005888677294
197.70766901391386 110.18005888677294 198.42454113764398 129.22260220114293
31.95041651652391 187.8341325652802 36.77396986287589 192.7722830940786
36.77396986287589 192.7722830940786 38.421916599684124 194.68999557906074
38.421916599684124 194.68999557906074 0.0 172.13604776018337
0.0 172.13604776018337 8.488964711777577 152.703750529659
8.488964711777577 152.703750529659 18.842165957481985 167.33449770349324
18.842165957481985 167.33449770349324 26.693649846617262 153.73853897030344
26.693649846617262 153.73853897030344 31.088081858405403 173.08567369904424
31.088081858405403 173.08567369904424 31.95041651652391 187.8341325652802
78.08769413848285 173.06635514608294 74.80815123475033 186.05426902588616
74.80815123475033 186.05426902588616 54.66600694996918 192.1724645494686
54.66600694996918 192.1724645494686 59.28395352367419 181.86680550460272
59.28395352367419 181.86680550460272 55.7498770360212 181.01228512090927
55.7498770360212 181.01228512090927 45.42191659968413 169.85787774978712
45.42191659968413 169.85787774978712 79.77621801593892 152.703750529659
79.77621801593892 152.703750529659 82.57014204813629 159.1745395096542
82.57014204813629 159.1745395096542 78.08769413848285 173.06635514608294
131.40171323520653 187.97608660071987 128.29366372316906 189.77247920185405
128.29366372316906 189.77247920185405 119.38962672865362 201.16198984224627
119.38962672865362 201.16198984224627 114.33904710690832 192.28468390890043
114.33904710690832 192.28468390890043 104.23940057640192 185.00362735450452
104.23940057640192 185.00362735450452 95.57014204813629 173.31350475945783
95.57014204813629 173.31350475945783 102.29026956617172 171.5335154913548
102.29026956617172 171.5335154913548 111.39064767475784 152.70375052965903
111.39064767475784 152.70375052965903 131.40171323520653 187.97608660071987
161.16827942600142 182.36557612212692 143.45811383316135 189.83090247683828
143.45811383316135 189.83090247683828 140.40171323520653 164.72036591103623
140.40171323520653 164.72036591103623 149.67465628327778 161.02590692838282
149.67465628327778 161.02590692838282 148.9586691944227 153.73457807980972
148.9586691944227 153.73457807980972 151.62807352259645 155.78608159588092
151.62807352259645 155.78608159588092 154.2496612010667 153.41069283288996
154.2496612010667 153.41069283288996 166.84724251695513 152.703750529659
166.84724251695513 152.703750529659 161.16827942600142 182.36557612212692
39.10933736169207 242.50195981469608 35.217318521572324 253.58835690399923
35.217318521572324 253.58835690399923 24.38122063330168 260.0142108967952
24.38122063330168 260.0142108967952 7.335190941979356 256.5840150971899
7.335190941979356 256.5840150971899 0.0 221.13869251105612
0.0 221.13869251105612 7.404137057694893 219.29884327784208
7.404137057694893 219.29884327784208 12.846450871687633 219.80985967133594
12.846450871687633 219.80985967133594 28.569577385963825 214.16198984224627
28.569577385963825 214.16198984224627 39.10933736169207 242.50195981469608
79.9852127952039 258.9512127019155 64.58631491550906 262.4660692559765
64.58631491550906 262.4660692559765 45.10933736169207 245.2492927583671
45.10933736169207 245.2492927583671 64.01313125241626 215.96643415906192
64.01313125241626 215.96643415906192 79.4016882501084 214.16198984224627
79.4016882501084 214.16198984224627 87.79309240706749 221.46427706101093
87.79309240706749 221.46427706101093 96.78302318131513 222.32805816130355
96.78302318131513 222.32805816130355 98.22459107804958 225.05362155737177
98.22459107804958 225.05362155737177 79.9852127952039 258.9512127019155
144.38001317835017 224.77000814733097 150.97632986928724 231.83508232353375
150.97632986928724 231.83508232353375 150.5824952764014 238.57977945654721
150.5824952764014 238.57977945654721 129.23314972317255 246.75872715260957
129.23314972317255 246.75872715260957 111.22459107804958 215.7877601566075
111.22459107804958 215.7877601566075 148.48803662666967 214.16198984224627
148.48803662666967 214.16198984224627 152.08111937159225 220.96681080541563
152.08111937159225 220.96681080541563 147.8535483701328 222.815393149618
147.8535483701328 222.815393149618 144.38001317835017 224.77000814733097
32.067380895997935 302.63046759094783 28.77241487761804 302.10738010766727
28.77241487761804 302.10738010766727 18.538460516356764 315.33747105215605
18.538460516356764 315.33747105215605 15.808412474311174 302.9466909378238
15.808412474311174 302.9466909378238 0.0 306.8004784959555
0.0 306.8004784959555 2.2677555725992313 285.13504755391676
2.2677555725992313 285.13504755391676 40.36021903783684 268.46606925597644
40.36021903783684 268.46606925597644 32.8987213381552 283.9191792820401
32.8987213381552 283.9191792820401 32.067380895997935 302.63046759094783
85.71323393761892 299.86377902288774 48.36021903783684 293.2928873162158
48.36021903783684 293.2928873162158 61.036442891258076 273.4573921985405
61.036442891258076 273.4573921985405 68.80193623487554 272.1619630128618
68.80193623487554 272.1619630128618 80.05308309122552 268.46606925597644
80.05308309122552 268.46606925597644 80.16159483345643 278.01728169792835
80.16159483345643 278.01728169792835 89.34950438368713 273.4551452089086
89.34950438368713 273.4551452089086 95.98084654100701 275.39230019445915
95.98084654100701 275.39230019445915 85.71323393761892 299.86377902288774
