125
40.820300429238856 23.567611441222436 1.7763568394002505e-14 47.13522288244488
1.7763568394002505e-14 47.13522288244488 0.0 0.0
0.0 0.0 40.820300429238856 23.567611441222436
79.73079111044562 16.84873670182136 79.73079111044561 16.848736701821384
79.73079111044561 16.848736701821384 70.00316844014392 33.69747340364272
70.00316844014392 33.69747340364272 50.547923099540554 33.69747340364272
50.547923099540554 33.69747340364272 40.820300429238856 16.848736701821363
40.820300429238856 16.848736701821363 50.54792309954054 3.552713678800501e-15
50.54792309954054 3.552713678800501e-15 70.00316844014392 0.0
70.00316844014392 0.0 79.73079111044561 16.848736701821334
79.73079111044561 16.848736701821334 79.73079111044562 16.84873670182136
116.64758927887995 18.933091209696215 116.64758927887993 18.933091209696244
116.64758927887993 18.933091209696244 109.33576464680404 34.11625150618649
109.33576464680404 34.11625150618649 92.90624383257051 37.86618241939243
92.90624383257051 37.86618241939243 79.73079111044561 27.359109487019595
79.73079111044561 27.359109487019595 79.73079111044561 16.848736701821384
79.73079111044561 16.848736701821384 79.73079111044561 16.848736701821334
79.73079111044561 16.848736701821334 79.73079111044561 10.507072932372841
79.73079111044561 10.507072932372841 92.90624383257051 0.0
92.90624383257051 0.0 109.33576464680404 3.7499309132059455
109.33576464680404 3.7499309132059455 116.64758927887993 18.933091209696187
116.64758927887993 18.933091209696187 116.64758927887995 18.933091209696215
169.91623973986725 27.319276530803 159.36573021894347 49.22763529574141
159.36573021894347 49.22763529574141 135.65895051660075 54.638553061606
135.65895051660075 54.638553061606 116.64758927887993 39.47749838809321
116.64758927887993 39.47749838809321 116.64758927887993 18.933091209696244
116.64758927887993 18.933091209696244 116.64758927887993 18.933091209696187
116.64758927887993 18.933091209696187 116.64758927887993 15.161054673512794
116.64758927887993 15.161054673512794 135.65895051660075 0.0
135.65895051660075 0.0 159.36573021894347 5.410917765864582
159.36573021894347 5.410917765864582 169.91623973986725 27.319276530803
26.907434106299064 68.7846283185829 16.629708827740973 82.93070357555982
16.629708827740973 82.93070357555982 1.7763568394002505e-15 77.52738363480854
1.7763568394002505e-15 77.52738363480854 0.0 60.04187300235727
0.0 60.04187300235727 16.62970882774097 54.63855306160599
16.62970882774097 54.63855306160599 26.907434106299064 68.7846283185829
63.24796187069499 72.80881694380396 57.92601479554821 85.65713375085514
57.92601479554821 85.65713375085514 45.07769798849703 90.97908082600193
45.07769798849703 90.97908082600193 32.229381181445845 85.65713375085515
32.229381181445845 85.65713375085515 26.907434106299064 72.80881694380396
26.907434106299064 72.80881694380396 32.229381181445845 59.96050013675278
32.229381181445845 59.96050013675278 45.07769798849703 54.638553061606
45.07769798849703 54.638553061606 57.92601479554821 59.96050013675277
57.92601479554821 59.96050013675277 63.24796187069499 72.80881694380396
103.58091988339856 75.32365065125296 95.5924828977141 91.91181097719655
95.5924828977141 91.91181097719655 77.64262792529888 96.00874824089992
77.64262792529888 96.00874824089992 63.24796187069499 84.52938512050446
63.24796187069499 84.52938512050446 63.24796187069499 72.80881694380396
63.24796187069499 72.80881694380396 63.24796187069499 66.11791618200147
63.24796187069499 66.11791618200147 77.64262792529887 54.638553061606004
77.64262792529887 54.638553061606004 95.59248289771409 58.73549032530936
95.59248289771409 58.73549032530936 103.58091988339856 75.32365065125296
156.74574968854262 81.22096796417802 148.9599406238936 100.01757380210103
148.9599406238936 100.01757380210103 130.1633347859706 107.80338286675004
130.1633347859706 107.80338286675004 111.36672894804758 100.01757380210103
111.36672894804758 100.01757380210103 103.58091988339856 81.22096796417802
103.58091988339856 81.22096796417802 111.36672894804758 62.424362126255005
111.36672894804758 62.424362126255005 130.1633347859706 54.638553061606
130.1633347859706 54.638553061606 148.9599406238936 62.424362126255
148.9599406238936 62.424362126255 156.74574968854262 81.22096796417802
185.71773710402624 69.87002822584975 174.65142263294572 85.1015033900935
174.65142263294572 85.1015033900935 156.74574968854262 79.28359757615227
156.74574968854262 79.28359757615227 156.74574968854262 60.45645887554723
156.74574968854262 60.45645887554723 174.65142263294572 54.638553061606004
174.65142263294572 54.638553061606004 185.71773710402624 69.87002822584975
37.224942742829576 126.41585423816483 31.773476092782666 139.5768589595327
31.773476092782666 139.5768589595327 18.612471371414788 145.0283256095796
18.612471371414788 145.0283256095796 5.451466650046912 139.5768589595327
5.451466650046912 139.5768589595327 0.0 126.41585423816483
0.0 126.41585423816483 5.451466650046909 113.25484951679695
5.451466650046909 113.25484951679695 18.612471371414784 107.80338286675004
18.612471371414784 107.80338286675004 31.773476092782662 113.25484951679695
31.773476092782662 113.25484951679695 37.224942742829576 126.41585423816483
82.4873469184466 131.01658848434425 73.52257266450735 149.6321340380899
73.52257266450735 149.6321340380899 53.37890776397438 154.22979410193847
53.37890776397438 154.22979410193847 37.22494274282958 141.34743687263833
37.22494274282958 141.34743687263833 37.224942742829576 120.6857400960502
37.224942742829576 120.6857400960502 53.378907763974375 107.80338286675004
53.378907763974375 107.80338286675004 73.52257266450735 112.40104293059859
73.52257266450735 112.40104293059859 82.4873469184466 131.01658848434425
102.7012523025328 118.17025467927658 98.69764043393391 126.48384038799311
98.69764043393391 126.48384038799311 89.70160622399105 128.53712649180312
89.70160622399105 128.53712649180312 82.4873469184466 122.78394667513417
82.4873469184466 122.78394667513417 82.4873469184466 113.55656268341899
82.4873469184466 113.55656268341899 89.70160622399105 107.80338286675004
89.70160622399105 107.80338286675004 98.69764043393391 109.85666897056005
98.69764043393391 109.85666897056005 102.7012523025328 118.17025467927658
140.59602132828917 129.68193796464917 102.70125230253281 151.5604930625483
102.70125230253281 151.5604930625483 102.7012523025328 107.80338286675004
102.7012523025328 107.80338286675004 140.59602132828917 129.68193796464917
170.2323242810649 123.3841093772124 158.91226385399344 138.96483588767475
158.91226385399344 138.96483588767475 140.59602132828917 133.01352793009468
140.59602132828917 133.01352793009468 140.59602132828917 129.68193796464917
140.59602132828917 129.68193796464917 140.59602132828917 113.75469082433013
140.59602132828917 113.75469082433013 158.91226385399344 107.80338286675004
158.91226385399344 107.80338286675004 170.2323242810649 123.3841093772124
25.83534456667143 169.14583724211295 1.0658141036401503e-14 184.06188038228743
1.0658141036401503e-14 184.06188038228743 0.0 154.22979410193847
0.0 154.22979410193847 25.83534456667143 169.14583724211295
47.11058820538977 164.86741592129763 43.994900910197444 172.3893504454645
43.994900910197444 172.3893504454645 36.4729663860306 175.5050377406568
36.4729663860306 175.5050377406568 28.951031861863754 172.3893504454645
28.951031861863754 172.3893504454645 25.83534456667143 164.86741592129763
25.83534456667143 164.86741592129763 28.95103186186375 157.34548139713078
28.95103186186375 157.34548139713078 36.4729663860306 154.22979410193847
36.4729663860306 154.22979410193847 43.994900910197444 157.34548139713078
43.994900910197444 157.34548139713078 47.11058820538977 164.86741592129763
88.39105490175342 174.8700274501203 67.7508215535716 195.5102607983021
67.7508215535716 195.5102607983021 47.11058820538977 174.8700274501203
47.11058820538977 174.8700274501203 67.7508215535716 154.22979410193847
67.7508215535716 154.22979410193847 88.39105490175342 174.8700274501203
126.93029829147463 170.9177760110035 117.29548744404433 187.60575792006853
117.29548744404433 187.60575792006853 98.02586574918372 187.60575792006853
98.02586574918372 187.60575792006853 88.39105490175342 170.9177760110035
88.39105490175342 170.9177760110035 98.02586574918371 154.22979410193847
98.02586574918371 154.22979410193847 117.29548744404433 154.22979410193847
117.29548744404433 154.22979410193847 126.93029829147463 170.9177760110035
179.83956762680134 180.68442876960182 172.09118452645546 199.3906803369193
172.09118452645546 199.3906803369193 153.38493295913798 207.13906343726518
153.38493295913798 207.13906343726518 134.6786813918205 199.3906803369193
134.6786813918205 199.3906803369193 126.93029829147463 180.68442876960182
126.93029829147463 180.68442876960182 134.6786813918205 161.97817720228434
134.6786813918205 161.97817720228434 153.38493295913798 154.22979410193847
153.38493295913798 154.22979410193847 172.09118452645546 161.97817720228434
172.09118452645546 161.97817720228434 179.83956762680134 180.68442876960182
