82
49.571033000193765 24.785516500096882 24.785516500096882 49.571033000193765
24.785516500096882 49.571033000193765 0.0 24.785516500096886
0.0 24.785516500096886 24.78551650009688 0.0
24.78551650009688 0.0 49.571033000193765 24.785516500096882
93.19193294108767 21.810449970446953 71.38148297064072 43.620899940893906
71.38148297064072 43.620899940893906 49.571033000193765 21.810449970446957
49.571033000193765 21.810449970446957 71.38148297064072 0.0
71.38148297064072 0.0 93.19193294108767 21.810449970446953
137.16305403408154 23.116986393344757 120.36758029999531 46.23397278668951
120.36758029999531 46.23397278668951 93.19193294108769 37.40406970190067
93.19193294108769 37.40406970190067 93.19193294108767 8.829903084788853
93.19193294108767 8.829903084788853 120.3675802999953 0.0
120.3675802999953 0.0 137.16305403408154 23.116986393344757
56.719923588820265 77.93099479460389 28.359961794410133 106.29095658901403
28.359961794410133 106.29095658901403 0.0 77.93099479460389
0.0 77.93099479460389 28.35996179441013 49.57103300019376
28.35996179441013 49.57103300019376 56.719923588820265 77.93099479460389
83.57402643052038 65.0752565046952 56.71992358882028 80.57948000919666
56.71992358882028 80.57948000919666 56.719923588820265 49.57103300019376
56.719923588820265 49.57103300019376 83.57402643052038 65.0752565046952
115.55526649040954 68.0354105577888 83.57402643052039 86.49978811538384
83.57402643052039 86.49978811538384 83.57402643052038 49.571033000193765
83.57402643052038 49.571033000193765 115.55526649040954 68.0354105577888
153.97762795728687 69.77086382441853 139.30159180497398 89.97069464864329
139.30159180497398 89.97069464864329 115.55526649040954 82.25504584078723
115.55526649040954 82.25504584078723 115.55526649040954 68.0354105577888
115.55526649040954 68.0354105577888 115.55526649040954 57.28668180804983
115.55526649040954 57.28668180804983 139.30159180497398 49.571033000193765
139.30159180497398 49.571033000193765 153.97762795728687 69.77086382441853
52.21954931640012 132.40073124721408 26.10977465820006 158.51050590541413
26.10977465820006 158.51050590541413 0.0 132.40073124721408
0.0 132.40073124721408 26.109774658200056 106.29095658901403
26.109774658200056 106.29095658901403 52.21954931640012 132.40073124721408
94.47010559458587 124.58598411948051 83.90746652503944 142.881011649947
83.90746652503944 142.881011649947 62.78218838594657 142.881011649947
62.78218838594657 142.881011649947 52.219549316400126 124.58598411948051
52.219549316400126 124.58598411948051 62.782188385946554 106.29095658901403
62.782188385946554 106.29095658901403 83.90746652503944 106.29095658901403
83.90746652503944 106.29095658901403 94.47010559458587 124.58598411948051
149.1275730536057 133.61969031852394 141.12317226547378 152.9440232599019
141.12317226547378 152.9440232599019 121.79883932409578 160.94842404803384
121.79883932409578 160.94842404803384 102.47450638271779 152.94402325990194
102.47450638271779 152.94402325990194 94.47010559458587 133.61969031852394
94.47010559458587 133.61969031852394 102.47450638271779 114.29535737714595
102.47450638271779 114.29535737714595 121.79883932409578 106.29095658901403
121.79883932409578 106.29095658901403 141.12317226547376 114.29535737714595
141.12317226547376 114.29535737714595 149.1275730536057 133.61969031852394
39.07370098490986 181.49068432144102 24.148875274924535 202.03294459484817
24.148875274924535 202.03294459484817 3.552713678800501e-15 194.18649937615334
3.552713678800501e-15 194.18649937615334 0.0 168.7948692667287
0.0 168.7948692667287 24.14887527492453 160.94842404803387
24.14887527492453 160.94842404803387 39.07370098490986 181.49068432144102
71.00874929382664 177.73767251105895 58.81064627219028 194.52692097408402
58.81064627219028 194.52692097408402 39.07370098490986 188.11399870677536
39.07370098490986 188.11399870677536 39.07370098490986 181.49068432144102
39.07370098490986 181.49068432144102 39.07370098490986 167.36134631534253
39.07370098490986 167.36134631534253 58.81064627219028 160.94842404803387
58.81064627219028 160.94842404803387 71.00874929382664 177.73767251105895
31.11893081810555 24.785516500096882 24.785516500096882 31.11893081810555
24.785516500096882 31.11893081810555 18.452102182088215 24.785516500096882
18.452102182088215 24.785516500096882 24.785516500096882 18.452102182088215
24.785516500096882 18.452102182088215 31.11893081810555 24.785516500096882
118.82886753286233 23.116986393344757 114.70200509307881 28.79712524373435
114.70200509307881 28.79712524373435 108.02460139861377 26.62750526370428
108.02460139861377 26.62750526370428 108.02460139861377 19.606467522985234
108.02460139861377 19.606467522985234 114.70200509307881 17.436847542955164
114.70200509307881 17.436847542955164 118.82886753286233 23.116986393344757
71.14762947808516 65.0752565046952 68.40946034040273 69.81790457087823
68.40946034040273 69.81790457087823 62.933122065037885 69.81790457087823
62.933122065037885 69.81790457087823 60.19495292735546 65.0752565046952
60.19495292735546 65.0752565046952 62.933122065037885 60.33260843851218
62.933122065037885 60.33260843851218 68.40946034040273 60.33260843851218
68.40946034040273 60.33260843851218 71.14762947808516 65.0752565046952
100.96520418522445 68.0354105577888 94.23443978381677 74.76617495919648
94.23443978381677 74.76617495919648 87.50367538240909 68.0354105577888
87.50367538240909 68.0354105577888 94.23443978381677 61.30464615638111
94.23443978381677 61.30464615638111 100.96520418522445 68.0354105577888
138.99552761612847 69.77086382441853 134.67186818812536 75.72187049139677
134.67186818812536 75.72187049139677 127.67604027783736 73.44878821188831
127.67604027783736 73.44878821188831 127.67604027783736 66.09293943694875
127.67604027783736 66.09293943694875 134.67186818812536 63.81985715744028
134.67186818812536 63.81985715744028 138.99552761612847 69.77086382441853
