291
44.77887580585076 22.38943790292538 38.22116127103903 38.22116127103903
38.22116127103903 38.22116127103903 22.38943790292538 44.77887580585076
22.38943790292538 44.77887580585076 6.557714534811732 38.22116127103903
6.557714534811732 38.22116127103903 0.0 22.389437902925383
0.0 22.389437902925383 6.557714534811726 6.557714534811732
6.557714534811726 6.557714534811732 22.389437902925376 0.0
22.389437902925376 0.0 38.22116127103902 6.557714534811726
38.22116127103902 6.557714534811726 44.77887580585076 22.38943790292538
108.79996851061117 23.391819311258367 95.29469533442108 46.78363862251673
95.29469533442108 46.78363862251673 68.28414898204086 46.78363862251673
68.28414898204086 46.78363862251673 54.77887580585075 23.39181931125837
54.77887580585075 23.39181931125837 68.28414898204085 7.105427357601002e-15
68.28414898204085 7.105427357601002e-15 95.29469533442108 0.0
95.29469533442108 0.0 108.79996851061117 23.391819311258367
169.7020213710789 27.45102643023386 142.25099494084503 54.90205286046772
142.25099494084503 54.90205286046772 114.79996851061117 27.451026430233863
114.79996851061117 27.451026430233863 142.25099494084503 0.0
142.25099494084503 0.0 169.7020213710789 27.45102643023386
236.1002904021554 25.287192258975143 221.50072314438626 50.574384517950286
221.50072314438626 50.574384517950286 192.30158862884804 50.57438451795029
192.30158862884804 50.57438451795029 177.7020213710789 25.287192258975146
177.7020213710789 25.287192258975146 192.301588628848 7.105427357601002e-15
192.301588628848 7.105427357601002e-15 221.50072314438626 0.0
221.50072314438626 0.0 236.1002904021554 25.287192258975143
30.279919950190596 77.38417279475057 1.2434497875801753e-14 94.86629272903343
1.2434497875801753e-14 94.86629272903343 0.0 59.90205286046772
0.0 59.90205286046772 30.279919950190596 77.38417279475057
78.01986033036023 81.30873322043323 69.75275323129277 98.47555799940186
69.75275323129277 98.47555799940186 51.17673219794032 102.71541358039873
51.17673219794032 102.71541358039873 36.2799199501906 90.83560223364086
36.2799199501906 90.83560223364086 36.279919950190596 71.7818642072256
36.279919950190596 71.7818642072256 51.17673219794031 59.90205286046772
51.17673219794031 59.90205286046772 69.75275323129277 64.14190844146458
69.75275323129277 64.14190844146458 78.01986033036023 81.30873322043323
111.99013160308704 74.31864570151451 87.01986033036025 88.73523854256132
87.01986033036025 88.73523854256132 87.01986033036023 59.90205286046772
87.01986033036023 59.90205286046772 111.99013160308704 74.31864570151451
163.63575638794595 78.80116277433348 152.72435019173122 97.70027268819923
152.72435019173122 97.70027268819923 130.90153779930176 97.70027268819923
130.90153779930176 97.70027268819923 119.99013160308705 78.80116277433348
119.99013160308705 78.80116277433348 130.90153779930176 59.90205286046773
130.90153779930176 59.90205286046773 152.72435019173122 59.90205286046772
152.72435019173122 59.90205286046772 163.63575638794595 78.80116277433348
202.29410780374414 77.59729538239193 189.43776156819737 95.29253790431615
189.43776156819737 95.29253790431615 168.63575638794592 88.53355670011351
168.63575638794592 88.53355670011351 168.63575638794592 66.66103406467036
168.63575638794592 66.66103406467036 189.43776156819735 59.90205286046772
189.43776156819735 59.90205286046772 202.29410780374414 77.59729538239193
46.09678867841287 137.76380791960514 39.346070271920944 154.06148385231964
39.346070271920944 154.06148385231964 23.048394339206435 160.81220225881157
23.048394339206435 160.81220225881157 6.750718406491931 154.06148385231964
6.750718406491931 154.06148385231964 0.0 137.76380791960514
0.0 137.76380791960514 6.750718406491927 121.46613198689064
6.750718406491927 121.46613198689064 23.048394339206432 114.7154135803987
23.048394339206432 114.7154135803987 39.34607027192094 121.46613198689063
39.34607027192094 121.46613198689063 46.09678867841287 137.76380791960514
113.37431704604008 143.85417776421232 84.23555286222647 172.99294194802593
84.23555286222647 172.99294194802593 55.096788678412864 143.85417776421232
55.096788678412864 143.85417776421232 84.23555286222647 114.71541358039872
84.23555286222647 114.71541358039872 113.37431704604008 143.85417776421232
158.01118818362835 131.0126568424551 148.60197039923128 147.30990010451148
148.60197039923128 147.30990010451148 129.78353483043713 147.30990010451148
129.78353483043713 147.30990010451148 120.37431704604008 131.0126568424551
120.37431704604008 131.0126568424551 129.78353483043713 114.71541358039873
129.78353483043713 114.71541358039873 148.60197039923128 114.71541358039872
148.60197039923128 114.71541358039872 158.01118818362835 131.0126568424551
214.73436995788614 138.22778167208546 197.6516346051595 161.7401497637722
197.6516346051595 161.7401497637722 170.01118818362835 152.75922430874635
170.01118818362835 152.75922430874635 170.01118818362835 123.69633903542456
170.01118818362835 123.69633903542456 197.6516346051595 114.71541358039872
197.6516346051595 114.71541358039872 214.73436995788614 138.22778167208546
29.719363670571624 197.61733606202853 18.3675768724321 213.24173017603113
18.3675768724321 213.24173017603113 1.7763568394002505e-15 207.27374267810595
1.7763568394002505e-15 207.27374267810595 0.0 187.96092944595114
0.0 187.96092944595114 18.367576872432096 181.99294194802593
18.367576872432096 181.99294194802593 29.719363670571624 197.61733606202853
84.94214047117273 202.60433034832647 78.90520457839445 217.17878285584874
78.90520457839445 217.17878285584874 64.33075207087218 223.215718748627
64.33075207087218 223.215718748627 49.75629956334991 217.17878285584874
49.75629956334991 217.17878285584874 43.719363670571624 202.60433034832647
43.719363670571624 202.60433034832647 49.756299563349906 188.0298778408042
49.756299563349906 188.0298778408042 64.33075207087218 181.99294194802593
64.33075207087218 181.99294194802593 78.90520457839445 188.0298778408042
78.90520457839445 188.0298778408042 84.94214047117273 202.60433034832647
125.78086392321197 198.8345581545762 119.27675200302232 212.3404857225512
119.27675200302232 212.3404857225512 104.66214517806053 215.67617436112647
104.66214517806053 215.67617436112647 92.94214047117273 206.32978248980695
92.94214047117273 206.32978248980695 92.94214047117273 191.33933381934548
92.94214047117273 191.33933381934548 104.66214517806053 181.99294194802593
104.66214517806053 181.99294194802593 119.27675200302232 185.3286305866012
119.27675200302232 185.3286305866012 125.78086392321197 198.8345581545762
173.40038183789585 201.2449618265792 159.41297064612226 220.4969817051325
159.41297064612226 220.4969817051325 136.78086392321197 213.14336446361378
136.78086392321197 213.14336446361378 136.78086392321197 189.34655918954465
136.78086392321197 189.34655918954465 159.41297064612226 181.99294194802593
159.41297064612226 181.99294194802593 173.40038183789585 201.2449618265792
228.97991422578667 204.28270814197134 222.45139285864272 220.0439529687728
222.45139285864272 220.0439529687728 206.69014803184126 226.57247433591675
206.69014803184126 226.57247433591675 190.9289032050398 220.0439529687728
190.9289032050398 220.0439529687728 184.40038183789585 204.28270814197134
184.40038183789585 204.28270814197134 190.9289032050398 188.52146331516988
190.9289032050398 188.52146331516988 206.69014803184126 181.99294194802593
206.69014803184126 181.99294194802593 222.45139285864272 188.52146331516988
222.45139285864272 188.52146331516988 228.97991422578667 204.28270814197134
52.31585015646042 262.07654442013063 32.332973547039046 289.5806145043445
32.332973547039046 289.5806145043445 3.552713678800501e-15 279.074994561134
3.552713678800501e-15 279.074994561134 0.0 245.07809427912727
0.0 245.07809427912727 32.33297354703904 234.57247433591675
32.33297354703904 234.57247433591675 52.31585015646042 262.07654442013063
104.38940858630762 255.60925355084035 98.22787860858072 270.48450278803705
98.22787860858072 270.48450278803705 83.35262937138403 276.64603276576395
83.35262937138403 276.64603276576395 68.47738013418733 270.48450278803705
68.47738013418733 270.48450278803705 62.31585015646043 255.60925355084035
62.31585015646043 255.60925355084035 68.47738013418733 240.73400431364365
68.47738013418733 240.73400431364365 83.35262937138403 234.57247433591675
83.35262937138403 234.57247433591675 98.22787860858071 240.73400431364365
98.22787860858071 240.73400431364365 104.38940858630762 255.60925355084035
165.5976597759473 259.1765999307366 158.3912782343901 276.5743439839992
158.3912782343901 276.5743439839992 140.99353418112747 283.7807255255564
140.99353418112747 283.7807255255564 123.59579012786487 276.5743439839992
123.59579012786487 276.5743439839992 116.38940858630764 259.1765999307366
116.38940858630764 259.1765999307366 123.59579012786486 241.77885587747397
123.59579012786486 241.77885587747397 140.99353418112747 234.57247433591675
140.99353418112747 234.57247433591675 158.3912782343901 241.77885587747397
158.3912782343901 241.77885587747397 165.5976597759473 259.1765999307366
216.747744647017 250.6589329614639 207.46022342924957 266.74539158701106
207.46022342924957 266.74539158701106 188.88518099371473 266.74539158701106
188.88518099371473 266.74539158701106 179.5976597759473 250.6589329614639
179.5976597759473 250.6589329614639 188.8851809937147 234.57247433591675
188.8851809937147 234.57247433591675 207.46022342924957 234.57247433591675
207.46022342924957 234.57247433591675 216.747744647017 250.6589329614639
30.056428603958267 314.59542986337505 22.5423214529687 327.6102452224056
22.5423214529687 327.6102452224056 7.514107150989569 327.6102452224056
7.514107150989569 327.6102452224056 0.0 314.59542986337505
0.0 314.59542986337505 7.51410715098956 301.5806145043445
7.51410715098956 301.5806145043445 22.5423214529687 301.5806145043445
22.5423214529687 301.5806145043445 30.056428603958267 314.59542986337505
73.60510877542872 317.8396699578797 64.21793873256111 334.09872541141493
64.21793873256111 334.09872541141493 45.44359864682588 334.09872541141493
45.44359864682588 334.09872541141493 36.05642860395827 317.8396699578797
36.05642860395827 317.8396699578797 45.44359864682587 301.5806145043445
45.44359864682587 301.5806145043445 64.21793873256111 301.5806145043445
64.21793873256111 301.5806145043445 73.60510877542872 317.8396699578797
134.09462723069925 327.32537373197977 126.55416183293983 345.5296675618556
126.55416183293983 345.5296675618556 108.34986800306399 353.070132959615
108.34986800306399 353.070132959615 90.14557417318815 345.5296675618556
90.14557417318815 345.5296675618556 82.60510877542873 327.32537373197977
82.60510877542873 327.32537373197977 90.14557417318815 309.12107990210393
90.14557417318815 309.12107990210393 108.34986800306399 301.5806145043445
108.34986800306399 301.5806145043445 126.55416183293983 309.12107990210393
126.55416183293983 309.12107990210393 134.09462723069925 327.32537373197977
206.4668031237452 331.2667024508675 197.77194927110887 352.25793654475416
197.77194927110887 352.25793654475416 176.78071517722222 360.9527903973905
176.78071517722222 360.9527903973905 155.7894810833356 352.25793654475416
155.7894810833356 352.25793654475416 147.09462723069925 331.2667024508675
147.09462723069925 331.2667024508675 155.78948108333557 310.27546835698087
155.78948108333557 310.27546835698087 176.78071517722222 301.5806145043445
176.78071517722222 301.5806145043445 197.77194927110884 310.27546835698087
197.77194927110884 310.27546835698087 206.4668031237452 331.2667024508675
54.28072478025488 396.0931527875179 46.33149668004689 415.28428707743734
46.33149668004689 415.28428707743734 27.14036239012744 423.23351517764536
27.14036239012744 423.23351517764536 7.949228100207993 415.28428707743734
7.949228100207993 415.28428707743734 0.0 396.0931527875179
0.0 396.0931527875179 7.949228100207989 376.9020184975985
7.949228100207989 376.9020184975985 27.140362390127436 368.95279039739046
27.140362390127436 368.95279039739046 46.33149668004688 376.9020184975985
46.33149668004688 376.9020184975985 54.28072478025488 396.0931527875179
111.50239468760198 391.150035873307 95.37515184477401 413.3472813492235
95.37515184477401 413.3472813492235 69.28072478025487 404.86868803404826
69.28072478025487 404.86868803404826 69.28072478025487 377.4313837125657
69.28072478025487 377.4313837125657 95.375151844774 368.95279039739046
95.375151844774 368.95279039739046 111.50239468760198 391.150035873307
150.66192939928723 388.67480695857427 116.50239468760199 408.39682351975813
116.50239468760199 408.39682351975813 116.50239468760198 368.95279039739046
116.50239468760198 368.95279039739046 150.66192939928723 388.67480695857427
206.84782856319308 386.7868078742138 196.5513537722166 404.6208253510372
196.5513537722166 404.6208253510372 175.9584041902637 404.6208253510372
175.9584041902637 404.6208253510372 165.66192939928723 386.7868078742138
165.66192939928723 386.7868078742138 175.95840419026368 368.95279039739046
175.95840419026368 368.95279039739046 196.5513537722166 368.95279039739046
196.5513537722166 368.95279039739046 206.84782856319308 386.7868078742138
234.91928998963502 382.2731048625448 211.84782856319308 395.59341932769917
211.84782856319308 395.59341932769917 211.84782856319305 368.95279039739046
211.84782856319305 368.95279039739046 234.91928998963502 382.2731048625448
22.93413716741834 451.47454544488613 9.769962616701378e-15 464.7155757121269
9.769962616701378e-15 464.7155757121269 0.0 438.23351517764536
0.0 438.23351517764536 22.93413716741834 451.47454544488613
74.77859502945071 461.2839107697121 58.031502344466894 484.3343063617789
58.031502344466894 484.3343063617789 30.934137167418342 475.52983869974014
30.934137167418342 475.52983869974014 30.934137167418342 447.0379828396841
30.934137167418342 447.0379828396841 58.03150234446689 438.23351517764536
58.03150234446689 438.23351517764536 74.77859502945071 461.2839107697121
137.51794979744233 464.6031925616412 129.7944501093715 483.24937025756617
129.7944501093715 483.24937025756617 111.14827241344652 490.97286994563706
111.14827241344652 490.97286994563706 92.50209471752154 483.24937025756617
92.50209471752154 483.24937025756617 84.7785950294507 464.6031925616412
84.7785950294507 464.6031925616412 92.50209471752153 445.95701486571625
92.50209471752153 445.95701486571625 111.14827241344652 438.23351517764536
111.14827241344652 438.23351517764536 129.7944501093715 445.95701486571625
129.7944501093715 445.95701486571625 137.51794979744233 464.6031925616412
199.70130789837316 458.6645085532775 187.90546837314045 479.0955019289097
187.90546837314045 479.0955019289097 164.31378932267504 479.0955019289097
164.31378932267504 479.0955019289097 152.51794979744233 458.6645085532775
152.51794979744233 458.6645085532775 164.31378932267504 438.23351517764536
164.31378932267504 438.23351517764536 187.90546837314045 438.23351517764536
187.90546837314045 438.23351517764536 199.70130789837316 458.6645085532775
51.021873190413956 523.0659891114203 38.26640489281047 545.1591082772037
38.26640489281047 545.1591082772037 12.755468297603493 545.1591082772037
12.755468297603493 545.1591082772037 0.0 523.0659891114203
0.0 523.0659891114203 12.755468297603478 500.972869945637
12.755468297603478 500.972869945637 38.26640489281047 500.972869945637
38.26640489281047 500.972869945637 51.021873190413956 523.0659891114203
148.0478894040194 27.45102643023386 139.35254770925783 32.47128429840023
139.35254770925783 32.47128429840023 139.35254770925783 22.43076856206749
139.35254770925783 22.43076856206749 148.0478894040194 27.45102643023386
213.98295666574353 25.287192258975143 210.44205627618035 31.42021163823902
210.44205627618035 31.42021163823902 203.36025549705397 31.42021163823902
203.36025549705397 31.42021163823902 199.81935510749076 25.287192258975143
199.81935510749076 25.287192258975143 203.36025549705394 19.15417287971127
203.36025549705394 19.15417287971127 210.44205627618035 19.154172879711265
210.44205627618035 19.154172879711265 213.98295666574353 25.287192258975143
103.19252398863716 74.31864570151451 91.41866413758518 81.11628685592031
91.41866413758518 81.11628685592031 91.41866413758518 67.52100454710872
91.41866413758518 67.52100454710872 103.19252398863716 74.31864570151451
188.90349840904298 77.59729538239193 185.2998357001979 82.55731158232253
185.2998357001979 82.55731158232253 179.46898695329597 80.66275397869913
179.46898695329597 80.66275397869913 179.46898695329597 74.53183678608474
179.46898695329597 74.53183678608474 185.2998357001979 72.63727918246134
185.2998357001979 72.63727918246134 188.90349840904298 77.59729538239193
90.64044812230547 143.85417776421232 86.21477434478243 149.9455951374984
86.21477434478243 149.9455951374984 79.05388374963101 147.61888074056472
79.05388374963101 147.61888074056472 79.05388374963101 140.08947478785993
79.05388374963101 140.08947478785993 86.21477434478243 137.76276039092625
86.21477434478243 137.76276039092625 90.64044812230547 143.85417776421232
197.20568967360646 138.22778167208546 192.234974508352 145.06938415735357
192.234974508352 145.06938415735357 184.19218842257573 142.45612454549692
184.19218842257573 142.45612454549692 184.19218842257573 133.99943879867402
184.19218842257573 133.99943879867402 192.23497450835197 131.38617918681734
192.23497450835197 131.38617918681734 197.20568967360646 138.22778167208546
116.08824442712643 198.8345581545762 110.84913509640039 206.04557351675933
110.84913509640039 206.04557351675933 102.37207812850896 203.291210741803
102.37207812850896 203.291210741803 102.37207812850896 194.3779055673494
102.37207812850896 194.3779055673494 110.84913509640039 191.62354279239307
110.84913509640039 191.62354279239307 116.08824442712643 198.8345581545762
213.48356199057133 204.28270814197134 208.78942839491285 210.74362875531202
208.78942839491285 210.74362875531202 201.19416068940464 208.2757766796307
201.19416068940464 208.2757766796307 201.19416068940464 200.289639604312
201.19416068940464 200.289639604312 208.78942839491285 197.82178752863067
208.78942839491285 197.82178752863067 213.48356199057133 204.28270814197134
88.81878122251835 255.60925355084035 86.08570529695119 260.343079914866
86.08570529695119 260.343079914866 80.61955344581686 260.343079914866
80.61955344581686 260.343079914866 77.8864775202497 255.60925355084035
77.8864775202497 255.60925355084035 80.61955344581686 250.87542718681468
80.61955344581686 250.87542718681468 86.08570529695119 250.87542718681468
86.08570529695119 250.87542718681468 88.81878122251835 255.60925355084035
205.3976927969895 250.6589329614639 198.17270221148215 257.88392354697123
198.17270221148215 257.88392354697123 190.9477116259748 250.6589329614639
190.9477116259748 250.6589329614639 198.17270221148215 243.43394237595655
198.17270221148215 243.43394237595655 205.3976927969895 250.6589329614639
62.251360012612544 317.8396699578797 51.12047302823397 324.26609055463
51.12047302823397 324.26609055463 51.12047302823397 311.41324936112943
51.12047302823397 311.41324936112943 62.251360012612544 317.8396699578797
95.30376288479373 391.150035873307 84.59236293890106 397.33426551546586
84.59236293890106 397.33426551546586 84.59236293890105 384.9658062311481
84.59236293890105 384.9658062311481 95.30376288479373 391.150035873307
193.5546286477467 386.7868078742138 188.51062568287352 393.72928236186823
188.51062568287352 393.72928236186823 180.3492574463535 391.07749307361325
180.3492574463535 391.07749307361325 180.3492574463535 382.4961226748144
180.3492574463535 382.4961226748144 188.51062568287352 379.8443333865594
188.51062568287352 379.8443333865594 193.5546286477467 386.7868078742138
226.3637650638181 382.2731048625448 222.95104038457924 388.18411739923073
222.95104038457924 388.18411739923073 216.12559102610152 388.18411739923073
216.12559102610152 388.18411739923073 212.71286634686265 382.2731048625448
212.71286634686265 382.2731048625448 216.12559102610152 376.3620923258589
216.12559102610152 376.3620923258589 222.95104038457924 376.3620923258589
222.95104038457924 376.3620923258589 226.3637650638181 382.2731048625448
117.46326073785858 464.6031925616412 107.99077825124049 470.0721328751842
107.99077825124049 470.0721328751842 107.99077825124049 459.1342522480982
107.99077825124049 459.1342522480982 117.46326073785858 464.6031925616412
183.04824613555198 458.6645085532775 179.57893749172985 464.67352739151534
179.57893749172985 464.67352739151534 172.64032020408564 464.67352739151534
172.64032020408564 464.67352739151534 169.1710115602635 458.6645085532775
169.1710115602635 458.6645085532775 172.6403202040856 452.6554897150398
172.6403202040856 452.6554897150398 179.57893749172985 452.6554897150397
179.57893749172985 452.6554897150397 183.04824613555198 458.6645085532775
31.045230528661712 523.0659891114203 28.278083561934345 527.8588282498022
28.278083561934345 527.8588282498022 22.74378962847961 527.8588282498022
22.74378962847961 527.8588282498022 19.976642661752244 523.0659891114203
19.976642661752244 523.0659891114203 22.743789628479608 518.2731499730385
22.743789628479608 518.2731499730385 28.278083561934345 518.2731499730385
28.278083561934345 518.2731499730385 31.045230528661712 523.0659891114203
