280
37.14293597608125 33.66272652102974 34.868800889752016 35.016301210004904
34.868800889752016 35.016301210004904 34.089028483249784 39.01523121215793
34.089028483249784 39.01523121215793 11.922500559094452 35.392823784076164
11.922500559094452 35.392823784076164 0.0 29.359737726146914
0.0 29.359737726146914 4.725950945800479 25.072574781608566
4.725950945800479 25.072574781608566 14.927826444385675 0.0
14.927826444385675 0.0 34.63517862086826 8.548064485765698
34.63517862086826 8.548064485765698 37.14293597608125 33.66272652102974
87.92323382333024 32.3505720819162 50.14293597608125 31.608003915462135
50.14293597608125 31.608003915462135 57.12193379502554 14.617131153985557
57.12193379502554 14.617131153985557 60.31004150558645 0.0
60.31004150558645 0.0 78.51646820426826 4.65598911948163
78.51646820426826 4.65598911948163 84.9538821502551 8.158451583305375
84.9538821502551 8.158451583305375 85.02532617635181 9.822116449134679
85.02532617635181 9.822116449134679 96.34596683804057 1.5163748374342099
96.34596683804057 1.5163748374342099 87.92323382333024 32.3505720819162
142.08673698058766 32.304435566473835 156.93635271337837 42.38010815179303
156.93635271337837 42.38010815179303 146.98404400836796 42.070529000516785
146.98404400836796 42.070529000516785 116.15978734213088 43.37062353241103
116.15978734213088 43.37062353241103 115.88704450855042 34.142508790339896
115.88704450855042 34.142508790339896 105.34596683804057 31.00367237402066
105.34596683804057 31.00367237402066 121.31640157083253 0.0
121.31640157083253 0.0 131.83238193918544 8.133241349579635
131.83238193918544 8.133241349579635 142.08673698058766 32.304435566473835
216.04842866709765 19.263653471604833 204.023995891099 21.00682832275031
204.023995891099 21.00682832275031 202.4022405612316 28.15671714974529
202.4022405612316 28.15671714974529 187.61788604042258 22.660121534183766
187.61788604042258 22.660121534183766 184.54416671349796 25.092517325008195
184.54416671349796 25.092517325008195 176.0661124587347 12.32640038855887
176.0661124587347 12.32640038855887 171.93635271337837 9.83939575660481
171.93635271337837 9.83939575660481 208.81980715541707 0.0
208.81980715541707 0.0 216.04842866709765 19.263653471604833
38.870834865586176 79.87071629477492 0.0 68.26108959362622
0.0 68.26108959362622 1.6403522770430534 59.08902863072954
1.6403522770430534 59.08902863072954 11.380163034020907 65.28775892110241
11.380163034020907 65.28775892110241 16.202207682657868 65.66674702126669
16.202207682657868 65.66674702126669 17.81835143833004 65.61079883565252
17.81835143833004 65.61079883565252 15.61106486282634 55.37062353241103
15.61106486282634 55.37062353241103 24.90589122335001 65.7493272730054
24.90589122335001 65.7493272730054 38.870834865586176 79.87071629477492
85.32336698218023 75.33590528739286 87.34183484437814 90.43392965766577
87.34183484437814 90.43392965766577 63.22056692716591 86.64892846028798
63.22056692716591 86.64892846028798 51.79111368462857 85.76422326421662
51.79111368462857 85.76422326421662 58.94138693148695 70.11319606193703
58.94138693148695 70.11319606193703 46.870834865586176 61.5722999939478
46.870834865586176 61.5722999939478 70.87722165724605 55.37062353241104
70.87722165724605 55.37062353241104 82.95044537754322 64.29872626875007
82.95044537754322 64.29872626875007 85.32336698218023 75.33590528739286
148.22675627623636 79.27176727912372 134.84725508798113 85.50308276251529
134.84725508798113 85.50308276251529 118.5914689082629 81.12460567684371
118.5914689082629 81.12460567684371 116.27994666829065 72.45165489365418
116.27994666829065 72.45165489365418 117.35537500898508 70.77153614609115
117.35537500898508 70.77153614609115 102.34183484437813 74.53725210944232
102.34183484437813 74.53725210944232 119.0920928368196 63.29013740065146
119.0920928368196 63.29013740065146 119.13587130028331 55.37062353241104
119.13587130028331 55.37062353241104 148.22675627623636 79.27176727912372
195.46093804430836 94.19954554015978 190.45537885076263 90.65727549673167
190.45537885076263 90.65727549673167 175.21054395264622 100.59140647435095
175.21054395264622 100.59140647435095 159.22675627623636 89.92353870111074
159.22675627623636 89.92353870111074 163.32410657252169 80.34464185646526
163.32410657252169 80.34464185646526 181.99938695156752 62.193548992533216
181.99938695156752 62.193548992533216 183.10769060133168 55.370623532411024
183.10769060133168 55.370623532411024 198.03544398843934 73.7572272802031
198.03544398843934 73.7572272802031 195.46093804430836 94.19954554015978
45.564989350787094 135.71536954495127 16.37868078733767 134.96020913337685
16.37868078733767 134.96020913337685 8.507067470144076 148.6440198558288
8.507067470144076 148.6440198558288 3.838472821447805 132.78539693751136
3.838472821447805 132.78539693751136 0.0 135.3039952178416
0.0 135.3039952178416 4.117390356083028 129.34403258718214
4.117390356083028 129.34403258718214 1.5423317956510552 126.6218172851653
1.5423317956510552 126.6218172851653 11.965261236349303 112.59140647435096
11.965261236349303 112.59140647435096 45.564989350787094 135.71536954495127
92.36139241896247 152.20983922630566 90.40339063312935 151.521796330704
90.40339063312935 151.521796330704 74.72282990136367 155.40301860979042
74.72282990136367 155.40301860979042 51.56498935078709 156.69028298208147
51.56498935078709 156.69028298208147 56.606506665857864 148.43952553845637
56.606506665857864 148.43952553845637 71.48845720252535 112.59140647435095
71.48845720252535 112.59140647435095 76.42501735978077 119.21921478924156
76.42501735978077 119.21921478924156 81.15566620126148 132.33210049998962
81.15566620126148 132.33210049998962 92.36139241896247 152.20983922630566
130.38179222101743 151.06351840591208 130.21207928792114 155.07919551504372
130.21207928792114 155.07919551504372 125.59641589745807 159.96502596746166
125.59641589745807 159.96502596746166 124.14598211813762 163.21877666920244
124.14598211813762 163.21877666920244 112.18721500302951 169.8944310163943
112.18721500302951 169.8944310163943 97.36139241896247 125.81185821308367
97.36139241896247 125.81185821308367 114.93224379913852 112.59140647435098
114.93224379913852 112.59140647435098 128.92263347153371 137.3124860065826
128.92263347153371 137.3124860065826 130.38179222101743 151.06351840591208
149.79025414905084 151.40211625601123 142.9313124737549 156.31789407216107
142.9313124737549 156.31789407216107 144.43514533862526 144.86872205479452
144.43514533862526 144.86872205479452 137.38179222101746 144.26702546314112
137.38179222101746 144.26702546314112 141.21107543608466 132.3427336346317
141.21107543608466 132.3427336346317 138.90059596190807 124.07142531582042
138.90059596190807 124.07142531582042 162.90654552679212 112.59140647435096
162.90654552679212 112.59140647435096 166.03645017587348 138.75443203209835
166.03645017587348 138.75443203209835 149.79025414905084 151.40211625601123
216.8656335344252 142.2560076634462 187.02563157099706 153.41613986204135
187.02563157099706 153.41613986204135 185.52402028521706 130.03184957999423
185.52402028521706 130.03184957999423 178.03645017587348 124.64913289799588
178.03645017587348 124.64913289799588 187.7708617494801 128.15286227080426
187.7708617494801 128.15286227080426 201.73187862158503 112.59140647435096
201.73187862158503 112.59140647435096 226.05330624940558 124.28063947518667
226.05330624940558 124.28063947518667 231.98579996341658 130.33841416279722
231.98579996341658 130.33841416279722 216.8656335344252 142.2560076634462
50.81426709690859 206.76803953266463 38.62353936588371 208.83382808000613
38.62353936588371 208.83382808000613 6.585278953588148 219.09972942874342
6.585278953588148 219.09972942874342 0.0 196.31161452268108
0.0 196.31161452268108 14.788155577316646 192.8322589141279
14.788155577316646 192.8322589141279 9.573198430023007 181.8944310163943
9.573198430023007 181.8944310163943 18.91634240330294 183.75895880208535
18.91634240330294 183.75895880208535 39.87606623638398 198.92435373588864
39.87606623638398 198.92435373588864 50.81426709690859 206.76803953266463
104.81942041333596 212.71642851217376 101.1335480757763 224.27542556364574
101.1335480757763 224.27542556364574 84.32931258515886 217.51634314902918
84.32931258515886 217.51634314902918 67.03968726922837 216.4320466945277
67.03968726922837 216.4320466945277 62.81426709690859 193.0340267718086
62.81426709690859 193.0340267718086 74.48278933080844 193.74759028296538
74.48278933080844 193.74759028296538 98.93500193782718 181.89443101639432
98.93500193782718 181.89443101639432 95.93571836582986 198.71964418882203
95.93571836582986 198.71964418882203 104.81942041333596 212.71642851217376
139.86673949525985 205.90517228547128 120.5420971904231 217.98703352722683
120.5420971904231 217.98703352722683 112.81942041333596 190.06865278490133
112.81942041333596 190.06865278490133 125.19286625167337 189.23731457435136
125.19286625167337 189.23731457435136 126.89802592910841 181.8944310163943
126.89802592910841 181.8944310163943 156.36420317697048 182.19369297832247
156.36420317697048 182.19369297832247 147.5362110659214 191.8742726997798
147.5362110659214 191.8742726997798 156.94176000256113 196.91526364311332
156.94176000256113 196.91526364311332 139.86673949525985 205.90517228547128
200.82207099552872 212.09913756747088 197.55808842967147 216.83538121645194
197.55808842967147 216.83538121645194 181.46479954859058 221.51890219991583
181.46479954859058 221.51890219991583 166.94176000256113 194.04267314090328
166.94176000256113 194.04267314090328 168.0129675250052 189.69576604448926
168.0129675250052 189.69576604448926 188.34344410631135 182.0708657574363
188.34344410631135 182.0708657574363 192.50667172713958 181.89443101639426
192.50667172713958 181.89443101639426 213.1332073405901 195.11912211831418
213.1332073405901 195.11912211831418 200.82207099552872 212.09913756747088
41.004770360954026 266.84403872638444 0.0 279.38818141480726
0.0 279.38818141480726 5.618810593403339 250.65409434412064
5.618810593403339 250.65409434412064 6.424451088506579 249.61740549172274
6.424451088506579 249.61740549172274 11.327458206844874 231.27542556364574
11.327458206844874 231.27542556364574 12.269247726044854 234.7862768649402
12.269247726044854 234.7862768649402 39.883940962742614 243.93043797542293
39.883940962742614 243.93043797542293 30.52260004024557 257.4176192493863
30.52260004024557 257.4176192493863 41.004770360954026 266.84403872638444
83.91914909061724 271.6590695503222 57.303995024952236 270.55364508520626
57.303995024952236 270.55364508520626 51.00477036095402 269.7604135836035
51.00477036095402 269.7604135836035 65.53247811933589 259.5459248336422
65.53247811933589 259.5459248336422 58.85099909494501 251.3505699735237
58.85099909494501 251.3505699735237 68.98804766881476 244.06149696320338
68.98804766881476 244.06149696320338 80.06910659103002 231.27542556364574
80.06910659103002 231.27542556364574 80.83328388359784 235.89687402868176
80.83328388359784 235.89687402868176 83.91914909061724 271.6590695503222
136.1676703997586 260.93813596826755 133.8665431799979 261.09906977496837
133.8665431799979 261.09906977496837 131.40639274778323 266.29193858112535
131.40639274778323 266.29193858112535 127.06743527513851 270.9357871503574
127.06743527513851 270.9357871503574 94.40713777835218 252.47876187187978
94.40713777835218 252.47876187187978 93.91914909061725 245.24755697922288
93.91914909061725 245.24755697922288 94.39319219230941 245.00565805237483
94.39319219230941 245.00565805237483 120.42539940280156 231.27542556364574
120.42539940280156 231.27542556364574 136.1676703997586 260.93813596826755
188.05551309434347 248.15800674908402 177.47258798459904 250.94240857159727
177.47258798459904 250.94240857159727 182.15220230986407 256.92509855800336
182.15220230986407 256.92509855800336 175.8241525397806 261.39618912234175
175.8241525397806 261.39618912234175 163.61210374756575 260.5360005189243
163.61210374756575 260.5360005189243 151.1938546822955 261.66303035439574
151.1938546822955 261.66303035439574 146.1676703997586 265.5767530412236
146.1676703997586 265.5767530412236 158.24143003741074 231.27542556364574
158.24143003741074 231.27542556364574 188.05551309434347 248.15800674908402
233.38879389296383 261.9512308934104 236.18568739215561 270.1050816518148
236.18568739215561 270.1050816518148 227.54941651735555 273.6523123913247
227.54941651735555 273.6523123913247 223.614203877718 262.93917011235675
223.614203877718 262.93917011235675 199.0555130943435 264.11428963573366
199.0555130943435 264.11428963573366 207.24400341696898 239.07938078594907
207.24400341696898 239.07938078594907 226.13313586765972 231.27542556364574
226.13313586765972 231.27542556364574 243.80205647874496 243.41283582680893
243.80205647874496 243.41283582680893 233.38879389296383 261.9512308934104
43.70243048533828 316.5212931054267 29.83909250507982 332.2142711386962
29.83909250507982 332.2142711386962 15.780008106953357 344.4162728743254
15.780008106953357 344.4162728743254 10.662835080497157 332.99389642587386
10.662835080497157 332.99389642587386 0.0 305.26855854342125
0.0 305.26855854342125 5.280490989973153 307.16572405748315
5.280490989973153 307.16572405748315 18.118301712243827 307.25745479583253
18.118301712243827 307.25745479583253 17.84044667446958 289.38818141480726
17.84044667446958 289.38818141480726 43.70243048533828 316.5212931054267
81.03713865278625 319.25350633618683 89.13039252101132 324.9038269866039
89.13039252101132 324.9038269866039 70.81337990754787 341.08659256560514
70.81337990754787 341.08659256560514 61.517281483301694 325.8988942364615
61.517281483301694 325.8988942364615 57.488641728314484 328.17327916399506
57.488641728314484 328.17327916399506 56.70243048533828 326.9334212370251
56.70243048533828 326.9334212370251 56.81685950443065 296.9201826459385
56.81685950443065 296.9201826459385 68.96412789029402 289.38818141480726
68.96412789029402 289.38818141480726 81.03713865278625 319.25350633618683
131.94880002785231 310.17676592568375 135.38857854045838 326.2990543573961
135.38857854045838 326.2990543573961 129.73480454366268 332.18971788359795
129.73480454366268 332.18971788359795 102.13039252101132 309.1390640603296
102.13039252101132 309.1390640603296 111.83008592002399 292.08921885545715
111.83008592002399 292.08921885545715 114.49050049166104 289.38818141480726
114.49050049166104 289.38818141480726 142.9678821502486 297.81722433484225
142.9678821502486 297.81722433484225 137.62091517508537 304.6048322746868
137.62091517508537 304.6048322746868 131.94880002785231 310.17676592568375
177.3390044531937 316.3667302602764 176.2883974370816 317.4186285322888
176.2883974370816 317.4186285322888 156.36189507502144 330.688035829868
156.36189507502144 330.688035829868 152.541159250943 340.4759122503265
152.541159250943 340.4759122503265 148.9678821502486 298.711670970126
148.9678821502486 298.711670970126 151.42516747698085 300.69649431226316
151.42516747698085 300.69649431226316 166.36748976722276 289.38818141480726
166.36748976722276 289.38818141480726 170.3297971313938 298.87664964727855
170.3297971313938 298.87664964727855 177.3390044531937 316.3667302602764
219.46757634932945 313.41766040190464 216.01027333075118 322.4417264205638
216.01027333075118 322.4417264205638 207.33433907571904 323.2641416076845
207.33433907571904 323.2641416076845 203.86597742518822 325.6465818996146
203.86597742518822 325.6465818996146 187.33900445319367 318.5633886171484
187.33900445319367 318.5633886171484 196.917518761034 313.0698875550701
196.917518761034 313.0698875550701 214.53028138539176 289.38818141480726
214.53028138539176 289.38818141480726 227.9366613653188 306.8557568517875
227.9366613653188 306.8557568517875 219.46757634932945 313.41766040190464
35.72655029448315 389.49527152271696 0.17438648768487042 391.15779385599143
0.17438648768487042 391.15779385599143 0.0 366.5900013946714
0.0 366.5900013946714 10.318971107226483 372.96148501295824
10.318971107226483 372.96148501295824 13.718471414293663 373.75729239623814
13.718471414293663 373.75729239623814 14.851080775579355 356.4162728743254
14.851080775579355 356.4162728743254 24.837893588443386 360.3377946461212
24.837893588443386 360.3377946461212 34.70989568446721 373.21047676840374
34.70989568446721 373.21047676840374 35.72655029448315 389.49527152271696
74.2745384015216 372.2518667730158 70.46038135545852 382.18383486632536
70.46038135545852 382.18383486632536 63.79311642829512 378.2102626656151
63.79311642829512 378.2102626656151 58.335445682489855 381.4363053668082
58.335445682489855 381.4363053668082 45.982825793680526 381.94111629904364
45.982825793680526 381.94111629904364 41.72655029448315 373.7724619165028
41.72655029448315 373.7724619165028 47.68194074512114 356.4162728743254
47.68194074512114 356.4162728743254 84.9649950763007 359.61227129467494
84.9649950763007 359.61227129467494 74.2745384015216 372.2518667730158
128.5440521504261 373.3089426372475 124.23633981983998 385.8044595510167
124.23633981983998 385.8044595510167 118.32276415022933 397.2894991439573
118.32276415022933 397.2894991439573 109.69227338681746 383.3622598026292
109.69227338681746 383.3622598026292 93.9649950763007 368.28954027631335
93.9649950763007 368.28954027631335 103.33091118058582 358.6986342810902
103.33091118058582 358.6986342810902 108.70218191952632 356.4162728743254
108.70218191952632 356.4162728743254 127.37458320418975 357.1603633408203
127.37458320418975 357.1603633408203 128.5440521504261 373.3089426372475
149.0365311291693 395.1365778759268 140.5440521504261 375.5858018400884
140.5440521504261 375.5858018400884 141.10973069516453 358.6103377257335
141.10973069516453 358.6103377257335 147.01386691250164 356.4162728743254
147.01386691250164 356.4162728743254 158.05400236657763 367.13017322872633
158.05400236657763 367.13017322872633 169.92381705290876 376.1616820739995
169.92381705290876 376.1616820739995 167.48394687639237 378.4287800073029
167.48394687639237 378.4287800073029 182.74887502361148 379.138298763134
182.74887502361148 379.138298763134 149.0365311291693 395.1365778759268
233.55956092169598 394.12750486003296 215.52082018044223 385.24901367716086
215.52082018044223 385.24901367716086 203.05097520470142 387.749487020863
203.05097520470142 387.749487020863 190.74887502361148 378.92299513710697
190.74887502361148 378.92299513710697 195.01943726579313 374.7083475714168
195.01943726579313 374.7083475714168 198.20935875132056 365.9823198053931
198.20935875132056 365.9823198053931 219.3305389562347 356.4162728743254
219.3305389562347 356.4162728743254 235.9545942373958 371.68300056497935
235.9545942373958 371.68300056497935 233.55956092169598 394.12750486003296
46.17213617191404 427.20356638820425 44.62838679142073 435.39442401812835
44.62838679142073 435.39442401812835 35.443641889198105 426.5087985802719
35.443641889198105 426.5087985802719 18.536527692535188 435.7331908041127
18.536527692535188 435.7331908041127 0.0 423.2579447612855
0.0 423.2579447612855 0.26652799316453013 414.52980496979603
0.26652799316453013 414.52980496979603 7.422824781364337 410.9779060779851
7.422824781364337 410.9779060779851 34.39996750534273 403.2894991439573
34.39996750534273 403.2894991439573 46.17213617191404 427.20356638820425
99.4552832566129 425.84354207673647 81.96838507646308 425.17406862245934
81.96838507646308 425.17406862245934 81.2795329893407 433.2265630732738
81.2795329893407 433.2265630732738 77.25284355674204 434.01904951370034
77.25284355674204 434.01904951370034 71.31146674305285 423.59269549587657
71.31146674305285 423.59269549587657 51.17213617191403 409.2914699625318
51.17213617191403 409.2914699625318 93.85714100451008 403.2894991439573
93.85714100451008 403.2894991439573 94.27814294977269 404.991715518674
94.27814294977269 404.991715518674 99.4552832566129 425.84354207673647
151.673035665034 427.59150868881704 145.84848527828495 432.59355316975643
145.84848527828495 432.59355316975643 130.93333835629198 433.63302398704076
130.93333835629198 433.63302398704076 116.23009546665165 432.29205645601127
116.23009546665165 432.29205645601127 108.45528325661292 405.063753567861
108.45528325661292 405.063753567861 138.3266071647261 403.2894991439573
138.3266071647261 403.2894991439573 132.32502653342664 414.050841050266
132.32502653342664 414.050841050266 148.33386372554313 407.39837295712897
148.33386372554313 407.39837295712897 151.673035665034 427.59150868881704
