232
38.77339847876517 21.767902576482733 37.615646803478654 23.73008143881219
37.615646803478654 23.73008143881219 30.96073127873874 37.069312857615344
30.96073127873874 37.069312857615344 11.039292159584289 43.05993851277836
11.039292159584289 43.05993851277836 0.0 8.419183535784384
0.0 8.419183535784384 21.095711780299933 0.0
21.095711780299933 0.0 37.05482731877245 6.024546421793838
37.05482731877245 6.024546421793838 47.746149366149176 13.080843576261955
47.746149366149176 13.080843576261955 38.77339847876517 21.767902576482733
107.0387373281751 17.923721737707496 91.5346752083201 29.493778794001315
91.5346752083201 29.493778794001315 88.45010878858605 32.08253749739554
88.45010878858605 32.08253749739554 87.66595677441826 33.096612536895805
87.66595677441826 33.096612536895805 79.04806286324512 21.0483217133687
79.04806286324512 21.0483217133687 66.71316721909922 15.871014738522886
66.71316721909922 15.871014738522886 55.74614936614917 9.65237053066714
55.74614936614917 9.65237053066714 78.54143067009653 0.0
78.54143067009653 0.0 107.0387373281751 17.923721737707496
150.8615548605416 41.502670586435215 140.76171751083726 33.949707978792716
140.76171751083726 33.949707978792716 135.02013532425013 28.77417591340173
135.02013532425013 28.77417591340173 127.64057823202988 35.28356273408972
127.64057823202988 35.28356273408972 121.03873732817509 30.386772157096267
121.03873732817509 30.386772157096267 130.16010443288812 3.294461461157727
130.16010443288812 3.294461461157727 161.78209179065584 0.0
161.78209179065584 0.0 158.6566414188364 4.09073027758337
158.6566414188364 4.09073027758337 150.8615548605416 41.502670586435215
217.79872593858346 26.487480813374674 184.95112058619213 41.10888940841026
184.95112058619213 41.10888940841026 168.78209179065584 39.28928749065099
168.78209179065584 39.28928749065099 183.512378947753 13.463861301352415
183.512378947753 13.463861301352415 185.04650705588074 0.0
185.04650705588074 0.0 203.68807990839557 16.091229728654774
203.68807990839557 16.091229728654774 200.1276882459531 19.521393057347808
200.1276882459531 19.521393057347808 213.57287975730702 16.04568229977677
213.57287975730702 16.04568229977677 217.79872593858346 26.487480813374674
242.75684776902762 26.703680889768304 250.55117874240332 32.654061448897
250.55117874240332 32.654061448897 241.861622543439 32.54984206271456
241.861622543439 32.54984206271456 248.9192695813432 41.72287616054279
248.9192695813432 41.72287616054279 247.5771238772724 48.23141898452485
247.5771238772724 48.23141898452485 222.79872593858346 1.1963840083650723
222.79872593858346 1.1963840083650723 234.38230180827762 0.0
234.38230180827762 0.0 235.83238782609786 8.58873621960441
235.83238782609786 8.58873621960441 242.75684776902762 26.703680889768304
38.50982181539262 85.35672215222345 19.61397535908031 84.81686388621274
19.61397535908031 84.81686388621274 13.991228929466477 91.74179373750648
13.991228929466477 91.74179373750648 13.029713355987907 81.86473396326723
13.029713355987907 81.86473396326723 0.0 83.43803492993479
0.0 83.43803492993479 16.30497038992503 59.23141898452486
16.30497038992503 59.23141898452486 22.0836897306881 62.94895015327963
22.0836897306881 62.94895015327963 28.828405649028884 59.73494944643617
28.828405649028884 59.73494944643617 38.50982181539262 85.35672215222345
95.05678398820424 81.7490164898937 91.2196513529796 82.25765789415577
91.2196513529796 82.25765789415577 53.544908277633255 93.57413008619392
53.544908277633255 93.57413008619392 50.50982181539262 82.12854750519791
50.50982181539262 82.12854750519791 50.963116693067974 80.91950216815577
50.963116693067974 80.91950216815577 70.08118737664289 61.99165219773502
70.08118737664289 61.99165219773502 73.10144311687311 61.93481137418189
73.10144311687311 61.93481137418189 75.41882948318315 59.23141898452485
75.41882948318315 59.23141898452485 95.05678398820424 81.7490164898937
149.64983360996615 77.12024036617834 137.330843458435 83.08366299802316
137.330843458435 83.08366299802316 130.67520873006225 92.68204017122076
130.67520873006225 92.68204017122076 118.599634025378 81.57952678323065
118.599634025378 81.57952678323065 107.05678398820424 75.90893356977399
107.05678398820424 75.90893356977399 137.45963538573443 62.021372180093124
137.45963538573443 62.021372180093124 146.11477239154976 59.23141898452485
146.11477239154976 59.23141898452485 156.1713330627657 61.32657372295249
156.1713330627657 61.32657372295249 149.64983360996615 77.12024036617834
203.51637031661812 70.26057471894867 212.69544998884564 81.86268328681875
212.69544998884564 81.86268328681875 206.99668154874382 86.90305466432795
206.99668154874382 86.90305466432795 190.15470021098847 82.11421854144083
190.15470021098847 82.11421854144083 189.5869699944323 75.95560616870125
189.5869699944323 75.95560616870125 166.1713330627657 62.970871875230195
166.1713330627657 62.970871875230195 171.366056617019 59.23141898452485
171.366056617019 59.23141898452485 185.89852251718094 60.110275277073036
185.89852251718094 60.110275277073036 203.51637031661812 70.26057471894867
32.03814340509285 127.8644274224797 47.479817539808195 133.44911087048712
47.479817539808195 133.44911087048712 39.872458085646954 134.6490478847867
39.872458085646954 134.6490478847867 5.346916951147659 141.55576461062867
5.346916951147659 141.55576461062867 4.645431947014835 122.63470950492241
4.645431947014835 122.63470950492241 0.0 117.95717211743808
0.0 117.95717211743808 23.000208074728693 109.95752625784155
23.000208074728693 109.95752625784155 39.210713581297625 105.57413008619392
39.210713581297625 105.57413008619392 32.03814340509285 127.8644274224797
90.8245655351674 146.5335789799368 88.6853322812906 133.50425264044648
88.6853322812906 133.50425264044648 73.59838934208413 123.49172282138171
73.59838934208413 123.49172282138171 64.28099389494928 122.2467192482221
64.28099389494928 122.2467192482221 59.479817539808195 120.76156302049242
59.479817539808195 120.76156302049242 77.08113942693397 105.57413008619392
77.08113942693397 105.57413008619392 100.8610206538473 110.01670196013869
100.8610206538473 110.01670196013869 101.79273733992191 117.38305757423588
101.79273733992191 117.38305757423588 90.8245655351674 146.5335789799368
142.3239278738853 136.49472061947034 123.3246448435539 154.62554106115925
123.3246448435539 154.62554106115925 118.29256565448551 140.75248261882643
118.29256565448551 140.75248261882643 113.79273733992193 140.72606370671224
113.79273733992193 140.72606370671224 128.53103204424158 105.57413008619392
128.53103204424158 105.57413008619392 141.72372894079382 117.76981089170414
141.72372894079382 117.76981089170414 144.13575700241879 120.13697656074189
144.13575700241879 120.13697656074189 159.2254180116172 130.91104786350843
159.2254180116172 130.91104786350843 142.3239278738853 136.49472061947034
210.40482806954034 149.34276070934519 191.61394266197814 152.42625406358175
191.61394266197814 152.42625406358175 177.5366762754656 149.72035342820215
177.5366762754656 149.72035342820215 174.18059581611166 131.7716656852087
174.18059581611166 131.7716656852087 172.06951894646897 124.24500152290277
172.06951894646897 124.24500152290277 166.2254180116172 116.4964236005161
166.2254180116172 116.4964236005161 177.89498701963151 105.57413008619392
177.89498701963151 105.57413008619392 186.92235832267954 110.83264390527458
186.92235832267954 110.83264390527458 210.40482806954034 149.34276070934519
20.929957014447588 203.65309288718294 16.378784424632883 195.28755239458604
16.378784424632883 195.28755239458604 11.30623745304899 191.50853906541576
11.30623745304899 191.50853906541576 0.0 191.73319161467379
0.0 191.73319161467379 4.955363104179636 180.39795469393437
4.955363104179636 180.39795469393437 47.00383517100178 165.62554106115925
47.00383517100178 165.62554106115925 42.70553808278286 176.05800679975096
42.70553808278286 176.05800679975096 55.06837294818817 178.63907951497112
55.06837294818817 178.63907951497112 20.929957014447588 203.65309288718294
102.21664616841319 193.901721829773 93.15293824758284 213.67415824358673
93.15293824758284 213.67415824358673 84.47237174474556 203.2232225933642
84.47237174474556 203.2232225933642 66.06837294818817 183.98371420477812
66.06837294818817 183.98371420477812 71.53909905162762 179.12863251051675
71.53909905162762 179.12863251051675 70.49849788216495 168.24012412517897
70.49849788216495 168.24012412517897 84.00123702819289 165.62554106115925
84.00123702819289 165.62554106115925 100.5853770898121 188.66781856710193
100.5853770898121 188.66781856710193 102.21664616841319 193.901721829773
163.46622312177692 198.50081380606676 162.03902526721575 200.70692908902762
162.03902526721575 200.70692908902762 150.56822380309183 201.3205486227122
150.56822380309183 201.3205486227122 144.99256678424595 201.43951561762228
144.99256678424595 201.43951561762228 107.2166461684132 189.2126471315777
107.2166461684132 189.2126471315777 122.14342974280856 183.73024828442047
122.14342974280856 183.73024828442047 118.07805727021898 176.75691803188448
118.07805727021898 176.75691803188448 137.7715420964445 165.62554106115925
137.7715420964445 165.62554106115925 163.46622312177692 198.50081380606676
205.33249598026555 191.82116013216748 202.42342360111812 208.5703836108171
202.42342360111812 208.5703836108171 185.96092171407943 197.68895051147328
185.96092171407943 197.68895051147328 179.58495941449573 210.6521662331235
179.58495941449573 210.6521662331235 183.61977038387252 196.6077108776849
183.61977038387252 196.6077108776849 178.95071779027376 189.4177443930816
178.95071779027376 189.4177443930816 170.46622312177692 165.62554106115925
170.46622312177692 165.62554106115925 205.64660759442748 175.07429971313488
205.64660759442748 175.07429971313488 205.33249598026555 191.82116013216748
46.89027267014741 263.7823776401615 25.604273902578267 257.30422719172236
25.604273902578267 257.30422719172236 23.45496361954088 255.94342655671866
23.45496361954088 255.94342655671866 0.0 234.93319567393343
0.0 234.93319567393343 12.12281143123589 231.29067109699548
12.12281143123589 231.29067109699548 19.50500229401281 226.7867922086865
19.50500229401281 226.7867922086865 40.19508999601172 224.67415824358676
40.19508999601172 224.67415824358676 46.01623400262104 238.05598689341545
46.01623400262104 238.05598689341545 46.89027267014741 263.7823776401615
98.86039804200422 247.53337743441307 71.2164672012511 258.21261575603506
71.2164672012511 258.21261575603506 71.2112639792915 249.6763086947447
71.2112639792915 249.6763086947447 65.65962561174415 251.08644448715216
65.65962561174415 251.08644448715216 68.58840920996028 246.13360647500804
68.58840920996028 246.13360647500804 61.89027267014741 235.61803056038514
61.89027267014741 235.61803056038514 71.00002553520581 224.67415824358676
71.00002553520581 224.67415824358676 110.36670489557225 243.2585671719148
110.36670489557225 243.2585671719148 98.86039804200422 247.53337743441307
145.39129212349462 264.4133103924103 141.96273665595578 281.48619785287224
141.96273665595578 281.48619785287224 127.05513434343874 272.63163653514385
127.05513434343874 272.63163653514385 117.36670489557227 236.6790489692106
117.36670489557227 236.6790489692106 137.25433018312563 232.20371343718716
137.25433018312563 232.20371343718716 140.21008476811107 224.67415824358676
140.21008476811107 224.67415824358676 148.16910109779195 246.56731957915775
148.16910109779195 246.56731957915775 146.8777901419121 249.7309346248054
146.8777901419121 249.7309346248054 145.39129212349462 264.4133103924103
191.932295322371 251.03955640586884 191.76179230646514 274.7338250858737
191.76179230646514 274.7338250858737 169.84005767315497 264.01921853261695
169.84005767315497 264.01921853261695 161.4335222369417 247.49742377452506
161.4335222369417 247.49742377452506 159.16910109779192 224.67415824358676
159.16910109779192 224.67415824358676 169.75777166203775 226.77483989843788
169.75777166203775 226.77483989843788 195.9546635391355 235.67911655820242
195.9546635391355 235.67911655820242 193.3876963675939 246.9232481495458
193.3876963675939 246.9232481495458 191.932295322371 251.03955640586884
241.80420437494305 247.37795862960485 247.51902335140466 250.86880314904357
247.51902335140466 250.86880314904357 228.8697589526826 260.8277148746309
228.8697589526826 260.8277148746309 218.38486771902737 262.7384499722549
218.38486771902737 262.7384499722549 207.0449593019484 249.42225751455888
207.0449593019484 249.42225751455888 205.9546635391355 237.14580011115245
205.9546635391355 237.14580011115245 244.80319391014882 224.67415824358676
244.80319391014882 224.67415824358676 240.6319188530944 237.95270872346498
240.6319188530944 237.95270872346498 241.80420437494305 247.37795862960485
32.25050961620556 328.5382504519916 29.543609610741868 336.11738129212927
29.543609610741868 336.11738129212927 21.87675433494179 343.29092432931026
21.87675433494179 343.29092432931026 9.971386395720499 343.98108132278605
9.971386395720499 343.98108132278605 6.4387101615941065 344.19015131134245
6.4387101615941065 344.19015131134245 6.005545921759456 325.4289910589581
6.005545921759456 325.4289910589581 0.0 320.7175912187257
0.0 320.7175912187257 5.258139336398188 292.48619785287224
5.258139336398188 292.48619785287224 32.25050961620556 328.5382504519916
96.38302034874079 324.5997737570635 88.65369811811144 322.46017892931815
88.65369811811144 322.46017892931815 97.72069451093327 329.4901347533076
97.72069451093327 329.4901347533076 78.72830639705458 325.0160736499389
78.72830639705458 325.0160736499389 75.45863128890261 336.3663917677108
75.45863128890261 336.3663917677108 74.9803682623879 344.0683240984587
74.9803682623879 344.0683240984587 47.25050961620556 301.95582449577535
47.25050961620556 301.95582449577535 69.88034855587176 292.48619785287224
69.88034855587176 292.48619785287224 96.38302034874079 324.5997737570635
139.9822418388111 321.8526440229783 124.73388519476016 322.4867823174226
124.73388519476016 322.4867823174226 124.46734159824574 330.58286905246797
124.46734159824574 330.58286905246797 105.57794665262529 334.14550348892294
105.57794665262529 334.14550348892294 106.32138476041217 304.2020473764762
106.32138476041217 304.2020473764762 104.72069451093327 292.48619785287224
104.72069451093327 292.48619785287224 132.55415679385885 304.69168132529705
132.55415679385885 304.69168132529705 137.27371814251583 303.40990315305226
137.27371814251583 303.40990315305226 139.9822418388111 321.8526440229783
176.72384137039182 346.3335114599937 148.6264598739277 324.48826047994277
148.6264598739277 324.48826047994277 146.9822418388111 321.4592124002552
146.9822418388111 321.4592124002552 157.40974590030723 314.5423691315236
157.40974590030723 314.5423691315236 159.12632294322304 292.48619785287224
159.12632294322304 292.48619785287224 163.1653458552161 306.12154482758183
163.1653458552161 306.12154482758183 163.93953667923222 293.4854194974849
163.93953667923222 293.4854194974849 175.9825486003899 301.2639984258169
175.9825486003899 301.2639984258169 176.72384137039182 346.3335114599937
221.06774788194156 328.1126137700273 208.08931304752767 324.08408509766366
208.08931304752767 324.08408509766366 208.84252047086537 326.2726134276623
208.84252047086537 326.2726134276623 205.23979116316968 331.92466004711235
205.23979116316968 331.92466004711235 190.72384137039182 318.1641786968947
190.72384137039182 318.1641786968947 202.64921592189077 294.32872526945283
202.64921592189077 294.32872526945283 203.2935128674306 292.48619785287224
203.2935128674306 292.48619785287224 210.6599037920891 297.27482987132333
210.6599037920891 297.27482987132333 221.06774788194156 328.1126137700273
39.149698192617684 373.57711181609557 51.206602209201 382.56734094939617
51.206602209201 382.56734094939617 37.79473275073127 388.87027938964513
37.79473275073127 388.87027938964513 23.342736473640553 396.1092805921698
23.342736473640553 396.1092805921698 0.0 374.1533196940325
0.0 374.1533196940325 20.278974849827062 355.79292224733143
20.278974849827062 355.79292224733143 50.781607317599324 354.3335114599937
50.781607317599324 354.3335114599937 47.18716475513523 359.601989705941
47.18716475513523 359.601989705941 39.149698192617684 373.57711181609557
71.04736885479963 388.82861572714523 62.307285002357865 366.70764615580816
62.307285002357865 366.70764615580816 57.206602209200994 357.80104398155584
57.206602209200994 357.80104398155584 72.29324338809799 357.44636421255694
72.29324338809799 357.44636421255694 75.58257343609878 358.0966791182052
75.58257343609878 358.0966791182052 80.52277528943614 354.3335114599937
80.52277528943614 354.3335114599937 95.84281818300242 363.22949097089827
95.84281818300242 363.22949097089827 101.96214134499137 367.638110374844
101.96214134499137 367.638110374844 71.04736885479963 388.82861572714523
