191
36.45531391233443 19.165692725783707 22.530623068369586 38.331385451567414
22.530623068369586 38.331385451567414 0.0 31.010742248254658
0.0 31.010742248254658 0.0 7.320643203312761
0.0 7.320643203312761 22.530623068369582 0.0
22.530623068369582 0.0 36.45531391233443 19.165692725783707
64.73595366751093 14.140319877588245 60.594349863512264 24.139035951177824
60.594349863512264 24.139035951177824 50.59563378992268 28.28063975517649
50.59563378992268 28.28063975517649 40.5969177163331 24.139035951177824
40.5969177163331 24.139035951177824 36.45531391233443 14.140319877588247
36.45531391233443 14.140319877588247 40.596917716333095 4.141603803998667
40.596917716333095 4.141603803998667 50.59563378992268 0.0
50.59563378992268 0.0 60.59434986351226 4.141603803998663
60.59434986351226 4.141603803998663 64.73595366751093 14.140319877588245
120.51318961930971 24.15225164356823 106.56888063136003 48.30450328713646
106.56888063136003 48.30450328713646 78.68026265546062 48.30450328713647
78.68026265546062 48.30450328713647 64.73595366751093 24.152251643568235
64.73595366751093 24.152251643568235 78.68026265546061 7.105427357601002e-15
78.68026265546061 7.105427357601002e-15 106.56888063136003 0.0
106.56888063136003 0.0 120.51318961930971 24.15225164356823
146.6283596512173 13.393385144478826 141.45592994485605 24.134046102004334
141.45592994485605 24.134046102004334 129.833585893 26.78677028895765
129.833585893 26.78677028895765 120.51318961930973 19.35400228685094
120.51318961930973 19.35400228685094 120.51318961930971 7.432768002106717
120.51318961930971 7.432768002106717 129.833585893 0.0
129.833585893 0.0 141.45592994485605 2.652724186953318
141.45592994485605 2.652724186953318 146.6283596512173 13.393385144478826
185.3577862957231 20.36126454155243 170.56446168231767 40.72252908310486
170.56446168231767 40.72252908310486 146.62835965121732 32.945218082159876
146.62835965121732 32.945218082159876 146.62835965121732 7.7773110009449855
146.62835965121732 7.7773110009449855 170.56446168231767 0.0
170.56446168231767 0.0 185.3577862957231 20.36126454155243
228.16316148171632 18.53527116479708 217.461817685218 37.07054232959416
217.461817685218 37.07054232959416 196.0591300922214 37.07054232959416
196.0591300922214 37.07054232959416 185.3577862957231 18.535271164797084
185.3577862957231 18.535271164797084 196.05913009222138 3.552713678800501e-15
196.05913009222138 3.552713678800501e-15 217.461817685218 0.0
217.461817685218 0.0 228.16316148171632 18.53527116479708
31.998033740298485 65.12686515104915 19.77587242467039 81.94922701496182
19.77587242467039 81.94922701496182 1.7763568394002505e-15 75.52365655399721
1.7763568394002505e-15 75.52365655399721 0.0 54.73007374810108
0.0 54.73007374810108 19.775872424670386 48.30450328713646
19.775872424670386 48.30450328713646 31.998033740298485 65.12686515104915
72.21232463460632 68.4116487342904 66.32307808343916 82.62954763027714
66.32307808343916 82.62954763027714 52.10517918745241 88.51879418144432
52.10517918745241 88.51879418144432 37.88728029146566 82.62954763027714
37.88728029146566 82.62954763027714 31.99803374029849 68.4116487342904
31.99803374029849 68.4116487342904 37.88728029146565 54.193749838303646
37.88728029146565 54.193749838303646 52.1051791874524 48.30450328713648
52.1051791874524 48.30450328713648 66.32307808343916 54.19374983830364
66.32307808343916 54.19374983830364 72.21232463460632 68.4116487342904
131.61037215142028 74.02461232951451 116.76086027221679 99.74472137189255
116.76086027221679 99.74472137189255 109.77950851432979 99.74472137189255
109.77950851432979 99.74472137189255 87.06183651380981 99.74472137189255
87.06183651380981 99.74472137189255 72.21232463460632 74.02461232951451
72.21232463460632 74.02461232951451 87.0618365138098 48.30450328713648
87.0618365138098 48.30450328713648 116.76086027221679 48.30450328713647
116.76086027221679 48.30450328713647 131.61037215142028 74.02461232951451
185.73292302149048 71.74025527268465 172.20228530397293 95.17600725823283
172.20228530397293 95.17600725823283 145.14100986893783 95.17600725823283
145.14100986893783 95.17600725823283 131.61037215142028 71.74025527268465
131.61037215142028 71.74025527268465 145.14100986893783 48.30450328713647
145.14100986893783 48.30450328713647 172.20228530397293 48.30450328713647
172.20228530397293 48.30450328713647 185.73292302149048 71.74025527268465
53.27017612459217 126.37980943418864 45.46893944864651 145.21366082053908
45.46893944864651 145.21366082053908 26.635088062296152 153.0148974964847
26.635088062296152 153.0148974964847 26.635088062296084 153.01489749648474
26.635088062296084 153.01489749648474 26.635088062296017 153.0148974964847
26.635088062296017 153.0148974964847 7.801236675945663 145.21366082053908
7.801236675945663 145.21366082053908 0.0 126.37980943418864
0.0 126.37980943418864 7.80123667594566 107.54595804783823
7.80123667594566 107.54595804783823 26.63508806229608 99.74472137189255
26.63508806229608 99.74472137189255 45.4689394486465 107.54595804783821
45.4689394486465 107.54595804783821 53.27017612459217 126.37980943418864
74.1880059589927 110.20363628909281 63.72909104179244 120.66255120629307
63.72909104179244 120.66255120629307 53.27017612459217 110.20363628909281
53.27017612459217 110.20363628909281 63.72909104179244 99.74472137189255
63.72909104179244 99.74472137189255 74.1880059589927 110.20363628909281
97.85277577014946 111.57710627747093 86.02039086457108 123.40949118304931
86.02039086457108 123.40949118304931 74.1880059589927 111.57710627747093
74.1880059589927 111.57710627747093 86.02039086457108 99.74472137189255
86.02039086457108 99.74472137189255 97.85277577014946 111.57710627747093
145.55970674687083 120.40242845310829 133.6329740026905 141.06013553432402
133.6329740026905 141.06013553432402 109.7795085143298 141.06013553432402
109.7795085143298 141.06013553432402 97.85277577014946 120.40242845310829
97.85277577014946 120.40242845310829 109.77950851432979 99.74472137189255
109.77950851432979 99.74472137189255 116.76086027221679 99.74472137189255
116.76086027221679 99.74472137189255 133.6329740026905 99.74472137189255
133.6329740026905 99.74472137189255 145.55970674687083 120.40242845310829
181.86643291147485 117.89808445419456 176.54943596601012 130.73445059103184
176.54943596601012 130.73445059103184 163.71306982917284 136.05144753649657
163.71306982917284 136.05144753649657 150.87670369233555 130.73445059103184
150.87670369233555 130.73445059103184 145.55970674687083 117.89808445419456
145.55970674687083 117.89808445419456 150.87670369233555 105.06171831735729
150.87670369233555 105.06171831735729 163.71306982917284 99.74472137189255
163.71306982917284 99.74472137189255 176.54943596601012 105.06171831735728
176.54943596601012 105.06171831735728 181.86643291147485 117.89808445419456
205.24807516195202 112.03717815540764 196.3170825350603 124.32963493892274
196.3170825350603 124.32963493892274 181.86643291147485 119.63433425285918
181.86643291147485 119.63433425285918 181.86643291147485 117.89808445419456
181.86643291147485 117.89808445419456 181.86643291147485 104.44002205795611
181.86643291147485 104.44002205795611 196.3170825350603 99.74472137189255
196.3170825350603 99.74472137189255 205.24807516195202 112.03717815540764
229.65602195710034 112.26254268471402 224.82172875049824 122.30105596552761
224.82172875049824 122.30105596552761 213.95917051687334 124.78036399753549
213.95917051687334 124.78036399753549 205.24807516195202 117.8334972639686
205.24807516195202 117.8334972639686 205.24807516195202 112.03717815540764
205.24807516195202 112.03717815540764 205.24807516195202 106.69158810545945
205.24807516195202 106.69158810545945 213.95917051687334 99.74472137189255
213.95917051687334 99.74472137189255 224.8217287504982 102.22402940390043
224.8217287504982 102.22402940390043 229.65602195710034 112.26254268471402
41.54904196651953 171.00616041944053 41.549041966519525 171.00616041944053
41.549041966519525 171.00616041944053 31.16178147488965 188.99742334239636
31.16178147488965 188.99742334239636 10.387260491629887 188.99742334239636
10.387260491629887 188.99742334239636 0.0 171.00616041944053
0.0 171.00616041944053 10.387260491629874 153.0148974964847
10.387260491629874 153.0148974964847 26.635088062296017 153.0148974964847
26.635088062296017 153.0148974964847 26.635088062296152 153.0148974964847
26.635088062296152 153.0148974964847 31.16178147488965 153.0148974964847
31.16178147488965 153.0148974964847 41.549041966519525 171.00616041944053
41.549041966519525 171.00616041944053 41.54904196651953 171.00616041944053
90.6932114028733 178.85151634843012 71.92180902706993 204.68813520037554
71.92180902706993 204.68813520037554 41.54904196651953 194.81942495330867
41.54904196651953 194.81942495330867 41.549041966519525 171.00616041944053
41.549041966519525 171.00616041944053 41.549041966519525 162.88360774355158
41.549041966519525 162.88360774355158 71.92180902706991 153.0148974964847
71.92180902706991 153.0148974964847 90.6932114028733 178.85151634843012
143.98275660384462 180.34489007086535 133.42810862340983 202.2618424355272
133.42810862340983 202.2618424355272 109.7120298869551 207.674882645246
109.7120298869551 207.674882645246 90.69321140287332 192.507881016206
90.69321140287332 192.507881016206 90.69321140287332 168.18189912552472
90.69321140287332 168.18189912552472 109.7120298869551 153.0148974964847
109.7120298869551 153.0148974964847 133.42810862340983 158.4279377062035
133.42810862340983 158.4279377062035 143.98275660384462 180.34489007086535
183.90515572829128 172.97609705870804 178.05865573713402 187.0907966297741
178.05865573713402 187.0907966297741 163.94395616606795 192.93729662093136
163.94395616606795 192.93729662093136 149.82925659500188 187.0907966297741
149.82925659500188 187.0907966297741 143.98275660384462 172.97609705870804
143.98275660384462 172.97609705870804 149.82925659500188 158.86139748764197
149.82925659500188 158.86139748764197 163.94395616606795 153.0148974964847
163.94395616606795 153.0148974964847 178.05865573713402 158.86139748764197
178.05865573713402 158.86139748764197 183.90515572829128 172.97609705870804
215.50908572556068 168.8168624951194 199.70712072692598 184.6188274937541
199.70712072692598 184.6188274937541 183.90515572829128 168.8168624951194
183.90515572829128 168.8168624951194 199.70712072692598 153.0148974964847
199.70712072692598 153.0148974964847 215.50908572556068 168.8168624951194
39.32532013231129 230.3793668096041 1.5987211554602254e-14 253.08385097396223
1.5987211554602254e-14 253.08385097396223 0.0 207.674882645246
0.0 207.674882645246 39.32532013231129 230.3793668096041
94.54850934756531 235.286477252873 86.46126052636527 254.81082303929998
86.46126052636527 254.81082303929998 66.9369147399383 262.8980718605
66.9369147399383 262.8980718605 47.41256895351134 254.81082303929998
47.41256895351134 254.81082303929998 39.32532013231129 235.286477252873
39.32532013231129 235.286477252873 47.412568953511325 215.76213146644602
47.412568953511325 215.76213146644602 66.9369147399383 207.674882645246
66.9369147399383 207.674882645246 86.46126052636527 215.76213146644602
86.46126052636527 215.76213146644602 94.54850934756531 235.286477252873
140.8616682594045 230.83146210116558 134.07926316585076 247.20563646353142
134.07926316585076 247.20563646353142 117.70508880348491 253.98804155708518
117.70508880348491 253.98804155708518 101.33091444111908 247.20563646353142
101.33091444111908 247.20563646353142 94.54850934756531 230.83146210116558
94.54850934756531 230.83146210116558 101.33091444111906 214.45728773879975
101.33091444111906 214.45728773879975 117.70508880348491 207.674882645246
117.70508880348491 207.674882645246 134.07926316585076 214.45728773879975
134.07926316585076 214.45728773879975 140.8616682594045 230.83146210116558
172.24479882270603 225.7939415239813 140.86166825940452 243.9130004027166
140.86166825940452 243.9130004027166 140.8616682594045 207.674882645246
140.8616682594045 207.674882645246 172.24479882270603 225.7939415239813
194.22997863035727 218.66747254907162 191.0103235903295 226.4404074128695
191.0103235903295 226.4404074128695 183.23738872653163 229.66006245289725
183.23738872653163 229.66006245289725 175.46445386273376 226.4404074128695
175.46445386273376 226.4404074128695 172.244798822706 218.66747254907162
172.244798822706 218.66747254907162 175.46445386273376 210.89453768527375
175.46445386273376 210.89453768527375 183.23738872653163 207.674882645246
183.23738872653163 207.674882645246 191.0103235903295 210.89453768527375
191.0103235903295 210.89453768527375 194.22997863035727 218.66747254907162
42.205802727869354 285.08697546650353 26.08462060829629 307.27587907250705
26.08462060829629 307.27587907250705 3.552713678800501e-15 298.80047206810883
3.552713678800501e-15 298.80047206810883 0.0 271.37347886489823
0.0 271.37347886489823 26.084620608296284 262.8980718605
26.084620608296284 262.8980718605 42.205802727869354 285.08697546650353
93.80223237909041 285.2399812717671 80.90312496628515 307.58189068303415
80.90312496628515 307.58189068303415 55.104910140674626 307.58189068303415
55.104910140674626 307.58189068303415 42.20580272786936 285.2399812717671
42.20580272786936 285.2399812717671 55.10491014067461 262.89807186050007
55.10491014067461 262.89807186050007 80.90312496628515 262.8980718605
80.90312496628515 262.8980718605 93.80223237909041 285.2399812717671
115.00450728573435 274.0447674266255 106.90595891021536 285.19146299275104
106.90595891021536 285.19146299275104 93.8022323790904 280.93380414873883
93.8022323790904 280.93380414873883 93.8022323790904 267.1557307045122
93.8022323790904 267.1557307045122 106.90595891021536 262.8980718605
106.90595891021536 262.8980718605 115.00450728573435 274.0447674266255
