134
44.81062961949452 23.558342144615445 27.69449216213038 47.11668428923089
27.69449216213038 47.11668428923089 0.0 38.118198308586884
0.0 38.118198308586884 0.0 8.998485980644013
0.0 8.998485980644013 27.694492162130377 0.0
27.694492162130377 0.0 44.81062961949452 23.558342144615445
79.20642845105596 12.51159112726871 74.37454129762722 22.545108187186486
74.37454129762722 22.545108187186486 63.51738941640839 25.02318225453742
63.51738941640839 25.02318225453742 54.81062961949453 18.079773013107452
54.81062961949453 18.079773013107452 54.81062961949453 6.943409241429972
54.81062961949453 6.943409241429972 63.51738941640839 0.0
63.51738941640839 0.0 74.37454129762722 2.478074067350935
74.37454129762722 2.478074067350935 79.20642845105596 12.51159112726871
130.69954634824975 25.688113595030583 86.20642845105598 51.37622719006117
86.20642845105598 51.37622719006117 86.20642845105596 0.0
86.20642845105596 0.0 130.69954634824975 25.688113595030583
175.6761418372857 16.01133551948312 166.43199296502672 32.02267103896624
166.43199296502672 32.02267103896624 147.94369522050874 32.02267103896624
147.94369522050874 32.02267103896624 138.69954634824975 16.011335519483122
138.69954634824975 16.011335519483122 147.94369522050874 3.552713678800501e-15
147.94369522050874 3.552713678800501e-15 166.43199296502672 0.0
166.43199296502672 0.0 175.6761418372857 16.01133551948312
28.2322665598406 72.49236046998148 14.1161332799203 86.60849374990178
14.1161332799203 86.60849374990178 0.0 72.49236046998148
0.0 72.49236046998148 14.116133279920298 58.37622719006118
14.116133279920298 58.37622719006118 28.2322665598406 72.49236046998148
82.00453805609168 78.76236293818671 76.0335771376552 93.17753776787578
76.0335771376552 93.17753776787578 61.618402307966136 99.14849868631225
61.618402307966136 99.14849868631225 47.20322747827708 93.17753776787578
47.20322747827708 93.17753776787578 41.232266559840596 78.76236293818671
41.232266559840596 78.76236293818671 47.20322747827707 64.34718810849765
47.20322747827707 64.34718810849765 61.61840230796613 58.37622719006117
61.61840230796613 58.37622719006117 76.03357713765519 64.34718810849765
76.03357713765519 64.34718810849765 82.00453805609168 78.76236293818671
118.43187589714962 71.08989611059015 105.71820697662065 83.80356503111912
105.71820697662065 83.80356503111912 93.00453805609168 71.08989611059015
93.00453805609168 71.08989611059015 105.71820697662065 58.37622719006117
105.71820697662065 58.37622719006117 118.43187589714962 71.08989611059015
158.54688986530687 73.9337341741398 142.98938288122824 89.49124115821843
142.98938288122824 89.49124115821843 127.43187589714961 73.9337341741398
127.43187589714961 73.9337341741398 142.98938288122824 58.37622719006117
142.98938288122824 58.37622719006117 158.54688986530687 73.9337341741398
44.73641402710591 138.97707936744038 1.7763568394002505e-14 164.8056600485685
1.7763568394002505e-14 164.8056600485685 0.0 113.14849868631225
0.0 113.14849868631225 44.73641402710591 138.97707936744038
111.49885225801235 140.52971780176546 84.11763314255913 167.9109369172187
84.11763314255913 167.9109369172187 56.73641402710591 140.52971780176546
56.73641402710591 140.52971780176546 84.11763314255913 113.14849868631224
84.11763314255913 113.14849868631224 111.49885225801235 140.52971780176546
146.46975431612776 125.44217792074413 141.72202317969695 135.3009432107154
141.72202317969695 135.3009432107154 131.0539681522026 137.735857155176
131.0539681522026 137.735857155176 122.49885225801235 130.91337989075438
122.49885225801235 130.91337989075438 122.49885225801235 119.97097595073387
122.49885225801235 119.97097595073387 131.0539681522026 113.14849868631225
131.0539681522026 113.14849868631225 141.72202317969695 115.58341263077287
141.72202317969695 115.58341263077287 146.46975431612776 125.44217792074413
178.51378505614792 126.67051405632232 174.5532784495807 136.23202281976515
174.5532784495807 136.23202281976515 164.99176968613784 140.19252942633238
164.99176968613784 140.19252942633238 155.430260922695 136.23202281976515
155.430260922695 136.23202281976515 151.46975431612776 126.67051405632232
151.46975431612776 126.67051405632232 155.430260922695 117.10900529287947
155.430260922695 117.10900529287947 164.99176968613784 113.14849868631225
164.99176968613784 113.14849868631225 174.5532784495807 117.10900529287947
174.5532784495807 117.10900529287947 178.51378505614792 126.67051405632232
31.758404855391255 193.60731842097323 19.627773629111488 210.30369992472777
19.627773629111488 210.30369992472777 1.7763568394002505e-15 203.92624967942862
1.7763568394002505e-15 203.92624967942862 0.0 183.28838716251784
0.0 183.28838716251784 19.62777362911148 176.9109369172187
19.62777362911148 176.9109369172187 31.758404855391255 193.60731842097323
66.85965672447543 187.4615628517608 63.76944993401071 194.92198199583817
63.76944993401071 194.92198199583817 56.309030789933345 198.0121887863029
56.309030789933345 198.0121887863029 48.84861164585598 194.92198199583817
48.84861164585598 194.92198199583817 45.75840485539126 187.4615628517608
45.75840485539126 187.4615628517608 48.84861164585598 180.0011437076834
48.84861164585598 180.0011437076834 56.309030789933345 176.9109369172187
56.309030789933345 176.9109369172187 63.76944993401071 180.0011437076834
63.76944993401071 180.0011437076834 66.85965672447543 187.4615628517608
129.4260647071673 201.69414090856463 122.1672323176316 219.21851251037486
122.1672323176316 219.21851251037486 104.64286071582137 226.47734489991058
104.64286071582137 226.47734489991058 87.11848911401114 219.21851251037486
87.11848911401114 219.21851251037486 79.85965672447543 201.69414090856463
79.85965672447543 201.69414090856463 87.11848911401114 184.1697693067544
87.11848911401114 184.1697693067544 104.64286071582137 176.9109369172187
104.64286071582137 176.9109369172187 122.1672323176316 184.1697693067544
122.1672323176316 184.1697693067544 129.4260647071673 201.69414090856463
180.9361561331358 200.29944910689792 140.4260647071673 223.68796129657719
140.4260647071673 223.68796129657719 140.4260647071673 176.9109369172187
140.4260647071673 176.9109369172187 180.9361561331358 200.29944910689792
37.74494026774196 256.26939632403776 1.4210854715202004e-14 278.06144774816494
1.4210854715202004e-14 278.06144774816494 0.0 234.4773448999106
0.0 234.4773448999106 37.74494026774196 256.26939632403776
84.16210811365337 254.14871416388988 69.87002175927489 273.8200834278692
69.87002175927489 273.8200834278692 46.74494026774196 266.3062889742791
46.74494026774196 266.3062889742791 46.74494026774195 241.99113935350067
46.74494026774195 241.99113935350067 69.87002175927489 234.47734489991058
69.87002175927489 234.47734489991058 84.16210811365337 254.14871416388988
120.10719458565089 248.94988813590933 105.63465134965213 263.4224313719081
105.63465134965213 263.4224313719081 91.16210811365337 248.94988813590933
91.16210811365337 248.94988813590933 105.63465134965213 234.47734489991058
105.63465134965213 234.47734489991058 120.10719458565089 248.94988813590933
145.88048726748463 246.47081102172214 125.10719458565092 258.4642771435337
125.10719458565092 258.4642771435337 125.1071945856509 234.47734489991058
125.1071945856509 234.47734489991058 145.88048726748463 246.47081102172214
186.85285990774182 247.9635312200392 182.9028473869214 257.4997050193474
182.9028473869214 257.4997050193474 173.3666735876132 261.4497175401678
173.3666735876132 261.4497175401678 163.83049978830502 257.4997050193474
163.83049978830502 257.4997050193474 159.8804872674846 247.9635312200392
159.8804872674846 247.9635312200392 163.83049978830502 238.427357420731
163.83049978830502 238.427357420731 173.3666735876132 234.47734489991058
173.3666735876132 234.47734489991058 182.9028473869214 238.427357420731
182.9028473869214 238.427357420731 186.85285990774182 247.9635312200392
40.68092595900072 306.40191072766527 20.34046297950036 326.7423737071656
20.34046297950036 326.7423737071656 0.0 306.40191072766527
0.0 306.40191072766527 20.340462979500355 286.06144774816494
20.340462979500355 286.06144774816494 40.68092595900072 306.40191072766527
90.57913809711945 308.51934099710286 51.68092595900073 330.9772342460409
51.68092595900073 330.9772342460409 51.68092595900072 286.0614477481648
51.68092595900072 286.0614477481648 90.57913809711945 308.51934099710286
132.30941716515358 300.9265872821819 117.44427763113652 315.79172681619895
117.44427763113652 315.79172681619895 102.57913809711945 300.9265872821819
102.57913809711945 300.9265872821819 117.44427763113652 286.0614477481649
117.44427763113652 286.0614477481649 132.30941716515358 300.9265872821819
175.98222398309997 300.7665384834268 170.30322294390703 312.5591056524675
170.30322294390703 312.5591056524675 157.5426234393502 315.47162921868875
157.5426234393502 315.47162921868875 147.30941716515355 307.3109195320725
147.30941716515355 307.3109195320725 147.30941716515355 294.22215743478114
147.30941716515355 294.22215743478114 157.5426234393502 286.0614477481649
157.5426234393502 286.0614477481649 170.30322294390703 288.9739713143861
170.30322294390703 288.9739713143861 175.98222398309997 300.7665384834268
47.170996452363795 363.40287487082725 35.378247339272846 383.8285154956136
35.378247339272846 383.8285154956136 11.792749113090952 383.8285154956136
11.792749113090952 383.8285154956136 0.0 363.40287487082725
0.0 363.40287487082725 11.792749113090938 342.9772342460409
11.792749113090938 342.9772342460409 35.378247339272846 342.9772342460409
35.378247339272846 342.9772342460409 47.170996452363795 363.40287487082725
