301
37.368167845554964 19.645608439298062 23.094797825863903 39.291216878596124
23.094797825863903 39.291216878596124 0.0 31.78726218445604
0.0 31.78726218445604 0.0 7.503954694140086
0.0 7.503954694140086 23.094797825863896 0.0
23.094797825863896 0.0 37.368167845554964 19.645608439298062
91.43976401315294 22.089631258585367 82.90890615369884 39.8041401348591
82.90890615369884 39.8041401348591 63.74024254129261 44.179262517170734
63.74024254129261 44.179262517170734 48.36816784555498 31.920442015407396
48.36816784555498 31.920442015407396 48.36816784555497 12.258820501763344
48.36816784555497 12.258820501763344 63.7402425412926 0.0
63.7402425412926 0.0 82.90890615369882 4.375122382311638
82.90890615369882 4.375122382311638 91.43976401315294 22.089631258585367
126.80990278492234 15.802156987638476 99.43976401315294 31.60431397527696
99.43976401315294 31.60431397527696 99.43976401315292 0.0
99.43976401315292 0.0 126.80990278492234 15.802156987638476
160.57174160608673 16.605655385787887 131.80990278492234 33.21131077157578
131.80990278492234 33.21131077157578 131.80990278492234 0.0
131.80990278492234 0.0 160.57174160608673 16.605655385787887
225.2745991696433 21.954981347251977 212.59888477875415 43.90996269450395
212.59888477875415 43.90996269450395 187.24745599697587 43.90996269450396
187.24745599697587 43.90996269450396 174.57174160608673 21.95498134725198
174.57174160608673 21.95498134725198 187.24745599697587 3.552713678800501e-15
187.24745599697587 3.552713678800501e-15 212.59888477875415 0.0
212.59888477875415 0.0 225.2745991696433 21.954981347251977
289.6059026834358 28.88998397211072 278.44879716442915 52.057952306143264
278.44879716442915 52.057952306143264 253.37900862669773 57.77996794422144
253.37900862669773 57.77996794422144 233.2745991696433 41.747236403024786
233.2745991696433 41.747236403024786 233.27459916964327 16.03273154119666
233.27459916964327 16.03273154119666 253.37900862669773 0.0
253.37900862669773 0.0 278.44879716442915 5.722015638078176
278.44879716442915 5.722015638078176 289.6059026834358 28.88998397211072
49.839619169499514 94.6997775289712 42.54077592800384 112.32074387222528
42.54077592800384 112.32074387222528 24.919809584749757 119.61958711372095
24.919809584749757 119.61958711372095 7.298843241495682 112.32074387222528
7.298843241495682 112.32074387222528 0.0 94.6997775289712
0.0 94.6997775289712 7.298843241495678 77.07881118571711
7.298843241495678 77.07881118571711 24.919809584749753 69.77996794422144
24.919809584749753 69.77996794422144 42.540775928003825 77.07881118571711
42.540775928003825 77.07881118571711 49.839619169499514 94.6997775289712
111.7889226079516 90.54262537995545 99.80159674833858 111.30528281568947
99.80159674833858 111.30528281568947 75.82694502911255 111.30528281568947
75.82694502911255 111.30528281568947 63.83961916949952 90.54262537995545
63.83961916949952 90.54262537995545 75.82694502911252 69.77996794422144
75.82694502911252 69.77996794422144 99.80159674833858 69.77996794422144
99.80159674833858 69.77996794422144 111.7889226079516 90.54262537995545
160.15743499826615 89.42575752141913 145.88393337418756 109.07154709861682
145.88393337418756 109.07154709861682 122.7889226079516 101.56752321595573
122.7889226079516 101.56752321595573 122.7889226079516 77.28399182688253
122.7889226079516 77.28399182688253 145.88393337418756 69.77996794422144
145.88393337418756 69.77996794422144 160.15743499826615 89.42575752141913
204.0089053880882 85.60240466201861 197.89839330893005 98.29101373840422
197.89839330893005 98.29101373840422 184.16819729879248 101.42484137981579
184.16819729879248 101.42484137981579 173.15743499826615 92.64405145383644
173.15743499826615 92.64405145383644 173.15743499826613 78.5607578702008
173.15743499826613 78.5607578702008 184.16819729879248 69.77996794422144
184.16819729879248 69.77996794422144 197.89839330893005 72.91379558563301
197.89839330893005 72.91379558563301 204.0089053880882 85.60240466201861
255.5293444431535 88.50978304067047 248.29602359450584 103.52992855116008
248.29602359450584 103.52992855116008 232.04289918045026 107.23959813711951
232.04289918045026 107.23959813711951 219.00890538808818 96.84533493685231
219.00890538808818 96.84533493685231 219.00890538808818 80.17423114448864
219.00890538808818 80.17423114448864 232.04289918045026 69.77996794422143
232.04289918045026 69.77996794422143 248.29602359450584 73.48963753018084
248.29602359450584 73.48963753018084 255.5293444431535 88.50978304067047
34.57065505958935 153.57896411843657 1.4210854715202004e-14 173.53834112315218
1.4210854715202004e-14 173.53834112315218 0.0 133.61958711372097
0.0 133.61958711372097 34.57065505958935 153.57896411843657
71.17350446439725 149.42101181612492 66.54537432147175 160.59430637560337
66.54537432147175 160.59430637560337 55.3720797619933 165.22243651852887
55.3720797619933 165.22243651852887 44.19878520251484 160.59430637560337
44.19878520251484 160.59430637560337 39.57065505958935 149.42101181612492
39.57065505958935 149.42101181612492 44.19878520251484 138.24771725664647
44.19878520251484 138.24771725664647 55.3720797619933 133.61958711372097
55.3720797619933 133.61958711372097 66.54537432147175 138.24771725664647
66.54537432147175 138.24771725664647 71.17350446439725 149.42101181612492
131.68326662857186 157.54548498856977 114.30008430178113 181.47138286341857
114.30008430178113 181.47138286341857 86.17350446439724 172.3325030865852
86.17350446439724 172.3325030865852 86.17350446439724 142.75846689055433
86.17350446439724 142.75846689055433 114.30008430178113 133.61958711372097
114.30008430178113 133.61958711372097 131.68326662857186 157.54548498856977
187.8010656870278 155.22005548281254 179.45911904259316 172.54228617904587
179.45911904259316 172.54228617904587 160.71493507724918 176.8205238519041
160.71493507724918 176.8205238519041 145.68326662857186 164.83316827358072
145.68326662857186 164.83316827358072 145.68326662857186 145.60694269204438
145.68326662857186 145.60694269204438 160.71493507724918 133.61958711372097
160.71493507724918 133.61958711372097 179.45911904259316 137.8978247865792
179.45911904259316 137.8978247865792 187.8010656870278 155.22005548281254
244.83208826544336 157.22698515990123 235.71507971034376 176.1586484972986
235.71507971034376 176.1586484972986 215.2293474401173 180.8343832060815
215.2293474401173 180.8343832060815 198.8010656870278 167.73326568293024
198.8010656870278 167.73326568293024 198.8010656870278 146.72070463687223
198.8010656870278 146.72070463687223 215.2293474401173 133.61958711372097
215.2293474401173 133.61958711372097 235.71507971034376 138.29532182250387
235.71507971034376 138.29532182250387 244.83208826544336 157.22698515990123
52.36720187080006 218.00245014152142 32.364710651881516 245.5335174196243
32.364710651881516 245.5335174196243 0.0 235.01758546594905
0.0 235.01758546594905 0.0 200.9873148170938
0.0 200.9873148170938 32.36471065188151 190.47138286341854
32.36471065188151 190.47138286341854 52.36720187080006 218.00245014152142
87.35072596443608 204.89562722418478 62.36720187080007 219.31987158495104
62.36720187080007 219.31987158495104 62.367201870800066 190.47138286341854
62.367201870800066 190.47138286341854 87.35072596443608 204.89562722418478
155.29140008051814 218.82967345492213 134.6878959442565 247.18796404642572
134.6878959442565 247.18796404642572 101.35072596443608 236.3560609033177
101.35072596443608 236.3560609033177 101.35072596443608 201.30328600652655
101.35072596443608 201.30328600652655 134.68789594425647 190.47138286341854
134.68789594425647 190.47138286341854 155.29140008051814 218.82967345492213
217.84308204643597 215.88438076139875 208.02876372158772 236.2640227557181
208.02876372158772 236.2640227557181 185.97619062126313 241.29737865937895
185.97619062126313 241.29737865937895 168.29140008051814 227.19422881517556
168.29140008051814 227.19422881517556 168.29140008051814 204.57453270762193
168.29140008051814 204.57453270762193 185.97619062126313 190.47138286341854
185.97619062126313 190.47138286341854 208.02876372158772 195.50473876707937
208.02876372158772 195.50473876707937 217.84308204643597 215.88438076139875
254.07489547410486 204.46162686883596 229.84308204643597 218.4518708742534
229.84308204643597 218.4518708742534 229.84308204643597 190.47138286341854
229.84308204643597 190.47138286341854 254.07489547410486 204.46162686883596
55.8471168376328 286.3704750011795 41.885337628224605 310.5529859559333
41.885337628224605 310.5529859559333 13.961779209408204 310.5529859559333
13.961779209408204 310.5529859559333 0.0 286.3704750011795
0.0 286.3704750011795 13.961779209408187 262.1879640464257
13.961779209408187 262.1879640464257 41.885337628224605 262.1879640464257
41.885337628224605 262.1879640464257 55.8471168376328 286.3704750011795
119.71983248085655 285.94854690726146 106.00165357005062 309.7091297680972
106.00165357005062 309.7091297680972 78.56529574843874 309.7091297680972
78.56529574843874 309.7091297680972 64.8471168376328 285.94854690726146
64.8471168376328 285.94854690726146 78.56529574843873 262.1879640464257
78.56529574843873 262.1879640464257 106.00165357005062 262.1879640464257
106.00165357005062 262.1879640464257 119.71983248085655 285.94854690726146
174.45341027279136 288.334453208643 155.4568739384092 314.48094237086036
155.4568739384092 314.48094237086036 124.71983248085655 304.4938721973741
124.71983248085655 304.4938721973741 124.71983248085655 272.17503421991194
124.71983248085655 272.17503421991194 155.4568739384092 262.1879640464257
155.4568739384092 262.1879640464257 174.45341027279136 288.334453208643
239.7988027980025 288.36066030903123 213.62610653539693 314.5333565716368
213.62610653539693 314.5333565716368 187.45341027279136 288.36066030903123
187.45341027279136 288.36066030903123 213.62610653539693 262.1879640464257
213.62610653539693 262.1879640464257 239.7988027980025 288.36066030903123
285.7162320360044 280.6155004088269 253.79880279800253 299.0430367712281
253.79880279800253 299.0430367712281 253.7988027980025 262.1879640464257
253.7988027980025 262.1879640464257 285.7162320360044 280.6155004088269
40.22033983127661 342.16069697738345 32.25420825759512 358.70253963804356
32.25420825759512 358.70253963804356 14.354473091003069 362.7880373831301
14.354473091003069 362.7880373831301 3.552713678800501e-15 351.34072708162654
3.552713678800501e-15 351.34072708162654 0.0 332.98066687314036
0.0 332.98066687314036 14.354473091003065 321.53335657163683
14.354473091003065 321.53335657163683 32.25420825759511 325.61885431672334
32.25420825759511 325.61885431672334 40.22033983127661 342.16069697738345
89.1950650748905 343.57330676007655 80.68339368997536 361.2479745114453
80.68339368997536 361.2479745114453 61.55784169452543 365.61325694851627
61.55784169452543 365.61325694851627 46.22033983127661 353.38200736064107
46.22033983127661 353.38200736064107 46.220339831276604 333.764606159512
46.220339831276604 333.764606159512 61.55784169452542 321.53335657163683
61.55784169452542 321.53335657163683 80.68339368997535 325.8986390087078
80.68339368997535 325.8986390087078 89.1950650748905 343.57330676007655
144.69557427453088 343.8429594951438 136.07976492880763 361.73387195032603
136.07976492880763 361.73387195032603 116.7202170594492 366.1525624186508
116.7202170594492 366.1525624186508 101.1950650748905 353.7716668526104
101.1950650748905 353.7716668526104 101.1950650748905 333.91425213767724
101.1950650748905 333.91425213767724 116.72021705944918 321.53335657163683
116.72021705944918 321.53335657163683 136.07976492880763 325.9520470399616
136.07976492880763 325.9520470399616 144.69557427453088 343.8429594951438
207.62655599567012 343.5871185767306 194.8938105653853 365.6408805818243
194.8938105653853 365.6408805818243 169.4283197048157 365.6408805818243
169.4283197048157 365.6408805818243 156.69557427453088 343.5871185767306
156.69557427453088 343.5871185767306 169.4283197048157 321.5333565716369
169.4283197048157 321.5333565716369 194.8938105653853 321.53335657163683
194.8938105653853 321.53335657163683 207.62655599567012 343.5871185767306
267.6142884828851 344.02722281524433 261.0259875952357 359.9327881712024
261.0259875952357 359.9327881712024 245.12042223927762 366.5210890588518
245.12042223927762 366.5210890588518 229.21485688331956 359.9327881712024
229.21485688331956 359.9327881712024 222.6265559956701 344.02722281524433
222.6265559956701 344.02722281524433 229.21485688331956 328.12165745928627
229.21485688331956 328.12165745928627 245.12042223927762 321.53335657163683
245.12042223927762 321.53335657163683 261.0259875952357 328.12165745928627
261.0259875952357 328.12165745928627 267.6142884828851 344.02722281524433
32.25093241172557 393.47640762254736 19.93217239932202 410.4317261862428
19.93217239932202 410.4317261862428 1.7763568394002505e-15 403.95537078499325
1.7763568394002505e-15 403.95537078499325 0.0 382.9974444601015
0.0 382.9974444601015 19.932172399322017 376.5210890588519
19.932172399322017 376.5210890588519 32.25093241172557 393.47640762254736
74.74150880976819 392.39278074243975 47.250932411725586 408.2644724260276
47.250932411725586 408.2644724260276 47.25093241172557 376.5210890588519
47.25093241172557 376.5210890588519 74.74150880976819 392.39278074243975
134.8114218031349 399.93404817518683 121.29394355479322 423.3470072915218
121.29394355479322 423.3470072915218 94.25898705810987 423.3470072915218
94.25898705810987 423.3470072915218 80.74150880976819 399.93404817518683
80.74150880976819 399.93404817518683 94.25898705810985 376.5210890588519
94.25898705810985 376.5210890588519 121.29394355479322 376.5210890588519
121.29394355479322 376.5210890588519 134.8114218031349 399.93404817518683
198.87647820650764 403.7359506605762 188.36629298561166 425.56057515370503
188.36629298561166 425.56057515370503 164.75012116296566 430.9508122623005
164.75012116296566 430.9508122623005 145.8114218031349 415.84770350279126
145.8114218031349 415.84770350279126 145.8114218031349 391.6241978183611
145.8114218031349 391.6241978183611 164.75012116296566 376.5210890588519
164.75012116296566 376.5210890588519 188.36629298561166 381.9113261674473
188.36629298561166 381.9113261674473 198.87647820650764 403.7359506605762
252.70664774173855 399.0382417208599 236.3469787232006 421.5553943828679
236.3469787232006 421.5553943828679 209.8764782065076 412.954607395851
209.8764782065076 412.954607395851 209.8764782065076 385.1218760458688
209.8764782065076 385.1218760458688 236.3469787232006 376.5210890588519
236.3469787232006 376.5210890588519 252.70664774173855 399.0382417208599
33.720238072100564 454.6785905248679 20.840253237296373 472.40636878743527
20.840253237296373 472.40636878743527 1.7763568394002505e-15 465.6349600361561
1.7763568394002505e-15 465.6349600361561 0.0 443.7222210135797
0.0 443.7222210135797 20.840253237296373 436.95081226230053
20.840253237296373 436.95081226230053 33.720238072100564 454.6785905248679
78.59584414067554 456.388615296588 72.90264344330119 470.13321763350115
72.90264344330119 470.13321763350115 59.158041106388055 475.82641833087547
59.158041106388055 475.82641833087547 45.41343876947492 470.13321763350115
45.41343876947492 470.13321763350115 39.72023807210057 456.388615296588
39.72023807210057 456.388615296588 45.41343876947492 442.64401295967485
45.41343876947492 442.64401295967485 59.15804110638805 436.95081226230053
59.15804110638805 436.95081226230053 72.90264344330119 442.64401295967485
72.90264344330119 442.64401295967485 78.59584414067554 456.388615296588
121.5235081517324 454.86375924773 114.6056559346546 469.2288273948174
114.6056559346546 469.2288273948174 99.06138310134916 472.7767062331595
99.06138310134916 472.7767062331595 86.59584414067554 462.8357706339454
86.59584414067554 462.8357706339454 86.59584414067554 446.8917478615146
86.59584414067554 446.8917478615146 99.06138310134916 436.95081226230053
99.06138310134916 436.95081226230053 114.6056559346546 440.4986911006426
114.6056559346546 440.4986911006426 121.5235081517324 454.86375924773
179.92598261420474 462.1520494935367 154.72474538296856 487.3532867247729
154.72474538296856 487.3532867247729 129.5235081517324 462.1520494935367
129.5235081517324 462.1520494935367 154.72474538296856 436.95081226230053
154.72474538296856 436.95081226230053 179.92598261420474 462.1520494935367
249.44432456046047 464.7099832354284 221.6851535873326 492.4691542085563
221.6851535873326 492.4691542085563 193.9259826142047 464.7099832354284
193.9259826142047 464.7099832354284 221.6851535873326 436.95081226230053
221.6851535873326 436.95081226230053 249.44432456046047 464.7099832354284
147.05685036414891 16.605655385787887 138.56734840589124 21.507071626673813
138.56734840589124 21.507071626673813 138.56734840589124 11.704239144901965
138.56734840589124 11.704239144901965 147.05685036414891 16.605655385787887
205.15944418544058 21.954981347251977 199.923170387865 27.191255144827537
199.923170387865 27.191255144827537 194.68689659028945 21.954981347251977
194.68689659028945 21.954981347251977 199.923170387865 16.718707549676417
199.923170387865 16.718707549676417 205.15944418544058 21.954981347251977
30.422811069379737 94.6997775289712 22.16830884243477 99.46551661172424
22.16830884243477 99.46551661172424 22.168308842434765 89.93403844621815
22.168308842434765 89.93403844621815 30.422811069379737 94.6997775289712
93.6547495339403 90.54262537995545 89.61907804538089 96.09725065376963
89.61907804538089 96.09725065376963 83.08922440946286 93.9755725939418
83.08922440946286 93.9755725939418 83.08922440946286 87.1096781659691
83.08922440946286 87.1096781659691 89.61907804538089 84.98800010614127
89.61907804538089 84.98800010614127 93.6547495339403 90.54262537995545
147.31055350370212 89.42575752141913 135.5956673369123 96.18935020334106
135.5956673369123 96.18935020334106 135.59566733691227 82.6621648394972
135.59566733691227 82.6621648394972 147.31055350370212 89.42575752141913
194.13455307721296 85.60240466201861 184.6020713042647 91.10598557967549
184.6020713042647 91.10598557967549 184.6020713042647 80.09882374436175
184.6020713042647 80.09882374436175 194.13455307721296 85.60240466201861
241.6900888670091 88.50978304067047 236.31785725274887 93.88201465493071
236.31785725274887 93.88201465493071 230.94562563848862 88.50978304067047
230.94562563848862 88.50978304067047 236.31785725274887 83.13755142641023
236.31785725274887 83.13755142641023 241.6900888670091 88.50978304067047
17.86260177154963 153.57896411843657 8.354026644019871 159.06874252792565
8.354026644019871 159.06874252792565 8.354026644019868 148.0891857089475
8.354026644019868 148.0891857089475 17.86260177154963 153.57896411843657
28.823790245590864 218.00245014152142 23.419324634912616 223.40691575219967
23.419324634912616 223.40691575219967 18.01485902423437 218.00245014152142
18.01485902423437 218.00245014152142 23.419324634912616 212.59798453084318
23.419324634912616 212.59798453084318 28.823790245590864 218.00245014152142
243.5541311418982 204.46162686883596 240.73724216544525 209.3406216953332
240.73724216544525 209.3406216953332 235.10346421253928 209.3406216953332
235.10346421253928 209.3406216953332 232.28657523608632 204.46162686883596
232.28657523608632 204.46162686883596 235.10346421253928 199.58263204233873
235.10346421253928 199.58263204233873 240.73724216544525 199.58263204233873
240.73724216544525 199.58263204233873 243.5541311418982 204.46162686883596
97.78796354307627 285.94854690726146 92.28347465924467 291.45303579109304
92.28347465924467 291.45303579109304 86.77898577541308 285.94854690726146
86.77898577541308 285.94854690726146 92.28347465924467 280.4440580234299
92.28347465924467 280.4440580234299 97.78796354307627 285.94854690726146
128.8814627909674 343.8429594951438 121.81223834297508 350.91218394313614
121.81223834297508 350.91218394313614 114.74301389498277 343.8429594951438
114.74301389498277 343.8429594951438 121.81223834297508 336.7737350471515
121.81223834297508 336.7737350471515 128.8814627909674 343.8429594951438
187.50255108463787 343.5871185767306 182.1610651351005 348.928604526268
182.1610651351005 348.928604526268 176.81957918556313 343.5871185767306
176.81957918556313 343.5871185767306 182.1610651351005 338.2456326271932
182.1610651351005 338.2456326271932 187.50255108463787 343.5871185767306
251.39847697563349 344.02722281524433 241.98139487109967 349.46417770327776
241.98139487109967 349.46417770327776 241.98139487109967 338.5902679272109
241.98139487109967 338.5902679272109 251.39847697563349 344.02722281524433
64.36546678673547 392.39278074243975 60.38996233223763 399.2785564433464
60.38996233223763 399.2785564433464 52.43895342324195 399.2785564433464
52.43895342324195 399.2785564433464 48.4634489687441 392.39278074243975
48.4634489687441 392.39278074243975 52.43895342324194 385.5070050415331
52.43895342324194 385.5070050415331 60.38996233223763 385.5070050415331
60.38996233223763 385.5070050415331 64.36546678673547 392.39278074243975
113.50269606361832 399.93404817518683 104.91334992786815 404.89310947882507
104.91334992786815 404.89310947882507 104.91334992786815 394.9749868715486
104.91334992786815 394.9749868715486 113.50269606361832 399.93404817518683
22.097815051698237 454.6785905248679 11.571315838158878 460.75606767942924
11.571315838158878 460.75606767942924 11.571315838158872 448.60111337030656
11.571315838158872 448.60111337030656 22.097815051698237 454.6785905248679
229.68272515401532 464.7099832354284 225.68393937067395 471.63608338075977
225.68393937067395 471.63608338075977 217.68636780399123 471.63608338075977
217.68636780399123 471.63608338075977 213.68758202064987 464.7099832354284
213.68758202064987 464.7099832354284 217.68636780399123 457.78388309009705
217.68636780399123 457.78388309009705 225.68393937067395 457.78388309009705
225.68393937067395 457.78388309009705 229.68272515401532 464.7099832354284
