244
3.7488880348215647 1.5101361754929776 2.522943494938116 0.09644483662158088
2.522943494938116 0.09644483662158088 0.0 7.199633001169266
0.0 7.199633001169266 6.9208296442402535 8.335458143804289
6.9208296442402535 8.335458143804289 6.833829484453824 5.273069268554524
6.833829484453824 5.273069268554524 7.8240331083514985 5.487972398154488
7.8240331083514985 5.487972398154488 8.611700384665188 3.004731986953205
8.611700384665188 3.004731986953205 6.188549128282439 0.0
6.188549128282439 0.0 3.7488880348215647 1.5101361754929776
11.678227959697043 5.319115110683497 10.626057893774325 5.140669929660894
10.626057893774325 5.140669929660894 12.418630834228921 3.5435260554358745
12.418630834228921 3.5435260554358745 13.896245752877672 0.0
13.896245752877672 0.0 8.611700384665188 6.027815477258145
8.611700384665188 6.027815477258145 15.699067848016838 15.426961834689637
15.699067848016838 15.426961834689637 16.037811724661907 6.058488658095836
16.037811724661907 6.058488658095836 11.816970653711085 5.3426454941744845
11.816970653711085 5.3426454941744845 10.938894252590561 7.092140153764151
10.938894252590561 7.092140153764151 11.678227959697043 5.319115110683497
19.354861370654696 4.3394267703672575 18.178294078801656 5.964665161502481
18.178294078801656 5.964665161502481 19.72575741603601 5.034049879170529
19.72575741603601 5.034049879170529 20.426001424863728 6.345483841300546
20.426001424863728 6.345483841300546 22.7159168322763 3.2092976015600874
22.7159168322763 3.2092976015600874 21.247514091439893 1.7250315851483453
21.247514091439893 1.7250315851483453 20.45980987082895 2.8131182156885224
20.45980987082895 2.8131182156885224 17.037811724661907 0.0
17.037811724661907 0.0 19.354861370654696 4.3394267703672575
25.03296647826909 4.3394267703672575 23.85639918641605 5.964665161502481
23.85639918641605 5.964665161502481 25.403862523650403 5.034049879170529
25.403862523650403 5.034049879170529 26.10410653247812 6.345483841300546
26.10410653247812 6.345483841300546 28.394021939890692 3.2092976015600874
28.394021939890692 3.2092976015600874 26.925619199054285 1.7250315851483453
26.925619199054285 1.7250315851483453 26.13791497844334 2.8131182156885224
26.13791497844334 2.8131182156885224 22.7159168322763 0.0
22.7159168322763 0.0 25.03296647826909 4.3394267703672575
33.14290997471226 1.5101361754929776 31.91696543482881 0.09644483662158088
31.91696543482881 0.09644483662158088 29.394021939890692 7.199633001169266
29.394021939890692 7.199633001169266 36.31485158413095 8.335458143804289
36.31485158413095 8.335458143804289 36.227851424344514 5.273069268554524
36.227851424344514 5.273069268554524 37.21805504824219 5.487972398154488
37.21805504824219 5.487972398154488 38.005722324555876 3.004731986953205
38.005722324555876 3.004731986953205 35.58257106817313 0.0
35.58257106817313 0.0 33.14290997471226 1.5101361754929776
42.58848440864329 0.0 41.53940879539172 0.6280187988098902
41.53940879539172 0.6280187988098902 38.005722324555876 4.023162781259259
38.005722324555876 4.023162781259259 42.58848440864329 0.0
3.0665275750318566 20.746076945373133 2.014357509109137 20.56763176435053
2.014357509109137 20.56763176435053 3.806930449563734 18.97048789012551
3.806930449563734 18.97048789012551 5.284545368212484 15.426961834689637
5.284545368212484 15.426961834689637 0.0 21.454777311947783
0.0 21.454777311947783 7.08736746335165 30.853923669379274
7.08736746335165 30.853923669379274 7.426111339996718 21.485450492785475
7.426111339996718 21.485450492785475 3.2052702690458967 20.769607328864122
3.2052702690458967 20.769607328864122 2.3271938679253736 22.519101988453787
2.3271938679253736 22.519101988453787 3.0665275750318566 20.746076945373133
8.233717905044939 22.711996465730632 7.426111339996718 15.426961834689639
7.426111339996718 15.426961834689639 7.604796806178093 25.053700806324315
7.604796806178093 25.053700806324315 8.233717905044939 22.711996465730632
12.300245480076796 20.746076945373133 11.248075414154076 20.56763176435053
11.248075414154076 20.56763176435053 13.040648354608674 18.97048789012551
13.040648354608674 18.97048789012551 14.518263273257423 15.426961834689637
14.518263273257423 15.426961834689637 9.233717905044939 21.454777311947783
9.233717905044939 21.454777311947783 16.321085368396588 30.853923669379274
16.321085368396588 30.853923669379274 16.659829245041657 21.485450492785475
16.659829245041657 21.485450492785475 12.438988174090836 20.769607328864122
12.438988174090836 20.769607328864122 11.560911772970313 22.519101988453787
11.560911772970313 22.519101988453787 12.300245480076796 20.746076945373133
20.40871727986322 16.937098010182616 19.182772739979775 15.523406671311218
19.182772739979775 15.523406671311218 16.659829245041657 22.626594835858903
16.659829245041657 22.626594835858903 23.58065888928191 23.762419978493924
23.58065888928191 23.762419978493924 23.493658729495483 20.70003110324416
23.493658729495483 20.70003110324416 24.483862353393157 20.914934232844125
24.483862353393157 20.914934232844125 25.271529629706844 18.431693821642842
25.271529629706844 18.431693821642842 22.848378373324095 15.426961834689637
22.848378373324095 15.426961834689637 20.40871727986322 16.937098010182616
30.729312303941953 19.873583396503825 32.42801009613958 20.095690383671876
32.42801009613958 20.095690383671876 33.452689463011694 18.356873101326027
33.452689463011694 18.356873101326027 32.84455264690635 20.038792621277295
32.84455264690635 20.038792621277295 33.68504258652608 18.227470395065776
33.68504258652608 18.227470395065776 35.12531534488643 17.425349942085457
35.12531534488643 17.425349942085457 34.27629620395401 16.953272135108357
34.27629620395401 16.953272135108357 36.610157899238004 16.59840756232621
36.610157899238004 16.59840756232621 34.50598221984361 16.45828062358707
34.50598221984361 16.45828062358707 34.70157592290864 15.426961834689639
34.70157592290864 15.426961834689639 32.44784881944521 16.936623336011987
32.44784881944521 16.936623336011987 25.271529629706844 18.636692399379427
25.271529629706844 18.636692399379427 31.284663698916297 22.443532659995174
31.284663698916297 22.443532659995174 32.39529588151389 20.16286846401694
32.39529588151389 20.16286846401694 30.08638947156751 20.23164165355415
30.08638947156751 20.23164165355415 30.729312303941953 19.873583396503825
5.4577826742351085 36.30054523119345 7.156480466432736 36.52265221836151
7.156480466432736 36.52265221836151 8.181159833304852 34.78383493601566
8.181159833304852 34.78383493601566 7.573023017199505 36.46575445596693
7.573023017199505 36.46575445596693 8.413512956819233 34.65443222975541
8.413512956819233 34.65443222975541 9.85378571517959 33.85231177677509
9.85378571517959 33.85231177677509 9.004766574247164 33.380233969797985
9.004766574247164 33.380233969797985 11.338628269531158 33.02536939701584
11.338628269531158 33.02536939701584 9.234452590136765 32.8852424582767
9.234452590136765 32.8852424582767 9.430046293201796 31.85392366937927
9.430046293201796 31.85392366937927 7.176319189738372 33.36358517070162
7.176319189738372 33.36358517070162 0.0 35.06365423406906
0.0 35.06365423406906 6.013134069209452 38.870494494684806
6.013134069209452 38.870494494684806 7.123766251807046 36.58983029870657
7.123766251807046 36.58983029870657 4.814859841860667 36.658603488243784
4.814859841860667 36.658603488243784 5.4577826742351085 36.30054523119345
16.92139035361857 31.85392366937927 15.872314740367003 32.48194246818916
15.872314740367003 32.48194246818916 12.338628269531156 35.87708645063853
12.338628269531156 35.87708645063853 16.92139035361857 31.85392366937927
17.72899691866679 39.13895830042026 16.92139035361857 31.853923669379267
16.92139035361857 31.853923669379267 17.100075819799944 41.48066264101394
17.100075819799944 41.48066264101394 17.72899691866679 39.13895830042026
23.422160420711478 35.76825432583804 23.674518844887455 36.5763980972421
23.674518844887455 36.5763980972421 18.728996918666788 35.62166710947112
18.728996918666788 35.62166710947112 20.758030598917454 40.36398493245831
20.758030598917454 40.36398493245831 24.133461313311845 37.52710539721741
24.133461313311845 37.52710539721741 24.537132381167822 38.36331703027253
24.537132381167822 38.36331703027253 28.965069677508957 36.276050467550036
28.965069677508957 36.276050467550036 26.98430567466637 36.486193212473175
26.98430567466637 36.486193212473175 25.51200012163938 34.54646101270629
25.51200012163938 34.54646101270629 33.14711990287894 35.73217846131731
33.14711990287894 35.73217846131731 25.439777430611016 34.451309106871584
25.439777430611016 34.451309106871584 24.66346752573881 33.428536818617516
24.66346752573881 33.428536818617516 31.999923114314672 35.22271534830288
31.999923114314672 35.22271534830288 24.41415900955657 31.85392366937927
24.41415900955657 31.85392366937927 21.08330478439721 34.61611212563925
21.08330478439721 34.61611212563925 23.422160420711478 35.76825432583804
33.95472646792717 39.13895830042026 33.14711990287895 31.853923669379267
33.14711990287895 31.853923669379267 33.325805369060326 41.48066264101394
33.325805369060326 41.48066264101394 33.95472646792717 39.13895830042026
37.27177611391997 36.193350439746524 36.09520882206693 37.81858883088175
36.09520882206693 37.81858883088175 37.642672159301284 36.887973548549795
37.642672159301284 36.887973548549795 38.342916168128994 38.19940751067981
38.342916168128994 38.19940751067981 40.63283157554157 35.06322127093935
40.63283157554157 35.06322127093935 39.16442883470516 33.578955254527614
39.16442883470516 33.578955254527614 38.37672461409422 34.66704188506779
38.37672461409422 34.66704188506779 34.95472646792717 31.853923669379267
34.95472646792717 31.853923669379267 37.27177611391997 36.193350439746524
3.0665275750318566 47.79977775169745 2.014357509109137 47.621332570674845
2.014357509109137 47.621332570674845 3.806930449563734 46.024188696449826
3.806930449563734 46.024188696449826 5.284545368212484 42.48066264101395
5.284545368212484 42.48066264101395 0.0 48.5084781182721
0.0 48.5084781182721 7.08736746335165 57.90762447570359
7.08736746335165 57.90762447570359 7.426111339996718 48.53915129910979
7.426111339996718 48.53915129910979 3.2052702690458967 47.82330813518844
3.2052702690458967 47.82330813518844 2.3271938679253736 49.572802794778106
2.3271938679253736 49.572802794778106 3.0665275750318566 47.79977775169745
12.119274842041404 46.39499329747272 12.371633266217383 47.20313706887678
12.371633266217383 47.20313706887678 7.426111339996716 46.2484060811058
7.426111339996716 46.2484060811058 9.455145020247382 50.99072390409299
9.455145020247382 50.99072390409299 12.830575734641773 48.15384436885209
12.830575734641773 48.15384436885209 13.23424680249775 48.99005600190721
13.23424680249775 48.99005600190721 17.662184098838885 46.902789439184716
17.662184098838885 46.902789439184716 15.681420095996298 47.112932184107855
15.681420095996298 47.112932184107855 14.209114542969308 45.17319998434097
14.209114542969308 45.17319998434097 21.844234324208873 46.35891743295199
21.844234324208873 46.35891743295199 14.136891851940945 45.078048078506264
14.136891851940945 45.078048078506264 13.360581947068738 44.055275790252196
13.360581947068738 44.055275790252196 20.6970375356446 45.84945431993756
20.6970375356446 45.84945431993756 13.111273430886497 42.48066264101395
13.111273430886497 42.48066264101395 9.780419205727139 45.24285109727393
9.780419205727139 45.24285109727393 12.119274842041404 46.39499329747272
26.537397826253567 46.39499329747272 26.789756250429544 47.20313706887678
26.789756250429544 47.20313706887678 21.844234324208877 46.2484060811058
21.844234324208877 46.2484060811058 23.873268004459543 50.99072390409299
23.873268004459543 50.99072390409299 27.248698718853934 48.15384436885209
27.248698718853934 48.15384436885209 27.65236978670991 48.99005600190721
27.65236978670991 48.99005600190721 32.080307083051046 46.902789439184716
32.080307083051046 46.902789439184716 30.09954308020846 47.112932184107855
30.09954308020846 47.112932184107855 28.62723752718147 45.17319998434097
28.62723752718147 45.17319998434097 36.26235730842103 46.35891743295199
36.26235730842103 46.35891743295199 28.555014836153106 45.078048078506264
28.555014836153106 45.078048078506264 27.7787049312809 44.055275790252196
27.7787049312809 44.055275790252196 35.11516051985676 45.84945431993756
35.11516051985676 45.84945431993756 27.52939641509866 42.48066264101395
27.52939641509866 42.48066264101395 24.1985421899393 45.24285109727393
24.1985421899393 45.24285109727393 26.537397826253567 46.39499329747272
38.06996387346925 49.76569727205494 37.26235730842103 42.48066264101395
37.26235730842103 42.48066264101395 37.4410427746024 52.10740161264862
37.4410427746024 52.10740161264862 38.06996387346925 49.76569727205494
41.387013519462045 46.820089411381204 40.210446227609005 48.44532780251643
40.210446227609005 48.44532780251643 41.75790956484336 47.514712520184474
41.75790956484336 47.514712520184474 42.45815357367107 48.82614648231449
42.45815357367107 48.82614648231449 44.74806898108365 45.68996024257403
44.74806898108365 45.68996024257403 43.27966624024724 44.205694226162294
43.27966624024724 44.205694226162294 42.4919620196363 45.29378085670247
42.4919620196363 45.29378085670247 39.06996387346925 42.48066264101395
39.06996387346925 42.48066264101395 41.387013519462045 46.820089411381204
5.4577826742351085 63.35424603751777 7.156480466432736 63.57635302468582
7.156480466432736 63.57635302468582 8.181159833304852 61.83753574233997
8.181159833304852 61.83753574233997 7.573023017199505 63.519455262291245
7.573023017199505 63.519455262291245 8.413512956819233 61.70813303607972
8.413512956819233 61.70813303607972 9.85378571517959 60.906012583099404
9.85378571517959 60.906012583099404 9.004766574247164 60.4339347761223
9.004766574247164 60.4339347761223 11.338628269531158 60.07907020334015
11.338628269531158 60.07907020334015 9.234452590136765 59.938943264601015
9.234452590136765 59.938943264601015 9.430046293201796 58.907624475703585
9.430046293201796 58.907624475703585 7.176319189738372 60.417285977025934
7.176319189738372 60.417285977025934 0.0 62.11735504039338
0.0 62.11735504039338 6.013134069209452 65.92419530100912
6.013134069209452 65.92419530100912 7.123766251807046 63.64353110503089
7.123766251807046 63.64353110503089 4.814859841860667 63.7123042945681
4.814859841860667 63.7123042945681 5.4577826742351085 63.35424603751777
16.92139035361857 58.90762447570359 15.872314740367003 59.53564327451348
15.872314740367003 59.53564327451348 12.338628269531156 62.93078725696285
12.338628269531156 62.93078725696285 16.92139035361857 58.90762447570359
22.504152437705983 58.90762447570359 21.455076824454416 59.53564327451348
21.455076824454416 59.53564327451348 17.92139035361857 62.93078725696285
17.92139035361857 62.93078725696285 22.504152437705983 58.90762447570359
27.197315939750673 62.82195513216236 27.44967436392665 63.63009890356641
27.44967436392665 63.63009890356641 22.504152437705983 62.675367915795434
22.504152437705983 62.675367915795434 24.53318611795665 67.41768573878262
24.53318611795665 67.41768573878262 27.90861683235104 64.58080620354173
27.90861683235104 64.58080620354173 28.312287900207018 65.41701783659684
28.312287900207018 65.41701783659684 32.74022519654815 63.32975127387435
32.74022519654815 63.32975127387435 30.759461193705565 63.53989401879749
30.759461193705565 63.53989401879749 29.287155640678577 61.6001618190306
29.287155640678577 61.6001618190306 36.92227542191814 62.785879267641626
36.92227542191814 62.785879267641626 29.214932949650212 61.5050099131959
29.214932949650212 61.5050099131959 28.438623044778005 60.48223762494183
28.438623044778005 60.48223762494183 35.77507863335387 62.27641615462719
35.77507863335387 62.27641615462719 28.189314528595766 58.907624475703585
28.189314528595766 58.907624475703585 24.858460303436406 61.66981293196356
24.858460303436406 61.66981293196356 27.197315939750673 62.82195513216236
5.4577826742351085 72.8643073005968 7.156480466432736 73.08641428776485
7.156480466432736 73.08641428776485 8.181159833304852 71.34759700541902
8.181159833304852 71.34759700541902 7.573023017199505 73.02951652537028
7.573023017199505 73.02951652537028 8.413512956819233 71.21819429915877
8.413512956819233 71.21819429915877 9.85378571517959 70.41607384617845
9.85378571517959 70.41607384617845 9.004766574247164 69.94399603920134
9.004766574247164 69.94399603920134 11.338628269531158 69.58913146641919
11.338628269531158 69.58913146641919 9.234452590136765 69.44900452768005
9.234452590136765 69.44900452768005 9.430046293201796 68.41768573878262
9.430046293201796 68.41768573878262 7.176319189738372 69.92734724010498
7.176319189738372 69.92734724010498 0.0 71.62741630347242
0.0 71.62741630347242 6.013134069209452 75.43425656408816
6.013134069209452 75.43425656408816 7.123766251807046 73.15359236810993
7.123766251807046 73.15359236810993 4.814859841860667 73.22236555764714
4.814859841860667 73.22236555764714 5.4577826742351085 72.8643073005968
16.08751630435272 69.9278219142756 14.861571764469273 68.51413057540421
14.861571764469273 68.51413057540421 12.338628269531156 75.61731873995188
12.338628269531156 75.61731873995188 19.25945791377141 76.75314388258691
19.25945791377141 76.75314388258691 19.172457753984983 73.69075500733715
19.172457753984983 73.69075500733715 20.162661377882657 73.9056581369371
20.162661377882657 73.9056581369371 20.950328654196344 71.42241772573583
20.950328654196344 71.42241772573583 18.527177397813595 68.41768573878262
18.527177397813595 68.41768573878262 16.08751630435272 69.9278219142756
