244
3.7488880348215647 1.5101361754929776 2.522943494938116 0.09644483662158088
2.522943494938116 0.09644483662158088 0.0 7.199633001169266
0.0 7.199633001169266 6.9208296442402535 8.335458143804289
6.9208296442402535 8.335458143804289 6.833829484453824 5.273069268554524
6.833829484453824 5.273069268554524 7.8240331083514985 5.487972398154488
7.8240331083514985 5.487972398154488 8.611700384665188 3.004731986953205
8.611700384665188 3.004731986953205 6.188549128282439 0.0
6.188549128282439 0.0 3.7488880348215647 1.5101361754929776
11.678227959697043 5.319115110683497 10.626057893774325 5.140669929660894
10.626057893774325 5.140669929660894 12.418630834228921 3.5435260554358745
12.418630834228921 3.5435260554358745 13.896245752877672 0.0
13.896245752877672 0.0 8.611700384665188 6.027815477258145
8.611700384665188 6.027815477258145 15.699067848016838 15.426961834689637
15.699067848016838 15.426961834689637 16.037811724661907 6.058488658095836
16.037811724661907 6.058488658095836 11.816970653711085 5.3426454941744845
11.816970653711085 5.3426454941744845 10.938894252590561 7.092140153764151
10.938894252590561 7.092140153764151 11.678227959697043 5.319115110683497
18.354861370654696 4.3394267703672575 17.178294078801656 5.964665161502481
17.178294078801656 5.964665161502481 18.72575741603601 5.034049879170529
18.72575741603601 5.034049879170529 19.426001424863728 6.345483841300546
19.426001424863728 6.345483841300546 21.7159168322763 3.2092976015600874
21.7159168322763 3.2092976015600874 20.247514091439893 1.7250315851483453
20.247514091439893 1.7250315851483453 19.45980987082895 2.8131182156885224
19.45980987082895 2.8131182156885224 16.037811724661907 0.0
16.037811724661907 0.0 18.354861370654696 4.3394267703672575
24.03296647826909 4.3394267703672575 22.85639918641605 5.964665161502481
22.85639918641605 5.964665161502481 24.403862523650403 5.034049879170529
24.403862523650403 5.034049879170529 25.10410653247812 6.345483841300546
25.10410653247812 6.345483841300546 27.394021939890692 3.2092976015600874
27.394021939890692 3.2092976015600874 25.925619199054285 1.7250315851483453
25.925619199054285 1.7250315851483453 25.13791497844334 2.8131182156885224
25.13791497844334 2.8131182156885224 21.7159168322763 0.0
21.7159168322763 0.0 24.03296647826909 4.3394267703672575
31.142909974712257 1.5101361754929776 29.91696543482881 0.09644483662158088
29.91696543482881 0.09644483662158088 27.394021939890692 7.199633001169266
27.394021939890692 7.199633001169266 34.31485158413095 8.335458143804289
34.31485158413095 8.335458143804289 34.227851424344514 5.273069268554524
34.227851424344514 5.273069268554524 35.21805504824219 5.487972398154488
35.21805504824219 5.487972398154488 36.005722324555876 3.004731986953205
36.005722324555876 3.004731986953205 33.58257106817313 0.0
33.58257106817313 0.0 31.142909974712257 1.5101361754929776
40.58848440864329 0.0 39.53940879539172 0.6280187988098902
39.53940879539172 0.6280187988098902 36.005722324555876 4.023162781259259
36.005722324555876 4.023162781259259 40.58848440864329 0.0
3.0665275750318566 20.746076945373133 2.014357509109137 20.56763176435053
2.014357509109137 20.56763176435053 3.806930449563734 18.97048789012551
3.806930449563734 18.97048789012551 5.284545368212484 15.426961834689637
5.284545368212484 15.426961834689637 0.0 21.454777311947783
0.0 21.454777311947783 7.08736746335165 30.853923669379274
7.08736746335165 30.853923669379274 7.426111339996718 21.485450492785475
7.426111339996718 21.485450492785475 3.2052702690458967 20.769607328864122
3.2052702690458967 20.769607328864122 2.3271938679253736 22.519101988453787
2.3271938679253736 22.519101988453787 3.0665275750318566 20.746076945373133
8.233717905044939 22.711996465730632 7.426111339996718 15.426961834689639
7.426111339996718 15.426961834689639 7.604796806178093 25.053700806324315
7.604796806178093 25.053700806324315 8.233717905044939 22.711996465730632
11.300245480076796 20.746076945373133 10.248075414154076 20.56763176435053
10.248075414154076 20.56763176435053 12.040648354608674 18.97048789012551
12.040648354608674 18.97048789012551 13.518263273257423 15.426961834689637
13.518263273257423 15.426961834689637 8.233717905044939 21.454777311947783
8.233717905044939 21.454777311947783 15.321085368396588 30.853923669379274
15.321085368396588 30.853923669379274 15.659829245041657 21.485450492785475
15.659829245041657 21.485450492785475 11.438988174090836 20.769607328864122
11.438988174090836 20.769607328864122 10.560911772970313 22.519101988453787
10.560911772970313 22.519101988453787 11.300245480076796 20.746076945373133
19.40871727986322 16.937098010182616 18.182772739979775 15.523406671311218
18.182772739979775 15.523406671311218 15.659829245041657 22.626594835858903
15.659829245041657 22.626594835858903 22.58065888928191 23.762419978493924
22.58065888928191 23.762419978493924 22.493658729495483 20.70003110324416
22.493658729495483 20.70003110324416 23.483862353393157 20.914934232844125
23.483862353393157 20.914934232844125 24.271529629706844 18.431693821642842
24.271529629706844 18.431693821642842 21.848378373324095 15.426961834689637
21.848378373324095 15.426961834689637 19.40871727986322 16.937098010182616
29.729312303941953 19.873583396503825 31.42801009613958 20.095690383671876
31.42801009613958 20.095690383671876 32.452689463011694 18.356873101326027
32.452689463011694 18.356873101326027 31.84455264690635 20.038792621277295
31.84455264690635 20.038792621277295 32.68504258652608 18.227470395065776
32.68504258652608 18.227470395065776 34.12531534488643 17.425349942085457
34.12531534488643 17.425349942085457 33.27629620395401 16.953272135108357
33.27629620395401 16.953272135108357 35.610157899238004 16.59840756232621
35.610157899238004 16.59840756232621 33.50598221984361 16.45828062358707
33.50598221984361 16.45828062358707 33.70157592290864 15.426961834689639
33.70157592290864 15.426961834689639 31.447848819445216 16.936623336011987
31.447848819445216 16.936623336011987 24.271529629706844 18.636692399379427
24.271529629706844 18.636692399379427 30.284663698916297 22.443532659995174
30.284663698916297 22.443532659995174 31.39529588151389 20.16286846401694
31.39529588151389 20.16286846401694 29.08638947156751 20.23164165355415
29.08638947156751 20.23164165355415 29.729312303941953 19.873583396503825
5.4577826742351085 35.30054523119346 7.156480466432736 35.522652218361515
7.156480466432736 35.522652218361515 8.181159833304852 33.783834936015666
8.181159833304852 33.783834936015666 7.573023017199505 35.46575445596694
7.573023017199505 35.46575445596694 8.413512956819233 33.654432229755415
8.413512956819233 33.654432229755415 9.85378571517959 32.852311776775096
9.85378571517959 32.852311776775096 9.004766574247164 32.380233969798
9.004766574247164 32.380233969798 11.338628269531158 32.025369397015844
11.338628269531158 32.025369397015844 9.234452590136765 31.885242458276707
9.234452590136765 31.885242458276707 9.430046293201796 30.853923669379277
9.430046293201796 30.853923669379277 7.176319189738372 32.363585170701626
7.176319189738372 32.363585170701626 0.0 34.06365423406906
0.0 34.06365423406906 6.013134069209452 37.87049449468481
6.013134069209452 37.87049449468481 7.123766251807046 35.58983029870658
7.123766251807046 35.58983029870658 4.814859841860667 35.65860348824379
4.814859841860667 35.65860348824379 5.4577826742351085 35.30054523119346
15.92139035361857 30.853923669379277 14.872314740367003 31.481942468189168
14.872314740367003 31.481942468189168 11.338628269531156 34.87708645063854
11.338628269531156 34.87708645063854 15.92139035361857 30.853923669379277
16.728996918666795 38.13895830042027 15.921390353618571 30.853923669379274
15.921390353618571 30.853923669379274 16.100075819799947 40.48066264101395
16.100075819799947 40.48066264101395 16.728996918666795 38.13895830042027
21.422160420711485 34.76825432583805 21.674518844887462 35.576398097242105
21.674518844887462 35.576398097242105 16.728996918666795 34.621667109471126
16.728996918666795 34.621667109471126 18.75803059891746 39.36398493245831
18.75803059891746 39.36398493245831 22.13346131331185 36.52710539721741
22.13346131331185 36.52710539721741 22.53713238116783 37.36331703027254
22.53713238116783 37.36331703027254 26.965069677508964 35.27605046755004
26.965069677508964 35.27605046755004 24.984305674666377 35.48619321247318
24.984305674666377 35.48619321247318 23.51200012163939 33.546461012706295
23.51200012163939 33.546461012706295 31.147119902878952 34.73217846131732
31.147119902878952 34.73217846131732 23.439777430611024 33.45130910687159
23.439777430611024 33.45130910687159 22.663467525738817 32.42853681861752
22.663467525738817 32.42853681861752 29.99992311431468 34.222715348302884
29.99992311431468 34.222715348302884 22.414159009556577 30.853923669379277
22.414159009556577 30.853923669379277 19.083304784397217 33.616112125639255
19.083304784397217 33.616112125639255 21.422160420711485 34.76825432583805
31.954726467927173 38.13895830042027 31.147119902878952 30.853923669379274
31.147119902878952 30.853923669379274 31.325805369060326 40.48066264101395
31.325805369060326 40.48066264101395 31.954726467927173 38.13895830042027
34.27177611391996 35.19335043974653 33.09520882206692 36.81858883088176
33.09520882206692 36.81858883088176 34.64267215930128 35.8879735485498
34.64267215930128 35.8879735485498 35.342916168128994 37.19940751067982
35.342916168128994 37.19940751067982 37.632831575541566 34.06322127093936
37.632831575541566 34.06322127093936 36.164428834705156 32.57895525452762
36.164428834705156 32.57895525452762 35.376724614094215 33.667041885067796
35.376724614094215 33.667041885067796 31.954726467927173 30.853923669379274
31.954726467927173 30.853923669379274 34.27177611391996 35.19335043974653
40.69935915057343 36.17303878006277 39.647189084650705 35.994593599040165
39.647189084650705 35.994593599040165 41.4397620251053 34.39744972481515
41.4397620251053 34.39744972481515 42.91737694375405 30.853923669379274
42.91737694375405 30.853923669379274 37.632831575541566 36.88173914663742
37.632831575541566 36.88173914663742 44.72019903889322 46.28088550406891
44.72019903889322 46.28088550406891 45.05894291553829 36.91241232747511
45.05894291553829 36.91241232747511 40.83810184458746 36.19656916355376
40.83810184458746 36.19656916355376 39.96002544346695 37.946063823143426
39.96002544346695 37.946063823143426 40.69935915057343 36.17303878006277
4.693163502044689 50.195216160527686 4.9455219262206676 51.00335993193174
4.9455219262206676 51.00335993193174 0.0 50.04862894416076
0.0 50.04862894416076 2.0290336802506665 54.79094676714794
2.0290336802506665 54.79094676714794 5.404464394645057 51.95406723190705
5.404464394645057 51.95406723190705 5.808135462501035 52.790278864962175
5.808135462501035 52.790278864962175 10.23607275884217 50.70301230223968
10.23607275884217 50.70301230223968 8.255308755999582 50.91315504716282
8.255308755999582 50.91315504716282 6.783003202972592 48.97342284739593
6.783003202972592 48.97342284739593 14.418122984212157 50.15914029600695
14.418122984212157 50.15914029600695 6.710780511944229 48.878270941561226
6.710780511944229 48.878270941561226 5.934470607072022 47.85549865330716
5.934470607072022 47.85549865330716 13.270926195647885 49.64967718299252
13.270926195647885 49.64967718299252 5.685162090889781 46.28088550406891
5.685162090889781 46.28088550406891 2.354307865730423 49.04307396032889
2.354307865730423 49.04307396032889 4.693163502044689 50.195216160527686
19.111286486256844 50.195216160527686 19.363644910432825 51.00335993193174
19.363644910432825 51.00335993193174 14.418122984212157 50.04862894416076
14.418122984212157 50.04862894416076 16.447156664462824 54.79094676714794
16.447156664462824 54.79094676714794 19.822587378857214 51.95406723190705
19.822587378857214 51.95406723190705 20.226258446713192 52.790278864962175
20.226258446713192 52.790278864962175 24.654195743054327 50.70301230223968
24.654195743054327 50.70301230223968 22.67343174021174 50.91315504716282
22.67343174021174 50.91315504716282 21.201126187184748 48.97342284739593
21.201126187184748 48.97342284739593 28.836245968424315 50.15914029600695
28.836245968424315 50.15914029600695 21.128903496156386 48.878270941561226
21.128903496156386 48.878270941561226 20.35259359128418 47.85549865330716
20.35259359128418 47.85549865330716 27.689049179860042 49.64967718299252
27.689049179860042 49.64967718299252 20.103285075101937 46.28088550406891
20.103285075101937 46.28088550406891 16.77243084994258 49.04307396032889
16.77243084994258 49.04307396032889 19.111286486256844 50.195216160527686
29.643852533472536 53.56592013510991 28.836245968424315 46.28088550406892
28.836245968424315 46.28088550406892 29.01493143460569 55.90762447570359
29.01493143460569 55.90762447570359 29.643852533472536 53.56592013510991
31.960902179465325 50.62031227443617 30.78433488761229 52.2455506655714
30.78433488761229 52.2455506655714 32.331798224846644 51.314935383239444
32.331798224846644 51.314935383239444 33.03204223367436 52.62636934536946
33.03204223367436 52.62636934536946 35.32195764108693 49.490183105629
35.32195764108693 49.490183105629 33.85355490025052 48.00591708921726
33.85355490025052 48.00591708921726 33.06585067963958 49.09400371975744
33.06585067963958 49.09400371975744 29.643852533472536 46.28088550406892
29.643852533472536 46.28088550406892 31.960902179465325 50.62031227443617
5.4577826742351085 60.35424603751777 7.156480466432736 60.57635302468582
7.156480466432736 60.57635302468582 8.181159833304852 58.83753574233997
8.181159833304852 58.83753574233997 7.573023017199505 60.519455262291245
7.573023017199505 60.519455262291245 8.413512956819233 58.70813303607972
8.413512956819233 58.70813303607972 9.85378571517959 57.906012583099404
9.85378571517959 57.906012583099404 9.004766574247164 57.4339347761223
9.004766574247164 57.4339347761223 11.338628269531158 57.07907020334015
11.338628269531158 57.07907020334015 9.234452590136765 56.938943264601015
9.234452590136765 56.938943264601015 9.430046293201796 55.907624475703585
9.430046293201796 55.907624475703585 7.176319189738372 57.417285977025934
7.176319189738372 57.417285977025934 0.0 59.11735504039338
0.0 59.11735504039338 6.013134069209452 62.92419530100912
6.013134069209452 62.92419530100912 7.123766251807046 60.64353110503089
7.123766251807046 60.64353110503089 4.814859841860667 60.7123042945681
4.814859841860667 60.7123042945681 5.4577826742351085 60.35424603751777
15.92139035361857 55.90762447570359 14.872314740367003 56.53564327451348
14.872314740367003 56.53564327451348 11.338628269531156 59.93078725696285
11.338628269531156 59.93078725696285 15.92139035361857 55.90762447570359
20.504152437705983 55.90762447570359 19.455076824454416 56.53564327451348
19.455076824454416 56.53564327451348 15.92139035361857 59.93078725696285
15.92139035361857 59.93078725696285 20.504152437705983 55.90762447570359
25.197315939750673 59.82195513216236 25.44967436392665 60.63009890356641
25.44967436392665 60.63009890356641 20.504152437705983 59.675367915795434
20.504152437705983 59.675367915795434 22.53318611795665 64.41768573878262
22.53318611795665 64.41768573878262 25.90861683235104 61.58080620354173
25.90861683235104 61.58080620354173 26.312287900207018 62.41701783659685
26.312287900207018 62.41701783659685 30.740225196548153 60.32975127387435
30.740225196548153 60.32975127387435 28.759461193705565 60.53989401879749
28.759461193705565 60.53989401879749 27.287155640678577 58.6001618190306
27.287155640678577 58.6001618190306 34.92227542191814 59.785879267641626
34.92227542191814 59.785879267641626 27.214932949650212 58.5050099131959
27.214932949650212 58.5050099131959 26.438623044778005 57.48223762494183
26.438623044778005 57.48223762494183 33.77507863335387 59.27641615462719
33.77507863335387 59.27641615462719 26.189314528595766 55.907624475703585
26.189314528595766 55.907624475703585 22.858460303436406 58.66981293196356
22.858460303436406 58.66981293196356 25.197315939750673 59.82195513216236
5.4577826742351085 68.8643073005968 7.156480466432736 69.08641428776485
7.156480466432736 69.08641428776485 8.181159833304852 67.34759700541902
8.181159833304852 67.34759700541902 7.573023017199505 69.02951652537028
7.573023017199505 69.02951652537028 8.413512956819233 67.21819429915877
8.413512956819233 67.21819429915877 9.85378571517959 66.41607384617845
9.85378571517959 66.41607384617845 9.004766574247164 65.94399603920134
9.004766574247164 65.94399603920134 11.338628269531158 65.58913146641919
11.338628269531158 65.58913146641919 9.234452590136765 65.44900452768005
9.234452590136765 65.44900452768005 9.430046293201796 64.41768573878262
9.430046293201796 64.41768573878262 7.176319189738372 65.92734724010498
7.176319189738372 65.92734724010498 0.0 67.62741630347242
0.0 67.62741630347242 6.013134069209452 71.43425656408816
6.013134069209452 71.43425656408816 7.123766251807046 69.15359236810993
7.123766251807046 69.15359236810993 4.814859841860667 69.22236555764714
4.814859841860667 69.22236555764714 5.4577826742351085 68.8643073005968
15.087516304352722 65.9278219142756 13.861571764469273 64.51413057540421
13.861571764469273 64.51413057540421 11.338628269531156 71.61731873995188
11.338628269531156 71.61731873995188 18.25945791377141 72.75314388258691
18.25945791377141 72.75314388258691 18.172457753984983 69.69075500733715
18.172457753984983 69.69075500733715 19.162661377882657 69.9056581369371
19.162661377882657 69.9056581369371 19.950328654196344 67.42241772573583
19.950328654196344 67.42241772573583 17.527177397813595 64.41768573878262
17.527177397813595 64.41768573878262 15.087516304352722 65.9278219142756
