215
10.551413821188383 9.230303626230281 6.355649114091104 0.0
6.355649114091104 0.0 0.0 6.125473086654727
0.0 6.125473086654727 2.21848282317446 8.933860847779693
2.21848282317446 8.933860847779693 3.4664521738163057 23.91005512431697
3.4664521738163057 23.91005512431697 5.941351600093878 19.36034181956655
5.941351600093878 19.36034181956655 18.918275745268396 22.834433662639867
18.918275745268396 22.834433662639867 19.17685710000118 13.991945066934234
19.17685710000118 13.991945066934234 10.551413821188383 9.230303626230281
19.17685710000118 15.353678991650355 21.61905991806085 20.06133369767153
21.61905991806085 20.06133369767153 35.5548450859637 10.735971926348586
35.5548450859637 10.735971926348586 34.96631715231117 0.0
34.96631715231117 0.0 27.360999930779457 9.435585072476156
27.360999930779457 9.435585072476156 19.17685710000118 15.353678991650355
37.00871972112684 5.679600378231434 38.55551870702777 7.689746853421867e-15
38.55551870702777 7.689746853421867e-15 38.55551870702777 5.559657347362196e-15
38.55551870702777 5.559657347362196e-15 38.55551870702777 0.0
38.55551870702777 0.0 38.555518707027765 4.262265649319202e-16
38.555518707027765 4.262265649319202e-16 38.555518707027765 4.3547441852678535e-16
38.555518707027765 4.3547441852678535e-16 35.5548450859637 0.1915545655648323
35.5548450859637 0.1915545655648323 37.00871972112684 5.679600378231434
38.555518707027765 0.0 38.555518707027765 4.3547441852678535e-16
38.555518707027765 4.3547441852678535e-16 38.55551870702777 7.689746853421867e-15
38.55551870702777 7.689746853421867e-15 44.40508988040302 8.9762747927469
44.40508988040302 8.9762747927469 49.72774767083392 16.73836083061589
49.72774767083392 16.73836083061589 49.62414518592235 11.005997975419586
49.62414518592235 11.005997975419586 38.55551870702777 5.559657347362196e-15
38.55551870702777 5.559657347362196e-15 38.555518707027765 4.262265649319202e-16
38.555518707027765 4.262265649319202e-16 38.555518707027765 0.0
51.18382144775618 6.24386506638538 55.265657453176075 6.484097040376003
55.265657453176075 6.484097040376003 58.00106509847748 2.649070211043835
58.00106509847748 2.649070211043835 53.53039328654678 0.0
53.53039328654678 0.0 50.62650760185264 1.8850809011162646
50.62650760185264 1.8850809011162646 49.72774767083392 4.342600500211832
49.72774767083392 4.342600500211832 50.91429621114382 5.008637576430431
50.91429621114382 5.008637576430431 51.18382144775618 6.24386506638538
59.45713887539974 6.24386506638538 63.53897488081964 6.484097040376003
63.53897488081964 6.484097040376003 66.27438252612104 2.649070211043835
66.27438252612104 2.649070211043835 61.803710714190345 0.0
61.803710714190345 0.0 58.8998250294962 1.8850809011162646
58.8998250294962 1.8850809011162646 58.00106509847748 4.342600500211832
58.00106509847748 4.342600500211832 59.18761363878738 5.008637576430431
59.18761363878738 5.008637576430431 59.45713887539974 6.24386506638538
74.90939863569218 7.614503982123249 72.22014189924684 0.0
72.22014189924684 0.0 66.27438252612104 7.337507752638945
66.27438252612104 7.337507752638945 74.90939863569218 7.614503982123249
18.5148722696277 28.527579914702564 12.717333845739189 23.910055124316973
12.717333845739189 23.910055124316973 0.0 25.919613944809903
0.0 25.919613944809903 18.5148722696277 28.527579914702564
18.514872269627695 39.263734115967324 20.957075087687365 43.9713888219885
20.957075087687365 43.9713888219885 34.892860255590215 34.64602705066556
34.892860255590215 34.64602705066556 34.304332321937686 23.910055124316973
34.304332321937686 23.910055124316973 26.699015100405973 33.34564019679313
26.699015100405973 33.34564019679313 18.514872269627695 39.263734115967324
34.89286025559022 23.91005512431697 40.742431428965475 32.88632991706387
40.742431428965475 32.88632991706387 46.065089219396384 40.64841595493286
46.065089219396384 40.64841595493286 45.96148673448481 34.91605309973656
45.96148673448481 34.91605309973656 34.89286025559022 23.91005512431697
64.57996148902409 28.527579914702564 58.782423065135575 23.910055124316973
58.782423065135575 23.910055124316973 46.065089219396384 25.919613944809903
46.065089219396384 25.919613944809903 64.57996148902409 28.527579914702564
66.03383612418723 29.589655502548403 67.58063511008815 23.91005512431697
67.58063511008815 23.91005512431697 64.57996148902409 24.101609689881805
64.57996148902409 24.101609689881805 66.03383612418723 29.589655502548403
10.551413821188383 53.20169244821878 6.355649114091104 43.9713888219885
6.355649114091104 43.9713888219885 0.0 50.09686190864323
0.0 50.09686190864323 2.21848282317446 52.90524966976819
2.21848282317446 52.90524966976819 3.4664521738163057 67.88144394630547
3.4664521738163057 67.88144394630547 5.941351600093878 63.33173064155505
5.941351600093878 63.33173064155505 18.918275745268396 66.80582248462837
18.918275745268396 66.80582248462837 19.17685710000118 57.96333388892273
19.17685710000118 57.96333388892273 10.551413821188383 53.20169244821878
29.728270921189562 53.20169244821878 25.532506214092283 43.9713888219885
25.532506214092283 43.9713888219885 19.17685710000118 50.09686190864323
19.17685710000118 50.09686190864323 21.39533992317564 52.90524966976819
21.39533992317564 52.90524966976819 22.643309273817486 67.88144394630547
22.643309273817486 67.88144394630547 25.118208700095057 63.33173064155505
25.118208700095057 63.33173064155505 38.095132845269575 66.80582248462837
38.095132845269575 66.80582248462837 38.35371420000236 57.96333388892273
38.35371420000236 57.96333388892273 29.728270921189562 53.20169244821878
38.96591618042893 48.406939964549245 40.24181541284949 49.982211592111085
40.24181541284949 49.982211592111085 40.51936160972415 49.4884775060665
40.51936160972415 49.4884775060665 45.458646269061255 52.92729916440887
45.458646269061255 52.92729916440887 43.78784536609413 49.65761620273786
43.78784536609413 49.65761620273786 45.424393864850245 47.0032765230972
45.424393864850245 47.0032765230972 41.813927357494876 47.185541117466514
41.813927357494876 47.185541117466514 42.91147032696159 45.23309362934971
42.91147032696159 45.23309362934971 40.411455301919226 46.47762165757153
40.411455301919226 46.47762165757153 40.90630759584176 45.75949744288508
40.90630759584176 45.75949744288508 39.427520392668605 46.14771492323038
39.427520392668605 46.14771492323038 39.265279393982034 43.9713888219885
39.265279393982034 43.9713888219885 38.35371420000236 46.79304323415179
38.35371420000236 46.79304323415179 38.96591618042893 48.406939964549245
63.973518538688964 48.58891361237409 58.17598011480045 43.9713888219885
58.17598011480045 43.9713888219885 45.45864626906126 45.98094764248143
45.45864626906126 45.98094764248143 63.973518538688964 48.58891361237409
3.936003957036439 73.39674565538955 0.0 70.97271017954012
0.0 70.97271017954012 0.01174073070342807 73.61923600024258
0.01174073070342807 73.61923600024258 6.180957584152136 75.65475804874828
6.180957584152136 75.65475804874828 10.5616747847555 78.32040091957262
10.5616747847555 78.32040091957262 9.791154644599516 79.64066677720045
9.791154644599516 79.64066677720045 13.51292354466611 79.95430031978776
13.51292354466611 79.95430031978776 16.283270697425408 83.03065163804487
16.283270697425408 83.03065163804487 17.705958258738228 82.29363500447475
17.705958258738228 82.29363500447475 19.242993303877174 83.0594822189895
19.242993303877174 83.0594822189895 18.73212243587853 81.76203545451573
18.73212243587853 81.76203545451573 21.75940570522012 80.19376552322144
21.75940570522012 80.19376552322144 18.230372007351754 80.48775165631112
18.230372007351754 80.48775165631112 15.313892235888488 73.08083636681317
15.313892235888488 73.08083636681317 9.382238165350746 76.87073722293192
9.382238165350746 76.87073722293192 8.048024889909126 67.88144394630547
8.048024889909126 67.88144394630547 4.4080890510944455 71.03024831799212
4.4080890510944455 71.03024831799212 3.936003957036439 73.39674565538955
23.213280340383257 73.56104432453691 24.76007932628419 67.88144394630547
24.76007932628419 67.88144394630547 21.75940570522012 68.0729985118703
21.75940570522012 68.0729985118703 23.213280340383257 73.56104432453691
28.696083283320633 73.39674565538955 24.760079326284192 70.97271017954012
24.760079326284192 70.97271017954012 24.77182005698762 73.61923600024258
24.77182005698762 73.61923600024258 30.941036910436328 75.65475804874828
30.941036910436328 75.65475804874828 35.321754111039695 78.32040091957262
35.321754111039695 78.32040091957262 34.55123397088371 79.64066677720045
34.55123397088371 79.64066677720045 38.2730028709503 79.95430031978776
38.2730028709503 79.95430031978776 41.0433500237096 83.03065163804487
41.0433500237096 83.03065163804487 42.46603758502242 82.29363500447475
42.46603758502242 82.29363500447475 44.00307263016137 83.0594822189895
44.00307263016137 83.0594822189895 43.49220176216272 81.76203545451573
43.49220176216272 81.76203545451573 46.51948503150432 80.19376552322144
46.51948503150432 80.19376552322144 42.990451333635946 80.48775165631112
42.990451333635946 80.48775165631112 40.07397156217268 73.08083636681317
40.07397156217268 73.08083636681317 34.14231749163494 76.87073722293192
34.14231749163494 76.87073722293192 32.808104216193314 67.88144394630547
32.808104216193314 67.88144394630547 29.168168377378638 71.03024831799212
29.168168377378638 71.03024831799212 28.696083283320633 73.39674565538955
46.51948503150432 83.23512293795582 48.96168784956399 87.942777643977
48.96168784956399 87.942777643977 62.89747301746684 78.61741587265406
62.89747301746684 78.61741587265406 62.30894508381431 67.88144394630547
62.30894508381431 67.88144394630547 54.703627862282595 77.31702901878162
54.703627862282595 77.31702901878162 46.51948503150432 83.23512293795582
71.53248912703798 75.49594792842872 68.84323239059263 67.88144394630547
68.84323239059263 67.88144394630547 62.89747301746684 75.21895169894442
62.89747301746684 75.21895169894442 71.53248912703798 75.49594792842872
0.0 87.942777643977 5.849571173375253 96.91905243672389
5.849571173375253 96.91905243672389 11.172228963806159 104.68113847459288
11.172228963806159 104.68113847459288 11.068626478894586 98.94877561939659
11.068626478894586 98.94877561939659 0.0 87.942777643977
32.238951345220876 113.533887990374 28.072989779962835 106.84530987243659
28.072989779962835 106.84530987243659 22.360688345377017 93.3528162568182
22.360688345377017 93.3528162568182 15.571798344352485 87.942777643977
15.571798344352485 87.942777643977 11.172228963806159 102.6445000820564
11.172228963806159 102.6445000820564 12.30792084266148 102.59133667757311
12.30792084266148 102.59133667757311 32.238951345220876 113.533887990374
36.17495530225732 93.45807935306108 32.238951345220876 91.03404387721164
32.238951345220876 91.03404387721164 32.250692075924306 93.68056969791411
32.250692075924306 93.68056969791411 38.41990892937301 95.7160917464198
38.41990892937301 95.7160917464198 42.80062612997638 98.38173461724415
42.80062612997638 98.38173461724415 42.03010598982039 99.70200047487198
42.03010598982039 99.70200047487198 45.751874889886984 100.01563401745929
45.751874889886984 100.01563401745929 48.522222042646284 103.0919853357164
48.522222042646284 103.0919853357164 49.944909603959104 102.35496870214628
49.944909603959104 102.35496870214628 51.481944649098054 103.12081591666103
51.481944649098054 103.12081591666103 50.971073781099406 101.82336915218725
50.971073781099406 101.82336915218725 53.998357050441 100.25509922089297
53.998357050441 100.25509922089297 50.46932335257263 100.54908535398265
50.46932335257263 100.54908535398265 47.552843581109364 93.1421700644847
47.552843581109364 93.1421700644847 41.621189510571625 96.93207092060345
41.621189510571625 96.93207092060345 40.28697623513 87.942777643977
40.28697623513 87.942777643977 36.64704039631532 91.09158201566365
36.64704039631532 91.09158201566365 36.17495530225732 93.45807935306108
54.61055903086757 92.37832878653774 55.886458263288134 93.95360041409957
55.886458263288134 93.95360041409957 56.16400446016279 93.459866328055
56.16400446016279 93.459866328055 61.1032891194999 96.89868798639736
61.1032891194999 96.89868798639736 59.432488216532775 93.62900502472635
59.432488216532775 93.62900502472635 61.06903671528889 90.97466534508568
61.06903671528889 90.97466534508568 57.45857020793352 91.156929939455
57.45857020793352 91.156929939455 58.556113177400235 89.20448245133821
58.556113177400235 89.20448245133821 56.05609815235787 90.44901047956002
56.05609815235787 90.44901047956002 56.5509504462804 89.73088626487358
56.5509504462804 89.73088626487358 55.07216324310725 90.11910374521888
55.07216324310725 90.11910374521888 54.90992224442068 87.942777643977
54.90992224442068 87.942777643977 53.998357050441 90.76443205614028
53.998357050441 90.76443205614028 54.61055903086757 92.37832878653774
21.066722381414717 139.12499833677097 16.900760816156676 132.43642021883358
16.900760816156676 132.43642021883358 11.188459381570858 118.94392660321519
11.188459381570858 118.94392660321519 4.3995693805463265 113.53388799037398
4.3995693805463265 113.53388799037398 0.0 128.23561042845338
0.0 128.23561042845338 1.1356918788553205 128.1824470239701
1.1356918788553205 128.1824470239701 21.066722381414717 139.12499833677097
42.133444762829434 139.12499833677097 37.9674831975714 132.43642021883358
37.9674831975714 132.43642021883358 32.25518176298557 118.94392660321519
32.25518176298557 118.94392660321519 25.466291761961045 113.53388799037398
25.466291761961045 113.53388799037398 21.066722381414717 128.23561042845338
21.066722381414717 128.23561042845338 22.20241426027004 128.1824470239701
22.20241426027004 128.1824470239701 42.133444762829434 139.12499833677097
50.76846087240058 121.14839197249724 48.07920413595524 113.53388799037398
48.07920413595524 113.53388799037398 42.13344476282944 120.87139574301294
42.13344476282944 120.87139574301294 50.76846087240058 121.14839197249724
52.22453464932284 119.77775305675938 56.306370654742736 120.01798503075
56.306370654742736 120.01798503075 59.04177830004414 116.18295820141783
59.04177830004414 116.18295820141783 54.57110648811344 113.533887990374
54.57110648811344 113.533887990374 51.6672208034193 115.41896889149027
51.6672208034193 115.41896889149027 50.76846087240058 117.87648849058583
50.76846087240058 117.87648849058583 51.95500941271048 118.54252556680443
51.95500941271048 118.54252556680443 52.22453464932284 119.77775305675938
59.65398028047071 117.96943913293472 60.929879512891276 119.54471076049656
60.929879512891276 119.54471076049656 61.207425709765936 119.05097667445199
61.207425709765936 119.05097667445199 66.14671036910305 122.48979833279435
66.14671036910305 122.48979833279435 64.47590946613592 119.22011537112334
64.47590946613592 119.22011537112334 66.11245796489203 116.56577569148267
66.11245796489203 116.56577569148267 62.50199145753666 116.74804028585199
62.50199145753666 116.74804028585199 63.59953442700338 114.7955927977352
63.59953442700338 114.7955927977352 61.09951940196101 116.040120825957
61.09951940196101 116.040120825957 61.594371695883545 115.32199661127056
61.594371695883545 115.32199661127056 60.11558449271039 115.71021409161587
60.11558449271039 115.71021409161587 59.95334349402382 113.53388799037398
59.95334349402382 113.53388799037398 59.04177830004414 116.35554240253727
59.04177830004414 116.35554240253727 59.65398028047071 117.96943913293472
