67
0.0 27.0 36.0 0.0
36.0 0.0 56.0 27.0
56.0 27.0 54.0 27.0
54.0 27.0 35.0 27.0
35.0 27.0 0.0 27.0
56.0 1.0 62.0 0.0
62.0 0.0 80.0 8.0
80.0 8.0 58.0 19.0
58.0 19.0 56.0 1.0
81.0 0.0 106.0 9.0
106.0 9.0 80.0 15.0
80.0 15.0 81.0 0.0
0.0 27.0 35.0 27.0
35.0 27.0 0.0 61.0
0.0 61.0 0.0 27.0
35.0 30.0 54.0 27.0
54.0 27.0 63.0 32.0
63.0 32.0 62.0 47.0
62.0 47.0 59.0 70.0
59.0 70.0 35.0 30.0
66.0 31.0 91.0 27.0
91.0 27.0 93.0 45.0
93.0 45.0 95.0 66.0
95.0 66.0 88.0 64.0
88.0 64.0 63.0 55.0
63.0 55.0 66.0 31.0
97.0 42.0 112.0 27.0
112.0 27.0 126.0 60.0
126.0 60.0 120.0 61.0
120.0 61.0 95.0 65.0
95.0 65.0 97.0 42.0
35.0 70.0 53.0 85.0
53.0 85.0 51.0 108.0
51.0 108.0 48.0 132.0
48.0 132.0 39.0 127.0
39.0 127.0 0.0 104.0
0.0 104.0 35.0 70.0
53.0 70.0 59.0 70.0
59.0 70.0 85.0 70.0
85.0 70.0 85.0 111.0
85.0 111.0 67.0 103.0
67.0 103.0 53.0 70.0
85.0 70.0 124.0 93.0
124.0 93.0 105.0 96.0
105.0 96.0 85.0 136.0
85.0 136.0 85.0 111.0
85.0 111.0 85.0 70.0
3.0 142.0 29.0 136.0
29.0 136.0 36.0 138.0
36.0 138.0 0.0 165.0
0.0 165.0 3.0 142.0
36.0 136.0 69.0 136.0
69.0 136.0 54.0 151.0
54.0 151.0 36.0 136.0
69.0 136.0 89.0 141.0
89.0 141.0 89.0 147.0
89.0 147.0 89.0 163.0
89.0 163.0 69.0 136.0
89.0 147.0 111.0 136.0
111.0 136.0 91.0 168.0
91.0 168.0 89.0 147.0
20.0 168.0 44.0 208.0
44.0 208.0 0.0 208.0
0.0 208.0 20.0 168.0
44.0 200.0 64.0 168.0
64.0 168.0 64.0 205.0
64.0 205.0 44.0 200.0
