65
0.0 35.784826464402336 15.520985147136262 49.63456060285536
15.520985147136262 49.63456060285536 42.68230972997439 17.589392438394977
42.68230972997439 17.589392438394977 15.041849647278454 0.0
15.041849647278454 0.0 0.0 35.784826464402336
43.42948214384289 0.0 42.68230972997439 23.3575702062929
42.68230972997439 23.3575702062929 46.50998018317814 32.322751985968694
46.50998018317814 32.322751985968694 74.13379371559807 37.42569211184503
74.13379371559807 37.42569211184503 91.62401554087832 33.6950050064115
91.62401554087832 33.6950050064115 91.8227951589288 25.23055711407823
91.8227951589288 25.23055711407823 79.40967348136581 22.97690380965261
79.40967348136581 22.97690380965261 87.16565579633678 16.64471007088717
87.16565579633678 16.64471007088717 97.82045962487902 2.5666549093675743
97.82045962487902 2.5666549093675743 66.1692348389584 7.877206917774561
66.1692348389584 7.877206917774561 43.42948214384289 0.0
124.68186148769493 42.47796397832746 127.98601040613836 14.50429627686978
127.98601040613836 14.50429627686978 97.82045962487902 0.0
97.82045962487902 0.0 98.59221025939988 47.87018049628834
98.59221025939988 47.87018049628834 124.68186148769493 42.47796397832746
127.98601040613838 40.63532244003852 145.2416353141072 0.9578771115836417
145.2416353141072 0.9578771115836417 137.71263842433459 4.640395018442042
137.71263842433459 4.640395018442042 135.84791417957717 0.0
135.84791417957717 0.0 130.48447699709448 23.20801559816865
130.48447699709448 23.20801559816865 127.98601040613838 40.63532244003852
34.80000860220509 77.69522191377673 22.12683565371556 63.22486244588136
22.12683565371556 63.22486244588136 17.07442307103897 49.63456060285535
17.07442307103897 49.63456060285535 8.14383865795446 57.54814029075167
8.14383865795446 57.54814029075167 0.0 71.82619096093427
0.0 71.82619096093427 34.80000860220509 77.69522191377673
58.570409909440926 49.63456060285536 50.659693427339946 53.38044143019433
50.659693427339946 53.38044143019433 41.205069362316195 69.35850234153492
41.205069362316195 69.35850234153492 34.8000086022051 78.13495704406155
34.8000086022051 78.13495704406155 59.46469739118077 77.13269515148963
59.46469739118077 77.13269515148963 58.26637924316881 67.31149167180993
58.26637924316881 67.31149167180993 58.570409909440926 49.63456060285536
66.78052630747675 92.3922275953327 77.95844083368401 86.1476253977711
77.95844083368401 86.1476253977711 102.76020145003591 77.79457229471035
102.76020145003591 77.79457229471035 94.37379657676703 72.72566819724152
94.37379657676703 72.72566819724152 94.26410318931956 67.47826025325541
94.26410318931956 67.47826025325541 70.33435341469463 57.03543456806246
70.33435341469463 57.03543456806246 59.46469739118077 49.63456060285536
59.46469739118077 49.63456060285536 60.442003722263806 73.49241689193401
60.442003722263806 73.49241689193401 66.78052630747675 92.3922275953327
102.76020145003591 82.23781498669709 161.08472211347913 58.455476181176316
161.08472211347913 58.455476181176316 148.79554697309254 49.63456060285536
148.79554697309254 49.63456060285536 124.00640236985745 66.92200426602442
124.00640236985745 66.92200426602442 105.93254708783823 74.48786614978462
105.93254708783823 74.48786614978462 102.76020145003591 82.23781498669709
13.713136306902044 92.3922275953327 0.0 114.6331715462903
0.0 114.6331715462903 35.825603431579744 155.82229932686573
35.825603431579744 155.82229932686573 59.220471884413286 155.77389952697544
59.220471884413286 155.77389952697544 26.48634566650194 118.4733233441064
26.48634566650194 118.4733233441064 13.713136306902044 92.3922275953327
78.33511504015107 92.3922275953327 76.30993888578996 98.71580235105186
76.30993888578996 98.71580235105186 65.24261884142452 112.03326087594117
65.24261884142452 112.03326087594117 62.59468555206112 117.77903496530782
62.59468555206112 117.77903496530782 59.220471884413286 130.7000693366238
59.220471884413286 130.7000693366238 63.69017043720416 136.43137752674403
63.69017043720416 136.43137752674403 78.82454621307974 149.35294604784352
78.82454621307974 149.35294604784352 82.92094600777932 164.13868039625007
82.92094600777932 164.13868039625007 108.43370652301225 169.00771620805241
108.43370652301225 169.00771620805241 119.93130642875478 162.1782337747889
119.93130642875478 162.1782337747889 119.65256418410841 137.46311843608794
119.65256418410841 137.46311843608794 114.19041426864678 104.73759634677927
114.19041426864678 104.73759634677927 94.18472022731125 106.38309846272251
94.18472022731125 106.38309846272251 78.33511504015107 92.3922275953327
