50
0.0 0.0 8.0 2.0
8.0 2.0 10.0 27.0
10.0 27.0 12.0 64.0
12.0 64.0 0.0 64.0
0.0 64.0 0.0 0.0
12.0 0.0 64.0 7.0
64.0 7.0 52.0 20.0
52.0 20.0 59.0 39.0
59.0 39.0 15.0 30.0
15.0 30.0 13.0 5.0
13.0 5.0 12.0 0.0
64.0 0.0 97.0 0.0
97.0 0.0 97.0 19.0
97.0 19.0 67.0 11.0
67.0 11.0 64.0 0.0
0.0 64.0 30.0 72.0
30.0 72.0 67.0 83.0
67.0 83.0 56.0 93.0
56.0 93.0 4.0 86.0
4.0 86.0 0.0 64.0
72.0 64.0 97.0 64.0
97.0 64.0 97.0 87.0
97.0 87.0 97.0 115.0
97.0 115.0 67.0 94.0
67.0 94.0 72.0 64.0
120.0 64.0 150.0 85.0
150.0 85.0 150.0 134.0
150.0 134.0 126.0 134.0
126.0 134.0 116.0 134.0
116.0 134.0 104.0 106.0
104.0 106.0 97.0 87.0
97.0 87.0 109.0 74.0
109.0 74.0 120.0 64.0
0.0 134.0 44.0 143.0
44.0 143.0 16.0 171.0
16.0 171.0 2.0 171.0
2.0 171.0 0.0 134.0
44.0 162.0 72.0 134.0
72.0 134.0 84.0 162.0
84.0 162.0 44.0 162.0
84.0 134.0 116.0 134.0
116.0 134.0 126.0 134.0
126.0 134.0 121.0 164.0
121.0 164.0 84.0 153.0
84.0 153.0 84.0 134.0
126.0 134.0 129.0 145.0
129.0 145.0 133.0 167.0
133.0 167.0 134.0 172.0
134.0 172.0 126.0 170.0
126.0 170.0 126.0 134.0
