63
10.625238176877113 1.3505021843934113 10.461284584383996 0.0
10.461284584383996 0.0 0.0 1.7000223107773582
0.0 1.7000223107773582 1.1623541099961798 6.768051362942114
1.1623541099961798 6.768051362942114 6.510141288621757 17.66469577607215
6.510141288621757 17.66469577607215 11.723735644807592 8.152664621480122
11.723735644807592 8.152664621480122 8.120548578387744 8.993791030461024
8.120548578387744 8.993791030461024 7.340552641247571 4.005543070460032
7.340552641247571 4.005543070460032 10.625238176877113 1.3505021843934113
21.15083603489698 6.22782090793689 16.98125582822417 11.966831073626732
16.98125582822417 11.966831073626732 28.24846681666839 13.505074094997482
28.24846681666839 13.505074094997482 21.405579307567383 4.4717992995466425
21.405579307567383 4.4717992995466425 22.906669158123307 1.1402643003330297
22.906669158123307 1.1402643003330297 18.914383401999 0.0
18.914383401999 0.0 21.212205264244922 3.608910573481804
21.212205264244922 3.608910573481804 13.723735644807592 1.6688549012763048
13.723735644807592 1.6688549012763048 21.15083603489698 6.22782090793689
36.22199781516259 3.7896060852087046 37.69998652640534 0.0
37.69998652640534 0.0 28.24846681666839 5.082688956936192
28.24846681666839 5.082688956936192 36.22199781516259 3.7896060852087046
39.69998652640533 15.368223470487393 50.62730173758354 14.181443753287972
50.62730173758354 14.181443753287972 60.00690964794287 11.234214851025543
60.00690964794287 11.234214851025543 55.609207692746 4.068350257533368
55.609207692746 4.068350257533368 48.84387505944209 0.0
48.84387505944209 0.0 53.806095651258126 7.350633092046657
53.806095651258126 7.350633092046657 39.69998652640533 15.368223470487393
0.0 26.718026924522952 6.735238784533512 28.240705796388085
6.735238784533512 28.240705796388085 13.32581124310184 24.54602162114882
13.32581124310184 24.54602162114882 3.471173062737022 17.66469577607215
3.471173062737022 17.66469577607215 0.0 26.718026924522952
26.28748717086419 34.46156667939579 33.1812270413719 29.865549097389348
33.1812270413719 29.865549097389348 28.20535267064525 22.17742857474307
28.20535267064525 22.17742857474307 28.106499537893868 23.524415819556914
28.106499537893868 23.524415819556914 17.16802643406508 17.66469577607215
17.16802643406508 17.66469577607215 13.32581124310184 29.07135157049436
13.32581124310184 29.07135157049436 18.23600936575348 34.44341399409347
18.23600936575348 34.44341399409347 26.28748717086419 34.46156667939579
43.916497300389445 31.858931171639924 43.953224882843685 18.231043490955724
43.953224882843685 18.231043490955724 40.61796930029507 19.22335628534859
40.61796930029507 19.22335628534859 33.1812270413719 17.66469577607215
33.1812270413719 17.66469577607215 40.06400176688202 23.250980301447875
40.06400176688202 23.250980301447875 43.916497300389445 31.858931171639924
14.382704556090683 37.12730691777293 4.393324040170665 34.46156667939579
4.393324040170665 34.46156667939579 0.0 50.75463313036871
0.0 50.75463313036871 18.759780216298594 55.39795403249303
18.759780216298594 55.39795403249303 14.382704556090683 37.12730691777293
19.759780216298594 44.52612652210922 32.399925195378586 48.433533788729534
32.399925195378586 48.433533788729534 20.64881149199045 34.46156667939579
20.64881149199045 34.46156667939579 19.759780216298594 44.52612652210922
54.41761073699485 39.395199710545505 47.554295559035516 39.4197967712327
47.554295559035516 39.4197967712327 51.728728697825616 34.46156667939579
51.728728697825616 34.46156667939579 43.08491362285765 40.29212814214134
43.08491362285765 40.29212814214134 33.399925195378586 43.475091023987645
33.399925195378586 43.475091023987645 41.22673687166455 46.91323923703691
41.22673687166455 46.91323923703691 45.899817896084905 51.88780827133554
45.899817896084905 51.88780827133554 51.354282243105224 46.120176308251416
51.354282243105224 46.120176308251416 54.41761073699485 39.395199710545505
0.0 57.10232925478161 6.387101973029727 66.34496014810281
6.387101973029727 66.34496014810281 14.371210227808154 56.39795403249303
14.371210227808154 56.39795403249303 0.0 57.10232925478161
14.371210227808152 68.46707265493946 27.184955049526167 70.42205329182543
27.184955049526167 70.42205329182543 28.15776398028085 56.39795403249304
28.15776398028085 56.39795403249304 22.60239497072604 59.907055864500954
22.60239497072604 59.907055864500954 14.371210227808152 68.46707265493946
