63
10.625238176877113 1.3505021843934113 10.461284584383996 0.0
10.461284584383996 0.0 0.0 1.7000223107773582
0.0 1.7000223107773582 1.1623541099961798 6.768051362942114
1.1623541099961798 6.768051362942114 6.510141288621757 17.66469577607215
6.510141288621757 17.66469577607215 11.723735644807592 8.152664621480122
11.723735644807592 8.152664621480122 8.120548578387744 8.993791030461024
8.120548578387744 8.993791030461024 7.340552641247571 4.005543070460032
7.340552641247571 4.005543070460032 10.625238176877113 1.3505021843934113
19.15083603489698 6.22782090793689 14.981255828224173 11.966831073626732
14.981255828224173 11.966831073626732 26.24846681666839 13.505074094997482
26.24846681666839 13.505074094997482 19.405579307567383 4.4717992995466425
19.405579307567383 4.4717992995466425 20.906669158123307 1.1402643003330297
20.906669158123307 1.1402643003330297 16.914383401999 0.0
16.914383401999 0.0 19.212205264244922 3.608910573481804
19.212205264244922 3.608910573481804 11.723735644807592 1.6688549012763048
11.723735644807592 1.6688549012763048 19.15083603489698 6.22782090793689
34.22199781516259 3.7896060852087046 35.69998652640534 0.0
35.69998652640534 0.0 26.24846681666839 5.082688956936192
26.24846681666839 5.082688956936192 34.22199781516259 3.7896060852087046
35.69998652640533 15.368223470487393 46.62730173758354 14.181443753287972
46.62730173758354 14.181443753287972 56.00690964794287 11.234214851025543
56.00690964794287 11.234214851025543 51.609207692746 4.068350257533368
51.609207692746 4.068350257533368 44.84387505944209 0.0
44.84387505944209 0.0 49.806095651258126 7.350633092046657
49.806095651258126 7.350633092046657 35.69998652640533 15.368223470487393
0.0 26.718026924522952 6.735238784533512 28.240705796388085
6.735238784533512 28.240705796388085 13.32581124310184 24.54602162114882
13.32581124310184 24.54602162114882 3.471173062737022 17.66469577607215
3.471173062737022 17.66469577607215 0.0 26.718026924522952
26.28748717086419 34.46156667939579 33.1812270413719 29.865549097389348
33.1812270413719 29.865549097389348 28.20535267064525 22.17742857474307
28.20535267064525 22.17742857474307 28.106499537893868 23.524415819556914
28.106499537893868 23.524415819556914 17.16802643406508 17.66469577607215
17.16802643406508 17.66469577607215 13.32581124310184 29.07135157049436
13.32581124310184 29.07135157049436 18.23600936575348 34.44341399409347
18.23600936575348 34.44341399409347 26.28748717086419 34.46156667939579
43.916497300389445 31.858931171639924 43.953224882843685 18.231043490955724
43.953224882843685 18.231043490955724 40.61796930029507 19.22335628534859
40.61796930029507 19.22335628534859 33.1812270413719 17.66469577607215
33.1812270413719 17.66469577607215 40.06400176688202 23.250980301447875
40.06400176688202 23.250980301447875 43.916497300389445 31.858931171639924
14.382704556090683 37.12730691777293 4.393324040170665 34.46156667939579
4.393324040170665 34.46156667939579 0.0 50.75463313036871
0.0 50.75463313036871 18.759780216298594 55.39795403249303
18.759780216298594 55.39795403249303 14.382704556090683 37.12730691777293
18.759780216298594 44.52612652210922 31.399925195378586 48.433533788729534
31.399925195378586 48.433533788729534 19.64881149199045 34.46156667939579
19.64881149199045 34.46156667939579 18.759780216298594 44.52612652210922
52.41761073699485 39.395199710545505 45.554295559035516 39.4197967712327
45.554295559035516 39.4197967712327 49.728728697825616 34.46156667939579
49.728728697825616 34.46156667939579 41.08491362285765 40.29212814214134
41.08491362285765 40.29212814214134 31.399925195378586 43.475091023987645
31.399925195378586 43.475091023987645 39.22673687166455 46.91323923703691
39.22673687166455 46.91323923703691 43.899817896084905 51.88780827133554
43.899817896084905 51.88780827133554 49.354282243105224 46.120176308251416
49.354282243105224 46.120176308251416 52.41761073699485 39.395199710545505
0.0 56.10232925478161 6.387101973029727 65.34496014810281
6.387101973029727 65.34496014810281 14.371210227808154 55.39795403249303
14.371210227808154 55.39795403249303 0.0 56.10232925478161
14.371210227808152 67.46707265493946 27.184955049526167 69.42205329182543
27.184955049526167 69.42205329182543 28.15776398028085 55.39795403249304
28.15776398028085 55.39795403249304 22.60239497072604 58.907055864500954
22.60239497072604 58.907055864500954 14.371210227808152 67.46707265493946
