44
0.0 8.0 4.0 0.0
4.0 0.0 8.0 8.0
8.0 8.0 0.0 8.0
10.0 0.0 20.0 0.0
20.0 0.0 20.0 10.0
20.0 10.0 10.0 14.0
10.0 14.0 10.0 0.0
20.0 0.0 30.0 0.0
30.0 0.0 30.0 10.0
30.0 10.0 20.0 10.0
20.0 10.0 20.0 0.0
30.0 0.0 44.0 0.0
44.0 0.0 37.0 12.0
37.0 12.0 30.0 0.0
0.0 15.0 10.0 15.0
10.0 15.0 10.0 25.0
10.0 25.0 0.0 25.0
0.0 25.0 0.0 15.0
12.0 15.0 26.0 15.0
26.0 15.0 26.0 24.0
26.0 24.0 12.0 24.0
12.0 24.0 12.0 15.0
27.0 24.0 27.0 15.0
27.0 15.0 41.0 24.0
41.0 24.0 27.0 24.0
0.0 25.0 10.0 25.0
10.0 25.0 14.0 25.0
14.0 25.0 14.0 39.0
14.0 39.0 0.0 25.0
16.0 25.0 30.0 25.0
30.0 25.0 23.0 32.0
23.0 32.0 16.0 25.0
31.0 25.0 36.0 25.0
36.0 25.0 36.0 34.0
36.0 34.0 31.0 34.0
31.0 34.0 31.0 25.0
0.0 41.0 10.0 45.0
10.0 45.0 10.0 50.0
10.0 50.0 0.0 50.0
0.0 50.0 0.0 41.0
11.0 41.0 25.0 41.0
25.0 41.0 25.0 55.0
25.0 55.0 11.0 55.0
11.0 55.0 11.0 41.0
