453
0.0 0.0 1867.0 0.0
1867.0 0.0 1867.0 665.0
1867.0 665.0 0.0 900.0
0.0 900.0 0.0 0.0
1867.0 0.0 3211.0 0.0
3211.0 0.0 3787.0 1344.0
3787.0 1344.0 1867.0 1920.0
1867.0 1920.0 1867.0 665.0
1867.0 665.0 1867.0 0.0
3787.0 0.0 5571.0 0.0
5571.0 0.0 5571.0 204.0
5571.0 204.0 3787.0 646.0
3787.0 646.0 3787.0 0.0
5571.0 0.0 7299.0 0.0
7299.0 0.0 7331.0 1920.0
7331.0 1920.0 7143.0 1920.0
7143.0 1920.0 6455.0 1920.0
6455.0 1920.0 5571.0 1920.0
5571.0 1920.0 5571.0 204.0
5571.0 204.0 5571.0 0.0
7331.0 0.0 7955.0 0.0
7955.0 0.0 7955.0 988.0
7955.0 988.0 7331.0 1504.0
7331.0 1504.0 7331.0 0.0
7955.0 0.0 9160.0 0.0
9160.0 0.0 9160.0 768.0
9160.0 768.0 9160.0 1427.0
9160.0 1427.0 7955.0 1427.0
7955.0 1427.0 7955.0 988.0
7955.0 988.0 7955.0 0.0
9160.0 0.0 10504.0 0.0
10504.0 0.0 10312.0 768.0
10312.0 768.0 9160.0 768.0
9160.0 768.0 9160.0 0.0
10504.0 0.0 10698.0 0.0
10698.0 0.0 10698.0 1009.0
10698.0 1009.0 10504.0 1009.0
10504.0 1009.0 10504.0 0.0
10698.0 0.0 11234.0 0.0
11234.0 0.0 10698.0 1536.0
10698.0 1536.0 10698.0 1009.0
10698.0 1009.0 10698.0 0.0
0.0 1920.0 960.0 1920.0
960.0 1920.0 960.0 3216.0
960.0 3216.0 0.0 1920.0
960.0 1920.0 1867.0 1920.0
1867.0 1920.0 2800.0 1920.0
2800.0 1920.0 2800.0 1984.0
2800.0 1984.0 1536.0 2428.0
1536.0 2428.0 1016.0 2080.0
1016.0 2080.0 960.0 1920.0
2800.0 1920.0 3760.0 1920.0
3760.0 1920.0 3760.0 3168.0
3760.0 3168.0 2800.0 1920.0
3760.0 1920.0 5069.0 1920.0
5069.0 1920.0 5069.0 2701.0
5069.0 2701.0 3760.0 3445.0
3760.0 3445.0 3760.0 3168.0
3760.0 3168.0 3760.0 1920.0
5069.0 1920.0 5441.0 1920.0
5441.0 1920.0 5441.0 2284.0
5441.0 2284.0 5069.0 1920.0
5441.0 1920.0 5571.0 1920.0
5571.0 1920.0 6455.0 1920.0
6455.0 1920.0 6455.0 3121.0
6455.0 3121.0 5441.0 3121.0
5441.0 3121.0 5441.0 2284.0
5441.0 2284.0 5441.0 1920.0
6455.0 1920.0 7143.0 1920.0
7143.0 1920.0 6951.0 2380.0
6951.0 2380.0 6455.0 1920.0
7143.0 1920.0 7331.0 1920.0
7331.0 1920.0 8610.0 1920.0
8610.0 1920.0 8610.0 2426.0
8610.0 2426.0 7143.0 2426.0
7143.0 2426.0 7143.0 1920.0
8610.0 1920.0 9635.0 1920.0
9635.0 1920.0 9635.0 2593.0
9635.0 2593.0 8610.0 3047.0
8610.0 3047.0 8610.0 2426.0
8610.0 2426.0 8610.0 1920.0
9635.0 1920.0 11139.0 1920.0
11139.0 1920.0 11139.0 2544.0
11139.0 2544.0 10019.0 2544.0
10019.0 2544.0 9635.0 1920.0
0.0 3445.0 1456.0 3445.0
1456.0 3445.0 1456.0 5365.0
1456.0 5365.0 1456.0 6325.0
1456.0 6325.0 1152.0 6325.0
1152.0 6325.0 0.0 5749.0
0.0 5749.0 0.0 3445.0
1456.0 3445.0 2176.0 3445.0
2176.0 3445.0 2176.0 4594.0
2176.0 4594.0 2176.0 5861.0
2176.0 5861.0 1456.0 5365.0
1456.0 5365.0 1456.0 3445.0
2176.0 3445.0 2399.0 3445.0
2399.0 3445.0 2399.0 4594.0
2399.0 4594.0 2176.0 4594.0
2176.0 4594.0 2176.0 3445.0
2399.0 3445.0 3760.0 3445.0
3760.0 3445.0 4175.0 3445.0
4175.0 3445.0 4107.0 3925.0
4107.0 3925.0 2399.0 3445.0
4175.0 3445.0 4350.0 3445.0
4350.0 3445.0 4350.0 3479.0
4350.0 3479.0 4175.0 4459.0
4175.0 4459.0 4175.0 3445.0
4350.0 3445.0 5736.0 3445.0
5736.0 3445.0 5736.0 3543.0
5736.0 3543.0 4350.0 3740.0
4350.0 3740.0 4350.0 3479.0
4350.0 3479.0 4350.0 3445.0
5736.0 3445.0 6408.0 3445.0
6408.0 3445.0 6696.0 5077.0
6696.0 5077.0 6664.0 5113.0
6664.0 5113.0 5736.0 3445.0
6696.0 3445.0 8107.0 3445.0
8107.0 3445.0 8107.0 4041.0
8107.0 4041.0 6696.0 5015.0
6696.0 5015.0 6696.0 3445.0
8107.0 3445.0 8827.0 3445.0
8827.0 3445.0 8827.0 4486.0
8827.0 4486.0 8827.0 5845.0
8827.0 5845.0 8107.0 4749.0
8107.0 4749.0 8107.0 4041.0
8107.0 4041.0 8107.0 3445.0
8827.0 3445.0 9508.0 3445.0
9508.0 3445.0 9508.0 4171.0
9508.0 4171.0 8827.0 4486.0
8827.0 4486.0 8827.0 3445.0
0.0 6325.0 1152.0 6325.0
1152.0 6325.0 1456.0 6325.0
1456.0 6325.0 2304.0 6325.0
2304.0 6325.0 2304.0 7266.0
2304.0 7266.0 2304.0 7477.0
2304.0 7477.0 960.0 7477.0
960.0 7477.0 0.0 6805.0
0.0 6805.0 0.0 6325.0
2304.0 6325.0 3824.0 6325.0
3824.0 6325.0 3824.0 7150.0
3824.0 7150.0 2304.0 7266.0
2304.0 7266.0 2304.0 6325.0
3824.0 6325.0 4544.0 6325.0
4544.0 6325.0 4544.0 6421.0
4544.0 6421.0 4544.0 8377.0
4544.0 8377.0 3824.0 7321.0
3824.0 7321.0 3824.0 7150.0
3824.0 7150.0 3824.0 6325.0
4544.0 6325.0 6944.0 6325.0
6944.0 6325.0 6344.0 7477.0
6344.0 7477.0 4544.0 6421.0
4544.0 6421.0 4544.0 6325.0
6944.0 6325.0 7664.0 6325.0
7664.0 6325.0 7664.0 7801.0
7664.0 7801.0 6944.0 7801.0
6944.0 7801.0 6944.0 6325.0
7664.0 6325.0 8336.0 6325.0
8336.0 6325.0 8336.0 6842.0
8336.0 6842.0 8336.0 7189.0
8336.0 7189.0 7664.0 6325.0
8336.0 6325.0 9017.0 6325.0
9017.0 6325.0 9017.0 6842.0
9017.0 6842.0 8336.0 6842.0
8336.0 6842.0 8336.0 6325.0
9017.0 6325.0 9753.0 6325.0
9753.0 6325.0 9753.0 7354.0
9753.0 7354.0 9753.0 7765.0
9753.0 7765.0 9017.0 8341.0
9017.0 8341.0 9017.0 6842.0
9017.0 6842.0 9017.0 6325.0
9753.0 6325.0 10950.0 6325.0
10950.0 6325.0 10950.0 7383.0
10950.0 7383.0 9753.0 7354.0
9753.0 7354.0 9753.0 6325.0
0.0 8377.0 1651.0 8377.0
1651.0 8377.0 1651.0 9861.0
1651.0 9861.0 0.0 9861.0
0.0 9861.0 0.0 8377.0
1651.0 8377.0 3187.0 8377.0
3187.0 8377.0 3187.0 9345.0
3187.0 9345.0 3187.0 10313.0
3187.0 10313.0 1651.0 8377.0
3187.0 8377.0 3811.0 8377.0
3811.0 8377.0 3811.0 8837.0
3811.0 8837.0 3187.0 9345.0
3187.0 9345.0 3187.0 8377.0
3811.0 8377.0 4544.0 8377.0
4544.0 8377.0 6363.0 8377.0
6363.0 8377.0 6363.0 8413.0
6363.0 8413.0 3963.0 9297.0
3963.0 9297.0 3811.0 8377.0
6363.0 8377.0 8088.0 8377.0
8088.0 8377.0 8088.0 8455.0
8088.0 8455.0 6363.0 9737.0
6363.0 9737.0 6363.0 8413.0
6363.0 8413.0 6363.0 8377.0
8088.0 8377.0 8471.0 8377.0
8471.0 8377.0 8471.0 9435.0
8471.0 9435.0 8471.0 9700.0
8471.0 9700.0 8088.0 9700.0
8088.0 9700.0 8088.0 8455.0
8088.0 8455.0 8088.0 8377.0
8471.0 8377.0 8771.0 8377.0
8771.0 8377.0 8771.0 9435.0
8771.0 9435.0 8471.0 9435.0
8471.0 9435.0 8471.0 8377.0
8771.0 8377.0 9615.0 8377.0
9615.0 8377.0 9615.0 9293.0
9615.0 9293.0 9615.0 10393.0
9615.0 10393.0 8771.0 9913.0
8771.0 9913.0 8771.0 9435.0
8771.0 9435.0 8771.0 8377.0
9615.0 8377.0 10361.0 8377.0
10361.0 8377.0 10361.0 9293.0
10361.0 9293.0 9615.0 9293.0
9615.0 9293.0 9615.0 8377.0
10361.0 8377.0 11041.0 8377.0
11041.0 8377.0 11041.0 9077.0
11041.0 9077.0 10361.0 9625.0
10361.0 9625.0 10361.0 9293.0
10361.0 9293.0 10361.0 8377.0
0.0 10393.0 1248.0 10393.0
1248.0 10393.0 1276.0 10441.0
1276.0 10441.0 96.0 11161.0
96.0 11161.0 0.0 10393.0
1276.0 10393.0 2806.0 10393.0
2806.0 10393.0 2806.0 11515.0
2806.0 11515.0 1276.0 11259.0
1276.0 11259.0 1276.0 10441.0
1276.0 10441.0 1276.0 10393.0
2806.0 10393.0 3099.0 10393.0
3099.0 10393.0 2806.0 11909.0
2806.0 11909.0 2806.0 11515.0
2806.0 11515.0 2806.0 10393.0
3099.0 10393.0 5019.0 10393.0
5019.0 10393.0 5019.0 10664.0
5019.0 10664.0 5019.0 11353.0
5019.0 11353.0 4059.0 11353.0
4059.0 11353.0 3195.0 11065.0
3195.0 11065.0 3099.0 10393.0
5019.0 10393.0 5955.0 10393.0
5955.0 10393.0 5955.0 10702.0
5955.0 10702.0 5019.0 10664.0
5019.0 10664.0 5019.0 10393.0
5955.0 10393.0 6323.0 10393.0
6323.0 10393.0 6323.0 11032.0
6323.0 11032.0 5955.0 10828.0
5955.0 10828.0 5955.0 10702.0
5955.0 10702.0 5955.0 10393.0
6323.0 10393.0 7251.0 10393.0
7251.0 10393.0 6323.0 11649.0
6323.0 11649.0 6323.0 11032.0
6323.0 11032.0 6323.0 10393.0
7251.0 10393.0 8343.0 10393.0
8343.0 10393.0 8019.0 11065.0
8019.0 11065.0 7251.0 10393.0
8343.0 10393.0 9615.0 10393.0
9615.0 10393.0 10058.0 10393.0
10058.0 10393.0 10058.0 10674.0
10058.0 10674.0 8343.0 10674.0
8343.0 10674.0 8343.0 10393.0
0.0 11909.0 2160.0 11909.0
2160.0 11909.0 1728.0 12581.0
1728.0 12581.0 0.0 11909.0
2160.0 11909.0 2553.0 11909.0
2553.0 11909.0 2553.0 12173.0
2553.0 12173.0 2160.0 12321.0
2160.0 12321.0 2160.0 11909.0
2553.0 11909.0 2806.0 11909.0
2806.0 11909.0 3903.0 11909.0
3903.0 11909.0 3903.0 13133.0
3903.0 13133.0 3903.0 13309.0
3903.0 13309.0 2553.0 13309.0
2553.0 13309.0 2553.0 12173.0
2553.0 12173.0 2553.0 11909.0
3903.0 11909.0 5689.0 11909.0
5689.0 11909.0 5689.0 13172.0
5689.0 13172.0 3903.0 13133.0
3903.0 13133.0 3903.0 11909.0
5689.0 11909.0 8089.0 11909.0
8089.0 11909.0 8089.0 11965.0
8089.0 11965.0 7289.0 12773.0
7289.0 12773.0 5689.0 11909.0
8089.0 11909.0 9277.0 11909.0
9277.0 11909.0 9277.0 11979.0
9277.0 11979.0 8089.0 12771.0
8089.0 12771.0 8089.0 11965.0
8089.0 11965.0 8089.0 11909.0
9277.0 11909.0 9784.0 11909.0
9784.0 11909.0 9784.0 12210.0
9784.0 12210.0 9277.0 12662.0
9277.0 12662.0 9277.0 11979.0
9277.0 11979.0 9277.0 11909.0
9784.0 11909.0 10581.0 11909.0
10581.0 11909.0 10581.0 12158.0
10581.0 12158.0 9784.0 12236.0
9784.0 12236.0 9784.0 12210.0
9784.0 12210.0 9784.0 11909.0
0.0 13309.0 2016.0 13309.0
2016.0 13309.0 2016.0 14077.0
2016.0 14077.0 480.0 13885.0
480.0 13885.0 0.0 13309.0
2016.0 13309.0 2553.0 13309.0
2553.0 13309.0 3903.0 13309.0
3903.0 13309.0 3936.0 13309.0
3936.0 13309.0 3936.0 14269.0
3936.0 14269.0 2016.0 13309.0
3936.0 13309.0 4406.0 13309.0
4406.0 13309.0 4406.0 14254.0
4406.0 14254.0 4406.0 14823.0
4406.0 14823.0 3936.0 14429.0
3936.0 14429.0 3936.0 14269.0
3936.0 14269.0 3936.0 13309.0
4406.0 13309.0 4833.0 13309.0
4833.0 13309.0 4833.0 13959.0
4833.0 13959.0 4833.0 14254.0
4833.0 14254.0 4406.0 14254.0
4406.0 14254.0 4406.0 13309.0
4833.0 13309.0 5833.0 13309.0
5833.0 13309.0 5833.0 14109.0
5833.0 14109.0 4833.0 13959.0
4833.0 13959.0 4833.0 13309.0
5833.0 13309.0 7337.0 13309.0
7337.0 13309.0 6985.0 13981.0
6985.0 13981.0 5833.0 13309.0
7337.0 13309.0 9787.0 13309.0
9787.0 13309.0 9787.0 13517.0
9787.0 13517.0 9787.0 14249.0
9787.0 14249.0 7337.0 13393.0
7337.0 13393.0 7337.0 13309.0
9787.0 13309.0 10177.0 13309.0
10177.0 13309.0 10177.0 14371.0
10177.0 14371.0 9787.0 13517.0
9787.0 13517.0 9787.0 13309.0
0.0 14823.0 1438.0 14823.0
1438.0 14823.0 1438.0 16066.0
1438.0 16066.0 1438.0 16329.0
1438.0 16329.0 0.0 15212.0
0.0 15212.0 0.0 14823.0
1438.0 14823.0 2479.0 14823.0
2479.0 14823.0 2479.0 16066.0
2479.0 16066.0 1438.0 16066.0
1438.0 16066.0 1438.0 14823.0
2479.0 14823.0 3823.0 14823.0
3823.0 14823.0 3015.0 15435.0
3015.0 15435.0 2479.0 14823.0
4071.0 14823.0 4406.0 14823.0
4406.0 14823.0 5355.0 14823.0
5355.0 14823.0 3843.0 16623.0
3843.0 16623.0 3823.0 16523.0
3823.0 16523.0 4071.0 14823.0
5355.0 14823.0 6027.0 14823.0
6027.0 14823.0 5355.0 15495.0
5355.0 15495.0 5355.0 14823.0
6027.0 14823.0 7073.0 14823.0
7073.0 14823.0 7073.0 16254.0
7073.0 16254.0 6027.0 15265.0
6027.0 15265.0 6027.0 14823.0
7073.0 14823.0 8913.0 14823.0
8913.0 14823.0 8913.0 14871.0
8913.0 14871.0 7649.0 15323.0
7649.0 15323.0 7149.0 15023.0
7149.0 15023.0 7073.0 14823.0
8913.0 14823.0 9713.0 14823.0
9713.0 14823.0 9713.0 15113.0
9713.0 15113.0 8913.0 15322.0
8913.0 15322.0 8913.0 14871.0
8913.0 14871.0 8913.0 14823.0
9713.0 14823.0 10577.0 14823.0
10577.0 14823.0 10385.0 17319.0
10385.0 17319.0 9713.0 14823.0
10577.0 14823.0 11109.0 14823.0
11109.0 14823.0 11109.0 15795.0
11109.0 15795.0 10577.0 15795.0
10577.0 15795.0 10577.0 14823.0
0.0 17319.0 1535.0 17319.0
1535.0 17319.0 1535.0 17956.0
1535.0 17956.0 0.0 18459.0
0.0 18459.0 0.0 17319.0
1535.0 17319.0 2783.0 17319.0
2783.0 17319.0 2783.0 17449.0
2783.0 17449.0 2783.0 19419.0
2783.0 19419.0 1535.0 19295.0
1535.0 19295.0 1535.0 17956.0
1535.0 17956.0 1535.0 17319.0
2783.0 17319.0 3850.0 17319.0
3850.0 17319.0 3850.0 17723.0
3850.0 17723.0 2783.0 17449.0
2783.0 17449.0 2783.0 17319.0
3850.0 17319.0 4586.0 17319.0
4586.0 17319.0 4586.0 18951.0
4586.0 18951.0 4586.0 19495.0
4586.0 19495.0 3854.0 19495.0
3854.0 19495.0 3850.0 19495.0
3850.0 19495.0 3850.0 17723.0
3850.0 17723.0 3850.0 17319.0
4586.0 17319.0 5498.0 17319.0
5498.0 17319.0 4586.0 18951.0
4586.0 18951.0 4586.0 17319.0
5498.0 17319.0 6170.0 17319.0
6170.0 17319.0 6170.0 18220.0
6170.0 18220.0 6170.0 18759.0
6170.0 18759.0 5498.0 17319.0
6170.0 17319.0 6321.0 17319.0
6321.0 17319.0 6321.0 18220.0
6321.0 18220.0 6170.0 18220.0
6170.0 18220.0 6170.0 17319.0
6321.0 17319.0 6854.0 17319.0
6854.0 17319.0 6854.0 18244.0
6854.0 18244.0 6854.0 18493.0
6854.0 18493.0 6321.0 18462.0
6321.0 18462.0 6321.0 18220.0
6321.0 18220.0 6321.0 17319.0
6854.0 17319.0 7123.0 17319.0
7123.0 17319.0 7123.0 18802.0
7123.0 18802.0 6854.0 18244.0
6854.0 18244.0 6854.0 17319.0
7123.0 17319.0 9043.0 17319.0
9043.0 17319.0 8563.0 17703.0
8563.0 17703.0 7123.0 17319.0
9043.0 17319.0 10385.0 17319.0
10385.0 17319.0 10807.0 17319.0
10807.0 17319.0 10675.0 18669.0
10675.0 18669.0 9043.0 17319.0
0.0 19495.0 1456.0 19495.0
1456.0 19495.0 1456.0 21223.0
1456.0 21223.0 0.0 21911.0
0.0 21911.0 0.0 19495.0
1456.0 19495.0 2108.0 19495.0
2108.0 19495.0 2108.0 20248.0
2108.0 20248.0 2108.0 20771.0
2108.0 20771.0 1456.0 21287.0
1456.0 21287.0 1456.0 21223.0
1456.0 21223.0 1456.0 19495.0
2108.0 19495.0 3850.0 19495.0
3850.0 19495.0 3854.0 19495.0
3854.0 19495.0 3854.0 20043.0
3854.0 20043.0 3854.0 20407.0
3854.0 20407.0 2108.0 20248.0
2108.0 20248.0 2108.0 19495.0
3854.0 19495.0 4586.0 19495.0
4586.0 19495.0 5787.0 19495.0
5787.0 19495.0 5787.0 21055.0
5787.0 21055.0 3854.0 20043.0
3854.0 20043.0 3854.0 19495.0
5787.0 19495.0 6955.0 19495.0
6955.0 19495.0 6555.0 20071.0
6555.0 20071.0 5787.0 19495.0
6955.0 19495.0 9043.0 19495.0
9043.0 19495.0 8047.0 20663.0
8047.0 20663.0 6955.0 20263.0
6955.0 20263.0 6955.0 19495.0
