814
0.0 714.2815086896294 652.641192456518 721.6714366333983
652.641192456518 721.6714366333983 1305.83599214447 734.6035160795234
1305.83599214447 734.6035160795234 1030.0738601954695 368.0943948139081
1030.0738601954695 368.0943948139081 743.7690808950257 5.980374694644752
743.7690808950257 5.980374694644752 375.15767726171066 1.3725309593133943
375.15767726171066 1.3725309593133943 10.311807124351192 0.0
10.311807124351192 0.0 8.455015069486365 348.8221160643499
8.455015069486365 348.8221160643499 0.0 714.2815086896294
1758.2547374034768 0.0 1501.83599214447 188.13951373039316
1501.83599214447 188.13951373039316 2025.7162688379465 762.1829823178016
2025.7162688379465 762.1829823178016 2219.1272678771074 619.6242027770729
2219.1272678771074 619.6242027770729 1758.2547374034768 0.0
2699.2071942071393 1104.1117154049898 3043.447880541175 548.9815374071472
3043.447880541175 548.9815374071472 3377.370212754983 0.0
3377.370212754983 0.0 2860.768637888378 445.3327235938665
2860.768637888378 445.3327235938665 2350.1272678771074 892.6415671683668
2350.1272678771074 892.6415671683668 2526.4603001555283 1000.6162509325396
2526.4603001555283 1000.6162509325396 2699.2071942071393 1104.1117154049898
4320.175229401132 0.0 3906.050337741867 519.604457855838
3906.050337741867 519.604457855838 3498.370212754983 1046.8978174779847
3498.370212754983 1046.8978174779847 4294.303189374861 822.1558612863103
4294.303189374861 822.1558612863103 5097.027714807656 602.959964327183
5097.027714807656 602.959964327183 4705.442936323229 301.10315351511656
4705.442936323229 301.10315351511656 4320.175229401132 0.0
6340.77285396803 1624.0074456777222 6756.07309947804 1372.6952505572708
6756.07309947804 1372.6952505572708 7160.760201838369 1109.9637141488815
7160.760201838369 1109.9637141488815 6237.481422477133 550.8487014613138
6237.481422477133 550.8487014613138 5315.027714807656 0.0
5315.027714807656 0.0 5837.244179894456 809.0530617174836
5837.244179894456 809.0530617174836 6340.77285396803 1624.0074456777222
7352.7602018383695 775.7434353148824 8273.355000900405 1923.0578878705855
8273.355000900405 1923.0578878705855 9242.122022170755 1155.1712093353585
9242.122022170755 1155.1712093353585 8315.764141507641 0.0
8315.764141507641 0.0 7352.7602018383695 775.7434353148824
9678.743269420833 0.0 9402.122022170755 1668.466690221185
9402.122022170755 1668.466690221185 11032.41620068931 1280.0171605535074
11032.41620068931 1280.0171605535074 9678.743269420833 0.0
11541.666710638205 0.0 11295.41620068931 1362.7690722109587
11295.41620068931 1362.7690722109587 12306.520620102647 235.97710449870593
12306.520620102647 235.97710449870593 11541.666710638205 0.0
13167.988853388817 0.0 12449.520620102649 539.5978914772693
12449.520620102649 539.5978914772693 12882.086208570501 1114.1651172080656
12882.086208570501 1114.1651172080656 13600.066018695607 580.583783716452
13600.066018695607 580.583783716452 13167.988853388817 0.0
13769.066018695607 1846.3414838734936 14944.575533733396 2526.425908944726
14944.575533733396 2526.425908944726 14822.187750345893 0.0
14822.187750345893 0.0 13769.066018695607 1846.3414838734936
16347.393926699302 2075.815344791317 16587.44424862324 1838.8288485238843
16587.44424862324 1838.8288485238843 16816.818005977068 1589.5237136221613
16816.818005977068 1589.5237136221613 16666.820951556227 1169.217185955893
16666.820951556227 1169.217185955893 16516.95061578444 741.4173318722715
16516.95061578444 741.4173318722715 16226.206397159858 368.5147538261058
16226.206397159858 368.5147538261058 15936.422882715358 0.0
15936.422882715358 0.0 15566.206736425243 286.10308074608133
15566.206736425243 286.10308074608133 15192.575533733396 579.7188951055582
15192.575533733396 579.7188951055582 16347.393926699302 2075.815344791317
16961.81800597707 250.43725591486617 17306.397264853047 495.41920042524447
17306.397264853047 495.41920042524447 17129.346662713997 0.0
17129.346662713997 0.0 16961.81800597707 250.43725591486617
1300.3902435259827 2693.425908944726 60.71956378110099 3432.0982568629925
60.71956378110099 3432.0982568629925 0.0 4024.1489343680464
0.0 4024.1489343680464 1300.3902435259827 2693.425908944726
2486.3663857862593 3058.8225459738387 1510.0846617325158 2693.425908944726
1510.0846617325158 2693.425908944726 1467.5523036230725 2808.918165563043
1467.5523036230725 2808.918165563043 1421.390243525983 2927.412978014266
1421.390243525983 2927.412978014266 1534.296301688873 2985.9375878654796
1534.296301688873 2985.9375878654796 1648.6923823616057 3053.321008771008
1648.6923823616057 3053.321008771008 2021.5437001043047 3187.8153386871354
2021.5437001043047 3187.8153386871354 2386.9745826399217 3328.0200901902344
2386.9745826399217 3328.0200901902344 2437.3346255271285 3197.2108266831024
2437.3346255271285 3197.2108266831024 2486.3663857862593 3058.8225459738387
2775.5215731270337 2693.425908944726 2737.0427351406897 2913.254142951496
2737.0427351406897 2913.254142951496 2688.3663857862593 3129.9933240457303
2688.3663857862593 3129.9933240457303 3357.0493327381964 3262.8042975611597
3357.0493327381964 3262.8042975611597 4028.808876028679 3393.005217891785
4028.808876028679 3393.005217891785 4200.658588323167 3358.1642209719803
4200.658588323167 3358.1642209719803 4368.691710432473 3329.1584838606304
4368.691710432473 3329.1584838606304 4399.747294759137 3166.2805215048666
4399.747294759137 3166.2805215048666 4435.5004480732205 3006.767717935857
4435.5004480732205 3006.767717935857 3600.2717478682366 2851.1814756215595
3600.2717478682366 2851.1814756215595 2775.5215731270337 2693.425908944726
4712.5004480732205 2941.638306837191 5061.310187297898 4821.932042409897
5061.310187297898 4821.932042409897 5951.813660785661 4359.315151786444
5951.813660785661 4359.315151786444 6843.577951993339 3906.8373686511172
6843.577951993339 3906.8373686511172 6434.715562938014 3299.0083492646604
6434.715562938014 3299.0083492646604 6030.1955907874435 2693.425908944726
6030.1955907874435 2693.425908944726 5374.14573361966 2813.107279555635
5374.14573361966 2813.107279555635 4712.5004480732205 2941.638306837191
9002.624515993908 3192.6841554845732 8965.151297243077 3118.8664524133087
8965.151297243077 3118.8664524133087 8936.098303038167 3025.4404191236167
8936.098303038167 3025.4404191236167 8640.807107511242 2862.4835329618422
8640.807107511242 2862.4835329618422 8350.497167753438 2693.425908944726
8350.497167753438 2693.425908944726 7693.74754106576 2975.361658939537
7693.74754106576 2975.361658939537 7033.577951993338 3266.2500419413504
7033.577951993338 3266.2500419413504 7038.848869479331 3292.9487036260216
7038.848869479331 3292.9487036260216 7035.805190520932 3336.023794942049
7035.805190520932 3336.023794942049 8024.414196453987 3268.1933176887246
8024.414196453987 3268.1933176887246 9002.624515993908 3192.6841554845732
9593.057796274494 2693.425908944726 9399.464093910465 2823.5169911384664
9399.464093910465 2823.5169911384664 9210.62451599391 2952.9903486110047
9210.62451599391 2952.9903486110047 9589.5654867711 3507.7871954317748
9589.5654867711 3507.7871954317748 9971.257885354094 4071.0424200206626
9971.257885354094 4071.0424200206626 10169.594034405567 3936.6485411514104
10169.594034405567 3936.6485411514104 10355.347489305774 3805.331466536578
10355.347489305774 3805.331466536578 9977.01780989316 3251.96358269622
9977.01780989316 3251.96358269622 9593.057796274494 2693.425908944726
10683.172815115759 2693.425908944726 10602.018155762817 2867.889295443537
10602.018155762817 2867.889295443537 10514.347489305772 3042.8581919775775
10514.347489305772 3042.8581919775775 10629.857114011198 3206.037702754502
10629.857114011198 3206.037702754502 10738.763428440643 3362.4876334659434
10738.763428440643 3362.4876334659434 10867.312235252528 3097.1515859381743
10867.312235252528 3097.1515859381743 10991.3108819036 2837.123153675072
10991.3108819036 2837.123153675072 10839.406505715922 2758.233498989867
10839.406505715922 2758.233498989867 10683.172815115759 2693.425908944726
12449.23708451465 2693.425908944726 11768.799059000201 2948.8017416522193
11768.799059000201 2948.8017416522193 11093.3108819036 3203.8295977533303
11093.3108819036 3203.8295977533303 11432.261584958964 3399.554728833017
11432.261584958964 3399.554728833017 11776.583241232642 3590.553999617676
11776.583241232642 3590.553999617676 12222.25093096954 3423.609354633074
12222.25093096954 3423.609354633074 12663.593241844032 3260.4685597432062
12663.593241844032 3260.4685597432062 12562.104707905957 2973.011019738974
12562.104707905957 2973.011019738974 12449.23708451465 2693.425908944726
13360.39954471782 2693.425908944726 12870.593241844033 3821.658437610641
12870.593241844033 3821.658437610641 13177.281441978826 4419.688216423199
13177.281441978826 4419.688216423199 13832.018960362255 2890.350681281612
13832.018960362255 2890.350681281612 13360.39954471782 2693.425908944726
14068.018960362253 3440.3757750134464 14226.437164327976 3637.155946270943
14226.437164327976 3637.155946270943 14388.190188719262 3835.760926763813
14388.190188719262 3835.760926763813 15007.705531657726 2693.425908944726
15007.705531657726 2693.425908944726 14068.018960362253 3440.3757750134464
15538.239640652162 4075.343751095826 16402.933732462217 3709.135392760691
16402.933732462217 3709.135392760691 17051.118737270084 2693.425908944726
17051.118737270084 2693.425908944726 15274.705531657726 3451.078471495328
15274.705531657726 3451.078471495328 15538.239640652162 4075.343751095826
0.0 5336.4625030836 390.4098012301537 6297.842756321058
390.4098012301537 6297.842756321058 802.9600926300916 5542.9524704255
802.9600926300916 5542.9524704255 620.8390672584778 5087.932042409897
620.8390672584778 5087.932042409897 0.0 5336.4625030836
3007.0500507906627 5087.932042409897 2041.5541820878511 5729.251338226189
2041.5541820878511 5729.251338226189 1073.9600926300916 6363.034334600521
1073.9600926300916 6363.034334600521 1523.767843684562 6625.172471555908
1523.767843684562 6625.172471555908 1972.083160508955 6883.454349315216
1972.083160508955 6883.454349315216 2486.266321808799 5979.373437298597
2486.266321808799 5979.373437298597 3007.0500507906627 5087.932042409897
4081.462218911666 5135.479112155551 3658.8350264025717 5108.3457610590185
3658.8350264025717 5108.3457610590185 3228.461065445495 5087.932042409897
3228.461065445495 5087.932042409897 3208.0500507906627 5427.064222445566
3208.0500507906627 5427.064222445566 3311.340183142901 5621.979449561713
3311.340183142901 5621.979449561713 3416.5992397277228 5813.129255233733
3416.5992397277228 5813.129255233733 3729.982570495167 5826.505238160492
3729.982570495167 5826.505238160492 4036.165922424091 5851.404373917252
4036.165922424091 5851.404373917252 4061.840886731688 5491.737252161934
4061.840886731688 5491.737252161934 4081.462218911666 5135.479112155551
5007.940033032773 5087.932042409897 4319.462218911665 5159.332652564861
4319.462218911665 5159.332652564861 5150.070543384545 6318.409236448217
5150.070543384545 6318.409236448217 5007.940033032773 5087.932042409897
6143.473851920452 5087.932042409897 5374.070543384545 6884.613732547096
5374.070543384545 6884.613732547096 6317.711059014171 7662.777931617215
6317.711059014171 7662.777931617215 6385.597243139958 7654.79975626656
6385.597243139958 7654.79975626656 6143.473851920452 5087.932042409897
8589.962926052316 5087.932042409897 6667.597243139957 5639.91080385861
6667.597243139957 5639.91080385861 7168.48949839172 7398.507869420342
7168.48949839172 7398.507869420342 9073.544938822813 6816.924214057385
9073.544938822813 6816.924214057385 8589.962926052316 5087.932042409897
9981.300616131699 5087.932042409897 9760.887827197053 5124.180167746627
9760.887827197053 5124.180167746627 9345.544938822813 5566.900209619913
9345.544938822813 5566.900209619913 9530.2008158839 6955.436192602147
9530.2008158839 6955.436192602147 9584.90846761383 6963.324336575229
9584.90846761383 6963.324336575229 9981.300616131699 5087.932042409897
10167.300616131699 5863.254329359796 10209.868306778011 5921.769569932569
10209.868306778011 5921.769569932569 10253.691148319 5970.789193574213
10253.691148319 5970.789193574213 10794.897361533674 5694.882742276672
10794.897361533674 5694.882742276672 11322.788131073377 5423.570816757831
11322.788131073377 5423.570816757831 11032.156317978388 5087.932042409897
11032.156317978388 5087.932042409897 10601.061261147253 5476.5133656524795
10601.061261147253 5476.5133656524795 10167.300616131699 5863.254329359796
11667.805176485346 5501.376678975077 11993.40869381107 5312.289925871331
11993.40869381107 5312.289925871331 12307.485525800406 5117.283386525535
12307.485525800406 5117.283386525535 11552.78813107338 5087.932042409897
11552.78813107338 5087.932042409897 11608.539040145275 5294.385217967299
11608.539040145275 5294.385217967299 11667.805176485346 5501.376678975077
12481.485525800408 5460.629995526767 13331.456596955732 6415.2106141477725
13331.456596955732 6415.2106141477725 14183.438323404296 7370.095968733495
14183.438323404296 7370.095968733495 14344.02447875478 7230.803945880156
14344.02447875478 7230.803945880156 14497.780380395394 7092.384554980001
14497.780380395394 7092.384554980001 14464.836337314298 6939.8363709045
14464.836337314298 6939.8363709045 14425.74291533632 6792.658294774446
14425.74291533632 6792.658294774446 13660.754338077142 5941.169830592106
13660.754338077142 5941.169830592106 12903.249329284808 5087.932042409897
12903.249329284808 5087.932042409897 12696.316264848529 5279.633299146226
12696.316264848529 5279.633299146226 12481.485525800408 5460.629995526767
15795.494850472638 5404.633758276032 15255.35004258238 5242.4174786499025
15255.35004258238 5242.4174786499025 14726.871546509934 5087.932042409897
14726.871546509934 5087.932042409897 14714.33106037671 5485.734015560783
14714.33106037671 5485.734015560783 14705.780380395394 5898.913697930961
14705.780380395394 5898.913697930961 15250.249626845032 5655.371786885173
15250.249626845032 5655.371786885173 15795.494850472638 5404.633758276032
0.0 9030.502380882193 2059.011906175132 9194.042918321038
2059.011906175132 9194.042918321038 2141.45434527061 8113.977279878465
2141.45434527061 8113.977279878465 1693.6753086168303 8047.512613936498
1693.6753086168303 8047.512613936498 94.14649962938674 7914.777931617215
94.14649962938674 7914.777931617215 0.0 9030.502380882193
5140.339002193761 9335.103202301309 3694.5605306894463 7914.777931617215
3694.5605306894463 7914.777931617215 2254.4543452706093 9387.754577578526
2254.4543452706093 9387.754577578526 2422.9104667092815 9665.577099882716
2422.9104667092815 9665.577099882716 3650.4233069457373 10858.97477520618
3650.4233069457373 10858.97477520618 5140.339002193761 9335.103202301309
5256.339002193761 8290.457203153666 5603.228377698469 8370.04790142581
5603.228377698469 8370.04790142581 5951.200502860193 8437.222654783138
5951.200502860193 8437.222654783138 5917.819067967003 8181.626095126685
5917.819067967003 8181.626095126685 5875.273268692937 7914.777931617215
5875.273268692937 7914.777931617215 5561.416838482303 8106.9754129264975
5561.416838482303 8106.9754129264975 5256.339002193761 8290.457203153666
7045.669938444046 7914.777931617215 6058.200502860193 8598.258600214625
6058.200502860193 8598.258600214625 6562.007662232437 8906.588798762397
6562.007662232437 8906.588798762397 7074.448650971089 9225.892732243661
7074.448650971089 9225.892732243661 7367.361323772618 9015.732353456022
7367.361323772618 9015.732353456022 7668.955585743307 8813.767479355618
7668.955585743307 8813.767479355618 7045.669938444046 7914.777931617215
9160.265592586382 8273.252006849008 8540.978969574826 7914.777931617215
8540.978969574826 7914.777931617215 7863.955585743306 8796.444431535037
7863.955585743306 8796.444431535037 8629.712407753677 9226.001965649664
8629.712407753677 9226.001965649664 9160.265592586382 8273.252006849008
10564.885561441797 7914.777931617215 10178.915852769243 8009.421742786896
10178.915852769243 8009.421742786896 9419.265592586382 9684.628899106956
9419.265592586382 9684.628899106956 10900.449641940877 9336.326886940915
10900.449641940877 9336.326886940915 10564.885561441797 7914.777931617215
13038.283317710682 7967.879442991187 11283.727024778129 7914.777931617215
11283.727024778129 7914.777931617215 11105.449641940877 8659.822501690946
11105.449641940877 8659.822501690946 13038.283317710682 7967.879442991187
13811.838191175177 8182.997575793394 13792.229832797258 8044.211836739395
13792.229832797258 8044.211836739395 13770.24239949732 7914.777931617215
13770.24239949732 7914.777931617215 13505.45520236505 8098.679733525356
13505.45520236505 8098.679733525356 13249.283317710682 8286.36269521561
13249.283317710682 8286.36269521561 13527.527524227413 8230.546687042599
13527.527524227413 8230.546687042599 13811.838191175177 8182.997575793394
14569.639574414252 7914.777931617215 14321.38563600271 8567.933259547011
14321.38563600271 8567.933259547011 14069.838191175177 9209.240266865867
14069.838191175177 9209.240266865867 14790.72773637539 9488.7003992525
14790.72773637539 9488.7003992525 15512.760371248445 9766.122725026193
15512.760371248445 9766.122725026193 15759.166674669907 9118.886487165806
15759.166674669907 9118.886487165806 16002.784470241091 8472.998815923918
16002.784470241091 8472.998815923918 15285.385968281043 8199.185271659095
15285.385968281043 8199.185271659095 14569.639574414252 7914.777931617215
17213.891285833477 8146.047619564233 16673.012266683418 8035.58019388706
16673.012266683418 8035.58019388706 16134.784470241093 7914.777931617215
16134.784470241093 7914.777931617215 16644.52548492455 8118.668032803675
16644.52548492455 8118.668032803675 17143.493886810244 8325.005660236124
17143.493886810244 8325.005660236124 17160.573800507365 8324.171406590498
17160.573800507365 8324.171406590498 17170.895896963124 8335.191283200105
17170.895896963124 8335.191283200105 17195.8684202561 8235.974479651308
17195.8684202561 8235.974479651308 17213.891285833477 8146.047619564233
211.88952404590987 11026.97477520618 0.0 13368.764813699077
0.0 13368.764813699077 946.0608510260233 11301.890661752086
946.0608510260233 11301.890661752086 211.88952404590987 11026.97477520618
2008.6765987967665 11026.97477520618 1534.0190336518892 11256.153960429278
1534.0190336518892 11256.153960429278 1063.0608510260236 11472.832530986228
1063.0608510260236 11472.832530986228 1099.3461943577122 11568.00547944646
1099.3461943577122 11568.00547944646 1146.0295765782303 11658.820796243283
1146.0295765782303 11658.820796243283 1613.3451839785698 11434.879592793286
1613.3451839785698 11434.879592793286 2088.5858620254858 11208.35424259518
2088.5858620254858 11208.35424259518 2050.1357828922305 11115.890049261528
2050.1357828922305 11115.890049261528 2008.6765987967665 11026.97477520618
3053.846614167955 11685.14034485227 2684.035132395994 11352.77892952241
2684.035132395994 11352.77892952241 2311.5858620254858 11026.974775206181
2311.5858620254858 11026.974775206181 2376.8467012114365 11413.661425806533
2376.8467012114365 11413.661425806533 2453.8280239632913 11798.44261486926
2453.8280239632913 11798.44261486926 2750.6521757263336 11746.154942656578
2750.6521757263336 11746.154942656578 3053.846614167955 11685.14034485227
3454.744143707664 11733.929003799232 3577.2464423158035 11026.97477520618
3577.2464423158035 11026.97477520618 3261.846614167955 11698.063018664787
3261.846614167955 11698.063018664787 3454.744143707664 11733.929003799232
4835.353147267545 11354.578539507947 4851.539584191758 11026.97477520618
4851.539584191758 11026.97477520618 3830.246442315803 11319.651977812888
3830.246442315803 11319.651977812888 4835.353147267545 11354.578539507947
5005.539584191759 12781.337041629211 5386.7200311282195 12995.036476353922
5386.7200311282195 12995.036476353922 5998.236675370128 11026.97477520618
5998.236675370128 11026.97477520618 5005.539584191759 12781.337041629211
6708.748575756261 11026.97477520618 6259.236675370128 11204.133334529208
6259.236675370128 11204.133334529208 6489.144713969782 11803.963148959227
6489.144713969782 11803.963148959227 6943.635705586386 11630.710214214383
6943.635705586386 11630.710214214383 6708.748575756261 11026.97477520618
7185.635705586386 12092.906215007888 8520.139085995026 12944.894374779517
8520.139085995026 12944.894374779517 8610.116579112144 12962.29600495771
8610.116579112144 12962.29600495771 7670.656042292191 11026.97477520618
7670.656042292191 11026.97477520618 7185.635705586386 12092.906215007888
9792.47963877403 11026.97477520618 8819.116579112144 11069.393258475095
8819.116579112144 11069.393258475095 8884.561376127553 11772.970721341591
8884.561376127553 11772.970721341591 9792.47963877403 11026.97477520618
11424.430764727444 13348.258038434678 11917.104796136173 12180.530843920104
11917.104796136173 12180.530843920104 12412.391747597336 11026.97477520618
12412.391747597336 11026.97477520618 11568.014429413124 11051.523176219838
11568.014429413124 11051.523176219838 10727.639657447782 11090.706722404331
10727.639657447782 11090.706722404331 10378.00298812453 11922.966847606293
10378.00298812453 11922.966847606293 10023.47963877403 12753.710755447
10023.47963877403 12753.710755447 11424.430764727444 13348.258038434678
13282.385296772558 11026.97477520618 12662.391747597336 11369.905940617009
12662.391747597336 11369.905940617009 13345.077775364525 12869.681081748397
13345.077775364525 12869.681081748397 14081.168811679318 12450.663443430682
14081.168811679318 12450.663443430682 13282.385296772558 11026.97477520618
16326.903064970847 11922.683293176722 16237.469934328657 11547.067638665641
16237.469934328657 11547.067638665641 16151.02365252756 11160.99277469411
16151.02365252756 11160.99277469411 14968.75715110498 11026.97477520618
14968.75715110498 11026.97477520618 14612.935970962746 11723.867860273469
14612.935970962746 11723.867860273469 14256.168811679318 12418.213855648715
14256.168811679318 12418.213855648715 15295.51900562753 12174.12671163724
15295.51900562753 12174.12671163724 16326.903064970847 11922.683293176722
710.1007974775857 13578.764813699076 0.0 13940.897060548692
0.0 13940.897060548692 1153.7649813413607 14593.891384155484
1153.7649813413607 14593.891384155484 1212.8297372448724 14563.236355378793
1212.8297372448724 14563.236355378793 710.1007974775857 13578.764813699076
4070.014026965848 14564.077565703416 4095.031901046968 14074.423373582838
4095.031901046968 14074.423373582838 4110.980956413117 13578.764813699076
4110.980956413117 13578.764813699076 2777.657093868818 13785.933902602299
2777.657093868818 13785.933902602299 1433.1298327497675 13977.83979977914
1433.1298327497675 13977.83979977914 1431.4775716568734 14001.647129408526
1431.4775716568734 14001.647129408526 1427.8297372448724 14018.395845210189
1427.8297372448724 14018.395845210189 2749.505635653223 14297.702022942858
2749.505635653223 14297.702022942858 4070.014026965848 14564.077565703416
4983.52892807183 13578.764813699076 4672.390581667061 13955.963342017672
4672.390581667061 13955.963342017672 4366.577761464961 14337.044087766146
4366.577761464961 14337.044087766146 4290.17087671664 14654.051949730092
4290.17087671664 14654.051949730092 4217.980956413117 14975.769610903742
4217.980956413117 14975.769610903742 4709.252518182324 14363.299020570808
4709.252518182324 14363.299020570808 5194.370797676982 13756.848115083145
5194.370797676982 13756.848115083145 5088.587433342093 13671.670897862336
5088.587433342093 13671.670897862336 4983.52892807183 13578.764813699076
5306.370797676982 13929.072864097107 5407.625486202381 13959.722330412016
5407.625486202381 13959.722330412016 5496.757164554735 13994.52413063862
5496.757164554735 13994.52413063862 5949.863895858402 13960.356345033277
5949.863895858402 13960.356345033277 6394.806848604281 13918.863794192206
6394.806848604281 13918.863794192206 5918.642764968414 13750.408041638231
5918.642764968414 13750.408041638231 5437.406133178536 13578.764813699076
5437.406133178536 13578.764813699076 5306.370797676982 13929.072864097107
6528.806848604281 13617.095511019616 6539.677368642376 14380.112457243657
6539.677368642376 14380.112457243657 6860.3536126455165 14374.025153323415
6860.3536126455165 14374.025153323415 8981.53658794906 14090.184296136427
8981.53658794906 14090.184296136427 8972.499976647312 13578.764813699076
8972.499976647312 13578.764813699076 6528.806848604281 13617.095511019616
10106.067000148767 13578.764813699076 9146.53658794906 14681.227766807546
9146.53658794906 14681.227766807546 9454.273372638072 15545.881388211154
9454.273372638072 15545.881388211154 10706.456754946788 14100.908000872789
10706.456754946788 14100.908000872789 10106.067000148767 13578.764813699076
11565.690435399949 13578.764813699076 11118.715642380643 13798.259965026851
11118.715642380643 13798.259965026851 10947.456754946788 14992.721202467263
10947.456754946788 14992.721202467263 11554.912937796913 16226.010570833589
11554.912937796913 16226.010570833589 12615.682396229455 15705.2645345041
12615.682396229455 15705.2645345041 11565.690435399949 13578.764813699076
12763.682396229455 14671.167479050993 14474.886982166936 16045.661984520633
14474.886982166936 16045.661984520633 15601.328352676548 15535.487150881883
15601.328352676548 15535.487150881883 15776.546779143966 15306.058728324593
15776.546779143966 15306.058728324593 13638.414993137458 13578.764813699076
13638.414993137458 13578.764813699076 12763.682396229455 14671.167479050993
0.0 17295.42259316119 209.2639768664673 17800.44388198965
209.2639768664673 17800.44388198965 420.85757816059896 18297.30841988687
420.85757816059896 18297.30841988687 1243.5306738340987 17947.165391333612
1243.5306738340987 17947.165391333612 2065.4102002029986 17604.408080393965
2065.4102002029986 17604.408080393965 2225.9064575035845 17438.91580192697
2225.9064575035845 17438.91580192697 2392.1720639373434 17271.590271586447
2392.1720639373434 17271.590271586447 2213.33160699483 16852.953237903865
2213.33160699483 16852.953237903865 2036.975157161953 16430.01057083359
2036.975157161953 16430.01057083359 1016.4385684696708 16862.05256406928
1016.4385684696708 16862.05256406928 0.0 17295.42259316119
3181.3492826183965 16801.816752685416 2938.71503388366 16430.01057083359
2938.71503388366 16430.01057083359 2675.1720639373434 16806.091425755294
2675.1720639373434 16806.091425755294 2836.212417691561 17042.285974850718
2836.212417691561 17042.285974850718 3181.3492826183965 16801.816752685416
4508.03416786184 16786.791082286793 4430.205205723143 16604.65960027066
4430.205205723143 16604.65960027066 4350.487455916626 16430.01057083359
4350.487455916626 16430.01057083359 3848.162367405101 16480.184331679986
3848.162367405101 16480.184331679986 3343.3492826183965 16532.346581064034
3343.3492826183965 16532.346581064034 3921.864170294336 16661.561328642696
3921.864170294336 16661.561328642696 4508.03416786184 16786.791082286793
6311.850859314754 16430.01057083359 5526.842644684141 16923.463761083593
5526.842644684141 16923.463761083593 4738.482848476583 17403.10833868899
4738.482848476583 17403.10833868899 4693.03416786184 18249.624115404462
4693.03416786184 18249.624115404462 6679.024116818121 17029.09490433384
6679.024116818121 17029.09490433384 6498.94299298189 16731.371874683482
6498.94299298189 16731.371874683482 6311.850859314754 16430.01057083359
6946.024116818121 16550.323475390396 7167.92316567671 17417.780415606394
7167.92316567671 17417.780415606394 7631.570080424452 17294.205138883714
7631.570080424452 17294.205138883714 7413.810683079557 16430.01057083359
7413.810683079557 16430.01057083359 6946.024116818121 16550.323475390396
9234.48645740544 17673.5920268732 8582.377470222733 16430.01057083359
8582.377470222733 16430.01057083359 7896.570080424452 16835.87873575693
7896.570080424452 16835.87873575693 9234.48645740544 17673.5920268732
10663.916789779592 18827.049171241495 10984.365804090878 17890.008573773554
10984.365804090878 17890.008573773554 11300.270317306822 16947.415540407703
11300.270317306822 16947.415540407703 10731.247740424169 16690.367833231656
10731.247740424169 16690.367833231656 10162.904751380847 16430.01057083359
10162.904751380847 16430.01057083359 9480.48645740544 18421.87635572968
9480.48645740544 18421.87635572968 10077.17285965023 18629.267774746026
10077.17285965023 18629.267774746026 10663.916789779592 18827.049171241495
12588.554878851342 16613.134779322547 12309.124291389504 16517.068765429573
12309.124291389504 16517.068765429573 12027.32972832122 16430.01057083359
12027.32972832122 16430.01057083359 11776.645059413086 17187.1924906537
11776.645059413086 17187.1924906537 11527.27031730682 17952.501261219208
11527.27031730682 17952.501261219208 11883.081791378963 18521.313380804633
11883.081791378963 18521.313380804633 11916.420759082705 18535.371871368083
11916.420759082705 18535.371871368083 11951.862231882285 18548.914880281012
11951.862231882285 18548.914880281012 12278.546795703007 17583.851494200197
12278.546795703007 17583.851494200197 12588.554878851342 16613.134779322547
12719.554878851342 16430.01057083359 13421.783538613783 17738.41510914366
13421.783538613783 17738.41510914366 13743.920031721773 17274.31450598519
13743.920031721773 17274.31450598519 12719.554878851342 16430.01057083359
14827.181230885342 17835.960541925742 13903.920031721773 16430.01057083359
13903.920031721773 16430.01057083359 14280.177989298256 17524.557226052042
14280.177989298256 17524.557226052042 14827.181230885342 17835.960541925742
15500.059632454713 16608.392746112448 15490.40942037675 16524.822351144845
15490.40942037675 16524.822351144845 15475.735939852198 16430.01057083359
15475.735939852198 16430.01057083359 15225.411140821023 16556.05589541077
15225.411140821023 16556.05589541077 14984.18123088534 16685.14469277231
14984.18123088534 16685.14469277231 15237.040808047377 16653.8264199039
15237.040808047377 16653.8264199039 15500.059632454713 16608.392746112448
16952.096781729837 16430.01057083359 15706.059632454713 17779.91415536297
15706.059632454713 17779.91415536297 16110.161325973588 18071.806857991432
16110.161325973588 18071.806857991432 16952.096781729837 16430.01057083359
828.1493225732083 20403.783623319552 735.0811323734303 19661.769181015465
735.0811323734303 19661.769181015465 634.8083431328804 18924.049171241495
634.8083431328804 18924.049171241495 322.262811395918 19713.713471050345
322.262811395918 19713.713471050345 0.0 20511.767932608767
0.0 20511.767932608767 410.13511549059496 20460.369031219576
410.13511549059496 20460.369031219576 828.1493225732083 20403.783623319552
2360.8257071305457 20087.700081306622 2724.7559832864563 19588.644353001004
2724.7559832864563 19588.644353001004 1113.1909868164676 18924.049171241495
1113.1909868164676 18924.049171241495 991.1493225732083 19079.283550438457
991.1493225732083 19079.283550438457 2360.8257071305457 20087.700081306622
2930.7559832864563 19065.77898880993 3630.300679406595 20039.79062261085
3630.300679406595 20039.79062261085 3821.59995529401 19903.937494143083
3821.59995529401 19903.937494143083 3111.4190982880446 18924.049171241495
3111.4190982880446 18924.049171241495 2930.7559832864563 19065.77898880993
5562.36133077249 19900.2369634046 5524.960454147655 19419.423404390724
5524.960454147655 19419.423404390724 5487.804264646704 18924.049171241495
5487.804264646704 18924.049171241495 4699.475767458483 19045.39284359027
4699.475767458483 19045.39284359027 3915.5999552940098 19176.658330833292
3915.5999552940098 19176.658330833292 3950.708911572688 19601.928437591163
3950.708911572688 19601.928437591163 3978.341746335712 20031.306860481327
3978.341746335712 20031.306860481327 4777.817605413863 19967.66945702829
4777.817605413863 19967.66945702829 5562.36133077249 19900.2369634046
6281.615186947639 19027.79711969477 6005.905411690201 18924.049171241495
6005.905411690201 18924.049171241495 5730.36133077249 20335.744413503075
5730.36133077249 20335.744413503075 5822.042431401724 20370.830218441206
5822.042431401724 20370.830218441206 6281.615186947639 19027.79711969477
7512.748853467984 19784.68536779672 6801.8976498124775 18924.049171241495
6801.8976498124775 18924.049171241495 6385.615186947638 19231.580461280202
6385.615186947638 19231.580461280202 7110.439234735757 20115.745246102204
7110.439234735757 20115.745246102204 7512.748853467984 19784.68536779672
7729.748853467985 20665.604944550076 7873.240280741176 20675.80345545157
7873.240280741176 20675.80345545157 8010.167910294119 20692.695816056985
8010.167910294119 20692.695816056985 8086.4453189963815 19815.520634169727
8086.4453189963815 19815.520634169727 8163.713236901238 18953.35798328425
8163.713236901238 18953.35798328425 8017.383621703979 18940.448681772366
8017.383621703979 18940.448681772366 7878.046578226837 18924.049171241495
7878.046578226837 18924.049171241495 7801.189430636282 19795.174591236322
7801.189430636282 19795.174591236322 7729.748853467985 20665.604944550076
8834.622967212943 18924.049171241495 8417.713236901238 19172.168525310033
8417.713236901238 19172.168525310033 9196.182465947348 20495.527919680146
9196.182465947348 20495.527919680146 9469.980010248084 20503.076547657154
9469.980010248084 20503.076547657154 9692.935079513833 20366.067818965632
9692.935079513833 20366.067818965632 8834.622967212943 18924.049171241495
11026.743834782548 19100.274271538015 10021.456779369339 18924.049171241495
10021.456779369339 18924.049171241495 9936.935079513833 19374.67508346316
9936.935079513833 19374.67508346316 10953.633238428794 19559.2468694467
10953.633238428794 19559.2468694467 11026.743834782548 19100.274271538015
11490.743830371328 18924.049171241495 11330.34678463888 19120.388158655576
11330.34678463888 19120.388158655576 11171.74383478255 19324.924423750013
11171.74383478255 19324.924423750013 11785.787551710886 19494.80287556193
11785.787551710886 19494.80287556193 12398.95857462062 19649.29742493483
12398.95857462062 19649.29742493483 11948.61596936857 19291.96784021237
11948.61596936857 19291.96784021237 11490.743830371328 18924.049171241495
12591.95857462062 19217.38745226488 12801.352109256964 19533.55546302648
12801.352109256964 19533.55546302648 13013.631212778515 19853.758296582462
13013.631212778515 19853.758296582462 13106.963113979644 19518.686638546224
13106.963113979644 19518.686638546224 13198.421827680226 19179.85142475781
13198.421827680226 19179.85142475781 13114.308039419393 19054.68577379803
13114.308039419393 19054.68577379803 13023.855561101915 18924.049171241495
13023.855561101915 18924.049171241495 12810.495140873149 19066.46397236057
12810.495140873149 19066.46397236057 12591.95857462062 19217.38745226488
13710.966361916577 20658.208322264134 14863.259843561787 18934.945517248856
14863.259843561787 18934.945517248856 14823.734357122088 18924.049171241495
14823.734357122088 18924.049171241495 13380.421827680226 20007.101851285868
13380.421827680226 20007.101851285868 13710.966361916577 20658.208322264134
15138.843461584853 18924.049171241495 15061.443195901415 19387.07087761068
15061.443195901415 19387.07087761068 14974.259843561787 19847.567779710476
14974.259843561787 19847.567779710476 15969.056681428008 19895.284214359992
15969.056681428008 19895.284214359992 16950.738773701738 19938.177333820197
16950.738773701738 19938.177333820197 17007.023858167508 19600.72018368957
17007.023858167508 19600.72018368957 17066.808335122456 19251.12298848329
17066.808335122456 19251.12298848329 16100.927483073896 19091.224484488383
16100.927483073896 19091.224484488383 15138.843461584853 18924.049171241495
748.1622374582589 21979.92100843215 708.4174285134294 21442.91656522593
708.4174285134294 21442.91656522593 675.5853739635347 20900.695816056985
675.5853739635347 20900.695816056985 341.85031742605753 21091.22513678344
341.85031742605753 21091.22513678344 0.0 21269.46231946255
0.0 21269.46231946255 40.251817939852344 22014.316611516944
40.251817939852344 22014.316611516944 398.1453917729863 22001.714006349233
398.1453917729863 22001.714006349233 748.1622374582589 21979.92100843215
1183.0167714877798 20900.695816056985 937.1622374582589 21777.276638748954
937.1622374582589 21777.276638748954 1090.6482505040417 21816.424372855403
1090.6482505040417 21816.424372855403 1326.0197824729894 20942.656800914607
1326.0197824729894 20942.656800914607 1183.0167714877798 20900.695816056985
3129.089137184458 21964.073384570947 1520.0197824729894 20900.695816056985
1520.0197824729894 20900.695816056985 1598.9030984447943 21787.655459620022
1598.9030984447943 21787.655459620022 2738.911353938311 22542.45650602872
2738.911353938311 22542.45650602872 3129.089137184458 21964.073384570947
4089.9767162736707 22297.422179860587 3704.736521508255 20900.695816056985
3704.736521508255 20900.695816056985 3371.089137184458 21983.77876608561
3371.089137184458 21983.77876608561 4089.9767162736707 22297.422179860587
5160.102902201154 22596.072771436775 4854.851104282052 20900.695816056985
4854.851104282052 20900.695816056985 4228.976716273671 22107.636737799043
4228.976716273671 22107.636737799043 5160.102902201154 22596.072771436775
6151.966619881267 20900.695816056985 5749.758810159283 21372.46285140577
5749.758810159283 21372.46285140577 5364.102902201155 21838.22767586162
5364.102902201155 21838.22767586162 5500.42564670636 21953.288497035686
5500.42564670636 21953.288497035686 5642.110340423129 22068.585723679436
5642.110340423129 22068.585723679436 6028.81129246424 21597.69949458051
6028.81129246424 21597.69949458051 6420.936392346051 21127.32741996226
6420.936392346051 21127.32741996226 6280.38899594381 21012.241155788466
6280.38899594381 21012.241155788466 6151.966619881267 20900.695816056985
6692.936392346051 21127.74001650598 7095.753375130815 21403.108357233777
7095.753375130815 21403.108357233777 7500.252157810898 21680.988418800574
7500.252157810898 21680.988418800574 7581.424109879497 21563.233967770648
7581.424109879497 21563.233967770648 7657.601995218698 21449.753630934465
7657.601995218698 21449.753630934465 7250.004834322669 21174.132872489718
7250.004834322669 21174.132872489718 6849.162497447508 20900.695816056985
6849.162497447508 20900.695816056985 6777.937222294721 21010.684122160674
6777.937222294721 21010.684122160674 6692.936392346051 21127.74001650598
7901.601995218699 22478.500682234517 8349.032188068872 22796.06925731965
8349.032188068872 22796.06925731965 10287.586852246945 21796.301496371805
10287.586852246945 21796.301496371805 9013.282222235344 20900.695816056985
9013.282222235344 20900.695816056985 7901.601995218699 22478.500682234517
11453.24726605332 20952.618743281655 10506.683962894893 20900.695816056985
10506.683962894893 20900.695816056985 10416.586852246943 22011.15227715421
10416.586852246943 22011.15227715421 11397.083294247353 22063.190539636526
11397.083294247353 22063.190539636526 11453.24726605332 20952.618743281655
13893.59085948614 21899.558723132315 13470.611497453165 21399.829136119843
13470.611497453165 21399.829136119843 13046.175009144814 20900.695816056985
13046.175009144814 20900.695816056985 12300.738692958694 21500.147187300165
12300.738692958694 21500.147187300165 11559.24726605332 22104.008913820187
11559.24726605332 22104.008913820187 11990.23743338061 22622.407619855385
11990.23743338061 22622.407619855385 12425.735131951056 23138.181831310285
12425.735131951056 23138.181831310285 13158.275676152214 22521.615657342652
13158.275676152214 22521.615657342652 13893.59085948614 21899.558723132315
14043.59085948614 21209.61319677554 14352.428952347916 21812.512679911735
14352.428952347916 21812.512679911735 14648.384977588676 20900.695816056985
14648.384977588676 20900.695816056985 14043.59085948614 21209.61319677554
14913.384977588677 21072.001332827254 15169.734499314878 21150.210304200187
15169.734499314878 21150.210304200187 15429.77286984028 21240.574252477374
15429.77286984028 21240.574252477374 15340.800242275838 21067.46566124654
15340.800242275838 21067.46566124654 15252.796383641738 20900.695816056985
15252.796383641738 20900.695816056985 15080.541527077226 20988.95067966165
15080.541527077226 20988.95067966165 14913.384977588677 21072.001332827254
17024.70356152942 21371.242159291924 15708.772869840279 20900.695816056985
15708.772869840279 20900.695816056985 15947.145355429648 22253.119188923312
15947.145355429648 22253.119188923312 16617.816323993953 22495.1647051757
16617.816323993953 22495.1647051757 17024.70356152942 21371.242159291924
272.3116708923389 23465.401746746338 0.0 23352.18183131028
0.0 23352.18183131028 79.91253108553352 23683.240981683517
79.91253108553352 23683.240981683517 272.3116708923389 23465.401746746338
959.0906659231559 23352.18183131028 684.7903406005346 23826.710080853154
684.7903406005346 23826.710080853154 419.31167089233895 24301.577508096383
419.31167089233895 24301.577508096383 1177.7751190919432 24459.49535204966
1177.7751190919432 24459.49535204966 1937.4466515653212 24606.228146826612
1937.4466515653212 24606.228146826612 2092.961478989979 24346.357513257826
2092.961478989979 24346.357513257826 2241.588781762087 24082.119709139995
2241.588781762087 24082.119709139995 1600.5294811429321 23712.784060364495
1600.5294811429321 23712.784060364495 959.0906659231559 23352.18183131028
2490.265921170065 23352.18183131028 2460.472305076906 23535.35782464845
2460.472305076906 23535.35782464845 2422.588781762087 23712.396776702437
2422.588781762087 23712.396776702437 3409.8698102311173 23711.227473962088
3409.8698102311173 23711.227473962088 4390.023180849811 23707.325196611077
4390.023180849811 23707.325196611077 3437.30083708835 23532.25272706996
3437.30083708835 23532.25272706996 2490.265921170065 23352.18183131028
4611.023180849811 23371.760407980913 4625.456687516767 23861.467320246174
4625.456687516767 23861.467320246174 5015.372067162638 23747.60392387044
5015.372067162638 23747.60392387044 5413.152791030438 23638.805892302607
5413.152791030438 23638.805892302607 5403.858904586303 23496.40603442693
5403.858904586303 23496.40603442693 5407.839038006476 23352.18183131028
5407.839038006476 23352.18183131028 5011.965221064786 23359.69402458931
5011.965221064786 23359.69402458931 4611.023180849811 23371.760407980913
5763.372527190505 24530.690628642467 6447.168374941448 24306.949176045833
6447.168374941448 24306.949176045833 5579.91685962779 23352.18183131028
5579.91685962779 23352.18183131028 5537.152791030438 23381.959280290906
5537.152791030438 23381.959280290906 5763.372527190505 24530.690628642467
6577.168374941448 23441.272568145076 6620.4775492209465 23701.246947162246
6620.4775492209465 23701.246947162246 6672.215618599682 23963.207165433498
6672.215618599682 23963.207165433498 6870.190611798162 23657.058517359623
6870.190611798162 23657.058517359623 7061.8136102444005 23352.18183131028
7061.8136102444005 23352.18183131028 6821.363678129984 23399.99362137652
6821.363678129984 23399.99362137652 6577.168374941448 23441.272568145076
7248.8136102444005 23829.913895492595 7445.966095415142 24270.751198500304
7445.966095415142 24270.751198500304 8934.218851047171 24775.295953159628
8934.218851047171 24775.295953159628 8274.343110537797 23352.18183131028
8274.343110537797 23352.18183131028 7248.8136102444005 23829.913895492595
9127.218851047171 23928.191024873588 9335.779194178409 24060.706961735305
9335.779194178409 24060.706961735305 9503.182549596722 23352.18183131028
9503.182549596722 23352.18183131028 9127.218851047171 23928.191024873588
10215.808189679292 24848.0513326652 10707.1716538213 24334.93679851314
10707.1716538213 24334.93679851314 11199.479709379659 23824.651679063183
11199.479709379659 23824.651679063183 10697.266022761805 23352.18183131028
10697.266022761805 23352.18183131028 10205.251332602646 23861.305976397383
10205.251332602646 23861.305976397383 9720.182549596722 24376.260539707433
9720.182549596722 24376.260539707433 10215.808189679292 24848.0513326652
11405.603598049656 24693.353132814344 11691.27907229095 24403.793786446502
11691.27907229095 24403.793786446502 11981.381019192966 24125.97041627813
11981.381019192966 24125.97041627813 11663.192764587498 23735.11830271896
11663.192764587498 23735.11830271896 11340.479709379659 23352.181831310278
11340.479709379659 23352.181831310278 11367.038209695736 24020.409825441286
11367.038209695736 24020.409825441286 11405.603598049656 24693.353132814344
13513.381385102608 24162.70373446656 13476.935728231598 23752.70139644624
13476.935728231598 23752.70139644624 13423.241807946479 23352.18183131028
13423.241807946479 23352.18183131028 12813.588021515325 23418.59257824377
12813.588021515325 23418.59257824377 12208.989292379429 23490.70039965762
12208.989292379429 23490.70039965762 12152.591723343623 23902.716408162505
12152.591723343623 23902.716408162505 12093.381019192966 24324.353712169795
12093.381019192966 24324.353712169795 12810.179047800822 24241.89854780279
12810.179047800822 24241.89854780279 13513.381385102608 24162.70373446656
14991.565865889486 24121.766283212924 14736.010805232474 23735.287245070063
14736.010805232474 23735.287245070063 14488.507528532118 23352.18183131028
14488.507528532118 23352.18183131028 14106.509224983327 23599.259865147415
14106.509224983327 23599.259865147415 13732.391479293226 23843.74290799494
13732.391479293226 23843.74290799494 13691.151729973199 23883.84508124209
13691.151729973199 23883.84508124209 13646.381385102606 23936.885406484544
13646.381385102606 23936.885406484544 13894.107749040162 24304.83899361589
13894.107749040162 24304.83899361589 14138.862827557723 24677.33548528923
14138.862827557723 24677.33548528923 14566.485079571734 24396.68920654056
14566.485079571734 24396.68920654056 14991.565865889486 24121.766283212924
16704.181706335035 23691.949934931192 15148.565865889486 23352.18183131028
15148.565865889486 23352.18183131028 16644.260121335134 24003.003486957627
16644.260121335134 24003.003486957627 16704.181706335035 23691.949934931192
1802.6907870780371 24948.0513326652 904.8387336890293 25039.640090617613
904.8387336890293 25039.640090617613 0.0 25137.893181747306
0.0 25137.893181747306 23.266498184466627 25394.285875813588
23.266498184466627 25394.285875813588 51.87750995081524 25657.81156698189
51.87750995081524 25657.81156698189 319.92173358222885 25899.869901235546
319.92173358222885 25899.869901235546 587.6877141802258 26126.411463399178
587.6877141802258 26126.411463399178 1245.778783384223 26058.9401609911
1245.778783384223 26058.9401609911 1919.3403401554015 25984.530505771996
1919.3403401554015 25984.530505771996 1863.7474133196688 25467.759184967123
1863.7474133196688 25467.759184967123 1802.6907870780371 24948.0513326652
2154.3403401554015 26108.564235039794 2809.353825919402 26522.987992367103
2809.353825919402 26522.987992367103 3460.087913140191 26943.526339645647
3460.087913140191 26943.526339645647 3424.6888230687573 26101.197737077833
3424.6888230687573 26101.197737077833 3406.829705186722 25259.268386519267
3406.829705186722 25259.268386519267 3159.8294866598835 25099.546716246372
3159.8294866598835 25099.546716246372 2912.1339528886974 24948.0513326652
2912.1339528886974 24948.0513326652 2534.273911651574 25522.08101529569
2534.273911651574 25522.08101529569 2154.3403401554015 26108.564235039794
4021.3144746019952 24948.0513326652 3827.6178616741067 25257.103441562507
3827.6178616741067 25257.103441562507 3641.0879131401916 25550.083046594533
3641.0879131401916 25550.083046594533 4463.938665686282 26076.924687092127
4463.938665686282 26076.924687092127 5275.429966193717 26591.88171568915
5275.429966193717 26591.88171568915 5431.911209570951 26455.10029972304
5431.911209570951 26455.10029972304 5582.722151360467 26306.04490546554
5582.722151360467 26306.04490546554 5665.815805386339 26183.298830614873
5665.815805386339 26183.298830614873 5749.878441145633 26048.22665946317
5749.878441145633 26048.22665946317 4886.8513097390305 25504.45345998035
4886.8513097390305 25504.45345998035 4021.3144746019952 24948.0513326652
6751.466051480379 26986.438422556676 6644.071793474088 24948.0513326652
6644.071793474088 24948.0513326652 5960.878441145633 24983.285689074033
5960.878441145633 24983.285689074033 6057.7396419714905 27019.171086666054
6057.7396419714905 27019.171086666054 6751.466051480379 26986.438422556676
7906.1931375435925 24948.0513326652 7203.057036871146 25233.042220385054
7203.057036871146 25233.042220385054 7013.466051480378 26378.744296003777
7013.466051480378 26378.744296003777 7651.438955591328 26478.69743850179
7651.438955591328 26478.69743850179 7906.1931375435925 24948.0513326652
8129.193137543593 25961.33619279388 9334.100784272454 26082.568145497113
9334.100784272454 26082.568145497113 9432.334250326425 25072.24077065287
9432.334250326425 25072.24077065287 8240.69696865476 24948.0513326652
8240.69696865476 24948.0513326652 8129.193137543593 25961.33619279388
10059.175131317035 27044.553467073238 11313.765743586764 25203.752586813673
11313.765743586764 25203.752586813673 10942.679090648417 24948.0513326652
10942.679090648417 24948.0513326652 10636.31447639417 25378.875251739428
10636.31447639417 25378.875251739428 9673.334250326425 26783.674838082265
9673.334250326425 26783.674838082265 10059.175131317035 27044.553467073238
11496.765743586764 25733.682635204823 13517.46214266374 26176.301639083136
13517.46214266374 26176.301639083136 13032.334309265796 24948.0513326652
13032.334309265796 24948.0513326652 11496.765743586764 25733.682635204823
14789.232667898099 26002.133857700643 14121.670593232513 24948.0513326652
14121.670593232513 24948.0513326652 13946.060059580976 25059.258140717353
13946.060059580976 25059.258140717353 13761.462142663739 25346.28627535224
13761.462142663739 25346.28627535224 14354.022464071219 26280.99118288916
14354.022464071219 26280.99118288916 14789.232667898099 26002.133857700643
15208.213164565946 24948.0513326652 14912.2326678981 25348.05749143024
14912.2326678981 25348.05749143024 15453.407550094242 25434.81960215843
15453.407550094242 25434.81960215843 15987.51962173827 25504.894231619448
15987.51962173827 25504.894231619448 15605.657461119681 25222.45282376035
15605.657461119681 25222.45282376035 15208.213164565946 24948.0513326652
1694.6698227505199 28127.551415786937 551.7826632660842 27197.553467073234
551.7826632660842 27197.553467073234 0.0 27561.62664426107
0.0 27561.62664426107 1694.6698227505199 28127.551415786937
1824.6698227505199 27580.568807901476 1940.0281136660758 27853.876207592646
1940.0281136660758 27853.876207592646 2879.0156415315205 27499.303819743367
2879.0156415315205 27499.303819743367 2753.5316335635166 27197.553467073234
2753.5316335635166 27197.553467073234 1824.6698227505199 27580.568807901476
4388.998293391662 29730.28195135345 5025.333083696839 28853.69767427469
5025.333083696839 28853.69767427469 5653.877734331672 27983.663084814612
5653.877734331672 27983.663084814612 5117.512884818978 27587.518793619154
5117.512884818978 27587.518793619154 4565.753839119528 27197.553467073234
4565.753839119528 27197.553467073234 4312.778436954201 27383.046479633136
4312.778436954201 27383.046479633136 4063.851436710142 27585.210549706993
4063.851436710142 27585.210549706993 3607.8238282747084 28204.964127552907
3607.8238282747084 28204.964127552907 3153.0156415315205 28836.991393157467
3153.0156415315205 28836.991393157467 3775.0518729528967 29282.97674464415
3775.0518729528967 29282.97674464415 4388.998293391662 29730.28195135345
6602.994653469574 28918.778359794807 6664.868089417429 28067.42324286619
6664.868089417429 28067.42324286619 6726.774501783502 27197.553467073234
6726.774501783502 27197.553467073234 6272.20818714034 27725.934106405726
6272.20818714034 27725.934106405726 5825.877734331673 28258.053338928377
5825.877734331673 28258.053338928377 6212.728189184112 28592.348438887504
6212.728189184112 28592.348438887504 6602.994653469574 28918.778359794807
7728.132436468057 27197.553467073234 7300.606419553201 27487.66430586102
7300.606419553201 27487.66430586102 6866.774501783502 27776.914130276902
6866.774501783502 27776.914130276902 7798.9802713067675 27302.83940691851
7798.9802713067675 27302.83940691851 7760.828850020657 27249.281982249646
7760.828850020657 27249.281982249646 7728.132436468057 27197.553467073234
8618.48158638873 27197.553467073234 7979.9802713067675 27210.96779313218
7979.9802713067675 27210.96779313218 7988.454933271106 27383.36745451523
7988.454933271106 27383.36745451523 8332.302999377183 27723.10965681259
8332.302999377183 27723.10965681259 8628.323296943514 27710.328254073473
8628.323296943514 27710.328254073473 8618.48158638873 27197.553467073234
8973.328252406507 27197.553467073234 8897.083789311555 27446.698906989935
8897.083789311555 27446.698906989935 8821.323296943514 27692.968241693
8821.323296943514 27692.968241693 9083.829088706325 27505.905242572895
9083.829088706325 27505.905242572895 9342.407437069125 27308.046535168356
9342.407437069125 27308.046535168356 9161.557287703763 27261.859854715527
9161.557287703763 27261.859854715527 8973.328252406507 27197.553467073234
9533.407437069125 28478.534457768987 9556.817494337438 28525.720985114287
9556.817494337438 28525.720985114287 9581.146837268 28560.87635110613
9581.146837268 28560.87635110613 10653.309769960491 28545.792611347297
10653.309769960491 28545.792611347297 11717.763453399251 28526.621523229627
11717.763453399251 28526.621523229627 11678.529820853535 27865.714898129285
11678.529820853535 27865.714898129285 11626.582045934563 27197.553467073234
11626.582045934563 27197.553467073234 10585.7911142801 27839.581309764464
10585.7911142801 27839.581309764464 9533.407437069125 28478.534457768987
12023.231252806325 27197.553467073234 11816.763453399251 28700.116075828486
11816.763453399251 28700.116075828486 12425.215387809501 28784.335343762265
12425.215387809501 28784.335343762265 12832.357641657636 28791.070258586555
12832.357641657636 28791.070258586555 13029.771705302031 27327.358696729254
13029.771705302031 27327.358696729254 12023.231252806325 27197.553467073234
13124.771705302031 27808.317252566114 13538.809176403 29430.29991685969
13538.809176403 29430.29991685969 15558.398473368314 28913.20637313422
15558.398473368314 28913.20637313422 15817.854082565274 28489.759538849274
15817.854082565274 28489.759538849274 15479.057326531936 27197.553467073234
15479.057326531936 27197.553467073234 13124.771705302031 27808.317252566114
0.0 30628.842689794128 1588.3839210261817 30259.442873602522
1588.3839210261817 30259.442873602522 133.8917268306552 29962.281951353445
133.8917268306552 29962.281951353445 0.0 30628.842689794128
3416.0191245130136 30279.197889540494 2129.1693926247635 29962.281951353445
2129.1693926247635 29962.281951353445 1867.3839210261815 31031.13851670242
1867.3839210261815 31031.13851670242 3143.447423867943 31356.852106464296
3143.447423867943 31356.852106464296 3416.0191245130136 30279.197889540494
5997.058254478577 30122.05358694162 3510.019124513013 29962.281951353445
3510.019124513013 29962.281951353445 4958.50521126905 31276.20690026882
4958.50521126905 31276.20690026882 5997.058254478577 30122.05358694162
6176.0582544785775 31257.19557126593 7833.998802249254 31730.24553189206
7833.998802249254 31730.24553189206 8177.1128900747735 30530.634823775123
8177.1128900747735 30530.634823775123 7978.729023361098 30373.425132310625
7978.729023361098 30373.425132310625 6542.608693486994 29962.281951353445
6542.608693486994 29962.281951353445 6176.0582544785775 31257.19557126593
8906.213352470699 32251.24135342054 9447.387214234544 31785.639861852356
9447.387214234544 31785.639861852356 9994.365174510216 31329.999960647492
9994.365174510216 31329.999960647492 10187.938165179097 30649.969270937
10187.938165179097 30649.969270937 10391.803644477342 29962.281951353445
10391.803644477342 29962.281951353445 8396.112890074774 31657.126479166956
8396.112890074774 31657.126479166956 8651.329329488413 31945.79898993437
8651.329329488413 31945.79898993437 8906.213352470699 32251.24135342054
10622.803644477342 29962.281951353445 10629.750685131763 30003.052383655235
10629.750685131763 30003.052383655235 10627.382815099561 30042.363111992923
10627.382815099561 30042.363111992923 11730.04809271381 30490.82252455125
11730.04809271381 30490.82252455125 12827.335379977509 30942.645902501485
12827.335379977509 30942.645902501485 12848.17265387107 30512.777215559116
12848.17265387107 30512.777215559116 12872.00022981044 30081.086847819388
12872.00022981044 30081.086847819388 11746.902425764081 30023.21142791498
11746.902425764081 30023.21142791498 10622.803644477342 29962.281951353445
14422.037243975397 29962.281951353445 13715.479929230507 30142.570777075896
13715.479929230507 30142.570777075896 13020.000229810437 30325.66734435762
13020.000229810437 30325.66734435762 13760.200696683441 30283.940899661113
13760.200696683441 30283.940899661113 14499.627573812862 30253.30522850248
14499.627573812862 30253.30522850248 14464.863166927687 30105.227702935248
14464.863166927687 30105.227702935248 14422.037243975397 29962.281951353445
14906.212308213713 29962.281951353445 14697.627573812862 30715.375421666446
14697.627573812862 30715.375421666446 15433.511879485432 32129.500775463093
15433.511879485432 32129.500775463093 16091.549093405753 31681.115073774374
16091.549093405753 31681.115073774374 14906.212308213713 29962.281951353445
1934.2414792708666 33393.33178612568 1799.4890518635452 32945.886256966965
1799.4890518635452 32945.886256966965 1663.4970757781834 32500.241353420544
1663.4970757781834 32500.241353420544 837.412111736154 32599.860930504085
837.412111736154 32599.860930504085 0.0 32706.92592746042
0.0 32706.92592746042 176.65994793666823 33287.23405034819
176.65994793666823 33287.23405034819 349.8165339791958 33866.78783568359
349.8165339791958 33866.78783568359 1136.0369263994587 33628.343748699524
1136.0369263994587 33628.343748699524 1934.2414792708666 33393.33178612568
2039.2414792708669 33870.452307984764 3456.607859327933 34185.48114499674
3456.607859327933 34185.48114499674 3754.682481547826 32815.0003679028
3754.682481547826 32815.0003679028 2335.911109168286 32500.241353420548
2335.911109168286 32500.241353420548 2039.2414792708669 33870.452307984764
4753.46928667275 32500.241353420544 4026.6824815478253 33577.43178974998
4026.6824815478253 33577.43178974998 6069.396442933508 33494.42309075895
6069.396442933508 33494.42309075895 6108.460692772161 33431.02064384986
6108.460692772161 33431.02064384986 4753.46928667275 32500.241353420544
7453.973368697798 34593.81226999996 6843.877879302574 32500.241353420544
6843.877879302574 32500.241353420544 6254.460692772161 33318.84002618381
6254.460692772161 33318.84002618381 6692.468523606042 34822.436598361215
6692.468523606042 34822.436598361215 7453.973368697798 34593.81226999996
8467.3794099131 33098.95569156312 8004.1132732285405 32500.24135342054
8004.1132732285405 32500.24135342054 7554.973368697797 33721.800142866916
7554.973368697797 33721.800142866916 8467.3794099131 33098.95569156312
9032.361464081212 33689.65388843913 9566.190493569713 33090.18097696787
9566.190493569713 33090.18097696787 10100.799537268507 32500.241353420548
10100.799537268507 32500.241353420548 9360.004697903256 32911.07461073665
9360.004697903256 32911.07461073665 8612.379409913101 33317.89205905763
8612.379409913101 33317.89205905763 8826.650007098357 33504.87279661586
8826.650007098357 33504.87279661586 9032.361464081212 33689.65388843913
