499
0.0 0.0 1850.0 0.0
1850.0 0.0 0.0 920.0
0.0 920.0 0.0 0.0
1850.0 0.0 3770.0 0.0
3770.0 0.0 3770.0 960.0
3770.0 960.0 2810.0 960.0
2810.0 960.0 1946.0 672.0
1946.0 672.0 1850.0 0.0
3770.0 0.0 5690.0 0.0
5690.0 0.0 5690.0 960.0
5690.0 960.0 3770.0 0.0
5690.0 0.0 7194.0 0.0
7194.0 0.0 6842.0 672.0
6842.0 672.0 5690.0 0.0
7194.0 0.0 9644.0 0.0
9644.0 0.0 9644.0 940.0
9644.0 940.0 7194.0 84.0
7194.0 84.0 7194.0 0.0
9644.0 0.0 10364.0 0.0
10364.0 0.0 10364.0 327.0
10364.0 327.0 10364.0 2400.0
10364.0 2400.0 9644.0 1304.0
9644.0 1304.0 9644.0 940.0
9644.0 940.0 9644.0 0.0
10364.0 0.0 11161.0 0.0
11161.0 0.0 11161.0 249.0
11161.0 249.0 10364.0 327.0
10364.0 327.0 10364.0 0.0
11161.0 0.0 11529.0 0.0
11529.0 0.0 11529.0 639.0
11529.0 639.0 11161.0 435.0
11161.0 435.0 11161.0 249.0
11161.0 249.0 11161.0 0.0
0.0 2400.0 1776.0 2400.0
1776.0 2400.0 1708.0 2880.0
1708.0 2880.0 0.0 2400.0
1776.0 2400.0 3024.0 2400.0
3024.0 2400.0 3052.0 2448.0
3052.0 2448.0 1872.0 3168.0
1872.0 3168.0 1776.0 2400.0
3052.0 2400.0 3724.0 2400.0
3724.0 2400.0 3724.0 3264.0
3724.0 3264.0 3052.0 2400.0
3724.0 2400.0 4504.0 2400.0
4504.0 2400.0 4624.0 3509.0
4624.0 3509.0 3724.0 2400.0
4624.0 2400.0 4743.0 2400.0
4743.0 2400.0 4624.0 3403.0
4624.0 3403.0 4624.0 2400.0
4743.0 2400.0 6055.0 2400.0
6055.0 2400.0 4743.0 2957.0
4743.0 2957.0 4743.0 2400.0
6055.0 2400.0 6335.0 2400.0
6335.0 2400.0 6055.0 2787.0
6055.0 2787.0 6055.0 2400.0
6335.0 2400.0 8255.0 2400.0
8255.0 2400.0 7775.0 2784.0
7775.0 2784.0 6335.0 2400.0
8255.0 2400.0 9775.0 2400.0
9775.0 2400.0 9775.0 2597.0
9775.0 2597.0 9775.0 3225.0
9775.0 3225.0 8255.0 3341.0
8255.0 3341.0 8255.0 2400.0
9775.0 2400.0 10334.0 2400.0
10334.0 2400.0 9775.0 2597.0
9775.0 2597.0 9775.0 2400.0
10334.0 2400.0 10364.0 2400.0
10364.0 2400.0 10634.0 2400.0
10634.0 2400.0 10634.0 2651.0
10634.0 2651.0 10634.0 3458.0
10634.0 3458.0 10334.0 3458.0
10334.0 3458.0 10334.0 2400.0
10634.0 2400.0 11162.0 2400.0
11162.0 2400.0 10634.0 2651.0
10634.0 2651.0 10634.0 2400.0
0.0 3509.0 1205.0 3509.0
1205.0 3509.0 1205.0 4936.0
1205.0 4936.0 0.0 4936.0
0.0 4936.0 0.0 3509.0
1205.0 3509.0 2245.0 3509.0
2245.0 3509.0 1242.0 4221.0
1242.0 4221.0 1205.0 3509.0
2245.0 3509.0 2439.0 3509.0
2439.0 3509.0 2439.0 3935.0
2439.0 3935.0 2439.0 4518.0
2439.0 4518.0 2245.0 4518.0
2245.0 4518.0 2245.0 3509.0
2439.0 3509.0 4387.0 3509.0
4387.0 3509.0 2439.0 3935.0
2439.0 3935.0 2439.0 3509.0
4387.0 3509.0 4624.0 3509.0
4624.0 3509.0 5067.0 3509.0
5067.0 3509.0 5067.0 4209.0
5067.0 4209.0 4387.0 4757.0
4387.0 4757.0 4387.0 3509.0
5067.0 3509.0 6315.0 3509.0
6315.0 3509.0 6315.0 5609.0
6315.0 5609.0 5067.0 5485.0
5067.0 5485.0 5067.0 4209.0
5067.0 4209.0 5067.0 3509.0
6315.0 3509.0 7102.0 3509.0
7102.0 3509.0 6483.0 4867.0
6483.0 4867.0 6315.0 3509.0
7102.0 3509.0 8638.0 3509.0
8638.0 3509.0 8638.0 3989.0
8638.0 3989.0 8638.0 5445.0
8638.0 5445.0 7102.0 3509.0
8638.0 3509.0 10942.0 3509.0
10942.0 3509.0 10942.0 3951.0
10942.0 3951.0 10942.0 4661.0
10942.0 4661.0 9598.0 4661.0
9598.0 4661.0 8638.0 3989.0
8638.0 3989.0 8638.0 3509.0
10942.0 3509.0 11988.0 3509.0
11988.0 3509.0 11988.0 4940.0
11988.0 4940.0 10942.0 3951.0
10942.0 3951.0 10942.0 3509.0
0.0 5609.0 427.0 5609.0
427.0 5609.0 427.0 6554.0
427.0 6554.0 0.0 6554.0
0.0 6554.0 0.0 5609.0
427.0 5609.0 1736.0 5609.0
1736.0 5609.0 1736.0 6390.0
1736.0 6390.0 427.0 7134.0
427.0 7134.0 427.0 6554.0
427.0 6554.0 427.0 5609.0
1736.0 5609.0 3896.0 5609.0
3896.0 5609.0 3464.0 6281.0
3464.0 6281.0 1736.0 5609.0
3896.0 5609.0 4808.0 5609.0
4808.0 5609.0 3896.0 7241.0
3896.0 7241.0 3896.0 5609.0
4808.0 5609.0 5461.0 5609.0
5461.0 5609.0 6362.0 6406.0
6362.0 6406.0 4808.0 5609.0
6362.0 5609.0 8349.0 5609.0
8349.0 5609.0 6362.0 5988.0
6362.0 5988.0 6362.0 5609.0
8349.0 5609.0 9043.0 5609.0
9043.0 5609.0 8349.0 5859.0
8349.0 5859.0 8349.0 5609.0
9043.0 5609.0 10135.0 5609.0
10135.0 5609.0 9811.0 6281.0
9811.0 6281.0 9043.0 5609.0
10135.0 5609.0 10787.0 5609.0
10787.0 5609.0 10787.0 6142.0
10787.0 6142.0 10787.0 6885.0
10787.0 6885.0 10135.0 7401.0
10135.0 7401.0 10135.0 5609.0
10787.0 5609.0 11187.0 5609.0
11187.0 5609.0 10787.0 6142.0
10787.0 6142.0 10787.0 5609.0
11187.0 5609.0 11735.0 5609.0
11735.0 5609.0 11187.0 6200.0
11187.0 6200.0 11187.0 5609.0
0.0 7401.0 1197.0 7401.0
1197.0 7401.0 1197.0 8459.0
1197.0 8459.0 0.0 8430.0
0.0 8430.0 0.0 7401.0
1197.0 7401.0 1917.0 7401.0
1917.0 7401.0 1917.0 9817.0
1917.0 9817.0 1197.0 9321.0
1197.0 9321.0 1197.0 8459.0
1197.0 8459.0 1197.0 7401.0
1917.0 7401.0 3121.0 7401.0
3121.0 7401.0 3164.0 7909.0
3164.0 7909.0 1917.0 7401.0
3164.0 7401.0 5564.0 7401.0
5564.0 7401.0 5564.0 7457.0
5564.0 7457.0 4764.0 8265.0
4764.0 8265.0 3164.0 7401.0
5812.0 7401.0 7096.0 7401.0
7096.0 7401.0 5584.0 9201.0
5584.0 9201.0 5564.0 9101.0
5564.0 9101.0 5812.0 7401.0
7096.0 7401.0 8842.0 7401.0
8842.0 7401.0 8842.0 8313.0
8842.0 8313.0 7096.0 8154.0
7096.0 8154.0 7096.0 7401.0
8842.0 7401.0 9706.0 7401.0
9706.0 7401.0 9514.0 9897.0
9514.0 9897.0 8842.0 7401.0
9706.0 7401.0 10135.0 7401.0
10135.0 7401.0 11639.0 7401.0
11639.0 7401.0 11639.0 8961.0
11639.0 8961.0 9706.0 7949.0
9706.0 7949.0 9706.0 7401.0
0.0 9897.0 1188.0 9897.0
1188.0 9897.0 1188.0 9967.0
1188.0 9967.0 0.0 10759.0
0.0 10759.0 0.0 9897.0
1188.0 9897.0 2468.0 9897.0
2468.0 9897.0 1188.0 10462.0
1188.0 10462.0 1188.0 9967.0
1188.0 9967.0 1188.0 9897.0
2468.0 9897.0 3149.0 9897.0
3149.0 9897.0 3149.0 10414.0
3149.0 10414.0 2468.0 10414.0
2468.0 10414.0 2468.0 9897.0
3149.0 9897.0 4679.0 9897.0
4679.0 9897.0 4679.0 11019.0
4679.0 11019.0 3149.0 10763.0
3149.0 10763.0 3149.0 10414.0
3149.0 10414.0 3149.0 9897.0
4679.0 9897.0 5607.0 9897.0
5607.0 9897.0 4679.0 11153.0
4679.0 11153.0 4679.0 11019.0
4679.0 11019.0 4679.0 9897.0
5607.0 9897.0 6567.0 9897.0
6567.0 9897.0 6567.0 11193.0
6567.0 11193.0 5607.0 9897.0
6567.0 9897.0 7730.0 9897.0
7730.0 9897.0 6785.0 10196.0
6785.0 10196.0 6567.0 9897.0
7730.0 9897.0 9141.0 9897.0
9141.0 9897.0 9141.0 10309.0
9141.0 10309.0 9141.0 10493.0
9141.0 10493.0 7730.0 11467.0
7730.0 11467.0 7730.0 9897.0
9141.0 9897.0 9514.0 9897.0
9514.0 9897.0 9534.0 9897.0
9534.0 9897.0 9534.0 10161.0
9534.0 10161.0 9141.0 10309.0
9141.0 10309.0 9141.0 9897.0
9534.0 9897.0 11374.0 9897.0
11374.0 9897.0 11374.0 9961.0
11374.0 9961.0 10110.0 10405.0
10110.0 10405.0 9590.0 10057.0
9590.0 10057.0 9534.0 9897.0
0.0 11467.0 1025.0 11467.0
1025.0 11467.0 1025.0 12140.0
1025.0 12140.0 0.0 12594.0
0.0 12594.0 0.0 11467.0
1025.0 11467.0 2560.0 11467.0
2560.0 11467.0 2560.0 12104.0
2560.0 12104.0 1025.0 12607.0
1025.0 12607.0 1025.0 12140.0
1025.0 12140.0 1025.0 11467.0
2560.0 11467.0 4211.0 11467.0
4211.0 11467.0 4211.0 12951.0
4211.0 12951.0 2560.0 12951.0
2560.0 12951.0 2560.0 12104.0
2560.0 12104.0 2560.0 11467.0
4211.0 11467.0 5555.0 11467.0
5555.0 11467.0 4747.0 12079.0
4747.0 12079.0 4211.0 11467.0
5555.0 11467.0 6596.0 11467.0
6596.0 11467.0 6596.0 12691.0
6596.0 12691.0 6596.0 12710.0
6596.0 12710.0 5555.0 12710.0
5555.0 12710.0 5555.0 11467.0
6596.0 11467.0 7730.0 11467.0
7730.0 11467.0 8382.0 11467.0
8382.0 11467.0 8382.0 11856.0
8382.0 11856.0 8382.0 12730.0
8382.0 12730.0 6596.0 12691.0
6596.0 12691.0 6596.0 11467.0
8382.0 11467.0 9820.0 11467.0
9820.0 11467.0 9820.0 12973.0
9820.0 12973.0 8382.0 11856.0
8382.0 11856.0 8382.0 11467.0
9820.0 11467.0 10492.0 11467.0
10492.0 11467.0 10492.0 12907.0
10492.0 12907.0 9820.0 11467.0
0.0 12973.0 1867.0 12973.0
1867.0 12973.0 1867.0 13638.0
1867.0 13638.0 0.0 13873.0
0.0 13873.0 0.0 12973.0
1867.0 12973.0 3883.0 12973.0
3883.0 12973.0 3883.0 13741.0
3883.0 13741.0 2347.0 13549.0
2347.0 13549.0 1867.0 12973.0
3883.0 12973.0 5824.0 12973.0
5824.0 12973.0 5379.0 13539.0
5379.0 13539.0 3883.0 12973.0
5824.0 12973.0 7105.0 12973.0
7105.0 12973.0 5824.0 13689.0
5824.0 13689.0 5824.0 12973.0
7105.0 12973.0 8041.0 12973.0
8041.0 12973.0 8041.0 13282.0
8041.0 13282.0 7105.0 13244.0
7105.0 13244.0 7105.0 12973.0
8041.0 12973.0 9769.0 12973.0
9769.0 12973.0 9801.0 14893.0
9801.0 14893.0 8995.0 14893.0
8995.0 14893.0 8695.0 14893.0
8695.0 14893.0 8195.0 14893.0
8195.0 14893.0 8041.0 14893.0
8041.0 14893.0 8041.0 13282.0
8041.0 13282.0 8041.0 12973.0
9801.0 12973.0 9820.0 12973.0
9820.0 12973.0 10868.0 12973.0
10868.0 12973.0 10868.0 13377.0
10868.0 13377.0 9801.0 13103.0
9801.0 13103.0 9801.0 12973.0
10868.0 12973.0 11161.0 12973.0
11161.0 12973.0 10868.0 14489.0
10868.0 14489.0 10868.0 13377.0
10868.0 13377.0 10868.0 12973.0
0.0 14893.0 1043.0 14893.0
1043.0 14893.0 0.0 15228.0
0.0 15228.0 0.0 14893.0
1043.0 14893.0 2499.0 14893.0
2499.0 14893.0 2499.0 15649.0
2499.0 15649.0 2499.0 17773.0
2499.0 17773.0 2195.0 17773.0
2195.0 17773.0 1043.0 17197.0
1043.0 17197.0 1043.0 14893.0
2499.0 14893.0 2708.0 14893.0
2708.0 14893.0 2499.0 15649.0
2499.0 15649.0 2499.0 14893.0
2708.0 14893.0 3098.0 14893.0
3098.0 14893.0 3098.0 15955.0
3098.0 15955.0 2708.0 15101.0
2708.0 15101.0 2708.0 14893.0
3098.0 14893.0 5044.0 14893.0
5044.0 14893.0 3098.0 16138.0
3098.0 16138.0 3098.0 15955.0
3098.0 15955.0 3098.0 14893.0
5044.0 14893.0 5790.0 14893.0
5790.0 14893.0 5790.0 15794.0
5790.0 15794.0 5790.0 15809.0
5790.0 15809.0 5044.0 15809.0
5044.0 15809.0 5044.0 14893.0
5790.0 14893.0 5941.0 14893.0
5941.0 14893.0 5941.0 15375.0
5941.0 15375.0 5941.0 15794.0
5941.0 15794.0 5790.0 15794.0
5790.0 15794.0 5790.0 14893.0
5941.0 14893.0 6863.0 14893.0
6863.0 14893.0 5941.0 15375.0
5941.0 15375.0 5941.0 14893.0
6863.0 14893.0 7823.0 14893.0
7823.0 14893.0 7823.0 16141.0
7823.0 16141.0 6863.0 14893.0
7823.0 14893.0 8041.0 14893.0
8041.0 14893.0 8195.0 14893.0
8195.0 14893.0 8195.0 15257.0
8195.0 15257.0 7823.0 14893.0
8195.0 14893.0 8695.0 14893.0
8695.0 14893.0 8695.0 15965.0
8695.0 15965.0 8395.0 16099.0
8395.0 16099.0 8195.0 16099.0
8195.0 16099.0 8195.0 15257.0
8195.0 15257.0 8195.0 14893.0
8695.0 14893.0 8995.0 14893.0
8995.0 14893.0 8797.0 15176.0
8797.0 15176.0 8695.0 14893.0
8995.0 14893.0 9801.0 14893.0
9801.0 14893.0 10710.0 14893.0
10710.0 14893.0 10710.0 15174.0
10710.0 15174.0 8995.0 15174.0
8995.0 15174.0 8995.0 14893.0
10710.0 14893.0 11382.0 14893.0
11382.0 14893.0 11670.0 16525.0
11670.0 16525.0 11638.0 16561.0
11638.0 16561.0 10710.0 14893.0
0.0 17773.0 720.0 17773.0
720.0 17773.0 720.0 19249.0
720.0 19249.0 0.0 19249.0
0.0 19249.0 0.0 17773.0
720.0 17773.0 1456.0 17773.0
1456.0 17773.0 1456.0 19213.0
1456.0 19213.0 720.0 19789.0
720.0 19789.0 720.0 19249.0
720.0 19249.0 720.0 17773.0
1456.0 17773.0 2195.0 17773.0
2195.0 17773.0 2499.0 17773.0
2499.0 17773.0 3220.0 17773.0
3220.0 17773.0 3088.0 19123.0
3088.0 19123.0 1456.0 17773.0
3220.0 17773.0 4606.0 17773.0
4606.0 17773.0 4606.0 17871.0
4606.0 17871.0 3220.0 18068.0
3220.0 18068.0 3220.0 17773.0
4606.0 17773.0 5076.0 17773.0
5076.0 17773.0 5076.0 19287.0
5076.0 19287.0 4606.0 18893.0
4606.0 18893.0 4606.0 17871.0
4606.0 17871.0 4606.0 17773.0
5076.0 17773.0 6420.0 17773.0
6420.0 17773.0 6996.0 19117.0
6996.0 19117.0 5076.0 19693.0
5076.0 19693.0 5076.0 19287.0
5076.0 19287.0 5076.0 17773.0
6996.0 17773.0 7171.0 17773.0
7171.0 17773.0 7171.0 17807.0
7171.0 17807.0 6996.0 18787.0
6996.0 18787.0 6996.0 17773.0
7171.0 17773.0 7485.0 17773.0
7485.0 17773.0 7171.0 19288.0
7171.0 19288.0 7171.0 17807.0
7171.0 17807.0 7171.0 17773.0
7485.0 17773.0 8157.0 17773.0
8157.0 17773.0 7485.0 18445.0
7485.0 18445.0 7485.0 17773.0
8157.0 17773.0 8838.0 17773.0
8838.0 17773.0 8838.0 18499.0
8838.0 18499.0 8157.0 18814.0
8157.0 18814.0 8157.0 17773.0
8838.0 17773.0 9574.0 17773.0
9574.0 17773.0 9574.0 18279.0
9574.0 18279.0 9574.0 19949.0
9574.0 19949.0 9444.0 19949.0
9444.0 19949.0 8838.0 19949.0
8838.0 19949.0 8838.0 18499.0
8838.0 18499.0 8838.0 17773.0
9574.0 17773.0 11041.0 17773.0
11041.0 17773.0 11041.0 18279.0
11041.0 18279.0 9574.0 18279.0
9574.0 18279.0 9574.0 17773.0
0.0 19949.0 1784.0 19949.0
1784.0 19949.0 1784.0 20153.0
1784.0 20153.0 0.0 20595.0
0.0 20595.0 0.0 19949.0
1784.0 19949.0 2316.0 19949.0
2316.0 19949.0 2316.0 20921.0
2316.0 20921.0 1784.0 20921.0
1784.0 20921.0 1784.0 20153.0
1784.0 20153.0 1784.0 19949.0
2316.0 19949.0 3330.0 19949.0
3330.0 19949.0 3330.0 21150.0
3330.0 21150.0 2316.0 21150.0
2316.0 21150.0 2316.0 20921.0
2316.0 20921.0 2316.0 19949.0
3330.0 19949.0 4174.0 19949.0
4174.0 19949.0 4174.0 20599.0
4174.0 20599.0 4174.0 21965.0
4174.0 21965.0 3330.0 21485.0
3330.0 21485.0 3330.0 21150.0
3330.0 21150.0 3330.0 19949.0
4174.0 19949.0 5174.0 19949.0
5174.0 19949.0 5174.0 20749.0
5174.0 20749.0 4174.0 20599.0
4174.0 20599.0 4174.0 19949.0
5174.0 19949.0 5557.0 19949.0
5557.0 19949.0 5557.0 20874.0
5557.0 20874.0 5557.0 21272.0
5557.0 21272.0 5174.0 21272.0
5174.0 21272.0 5174.0 20749.0
5174.0 20749.0 5174.0 19949.0
5557.0 19949.0 5826.0 19949.0
5826.0 19949.0 5826.0 21309.0
5826.0 21309.0 5826.0 21432.0
5826.0 21432.0 5557.0 20874.0
5557.0 20874.0 5557.0 19949.0
5826.0 19949.0 7551.0 19949.0
7551.0 19949.0 7551.0 20027.0
7551.0 20027.0 5826.0 21309.0
5826.0 21309.0 5826.0 19949.0
7551.0 19949.0 8838.0 19949.0
8838.0 19949.0 9444.0 19949.0
9444.0 19949.0 8512.0 21377.0
8512.0 21377.0 7551.0 19949.0
9444.0 19949.0 9574.0 19949.0
9574.0 19949.0 9870.0 19949.0
9870.0 19949.0 9444.0 21298.0
9444.0 21298.0 9444.0 19949.0
9870.0 19949.0 10403.0 19949.0
10403.0 19949.0 10403.0 21098.0
10403.0 21098.0 10403.0 21123.0
10403.0 21123.0 9870.0 21092.0
9870.0 21092.0 9870.0 19949.0
10403.0 19949.0 10626.0 19949.0
10626.0 19949.0 10626.0 20717.0
10626.0 20717.0 10626.0 21098.0
10626.0 21098.0 10403.0 21098.0
10403.0 21098.0 10403.0 19949.0
10626.0 19949.0 11970.0 19949.0
11970.0 19949.0 11778.0 20717.0
11778.0 20717.0 10626.0 20717.0
10626.0 20717.0 10626.0 19949.0
0.0 21965.0 507.0 21965.0
507.0 21965.0 507.0 22266.0
507.0 22266.0 0.0 22718.0
0.0 22718.0 0.0 21965.0
507.0 21965.0 2011.0 21965.0
2011.0 21965.0 2011.0 22589.0
2011.0 22589.0 891.0 22589.0
891.0 22589.0 507.0 21965.0
2011.0 21965.0 3361.0 21965.0
3361.0 21965.0 3361.0 22464.0
3361.0 22464.0 3361.0 23365.0
3361.0 23365.0 2011.0 23365.0
2011.0 23365.0 2011.0 22589.0
2011.0 22589.0 2011.0 21965.0
3361.0 21965.0 4161.0 21965.0
4161.0 21965.0 4161.0 22255.0
4161.0 22255.0 3361.0 22464.0
3361.0 22464.0 3361.0 21965.0
4161.0 21965.0 4174.0 21965.0
4174.0 21965.0 5617.0 21965.0
5617.0 21965.0 5617.0 23693.0
5617.0 23693.0 4161.0 24381.0
4161.0 24381.0 4161.0 22255.0
4161.0 22255.0 4161.0 21965.0
5617.0 21965.0 6080.0 21965.0
6080.0 21965.0 5816.0 22746.0
5816.0 22746.0 5617.0 21965.0
