437
0.0 0.0 1850.0 0.0
1850.0 0.0 0.0 920.0
0.0 920.0 0.0 0.0
2077.0 0.0 3997.0 0.0
3997.0 0.0 3997.0 960.0
3997.0 960.0 3037.0 960.0
3037.0 960.0 2173.0 672.0
2173.0 672.0 2077.0 0.0
4092.0 0.0 6012.0 0.0
6012.0 0.0 6012.0 960.0
6012.0 960.0 4092.0 0.0
6124.0 0.0 7628.0 0.0
7628.0 0.0 7276.0 672.0
7276.0 672.0 6124.0 0.0
7758.0 0.0 10208.0 0.0
10208.0 0.0 10208.0 940.0
10208.0 940.0 7758.0 84.0
7758.0 84.0 7758.0 0.0
10412.0 0.0 11132.0 0.0
11132.0 0.0 11132.0 2400.0
11132.0 2400.0 10412.0 1304.0
10412.0 1304.0 10412.0 0.0
0.0 2632.0 797.0 2632.0
797.0 2632.0 797.0 2881.0
797.0 2881.0 0.0 2959.0
0.0 2959.0 0.0 2632.0
938.0 2632.0 1306.0 2632.0
1306.0 2632.0 1306.0 3271.0
1306.0 3271.0 938.0 3067.0
938.0 3067.0 938.0 2632.0
1540.0 2632.0 3316.0 2632.0
3316.0 2632.0 3248.0 3112.0
3248.0 3112.0 1540.0 2632.0
3535.0 2632.0 4783.0 2632.0
4783.0 2632.0 4811.0 2680.0
4811.0 2680.0 3631.0 3400.0
3631.0 3400.0 3535.0 2632.0
4889.0 2632.0 5561.0 2632.0
5561.0 2632.0 5561.0 3496.0
5561.0 3496.0 4889.0 2632.0
5662.0 2632.0 6442.0 2632.0
6442.0 2632.0 6562.0 3741.0
6562.0 3741.0 5662.0 2632.0
6680.0 2632.0 6799.0 2632.0
6799.0 2632.0 6680.0 3635.0
6680.0 3635.0 6680.0 2632.0
6917.0 2632.0 8229.0 2632.0
8229.0 2632.0 6917.0 3189.0
6917.0 3189.0 6917.0 2632.0
8314.0 2632.0 8594.0 2632.0
8594.0 2632.0 8314.0 3019.0
8314.0 3019.0 8314.0 2632.0
8691.0 2632.0 10611.0 2632.0
10611.0 2632.0 10131.0 3016.0
10131.0 3016.0 8691.0 2632.0
0.0 3874.0 1520.0 3874.0
1520.0 3874.0 1520.0 4699.0
1520.0 4699.0 0.0 4815.0
0.0 4815.0 0.0 3874.0
1622.0 3874.0 2181.0 3874.0
2181.0 3874.0 1622.0 4071.0
1622.0 4071.0 1622.0 3874.0
2387.0 3874.0 2687.0 3874.0
2687.0 3874.0 2687.0 4932.0
2687.0 4932.0 2387.0 4932.0
2387.0 4932.0 2387.0 3874.0
2858.0 3874.0 3386.0 3874.0
3386.0 3874.0 2858.0 4125.0
2858.0 4125.0 2858.0 3874.0
3510.0 3874.0 4715.0 3874.0
4715.0 3874.0 4715.0 5301.0
4715.0 5301.0 3510.0 5301.0
3510.0 5301.0 3510.0 3874.0
4800.0 3874.0 5840.0 3874.0
5840.0 3874.0 4837.0 4586.0
4837.0 4586.0 4800.0 3874.0
5919.0 3874.0 6113.0 3874.0
6113.0 3874.0 6113.0 4883.0
6113.0 4883.0 5919.0 4883.0
5919.0 4883.0 5919.0 3874.0
6230.0 3874.0 8178.0 3874.0
8178.0 3874.0 6230.0 4300.0
6230.0 4300.0 6230.0 3874.0
8317.0 3874.0 8997.0 3874.0
8997.0 3874.0 8997.0 4574.0
8997.0 4574.0 8317.0 5122.0
8317.0 5122.0 8317.0 3874.0
9223.0 3874.0 10471.0 3874.0
10471.0 3874.0 10471.0 5974.0
10471.0 5974.0 9223.0 5850.0
9223.0 5850.0 9223.0 3874.0
10574.0 3874.0 11361.0 3874.0
11361.0 3874.0 10742.0 5232.0
10742.0 5232.0 10574.0 3874.0
0.0 6090.0 1536.0 6090.0
1536.0 6090.0 1536.0 8026.0
1536.0 8026.0 0.0 6090.0
1669.0 6090.0 3973.0 6090.0
3973.0 6090.0 3973.0 7242.0
3973.0 7242.0 2629.0 7242.0
2629.0 7242.0 1669.0 6570.0
1669.0 6570.0 1669.0 6090.0
4069.0 6090.0 5115.0 6090.0
5115.0 6090.0 5115.0 7521.0
5115.0 7521.0 4069.0 6532.0
4069.0 6532.0 4069.0 6090.0
5242.0 6090.0 5669.0 6090.0
5669.0 6090.0 5669.0 7035.0
5669.0 7035.0 5242.0 7035.0
5242.0 7035.0 5242.0 6090.0
5809.0 6090.0 7118.0 6090.0
7118.0 6090.0 7118.0 6871.0
7118.0 6871.0 5809.0 7615.0
5809.0 7615.0 5809.0 6090.0
7297.0 6090.0 9457.0 6090.0
9457.0 6090.0 9025.0 6762.0
9025.0 6762.0 7297.0 6090.0
9590.0 6090.0 10502.0 6090.0
10502.0 6090.0 9590.0 7722.0
9590.0 7722.0 9590.0 6090.0
0.0 8178.0 653.0 8178.0
653.0 8178.0 1554.0 8975.0
1554.0 8975.0 0.0 8178.0
1633.0 8178.0 3620.0 8178.0
3620.0 8178.0 1633.0 8557.0
1633.0 8557.0 1633.0 8178.0
3849.0 8178.0 4543.0 8178.0
4543.0 8178.0 3849.0 8428.0
3849.0 8428.0 3849.0 8178.0
4762.0 8178.0 5854.0 8178.0
5854.0 8178.0 5530.0 8850.0
5530.0 8850.0 4762.0 8178.0
5977.0 8178.0 6629.0 8178.0
6629.0 8178.0 6629.0 9454.0
6629.0 9454.0 5977.0 9970.0
5977.0 9970.0 5977.0 8178.0
6727.0 8178.0 7127.0 8178.0
7127.0 8178.0 6727.0 8711.0
6727.0 8711.0 6727.0 8178.0
7247.0 8178.0 7795.0 8178.0
7795.0 8178.0 7247.0 8769.0
7247.0 8769.0 7247.0 8178.0
7997.0 8178.0 9194.0 8178.0
9194.0 8178.0 9194.0 9236.0
9194.0 9236.0 7997.0 9207.0
7997.0 9207.0 7997.0 8178.0
9283.0 8178.0 10003.0 8178.0
10003.0 8178.0 10003.0 10594.0
10003.0 10594.0 9283.0 10098.0
9283.0 10098.0 9283.0 8178.0
10127.0 8178.0 11331.0 8178.0
11331.0 8178.0 11374.0 8686.0
11374.0 8686.0 10127.0 8178.0
0.0 10703.0 2400.0 10703.0
2400.0 10703.0 2400.0 10759.0
2400.0 10759.0 1600.0 11567.0
1600.0 11567.0 0.0 10703.0
2866.0 10703.0 4150.0 10703.0
4150.0 10703.0 2638.0 12503.0
2638.0 12503.0 2618.0 12403.0
2618.0 12403.0 2866.0 10703.0
4380.0 10703.0 6126.0 10703.0
6126.0 10703.0 6126.0 11615.0
6126.0 11615.0 4380.0 11456.0
4380.0 11456.0 4380.0 10703.0
6313.0 10703.0 7177.0 10703.0
7177.0 10703.0 6985.0 13199.0
6985.0 13199.0 6313.0 10703.0
7378.0 10703.0 9311.0 10703.0
9311.0 10703.0 9311.0 12263.0
9311.0 12263.0 7378.0 11251.0
7378.0 11251.0 7378.0 10703.0
9436.0 10703.0 10624.0 10703.0
10624.0 10703.0 10624.0 10773.0
10624.0 10773.0 9436.0 11565.0
9436.0 11565.0 9436.0 10703.0
10710.0 10703.0 11990.0 10703.0
11990.0 10703.0 10710.0 11268.0
10710.0 11268.0 10710.0 10703.0
0.0 13323.0 681.0 13323.0
681.0 13323.0 681.0 13840.0
681.0 13840.0 0.0 13840.0
0.0 13840.0 0.0 13323.0
848.0 13323.0 2378.0 13323.0
2378.0 13323.0 2378.0 14445.0
2378.0 14445.0 848.0 14189.0
848.0 14189.0 848.0 13323.0
2610.0 13323.0 3538.0 13323.0
3538.0 13323.0 2610.0 14579.0
2610.0 14579.0 2610.0 13323.0
3620.0 13323.0 4580.0 13323.0
4580.0 13323.0 4580.0 14619.0
4580.0 14619.0 3620.0 13323.0
4720.0 13323.0 5883.0 13323.0
5883.0 13323.0 4938.0 13622.0
4938.0 13622.0 4720.0 13323.0
5986.0 13323.0 7397.0 13323.0
7397.0 13323.0 7397.0 13919.0
7397.0 13919.0 5986.0 14893.0
5986.0 14893.0 5986.0 13323.0
7591.0 13323.0 7984.0 13323.0
7984.0 13323.0 7984.0 13587.0
7984.0 13587.0 7591.0 13735.0
7591.0 13735.0 7591.0 13323.0
8186.0 13323.0 10026.0 13323.0
10026.0 13323.0 10026.0 13387.0
10026.0 13387.0 8762.0 13831.0
8762.0 13831.0 8242.0 13483.0
8242.0 13483.0 8186.0 13323.0
10185.0 13323.0 11210.0 13323.0
11210.0 13323.0 11210.0 13996.0
11210.0 13996.0 10185.0 14450.0
10185.0 14450.0 10185.0 13323.0
0.0 15118.0 1535.0 15118.0
1535.0 15118.0 1535.0 15755.0
1535.0 15755.0 0.0 16258.0
0.0 16258.0 0.0 15118.0
1616.0 15118.0 3267.0 15118.0
3267.0 15118.0 3267.0 16602.0
3267.0 16602.0 1616.0 16602.0
1616.0 16602.0 1616.0 15118.0
3346.0 15118.0 4690.0 15118.0
4690.0 15118.0 3882.0 15730.0
3882.0 15730.0 3346.0 15118.0
4769.0 15118.0 5810.0 15118.0
5810.0 15118.0 5810.0 16361.0
5810.0 16361.0 4769.0 16361.0
4769.0 16361.0 4769.0 15118.0
5914.0 15118.0 7700.0 15118.0
7700.0 15118.0 7700.0 16381.0
7700.0 16381.0 5914.0 16342.0
5914.0 16342.0 5914.0 15118.0
7926.0 15118.0 9364.0 15118.0
9364.0 15118.0 9364.0 16624.0
9364.0 16624.0 7926.0 15507.0
7926.0 15507.0 7926.0 15118.0
9462.0 15118.0 10134.0 15118.0
10134.0 15118.0 10134.0 16558.0
10134.0 16558.0 9462.0 15118.0
0.0 16798.0 1867.0 16798.0
1867.0 16798.0 1867.0 17463.0
1867.0 17463.0 0.0 17698.0
0.0 17698.0 0.0 16798.0
2032.0 16798.0 4048.0 16798.0
4048.0 16798.0 4048.0 17566.0
4048.0 17566.0 2512.0 17374.0
2512.0 17374.0 2032.0 16798.0
4180.0 16798.0 6121.0 16798.0
6121.0 16798.0 5676.0 17364.0
5676.0 17364.0 4180.0 16798.0
6243.0 16798.0 7524.0 16798.0
7524.0 16798.0 6243.0 17514.0
6243.0 17514.0 6243.0 16798.0
7677.0 16798.0 8613.0 16798.0
8613.0 16798.0 8613.0 17107.0
8613.0 17107.0 7677.0 17069.0
7677.0 17069.0 7677.0 16798.0
8770.0 16798.0 10498.0 16798.0
10498.0 16798.0 10530.0 18718.0
10530.0 18718.0 8770.0 18718.0
8770.0 18718.0 8770.0 16798.0
10743.0 16798.0 11810.0 16798.0
11810.0 16798.0 11810.0 17202.0
11810.0 17202.0 10743.0 16928.0
10743.0 16928.0 10743.0 16798.0
0.0 18861.0 293.0 18861.0
293.0 18861.0 0.0 20377.0
0.0 20377.0 0.0 18861.0
426.0 18861.0 1469.0 18861.0
1469.0 18861.0 426.0 19196.0
426.0 19196.0 426.0 18861.0
1677.0 18861.0 3133.0 18861.0
3133.0 18861.0 3133.0 21741.0
3133.0 21741.0 2829.0 21741.0
2829.0 21741.0 1677.0 21165.0
1677.0 21165.0 1677.0 18861.0
3334.0 18861.0 3543.0 18861.0
3543.0 18861.0 3334.0 19617.0
3334.0 19617.0 3334.0 18861.0
3650.0 18861.0 4040.0 18861.0
4040.0 18861.0 4040.0 19923.0
4040.0 19923.0 3650.0 19069.0
3650.0 19069.0 3650.0 18861.0
4213.0 18861.0 6159.0 18861.0
6159.0 18861.0 4213.0 20106.0
4213.0 20106.0 4213.0 18861.0
6255.0 18861.0 7001.0 18861.0
7001.0 18861.0 7001.0 19777.0
7001.0 19777.0 6255.0 19777.0
6255.0 19777.0 6255.0 18861.0
7159.0 18861.0 7310.0 18861.0
7310.0 18861.0 7310.0 19762.0
7310.0 19762.0 7159.0 19762.0
7159.0 19762.0 7159.0 18861.0
7460.0 18861.0 8382.0 18861.0
8382.0 18861.0 7460.0 19343.0
7460.0 19343.0 7460.0 18861.0
8586.0 18861.0 9546.0 18861.0
9546.0 18861.0 9546.0 20109.0
9546.0 20109.0 8586.0 18861.0
9701.0 18861.0 10073.0 18861.0
10073.0 18861.0 10073.0 19225.0
10073.0 19225.0 9701.0 18861.0
10262.0 18861.0 10762.0 18861.0
10762.0 18861.0 10762.0 19933.0
10762.0 19933.0 10462.0 20067.0
10462.0 20067.0 10262.0 20067.0
10262.0 20067.0 10262.0 18861.0
10869.0 18861.0 11169.0 18861.0
11169.0 18861.0 10971.0 19144.0
10971.0 19144.0 10869.0 18861.0
0.0 21938.0 1715.0 21938.0
1715.0 21938.0 1715.0 22219.0
1715.0 22219.0 0.0 22219.0
0.0 22219.0 0.0 21938.0
1807.0 21938.0 2479.0 21938.0
2479.0 21938.0 2767.0 23570.0
2767.0 23570.0 2735.0 23606.0
2735.0 23606.0 1807.0 21938.0
2986.0 21938.0 3706.0 21938.0
3706.0 21938.0 3706.0 23414.0
3706.0 23414.0 2986.0 23414.0
2986.0 23414.0 2986.0 21938.0
3899.0 21938.0 4635.0 21938.0
4635.0 21938.0 4635.0 23378.0
4635.0 23378.0 3899.0 23954.0
3899.0 23954.0 3899.0 21938.0
4715.0 21938.0 6479.0 21938.0
6479.0 21938.0 6347.0 23288.0
6347.0 23288.0 4715.0 21938.0
6591.0 21938.0 7977.0 21938.0
7977.0 21938.0 7977.0 22036.0
7977.0 22036.0 6591.0 22233.0
6591.0 22233.0 6591.0 21938.0
8178.0 21938.0 8648.0 21938.0
8648.0 21938.0 8648.0 23452.0
8648.0 23452.0 8178.0 23058.0
8178.0 23058.0 8178.0 21938.0
8762.0 21938.0 10106.0 21938.0
10106.0 21938.0 10682.0 23282.0
10682.0 23282.0 8762.0 23858.0
8762.0 23858.0 8762.0 21938.0
10896.0 21938.0 11071.0 21938.0
11071.0 21938.0 11071.0 21972.0
11071.0 21972.0 10896.0 22952.0
10896.0 22952.0 10896.0 21938.0
11196.0 21938.0 11510.0 21938.0
11510.0 21938.0 11196.0 23453.0
11196.0 23453.0 11196.0 21938.0
0.0 24097.0 672.0 24097.0
672.0 24097.0 0.0 24769.0
0.0 24769.0 0.0 24097.0
763.0 24097.0 1444.0 24097.0
1444.0 24097.0 1444.0 24823.0
1444.0 24823.0 763.0 25138.0
763.0 25138.0 763.0 24097.0
1533.0 24097.0 2269.0 24097.0
2269.0 24097.0 2269.0 26273.0
2269.0 26273.0 1533.0 26273.0
1533.0 26273.0 1533.0 24097.0
2407.0 24097.0 3874.0 24097.0
3874.0 24097.0 3874.0 24603.0
3874.0 24603.0 2407.0 24603.0
2407.0 24603.0 2407.0 24097.0
4085.0 24097.0 5869.0 24097.0
5869.0 24097.0 5869.0 24301.0
5869.0 24301.0 4085.0 24743.0
4085.0 24743.0 4085.0 24097.0
5949.0 24097.0 6481.0 24097.0
6481.0 24097.0 6481.0 25069.0
6481.0 25069.0 5949.0 25069.0
5949.0 25069.0 5949.0 24097.0
6698.0 24097.0 7712.0 24097.0
7712.0 24097.0 7712.0 25298.0
7712.0 25298.0 6698.0 25298.0
6698.0 25298.0 6698.0 24097.0
7841.0 24097.0 8685.0 24097.0
8685.0 24097.0 8685.0 26113.0
8685.0 26113.0 7841.0 25633.0
7841.0 25633.0 7841.0 24097.0
8835.0 24097.0 9835.0 24097.0
9835.0 24097.0 9835.0 24897.0
9835.0 24897.0 8835.0 24747.0
8835.0 24747.0 8835.0 24097.0
10058.0 24097.0 10441.0 24097.0
10441.0 24097.0 10441.0 25420.0
10441.0 25420.0 10058.0 25420.0
10058.0 25420.0 10058.0 24097.0
10548.0 24097.0 10817.0 24097.0
10817.0 24097.0 10817.0 25580.0
10817.0 25580.0 10548.0 25022.0
10548.0 25022.0 10548.0 24097.0
0.0 26403.0 1725.0 26403.0
1725.0 26403.0 1725.0 26481.0
1725.0 26481.0 0.0 27763.0
0.0 27763.0 0.0 26403.0
1845.0 26403.0 3738.0 26403.0
3738.0 26403.0 2806.0 27831.0
2806.0 27831.0 1845.0 26403.0
3844.0 26403.0 4270.0 26403.0
4270.0 26403.0 3844.0 27752.0
3844.0 27752.0 3844.0 26403.0
4445.0 26403.0 4978.0 26403.0
4978.0 26403.0 4978.0 27577.0
4978.0 27577.0 4445.0 27546.0
4445.0 27546.0 4445.0 26403.0
5059.0 26403.0 5282.0 26403.0
5282.0 26403.0 5282.0 27552.0
5282.0 27552.0 5059.0 27552.0
5059.0 27552.0 5059.0 26403.0
5366.0 26403.0 6710.0 26403.0
6710.0 26403.0 6518.0 27171.0
6518.0 27171.0 5366.0 27171.0
5366.0 27171.0 5366.0 26403.0
6883.0 26403.0 7390.0 26403.0
7390.0 26403.0 7390.0 26704.0
7390.0 26704.0 6883.0 27156.0
6883.0 27156.0 6883.0 26403.0
7621.0 26403.0 9125.0 26403.0
9125.0 26403.0 9125.0 27027.0
9125.0 27027.0 8005.0 27027.0
8005.0 27027.0 7621.0 26403.0
9257.0 26403.0 10607.0 26403.0
10607.0 26403.0 10607.0 27803.0
10607.0 27803.0 9257.0 27803.0
9257.0 27803.0 9257.0 26403.0
10730.0 26403.0 11530.0 26403.0
11530.0 26403.0 11530.0 26693.0
11530.0 26693.0 10730.0 26902.0
10730.0 26902.0 10730.0 26403.0
0.0 27928.0 1456.0 27928.0
1456.0 27928.0 1456.0 29656.0
1456.0 29656.0 0.0 30344.0
0.0 30344.0 0.0 27928.0
1673.0 27928.0 2136.0 27928.0
2136.0 27928.0 1872.0 28709.0
1872.0 28709.0 1673.0 27928.0
