555
825.405782194513 0.0 0.0 1131.5605627879022
0.0 1131.5605627879022 2217.0426046341445 1113.6224875213977
2217.0426046341445 1113.6224875213977 2261.2026836993564 1041.3353933701233
2261.2026836993564 1041.3353933701233 825.405782194513 0.0
3047.6609454458076 0.0 2505.2026836993564 463.4334783021661
2505.2026836993564 463.4334783021661 3663.210483530059 1015.08405635106
3663.210483530059 1015.08405635106 3680.744144098343 966.4784936710153
3680.744144098343 966.4784936710153 3047.6609454458076 0.0
5091.756462497932 313.68267703526067 4225.887071825963 0.0
4225.887071825963 0.0 3813.7441440983425 1887.5874571307027
3813.7441440983425 1887.5874571307027 4452.5011468453595 2110.7920703417312
4452.5011468453595 2110.7920703417312 5091.756462497932 313.68267703526067
6609.6679943266 1546.4370192400993 6910.047695966425 780.5985878705753
6910.047695966425 780.5985878705753 7204.077080366891 0.0
7204.077080366891 0.0 6318.702676354003 215.75482636989773
6318.702676354003 215.75482636989773 5440.808831537045 423.44133888222814
5440.808831537045 423.44133888222814 5324.309828282877 718.5771689193637
5324.309828282877 718.5771689193637 5215.756462497932 1015.7050543551571
5215.756462497932 1015.7050543551571 5912.432135996804 1288.6708794716012
5912.432135996804 1288.6708794716012 6609.6679943266 1546.4370192400993
7524.939252211068 927.1451134369123 7982.225007055354 708.8741989133994
7982.225007055354 708.8741989133994 8438.59754871935 495.65498367575884
8438.59754871935 495.65498367575884 8325.77246735529 253.88249860388078
8325.77246735529 253.88249860388078 8202.462183277441 0.0
8202.462183277441 0.0 7754.19355345862 215.5292528584589
7754.19355345862 215.5292528584589 7299.077080366891 422.7383703717569
7299.077080366891 422.7383703717569 7418.486109570544 676.548341380684
7418.486109570544 676.548341380684 7524.939252211068 927.1451134369123
9172.643156711163 2208.142152192783 10355.604828310397 397.0069351032894
10355.604828310397 397.0069351032894 9743.398198088817 0.0
9743.398198088817 0.0 8560.59754871935 1814.3228876767696
8560.59754871935 1814.3228876767696 9172.643156711163 2208.142152192783
10584.604828310397 274.175627567603 10729.77264583043 1849.0614034320884
10729.77264583043 1849.0614034320884 10762.915273658691 1937.3302813387727
10762.915273658691 1937.3302813387727 11733.927353219082 0.0
11733.927353219082 0.0 10584.604828310397 274.175627567603
12207.646086870313 1433.6915661292635 13019.59755300326 1236.0514547668217
13019.59755300326 1236.0514547668217 12719.189566675408 5.266313546484525
12719.189566675408 5.266313546484525 11846.927353219084 0.0
11846.927353219084 0.0 12207.646086870313 1433.6915661292635
418.2117839060022 4260.974549709121 851.2585779471751 3977.882829113023
851.2585779471751 3977.882829113023 1292.5587887023657 3685.163089427554
1292.5587887023657 3685.163089427554 1548.7636650824213 3064.7227342214046
1548.7636650824213 3064.7227342214046 1808.1204355745197 2442.142152192783
1808.1204355745197 2442.142152192783 908.4649762937879 3034.6159171567742
908.4649762937879 3034.6159171567742 0.0 3630.8807148753026
0.0 3630.8807148753026 215.61753489240405 3948.250891672024
215.61753489240405 3948.250891672024 418.2117839060022 4260.974549709121
2330.1642037448673 2442.142152192783 2066.1204355745194 2447.2784937977353
2066.1204355745194 2447.2784937977353 2274.1954997435246 3693.623123045782
2274.1954997435246 3693.623123045782 2360.4298047769216 3689.208237788387
2360.4298047769216 3689.208237788387 2330.1642037448673 2442.142152192783
4001.8670908759686 3844.5508105519566 4613.466108694458 2814.153274729542
4613.466108694458 2814.153274729542 2956.108386052844 2442.142152192783
2956.108386052844 2442.142152192783 2612.4298047769216 3023.166472993884
2612.4298047769216 3023.166472993884 4001.8670908759686 3844.5508105519566
6318.25621451708 2442.142152192783 4814.466108694458 3890.7217449735053
4814.466108694458 3890.7217449735053 5773.573764409929 4024.7114850294984
5773.573764409929 4024.7114850294984 6849.295805567036 2990.480632103143
6849.295805567036 2990.480632103143 6318.25621451708 2442.142152192783
7100.295805567036 3233.6652382181715 7762.716776909889 4114.109644801804
7762.716776909889 4114.109644801804 8420.613199226464 4998.595320295095
8420.613199226464 4998.595320295095 8764.350134468197 4348.45013405523
8764.350134468197 4348.45013405523 9111.404789541395 3704.4007678763455
9111.404789541395 3704.4007678763455 8167.222414673535 2442.142152192783
8167.222414673535 2442.142152192783 7631.056338812626 2836.6743233190446
7631.056338812626 2836.6743233190446 7100.295805567036 3233.6652382181715
9374.593007316078 2442.322800175156 9371.254019111013 2694.1157852182464
9371.254019111013 2694.1157852182464 9365.404789541395 2939.5739702896085
9365.404789541395 2939.5739702896085 9700.768016031569 2943.401688319531
9700.768016031569 2943.401688319531 10027.95744562407 2948.1258231082943
10027.95744562407 2948.1258231082943 10029.119505926727 2698.959168535316
10029.119505926727 2698.959168535316 10032.52334142316 2448.6167997475354
10032.52334142316 2448.6167997475354 9703.732785209475 2442.142152192783
9703.732785209475 2442.142152192783 9374.593007316078 2442.322800175156
11077.8260290426 4407.67943237124 11681.987888167494 4000.0157796561302
11681.987888167494 4000.0157796561302 12270.897600482067 3589.3948220212797
12270.897600482067 3589.3948220212797 11878.21444136276 3016.4229854792848
11878.21444136276 3016.4229854792848 11477.49277330474 2442.1421521927828
11477.49277330474 2442.1421521927828 10878.063339878056 2854.6470738208623
10878.063339878056 2854.6470738208623 10291.52334142316 3266.782271363446
10291.52334142316 3266.782271363446 10687.761216457806 3838.813672091645
10687.761216457806 3838.813672091645 11077.8260290426 4407.67943237124
12394.897600482067 4206.933090573919 13020.479860289533 4148.296919253764
13020.479860289533 4148.296919253764 13324.14232670338 3360.7603331263376
13324.14232670338 3360.7603331263376 13361.365454022383 2476.164860491515
13361.365454022383 2476.164860491515 12478.609694035196 2442.142152192783
12478.609694035196 2442.142152192783 12394.897600482067 4206.933090573919
1123.8226201883942 5270.309922014256 38.96592359453507 5132.595320295095
38.96592359453507 5132.595320295095 0.0 5443.98473878645
0.0 5443.98473878645 1088.9608356761287 5579.095860529933
1088.9608356761287 5579.095860529933 1123.8226201883942 5270.309922014256
1378.8226201883942 6075.341780878344 2056.1325965302617 6746.421634440227
2056.1325965302617 6746.421634440227 2737.017925014421 7413.447860184338
2737.017925014421 7413.447860184338 3201.076886915602 6527.845384664968
3201.076886915602 6527.845384664968 3665.2373976940426 5658.766209471229
3665.2373976940426 5658.766209471229 2991.5539274258817 5392.861670035936
2991.5539274258817 5392.861670035936 2315.671659553643 5132.595320295095
2315.671659553643 5132.595320295095 1848.8880180460442 5608.336106097275
1848.8880180460442 5608.336106097275 1378.8226201883942 6075.341780878344
4887.614593529531 5132.595320295095 4593.112752343402 5306.376411628301
4593.112752343402 5306.376411628301 4302.580823196523 5479.503704104408
4302.580823196523 5479.503704104408 3910.237397694042 6825.338454114515
3910.237397694042 6825.338454114515 4250.614397245239 6887.7307043692135
4250.614397245239 6887.7307043692135 4591.521312185378 6941.1038565888575
4591.521312185378 6941.1038565888575 4741.002382764776 6033.028960793478
4741.002382764776 6033.028960793478 4887.614593529531 5132.595320295095
5167.7892434208015 5875.82873980792 5762.950723064454 5132.595320295095
5762.950723064454 5132.595320295095 5063.323469490339 5749.831130870068
5063.323469490339 5749.831130870068 5044.614593529531 5769.379693133506
5044.614593529531 5769.379693133506 5167.7892434208015 5875.82873980792
7034.134757428302 5837.768341222556 6287.608267433733 5132.595320295095
6287.608267433733 5132.595320295095 5951.950723064454 6101.838935757793
5951.950723064454 6101.838935757793 6395.613438393156 6521.554707287257
6395.613438393156 6521.554707287257 7034.134757428302 5837.768341222556
7640.206037262805 5959.414609547395 8465.00291052151 5339.570817538643
8465.00291052151 5339.570817538643 7634.913283331904 5132.595320295095
7634.913283331904 5132.595320295095 7243.134757428301 5423.354178912586
7243.134757428301 5423.354178912586 7640.206037262805 5959.414609547395
8642.00291052151 5657.5875319329225 9751.558908169816 5871.542262356467
9751.558908169816 5871.542262356467 9882.722934024687 5362.118796988267
9882.722934024687 5362.118796988267 8740.848489385899 5132.595320295095
8740.848489385899 5132.595320295095 8642.00291052151 5657.5875319329225
10879.049486956867 6315.541204703288 10703.911630028175 5727.446036942016
10703.911630028175 5727.446036942016 10517.544992981293 5132.595320295095
10517.544992981293 5132.595320295095 10281.085758514815 5487.892464885379
10281.085758514815 5487.892464885379 10030.722934024687 5846.041840143438
10030.722934024687 5846.041840143438 10134.804957990335 6175.914337567112
10134.804957990335 6175.914337567112 10230.89646851792 6508.724392611825
10230.89646851792 6508.724392611825 10555.897113821764 6414.121330069668
10555.897113821764 6414.121330069668 10879.049486956867 6315.541204703288
11109.049486956868 5706.567151940647 11147.78210041041 5754.067050027288
11147.78210041041 5754.067050027288 11183.035634363707 5816.2528994652
11183.035634363707 5816.2528994652 12273.81919733283 5493.948306607045
12273.81919733283 5493.948306607045 12166.384041479532 5316.021872949566
12166.384041479532 5316.021872949566 12061.075863898486 5132.595320295095
12061.075863898486 5132.595320295095 11581.073177528477 5415.624116370067
11581.073177528477 5415.624116370067 11109.049486956868 5706.567151940647
0.0 7797.193741257674 104.11561080509242 8260.211885767287
104.11561080509242 8260.211885767287 213.8093015757344 8719.427559132804
213.8093015757344 8719.427559132804 1397.9100952550439 8196.242008449959
1397.9100952550439 8196.242008449959 2570.7725652858994 7666.601328466483
2570.7725652858994 7666.601328466483 2576.462499001825 7652.4355314728355
2576.462499001825 7652.4355314728355 2572.312991238136 7636.447860184338
2572.312991238136 7636.447860184338 1287.5766345794548 7713.286010463715
1287.5766345794548 7713.286010463715 0.0 7797.193741257674
5065.281854838837 9097.250491215205 4495.815235041463 8362.678925134343
4495.815235041463 8362.678925134343 3935.0736811847532 7636.447860184339
3935.0736811847532 7636.447860184339 3398.3757169743394 7846.292935411398
3398.3757169743394 7846.292935411398 2862.937875889111 8057.319333082634
2862.937875889111 8057.319333082634 2845.152564241338 8082.509013796181
2845.152564241338 8082.509013796181 2833.462499001825 8107.319875297557
2833.462499001825 8107.319875297557 3949.1549112471835 8596.613811916686
3949.1549112471835 8596.613811916686 5065.281854838837 9097.250491215205
7234.645166327114 8398.833015710312 5179.281854838837 7636.447860184338
5179.281854838837 7636.447860184338 5280.617162169497 8609.9084151902
5280.617162169497 8609.9084151902 7234.645166327114 8398.833015710312
7909.263452166274 7636.447860184338 7354.645166327115 8299.670091441452
7354.645166327115 8299.670091441452 7851.052947890236 8683.226535837526
7851.052947890236 8683.226535837526 7909.263452166274 7636.447860184338
8677.559964592137 7636.447860184338 8352.196969067561 7668.609476230244
8352.196969067561 7668.609476230244 8026.263452166273 7694.09670893288
8026.263452166273 7694.09670893288 8325.981661990474 8575.821009628315
8325.981661990474 8575.821009628315 8619.974378709941 9457.927244519102
8619.974378709941 9457.927244519102 8720.208728098094 9449.459474680685
8720.208728098094 9449.459474680685 8817.30600987918 9437.408532818807
8817.30600987918 9437.408532818807 8752.51064621311 8535.87881678794
8752.51064621311 8535.87881678794 8677.559964592137 7636.447860184338
10098.437384101355 7636.447860184338 9080.678511953889 8291.785849973547
9080.678511953889 8291.785849973547 8995.30600987918 8955.107571226823
8995.30600987918 8955.107571226823 10378.481480882416 8069.96787866235
10378.481480882416 8069.96787866235 10098.437384101355 7636.447860184338
11480.799663933969 9146.276468943544 12147.490148825435 8442.87957012722
12147.490148825435 8442.87957012722 11339.02953471187 7636.447860184338
11339.02953471187 7636.447860184338 10656.481480882416 8366.302054336971
10656.481480882416 8366.302054336971 11480.799663933969 9146.276468943544
12421.841012063735 7636.447860184338 12402.58579407604 8004.676768097428
12402.58579407604 8004.676768097428 12369.490148825433 8366.699473442592
12369.490148825433 8366.699473442592 12634.68715815788 8289.747107673735
12634.68715815788 8289.747107673735 12892.57142335024 8218.760704951292
12892.57142335024 8218.760704951292 12653.369446219504 7928.039794412082
12653.369446219504 7928.039794412082 12421.841012063735 7636.447860184338
783.206151050502 9600.927244519102 442.3555074853325 9694.17068502114
442.3555074853325 9694.17068502114 90.92828551831974 9796.955811125506
90.92828551831974 9796.955811125506 49.11736369657331 10340.714187538797
49.11736369657331 10340.714187538797 0.0 10884.270232950756
0.0 10884.270232950756 657.2412756388438 11195.861880787157
657.2412756388438 11195.861880787157 1314.8670821262697 11498.220711566722
1314.8670821262697 11498.220711566722 1052.128004814582 10547.66663823719
1052.128004814582 10547.66663823719 783.206151050502 9600.927244519102
2417.1980430690824 11347.291942137928 2614.798645756035 10947.201332678977
2614.798645756035 10947.201332678977 2119.2611955691473 9600.927244519102
2119.2611955691473 9600.927244519102 1485.86708212627 10887.886349978604
1485.86708212627 10887.886349978604 2417.1980430690824 11347.291942137928
4192.300863155251 9620.787711280851 4151.141059476852 9613.543903810598
4151.141059476852 9613.543903810598 4105.091231755965 9600.927244519102
4105.091231755965 9600.927244519102 3468.1913225938865 10733.3141227996
3468.1913225938865 10733.3141227996 2826.7986457560346 11869.013119040777
2826.7986457560346 11869.013119040777 3289.4144011512817 11954.699970924095
3289.4144011512817 11954.699970924095 3752.072522300599 12037.111936854135
3752.072522300599 12037.111936854135 3974.3020010122136 10830.112212369806
3974.3020010122136 10830.112212369806 4192.300863155251 9620.787711280851
6930.611317886659 10688.052888865395 6930.437893497284 10638.164031121516
6930.437893497284 10638.164031121516 6928.650631437013 10586.049225026436
6928.650631437013 10586.049225026436 5926.232226950819 10087.006905180602
5926.232226950819 10087.006905180602 4936.678193546687 9600.927244519102
4936.678193546687 9600.927244519102 4660.0955970660525 10234.925654342507
4660.0955970660525 10234.925654342507 4381.300863155251 10870.479086224988
4381.300863155251 10870.479086224988 5658.016261622676 10783.00237926644
5658.016261622676 10783.00237926644 6930.611317886659 10688.052888865395
7126.61131788666 10034.881944073786 7774.075365153602 10520.159219375386
7774.075365153602 10520.159219375386 7706.901751942942 9786.614089360863
7706.901751942942 9786.614089360863 7443.830738975382 9600.927244519102
7443.830738975382 9600.927244519102 7126.61131788666 10034.881944073786
7882.075365153602 10351.555492151556 8121.290611216073 10529.86958339654
8121.290611216073 10529.86958339654 8362.143395417092 10705.518775099677
8362.143395417092 10705.518775099677 8700.45906531825 10375.069073504976
8700.45906531825 10375.069073504976 9030.744905689111 10044.197422724294
9030.744905689111 10044.197422724294 8730.066066604319 9828.085139286579
8730.066066604319 9828.085139286579 8429.47467300569 9600.927244519102
8429.47467300569 9600.927244519102 8153.588300707357 9977.794603802091
8153.588300707357 9977.794603802091 7882.075365153602 10351.555492151556
10764.844238135824 10173.357833925143 10358.657839237138 9600.927244519102
10358.657839237138 9600.927244519102 9289.744905689111 9660.458287423098
9289.744905689111 9660.458287423098 9322.428819745954 10263.841044666642
9322.428819745954 10263.841044666642 10764.844238135824 10173.357833925143
10882.844238135824 10494.924104488558 11952.828703145775 11208.395285580698
11952.828703145775 11208.395285580698 12550.477087903451 10306.1216821254
12550.477087903451 10306.1216821254 11481.684142091959 9600.927244519102
11481.684142091959 9600.927244519102 10882.844238135824 10494.924104488558
0.0 12474.737739979439 952.220187151829 12586.626928829723
952.220187151829 12586.626928829723 1256.3243172884788 12479.42282297063
1256.3243172884788 12479.42282297063 1564.072172189399 12373.134760500912
1564.072172189399 12373.134760500912 802.1895937812554 12281.507583441144
802.1895937812554 12281.507583441144 35.059082162503834 12205.111936854135
35.059082162503834 12205.111936854135 16.794899973326263 12339.57118331974
16.794899973326263 12339.57118331974 0.0 12474.737739979439
3728.3623892374085 14100.25617398204 3830.632362644342 13569.168408714539
3830.632362644342 13569.168408714539 2130.9670606060495 12205.111936854135
2130.9670606060495 12205.111936854135 1834.072172189399 13735.069811199282
1834.072172189399 13735.069811199282 3728.3623892374085 14100.25617398204
3966.632362644342 12355.43659470953 4050.3783933868226 12787.121761664785
4050.3783933868226 12787.121761664785 4142.634008834181 13209.705491062941
4142.634008834181 13209.705491062941 4497.63650976433 13141.355767798625
4497.63650976433 13141.355767798625 4845.840509688866 13061.890026550444
4845.840509688866 13061.890026550444 4749.784472680848 12639.857529625218
4749.784472680848 12639.857529625218 4660.843137970758 12205.111936854135
4660.843137970758 12205.111936854135 3966.632362644342 12355.43659470953
6276.464367445163 13651.574402187882 6379.027434028598 12922.211073849807
6379.027434028598 12922.211073849807 6484.604230597675 12205.111936854135
6484.604230597675 12205.111936854135 5140.189476839057 12734.489505602192
5140.189476839057 12734.489505602192 5088.690375610769 13107.532401748244
5088.690375610769 13107.532401748244 5038.840509688866 13477.613416094211
5038.840509688866 13477.613416094211 5663.489768051892 13567.716363102814
5663.489768051892 13567.716363102814 6276.464367445163 13651.574402187882
6626.604230597675 12281.479511848518 6674.65752656166 12508.246713891083
6674.65752656166 12508.246713891083 6963.924162248381 12922.812482235502
6963.924162248381 12922.812482235502 7261.405530018734 13347.280756629363
7261.405530018734 13347.280756629363 7148.373065815653 12772.623257079857
7148.373065815653 12772.623257079857 7046.935234206652 12205.111936854135
7046.935234206652 12205.111936854135 6840.072015823882 12237.759960300093
6840.072015823882 12237.759960300093 6626.604230597675 12281.479511848518
7830.6809310961335 12928.687294177953 7855.097661290747 12695.911615354578
7855.097661290747 12695.911615354578 7881.384619796727 12465.299465528591
7881.384619796727 12465.299465528591 7696.4177824191465 12337.593284946899
7696.4177824191465 12337.593284946899 7506.836109230674 12205.111936854135
7506.836109230674 12205.111936854135 7472.19320025364 12547.64899446486
7472.19320025364 12547.64899446486 7433.405530018735 12888.503755476893
7433.405530018735 12888.503755476893 7633.94768003068 12912.555706103372
7633.94768003068 12912.555706103372 7830.6809310961335 12928.687294177953
8061.384619796727 13112.30749178688 9071.04219549985 14883.3894396647
9071.04219549985 14883.3894396647 10697.184870473844 13950.555744775258
10697.184870473844 13950.555744775258 9656.360928453374 12205.111936854135
9656.360928453374 12205.111936854135 8061.384619796727 13112.30749178688
11428.591183637944 12205.111936854135 11347.988915118167 12227.67218845328
11347.988915118167 12227.67218845328 11268.829929435875 12242.44100472437
11268.829929435875 12242.44100472437 10874.184870473844 12722.896558355507
10874.184870473844 12722.896558355507 11035.56656873325 13365.522541491799
11035.56656873325 13365.522541491799 11192.236420318906 14012.887318319717
11192.236420318906 14012.887318319717 11230.419999045276 14020.543301541773
11230.419999045276 14020.543301541773 11255.383607599944 14019.307661267412
11255.383607599944 14019.307661267412 11350.657570267367 13117.694203620385
11350.657570267367 13117.694203620385 11428.591183637944 12205.111936854135
11657.698162725485 12502.784972504234 12373.109335332965 12355.109716520503
12373.109335332965 12355.109716520503 13099.334562597223 12205.111936854135
13099.334562597223 12205.111936854135 12343.987862073696 12216.375402466696
12343.987862073696 12216.375402466696 11595.591183637942 12222.183863872911
11595.591183637942 12222.183863872911 11624.698803867082 12362.807387669229
11624.698803867082 12362.807387669229 11657.698162725485 12502.784972504234
1419.9580143570456 15681.986147992257 0.0 15019.3894396647
0.0 15019.3894396647 1058.9299508725396 16476.735367269102
1058.9299508725396 16476.735367269102 1419.9580143570456 15681.986147992257
2608.4241785197714 15180.67150990926 1514.9580143570456 15019.3894396647
1514.9580143570456 15019.3894396647 2115.917309650774 15640.625789761074
2115.917309650774 15640.625789761074 2608.4241785197714 15180.67150990926
2768.253617528145 16492.009552937605 3604.2015119921834 16487.024477710824
3604.2015119921834 16487.024477710824 3831.14070065115 15019.389439664697
3831.14070065115 15019.389439664697 2748.424178519771 15025.69220034116
2748.424178519771 15025.69220034116 2768.253617528145 16492.009552937605
3957.14070065115 16889.855458626924 4442.848616243489 16065.634929629414
4442.848616243489 16065.634929629414 4938.676695901427 15235.726656430787
4938.676695901427 15235.726656430787 4699.1239391125755 15123.395800712866
4699.1239391125755 15123.395800712866 4456.023561331343 15019.389439664701
4456.023561331343 15019.389439664701 4209.337248580032 15956.406811838724
4209.337248580032 15956.406811838724 3957.14070065115 16889.855458626924
5136.628656039154 15942.709714960707 6549.494700205803 15859.811383571767
6549.494700205803 15859.811383571767 7693.03318669172 15019.3894396647
7693.03318669172 15019.3894396647 5092.676695901427 15168.581990373463
5092.676695901427 15168.581990373463 5136.628656039154 15942.709714960707
8847.942393330859 15019.3894396647 7875.03318669172 15456.267474801087
7875.03318669172 15456.267474801087 7952.412319892878 15642.440977383503
7952.412319892878 15642.440977383503 8932.36891304555 15199.595887328776
8932.36891304555 15199.595887328776 8847.942393330859 15019.3894396647
9208.36891304555 15356.153432892344 9764.785268425923 15249.852977662249
9764.785268425923 15249.852977662249 9437.648666398594 15019.389439664701
9437.648666398594 15019.389439664701 9208.36891304555 15356.153432892344
9923.785268425925 15969.199520167698 10487.495721576046 16019.364851333143
10487.495721576046 16019.364851333143 11039.14721356847 16066.321922587002
11039.14721356847 16066.321922587002 11083.766202940198 15595.062492819505
11083.766202940198 15595.062492819505 11129.802849783522 15122.513143174816
11129.802849783522 15122.513143174816 10573.151862624276 15076.05231475445
10573.151862624276 15076.05231475445 10012.873402269612 15019.3894396647
10012.873402269612 15019.3894396647 9970.469641875447 15495.547421442807
9970.469641875447 15495.547421442807 9923.785268425925 15969.199520167698
11561.14632259446 15019.3894396647 11439.527985076873 15305.741850583794
11439.527985076873 15305.741850583794 11323.802849783524 15584.474181759997
11323.802849783524 15584.474181759997 11720.393232778237 15424.383190374858
11720.393232778237 15424.383190374858 12116.722392276604 15265.610938661672
12116.722392276604 15265.610938661672 11842.699124334309 15149.671691486545
11842.699124334309 15149.671691486545 11561.14632259446 15019.3894396647
0.0 18670.284822983365 2378.364701166287 18860.148392421466
2378.364701166287 18860.148392421466 3073.671307520101 17722.424195760268
3073.671307520101 17722.424195760268 3100.3047722531014 17399.535209362566
3100.3047722531014 17399.535209362566 124.54116829107409 17165.855458626924
124.54116829107409 17165.855458626924 0.0 18670.284822983365
3373.3047722531014 17743.163180752756 3818.173365617461 18074.792160098063
3818.173365617461 18074.792160098063 4266.089272679502 18403.744138940452
4266.089272679502 18403.744138940452 4351.879095194936 18015.456331650963
4351.879095194936 18015.456331650963 4431.768772827307 17622.96136594283
4431.768772827307 17622.96136594283 4117.242933765305 17394.4511471555
4117.242933765305 17394.4511471555 3807.516915693626 17165.855458626924
3807.516915693626 17165.855458626924 3593.0298543811373 17454.584816923627
3593.0298543811373 17454.584816923627 3373.3047722531014 17743.163180752756
5317.359737616687 17165.855458626924 5110.607732811559 17227.22844247891
5110.607732811559 17227.22844247891 4897.614842396632 17296.103861518848
4897.614842396632 17296.103861518848 4730.632312799043 17802.833483482587
4730.632312799043 17802.833483482587 4569.768772827307 18310.631759131225
4569.768772827307 18310.631759131225 4744.149428775693 18902.148332102846
4744.149428775693 18902.148332102846 4926.654514953333 19485.834609476336
4926.654514953333 19485.834609476336 5938.639531160181 19176.083071674464
5938.639531160181 19176.083071674464 5623.145435700697 18173.126861480712
5623.145435700697 18173.126861480712 5317.359737616687 17165.855458626924
6069.639531160181 18011.884656763985 7209.080376618492 18567.883047478957
7209.080376618492 18567.883047478957 6469.881707313607 17165.855458626924
6469.881707313607 17165.855458626924 6069.639531160181 18011.884656763985
7782.48778426414 17165.855458626924 7631.586257281997 17904.22409170374
7631.586257281997 17904.22409170374 7473.080376618491 18641.13429740879
7473.080376618491 18641.13429740879 8385.381392726815 17866.741545367186
8385.381392726815 17866.741545367186 8080.687260050444 17514.78874159125
8080.687260050444 17514.78874159125 7782.48778426414 17165.855458626924
9378.389593239286 17546.358869432013 9410.701467527211 17373.52291590446
9410.701467527211 17373.52291590446 9430.544381720749 17201.07267551725
9430.544381720749 17201.07267551725 9006.094160638404 17186.416007494394
9006.094160638404 17186.416007494394 8583.6306412902 17165.855458626924
8583.6306412902 17165.855458626924 8568.322911113577 17299.533114000475
8568.322911113577 17299.533114000475 8543.381392726815 17429.8031853329
8543.381392726815 17429.8031853329 9378.389593239286 17546.358869432013
10655.921889626301 17368.42845516724 10249.074674548097 17165.855458626924
10249.074674548097 17165.855458626924 9670.544381720749 18359.098076568887
9670.544381720749 18359.098076568887 10073.540406848515 18555.82554817011
10073.540406848515 18555.82554817011 10655.921889626301 17368.42845516724
10822.9218896263 18350.755692057166 11758.038655790995 18765.32215705614
11758.038655790995 18765.32215705614 12694.49480838778 19191.614788679155
12694.49480838778 19191.614788679155 13020.471351698307 18628.67893781248
13020.471351698307 18628.67893781248 13349.565752954293 18058.189971597323
13349.565752954293 18058.189971597323 12349.791164222535 17609.227264327503
12349.791164222535 17609.227264327503 11353.669082148224 17165.855458626924
11353.669082148224 17165.855458626924 11089.12233055094 17752.06606012917
11089.12233055094 17752.06606012917 10822.9218896263 18350.755692057166
0.0 20945.001122048277 281.32251883121114 20696.111492055472
281.32251883121114 20696.111492055472 572.0821409045298 20458.09056957049
572.0821409045298 20458.09056957049 291.38557826541347 20080.02440672107
291.38557826541347 20080.02440672107 20.809175251621685 19705.83460947634
20.809175251621685 19705.83460947634 0.0 20945.001122048277
1521.145326603231 20123.77565338908 1238.0149220213316 19705.834609476336
1238.0149220213316 19705.834609476336 688.0821409045298 20335.731460260104
688.0821409045298 20335.731460260104 846.3991605516045 20583.793654376772
846.3991605516045 20583.793654376772 1521.145326603231 20123.77565338908
2589.055628738171 19705.834609476336 2153.801888066584 20372.54870965876
2153.801888066584 20372.54870965876 1729.1453266032313 21039.754486871858
1729.1453266032313 21039.754486871858 1957.4978206535543 21478.937817581595
1957.4978206535543 21478.937817581595 2186.566944545292 21922.455572412073
2186.566944545292 21922.455572412073 2755.159905127057 21051.429400813246
2755.159905127057 21051.429400813246 3313.692604256945 20179.2414577462
3313.692604256945 20179.2414577462 2589.055628738171 19705.834609476336
3471.692604256945 19927.35837975845 4066.590123703085 21952.504325445978
4066.590123703085 21952.504325445978 4981.70297829569 22249.208050171972
4981.70297829569 22249.208050171972 4221.953975816759 19705.834609476336
4221.953975816759 19705.834609476336 3471.692604256945 19927.35837975845
7627.470557515373 20878.46748883556 6548.656800865274 19705.834609476336
6548.656800865274 19705.834609476336 5246.702978295691 20909.264092084446
5246.702978295691 20909.264092084446 6321.88999084137 22077.323224287673
6321.88999084137 22077.323224287673 7627.470557515373 20878.46748883556
7943.675423763476 20631.829701760573 8811.980397368105 19877.722853069117
8811.980397368105 19877.722853069117 8659.64258374258 19705.834609476336
8659.64258374258 19705.834609476336 7797.470557515373 20470.906423287946
7797.470557515373 20470.906423287946 7943.675423763476 20631.829701760573
10849.530650127896 21504.826128641642 11162.957174396446 20209.545634874758
11162.957174396446 20209.545634874758 9288.156937502366 19705.834609476336
9288.156937502366 19705.834609476336 8964.980397368105 21041.3504043756
8964.980397368105 21041.3504043756 10849.530650127896 21504.826128641642
12371.100232219338 19705.834609476336 11853.28160522845 20277.05751131829
11853.28160522845 20277.05751131829 11327.957174396446 20857.291361334
11327.957174396446 20857.291361334 11940.170742070517 20732.978062503385
11940.170742070517 20732.978062503385 12554.533015490257 20614.189700049108
12554.533015490257 20614.189700049108 12459.116460559802 20161.61110392833
12459.116460559802 20161.61110392833 12371.100232219338 19705.834609476336
0.0 23562.04434953534 1331.6306450774298 23891.453712345676
1331.6306450774298 23891.453712345676 1600.0943625283674 22764.65785257071
1600.0943625283674 22764.65785257071 272.4232667266781 22442.20805017197
272.4232667266781 22442.20805017197 0.0 23562.04434953534
2763.232776692574 22654.810164629267 1799.7839216459643 22442.20805017197
1799.7839216459643 22442.20805017197 1710.0943625283671 22870.433306496132
1710.0943625283671 22870.433306496132 2661.6070498257486 23089.09490639621
2661.6070498257486 23089.09490639621 2763.232776692574 22654.810164629267
3272.475091631405 22442.20805017197 3146.052184260407 23530.962352015413
3146.052184260407 23530.962352015413 3017.2327766925746 24616.717888680818
3017.2327766925746 24616.717888680818 3637.5050678618195 24291.98331520214
3637.5050678618195 24291.98331520214 4249.722003262321 23974.879858972778
4249.722003262321 23974.879858972778 3272.475091631405 22442.20805017197
4739.273687635906 22442.20805017197 4585.685905742363 22578.90637584806
4585.685905742363 22578.90637584806 4431.722003262321 22720.54627180683
4431.722003262321 22720.54627180683 4816.138794140408 22906.533229980643
4816.138794140408 22906.533229980643 4911.022041047923 22824.19041638327
4911.022041047923 22824.19041638327 5009.446681746503 22728.657811224504
5009.446681746503 22728.657811224504 4873.05115958711 22585.532059749297
4873.05115958711 22585.532059749297 4739.273687635906 22442.20805017197
5170.446681746503 23402.97040430221 5255.732611219769 23518.17096738558
5255.732611219769 23518.17096738558 5328.760449728689 23625.408671014302
5328.760449728689 23625.408671014302 6004.6756614018195 23147.890140373
6004.6756614018195 23147.890140373 6682.59272955413 22659.19235050397
6682.59272955413 22659.19235050397 6600.974482871085 22548.69780786999
6600.974482871085 22548.69780786999 6519.541302214568 22442.20805017197
6519.541302214568 22442.20805017197 5170.446681746503 23402.97040430221
8279.248695709319 22442.20805017197 7589.7325195892245 22733.66326987268
7589.7325195892245 22733.66326987268 6897.59272955413 23032.21821464422
6897.59272955413 23032.21821464422 7691.715039109532 22973.55021848156
7691.715039109532 22973.55021848156 8484.309706721237 22917.83550652209
8484.309706721237 22917.83550652209 8383.629430207264 22681.297470935904
8383.629430207264 22681.297470935904 8279.248695709319 22442.20805017197
9876.725548902976 22501.28820903297 9664.0209460749 22442.20805017197
9664.0209460749 22442.20805017197 9121.335087603658 22680.711745282715
9121.335087603658 22680.711745282715 8754.309706721237 23992.781864162906
8754.309706721237 23992.781864162906 8797.181069197723 24023.8763391998
8797.181069197723 24023.8763391998 9876.725548902976 22501.28820903297
10645.960530410372 22442.20805017197 10316.734202091644 22638.17124948856
10316.734202091644 22638.17124948856 9983.725548902976 22828.6406324714
9983.725548902976 22828.6406324714 10366.356787892308 23639.325759141866
10366.356787892308 23639.325759141866 10744.86542659049 24449.72277759636
10744.86542659049 24449.72277759636 11147.679488935095 24220.071536535583
11147.679488935095 24220.071536535583 11552.789007009229 23978.566243171957
11552.789007009229 23978.566243171957 11098.014952890018 23211.38847068157
11098.014952890018 23211.38847068157 10645.960530410372 22442.20805017197
12087.312889016872 23944.897747112023 12562.849408958247 22673.383365842077
12562.849408958247 22673.383365842077 12198.134972317892 22557.261975184734
12198.134972317892 22557.261975184734 11831.789007009229 22442.20805017197
11831.789007009229 22442.20805017197 11961.793142929846 23187.627322074448
11961.793142929846 23187.627322074448 12087.312889016872 23944.897747112023
958.6080233986418 26681.93517077946 1213.5216241092048 26421.193318573372
1213.5216241092048 26421.193318573372 992.2621929674325 24723.717888680818
992.2621929674325 24723.717888680818 0.0 25733.923254806963
0.0 25733.923254806963 958.6080233986418 26681.93517077946
1909.117917363361 24781.569438180468 1780.5934329367142 24758.944841163262
1780.5934329367142 24758.944841163262 1642.9569672035782 24723.717888680818
1642.9569672035782 24723.717888680818 1528.5727409079882 25188.337102200843
1528.5727409079882 25188.337102200843 1414.5216241092048 25642.900702292958
1414.5216241092048 25642.900702292958 1564.514459359442 25672.55567035749
1564.514459359442 25672.55567035749 1720.1824170948225 25700.629517883284
1720.1824170948225 25700.629517883284 1812.0425845236896 25246.25976342712
1812.0425845236896 25246.25976342712 1909.117917363361 24781.569438180468
2043.1367198174744 25186.200272005786 2684.733927910832 25143.574902467575
2684.733927910832 25143.574902467575 3312.5684407588533 25099.40812131172
3312.5684407588533 25099.40812131172 3299.6866386502898 24912.7371987158
3299.6866386502898 24912.7371987158 3287.9464489016564 24723.717888680818
3287.9464489016564 24723.717888680818 2652.759872882928 24776.604689884145
2652.759872882928 24776.604689884145 2016.117917363361 24818.011663928537
2016.117917363361 24818.011663928537 2033.7575673995104 25007.65824035557
2033.7575673995104 25007.65824035557 2043.1367198174744 25186.200272005786
3470.5684407588533 25361.06145398113 5077.481666497768 25223.982385283616
5077.481666497768 25223.982385283616 3705.970037784481 24723.717888680818
3705.970037784481 24723.717888680818 3470.5684407588533 25361.06145398113
6197.046667061442 24723.717888680818 5755.789398992981 24934.464941996055
5755.789398992981 24934.464941996055 5318.481666497768 25134.391343806677
5318.481666497768 25134.391343806677 5349.135969302915 25210.997988510368
5349.135969302915 25210.997988510368 5384.271790776618 25277.532992212593
5384.271790776618 25277.532992212593 5822.031144916359 25074.958033672734
5822.031144916359 25074.958033672734 6265.654859587716 24876.19609841156
6265.654859587716 24876.19609841156 6235.410676305768 24796.95098510999
6235.410676305768 24796.95098510999 6197.046667061442 24723.717888680818
7201.756028983897 25124.805436721777 6494.654859587716 24723.717888680818
6494.654859587716 24723.717888680818 6589.415753016416 26067.220002708968
6589.415753016416 26067.220002708968 6648.73521794556 26096.98569837168
6648.73521794556 26096.98569837168 7201.756028983897 25124.805436721777
9124.739262970244 25663.720700223275 8806.915044966014 24723.717888680818
8806.915044966014 24723.717888680818 7315.756028983898 25358.45459112012
7315.756028983898 25358.45459112012 7602.543720080728 26186.86243447753
7602.543720080728 26186.86243447753 9124.739262970244 25663.720700223275
9247.85119741332 25581.39732844079 10475.540057746304 25233.85356544597
10475.540057746304 25233.85356544597 11713.280552395325 24883.827726249267
11713.280552395325 24883.827726249267 10473.01825931183 24801.20463592194
10473.01825931183 24801.20463592194 9232.739262970243 24723.717888680818
9232.739262970243 24723.717888680818 9235.275681730902 25150.800432819124
9235.275681730902 25150.800432819124 9247.85119741332 25581.39732844079
11921.280552395325 24723.717888680818 12420.489004668923 25317.53006457694
12420.489004668923 25317.53006457694 12920.942492422411 25914.893896090547
12920.942492422411 25914.893896090547 13242.19758371131 25894.580721841972
13242.19758371131 25894.580721841972 13554.378426885105 25882.90886813942
13554.378426885105 25882.90886813942 12741.329467556905 25297.289448063006
12741.329467556905 25297.289448063006 11921.280552395325 24723.717888680818
1436.9619016883557 28235.385268532104 1049.123945429833 27548.057365808105
1049.123945429833 27548.057365808105 662.487834623835 26867.935170779463
662.487834623835 26867.935170779463 334.59282993144666 27052.473284828615
334.59282993144666 27052.473284828615 0.0 27245.73844219519
0.0 27245.73844219519 386.2247230664277 27921.02438371117
386.2247230664277 27921.02438371117 771.2882927345186 28610.989936964957
771.2882927345186 28610.989936964957 1103.883902703631 28422.007061732456
1103.883902703631 28422.007061732456 1436.9619016883557 28235.385268532104
1558.9619016883557 28637.190837259273 2996.675264512979 27569.443375712646
2996.675264512979 27569.443375712646 2666.4917101002584 26867.935170779463
2666.4917101002584 26867.935170779463 1558.9619016883557 28637.190837259273
3191.675264512979 28283.44905594745 5181.823108560473 27136.5354133484
5181.823108560473 27136.5354133484 3399.224543004372 26867.935170779463
3399.224543004372 26867.935170779463 3191.675264512979 28283.44905594745
7062.506437713354 26867.935170779463 5324.823108560473 27419.62708898206
5324.823108560473 27419.62708898206 5353.765172169058 27451.36963571458
5353.765172169058 27451.36963571458 6937.508971180518 27488.406642001326
6937.508971180518 27488.406642001326 7062.506437713354 26867.935170779463
7243.506437713354 27461.870805752922 7956.191058851231 27470.92085440516
7956.191058851231 27470.92085440516 8662.780165714472 27483.048543504985
8662.780165714472 27483.048543504985 8424.461000685906 27187.476347244203
8424.461000685906 27187.476347244203 8184.330424723859 26884.541345065853
8184.330424723859 26884.541345065853 7717.08533938691 26879.929714847833
7717.08533938691 26879.929714847833 7252.725660267335 26867.935170779463
7252.725660267335 26867.935170779463 7251.412095970629 27169.102587093777
7251.412095970629 27169.102587093777 7243.506437713354 27461.870805752922
8984.715292667159 27861.278431293726 10666.864419977788 27330.01714843463
10666.864419977788 27330.01714843463 9991.125001273434 26867.935170779463
9991.125001273434 26867.935170779463 8791.780165714472 27250.314922301106
8791.780165714472 27250.314922301106 8984.715292667159 27861.278431293726
10780.864419977786 27540.107125213985 11267.213707401037 27551.217246776643
11267.213707401037 27551.217246776643 11754.30386758392 27545.58922015775
11754.30386758392 27545.58922015775 11663.74645218523 27207.86612056355
11663.74645218523 27207.86612056355 11569.24071159871 26867.935170779463
11569.24071159871 26867.935170779463 11177.927690035105 27203.61657569388
11177.927690035105 27203.61657569388 10780.864419977786 27540.107125213985
