437
740.7365858689154 870.8074709639077 242.46469638116037 0.0
242.46469638116037 0.0 0.0 145.34921854932668
0.0 145.34921854932668 502.17883756843753 1009.6279952304774
502.17883756843753 1009.6279952304774 740.7365858689154 870.8074709639077
2869.050308622639 622.7588600973645 2838.364847804573 446.52487451085483
2838.364847804573 446.52487451085483 2602.3167204776637 217.6428338465558
2602.3167204776637 217.6428338465558 2355.173102312891 0.0
2355.173102312891 0.0 977.3957317257073 242.81790620444787
977.3957317257073 242.81790620444787 974.6351201121179 268.6240215978729
974.6351201121179 268.6240215978729 967.7365858689154 301.03818928675116
967.7365858689154 301.03818928675116 1910.839735842996 463.0898236055247
1910.839735842996 463.0898236055247 2869.050308622639 622.7588600973645
3380.5366125432056 709.695975439324 3620.78794851579 360.043207833996
3620.78794851579 360.043207833996 3444.61892051391 0.0
3444.61892051391 0.0 3085.050308622639 502.7621257857206
3085.050308622639 502.7621257857206 3380.5366125432056 709.695975439324
4076.1768321116815 0.0 3935.02696198302 122.69017698912931
3935.02696198302 122.69017698912931 3789.78794851579 244.6491189416805
3789.78794851579 244.6491189416805 3960.2889771840396 334.1516838133544
3960.2889771840396 334.1516838133544 4127.316742748944 423.10177728402164
4127.316742748944 423.10177728402164 4218.908575741355 343.01501800795916
4218.908575741355 343.01501800795916 4303.850879901717 270.06646606651606
4303.850879901717 270.06646606651606 4190.45345004796 132.53273782845278
4190.45345004796 132.53273782845278 4076.1768321116815 0.0
5782.476620489698 249.72304880902993 4600.547516830595 0.0
4600.547516830595 0.0 4389.850879901718 991.5649655864604
4389.850879901718 991.5649655864604 5577.820124249668 1238.0061424646099
5577.820124249668 1238.0061424646099 5782.476620489698 249.72304880902993
6975.106856959088 700.3542521539953 6953.176047107358 348.4611686678579
6953.176047107358 348.4611686678579 6938.6669800463105 0.0
6938.6669800463105 0.0 6443.731445930283 354.1986882083461
6443.731445930283 354.1986882083461 5950.476620489698 705.6649511957056
5950.476620489698 705.6649511957056 6975.106856959088 700.3542521539953
7160.106856959088 123.95763187308425 7293.392109122135 732.4202082211046
7293.392109122135 732.4202082211046 7731.3330249533865 0.0
7731.3330249533865 0.0 7160.106856959088 123.95763187308425
8324.247005036677 0.0 7907.333024953387 165.92240935447177
7907.333024953387 165.92240935447177 8280.116297649725 476.7766442219891
8280.116297649725 476.7766442219891 8645.7761043203 790.6447670939704
8645.7761043203 790.6447670939704 8480.593067164888 391.947059352769
8480.593067164888 391.947059352769 8324.247005036677 0.0
1360.5043345641154 1344.0061424646099 0.0 2687.4614994025173
0.0 2687.4614994025173 884.923663518588 2802.8243622273535
884.923663518588 2802.8243622273535 1854.837547711471 1841.6118636882752
1854.837547711471 1841.6118636882752 1360.5043345641154 1344.0061424646099
1995.837547711471 1705.0297609659356 2392.468250875094 2011.1902925741756
2392.468250875094 2011.1902925741756 2789.770354028177 2325.708038443677
2789.770354028177 2325.708038443677 2933.0035653654536 2146.181197659868
2933.0035653654536 2146.181197659868 3070.039790653263 1965.7463201615349
3070.039790653263 1965.7463201615349 2673.258652604173 1654.520195896696
2673.258652604173 1654.520195896696 2269.380345438061 1344.0061424646099
2269.380345438061 1344.0061424646099 2138.091278056615 1522.3808029397474
2138.091278056615 1522.3808029397474 1995.837547711471 1705.0297609659356
4905.968042749573 1892.9691170484125 4083.2696728322744 1614.8732044889566
4083.2696728322744 1614.8732044889566 3266.528146360194 1344.0061424646099
3266.528146360194 1344.0061424646099 3234.15664849533 2245.97202984864
3234.15664849533 2245.97202984864 3208.039790653263 3147.560837239606
3208.039790653263 3147.560837239606 3865.480000880049 3096.9585157651027
3865.480000880049 3096.9585157651027 4521.935418902606 3039.961531072226
4521.935418902606 3039.961531072226 4711.833095164984 2466.7440974224482
4711.833095164984 2466.7440974224482 4905.968042749573 1892.9691170484125
5161.286666131611 1344.0061424646099 5067.968042749573 1588.7769288605139
5067.968042749573 1588.7769288605139 5665.808923458272 1542.6434892308093
5665.808923458272 1542.6434892308093 5161.286666131611 1344.0061424646099
6245.582417030126 1344.941816832538 6070.13723880454 1344.0061424646099
6070.13723880454 1344.0061424646099 5886.808923458272 1347.4635458655268
5886.808923458272 1347.4635458655268 6090.4961394851925 2288.0338949914694
6090.4961394851925 2288.0338949914694 6288.439455464145 3224.8040740586066
6288.439455464145 3224.8040740586066 6267.462051908028 2281.166333518694
6267.462051908028 2281.166333518694 6245.582417030126 1344.941816832538
6450.439455464146 2096.591257876133 6772.696546716619 2597.1854180693513
6772.696546716619 2597.1854180693513 7627.509140914316 1344.0061424646096
7627.509140914316 1344.0061424646096 6450.439455464146 2096.591257876133
9692.866519873423 1347.380123240838 8704.728617940578 1347.7346899834545
8704.728617940578 1347.7346899834545 7720.509140914317 1344.0061424646099
7720.509140914317 1344.0061424646099 7916.059856692194 1738.2674379675016
7916.059856692194 1738.2674379675016 8106.299005779309 2133.5544791452667
8106.299005779309 2133.5544791452667 8896.381381415547 1742.673496666589
8896.381381415547 1742.673496666589 9692.866519873423 1347.380123240838
1436.4688561265716 4235.524190688151 133.81486494520323 3327.8040740586066
133.81486494520323 3327.8040740586066 0.0 4891.293954943481
0.0 4891.293954943481 666.2273284496194 5360.301555183372
666.2273284496194 5360.301555183372 1436.4688561265716 4235.524190688151
1677.4688561265716 3566.1166629653358 2886.137777057588 3634.627549309673
2886.137777057588 3634.627549309673 2897.271011098969 3401.754549676013
2897.271011098969 3401.754549676013 1698.204865504065 3327.8040740586066
1698.204865504065 3327.8040740586066 1677.4688561265716 3566.1166629653358
3264.98216445853 3327.8040740586066 3045.271011098969 3513.5955306154156
3045.271011098969 3513.5955306154156 3653.433295425999 4272.63697038465
3653.433295425999 4272.63697038465 3896.642360748369 4063.813803455111
3896.642360748369 4063.813803455111 3264.98216445853 3327.8040740586066
4997.07997147246 3327.8040740586066 4025.6423607483694 4148.31613296399
4025.6423607483694 4148.31613296399 4717.5817855141295 4963.0399954161085
4717.5817855141295 4963.0399954161085 5693.043814421967 4140.502886637027
5693.043814421967 4140.502886637027 4997.07997147246 3327.8040740586066
6070.616867055121 4267.983068495029 6336.779283490403 3801.9474461915424
6336.779283490403 3801.9474461915424 6600.7253618188315 3327.804074058607
6600.7253618188315 3327.804074058607 6205.345617937756 3491.3174481317883
6205.345617937756 3491.3174481317883 5821.043814421968 3663.254386210294
5821.043814421968 3663.254386210294 5949.471520232201 3961.670747236084
5949.471520232201 3961.670747236084 6070.616867055121 4267.983068495029
6784.275117668628 3327.8040740586066 6760.286381834385 4037.3733297228637
6760.286381834385 4037.3733297228637 6728.7253618188315 4749.800650490142
6728.7253618188315 4749.800650490142 7083.095069712923 4769.689446198499
7083.095069712923 4769.689446198499 7428.8341709201295 4775.17933853167
7428.8341709201295 4775.17933853167 7457.7146297937115 4067.0929476964907
7457.7146297937115 4067.0929476964907 7485.2379206118 3356.7619007428393
7485.2379206118 3356.7619007428393 7134.46728016588 3341.677555913776
7134.46728016588 3341.677555913776 6784.275117668628 3327.8040740586066
8101.771729076076 3936.167765953682 8205.129454871074 3863.8366482678093
8205.129454871074 3863.8366482678093 8316.572795327811 3799.2838822728777
8316.572795327811 3799.2838822728777 8022.3983682309645 3562.2799030443734
8022.3983682309645 3562.2799030443734 7710.2379206118 3327.8040740586066
7710.2379206118 3327.8040740586066 8101.771729076076 3936.167765953682
9032.309645104726 3327.8040740586066 8780.238220641937 3345.087091103065
8780.238220641937 3345.087091103065 8525.572795327811 3372.167794896678
8525.572795327811 3372.167794896678 8592.76976365615 4107.855705045127
8592.76976365615 4107.855705045127 8655.393685816838 4830.952784134697
8655.393685816838 4830.952784134697 8902.93585525268 4810.033555844239
8902.93585525268 4810.033555844239 9156.455320488389 4787.442077316416
9156.455320488389 4787.442077316416 9090.594768943196 4062.242135528476
9090.594768943196 4062.242135528476 9032.309645104726 3327.8040740586066
9477.217097394016 3997.9521543253113 9920.939394057765 3657.051459862854
9920.939394057765 3657.051459862854 10363.562288205485 3327.8040740586066
10363.562288205485 3327.8040740586066 9883.50736055316 3574.605984406956
9883.50736055316 3574.605984406956 9392.976179930833 3817.183138545113
9392.976179930833 3817.183138545113 9374.955276130293 3839.9717492463005
9374.955276130293 3839.9717492463005 9358.455320488389 3849.396860190611
9358.455320488389 3849.396860190611 9421.297925122972 3918.732576888701
9421.297925122972 3918.732576888701 9477.217097394016 3997.9521543253113
771.8465501824381 6120.566911258837 97.7336702028698 5546.301555183372
97.7336702028698 5546.301555183372 0.0 5661.115888377273
0.0 5661.115888377273 676.4152239902721 6233.022221501376
676.4152239902721 6233.022221501376 771.8465501824381 6120.566911258837
1346.0716230845028 7261.539129654728 2552.568141673578 6464.254236013236
2552.568141673578 6464.254236013236 2486.533361606501 5546.301555183372
2486.533361606501 5546.301555183372 904.8465501824382 6597.3092699441
904.8465501824382 6597.3092699441 1346.0716230845028 7261.539129654728
2978.2539256033406 6736.795640268918 4076.480959806264 6412.414091202408
4076.480959806264 6412.414091202408 3332.98527812077 5546.301555183372
3332.98527812077 5546.301555183372 2680.568141673578 5735.495797935535
2680.568141673578 5735.495797935535 2978.2539256033406 6736.795640268918
5644.527752541044 5833.735006032423 5561.530407419441 5546.301555183372
5561.530407419441 5546.301555183372 4282.480959806264 6106.713457851336
4282.480959806264 6106.713457851336 4307.525295079593 6200.980103397851
4307.525295079593 6200.980103397851 5644.527752541044 5833.735006032423
6016.281807876155 6610.498956284341 6328.622276389006 6568.959771919366
6328.622276389006 6568.959771919366 6633.049519431753 6525.392201711107
6633.049519431753 6525.392201711107 6642.117820219874 5546.301555183372
6642.117820219874 5546.301555183372 6258.326262930571 5599.127030555791
6258.326262930571 5599.127030555791 5876.527752541044 5656.510568994537
5876.527752541044 5656.510568994537 5947.888045339884 6137.6969146316
5947.888045339884 6137.6969146316 6016.281807876155 6610.498956284341
6993.58084026953 5546.301555183372 6735.117820219874 6186.382274609599
6735.117820219874 6186.382274609599 7339.230887884497 6877.708812366933
7339.230887884497 6877.708812366933 8175.49356077676 7372.554605105399
8175.49356077676 7372.554605105399 8667.261399519295 6536.83344590901
8667.261399519295 6536.83344590901 6993.58084026953 5546.301555183372
10418.417452876605 6268.979733542628 9945.18373579008 5911.136666012553
9945.18373579008 5911.136666012553 9458.31273737844 5546.301555183372
9458.31273737844 5546.301555183372 9139.066919670255 5620.514378213151
9139.066919670255 5620.514378213151 8819.261399519295 5692.87178125764
8819.261399519295 5692.87178125764 9469.156100809752 6187.457674683477
9469.156100809752 6187.457674683477 10114.466213414149 6673.111826549993
10114.466213414149 6673.111826549993 10271.661612600157 6477.200924104398
10271.661612600157 6477.200924104398 10418.417452876605 6268.979733542628
1674.141076368144 7845.718147791737 836.8637094163935 7506.554605105399
836.8637094163935 7506.554605105399 0.0 8883.816574030476
0.0 8883.816574030476 1086.742050041997 9319.086042856885
1086.742050041997 9319.086042856885 1674.141076368144 7845.718147791737
3337.5926491113123 9089.634983001952 3686.2673836807717 8041.045426571705
3686.2673836807717 8041.045426571705 2164.9893562919024 7506.554605105399
2164.9893562919024 7506.554605105399 1807.1410763681442 8593.147270621907
1807.1410763681442 8593.147270621907 3337.5926491113123 9089.634983001952
5192.958294469273 8074.523114637415 5118.111628644916 7506.554605105399
5118.111628644916 7506.554605105399 3907.2673836807717 8246.149729401086
3907.2673836807717 8246.149729401086 5192.958294469273 8074.523114637415
5297.958294469273 7531.798209776177 5313.06132939395 8379.276538204027
5313.06132939395 8379.276538204027 5328.516450794564 9230.011049604942
5328.516450794564 9230.011049604942 6081.812681069527 8696.92425704785
6081.812681069527 8696.92425704785 6835.33061283132 8151.224143815906
6835.33061283132 8151.224143815906 6833.122769277201 7823.370406787039
6833.122769277201 7823.370406787039 6821.131178295978 7506.554605105399
6821.131178295978 7506.554605105399 6055.283635178279 7523.612820724037
6055.283635178279 7523.612820724037 5297.958294469273 7531.798209776177
7333.235390556377 8794.211596004778 7465.952526041577 8150.914945590127
7465.952526041577 8150.914945590127 7607.726620583449 7506.554605105398
7607.726620583449 7506.554605105398 7265.269450192389 8109.549085671175
7265.269450192389 8109.549085671175 6916.33061283132 8709.302942898992
6916.33061283132 8709.302942898992 7119.233988288646 8756.46381868738
7119.233988288646 8756.46381868738 7333.235390556377 8794.211596004778
7927.03056463249 9475.809981916665 8272.217049409363 9449.594762701106
8272.217049409363 9449.594762701106 8627.997185946844 9426.756779432557
8627.997185946844 9426.756779432557 8323.265347297758 8466.145989623514
8323.265347297758 8466.145989623514 8014.080633717303 7506.554605105399
8014.080633717303 7506.554605105399 7898.846936469358 7517.466226992578
7898.846936469358 7517.466226992578 7790.7266205834485 7519.628128152456
7790.7266205834485 7519.628128152456 7852.932576775311 8494.477222167892
7852.932576775311 8494.477222167892 7927.03056463249 9475.809981916665
9252.056877478293 7805.967775882194 9307.327081162377 7712.142442226985
9307.327081162377 7712.142442226985 9354.215276129898 7616.261740025307
9354.215276129898 7616.261740025307 9038.964955999696 7564.591390228945
9038.964955999696 7564.591390228945 8718.997185946844 7506.554605105399
8718.997185946844 7506.554605105399 9252.056877478293 7805.967775882194
2230.8127474746975 9935.022312159643 1975.4368749921086 9825.961084867962
1975.4368749921086 9825.961084867962 1716.387507654841 9713.809981916665
1716.387507654841 9713.809981916665 863.3377560376307 10431.25116200828
863.3377560376307 10431.25116200828 0.0 11147.407156989588
0.0 11147.407156989588 737.1517320629034 11454.873439614526
737.1517320629034 11454.873439614526 1476.1047819031578 11757.763480751813
1476.1047819031578 11757.763480751813 1852.318966346269 10845.277989457663
1852.318966346269 10845.277989457663 2230.8127474746975 9935.022312159643
2762.3370406210515 10795.373257939387 3028.546205674606 10400.77120353518
3028.546205674606 10400.77120353518 3300.68468929396 10014.93160600794
3300.68468929396 10014.93160600794 2866.9526031216124 9713.809981916665
2866.9526031216124 9713.809981916665 2599.866209985699 10109.774145511105
2599.866209985699 10109.774145511105 2330.812747474697 10506.24293446935
2330.812747474697 10506.24293446935 2549.9363188268244 10657.485899080664
2549.9363188268244 10657.485899080664 2762.3370406210515 10795.373257939387
5383.654459463112 10910.339806875072 5650.619476800517 10311.56573131856
5650.619476800517 10311.56573131856 5918.781010427667 9713.809981916665
5918.781010427667 9713.809981916665 4706.951061656847 9901.520372543455
4706.951061656847 9901.520372543455 3506.6846892939598 10089.248210798161
3506.6846892939598 10089.248210798161 4442.452470896229 10495.794884314375
4442.452470896229 10495.794884314375 5383.654459463112 10910.339806875072
6774.091380316037 9956.710100679647 6563.67258103736 9713.809981916665
6563.67258103736 9713.809981916665 6010.781010427667 10603.086108274141
6010.781010427667 10603.086108274141 6774.091380316037 9956.710100679647
6976.281873011834 10614.369977252847 7409.3897953025225 10413.83248841741
7409.3897953025225 10413.83248841741 7831.8835116824 10207.495155483572
7831.8835116824 10207.495155483572 8030.233007742941 9968.94658926909
8030.233007742941 9968.94658926909 8232.121806850726 9713.809981916665
8232.121806850726 9713.809981916665 7541.599779460949 10039.82302421426
7541.599779460949 10039.82302421426 6864.091380316037 10365.241270085993
6864.091380316037 10365.241270085993 6976.281873011834 10614.369977252847
8679.985136193065 10097.1557241821 8665.409258780528 9906.334832633465
8665.409258780528 9906.334832633465 8653.622711534514 9713.809981916665
8653.622711534514 9713.809981916665 8532.904780875095 9917.573708608745
8532.904780875095 9917.573708608745 8406.121806850726 10118.667199942687
8406.121806850726 10118.667199942687 8543.344308137901 10106.82179968819
8543.344308137901 10106.82179968819 8679.985136193065 10097.1557241821
8798.985136193065 10077.412933415453 9057.406239928894 10957.64541298386
9057.406239928894 10957.64541298386 10029.449747436242 9791.39035715123
10029.449747436242 9791.39035715123 10014.169428985708 9713.809981916665
10014.169428985708 9713.809981916665 8798.985136193065 10077.412933415453
0.0 12054.64551211026 49.68123334686062 12323.167589373545
49.68123334686062 12323.167589373545 89.25914783468741 12580.855554850614
89.25914783468741 12580.855554850614 245.5771968065384 12287.309761655397
245.5771968065384 12287.309761655397 399.6774974290984 11992.763480751813
399.6774974290984 11992.763480751813 0.0 12054.64551211026
1132.7926696269158 13924.586262409935 901.8175163013804 11992.763480751813
901.8175163013804 11992.763480751813 865.2888101504556 12015.420487085728
865.2888101504556 12015.420487085728 500.67749742909837 13666.709906897546
500.67749742909837 13666.709906897546 1132.7926696269158 13924.586262409935
1348.7926696269158 13249.41713924606 1651.0435447629538 13561.993668727111
1651.0435447629538 13561.993668727111 1956.9505225642229 13872.201783071037
1956.9505225642229 13872.201783071037 2524.439437360038 13159.699513448737
2524.439437360038 13159.699513448737 3099.388830617164 12457.015702697805
3099.388830617164 12457.015702697805 2878.8317067739135 12221.479985145803
2878.8317067739135 12221.479985145803 2646.179651616707 11992.763480751813
2646.179651616707 11992.763480751813 2000.1203412553768 12619.298685771404
2000.1203412553768 12619.298685771404 1348.7926696269158 13249.41713924606
3248.388830617164 13478.574643875145 3916.75299081057 13733.25897866616
3916.75299081057 13733.25897866616 4583.961764512846 13992.465801680442
4583.961764512846 13992.465801680442 4866.978944393542 13251.054617822607
4866.978944393542 13251.054617822607 5155.575041493966 12509.520872190697
5155.575041493966 12509.520872190697 4486.731744625917 12253.90348408991
4486.731744625917 12253.90348408991 3826.309988678478 11992.763480751815
3826.309988678478 11992.763480751815 3538.4889663223785 12739.086833250956
3538.4889663223785 12739.086833250956 3248.388830617164 13478.574643875145
5542.891517302511 13383.482890611027 6057.185671366181 13287.471077029682
6057.185671366181 13287.471077029682 6573.728078720813 13196.81929153954
6573.728078720813 13196.81929153954 6469.799666461718 12595.755656415156
6469.799666461718 12595.755656415156 6382.438845087222 11992.763480751813
6382.438845087222 11992.763480751813 5852.128061139795 12087.20834537867
5852.128061139795 12087.20834537867 5325.575041493966 12189.172882512343
5325.575041493966 12189.172882512343 5435.750284465063 12787.606292851817
5435.750284465063 12787.606292851817 5542.891517302511 13383.482890611027
7921.477765907004 12102.382058676816 7197.678109760125 11992.763480751813
7197.678109760125 11992.763480751813 6771.728078720813 13635.273428904893
6771.728078720813 13635.273428904893 7643.241477547026 13774.540630788348
7643.241477547026 13774.540630788348 7921.477765907004 12102.382058676816
8077.477765907004 12030.35022311295 8239.232435970864 13003.404113577408
8239.232435970864 13003.404113577408 8422.629843701625 12972.796095664442
8422.629843701625 12972.796095664442 8258.982893910737 11992.763480751813
8258.982893910737 11992.763480751813 8077.477765907004 12030.35022311295
8975.47933231341 11992.763480751813 8651.629843701625 12777.678327772821
8651.629843701625 12777.678327772821 9297.339416216919 13043.939101151676
9297.339416216919 13043.939101151676 9621.75330085516 12254.045661455946
9621.75330085516 12254.045661455946 8975.47933231341 11992.763480751813
825.787117583836 14432.274845442478 585.5589261445687 14301.971458584423
585.5589261445687 14301.971458584423 352.2929640187041 14165.465801680442
352.2929640187041 14165.465801680442 176.817048350209 14471.84997777229
176.817048350209 14471.84997777229 0.0 14793.059983826974
0.0 14793.059983826974 234.26412587651225 14920.559399030093
234.26412587651225 14920.559399030093 471.145664160462 15056.723748674387
471.145664160462 15056.723748674387 642.6266125116621 14743.535125236018
642.6266125116621 14743.535125236018 825.787117583836 14432.274845442478
2402.0879062727718 14194.622433261375 1732.8506879785152 14184.119205610103
1732.8506879785152 14184.119205610103 1066.4639576555646 14165.465801680442
1066.4639576555646 14165.465801680442 1069.842880528575 14358.745284930974
1069.842880528575 14358.745284930974 1064.7871175838359 14556.005209676247
1064.7871175838359 14556.005209676247 1727.0503528165727 14565.815574745502
1727.0503528165727 14565.815574745502 2393.6232604784495 14585.432829742878
2393.6232604784495 14585.432829742878 2398.850420586535 14390.665853823053
2398.850420586535 14390.665853823053 2402.0879062727718 14194.622433261375
3796.251565129268 14809.641508942239 4072.8304106980167 14165.465801680442
4072.8304106980167 14165.465801680442 2636.0879062727718 14310.345458796375
2636.0879062727718 14310.345458796375 3796.251565129268 14809.641508942239
4369.862946730404 15921.880567228765 4577.929220706867 15888.490707394458
4577.929220706867 15888.490707394458 4786.917597560413 15862.852790184554
4786.917597560413 15862.852790184554 5273.754572999322 15007.32271013704
5273.754572999322 15007.32271013704 5759.525620827782 14165.465801680442
5759.525620827782 14165.465801680442 4955.2458540917305 14278.100400031553
4955.2458540917305 14278.100400031553 4158.830410698017 14388.249414143464
4158.830410698017 14388.249414143464 4268.351330625823 15159.702759734439
4268.351330625823 15159.702759734439 4369.862946730404 15921.880567228765
6653.500650734566 14165.465801680442 6286.837221927867 14539.047534390973
6286.837221927867 14539.047534390973 5925.525620827782 14913.551603610062
5925.525620827782 14913.551603610062 6282.720257229204 15030.937182076821
6282.720257229204 15030.937182076821 6634.9196919443175 15157.907097982184
6634.9196919443175 15157.907097982184 6890.249014325013 14899.879733600652
6890.249014325013 14899.879733600652 7141.8449404840585 14633.735003438818
7141.8449404840585 14633.735003438818 6895.293087161161 14401.855021569663
6895.293087161161 14401.855021569663 6653.500650734566 14165.465801680442
8545.337578915507 14448.890557402028 8275.582788686115 14165.465801680442
8275.582788686115 14165.465801680442 7255.844940484058 15716.96639316177
7255.844940484058 15716.96639316177 8545.337578915507 14448.890557402028
0.0 16006.880567228764 188.39766571141774 16788.096975497145
188.39766571141774 16788.096975497145 1564.4519871986206 17682.743173086783
1564.4519871986206 17682.743173086783 1927.0150624928492 16946.532805603874
1927.0150624928492 16946.532805603874 0.0 16006.880567228764
3588.9459496990985 17030.839457223658 3462.125448786326 16522.429593477198
3462.125448786326 16522.429593477198 3319.651649483238 16006.880567228765
3319.651649483238 16006.880567228765 2689.6451266148742 16411.24984078645
2689.6451266148742 16411.24984078645 2054.015062492849 16825.454214493948
2054.015062492849 16825.454214493948 2130.5075185585533 17114.932061556872
2130.5075185585533 17114.932061556872 2210.4928907416934 17402.701822236235
2210.4928907416934 17402.701822236235 2899.9202774940136 17221.61128780507
2899.9202774940136 17221.61128780507 3588.9459496990985 17030.839457223658
5338.316244850721 16112.945317961536 5127.161851604159 16057.162914409488
5127.161851604159 16057.162914409488 4925.254409864334 16006.880567228764
4925.254409864334 16006.880567228764 4345.750324145695 16382.830894483512
4345.750324145695 16382.830894483512 3758.9459496990985 16753.688274057902
3758.9459496990985 16753.688274057902 4424.414424593769 16921.3928827005
4424.414424593769 16921.3928827005 5094.852619418293 17084.817962483234
5094.852619418293 17084.817962483234 5211.810097400992 16595.108875893726
5211.810097400992 16595.108875893726 5338.316244850721 16112.945317961536
5576.316244850721 16323.074474150251 5589.435909760091 16386.784067314573
5589.435909760091 16386.784067314573 5609.558262618862 16452.192425406
5609.558262618862 16452.192425406 6186.196766349 16429.859395463976
6186.196766349 16429.859395463976 6765.149546076225 16413.811137475186
6765.149546076225 16413.811137475186 6711.693493497109 16206.583763239176
6711.693493497109 16206.583763239176 6652.678318580485 16006.880567228764
6652.678318580485 16006.880567228764 6112.16409931733 16159.566101003918
6112.16409931733 16159.566101003918 5576.316244850721 16323.074474150251
8693.171813605288 17117.676540617027 8080.585836998198 16006.880567228764
8080.585836998198 16006.880567228764 7004.149546076224 16602.166785633435
7004.149546076224 16602.166785633435 7615.950608724255 17712.541318101128
7615.950608724255 17712.541318101128 8693.171813605288 17117.676540617027
8883.17181360529 16176.883428225157 9744.363676046172 17565.789916649817
9744.363676046172 17565.789916649817 9149.678306020105 16006.880567228764
9149.678306020105 16006.880567228764 8883.17181360529 16176.883428225157
681.6151787360495 17821.541318101128 0.0 18395.935936415644
0.0 18395.935936415644 500.6009348691778 18909.563687097958
500.6009348691778 18909.563687097958 1003.3484317310249 19422.68384493172
1003.3484317310249 19422.68384493172 1297.6573251190284 19165.54821139261
1297.6573251190284 19165.54821139261 1597.675825842959 18916.889793847084
1597.675825842959 18916.889793847084 1136.9340196261758 18375.16820082429
1136.9340196261758 18375.16820082429 681.6151787360495 17821.541318101128
1752.675825842959 17854.453284554565 1811.1347514535846 19427.738670784318
1811.1347514535846 19427.738670784318 2632.034041520742 17821.541318101128
2632.034041520742 17821.541318101128 1752.675825842959 17854.453284554565
2768.034041520742 17896.56661349103 2944.463521917064 18611.41830230193
2944.463521917064 18611.41830230193 3126.5834324105567 19314.127288494583
3126.5834324105567 19314.127288494583 3091.609817580966 18575.05049945855
3091.609817580966 18575.05049945855 3065.233145890675 17821.541318101128
3065.233145890675 17821.541318101128 2924.0785711330705 17864.73910982948
2924.0785711330705 17864.73910982948 2768.034041520742 17896.56661349103
3526.454550945768 17821.541318101128 3288.583432410557 18074.237892823057
3288.583432410557 18074.237892823057 3952.9074174110688 18575.54209070486
3952.9074174110688 18575.54209070486 4133.332950934987 18381.256013001268
4133.332950934987 18381.256013001268 3526.454550945768 17821.541318101128
6079.785236167754 19185.433498654278 6128.750694764563 17821.541318101128
6128.750694764563 17821.541318101128 4342.332950934988 19054.749731174034
4342.332950934988 19054.749731174034 4346.021492477004 19129.94330063228
4346.021492477004 19129.94330063228 6079.785236167754 19185.433498654278
6258.7506947645625 18677.423344209972 7270.416582388263 19819.488644559508
7270.416582388263 19819.488644559508 8228.142127889523 18961.996168119455
8228.142127889523 18961.996168119455 7207.929779720444 17821.541318101128
7207.929779720444 17821.541318101128 6258.7506947645625 18677.423344209972
8609.28172246445 17821.541318101128 8465.670926067389 18320.613014705163
8465.670926067389 18320.613014705163 8320.142127889521 18817.489535931425
8320.142127889521 18817.489535931425 8548.545698379932 18898.046369831383
8548.545698379932 18898.046369831383 8780.076119315665 18975.32536055567
8780.076119315665 18975.32536055567 8926.025197768513 18464.241026993415
8926.025197768513 18464.241026993415 9073.159396260813 17956.81224321177
9073.159396260813 17956.81224321177 8844.77426043349 17885.886895949243
8844.77426043349 17885.886895949243 8609.28172246445 17821.541318101128
9819.415477281731 17821.541318101128 9526.899351854621 18273.81553197171
9526.899351854621 18273.81553197171 9233.159396260813 18713.343258287958
9233.159396260813 18713.343258287958 9583.916889383072 18301.167819156835
9583.916889383072 18301.167819156835 9926.609403654375 17895.24877899506
9926.609403654375 17895.24877899506 9875.90550857063 17861.280344811752
9875.90550857063 17861.280344811752 9819.415477281731 17821.541318101128
911.4282161803662 20509.750315806363 139.12090525711528 20060.48864455951
139.12090525711528 20060.48864455951 0.0 22056.21275115604
0.0 22056.21275115604 911.4282161803662 20509.750315806363
1839.555936045981 20509.107527710574 1948.6186617586923 20060.48864455951
1948.6186617586923 20060.48864455951 1175.4577461008357 20075.31122872109
1175.4577461008357 20075.31122872109 1115.4282161803662 20338.57668768848
1115.4282161803662 20338.57668768848 1839.555936045981 20509.107527710574
2637.2237078618095 20791.121353106002 2814.751392311122 20060.48864455951
2814.751392311122 20060.48864455951 2216.6219108996956 20378.38635338628
2216.6219108996956 20378.38635338628 2151.6186617586923 20675.155045888914
2151.6186617586923 20675.155045888914 2637.2237078618095 20791.121353106002
2988.751392311122 20245.815431145078 3326.716119647405 20391.157074009472
3326.716119647405 20391.157074009472 3666.325035440649 20540.65020526221
3666.325035440649 20540.65020526221 3370.057161027265 20294.705717670324
3370.057161027265 20294.705717670324 3077.8945501552566 20060.48864455951
3077.8945501552566 20060.48864455951 3032.242743071038 20144.967499755312
3032.242743071038 20144.967499755312 2988.751392311122 20245.815431145078
4924.300621098646 20151.26906766336 4828.1150233321305 20102.3044307285
4828.1150233321305 20102.3044307285 4725.20432995666 20060.48864455951
4725.20432995666 20060.48864455951 4250.586883951896 20079.104859632393
4250.586883951896 20079.104859632393 3778.3250354406496 20094.04586546197
3778.3250354406496 20094.04586546197 4275.979475707689 20302.845816219877
4275.979475707689 20302.845816219877 4771.651970953607 20509.5127143508
4771.651970953607 20509.5127143508 4846.588684655176 20326.770655701446
4846.588684655176 20326.770655701446 4924.300621098646 20151.26906766336
5499.762770603061 21653.30673875075 5749.33745615636 21582.684911663568
5749.33745615636 21582.684911663568 5308.704648500341 20060.48864455951
5308.704648500341 20060.48864455951 5061.300621098646 20126.51800354738
5061.300621098646 20126.51800354738 5499.762770603061 21653.30673875075
5840.33745615636 20060.48864455951 7110.3941948499705 20581.256434631334
7110.3941948499705 20581.256434631334 7594.555979953406 20289.008388540413
7594.555979953406 20289.008388540413 5840.33745615636 20060.48864455951
