206
0.0 1.741726316276317 9.340092725541838 12.98389865202939
9.340092725541838 12.98389865202939 14.240116818904333 10.570910564329038
14.240116818904333 10.570910564329038 11.328005110320364 4.2481957594286595
11.328005110320364 4.2481957594286595 14.910385300464785 4.128463923593651
14.910385300464785 4.128463923593651 6.932424655672356 0.0
6.932424655672356 0.0 0.0 1.741726316276317
14.910385300464785 2.999157539010173 19.848564823874007 12.05201108265161
19.848564823874007 12.05201108265161 23.613766559845963 16.84297569145734
23.613766559845963 16.84297569145734 29.5090120483417 8.946447473265117
29.5090120483417 8.946447473265117 26.621316953069 8.836690941764287
26.621316953069 8.836690941764287 28.888665441892915 1.809622450881232
28.888665441892915 1.809622450881232 18.50465065505704 4.872903630530361
18.50465065505704 4.872903630530361 20.969459813358213 4.073294671854304
20.969459813358213 4.073294671854304 23.489847978050996 0.0
23.489847978050996 0.0 14.910385300464785 2.999157539010173
29.5090120483417 2.088241093547537 35.704291715890086 7.760889133731404
35.704291715890086 7.760889133731404 37.35236596239601 0.0
37.35236596239601 0.0 29.5090120483417 2.088241093547537
38.01803530549443 9.260359238247121 41.4154894673683 5.042713497305051
41.4154894673683 5.042713497305051 44.592073945673796 5.648476746673204
44.592073945673796 5.648476746673204 44.27927131549277 6.380364533503398
44.27927131549277 6.380364533503398 47.88214120946464 7.372345174487785
47.88214120946464 7.372345174487785 48.30540315576762 6.356595288346627
48.30540315576762 6.356595288346627 49.758255888671506 6.633649085702814
49.758255888671506 6.633649085702814 48.464923304445996 5.97377662422489
48.464923304445996 5.97377662422489 50.95418995881341 0.0
50.95418995881341 0.0 43.05951367861037 1.768677204134666
43.05951367861037 1.768677204134666 37.35236596239601 4.03963346577895
37.35236596239601 4.03963346577895 38.01803530549443 9.260359238247121
65.18544915861904 6.743340233946657 72.63969560884941 5.6412459540163615
72.63969560884941 5.6412459540163615 69.05429544077805 2.4482035702153153
69.05429544077805 2.4482035702153153 67.34794622944251 3.254949850668691
67.34794622944251 3.254949850668691 67.72608298806269 1.50262201307884
67.72608298806269 1.50262201307884 66.25935019204886 3.60424749779986
66.25935019204886 3.60424749779986 60.58385113837331 0.0
60.58385113837331 0.0 50.954189958813416 6.240555425102874
50.954189958813416 6.240555425102874 57.91862158420271 11.215616673573885
57.91862158420271 11.215616673573885 61.692372002066335 9.194651998867078
61.692372002066335 9.194651998867078 63.19452358084337 12.047615163754841
63.19452358084337 12.047615163754841 65.18544915861904 6.743340233946657
4.474804230212593 18.3750300103475 5.435452414929443 20.805381443823563
5.435452414929443 20.805381443823563 0.5985601232106865 17.11637419074836
0.5985601232106865 17.11637419074836 0.7180470417544904 20.284493884823974
0.7180470417544904 20.284493884823974 0.0 21.369379221511302
0.0 21.369379221511302 0.7820408897900575 21.9812500881973
0.7820408897900575 21.9812500881973 0.9546584861228915 26.558095931665623
0.9546584861228915 26.558095931665623 0.8601231819558959 22.042341880716187
0.8601231819558959 22.042341880716187 3.2374806105354925 23.902392639235856
3.2374806105354925 23.902392639235856 8.72148406738498 24.642643522272657
8.72148406738498 24.642643522272657 11.42971214229292 16.84297569145734
11.42971214229292 16.84297569145734 4.474804230212593 18.3750300103475
11.429712142292924 17.709312068261667 15.35740121862284 34.00457472534849
15.35740121862284 34.00457472534849 26.745113103876644 31.122888179620247
26.745113103876644 31.122888179620247 27.735403499221654 16.84297569145734
27.735403499221654 16.84297569145734 11.429712142292924 17.709312068261667
27.73540349922165 19.466778428567892 33.153815192087734 23.614832162763985
33.153815192087734 23.614832162763985 33.67803239715387 26.853478271251525
33.67803239715387 26.853478271251525 38.6692201079581 19.982861181675332
38.6692201079581 19.982861181675332 46.33296241904661 20.011717296548667
46.33296241904661 20.011717296548667 34.03701546495307 16.84297569145734
34.03701546495307 16.84297569145734 27.73540349922165 19.466778428567892
51.02780611537374 31.97493822159607 55.63831829438221 30.478767152499106
55.63831829438221 30.478767152499106 55.33629149503844 38.38333356394083
55.33629149503844 38.38333356394083 52.18271193706436 40.37092949184108
52.18271193706436 40.37092949184108 61.304656712981426 37.36327234775979
61.304656712981426 37.36327234775979 56.22567009442874 27.438306102599185
56.22567009442874 27.438306102599185 54.83331437891974 22.34104181008955
54.83331437891974 22.34104181008955 49.048826579934 22.783347774767186
49.048826579934 22.783347774767186 52.207055337030134 18.37380399360353
52.207055337030134 18.37380399360353 46.33296241904661 16.84297569145734
46.33296241904661 16.84297569145734 51.02780611537374 31.97493822159607
61.304656712981426 18.549872158973564 61.76272067084309 24.58475940075285
61.76272067084309 24.58475940075285 63.24614842694768 30.48509014025273
63.24614842694768 30.48509014025273 71.33694273888476 26.0407519792402
71.33694273888476 26.0407519792402 78.05211856002246 25.787363103186706
78.05211856002246 25.787363103186706 71.39181979006958 22.83088927367875
71.39181979006958 22.83088927367875 72.41096258586542 16.84297569145734
72.41096258586542 16.84297569145734 69.53184646763829 20.202171025343972
69.53184646763829 20.202171025343972 64.09417111784236 17.39420609509858
64.09417111784236 17.39420609509858 61.304656712981426 18.549872158973564
0.0 46.978179485918595 0.7846054710119379 47.97648266803717
0.7846054710119379 47.97648266803717 7.883584168681674 50.08850297329691
7.883584168681674 50.08850297329691 3.8424197330124468 40.37092949184108
3.8424197330124468 40.37092949184108 2.5106938408577317 42.31321226496671
2.5106938408577317 42.31321226496671 3.050514016581749 42.976187580182874
3.050514016581749 42.976187580182874 0.0 46.978179485918595
31.042238099971954 59.84503679648756 31.11179561228342 54.537596115461334
31.11179561228342 54.537596115461334 34.07442212357707 46.90871323199844
34.07442212357707 46.90871323199844 30.71794453492793 47.36211524897755
30.71794453492793 47.36211524897755 34.90291310565455 45.21834863042666
34.90291310565455 45.21834863042666 33.75945468859591 42.11593358372974
33.75945468859591 42.11593358372974 29.14417877654405 47.04861363594397
29.14417877654405 47.04861363594397 24.539784065261117 45.82185061924244
24.539784065261117 45.82185061924244 27.953979134410616 40.37092949184108
27.953979134410616 40.37092949184108 22.47171509040171 40.86092069334181
22.47171509040171 40.86092069334181 23.875039113648622 46.245389454284
23.875039113648622 46.245389454284 17.724641504661278 41.05977687402981
17.724641504661278 41.05977687402981 14.26158122065106 40.91168453580317
14.26158122065106 40.91168453580317 13.387290766389096 43.56716796480855
13.387290766389096 43.56716796480855 15.38806156048819 53.251877856334275
15.38806156048819 53.251877856334275 7.883584168681672 55.714212688827374
7.883584168681672 55.714212688827374 15.24983344706314 57.5410376818331
15.24983344706314 57.5410376818331 17.493838701716367 62.074698611141656
17.493838701716367 62.074698611141656 28.13433099750318 63.593947241998
28.13433099750318 63.593947241998 19.942790493692158 61.383848295304105
19.942790493692158 61.383848295304105 28.312186229217858 53.69418274909346
28.312186229217858 53.69418274909346 31.042238099971954 59.84503679648756
45.697476463594725 40.87398379824924 41.3018683854519 40.7901455348774
41.3018683854519 40.7901455348774 34.90291310565455 49.839856416098
34.90291310565455 49.839856416098 37.2766508333087 52.96921820456451
37.2766508333087 52.96921820456451 42.69138182965811 53.88853649569309
42.69138182965811 53.88853649569309 53.10250684968857 58.504098071256664
53.10250684968857 58.504098071256664 52.83695286587957 48.23650204327197
52.83695286587957 48.23650204327197 48.249801630652485 43.285650671879736
48.249801630652485 43.285650671879736 52.26530019092671 40.99925314111216
52.26530019092671 40.99925314111216 45.54920210576774 40.37092949184108
45.54920210576774 40.37092949184108 45.697476463594725 40.87398379824924
67.33376604949419 47.11426972578774 74.78801249972456 46.012175445857444
74.78801249972456 46.012175445857444 71.2026123316532 42.8191330620564
71.2026123316532 42.8191330620564 69.49626312031766 43.625879342509776
69.49626312031766 43.625879342509776 69.87439987893784 41.873551504919924
69.87439987893784 41.873551504919924 68.40766708292401 43.97517698964094
68.40766708292401 43.97517698964094 62.73216802924846 40.37092949184108
62.73216802924846 40.37092949184108 53.10250684968857 46.61148491694396
53.10250684968857 46.61148491694396 60.06693847507786 51.58654616541497
60.06693847507786 51.58654616541497 63.840688892941486 49.56558149070816
63.840688892941486 49.56558149070816 65.34284047171852 52.41854465559592
65.34284047171852 52.41854465559592 67.33376604949419 47.11426972578774
0.6656693430984255 72.85430648024511 4.063123504972301 68.63666073930305
4.063123504972301 68.63666073930305 7.239707983277787 69.2424239886712
7.239707983277787 69.2424239886712 6.926905353096766 69.97431177550139
6.926905353096766 69.97431177550139 10.529775247068637 70.96629241648579
10.529775247068637 70.96629241648579 10.95303719337162 69.95054253034462
10.95303719337162 69.95054253034462 12.405889926275503 70.22759632770081
12.405889926275503 70.22759632770081 11.112557342049987 69.56772386622289
11.112557342049987 69.56772386622289 13.601823996417405 63.593947241997995
13.601823996417405 63.593947241997995 5.707147716214369 65.36262444613267
5.707147716214369 65.36262444613267 0.0 67.63358070777694
0.0 67.63358070777694 0.6656693430984255 72.85430648024511
13.601823996417405 71.02951006176451 26.983358340603168 85.19691889642775
26.983358340603168 85.19691889642775 36.43779820612514 80.61811642623447
36.43779820612514 80.61811642623447 26.32672034473445 63.593947241997995
26.32672034473445 63.593947241997995 13.601823996417405 71.02951006176451
53.85021831759707 79.7711199402464 56.17428458260261 80.28127975385267
56.17428458260261 80.28127975385267 45.09977062624499 63.593947241998
45.09977062624499 63.593947241998 36.43779820612514 80.43791604389726
36.43779820612514 80.43791604389726 45.13528617137631 89.03183697400169
45.13528617137631 89.03183697400169 53.85021831759707 79.7711199402464
60.009526841655294 63.593947241997995 61.54300479637758 66.46952263842337
61.54300479637758 66.46952263842337 56.17428458260262 69.74030536957247
56.17428458260262 69.74030536957247 57.169685245560785 75.6353892080071
57.169685245560785 75.6353892080071 66.01023151779476 74.75077358504997
66.01023151779476 74.75077358504997 63.40876076153257 70.55536523913538
63.40876076153257 70.55536523913538 64.17301267179269 68.89955602569418
64.17301267179269 68.89955602569418 60.009526841655294 63.593947241997995
69.49169651238358 63.59394724199801 67.65115238910482 65.45319313465257
67.65115238910482 65.45319313465257 66.01023151779476 77.05574431690917
66.01023151779476 77.05574431690917 74.04934001048632 83.87709333049814
74.04934001048632 83.87709333049814 76.46031416813229 82.24517143109631
76.46031416813229 82.24517143109631 80.49743593285146 75.25733870922299
80.49743593285146 75.25733870922299 71.38777937036967 71.77761731648478
71.38777937036967 71.77761731648478 79.06523147072637 71.13431373223676
79.06523147072637 71.13431373223676 69.49169651238358 63.59394724199801
3.9989214954407437 90.88324901569608 4.4600693704864 94.98923814155046
4.4600693704864 94.98923814155046 0.0 105.40885993048141
0.0 105.40885993048141 4.470650773236152 104.00313683388586
4.470650773236152 104.00313683388586 12.812787547806957 102.98060878827768
12.812787547806957 102.98060878827768 12.987109154971519 102.43776324621999
12.987109154971519 102.43776324621999 8.58399787192258 99.68981004898154
8.58399787192258 99.68981004898154 26.47516288237614 96.094272074979
26.47516288237614 96.094272074979 24.246855396987975 91.0291053399694
24.246855396987975 91.0291053399694 20.71605731966654 92.50384785338655
20.71605731966654 92.50384785338655 17.75294806954635 89.03183697400169
17.75294806954635 89.03183697400169 14.688196579287704 89.29010273536096
14.688196579287704 89.29010273536096 12.726549551616008 95.84271611148118
12.726549551616008 95.84271611148118 7.808977851285748 93.93438027481413
7.808977851285748 93.93438027481413 9.541181724855834 94.55196130874754
9.541181724855834 94.55196130874754 3.9989214954407437 90.88324901569608
28.0419448986876 89.33910525728894 27.54073446222926 89.03183697400169
27.54073446222926 89.03183697400169 26.47516288237614 91.97247836173608
26.47516288237614 91.97247836173608 27.4859162485542 91.48789191424446
27.4859162485542 91.48789191424446 27.09478106256844 92.07730957353931
27.09478106256844 92.07730957353931 28.752865023123586 93.37141626420701
28.752865023123586 93.37141626420701 37.08445012299633 94.88263518959151
37.08445012299633 94.88263518959151 30.30157194954581 90.72437514450989
30.30157194954581 90.72437514450989 28.79028912012292 91.88301053163507
28.79028912012292 91.88301053163507 28.52719928537963 90.9886685977231
28.52719928537963 90.9886685977231 29.767546414185155 90.39698948462357
29.767546414185155 90.39698948462357 28.66028843993223 89.71818227679904
28.66028843993223 89.71818227679904 28.309127714146655 90.24736078194215
28.309127714146655 90.24736078194215 28.0419448986876 89.33910525728894
51.31570932280195 95.77517720794835 58.76995577303232 94.67308292801805
58.76995577303232 94.67308292801805 55.18455560496096 91.480040544217
55.18455560496096 91.480040544217 53.47820639362543 92.28678682467037
53.47820639362543 92.28678682467037 53.85634315224559 90.53445898708053
53.85634315224559 90.53445898708053 52.38961035623176 92.63608447180155
52.38961035623176 92.63608447180155 46.714111302556226 89.03183697400169
46.714111302556226 89.03183697400169 37.08445012299633 95.27239239910456
37.08445012299633 95.27239239910456 44.048881748385625 100.24745364757557
44.048881748385625 100.24745364757557 47.82263216624925 98.22648897286876
47.82263216624925 98.22648897286876 49.32478374502628 101.07945213775653
49.32478374502628 101.07945213775653 51.31570932280195 95.77517720794835
62.43435205862791 96.97826830019841 70.18626699296924 89.03183697400169
70.18626699296924 89.03183697400169 62.43861839543723 89.50439952295662
62.43861839543723 89.50439952295662 58.76995577303232 98.68556241798589
58.76995577303232 98.68556241798589 62.43435205862791 96.97826830019841
