176
1.664582055274332 9.791547216475424 2.8099257768403003 11.088271464632951
2.8099257768403003 11.088271464632951 1.6315672541595028 16.306093600674988
1.6315672541595028 16.306093600674988 4.544557060128195 14.011729364614277
4.544557060128195 14.011729364614277 2.7746243805190147 12.027188597595382
2.7746243805190147 12.027188597595382 8.685391775703572 3.969936924195423
8.685391775703572 3.969936924195423 4.92556758393151 2.0779136118771167
4.92556758393151 2.0779136118771167 4.131237409668657 0.0
4.131237409668657 0.0 0.0 3.6083435436785667
0.0 3.6083435436785667 4.373137151591214 5.035921425460858
4.373137151591214 5.035921425460858 0.8274659331492362 7.5861121906244735
0.8274659331492362 7.5861121906244735 1.664582055274332 9.791547216475424
10.633330634001396 0.0 9.685391775703572 1.4796214016261526
9.685391775703572 1.4796214016261526 15.95203796266347 8.7044072045913
15.95203796266347 8.7044072045913 18.55221847553671 2.9564986103629813
18.55221847553671 2.9564986103629813 18.26337196329952 1.2511646980240032
18.26337196329952 1.2511646980240032 10.633330634001396 0.0
22.660246032912575 2.915776002892855 19.55221847553671 0.15090883513879305
19.55221847553671 0.15090883513879305 23.585260482539688 12.257707990003347
23.585260482539688 12.257707990003347 29.70856265205132 6.588791996777816
29.70856265205132 6.588791996777816 33.81559468362748 6.542066607705339
33.81559468362748 6.542066607705339 35.105456171914824 2.479492080634607
35.105456171914824 2.479492080634607 26.353056343002628 0.0
26.353056343002628 0.0 24.12466452091116 0.4252686806768402
24.12466452091116 0.4252686806768402 22.660246032912575 2.915776002892855
36.105456171914824 1.627937952542739 37.961767216579595 11.744031530972759
37.961767216579595 11.744031530972759 39.890153903104775 14.791278255164517
39.890153903104775 14.791278255164517 46.455449110506095 11.53117585738963
46.455449110506095 11.53117585738963 38.18431228418384 3.95015291938517
38.18431228418384 3.95015291938517 47.717549772084304 0.0
47.717549772084304 0.0 36.105456171914824 1.627937952542739
3.265206983623031 20.28102636896387 8.682440805169982 21.54703408210149
8.682440805169982 21.54703408210149 2.060867707469866 26.717801480059762
2.060867707469866 26.717801480059762 7.836290262556789 25.1092543198494
7.836290262556789 25.1092543198494 0.0 27.730104652566723
0.0 27.730104652566723 5.250844352548196 29.729943020204793
5.250844352548196 29.729943020204793 3.051180765962597 31.458072838382492
3.051180765962597 31.458072838382492 14.068966661260871 27.913626127268984
14.068966661260871 27.913626127268984 11.56044035654996 19.105400033521455
11.56044035654996 19.105400033521455 0.8436309055134537 17.306093600674988
0.8436309055134537 17.306093600674988 3.7939777713600673 18.451725275809064
3.7939777713600673 18.451725275809064 3.265206983623031 20.28102636896387
20.434800822101717 19.293715415715443 20.098875303716245 17.306093600674988
20.098875303716245 17.306093600674988 14.068966661260873 22.692977563342225
14.068966661260873 22.692977563342225 20.434800822101717 19.293715415715443
26.53728128480779 28.731631253597996 27.675801645310578 20.94396489422226
27.675801645310578 20.94396489422226 31.503611269607106 27.705637038468986
31.503611269607106 27.705637038468986 31.992996045843544 22.54231284499967
31.992996045843544 22.54231284499967 35.251450843037325 17.306093600674988
35.251450843037325 17.306093600674988 31.599444675454727 19.57179383727098
31.599444675454727 19.57179383727098 27.05868038683359 18.088896010408504
27.05868038683359 18.088896010408504 23.12540910397425 21.07376069450987
23.12540910397425 21.07376069450987 22.434800822101714 22.57293622393022
22.434800822101714 22.57293622393022 26.53728128480779 28.731631253597996
43.292925553674635 29.76652059452247 49.324536224142804 26.478008510744992
49.324536224142804 26.478008510744992 51.12822643275133 18.84150026830753
51.12822643275133 18.84150026830753 45.94475474360249 18.829153978971043
45.94475474360249 18.829153978971043 39.74109310524461 17.30609360067499
39.74109310524461 17.30609360067499 37.251450843037325 24.444503240111338
37.251450843037325 24.444503240111338 43.292925553674635 29.76652059452247
4.114647728125744 42.71298793857407 10.64703521813261 39.95415369342073
10.64703521813261 39.95415369342073 14.756279360110362 46.34983242586278
14.756279360110362 46.34983242586278 10.968390449924172 36.60201132020844
10.968390449924172 36.60201132020844 7.434643444455215 32.45807283838249
7.434643444455215 32.45807283838249 0.0 43.10188171426641
0.0 43.10188171426641 6.0135862284250265 43.060146549859574
6.0135862284250265 43.060146549859574 4.114647728125744 42.71298793857407
23.59650873877768 43.85353722092447 26.929109750648244 33.32821490132632
26.929109750648244 33.32821490132632 25.764807530585742 32.45807283838249
25.764807530585742 32.45807283838249 20.119107073142 33.492165876818994
20.119107073142 33.492165876818994 14.756279360110362 43.074177433561175
14.756279360110362 43.074177433561175 18.141532630060155 43.179594866502605
18.141532630060155 43.179594866502605 28.13301129739893 45.788262677772714
28.13301129739893 45.788262677772714 23.59650873877768 43.85353722092447
28.133011297398934 42.46057928777657 30.679836445542538 49.606531703246795
30.679836445542538 49.606531703246795 35.65774675283572 46.20008558987789
35.65774675283572 46.20008558987789 32.00509041184546 32.45807283838249
32.00509041184546 32.45807283838249 28.133011297398934 42.46057928777657
41.54201461209019 45.236243490626705 43.32629129802576 43.49842295135391
43.32629129802576 43.49842295135391 42.37291255155784 41.700907655848795
42.37291255155784 41.700907655848795 50.79337235697069 42.8588474306932
50.79337235697069 42.8588474306932 40.37063497259841 32.45807283838249
40.37063497259841 32.45807283838249 35.65774675283572 39.28804279267497
35.65774675283572 39.28804279267497 37.42851827082189 37.89626531901021
37.42851827082189 37.89626531901021 35.71665850206492 40.81460031592384
35.71665850206492 40.81460031592384 41.54201461209019 45.236243490626705
16.217926650889762 52.771360599741435 0.0 51.606531703246795
0.0 51.606531703246795 7.170859831898596 60.83885228274538
7.170859831898596 60.83885228274538 20.831961093711854 64.4727770343509
20.831961093711854 64.4727770343509 16.217926650889762 52.771360599741435
25.352372487840814 58.959271526854515 26.197128922423424 58.45126479072909
26.197128922423424 58.45126479072909 27.24762028016106 60.20585183420902
27.24762028016106 60.20585183420902 25.662455450237186 60.05176072738916
25.662455450237186 60.05176072738916 25.14987567509486 62.2767005674751
25.14987567509486 62.2767005674751 28.13140608466119 61.68199831591544
28.13140608466119 61.68199831591544 29.0318573900637 63.18598041163339
29.0318573900637 63.18598041163339 30.640973734385867 61.18143473724323
30.640973734385867 61.18143473724323 32.817534258461535 60.74729345189174
32.817534258461535 60.74729345189174 31.121795996413372 60.58245369469858
31.121795996413372 60.58245369469858 31.8163354613996 59.717235909083534
31.8163354613996 59.717235909083534 27.478266308916968 57.68083393563604
27.478266308916968 57.68083393563604 31.30633132067437 55.37877060390224
31.30633132067437 55.37877060390224 26.71043732975391 57.32039513360749
26.71043732975391 57.32039513360749 25.89719092422118 56.93863621577693
25.89719092422118 56.93863621577693 31.391938534004943 53.82870617101649
31.391938534004943 53.82870617101649 26.104790883062826 51.606531703246795
26.104790883062826 51.606531703246795 21.209040846535235 56.21344934040261
21.209040846535235 56.21344934040261 22.695189516538537 55.758975094497266
22.695189516538537 55.758975094497266 20.831961093711854 60.18892890003126
20.831961093711854 60.18892890003126 25.352372487840814 58.959271526854515
44.78541144858688 59.23860517292211 43.122751827285576 51.6065317032468
43.122751827285576 51.6065317032468 34.817534258461535 60.056238854022965
34.817534258461535 60.056238854022965 44.78541144858688 59.23860517292211
4.312238326845028 66.4727770343509 0.0 77.06977427675227
0.0 77.06977427675227 13.69045983080466 74.45744040460812
13.69045983080466 74.45744040460812 4.312238326845028 66.4727770343509
14.35956541388202 74.14157620690307 23.03467131659137 68.30463952097026
23.03467131659137 68.30463952097026 21.93967976961097 66.4727770343509
21.93967976961097 66.4727770343509 18.050222502825044 69.3654892376486
18.050222502825044 69.3654892376486 13.69045983080466 67.34726610752928
13.69045983080466 67.34726610752928 15.91604647744363 68.57685245989137
15.91604647744363 68.57685245989137 15.702451849179052 69.34049496603161
15.702451849179052 69.34049496603161 17.508575447741805 69.76832925841435
17.508575447741805 69.76832925841435 15.076943051363745 71.57681106563305
15.076943051363745 71.57681106563305 14.35956541388202 74.14157620690307
24.02078691317154 85.49368480303548 27.710445978274976 73.12736857929488
27.710445978274976 73.12736857929488 23.03467131659137 66.47277703435091
23.03467131659137 66.47277703435091 24.02078691317154 85.49368480303548
32.04989054370447 68.87803032284322 32.78160829038923 71.23991591336289
32.78160829038923 71.23991591336289 29.710445978274976 69.81634077547716
29.710445978274976 69.81634077547716 33.68843675171904 78.01270806070033
33.68843675171904 78.01270806070033 35.92627540378193 70.8175420868355
35.92627540378193 70.8175420868355 39.541358049783966 76.57581140996498
39.541358049783966 76.57581140996498 37.66188442494172 70.20090421796192
37.66188442494172 70.20090421796192 37.45936517166328 66.4727770343509
37.45936517166328 66.4727770343509 33.92843483800706 69.51941257289862
33.92843483800706 69.51941257289862 32.04989054370447 68.87803032284322
40.541358049783966 72.92240753351756 45.16395317419119 75.2748335034075
45.16395317419119 75.2748335034075 43.806501850749186 66.4727770343509
43.806501850749186 66.4727770343509 42.273361126899296 69.44459745653755
42.273361126899296 69.44459745653755 40.86741445650042 68.40597705325858
40.86741445650042 68.40597705325858 40.76110913412006 69.8784848412436
40.76110913412006 69.8784848412436 41.59546985507047 70.90046740032598
41.59546985507047 70.90046740032598 40.541358049783966 72.92240753351756
6.588850745538767 87.49368480303548 0.0 102.38877440539912
0.0 102.38877440539912 15.097126006080426 98.56879033965427
15.097126006080426 98.56879033965427 6.588850745538767 87.49368480303548
15.097126006080426 90.687157822735 22.444163278063964 94.74835192775103
22.444163278063964 94.74835192775103 16.622883235374626 103.78099810561949
16.622883235374626 103.78099810561949 24.468217817347515 107.41767402375552
24.468217817347515 107.41767402375552 25.58091265209196 99.26320251092379
25.58091265209196 99.26320251092379 18.817085102641364 87.49368480303548
18.817085102641364 87.49368480303548 15.097126006080426 90.687157822735
25.58091265209196 93.1173240472514 28.79844299798186 100.77644021310829
28.79844299798186 100.77644021310829 34.33088140332397 87.49368480303548
34.33088140332397 87.49368480303548 25.58091265209196 93.1173240472514
36.33088140332397 87.49368480303548 39.00073563930773 95.31697055568011
39.00073563930773 95.31697055568011 43.37338649979279 93.27675695152912
43.37338649979279 93.27675695152912 37.69137300150542 88.00607236102442
37.69137300150542 88.00607236102442 38.30643008589494 87.88445343916062
38.30643008589494 87.88445343916062 36.33088140332397 87.49368480303548
8.287286336597225 125.99526890011114 17.10572016292236 122.00948506258143
17.10572016292236 122.00948506258143 14.956767256275448 118.12257470877493
14.956767256275448 118.12257470877493 13.323839076408147 122.7345658560581
13.323839076408147 122.7345658560581 8.792826379517152 123.14887769738975
8.792826379517152 123.14887769738975 13.79521181484427 118.07094486015356
13.79521181484427 118.07094486015356 12.076650328826798 116.11953033355312
12.076650328826798 116.11953033355312 13.350627248690543 115.21747511081043
13.350627248690543 115.21747511081043 13.03770849179783 114.65148450566294
13.03770849179783 114.65148450566294 11.875617320379188 115.89125876096018
11.875617320379188 115.89125876096018 10.327356702692095 114.13321967716841
10.327356702692095 114.13321967716841 10.684560990808878 110.29559943945716
10.684560990808878 110.29559943945716 6.103598406432257 112.28310996592492
6.103598406432257 112.28310996592492 6.9150941451259875 108.41767402375552
6.9150941451259875 108.41767402375552 0.0 115.54180268806783
0.0 115.54180268806783 8.12788755552321 117.48093886344279
8.12788755552321 117.48093886344279 8.287286336597225 125.99526890011114
