176
1.664582055274332 9.791547216475424 2.8099257768403003 11.088271464632951
2.8099257768403003 11.088271464632951 1.6315672541595028 16.306093600674988
1.6315672541595028 16.306093600674988 4.544557060128195 14.011729364614277
4.544557060128195 14.011729364614277 2.7746243805190147 12.027188597595382
2.7746243805190147 12.027188597595382 8.685391775703572 3.969936924195423
8.685391775703572 3.969936924195423 4.92556758393151 2.0779136118771167
4.92556758393151 2.0779136118771167 4.131237409668657 0.0
4.131237409668657 0.0 0.0 3.6083435436785667
0.0 3.6083435436785667 4.373137151591214 5.035921425460858
4.373137151591214 5.035921425460858 0.8274659331492362 7.5861121906244735
0.8274659331492362 7.5861121906244735 1.664582055274332 9.791547216475424
9.633330634001396 0.0 8.685391775703572 1.4796214016261526
8.685391775703572 1.4796214016261526 14.95203796266347 8.7044072045913
14.95203796266347 8.7044072045913 17.55221847553671 2.9564986103629813
17.55221847553671 2.9564986103629813 17.26337196329952 1.2511646980240032
17.26337196329952 1.2511646980240032 9.633330634001396 0.0
20.660246032912575 2.915776002892855 17.55221847553671 0.15090883513879305
17.55221847553671 0.15090883513879305 21.585260482539688 12.257707990003347
21.585260482539688 12.257707990003347 27.70856265205132 6.588791996777816
27.70856265205132 6.588791996777816 31.815594683627484 6.542066607705339
31.815594683627484 6.542066607705339 33.105456171914824 2.479492080634607
33.105456171914824 2.479492080634607 24.353056343002628 0.0
24.353056343002628 0.0 22.12466452091116 0.4252686806768402
22.12466452091116 0.4252686806768402 20.660246032912575 2.915776002892855
33.105456171914824 1.627937952542739 34.961767216579595 11.744031530972759
34.961767216579595 11.744031530972759 36.890153903104775 14.791278255164517
36.890153903104775 14.791278255164517 43.455449110506095 11.53117585738963
43.455449110506095 11.53117585738963 35.18431228418384 3.95015291938517
35.18431228418384 3.95015291938517 44.717549772084304 0.0
44.717549772084304 0.0 33.105456171914824 1.627937952542739
3.265206983623031 19.28102636896387 8.682440805169982 20.54703408210149
8.682440805169982 20.54703408210149 2.060867707469866 25.717801480059762
2.060867707469866 25.717801480059762 7.836290262556789 24.1092543198494
7.836290262556789 24.1092543198494 0.0 26.730104652566723
0.0 26.730104652566723 5.250844352548196 28.729943020204793
5.250844352548196 28.729943020204793 3.051180765962597 30.458072838382492
3.051180765962597 30.458072838382492 14.068966661260871 26.913626127268984
14.068966661260871 26.913626127268984 11.56044035654996 18.105400033521455
11.56044035654996 18.105400033521455 0.8436309055134537 16.306093600674988
0.8436309055134537 16.306093600674988 3.7939777713600673 17.451725275809064
3.7939777713600673 17.451725275809064 3.265206983623031 19.28102636896387
20.434800822101717 18.293715415715443 20.098875303716245 16.306093600674988
20.098875303716245 16.306093600674988 14.068966661260873 21.692977563342225
14.068966661260873 21.692977563342225 20.434800822101717 18.293715415715443
24.53728128480779 27.731631253597996 25.675801645310578 19.94396489422226
25.675801645310578 19.94396489422226 29.503611269607106 26.705637038468986
29.503611269607106 26.705637038468986 29.992996045843544 21.54231284499967
29.992996045843544 21.54231284499967 33.251450843037325 16.306093600674988
33.251450843037325 16.306093600674988 29.599444675454727 18.57179383727098
29.599444675454727 18.57179383727098 25.05868038683359 17.088896010408504
25.05868038683359 17.088896010408504 21.12540910397425 20.07376069450987
21.12540910397425 20.07376069450987 20.434800822101714 21.57293622393022
20.434800822101714 21.57293622393022 24.53728128480779 27.731631253597996
39.292925553674635 28.76652059452247 45.324536224142804 25.478008510744992
45.324536224142804 25.478008510744992 47.12822643275133 17.84150026830753
47.12822643275133 17.84150026830753 41.94475474360249 17.829153978971043
41.94475474360249 17.829153978971043 35.74109310524461 16.30609360067499
35.74109310524461 16.30609360067499 33.251450843037325 23.444503240111338
33.251450843037325 23.444503240111338 39.292925553674635 28.76652059452247
4.114647728125744 40.71298793857407 10.64703521813261 37.95415369342073
10.64703521813261 37.95415369342073 14.756279360110362 44.34983242586278
14.756279360110362 44.34983242586278 10.968390449924172 34.60201132020844
10.968390449924172 34.60201132020844 7.434643444455215 30.458072838382492
7.434643444455215 30.458072838382492 0.0 41.10188171426641
0.0 41.10188171426641 6.0135862284250265 41.060146549859574
6.0135862284250265 41.060146549859574 4.114647728125744 40.71298793857407
23.59650873877768 41.85353722092447 26.929109750648244 31.32821490132632
26.929109750648244 31.32821490132632 25.764807530585742 30.458072838382492
25.764807530585742 30.458072838382492 20.119107073142 31.492165876818994
20.119107073142 31.492165876818994 14.756279360110362 41.074177433561175
14.756279360110362 41.074177433561175 18.141532630060155 41.179594866502605
18.141532630060155 41.179594866502605 28.13301129739893 43.788262677772714
28.13301129739893 43.788262677772714 23.59650873877768 41.85353722092447
28.133011297398934 40.46057928777657 30.679836445542538 47.606531703246795
30.679836445542538 47.606531703246795 35.65774675283572 44.20008558987789
35.65774675283572 44.20008558987789 32.00509041184546 30.458072838382492
32.00509041184546 30.458072838382492 28.133011297398934 40.46057928777657
41.54201461209019 43.236243490626705 43.32629129802576 41.49842295135391
43.32629129802576 41.49842295135391 42.37291255155784 39.700907655848795
42.37291255155784 39.700907655848795 50.79337235697069 40.8588474306932
50.79337235697069 40.8588474306932 40.37063497259841 30.458072838382495
40.37063497259841 30.458072838382495 35.65774675283572 37.28804279267497
35.65774675283572 37.28804279267497 37.42851827082189 35.89626531901021
37.42851827082189 35.89626531901021 35.71665850206492 38.81460031592384
35.71665850206492 38.81460031592384 41.54201461209019 43.236243490626705
16.217926650889762 48.771360599741435 0.0 47.606531703246795
0.0 47.606531703246795 7.170859831898596 56.83885228274538
7.170859831898596 56.83885228274538 20.831961093711854 60.4727770343509
20.831961093711854 60.4727770343509 16.217926650889762 48.771360599741435
25.352372487840814 54.959271526854515 26.197128922423424 54.45126479072909
26.197128922423424 54.45126479072909 27.24762028016106 56.20585183420902
27.24762028016106 56.20585183420902 25.662455450237186 56.05176072738916
25.662455450237186 56.05176072738916 25.14987567509486 58.2767005674751
25.14987567509486 58.2767005674751 28.13140608466119 57.68199831591544
28.13140608466119 57.68199831591544 29.0318573900637 59.18598041163339
29.0318573900637 59.18598041163339 30.640973734385867 57.18143473724323
30.640973734385867 57.18143473724323 32.817534258461535 56.74729345189174
32.817534258461535 56.74729345189174 31.121795996413372 56.58245369469858
31.121795996413372 56.58245369469858 31.8163354613996 55.717235909083534
31.8163354613996 55.717235909083534 27.478266308916968 53.68083393563604
27.478266308916968 53.68083393563604 31.30633132067437 51.37877060390224
31.30633132067437 51.37877060390224 26.71043732975391 53.32039513360749
26.71043732975391 53.32039513360749 25.89719092422118 52.93863621577693
25.89719092422118 52.93863621577693 31.391938534004943 49.82870617101649
31.391938534004943 49.82870617101649 26.104790883062826 47.606531703246795
26.104790883062826 47.606531703246795 21.209040846535235 52.21344934040261
21.209040846535235 52.21344934040261 22.695189516538537 51.758975094497266
22.695189516538537 51.758975094497266 20.831961093711854 56.18892890003126
20.831961093711854 56.18892890003126 25.352372487840814 54.959271526854515
42.78541144858688 55.23860517292211 41.122751827285576 47.6065317032468
41.122751827285576 47.6065317032468 32.817534258461535 56.056238854022965
32.817534258461535 56.056238854022965 42.78541144858688 55.23860517292211
47.097649775431904 47.606531703246795 42.78541144858688 58.20352894564817
42.78541144858688 58.20352894564817 56.47587127939154 55.59119507350402
56.47587127939154 55.59119507350402 47.097649775431904 47.606531703246795
0.6691055830773611 68.14157620690307 9.34421148578671 62.30463952097025
9.34421148578671 62.30463952097025 8.24921993880631 60.4727770343509
8.24921993880631 60.4727770343509 4.359762672020383 63.3654892376486
4.359762672020383 63.3654892376486 0.0 61.34726610752928
0.0 61.34726610752928 2.22558664663897 62.57685245989137
2.22558664663897 62.57685245989137 2.011992018374394 63.34049496603161
2.011992018374394 63.34049496603161 3.8181156169371455 63.768329258414354
3.8181156169371455 63.768329258414354 1.3864832205590871 65.57681106563305
1.3864832205590871 65.57681106563305 0.6691055830773611 68.14157620690307
10.330327082366884 79.49368480303548 14.019986147470316 67.12736857929488
14.019986147470316 67.12736857929488 9.34421148578671 60.472777034350905
9.34421148578671 60.472777034350905 10.330327082366884 79.49368480303548
16.359430712899815 62.87803032284322 17.091148459584566 65.23991591336289
17.091148459584566 65.23991591336289 14.019986147470316 63.81634077547716
14.019986147470316 63.81634077547716 17.997976920914383 72.01270806070033
17.997976920914383 72.01270806070033 20.235815572977266 64.8175420868355
20.235815572977266 64.8175420868355 23.85089821897931 70.57581140996498
23.85089821897931 70.57581140996498 21.971424594137062 64.20090421796192
21.971424594137062 64.20090421796192 21.768905340858623 60.4727770343509
21.768905340858623 60.4727770343509 18.2379750072024 63.51941257289862
18.2379750072024 63.51941257289862 16.359430712899815 62.87803032284322
23.85089821897931 66.92240753351756 28.47349334338653 69.2748335034075
28.47349334338653 69.2748335034075 27.116042019944523 60.4727770343509
27.116042019944523 60.4727770343509 25.582901296094636 63.44459745653756
25.582901296094636 63.44459745653756 24.176954625695757 62.40597705325859
24.176954625695757 62.40597705325859 24.070649303315406 63.87848484124361
24.070649303315406 63.87848484124361 24.90501002426581 64.90046740032598
24.90501002426581 64.90046740032598 23.85089821897931 66.92240753351756
35.0623440889253 60.4727770343509 28.47349334338653 75.36786663671454
28.47349334338653 75.36786663671454 43.57061934946696 71.54788257096969
43.57061934946696 71.54788257096969 35.0623440889253 60.4727770343509
43.570619349466966 63.66625005405044 50.917656621450504 67.72744415906647
50.917656621450504 67.72744415906647 45.09637657876116 76.76009033693492
45.09637657876116 76.76009033693492 52.94171116073405 80.39676625507096
52.94171116073405 80.39676625507096 54.0544059954785 72.24229474223921
54.0544059954785 72.24229474223921 47.2905784460279 60.4727770343509
47.2905784460279 60.4727770343509 43.570619349466966 63.66625005405044
0.0 86.02040549928688 3.2175303458899003 93.67952166514377
3.2175303458899003 93.67952166514377 8.749968751232013 80.39676625507096
8.749968751232013 80.39676625507096 0.0 86.02040549928688
8.749968751232013 80.39676625507096 11.419822987215769 88.2200520077156
11.419822987215769 88.2200520077156 15.792473847700833 86.1798384035646
15.792473847700833 86.1798384035646 10.110460349413465 80.9091538130599
10.110460349413465 80.9091538130599 10.725517433802978 80.7875348911961
10.725517433802978 80.7875348911961 8.749968751232013 80.39676625507096
24.07976018429806 97.97436113142658 32.89819401062319 93.98857729389687
32.89819401062319 93.98857729389687 30.74924110397628 90.10166694009037
30.74924110397628 90.10166694009037 29.116312924108982 94.71365808737353
29.116312924108982 94.71365808737353 24.585300227217985 95.12796992870518
24.585300227217985 95.12796992870518 29.587685662545105 90.050037091469
29.587685662545105 90.050037091469 27.86912417652763 88.09862256486855
27.86912417652763 88.09862256486855 29.143101096391376 87.19656734212586
29.143101096391376 87.19656734212586 28.830182339498663 86.63057673697837
28.830182339498663 86.63057673697837 27.66809116808002 87.87035099227562
27.66809116808002 87.87035099227562 26.119830550392926 86.11231190848385
26.119830550392926 86.11231190848385 26.47703483850971 82.2746916707726
26.47703483850971 82.2746916707726 21.896072254133088 84.26220219724036
21.896072254133088 84.26220219724036 22.70756799282682 80.39676625507096
22.70756799282682 80.39676625507096 15.792473847700833 87.52089491938327
15.792473847700833 87.52089491938327 23.920361403224042 89.46003109475822
23.920361403224042 89.46003109475822 24.07976018429806 97.97436113142658
