364
717.9078674216207 1777.3796403217898 1778.213823404107 1031.4437969903215
1778.213823404107 1031.4437969903215 1066.5587634610058 0.0
1066.5587634610058 0.0 0.0 746.0860180560395
0.0 746.0860180560395 717.9078674216207 1777.3796403217898
1834.4828394662743 417.702773666958 2138.2499299307597 0.0
2138.2499299307597 0.0 1778.213823404107 48.831410403311565
1778.213823404107 48.831410403311565 1834.4828394662743 417.702773666958
2765.269063890456 618.0282354606011 2634.4422515632896 302.4163548860664
2634.4422515632896 302.4163548860664 2503.192891224264 0.0
2503.192891224264 0.0 2324.823672159757 438.2805237259599
2324.823672159757 438.2805237259599 2138.2499299307597 871.5657804662586
2138.2499299307597 871.5657804662586 2445.7532518880116 744.3768158721732
2445.7532518880116 744.3768158721732 2765.269063890456 618.0282354606011
3103.230453390755 0.0 2765.269063890456 411.7748570073284
2765.269063890456 411.7748570073284 3302.8042594741846 850.2759978060346
3302.8042594741846 850.2759978060346 3635.756920024094 441.9380572840763
3635.756920024094 441.9380572840763 3103.230453390755 0.0
3635.756920024094 398.11667034030654 4257.293715061329 1228.7572314634322
4257.293715061329 1228.7572314634322 4460.325274346673 395.0696062476913
4460.325274346673 395.0696062476913 4170.532959151195 0.0
4170.532959151195 0.0 3635.756920024094 398.11667034030654
4763.2659391089755 0.0 4620.3306800136515 14.84426204804765
4620.3306800136515 14.84426204804765 4460.325274346673 26.138107399116713
4460.325274346673 26.138107399116713 4537.165001681282 947.8616899069355
4537.165001681282 947.8616899069355 4607.542561209629 1863.0075640607583
4607.542561209629 1863.0075640607583 4759.679007669193 1856.7411010523308
4759.679007669193 1856.7411010523308 4907.082565141601 1847.0277618171287
4907.082565141601 1847.0277618171287 4838.024193003779 922.7115774029033
4838.024193003779 922.7115774029033 4763.2659391089755 0.0
4957.032194486015 844.3529425396276 6980.8311930904065 684.6242763947166
6980.8311930904065 684.6242763947166 6949.42825147122 344.16036036846003
6949.42825147122 344.16036036846003 6924.183993120987 0.0
6924.183993120987 0.0 5910.105417875772 81.82382015705116
5910.105417875772 81.82382015705116 4907.082565141601 159.0230203470977
4907.082565141601 159.0230203470977 4926.448416036084 506.0338652832575
4926.448416036084 506.0338652832575 4957.032194486015 844.3529425396276
6980.8311930904065 0.0 7624.444937574408 2170.4649070156856
7624.444937574408 2170.4649070156856 8364.74510720688 1478.037138278295
8364.74510720688 1478.037138278295 6980.8311930904065 0.0
8465.710555341668 730.2026378848386 9771.493352916501 382.1683148540305
9771.493352916501 382.1683148540305 9721.488162402597 197.09865152578755
9721.488162402597 197.09865152578755 9666.804566271589 0.0
9666.804566271589 0.0 9017.063191779873 180.16329485514882
9017.063191779873 180.16329485514882 8364.74510720688 354.1470984917683
8364.74510720688 354.1470984917683 8417.118904460629 535.871469163374
8417.118904460629 535.871469163374 8465.710555341668 730.2026378848386
9857.059766588889 2068.49688640258 10430.11266282006 384.1030050969896
10430.11266282006 384.1030050969896 9771.493352916501 0.0
9771.493352916501 0.0 9857.059766588889 2068.49688640258
10430.11266282006 438.2545385670484 11412.375590726406 540.2794068741483
11412.375590726406 540.2794068741483 11448.317283024533 88.64819568529748
11448.317283024533 88.64819568529748 10468.969929677416 0.0
10468.969929677416 0.0 10430.11266282006 438.2545385670484
876.434944570261 2170.4649070156856 0.0 3067.801706574518
0.0 3067.801706574518 751.0076912448785 3803.662270542115
751.0076912448785 3803.662270542115 1630.56372701234 2907.1494409892566
1630.56372701234 2907.1494409892566 876.434944570261 2170.4649070156856
3362.141904460267 4296.461431071971 4015.5114569166362 3540.652212846452
4015.5114569166362 3540.652212846452 1664.0614347411054 2170.4649070156856
1664.0614347411054 2170.4649070156856 1630.5637270123402 2191.683224126391
1630.5637270123402 2191.683224126391 3362.141904460267 4296.461431071971
5229.847398715781 2883.843246352197 4923.219376895957 2170.4649070156856
4923.219376895957 2170.4649070156856 4015.5114569166353 2495.6840324268796
4015.5114569166353 2495.6840324268796 5229.847398715781 2883.843246352197
6107.894874358467 2170.4649070156856 5229.847398715781 4388.602732624817
5229.847398715781 4388.602732624817 6118.209470092695 5385.563760319283
6118.209470092695 5385.563760319283 6414.811595642611 5505.56750110382
6414.811595642611 5505.56750110382 7518.317748859896 2723.9201582271985
7518.317748859896 2723.9201582271985 6107.894874358467 2170.4649070156856
8461.191183717106 2863.487009303192 8088.777279368855 2521.234345778033
8088.777279368855 2521.234345778033 7715.193424662919 2170.4649070156856
7715.193424662919 2170.4649070156856 7618.253455555204 2281.2580306990003
7618.253455555204 2281.2580306990003 7518.317748859896 2383.7026236576885
7518.317748859896 2383.7026236576885 7891.584748637182 2727.7089065578893
7891.584748637182 2727.7089065578893 8269.55344926789 3072.9736861042156
8269.55344926789 3072.9736861042156 8364.802035897781 2971.5289622119353
8364.802035897781 2971.5289622119353 8461.191183717106 2863.487009303192
8851.944959189006 2170.4649070156856 8461.191183717106 3541.6747614853302
8461.191183717106 3541.6747614853302 9089.862842288137 4189.815809145255
9089.862842288137 4189.815809145255 9603.289854628078 2385.327809224003
9603.289854628078 2385.327809224003 8851.944959189006 2170.4649070156856
10384.242785338265 4017.0026412434595 10308.04697314468 3092.8845166937435
10308.04697314468 3092.8845166937435 10236.775915126174 2170.4649070156856
10236.775915126174 2170.4649070156856 9925.795936484998 2458.549428086162
9925.795936484998 2458.549428086162 9603.289854628078 2747.6882124617487
9603.289854628078 2747.6882124617487 9664.532121871825 3413.745899908581
9664.532121871825 3413.745899908581 9706.831064539669 4071.1414237471326
9706.831064539669 4071.1414237471326 10048.724990671775 4041.0793940037497
10048.724990671775 4041.0793940037497 10384.242785338265 4017.0026412434595
10384.242785338265 2389.2730696749495 10784.547377932822 3181.5215158143965
10784.547377932822 3181.5215158143965 11215.534402949288 2968.8922345159713
11215.534402949288 2968.8922345159713 10817.864922311672 2170.4649070156856
10817.864922311672 2170.4649070156856 10384.242785338265 2389.2730696749495
11215.534402949288 2396.972490114089 11752.19605078794 2930.673877380912
11752.19605078794 2930.673877380912 12299.319113181036 3470.044434274292
12299.319113181036 3470.044434274292 12060.717084227625 2825.2516884397405
12060.717084227625 2825.2516884397405 11828.95227088538 2170.4649070156856
11828.95227088538 2170.4649070156856 11518.028155005642 2284.7323258820115
11518.028155005642 2284.7323258820115 11215.534402949288 2396.972490114089
630.5395885984994 7778.761483704705 950.4738508298094 7343.278958144363
950.4738508298094 7343.278958144363 1264.6663500475825 6901.273964733819
1264.6663500475825 6901.273964733819 1282.0927120368697 6203.673262526908
1282.0927120368697 6203.673262526908 1301.4076079578215 5505.56750110382
1301.4076079578215 5505.56750110382 650.8613600861922 6418.902548939923
650.8613600861922 6418.902548939923 0.0 7319.791453018567
0.0 7319.791453018567 312.0820906574179 7552.990537546448
312.0820906574179 7552.990537546448 630.5395885984994 7778.761483704705
1830.3812497242664 5505.56750110382 1301.4076079578215 6666.144649100526
1301.4076079578215 6666.144649100526 2687.3302651148933 5900.647581159709
2687.3302651148933 5900.647581159709 1830.3812497242664 5505.56750110382
4349.1737585026685 5505.56750110382 4000.667101783292 5536.5016437191725
4000.667101783292 5536.5016437191725 3652.2211999741426 5565.33803687018
3652.2211999741426 5565.33803687018 3170.446536766536 6109.23925641822
3170.446536766536 6109.23925641822 2687.3302651148933 6639.67067456469
2687.3302651148933 6639.67067456469 2982.787058924156 6845.681179109455
2982.787058924156 6845.681179109455 3272.2813371255015 7044.738146193236
3272.2813371255015 7044.738146193236 3810.9919282245064 6283.318084415573
3810.9919282245064 6283.318084415573 4349.1737585026685 5505.56750110382
5642.758704220953 5507.925757427415 5285.572787622832 5505.56750110382
5285.572787622832 5505.56750110382 4918.017718808756 5506.779857808427
4918.017718808756 5506.779857808427 4636.2603598993965 5974.438605130902
4636.2603598993965 5974.438605130902 4349.1737585026685 6439.461425093401
4349.1737585026685 6439.461425093401 4608.517036669247 6605.8170322043925
4608.517036669247 6605.8170322043925 4871.899685722499 6765.823185171469
4871.899685722499 6765.823185171469 5257.057322666876 6136.106483702265
5257.057322666876 6136.106483702265 5642.758704220953 5507.925757427415
7254.249815295681 6980.965833607101 6896.812318524567 5505.56750110382
6896.812318524567 5505.56750110382 6267.975744339543 5657.63730148833
6267.975744339543 5657.63730148833 5642.758704220954 5813.337610786197
5642.758704220954 5813.337610786197 5828.240070365127 6552.4001285965705
5828.240070365127 6552.4001285965705 6014.455274697773 7282.912607102091
6014.455274697773 7282.912607102091 6633.79426419635 7131.32264995407
6633.79426419635 7131.32264995407 7254.249815295681 6980.965833607101
8417.456649023243 5505.56750110382 7254.249815295681 6530.715907215665
7254.249815295681 6530.715907215665 8392.473065141005 7813.815005931669
8392.473065141005 7813.815005931669 9549.354452004469 6799.325278509477
9549.354452004469 6799.325278509477 8417.456649023243 5505.56750110382
9721.60342509253 7590.984213277969 10109.004326632488 7563.203788728902
10109.004326632488 7563.203788728902 10490.420826879163 7527.928032636268
10490.420826879163 7527.928032636268 10652.44196946431 6971.061991402406
10652.44196946431 6971.061991402406 10797.478461611396 6408.50508314595
10797.478461611396 6408.50508314595 10172.78847267579 5959.182967077
10172.78847267579 5959.182967077 9549.354452004469 5505.56750110382
9549.354452004469 5505.56750110382 9639.401966495205 6554.2588695633885
9639.401966495205 6554.2588695633885 9721.60342509253 7590.984213277969
2391.9175160841405 8182.120747808546 2357.716463242373 8089.945392044353
2357.716463242373 8089.945392044353 102.50132916519942 7813.815005931669
102.50132916519942 7813.815005931669 0.0 9216.80320488423
0.0 9216.80320488423 2391.9175160841405 8182.120747808546
2399.7205112170805 8008.8286407799815 3318.2784709924003 7964.756813654252
3318.2784709924003 7964.756813654252 3315.4530720747143 7813.815005931669
3315.4530720747143 7813.815005931669 2391.9175160841405 7855.457152892673
2391.9175160841405 7855.457152892673 2399.7205112170805 8008.8286407799815
4673.641506313701 7813.815005931669 3318.2784709924 8653.179564451519
3318.2784709924 8653.179564451519 4968.4610160503435 8288.656641403006
4968.4610160503435 8288.656641403006 4673.641506313701 7813.815005931669
5543.492076637705 7813.815005931669 4968.461016050344 9018.012212216941
4968.461016050344 9018.012212216941 5880.905260809206 8803.534358529903
5880.905260809206 8803.534358529903 6199.855898302691 8123.964411523472
6199.855898302691 8123.964411523472 5543.492076637705 7813.815005931669
6199.855898302691 8446.918246915568 6939.317434877998 8555.94180172891
6939.317434877998 8555.94180172891 7677.104746454803 8656.627836520916
7677.104746454803 8656.627836520916 6824.006079151279 7813.815005931669
6824.006079151279 7813.815005931669 6199.855898302691 8446.918246915568
7791.00669814635 7813.815005931669 7677.104746454803 9883.234345866458
7677.104746454803 9883.234345866458 7723.8948567098005 9863.35194643369
7723.8948567098005 9863.35194643369 8404.061752777183 8207.606311281063
8404.061752777183 8207.606311281063 7791.00669814635 7813.815005931669
8906.940509051214 7813.815005931669 8404.061752777183 8162.924869310759
8404.061752777183 8162.924869310759 8830.348513538915 9025.728244315002
8830.348513538915 9025.728244315002 9448.602834585867 8582.553150108948
9448.602834585867 8582.553150108948 8906.940509051214 7813.815005931669
9448.602834585867 8011.290752481766 11273.412386525964 8314.180588486106
11273.412386525964 8314.180588486106 11289.077714839317 7813.815005931669
11289.077714839317 7813.815005931669 9448.602834585867 8011.290752481766
11289.077714839317 8228.999401484756 11796.608748335395 8749.808802075011
11796.608748335395 8749.808802075011 12296.397772820565 9262.165612720244
12296.397772820565 9262.165612720244 12338.514538863716 8870.655054528943
12338.514538863716 8870.655054528943 12384.065998678889 8489.745348323035
12384.065998678889 8489.745348323035 12050.008842648245 8153.1174905506505
12050.008842648245 8153.1174905506505 11723.78964225396 7813.8150059316695
11723.78964225396 7813.8150059316695 11504.796182413536 8020.506279037256
11504.796182413536 8020.506279037256 11289.077714839317 8228.999401484756
1058.9941633210838 9883.234345866458 532.988549538896 11046.856999748497
532.988549538896 11046.856999748497 0.0 12213.631352569146
0.0 12213.631352569146 889.6750667065942 11753.971494131714
889.6750667065942 11753.971494131714 1786.5889317351694 11297.509393795877
1786.5889317351694 11297.509393795877 1430.0535806172725 10593.178476136298
1430.0535806172725 10593.178476136298 1058.9941633210838 9883.234345866458
1863.4302761024696 9883.234345866458 1786.5889317351694 10921.694384197785
1786.5889317351694 10921.694384197785 1992.3464362281 10934.81641853576
1992.3464362281 10934.81641853576 2064.0482576610484 9904.520266470909
2064.0482576610484 9904.520266470909 1863.4302761024696 9883.234345866458
2064.0482576610484 9883.234345866458 3491.6277567193833 10570.084269886114
3491.6277567193833 10570.084269886114 4068.094259151563 10259.907825271557
4068.094259151563 10259.907825271557 2064.0482576610484 9883.234345866458
5753.116763687336 10533.125151539714 5749.111954754562 10326.383543597709
5749.111954754562 10326.383543597709 5574.642081801982 10105.657092443675
5574.642081801982 10105.657092443675 5392.502659200277 9888.201690200662
5392.502659200277 9888.201690200662 4741.902620125806 9883.234345866458
4741.902620125806 9883.234345866458 4088.3689755997466 9884.382743101038
4088.3689755997466 9884.382743101038 4078.0325469752324 9908.50324570365
4078.0325469752324 9908.50324570365 4068.0942591515636 9926.403390960926
4068.0942591515636 9926.403390960926 4914.082237292197 10237.48983907546
4914.082237292197 10237.48983907546 5753.116763687336 10533.125151539714
7361.857759487358 9883.234345866458 6554.8651642714485 10026.884888787185
6554.8651642714485 10026.884888787185 5753.116763687335 10171.871287338592
5753.116763687335 10171.871287338592 6639.484358648631 10473.14679443395
6639.484358648631 10473.14679443395 7518.791695397992 10780.141816315212
7518.791695397992 10780.141816315212 7438.588280242201 10329.710094786686
7438.588280242201 10329.710094786686 7361.857759487358 9883.234345866458
8121.111634464879 11123.940337117003 8742.438713824726 10397.113061819597
8742.438713824726 10397.113061819597 8146.449498726827 9883.234345866458
8146.449498726827 9883.234345866458 7518.791695397993 10612.901259899501
7518.791695397993 10612.901259899501 8121.111634464879 11123.940337117003
8742.438713824726 9883.234345866458 9230.718538182802 11030.959573689615
9230.718538182802 11030.959573689615 9865.898938742981 10734.875825960667
9865.898938742981 10734.875825960667 8742.438713824726 9883.234345866458
11244.34169764807 11968.639046446626 11156.061679214064 9948.841493755506
11156.061679214064 9948.841493755506 9865.89893874298 9883.234345866458
9865.89893874298 9883.234345866458 9970.360095447893 12030.634665451866
9970.360095447893 12030.634665451866 11244.34169764807 11968.639046446626
0.0 13027.52233847903 973.008230171133 13750.008016535967
973.008230171133 13750.008016535967 1578.0136401147295 12936.881807447267
1578.0136401147295 12936.881807447267 608.1377908325087 12213.631352569146
608.1377908325087 12213.631352569146 0.0 13027.52233847903
4053.262382236334 14197.828679327757 4084.862266582642 14114.500514020336
4084.862266582642 14114.500514020336 1973.9066669745212 12213.631352569146
1973.9066669745212 12213.631352569146 1578.0136401147297 13160.228352841554
1578.0136401147297 13160.228352841554 4053.262382236334 14197.828679327757
4084.8622665826415 12553.906497835205 4370.134880689705 13638.35307961114
4370.134880689705 13638.35307961114 4653.289183626556 14723.094443071586
4653.289183626556 14723.094443071586 5225.7239099942435 14241.080437619368
5225.7239099942435 14241.080437619368 5799.09849022954 13764.698473845507
5799.09849022954 13764.698473845507 5394.305160997576 12213.631352569146
5394.305160997576 12213.631352569146 4084.8622665826415 12553.906497835205
6455.7774920373 12384.475709069347 5799.09849022954 12213.631352569146
5799.09849022954 12213.631352569146 5855.164462353219 12717.059366060927
5855.164462353219 12717.059366060927 6455.7774920373 12384.475709069347
6685.318893029448 13286.178968116961 7934.923746782505 12824.510637465357
7934.923746782505 12824.510637465357 7710.781249203941 12213.631352569146
7710.781249203941 12213.631352569146 6455.7774920373 12684.270364093753
6455.7774920373 12684.270364093753 6685.318893029448 13286.178968116961
8233.97351220739 12213.631352569146 8090.340071305144 13542.60191407643
8090.340071305144 13542.60191407643 7934.923746782506 14852.23577898956
7934.923746782506 14852.23577898956 8497.418120363758 13693.863200812664
8497.418120363758 13693.863200812664 9062.226298245065 12543.836392947122
9062.226298245065 12543.836392947122 8651.675884929984 12383.103094744234
8651.675884929984 12383.103094744234 8233.97351220739 12213.631352569146
9731.547760965084 12213.631352569146 9400.379403112225 12582.893289523667
9400.379403112225 12582.893289523667 9062.226298245063 12947.595861836864
9062.226298245063 12947.595861836864 9339.419403949509 13175.74559965102
9339.419403949509 13175.74559965102 9615.422699283834 13416.76518541598
9615.422699283834 13416.76518541598 9675.479014512852 12807.69684032197
9675.479014512852 12807.69684032197 9731.547760965084 12213.631352569146
9731.547760965084 13230.635659595677 11218.041430785202 12435.38005658617
11218.041430785202 12435.38005658617 9903.399096757987 12213.631352569146
9903.399096757987 12213.631352569146 9731.547760965084 13230.635659595677
12468.087025552433 12931.31808070316 12448.641257712336 12575.168238402995
12448.641257712336 12575.168238402995 12438.311308292337 12213.631352569146
12438.311308292337 12213.631352569146 11903.992130887067 12240.903605371264
11903.992130887067 12240.903605371264 11369.773734510303 12258.438178137229
11369.773734510303 12258.438178137229 11293.867389590983 12623.76476128868
11293.867389590983 12623.76476128868 11218.041430785204 12978.672011705918
11218.041430785204 12978.672011705918 11839.19667972284 12953.647246326229
11839.19667972284 12953.647246326229 12468.087025552433 12931.31808070316
1457.4971738031225 15991.175778492621 1679.6586525504076 15485.986191471871
1679.6586525504076 15485.986191471871 216.92728302280602 14852.235778989561
216.92728302280602 14852.235778989561 0.0 15353.601751746206
0.0 15353.601751746206 1457.4971738031225 15991.175778492621
1679.6586525504076 15525.84801482715 2422.298579452638 17113.891949784243
2422.298579452638 17113.891949784243 3880.4388867809557 16426.56922353125
3880.4388867809557 16426.56922353125 3109.4134016042663 14852.235778989561
3109.4134016042663 14852.235778989561 1679.6586525504076 15525.84801482715
4472.091057570039 14852.235778989561 4172.070610012932 15073.060228281221
4172.070610012932 15073.060228281221 3880.438886780956 15301.433435661864
3880.438886780956 15301.433435661864 4455.7204062918545 15620.957972777054
4455.7204062918545 15620.957972777054 5042.143475163251 15942.111210002902
5042.143475163251 15942.111210002902 5059.80626713211 15924.059649395183
5059.80626713211 15924.059649395183 5075.742985945113 15895.965612771433
5075.742985945113 15895.965612771433 4472.091057570039 14852.235778989561
5948.242618977719 14852.235778989561 5075.742985945112 15615.871267934981
5075.742985945112 15615.871267934981 5225.719829866273 15788.928184603703
5225.719829866273 15788.928184603703 6090.9478384630365 15019.7145346202
6090.9478384630365 15019.7145346202 5948.242618977719 14852.235778989561
6090.9478384630365 15890.821161447731 7581.4742027801485 17200.094953487736
7581.4742027801485 17200.094953487736 8432.079054419375 15315.671213014197
8432.079054419375 15315.671213014197 6998.797178960825 14852.235778989561
6998.797178960825 14852.235778989561 6090.9478384630365 15890.821161447731
10234.94378943853 15230.104249955837 8531.52974557763 14852.235778989561
8531.52974557763 14852.235778989561 8432.079054419375 14866.467076684885
8432.079054419375 14866.467076684885 10143.916181616985 16525.25661187571
10143.916181616985 16525.25661187571 10234.94378943853 15230.104249955837
10565.251615333063 16235.351607977289 10962.77470958665 15841.868362333315
10962.77470958665 15841.868362333315 11365.504451468172 15451.85811217459
11365.504451468172 15451.85811217459 11341.190131534497 15153.636436434866
11341.190131534497 15153.636436434866 11319.56437730239 14852.235778989561
11319.56437730239 14852.235778989561 10777.258270762743 15370.085875336244
10777.258270762743 15370.085875336244 10234.94378943853 15898.143735045815
10234.94378943853 15898.143735045815 10398.314226941404 16070.88535693867
10398.314226941404 16070.88535693867 10565.251615333063 16235.351607977289
11729.595810786885 15844.680659146119 12037.808150941355 14852.235778989561
12037.808150941355 14852.235778989561 11365.504451468172 15323.564028138411
11365.504451468172 15323.564028138411 11729.595810786885 15844.680659146119
1018.6777062228516 19180.721129559264 1028.486978010604 18343.499287033308
1028.486978010604 18343.499287033308 1041.0031834502445 17512.003559271496
1041.0031834502445 17512.003559271496 550.7978719027669 17354.798667787534
550.7978719027669 17354.798667787534 44.59017259544714 17200.094953487736
44.59017259544714 17200.094953487736 28.181383620258657 17209.073245419084
28.181383620258657 17209.073245419084 0.0 17229.080700355004
0.0 17229.080700355004 506.1408896448852 18203.465065942586
506.1408896448852 18203.465065942586 1018.6777062228516 19180.721129559264
1252.931302597899 18954.190515609072 1397.639078114971 18882.57882738657
1397.639078114971 18882.57882738657 1669.2723797678625 18348.840392604
1669.2723797678625 18348.840392604 1102.9503811441177 17200.094953487736
1102.9503811441177 17200.094953487736 1041.0031834502445 17202.283062722898
1041.0031834502445 17202.283062722898 1252.931302597899 18954.190515609072
2678.4502373444157 19375.57735643534 3205.681013414167 18937.329471263303
3205.681013414167 18937.329471263303 3003.122693443736 18033.190102001565
3003.122693443736 18033.190102001565 2504.0343186211094 17200.094953487736
2504.0343186211094 17200.094953487736 1669.2723797678623 17704.89931985936
1669.2723797678623 17704.89931985936 2678.4502373444157 19375.57735643534
5596.451419401731 17314.486413343355 4663.704078095863 17262.128055766476
4663.704078095863 17262.128055766476 3730.5709116543953 17200.094953487736
3730.5709116543953 17200.094953487736 3470.1710867442857 17537.882003882347
3470.1710867442857 17537.882003882347 3205.681013414167 17871.829608504104
3205.681013414167 17871.829608504104 4377.891310876654 17944.806018695297
4377.891310876654 17944.806018695297 5551.877233145041 18012.81147288839
5551.877233145041 18012.81147288839 5572.004505419415 17670.777703473876
5572.004505419415 17670.777703473876 5596.451419401731 17314.486413343355
6506.98794459389 18152.326201625576 6209.869599652529 17200.094953487736
6209.869599652529 17200.094953487736 5596.451419401732 17598.861645081386
5596.451419401732 17598.861645081386 6506.98794459389 18152.326201625576
7777.392046713193 17200.094953487736 7145.375906861275 17972.523674334803
7145.375906861275 17972.523674334803 6506.98794459389 18734.907581595908
6506.98794459389 18734.907581595908 7144.215587317559 18802.445179722705
7144.215587317559 18802.445179722705 7777.475741600461 18863.65977391832
7777.475741600461 18863.65977391832 7779.781473643287 18033.589191117062
7779.781473643287 18033.589191117062 7777.392046713193 17200.094953487736
10052.2072832068 18004.709738801852 10003.471868453804 17790.02208820281
10003.471868453804 17790.02208820281 9952.092667678964 17578.245234186277
9952.092667678964 17578.245234186277 9456.895296684701 17388.539785573128
9456.895296684701 17388.539785573128 8954.327251835786 17200.094953487736
8954.327251835786 17200.094953487736 8368.84668180003 17347.028198233267
8368.84668180003 17347.028198233267 7779.781473643287 17498.45805017594
7779.781473643287 17498.45805017594 7906.467954718599 18002.264346287877
7906.467954718599 18002.264346287877 8026.380312829592 18508.98291706044
8026.380312829592 18508.98291706044 9041.264742273423 18259.879607600426
9041.264742273423 18259.879607600426 10052.2072832068 18004.709738801852
2642.3143458107365 20012.976664746056 2017.354583152789 19693.57393374897
2017.354583152789 19693.57393374897 1392.7785799120827 19375.57735643534
1392.7785799120827 19375.57735643534 0.0 19532.720198729225
0.0 19532.720198729225 1137.7532787623536 20118.40774306006
1137.7532787623536 20118.40774306006 2292.1682681526477 20703.727842639026
2292.1682681526477 20703.727842639026 2466.05470546192 20365.21759447824
2466.05470546192 20365.21759447824 2642.3143458107365 20012.976664746056
4680.598490854066 19375.57735643534 3661.02736445101 19483.265252113142
3661.02736445101 19483.265252113142 2642.3143458107365 19591.50269481322
2642.3143458107365 19591.50269481322 2976.2618173821793 19940.955396345944
2976.2618173821793 19940.955396345944 3302.753395833799 20278.322767557336
3302.753395833799 20278.322767557336 4033.391052843181 20201.34584076693
4033.391052843181 20201.34584076693 4754.805729604418 20117.138430375784
4754.805729604418 20117.138430375784 4714.79011339577 19747.28476679968
4714.79011339577 19747.28476679968 4680.598490854066 19375.57735643534
