213
524.5135973324658 806.5709163138137 1003.4832786393472 0.0
1003.4832786393472 0.0 226.75423771345174 121.41781417151935
226.75423771345174 121.41781417151935 0.0 503.1883221628419
0.0 503.1883221628419 524.5135973324658 806.5709163138137
2328.472925942334 2968.6118604659214 2891.7663224437283 879.9102840879386
2891.7663224437283 879.9102840879386 1989.1964307365013 75.08450451576527
1989.1964307365013 75.08450451576527 1712.4482446937743 0.0
1712.4482446937743 0.0 1003.4832786393474 2619.3920495519374
1003.4832786393474 2619.3920495519374 2328.472925942334 2968.6118604659214
2899.835915067086 0.0 2891.766322443728 98.00207015079523
2891.766322443728 98.00207015079523 4777.49180791349 1367.3030741423345
4777.49180791349 1367.3030741423345 5501.886382897743 155.76972099925052
5501.886382897743 155.76972099925052 2899.835915067086 0.0
6687.516074198504 2041.6141654629641 6765.363572649221 165.89335679010674
6765.363572649221 165.89335679010674 5586.635906383632 0.0
5586.635906383632 0.0 5501.886382897743 2000.9447527777193
5501.886382897743 2000.9447527777193 6687.516074198504 2041.6141654629641
9212.08861867437 1381.4928171902554 8087.5525227368125 686.5166075993741
8087.5525227368125 686.5166075993741 6955.202983640776 0.0
6955.202983640776 0.0 6853.015151729731 878.7560724936197
6853.015151729731 878.7560724936197 6765.363572649221 1751.5230492725987
6765.363572649221 1751.5230492725987 7580.3409666877815 2252.1497519919903
7580.3409666877815 2252.1497519919903 8383.769646704553 2749.402206979353
8383.769646704553 2749.402206979353 8798.13765610381 2062.6722137697247
8798.13765610381 2062.6722137697247 9212.08861867437 1381.4928171902554
1478.4663165083518 2968.6118604659214 735.7166308499387 3983.4716243541516
735.7166308499387 3983.4716243541516 0.0 4989.093144773396
0.0 4989.093144773396 994.8641251477442 4309.378938725294
994.8641251477442 4309.378938725294 2001.7291951850966 3623.6385143350913
2001.7291951850966 3623.6385143350913 1741.3528946251554 3303.1814562133077
1741.3528946251554 3303.1814562133077 1478.4663165083518 2968.6118604659214
4158.833046468283 4096.625956408761 4131.291332267729 3705.051369634277
4131.291332267729 3705.051369634277 4107.508524907085 3306.4648352189
4107.508524907085 3306.4648352189 3523.1841693196993 3132.0240666048403
3523.1841693196993 3132.0240666048403 2946.945853262174 2968.611860465922
2946.945853262174 2968.611860465922 2470.640370087831 3614.3457497404206
2470.640370087831 3614.3457497404206 2001.7291951850962 4253.478861319026
2001.7291951850962 4253.478861319026 3075.128059225326 4170.417740399944
3075.128059225326 4170.417740399944 4158.833046468283 4096.625956408761
4366.044745677904 4009.566961554539 5473.4550490441525 2968.6118604659214
5473.4550490441525 2968.6118604659214 4158.833046468283 3399.604582783689
4158.833046468283 3399.604582783689 4366.044745677904 4009.566961554539
5643.0172245075055 3445.57611923767 5717.074446468875 3212.882779169838
5717.074446468875 3212.882779169838 5783.0605007217055 2968.6118604659214
5783.0605007217055 2968.6118604659214 5473.4550490441525 3138.3186753248747
5473.4550490441525 3138.3186753248747 5555.348653852609 3291.205301733818
5555.348653852609 3291.205301733818 5643.0172245075055 3445.57611923767
6066.601207638576 2968.6118604659214 5931.124639007581 3255.346480229212
5931.124639007581 3255.346480229212 5783.0605007217055 3543.261874607615
5783.0605007217055 3543.261874607615 6023.286453133499 3565.8255894849526
6023.286453133499 3565.8255894849526 6253.868250366043 3592.367611127501
6253.868250366043 3592.367611127501 6161.431337834573 3277.415248147193
6161.431337834573 3277.415248147193 6066.601207638576 2968.6118604659214
6253.868250366043 2968.6118604659214 7475.942580444655 4331.172755173794
7475.942580444655 4331.172755173794 7805.9998939178795 3947.3963708257606
7805.9998939178795 3947.3963708257606 6253.868250366043 2968.6118604659214
7805.9998939178795 2968.6118604659214 7984.2103878884 3305.1605695947883
7984.2103878884 3305.1605695947883 8174.114199320225 3645.55324737872
8174.114199320225 3645.55324737872 8606.097903802827 3439.183778439557
8606.097903802827 3439.183778439557 9038.48390402309 3243.110679004028
9038.48390402309 3243.110679004028 8417.687243094822 3102.424841017041
8417.687243094822 3102.424841017041 7805.9998939178795 2968.6118604659214
1659.5966374454574 4989.093144773396 867.3443579070841 5102.655247347578
867.3443579070841 5102.655247347578 84.89728338704958 5202.356342112908
84.89728338704958 5202.356342112908 37.82795773461203 5221.905883411926
37.82795773461203 5221.905883411926 0.0 5245.24297810495
0.0 5245.24297810495 986.8596028172365 5688.8763153234595
986.8596028172365 5688.8763153234595 1983.3300214990309 6130.962350742234
1983.3300214990309 6130.962350742234 1825.4305690892793 5563.602328227571
1825.4305690892793 5563.602328227571 1659.5966374454574 4989.093144773396
1983.3300214990309 5073.833760095491 2127.27043065965 6338.356592379167
2127.27043065965 6338.356592379167 2759.179406813737 5700.3403640928445
2759.179406813737 5700.3403640928445 2666.622577008434 4989.093144773396
2666.622577008434 4989.093144773396 1983.3300214990309 5073.833760095491
3025.671473788488 4989.093144773396 2759.179406813737 5896.391009948295
2759.179406813737 5896.391009948295 3126.6599643848185 7045.976960500384
3126.6599643848185 7045.976960500384 3688.2121224270736 5179.732334519465
3688.2121224270736 5179.732334519465 3025.671473788488 4989.093144773396
4414.842990856881 4989.093144773396 3688.2121224270736 6259.940385094738
3688.2121224270736 6259.940385094738 4466.8410988112955 6121.196047650289
4466.8410988112955 6121.196047650289 4945.0352455345965 5290.12155713183
4945.0352455345965 5290.12155713183 4414.842990856881 4989.093144773396
6342.90825322564 5795.356428662862 6305.780171937532 4989.0931447733965
6305.780171937532 4989.0931447733965 5102.289679873702 5057.035844279669
5102.289679873702 5057.035844279669 4945.0352455345965 5866.333219726139
4945.0352455345965 5866.333219726139 6342.90825322564 5795.356428662862
7408.201549333953 5549.594767364842 7075.429642148245 5265.17411786652
7075.429642148245 5265.17411786652 6741.680286781338 4989.093144773396
6741.680286781338 4989.093144773396 6538.605602152418 5234.0588406968045
6538.605602152418 5234.0588406968045 6342.908253225639 5487.093082926787
6342.908253225639 5487.093082926787 6882.748834031848 5516.849985586733
6882.748834031848 5516.849985586733 7408.201549333953 5549.594767364842
8283.963421737262 5912.77310650991 8144.182780165457 5450.79244971942
8144.182780165457 5450.79244971942 7998.263806100597 4989.093144773396
7998.263806100597 4989.093144773396 7701.185886419677 5182.8346989212105
7701.185886419677 5182.8346989212105 7408.201549333954 5370.577405392346
7408.201549333954 5370.577405392346 7846.4816085761495 5638.676886402721
7846.4816085761495 5638.676886402721 8283.963421737262 5912.77310650991
9775.240053200358 5208.496289490667 8283.963421737262 4989.093144773396
8283.963421737262 4989.093144773396 9113.906161463672 5844.66010661065
9113.906161463672 5844.66010661065 9775.240053200358 5208.496289490667
730.0806791941892 7045.976960500385 0.0 7746.166886135215
0.0 7746.166886135215 2276.226074821883 9343.068374079912
2276.226074821883 9343.068374079912 2303.4689418047415 9322.45482281172
2303.4689418047415 9322.45482281172 730.0806791941892 7045.976960500385
2303.4689418047415 7558.928685137709 2965.2397151586215 7694.834089004945
2965.2397151586215 7694.834089004945 3631.824264158201 7814.612887330028
3631.824264158201 7814.612887330028 3689.183898290005 7431.913830533615
3689.183898290005 7431.913830533615 3745.6401057870357 7045.976960500385
3745.6401057870357 7045.976960500385 3026.307084194675 7308.0285297577375
3026.307084194675 7308.0285297577375 2303.4689418047415 7558.928685137709
4176.231514289184 7045.976960500385 3745.6401057870357 8147.626660140864
3745.6401057870357 8147.626660140864 4979.739446337661 7365.723459706319
4979.739446337661 7365.723459706319 4176.231514289184 7045.976960500385
5591.909743526551 9186.376668210438 6411.788161624101 7045.976960500384
6411.788161624101 7045.976960500384 4979.739446337661 7377.078760846856
4979.739446337661 7377.078760846856 5591.909743526551 9186.376668210438
8785.2176774671 8125.826824657083 7408.044638476753 7045.976960500385
7408.044638476753 7045.976960500385 6411.788161624101 8305.037462877766
6411.788161624101 8305.037462877766 7804.772306658152 9363.798783274786
7804.772306658152 9363.798783274786 8785.2176774671 8125.826824657083
1881.3082576312916 9363.798783274786 945.6369182984926 10182.810040286196
945.6369182984926 10182.810040286196 0.0 11003.389162286683
0.0 11003.389162286683 974.4274828350524 10954.02244145443
974.4274828350524 10954.02244145443 1959.9365847048282 10909.116659739635
1959.9365847048282 10909.116659739635 1914.0524788820364 10138.522392505001
1914.0524788820364 10138.522392505001 1881.3082576312916 9363.798783274786
3325.6802656960376 10202.135628136466 3325.2359027833354 9785.66827003337
3325.2359027833354 9785.66827003337 3319.708545974977 9363.798783274786
3319.708545974977 9363.798783274786 2648.1168735169526 9678.332938421978
2648.1168735169526 9678.332938421978 1959.936584704828 9988.572117430867
1959.936584704828 9988.572117430867 1979.126997159593 10019.522314301024
1979.126997159593 10019.522314301024 1989.0752581647257 10045.929617461474
1989.0752581647257 10045.929617461474 2655.9888680609965 10128.524238220585
2655.9888680609965 10128.524238220585 3325.6802656960376 10202.135628136466
5633.268586084126 9422.972276088725 5596.592651870967 9363.798783274786
5596.592651870967 9363.798783274786 3325.6802656960376 10059.7129789191
3325.6802656960376 10059.7129789191 3832.828132469329 10749.248406882904
3832.828132469329 10749.248406882904 5633.268586084126 9422.972276088725
5633.268586084126 10621.751216090497 6534.49082138606 10565.270934705857
6534.49082138606 10565.270934705857 7425.460949713523 10506.359293215146
7425.460949713523 10506.359293215146 7555.210111392849 9958.645407914146
7555.210111392849 9958.645407914146 7676.45353303805 9403.703066884493
7676.45353303805 9403.703066884493 7661.67781008545 9384.91316602798
7661.67781008545 9384.91316602798 7646.461656609285 9363.798783274786
7646.461656609285 9363.798783274786 6640.154012138801 9993.37440914637
6640.154012138801 9993.37440914637 5633.268586084126 10621.751216090497
8453.686143953666 9363.798783274786 7676.4535330380495 11138.62869917732
7676.4535330380495 11138.62869917732 8349.390088982902 11623.250546197787
8349.390088982902 11623.250546197787 8453.686143953666 9363.798783274786
8453.686143953666 9686.8719991576 8876.99656383518 10617.726486047126
8876.99656383518 10617.726486047126 9301.007375087598 11544.818465666049
9301.007375087598 11544.818465666049 9762.41749910037 11629.825387842104
9762.41749910037 11629.825387842104 10225.49813707777 11702.41157888871
10225.49813707777 11702.41157888871 9685.964120686403 10532.076694170984
9685.964120686403 10532.076694170984 9151.66718683857 9363.798783274786
9151.66718683857 9363.798783274786 8807.059463319682 9524.5476857106
8807.059463319682 9524.5476857106 8453.686143953666 9686.8719991576
0.0 12756.730609274859 745.735683629337 12287.158414103103
745.735683629337 12287.158414103103 1491.7914009012518 11811.445719894344
1491.7914009012518 11811.445719894344 787.9745777102515 11755.763736586096
787.9745777102515 11755.763736586096 68.08603521637058 11702.41157888871
68.08603521637058 11702.41157888871 30.587144553688127 12234.97928330409
30.587144553688127 12234.97928330409 0.0 12756.730609274859
1884.1341877373766 12258.46492963736 2440.502954517373 11880.806276189167
2440.502954517373 11880.806276189167 1491.7914009012518 11702.41157888871
1491.7914009012518 11702.41157888871 1884.1341877373766 12258.46492963736
3925.6455436345327 12064.49838852388 3643.942372926272 11882.257842200313
3643.942372926272 11882.257842200313 3360.3182849827945 11702.41157888871
3360.3182849827945 11702.41157888871 2440.502954517373 12155.761805691986
2440.502954517373 12155.761805691986 2561.9891057063533 12414.8696148626
2561.9891057063533 12414.8696148626 2681.8832948494705 12664.86729111647
2681.8832948494705 12664.86729111647 3309.256225476777 12367.395091475564
3309.256225476777 12367.395091475564 3925.6455436345327 12064.49838852388
5084.430746661635 11702.41157888871 4828.978249071783 11717.60699337505
4828.978249071783 11717.60699337505 4580.381596517974 11729.954849599468
4580.381596517974 11729.954849599468 3925.6455436345323 12770.201627268942
3925.6455436345323 12770.201627268942 3964.087403610366 13467.841080606959
3964.087403610366 13467.841080606959 3998.5880931295696 14172.02403814379
3998.5880931295696 14172.02403814379 4599.226050013146 14146.874196127976
4599.226050013146 14146.874196127976 5205.039448456937 14112.367381344338
5205.039448456937 14112.367381344338 5141.470823153025 12910.168165403555
5141.470823153025 12910.168165403555 5084.430746661635 11702.41157888871
7482.873753276281 11702.41157888871 6223.246547814768 11757.808315283075
6223.246547814768 11757.808315283075 5205.039448456937 12510.004099330166
5205.039448456937 12510.004099330166 7514.589112843179 12396.207268404329
7514.589112843179 12396.207268404329 7482.873753276281 11702.41157888871
8937.338995353692 12963.945047587755 7580.971515721829 11702.41157888871
7580.971515721829 11702.41157888871 7514.5891128431795 12561.15352489754
7514.5891128431795 12561.15352489754 8479.380083132392 13455.767704995915
8479.380083132392 13455.767704995915 8937.338995353692 12963.945047587755
0.0 14940.627861814157 1134.551839586428 15012.967208105541
1134.551839586428 15012.967208105541 2267.720526134101 15087.03227436738
2267.720526134101 15087.03227436738 2300.889329123275 14706.422985025321
2300.889329123275 14706.422985025321 2323.997701104208 14319.808502587253
2323.997701104208 14319.808502587253 1185.8709565595561 14244.023001382691
1185.8709565595561 14244.023001382691 45.351944005791246 14172.02403814379
45.351944005791246 14172.02403814379 19.234764599865365 14556.472676435502
19.234764599865365 14556.472676435502 0.0 14940.627861814157
2862.149030690024 15730.325725859497 2667.46209230163 14949.055680925845
2667.46209230163 14949.055680925845 2478.581765676016 14172.02403814379
2478.581765676016 14172.02403814379 2323.997701104208 15864.262364007507
2323.997701104208 15864.262364007507 2591.135708499426 15794.261310383921
2591.135708499426 15794.261310383921 2862.149030690024 15730.325725859497
2862.149030690024 16082.168105994568 2966.41506460097 16071.305254922241
2966.41506460097 16071.305254922241 3086.9144904343607 16047.458027987404
3086.9144904343607 16047.458027987404 3297.032747577929 15817.037533728128
3297.032747577929 15817.037533728128 3510.162578767921 15593.251463996608
3510.162578767921 15593.251463996608 3406.225315554135 14883.957832954824
3406.225315554135 14883.957832954824 3314.6699135352555 14181.182059358496
3314.6699135352555 14181.182059358496 3257.6891280364507 14172.02403814379
3257.6891280364507 14172.02403814379 3054.1038695604693 15129.280379775148
3054.1038695604693 15129.280379775148 2862.149030690024 16082.168105994568
