308
0.0 0.0 436.13841523832707 994.8769232549946
436.13841523832707 994.8769232549946 872.8673548975769 1990.7180056152317
872.8673548975769 1990.7180056152317 1243.381094134598 1411.6163935706645
1243.381094134598 1411.6163935706645 1612.3468675026718 815.6801125682463
1612.3468675026718 815.6801125682463 0.0 0.0
2445.1237126157307 1996.4297816796325 2642.70805149062 1101.7731056122493
2642.70805149062 1101.7731056122493 2208.1545765810497 0.0
2208.1545765810497 0.0 1793.346867502672 1859.1805438847923
1793.346867502672 1859.1805438847923 2445.1237126157307 1996.4297816796325
2813.7080514906197 1468.5690120211952 3189.994913840203 1398.2692306414426
3189.994913840203 1398.2692306414426 3573.603973347189 1320.720649473704
3573.603973347189 1320.720649473704 3772.020743946875 779.2317701070845
3772.020743946875 779.2317701070845 3980.917273093196 226.38036169434736
3980.917273093196 226.38036169434736 3677.750092089769 115.56104045268967
3677.750092089769 115.56104045268967 3370.170635520427 0.0
3370.170635520427 0.0 3097.399667725959 729.3798804307204
3097.399667725959 729.3798804307204 2813.7080514906197 1468.5690120211952
5306.021963319824 2019.224576011452 5524.354011160989 1780.295587982592
5524.354011160989 1780.295587982592 5751.328840813396 1540.817654447639
5751.328840813396 1540.817654447639 5599.480583066976 1133.57323824667
5599.480583066976 1133.57323824667 5439.49725880883 722.8638423448431
5439.49725880883 722.8638423448431 5152.149834975321 367.1035335476363
5152.149834975321 367.1035335476363 4865.208686567159 0.0
4865.208686567159 0.0 4507.876143456169 293.042142591431
4507.876143456169 293.042142591431 4140.917273093196 582.5081832004273
4140.917273093196 582.5081832004273 4720.7974621908215 1299.4681511165204
4720.7974621908215 1299.4681511165204 5306.021963319824 2019.224576011452
6515.611133275945 0.0 6292.3448892837305 925.1461300255148
6292.3448892837305 925.1461300255148 6068.328840813396 1843.9838616348966
6068.328840813396 1843.9838616348966 6434.239811161088 2023.1884235347504
6434.239811161088 2023.1884235347504 6804.172110557295 2192.3506176222854
6804.172110557295 2192.3506176222854 6515.611133275945 0.0
8046.843451304647 0.0 7500.740601249365 239.97652296803352
7500.740601249365 239.97652296803352 6952.172110557295 480.89519014516463
6952.172110557295 480.89519014516463 7681.770432617826 646.0894967331495
7681.770432617826 646.0894967331495 8401.35238969171 810.3959956280173
8401.35238969171 810.3959956280173 8227.461628859943 403.7311303613525
8227.461628859943 403.7311303613525 8046.843451304647 0.0
9237.787886372116 0.0 8699.35238969171 636.199801339518
8699.35238969171 636.199801339518 10133.049338211074 1039.5595985374553
10133.049338211074 1039.5595985374553 10154.22260899104 984.5324796114996
10154.22260899104 984.5324796114996 9237.787886372116 0.0
11128.954243177028 693.0248622989988 10886.218890278646 0.0
10886.218890278646 0.0 10460.22260899104 352.1960075402275
10460.22260899104 352.1960075402275 11128.954243177028 693.0248622989988
693.198393316573 4405.587511930052 858.2036990781764 3452.275378553448
858.2036990781764 3452.275378553448 1034.943736347358 2505.3506176222854
1034.943736347358 2505.3506176222854 635.9864421099985 2716.037026019051
635.9864421099985 2716.037026019051 241.33842708388772 2927.9975142432895
241.33842708388772 2927.9975142432895 122.45179548252656 3602.007660243771
122.45179548252656 3602.007660243771 0.0 4283.056378682012
0.0 4283.056378682012 343.0735446158792 4339.016061405358
343.0735446158792 4339.016061405358 693.198393316573 4405.587511930052
1393.3201948565813 4170.275863311395 2277.9269157312415 4144.648511049444
2277.9269157312415 4144.648511049444 3163.936291230789 4123.31276558362
3163.936291230789 4123.31276558362 3120.7972827345825 2505.350617622285
3120.7972827345825 2505.350617622285 2235.617049880064 2538.130624992028
2235.617049880064 2538.130624992028 1344.943736347358 2581.0831804711534
1344.943736347358 2581.0831804711534 1371.1817642439064 3375.888721333459
1371.1817642439064 3375.888721333459 1393.3201948565813 4170.275863311395
5565.040602374568 3324.931710462779 4594.2379825667085 2584.663353331226
4594.2379825667085 2584.663353331226 3377.936291230789 2505.3506176222854
3377.936291230789 2505.3506176222854 5158.494660042805 3859.51922316232
5158.494660042805 3859.51922316232 5565.040602374568 3324.931710462779
6551.653034118388 4062.1253241966283 6586.053089137444 2505.3506176222854
6586.053089137444 2505.3506176222854 5822.040602374569 3492.7850964405648
5822.040602374569 3492.7850964405648 6551.653034118388 4062.1253241966283
7182.108463956081 2505.3506176222854 6948.242236433958 2954.6237541258724
6948.242236433958 2954.6237541258724 6716.053089137444 3405.0128200427403
6716.053089137444 3405.0128200427403 7052.3388419457915 3567.525963428898
7052.3388419457915 3567.525963428898 7392.647916245784 3724.9586232407405
7392.647916245784 3724.9586232407405 7287.955333893518 3115.147960800241
7287.955333893518 3115.147960800241 7182.108463956081 2505.3506176222854
7563.647916245784 2869.222335008556 7856.327300851609 4074.787337769122
7856.327300851609 4074.787337769122 8143.359821019557 5282.091407700851
8143.359821019557 5282.091407700851 8825.7783491056 5428.867533489652
8825.7783491056 5428.867533489652 9492.779310326849 5592.02206346055
9492.779310326849 5592.02206346055 9652.382418929219 5546.2745255298505
9652.382418929219 5546.2745255298505 9818.599552419604 5509.4995874133965
9818.599552419604 5509.4995874133965 9448.548264151119 4011.5542449251093
9448.548264151119 4011.5542449251093 9089.97192995144 2505.3506176222854
9089.97192995144 2505.3506176222854 8325.055851488858 2692.099471357656
8325.055851488858 2692.099471357656 7563.647916245784 2869.222335008556
9962.599552419604 2545.551829682874 10023.181710477931 3342.914934966303
10023.181710477931 3342.914934966303 10080.355219818279 4130.364167729062
10080.355219818279 4130.364167729062 10294.897046823173 3325.0136109892796
10294.897046823173 3325.0136109892796 10514.529241709875 2505.3506176222854
10514.529241709875 2505.3506176222854 10236.524494039602 2531.2239556334503
10236.524494039602 2531.2239556334503 9962.599552419604 2545.551829682874
2462.633611037912 7005.9232366174265 1708.5218896277706 6438.656105376143
1708.5218896277706 6438.656105376143 946.0755388325383 5875.02206346055
946.0755388325383 5875.02206346055 473.2089325467682 6232.743020503886
473.2089325467682 6232.743020503886 11.637283337316148 6592.914098811536
11.637283337316148 6592.914098811536 4.10846860768379 6614.458356653544
4.10846860768379 6614.458356653544 0.0 6647.466370783073
0.0 6647.466370783073 1227.8056052901425 6823.919570099666
1227.8056052901425 6823.919570099666 2462.633611037912 7005.9232366174265
4457.71913001918 6856.934036991988 4469.8268509560785 6747.876548180409
4469.8268509560785 6747.876548180409 4491.234577927129 6630.97406317789
4491.234577927129 6630.97406317789 4180.598720999239 6103.069357839573
4180.598720999239 6103.069357839573 3480.3920650778527 5984.440036413547
3480.3920650778527 5984.440036413547 2790.122370602823 5875.02206346055
2790.122370602823 5875.02206346055 2771.2541671261315 5894.957489986564
2771.2541671261315 5894.957489986564 2763.6336110379125 5915.943959342137
2763.6336110379125 5915.943959342137 3612.53566876119 6383.66944416918
3612.53566876119 6383.66944416918 4457.71913001918 6856.934036991988
5872.376281201219 6221.651653788599 5324.757436667126 6045.528533917023
5324.757436667126 6045.528533917023 4779.234577927128 5875.02206346055
4779.234577927128 5875.02206346055 4927.536532245342 6246.746250764065
4927.536532245342 6246.746250764065 5070.640470273712 6622.533051624003
5070.640470273712 6622.533051624003 5373.281512646045 6720.023728179794
5373.281512646045 6720.023728179794 5683.449502770602 6814.783474591644
5683.449502770602 6814.783474591644 5783.087496326194 6521.3109690348165
5783.087496326194 6521.3109690348165 5872.376281201219 6221.651653788599
6365.907174262679 5875.02206346055 6171.276039488429 6553.773039905688
6171.276039488429 6553.773039905688 5980.376281201218 7244.913029661309
5980.376281201218 7244.913029661309 6429.03322982579 6907.106783861791
6429.03322982579 6907.106783861791 6888.000373285509 6568.82859345391
6888.000373285509 6568.82859345391 6624.44610615764 6221.000547098929
6624.44610615764 6221.000547098929 6365.907174262679 5875.02206346055
7418.4384388549715 5875.02206346055 7290.332427268572 6722.481190182616
7290.332427268572 6722.481190182616 7156.000373285509 7566.37230909133
7156.000373285509 7566.37230909133 7590.678534421992 6927.997113590778
7590.678534421992 6927.997113590778 8018.80837418389 6276.254862728004
8018.80837418389 6276.254862728004 7723.979388237666 6074.724227505638
7723.979388237666 6074.724227505638 7418.4384388549715 5875.02206346055
8636.54703435569 6641.561652536522 8919.327797443893 6259.954311774848
8919.327797443893 6259.954311774848 9212.990975744633 5875.02206346055
9212.990975744633 5875.02206346055 8808.667712875602 5894.780297749359
8808.667712875602 5894.780297749359 8412.457361445984 5915.404401818901
8412.457361445984 5915.404401818901 8275.6165738692 6095.1924009909735
8275.6165738692 6095.1924009909735 8139.808374183889 6275.885332769997
8139.808374183889 6275.885332769997 8388.624062954425 6465.5072720131775
8388.624062954425 6465.5072720131775 8636.54703435569 6641.561652536522
403.6304365287744 9736.458630562538 1588.7935024642757 9404.654234805692
1588.7935024642757 9404.654234805692 2784.930166640413 9071.469595736558
2784.930166640413 9071.469595736558 2237.739393618758 8451.58355390266
2237.739393618758 8451.58355390266 1704.524943971864 7834.37230909133
1704.524943971864 7834.37230909133 850.8225977663587 8067.929430164143
850.8225977663587 8067.929430164143 0.0 8308.885272489993
0.0 8308.885272489993 202.1109060521397 9017.074508852616
202.1109060521397 9017.074508852616 403.6304365287744 9736.458630562538
4828.032606729143 9388.405026185608 5171.178649044253 8692.71150817214
5171.178649044253 8692.71150817214 4358.536306609124 7834.372309091329
4358.536306609124 7834.372309091329 2929.9301666404126 8459.820301899304
2929.9301666404126 8459.820301899304 4828.032606729143 9388.405026185608
5320.178649044253 8345.510910929994 6008.837153217672 9087.335579981509
6008.837153217672 9087.335579981509 6694.640713097075 9836.637046808457
6694.640713097075 9836.637046808457 7145.528161546085 9771.655660544215
7145.528161546085 9771.655660544215 7604.7120225979525 9707.959069968343
7604.7120225979525 9707.959069968343 6738.602313624537 8769.85001610732
6738.602313624537 8769.85001610732 5887.812042776124 7834.37230909133
5887.812042776124 7834.37230909133 5599.580042938999 8091.841759157335
5599.580042938999 8091.841759157335 5320.178649044253 8345.510910929994
8940.564863695101 9275.556330238569 9475.410272867086 8600.320343687476
9475.410272867086 8600.320343687476 10018.150801214812 7929.228340059277
10018.150801214812 7929.228340059277 10030.121284198905 7884.049689914706
10030.121284198905 7884.049689914706 10047.938984254626 7834.372309091329
10047.938984254626 7834.372309091329 7824.712022597952 8622.757472481611
7824.712022597952 8622.757472481611 8381.040238089614 8946.56309195405
8381.040238089614 8946.56309195405 8940.564863695101 9275.556330238569
0.0 10586.953365455318 19.344607309542038 10679.956045530766
19.344607309542038 10679.956045530766 2014.1184905896353 11385.167397721994
2014.1184905896353 11385.167397721994 2393.368672615215 10126.637046808457
2393.368672615215 10126.637046808457 0.0 10586.953365455318
3234.8175256702348 10126.637046808457 2929.465677885404 10944.23145957251
2929.465677885404 10944.23145957251 2628.368672615215 11764.235108202975
2628.368672615215 11764.235108202975 2645.8343673259046 11758.614667959626
2645.8343673259046 11758.614667959626 2675.6345954024646 11760.475458209374
2675.6345954024646 11760.475458209374 3153.1039082517796 11182.321844520673
3153.1039082517796 11182.321844520673 3633.2988821722315 10592.052199494909
3633.2988821722315 10592.052199494909 3436.244696546005 10368.481678922684
3436.244696546005 10368.481678922684 3234.8175256702348 10126.637046808457
3857.6780842811363 10126.637046808457 3801.2988821722315 10177.842965195994
3801.2988821722315 10177.842965195994 4795.769528591295 12359.998736236093
4795.769528591295 12359.998736236093 5426.795614192739 11762.34218728387
5426.795614192739 11762.34218728387 3857.6780842811363 10126.637046808457
6807.0489571498 10178.194812170344 6719.7743706942965 10150.639983167188
6719.7743706942965 10150.639983167188 6634.417417705465 10126.637046808457
6634.417417705465 10126.637046808457 6320.382502218235 10240.670887631408
6320.382502218235 10240.670887631408 6012.521601171995 10362.005350758634
6012.521601171995 10362.005350758634 5807.2274165353765 11044.899413415627
5807.2274165353765 11044.899413415627 5614.795614192739 11722.364985198925
5614.795614192739 11722.364985198925 5643.723208296702 11746.055525092233
5643.723208296702 11746.055525092233 5670.084627606788 11761.467392795028
5670.084627606788 11761.467392795028 6244.045613056425 10969.907586133533
6244.045613056425 10969.907586133533 6807.0489571498 10178.194812170344
7198.223970508629 10601.646268188028 7199.42036107672 10126.637046808457
7199.42036107672 10126.637046808457 6954.0489571498 10359.638749151803
6954.0489571498 10359.638749151803 7198.223970508629 10601.646268188028
8710.549858760607 11744.59793580011 8266.891461393721 10938.925103304442
8266.891461393721 10938.925103304442 7830.648223351898 10126.637046808457
7830.648223351898 10126.637046808457 7625.072247548538 10270.94109599028
7625.072247548538 10270.94109599028 7424.42036107672 10421.466461744987
7424.42036107672 10421.466461744987 8066.894406042544 11080.943007147125
8066.894406042544 11080.943007147125 8710.549858760607 11744.59793580011
8947.549858760605 10726.00357908541 9675.222099856339 11014.918375819132
9675.222099856339 11014.918375819132 10407.969332177367 11305.538638550464
10407.969332177367 11305.538638550464 10277.533821647896 10905.073162235978
10277.533821647896 10905.073162235978 10149.382182828396 10500.994433485741
10149.382182828396 10500.994433485741 9668.565946255208 10310.537748318979
9668.565946255208 10310.537748318979 9191.165636502774 10126.637046808457
9191.165636502774 10126.637046808457 9070.824026933982 10428.080791516773
9070.824026933982 10428.080791516773 8947.549858760605 10726.00357908541
1691.5930380888296 12626.998736236092 841.8419211308118 13225.374670252122
841.8419211308118 13225.374670252122 0.0 13816.465972373826
0.0 13816.465972373826 200.41413622665414 14109.007462065729
200.41413622665414 14109.007462065729 402.7913364178421 14390.417169330067
402.7913364178421 14390.417169330067 1249.320886138652 13796.466091126815
1249.320886138652 13796.466091126815 2089.1556726134413 13199.085394844544
2089.1556726134413 13199.085394844544 1891.6812269124641 12910.21643495588
1891.6812269124641 12910.21643495588 1691.5930380888296 12626.998736236092
2359.789706400946 12626.998736236092 2325.1556726134413 13062.886583937485
2325.1556726134413 13062.886583937485 3149.395943741904 13759.859396370139
3149.395943741904 13759.859396370139 4387.786350672243 13858.60139789937
4387.786350672243 13858.60139789937 4471.915419781491 12806.230161562438
4471.915419781491 12806.230161562438 2359.789706400946 12626.998736236092
5819.63873628997 12762.462539845836 5379.885771437284 12702.606504352576
5379.885771437284 12702.606504352576 4942.131756631432 12626.998736236092
4942.131756631432 12626.998736236092 4813.946959243619 13163.570278280054
4813.946959243619 13163.570278280054 4692.915419781491 13702.612960612154
4692.915419781491 13702.612960612154 5255.1534198467025 13230.742056689407
5255.1534198467025 13230.742056689407 5819.63873628997 12762.462539845836
6173.479135616699 12626.998736236092 6114.878785549443 13369.234653126954
6114.878785549443 13369.234653126954 6065.638736289971 14107.38267471118
6065.638736289971 14107.38267471118 6430.826909963219 14126.395953824302
6430.826909963219 14126.395953824302 6786.3138715208925 14155.668564509802
6786.3138715208925 14155.668564509802 6836.575630037427 13415.184727829203
6836.575630037427 13415.184727829203 6891.245029911748 12681.59116953277
6891.245029911748 12681.59116953277 6526.169165658385 12657.075168303578
6526.169165658385 12657.075168303578 6173.479135616699 12626.998736236092
8467.004508314225 13162.69526728403 7354.390315340389 12626.998736236092
7354.390315340389 12626.998736236092 7079.245029911747 13272.838993416908
7079.245029911747 13272.838993416908 8467.004508314225 13162.69526728403
10078.359892003318 13275.890868904742 9901.209686565486 12949.689809095826
9901.209686565486 12949.689809095826 9714.51398605435 12626.998736236092
9714.51398605435 12626.998736236092 9228.502637669506 12899.604149141811
9228.502637669506 12899.604149141811 8745.004508314225 13175.015450318684
8745.004508314225 13175.015450318684 8845.300405219434 13542.99928999691
8845.300405219434 13542.99928999691 8950.886197721178 13913.822295254398
8950.886197721178 13913.822295254398 9515.111782633418 13598.21238837246
9515.111782633418 13598.21238837246 10078.359892003318 13275.890868904742
10308.359892003318 12626.998736236092 10435.065463619912 13155.455761501413
10435.065463619912 13155.455761501413 10561.561197957131 13679.78078493877
10561.561197957131 13679.78078493877 10909.552528932343 12898.936790312997
10909.552528932343 12898.936790312997 10614.420755013234 12756.740927144956
10614.420755013234 12756.740927144956 10308.359892003318 12626.998736236092
0.0 14562.425600351597 45.663385595325614 15483.957991127449
45.663385595325614 15483.957991127449 89.93736363381612 16406.156296573936
89.93736363381612 16406.156296573936 668.2583436674047 16432.28827024974
668.2583436674047 16432.28827024974 1258.7031421164495 16465.047255278445
1258.7031421164495 16465.047255278445 1203.7747153597018 15489.655403971045
1203.7747153597018 15489.655403971045 1163.1416497438047 14511.417169330069
1163.1416497438047 14511.417169330069 578.8970417531324 14538.126964966386
578.8970417531324 14538.126964966386 0.0 14562.425600351597
3570.6150728182392 14511.417169330069 1519.7031421164493 14825.937533975959
1519.7031421164493 14825.937533975959 2223.3554557977977 15491.218906983408
2223.3554557977977 15491.218906983408 3689.769964713605 15266.517993972202
3689.769964713605 15266.517993972202 3570.6150728182392 14511.417169330069
5754.3328017685835 14511.417169330069 4801.9029998201095 15196.869586571469
4801.9029998201095 15196.869586571469 3851.769964713605 15893.447233608884
3851.769964713605 15893.447233608884 4946.828365914744 15565.108816273538
4946.828365914744 15565.108816273538 6040.488371698283 15242.734940452196
6040.488371698283 15242.734940452196 5892.154726576106 14872.002344749966
5892.154726576106 14872.002344749966 5754.3328017685835 14511.417169330069
6421.176363667665 15154.143534603196 6737.455270610366 15047.86637239941
6737.455270610366 15047.86637239941 7070.130435479006 14933.025715361071
7070.130435479006 14933.025715361071 6623.92271388932 14720.161823326376
6623.92271388932 14720.161823326376 6195.488371698283 14511.417169330069
6195.488371698283 14511.417169330069 6308.043859334241 14829.380380626453
6308.043859334241 14829.380380626453 6421.176363667665 15154.143534603196
7315.130435479006 17108.17007436024 8281.035109327215 17114.23747985085
8281.035109327215 17114.23747985085 7807.729920337516 14517.17753966451
7807.729920337516 14517.17753966451 7777.098862354676 14511.41716933007
7777.098862354676 14511.41716933007 7315.130435479006 17108.17007436024
8580.035109327215 14692.50502453685 8713.51629481039 15596.838658272492
8713.51629481039 15596.838658272492 8844.918429572397 16508.052050371447
8844.918429572397 16508.052050371447 9713.639927402119 16104.041843991396
9713.639927402119 16104.041843991396 10577.871141155187 15692.055440884475
10577.871141155187 15692.055440884475 10207.9218174068 15100.855311898253
10207.9218174068 15100.855311898253 9848.729367796264 14511.417169330069
9848.729367796264 14511.417169330069 9208.891215793717 14598.502083569098
9208.891215793717 14598.502083569098 8580.035109327215 14692.50502453685
1872.6291003661602 18192.09638902937 825.9058397388178 17276.237479850846
825.9058397388178 17276.237479850846 0.0 17564.560255895416
0.0 17564.560255895416 1365.76311216451 18768.851646932762
1365.76311216451 18768.851646932762 1872.6291003661602 18192.09638902937
2571.7909188671174 19497.18849668344 2765.9263241188796 18386.014063203245
2765.9263241188796 18386.014063203245 2952.5962311498256 17276.237479850846
2952.5962311498256 17276.237479850846 2469.3782462039644 17420.287597022107
2469.3782462039644 17420.287597022107 1989.62910036616 17569.07742918741
1989.62910036616 17569.07742918741 2282.3280578798326 18534.56367678745
2282.3280578798326 18534.56367678745 2571.7909188671174 19497.18849668344
4030.976278361187 17276.237479850846 3546.1645891252974 17369.77051358989
3546.1645891252974 17369.77051358989 3062.5962311498256 17470.02976594318
3062.5962311498256 17470.02976594318 3228.947189315737 17787.077023983198
3228.947189315737 17787.077023983198 3385.3431286584005 18110.97726763353
3385.3431286584005 18110.97726763353 3706.768800264941 17688.883725513944
3706.768800264941 17688.883725513944 4030.976278361187 17276.237479850846
5020.513307200999 18723.245866999157 4148.976278361187 17276.237479850846
4148.976278361187 17276.237479850846 4210.811855900589 19216.766899373026
4210.811855900589 19216.766899373026 5020.513307200999 18723.245866999157
5277.513307200999 17563.362705555814 6197.542722397941 18342.044791959703
6197.542722397941 18342.044791959703 7118.459857658871 19130.234494401928
7118.459857658871 19130.234494401928 6934.227760705922 18198.840812194652
6934.227760705922 18198.840812194652 6747.8997662348975 17276.237479850846
6747.8997662348975 17276.237479850846 6013.388064013598 17421.315218662206
6013.388064013598 17421.315218662206 5277.513307200999 17563.362705555814
