346
0.0 1197.6044512713197 47.917660090542505 1275.3118754438744
47.917660090542505 1275.3118754438744 2855.6634652318344 911.6235429167466
2855.6634652318344 911.6235429167466 2399.6778223983165 0.0
2399.6778223983165 0.0 0.0 1197.6044512713197
4906.400776533336 0.0 3028.6634652318344 1406.7686569559694
3028.6634652318344 1406.7686569559694 3145.150118363752 2039.0439543799944
3145.150118363752 2039.0439543799944 3260.6046696881403 2690.0301914333254
3260.6046696881403 2690.0301914333254 3348.5976130373474 2813.475776361423
3348.5976130373474 2813.475776361423 3444.846718453182 2940.8971027669018
3444.846718453182 2940.8971027669018 4620.827995532827 2058.5195718029
4620.827995532827 2058.5195718029 5790.103796069388 1185.0678876134657
5790.103796069388 1185.0678876134657 5349.488979231713 600.8304328033934
5349.488979231713 600.8304328033934 4906.400776533336 0.0
6021.103796069388 0.0 6359.633579326951 2341.0915584814447
6359.633579326951 2341.0915584814447 6807.478406712406 96.16282548799377
6807.478406712406 96.16282548799377 6021.103796069388 0.0
6934.478406712406 1523.6574525378367 7718.760415250137 1585.4837692269557
7718.760415250137 1585.4837692269557 8988.831337535154 558.2502933844877
8988.831337535154 558.2502933844877 8411.799199921783 0.0
8411.799199921783 0.0 6934.478406712406 1523.6574525378367
9633.672212971213 0.0 9448.380630146576 468.63226668096047
9448.380630146576 468.63226668096047 9261.831337535154 929.3368390811952
9261.831337535154 929.3368390811952 9606.508538151895 732.3025834554118
9606.508538151895 732.3025834554118 9944.349562557905 531.8719563046712
9944.349562557905 531.8719563046712 9789.885593117002 269.49436505834024
9789.885593117002 269.49436505834024 9633.672212971213 0.0
0.0 4501.96416437849 1466.2001181934552 5595.068546825583
1466.2001181934552 5595.068546825583 2466.0312701894386 4245.658329857753
2466.0312701894386 4245.658329857753 979.0980750492045 3181.897102766902
979.0980750492045 3181.897102766902 0.0 4501.96416437849
3275.2893023366837 3181.8971027669018 2956.049869041419 3878.981794813193
2956.049869041419 3878.981794813193 2622.031270189438 4576.977820317259
2622.031270189438 4576.977820317259 3196.449448260539 3993.0952039489434
3196.449448260539 3993.0952039489434 3759.9547423666413 3416.696661439563
3759.9547423666413 3416.696661439563 3515.7193260934623 3293.7930732067503
3515.7193260934623 3293.7930732067503 3275.2893023366837 3181.8971027669018
3869.9547423666418 3243.4336063654596 4311.0980885263725 3562.072150567702
4311.0980885263725 3562.072150567702 4260.578509217081 3181.8971027669018
4260.578509217081 3181.8971027669018 3869.9547423666418 3243.4336063654596
4495.0980885263725 3181.8971027669018 4777.496178235587 3891.3808551232232
4777.496178235587 3891.3808551232232 5053.404176260416 4594.732549510583
5053.404176260416 4594.732549510583 5091.447876479253 3906.75099071561
5091.447876479253 3906.75099071561 5133.436975811237 3226.363638283578
5133.436975811237 3226.363638283578 4818.956480028567 3201.760774617855
4818.956480028567 3201.760774617855 4495.0980885263725 3181.8971027669018
5305.436975811237 3330.2620802468427 5435.600310658901 3981.719583632201
5435.600310658901 3981.719583632201 5573.56268206596 4633.481327722368
5573.56268206596 4633.481327722368 5872.280509582269 4278.439745550618
5872.280509582269 4278.439745550618 6173.09964960542 3910.8192026379215
6173.09964960542 3910.8192026379215 6095.455101231155 3540.8213318500984
6095.455101231155 3540.8213318500984 6011.458232821373 3181.8971027669018
6011.458232821373 3181.8971027669018 5656.025957165165 3255.9977582465863
5656.025957165165 3255.9977582465863 5305.436975811237 3330.2620802468427
6955.209146143346 3910.609740509275 6528.60085782278 3181.8971027669013
6528.60085782278 3181.8971027669013 6404.0996496054195 3253.444842355744
6404.0996496054195 3253.444842355744 6835.204989124912 3975.910909546563
6835.204989124912 3975.910909546563 6955.209146143346 3910.609740509275
7124.2091461433465 3215.502443272167 7157.814081867998 4180.399026348219
7157.814081867998 4180.399026348219 7199.236905838373 5143.080022366831
7199.236905838373 5143.080022366831 7539.781403980856 4853.354030056953
7539.781403980856 4853.354030056953 7883.528453021386 4570.500864927348
7883.528453021386 4570.500864927348 7853.0509626874245 3880.5520373748354
7853.0509626874245 3880.5520373748354 7830.080865707568 3181.8971027669018
7830.080865707568 3181.8971027669018 7478.163916357257 3198.0921593348
7478.163916357257 3198.0921593348 7124.2091461433465 3215.502443272167
9112.67789785168 3589.9536376838296 8632.350433887766 3383.716994803
8632.350433887766 3383.716994803 8160.528453021385 3181.8971027669013
8160.528453021385 3181.8971027669013 8281.484949358337 3598.168802991725
8281.484949358337 3598.168802991725 8389.790331985998 4017.192980896289
8389.790331985998 4017.192980896289 8619.079052391002 4112.517778460535
8619.079052391002 4112.517778460535 8844.851972766695 4214.74015974686
8844.851972766695 4214.74015974686 8983.550615454877 3899.52574171163
8983.550615454877 3899.52574171163 9112.67789785168 3589.9536376838296
9804.092267901024 5343.304240872054 10519.51772887062 4701.9616753316495
10519.51772887062 4701.9616753316495 11233.91719552702 4045.6208312235167
11233.91719552702 4045.6208312235167 11178.308883613216 3618.2321620789826
11178.308883613216 3618.2321620789826 11118.552801563861 3181.8971027669013
11118.552801563861 3181.8971027669013 10220.86865033002 3992.6372011098692
10220.86865033002 3992.6372011098692 9322.67789785168 4809.35604817458
9322.67789785168 4809.35604817458 9560.019195393323 5078.067399778655
9560.019195393323 5078.067399778655 9804.092267901024 5343.304240872054
0.0 5986.8572241080965 192.18605727969276 7420.335252509745
192.18605727969276 7420.335252509745 1404.882099506456 7252.134567457922
1404.882099506456 7252.134567457922 1198.7238223134227 5823.068546825583
1198.7238223134227 5823.068546825583 0.0 5986.8572241080965
1591.882099506456 5987.94430592607 1737.497391017183 6413.060774067905
1737.497391017183 6413.060774067905 1893.003275389572 6841.366425552687
1893.003275389572 6841.366425552687 2118.0258002739315 6754.040479233989
2118.0258002739315 6754.040479233989 2356.521073997357 6678.686003441096
2356.521073997357 6678.686003441096 2202.331341753559 6254.541342993921
2202.331341753559 6254.541342993921 2051.6634569819707 5823.068546825583
2051.6634569819707 5823.068546825583 1827.188463726387 5908.828321205267
1827.188463726387 5908.828321205267 1591.882099506456 5987.94430592607
2688.873926812141 5823.068546825583 2625.326713082772 5906.527807040355
2625.326713082772 5906.527807040355 2565.521073997357 6003.416498122286
2565.521073997357 6003.416498122286 2589.7537795300027 6293.084919741055
2589.7537795300027 6293.084919741055 2612.0962042708447 6593.893917783974
2612.0962042708447 6593.893917783974 3163.253565592751 6991.1536411747065
3163.253565592751 6991.1536411747065 3725.005403636186 7381.998237461281
3725.005403636186 7381.998237461281 3744.2821245663317 7370.447949585276
3744.2821245663317 7370.447949585276 3767.6765233664255 7359.254278007483
3767.6765233664255 7359.254278007483 2688.873926812141 5823.068546825583
4056.676523366426 5859.429601527668 5790.961837322806 7948.267992042176
5790.961837322806 7948.267992042176 5741.507193306529 5823.068546825583
5741.507193306529 5823.068546825583 4056.676523366426 5859.429601527668
6589.519100796769 5823.068546825583 6301.323041918765 6510.593351040931
6301.323041918765 6510.593351040931 6010.961837322806 7184.2809582658365
6010.961837322806 7184.2809582658365 6396.934263560003 7071.230830976492
6396.934263560003 7071.230830976492 6772.539756581316 6963.694769772414
6772.539756581316 6963.694769772414 6969.982340236025 6512.785050768702
6969.982340236025 6512.785050768702 7152.513211254065 6063.954771156585
7152.513211254065 6063.954771156585 6869.45783666195 5944.3141995177375
6869.45783666195 5944.3141995177375 6589.519100796769 5823.068546825583
9160.963007545906 6164.220492778902 8283.820858562061 5994.401043540004
8283.820858562061 5994.401043540004 7401.513211254065 5823.068546825583
7401.513211254065 5823.068546825583 7409.265027783964 5842.107735879706
7409.265027783964 5842.107735879706 7409.686031083968 5861.1212703941455
7409.686031083968 5861.1212703941455 8752.074552521499 6649.463972811056
8752.074552521499 6649.463972811056 8955.921820147192 6402.855555468779
8955.921820147192 6402.855555468779 9160.963007545906 6164.220492778902
10286.148937075224 5823.068546825583 9370.963007545906 6099.153350505183
9370.963007545906 6099.153350505183 10594.01921285419 8424.833867885563
10594.01921285419 8424.833867885563 10629.049629782918 8416.407303936927
10629.049629782918 8416.407303936927 10286.148937075224 5823.068546825583
0.0 9432.8636133852 1131.2536588461317 9576.284920592972
1131.2536588461317 9576.284920592972 2267.0830404293815 9721.81996276831
2267.0830404293815 9721.81996276831 2319.9493893239824 9342.132300849686
2319.9493893239824 9342.132300849686 2368.0947933978646 8956.34279749408
2368.0947933978646 8956.34279749408 1229.3080418741617 8807.536841733358
1229.3080418741617 8807.536841733358 99.14312517356493 8670.833867885562
99.14312517356493 8670.833867885562 45.83804970871947 9054.125001598331
45.83804970871947 9054.125001598331 0.0 9432.8636133852
3442.512472050388 8670.833867885562 3098.5306349594825 8829.593852930735
3098.5306349594825 8829.593852930735 2749.807098992503 8982.76895032228
2749.807098992503 8982.76895032228 2672.8835867964126 9560.920880795187
2672.8835867964126 9560.920880795187 2598.0947933978646 10139.980539274111
2598.0947933978646 10139.980539274111 2921.642544722801 10176.463826739067
2921.642544722801 10176.463826739067 3237.064737549537 10222.33255324253
3237.064737549537 10222.33255324253 3340.852067239551 9448.832576508019
3340.852067239551 9448.832576508019 3442.512472050388 8670.833867885562
4860.957491889908 10650.96482466772 4573.060805246793 8707.65703620647
4573.060805246793 8707.65703620647 3729.512472050388 8670.833867885562
3729.512472050388 8670.833867885562 4860.957491889908 10650.96482466772
4994.957491889908 9354.656985887 5614.3424338585755 9698.57767435668
5614.3424338585755 9698.57767435668 6231.726927450122 10057.599221206294
6231.726927450122 10057.599221206294 6615.374067737854 9822.348908165908
6615.374067737854 9822.348908165908 6995.88622150572 9593.48682303756
6995.88622150572 9593.48682303756 6193.224387993537 9130.246568507144
6193.224387993537 9130.246568507144 5378.431644020831 8670.833867885562
5378.431644020831 8670.833867885562 5189.693090106626 9009.384508712388
5189.693090106626 9009.384508712388 4994.957491889908 9354.656985887
7919.871237318188 8670.833867885562 7160.886221505719 8971.754738988837
7160.886221505719 8971.754738988837 7193.546015483817 10209.639285981559
7193.546015483817 10209.639285981559 8735.685882178284 10731.37680539003
8735.685882178284 10731.37680539003 7919.871237318188 8670.833867885562
9822.894854846087 8670.833867885562 9014.685882178284 9434.950267532176
9014.685882178284 9434.950267532176 9711.762972768824 9858.213015319627
9711.762972768824 9858.213015319627 9822.894854846087 8670.833867885562
1668.1418325891545 10990.376805390031 78.16408277550477 11362.985457066701
78.16408277550477 11362.985457066701 0.0 11411.773560417443
0.0 11411.773560417443 2114.029796111424 12127.497497942952
2114.029796111424 12127.497497942952 1668.1418325891545 10990.376805390031
2743.650610042909 12054.344585717903 3362.240593620618 11272.125844781416
3362.240593620618 11272.125844781416 3012.1644111415217 10990.376805390031
3012.1644111415217 10990.376805390031 2384.029796111424 11776.47210300623
2384.029796111424 11776.47210300623 2743.650610042909 12054.344585717903
5378.065439776035 12103.629611125363 3781.7258425102937 10990.376805390031
3781.7258425102937 10990.376805390031 3541.240593620618 11466.121217607822
3541.240593620618 11466.121217607822 5378.065439776035 12103.629611125363
6826.265918210557 10990.376805390031 5592.694453631171 11706.55385937323
5592.694453631171 11706.55385937323 5534.065439776035 12290.095856690808
5534.065439776035 12290.095856690808 6181.149647579101 11644.429393087845
6181.149647579101 11644.429393087845 6826.265918210557 10990.376805390031
8611.845511453077 11413.468733697031 7937.954270624429 11203.598736264157
7937.954270624429 11203.598736264157 7263.8361949431255 10990.376805390031
7263.8361949431255 10990.376805390031 7162.112431103129 11317.987915954345
7162.112431103129 11317.987915954345 7056.265918210556 11651.739800196829
7056.265918210556 11651.739800196829 7732.737176388648 11865.198807866205
7732.737176388648 11865.198807866205 8408.286690047595 12074.224196394018
8408.286690047595 12074.224196394018 8511.768472101761 11750.077919805113
8511.768472101761 11750.077919805113 8611.845511453077 11413.468733697031
10368.78628714474 10990.376805390031 9551.727290454604 11549.344580760402
9551.727290454604 11549.344580760402 8733.845511453077 12107.532349577297
8733.845511453077 12107.532349577297 9540.502880117321 12758.858409658782
9540.502880117321 12758.858409658782 10339.682159270078 13407.40796221302
10339.682159270078 13407.40796221302 10743.14258393838 12763.95188005563
10743.14258393838 12763.95188005563 11152.263737239356 12135.326257447963
11152.263737239356 12135.326257447963 10755.938498721258 11563.090384666491
10755.938498721258 11563.090384666491 10368.78628714474 10990.376805390031
1310.6004857220598 13524.407962213018 653.3000868593696 13746.86995781958
653.3000868593696 13746.86995781958 0.0 13970.0840090614
0.0 13970.0840090614 147.72156899047945 14337.663299695387
147.72156899047945 14337.663299695387 288.71500721477173 14700.530412265334
288.71500721477173 14700.530412265334 1310.6004857220598 13524.407962213018
3276.2839754610936 13524.407962213018 2410.735339869142 13987.890560190417
2410.735339869142 13987.890560190417 1543.6004857220598 14449.256069311288
1543.6004857220598 14449.256069311288 1898.500256153002 14705.508929523088
1898.500256153002 14705.508929523088 2261.156820631469 14963.139115073718
2261.156820631469 14963.139115073718 2775.928287410121 14242.028155187953
2775.928287410121 14242.028155187953 3276.2839754610936 13524.407962213018
4483.557301528252 14422.864560261478 4474.504165925947 13581.927134865016
4474.504165925947 13581.927134865016 3412.283975461093 13524.407962213018
3412.283975461093 13524.407962213018 4483.557301528252 14422.864560261478
6758.001065641305 13524.407962213018 4703.557301528252 14136.91957668506
4703.557301528252 14136.91957668506 4960.005441963587 15476.042698604382
4960.005441963587 15476.042698604382 7145.984574244204 14825.678811514235
7145.984574244204 14825.678811514235 6758.001065641305 13524.407962213018
7278.984574244204 14210.644278072017 7752.357712506633 14390.425375830711
7752.357712506633 14390.425375830711 8227.102425881762 14580.211225840025
8227.102425881762 14580.211225840025 8856.395037160728 14429.866385104642
8856.395037160728 14429.866385104642 9490.511852759866 14289.961189977388
9490.511852759866 14289.961189977388 8520.299368301003 13909.212772656845
8520.299368301003 13909.212772656845 7554.5946795943755 13524.407962213018
7554.5946795943755 13524.407962213018 7417.764408287177 13869.303425719761
7417.764408287177 13869.303425719761 7278.984574244204 14210.644278072017
0.0 16246.002235894442 1750.0213696256064 16647.877275658608
1750.0213696256064 16647.877275658608 2300.1564128872033 15669.71164429153
2300.1564128872033 15669.71164429153 2277.0450631510103 15620.042698604382
2277.0450631510103 15620.042698604382 0.0 16246.002235894442
2527.1564128872033 15870.24446867404 2693.1281162824093 16494.83418363863
2693.1281162824093 16494.83418363863 2870.906183717151 17118.21687597539
2870.906183717151 17118.21687597539 3159.3423702365344 16374.848603576125
3159.3423702365344 16374.848603576125 3459.101258128915 15620.042698604382
3459.101258128915 15620.042698604382 2995.1760281186353 15738.631916387158
2995.1760281186353 15738.631916387158 2527.1564128872033 15870.24446867404
4864.684276178918 15969.721346075257 3654.954627688683 15620.042698604382
3654.954627688683 15620.042698604382 3590.1012581289147 15855.294800781588
3590.1012581289147 15855.294800781588 4801.011425291159 16205.751259683926
4801.011425291159 16205.751259683926 4864.684276178918 15969.721346075257
5071.684276178918 17416.18511877773 5715.363717847335 17423.06055020538
5715.363717847335 17423.06055020538 6111.083630093077 16662.118847332305
6111.083630093077 16662.118847332305 6259.15593704208 15763.2879237584
6259.15593704208 15763.2879237584 5362.595447307753 15620.042698604382
5362.595447307753 15620.042698604382 5071.684276178918 17416.18511877773
9233.500673135613 16210.293352022709 9096.821644927368 15979.028653387199
9096.821644927368 15979.028653387199 8979.093760954214 15751.229115444627
8979.093760954214 15751.229115444627 8335.972750844321 15689.972597950225
8335.972750844321 15689.972597950225 7698.376692809294 15620.042698604382
7698.376692809294 15620.042698604382 7057.733897503511 15980.791919837853
7057.733897503511 15980.791919837853 6425.155937042081 16335.684910142598
6425.155937042081 16335.684910142598 6728.01509285896 16886.165662426523
6728.01509285896 16886.165662426523 7038.649546666702 17432.356959098
7038.649546666702 17432.356959098 8128.37387071466 16820.787783785956
8128.37387071466 16820.787783785956 9233.500673135613 16210.293352022709
9418.668072848304 16301.639842613886 10226.797923341803 16233.12364316699
10226.797923341803 16233.12364316699 11035.565845300054 16164.197579919357
11035.565845300054 16164.197579919357 10778.16730271744 15896.356626325012
10778.16730271744 15896.356626325012 10517.664200216952 15620.042698604382
10517.664200216952 15620.042698604382 9944.448145071343 15665.153414386912
9944.448145071343 15665.153414386912 9362.500673135613 15719.215979290984
9362.500673135613 15719.215979290984 9387.847638454501 16007.243795427354
9387.847638454501 16007.243795427354 9418.668072848304 16301.639842613886
648.9967086813501 17620.02457824147 562.7509816953791 17618.356959098
562.7509816953791 17618.356959098 479.9110820367015 17627.702406784232
479.9110820367015 17627.702406784232 238.59110400284476 17842.866347165535
238.59110400284476 17842.866347165535 0.0 18048.854439826457
0.0 18048.854439826457 44.91447992465032 18732.492362320423
44.91447992465032 18732.492362320423 102.11109094438007 19412.522354721506
102.11109094438007 19412.522354721506 135.6544899190602 19425.307552113612
135.6544899190602 19425.307552113612 163.13177914169324 19426.826194467612
163.13177914169324 19426.826194467612 407.22014777379184 18522.739529596223
407.22014777379184 18522.739529596223 648.9967086813501 17620.02457824147
769.9967086813501 17814.937766925646 948.1881401194288 18543.93753534671
948.1881401194288 18543.93753534671 1123.6801450777466 19274.121925378353
1123.6801450777466 19274.121925378353 1356.1429918775561 18442.792166027626
1356.1429918775561 18442.792166027626 1590.240314600361 17618.356959098
1590.240314600361 17618.356959098 1181.6131190949811 17719.943657357253
1181.6131190949811 17719.943657357253 769.9967086813501 17814.937766925646
2502.6756103428193 19340.33862730809 2870.833236877889 17618.356959098
2870.833236877889 17618.356959098 1815.2403146003612 18549.094765129637
1815.2403146003612 18549.094765129637 2502.6756103428193 19340.33862730809
3608.1242876770793 17618.356959098 3327.1099031547606 18550.911327399244
3327.1099031547606 18550.911327399244 3053.8332368778883 19483.578534037926
3053.8332368778883 19483.578534037926 3646.943264775682 19291.849118839382
3646.943264775682 19291.849118839382 4239.7558798731625 19109.515495829433
4239.7558798731625 19109.515495829433 3925.6904424130494 18369.366182406302
3925.6904424130494 18369.366182406302 3608.1242876770793 17618.356959098
4382.7558798731625 17706.378658965146 5383.7553131897785 18763.551970918852
5383.7553131897785 18763.551970918852 5260.154353263226 17618.356959098
5260.154353263226 17618.356959098 4382.7558798731625 17706.378658965146
6733.3197354420745 18291.389975240203 6606.051746686672 17951.995704799807
6606.051746686672 17951.995704799807 6474.846797910258 17618.356959098
6474.846797910258 17618.356959098 6022.281285777765 18078.226853201344
6022.281285777765 18078.226853201344 5571.7553131897785 18531.50471645841
5571.7553131897785 18531.50471645841 5590.149837874227 18549.544908167398
5590.149837874227 18549.544908167398 5607.537067051895 18563.281668976953
5607.537067051895 18563.281668976953 6169.938879730119 18431.467944170414
6169.938879730119 18431.467944170414 6733.3197354420745 18291.389975240203
6922.319735442074 17750.42802336822 6998.5320551847935 18199.713680923567
6998.5320551847935 18199.713680923567 7083.071414970569 18659.824653424494
7083.071414970569 18659.824653424494 7456.151374873137 18585.535310907897
7456.151374873137 18585.535310907897 7824.063023994535 18523.92805964677
7824.063023994535 18523.92805964677 7743.365732272949 18066.651837974725
7743.365732272949 18066.651837974725 7662.004384146561 17618.356959098
7662.004384146561 17618.356959098 6922.319735442074 17750.42802336822
8576.002454077356 17618.356959098 8085.063023994535 17967.248352997434
8085.063023994535 17967.248352997434 8925.915950959667 18115.027900189794
8925.915950959667 18115.027900189794 8576.002454077356 17618.356959098
9620.524506204893 17618.356959098 9383.592386548142 17825.899749246193
9383.592386548142 17825.899749246193 9140.915950959667 18034.017803560146
9140.915950959667 18034.017803560146 9351.747178390535 18147.105341328657
9351.747178390535 18147.105341328657 9557.667411467484 18260.63114936158
9557.667411467484 18260.63114936158 9591.023209469204 17936.029260344756
9591.023209469204 17936.029260344756 9620.524506204893 17618.356959098
1094.098210182795 21836.08962100462 2512.354578597806 20014.715205881635
2512.354578597806 20014.715205881635 1008.6708150762661 19686.57853403793
1008.6708150762661 19686.57853403793 0.0 20981.573136266798
0.0 20981.573136266798 1094.098210182795 21836.08962100462
3659.581880800766 19844.02798932932 3320.408711344485 19764.097361035907
3320.408711344485 19764.097361035907 2975.1936271264435 19686.57853403793
2975.1936271264435 19686.57853403793 2857.8260180267303 20195.80768232932
2857.8260180267303 20195.80768232932 2743.354578597806 20712.703589603898
2743.354578597806 20712.703589603898 3061.334994116962 20879.427199080536
3061.334994116962 20879.427199080536 3386.383700015919 21043.17112800728
3386.383700015919 21043.17112800728 3523.9453295940643 20442.488472016368
3523.9453295940643 20442.488472016368 3659.581880800766 19844.02798932932
5099.22059032957 20053.545557757086 4834.934965143263 19871.18438404905
4834.934965143263 19871.18438404905 4563.139603051583 19686.57853403793
4563.139603051583 19686.57853403793 4233.102617296135 20052.927881051713
4233.102617296135 20052.927881051713 3889.5818808007657 20419.089020977328
3889.5818808007657 20419.089020977328 4214.14847239628 20646.765149744493
4214.14847239628 20646.765149744493 4541.173447741171 20867.202997764307
4541.173447741171 20867.202997764307 4818.2728675008375 20451.544127751044
4818.2728675008375 20451.544127751044 5099.22059032957 20053.545557757086
6441.361867723348 20466.255746216877 6177.547614134457 20071.632568964746
6177.547614134457 20071.632568964746 5909.7160130546135 19686.57853403793
5909.7160130546135 19686.57853403793 5633.891831332275 19891.05476341951
5633.891831332275 19891.05476341951 5364.220590329571 20101.5432606522
5364.220590329571 20101.5432606522 5896.606606874822 20279.63321999125
5896.606606874822 20279.63321999125 6441.361867723348 20466.255746216877
6829.750665556989 19686.57853403793 6778.508278994108 20337.365804707217
6778.508278994108 20337.365804707217 6722.361867723348 20998.986728306958
6722.361867723348 20998.986728306958 7269.9788742397095 21044.418514030807
7269.9788742397095 21044.418514030807 7810.827184852 21094.412063747965
7810.827184852 21094.412063747965 7867.9997153132545 20439.231845643204
7867.9997153132545 20439.231845643204 7932.670921830515 19778.11741010513
7932.670921830515 19778.11741010513 7380.793104499967 19734.699017095976
7380.793104499967 19734.699017095976 6829.750665556989 19686.57853403793
9688.219822970244 19720.79250929351 9602.863983260806 19686.57853403793
9602.863983260806 19686.57853403793 8048.670921830516 20878.728465978256
8048.670921830516 20878.728465978256 8832.890030151491 21806.825264592077
8832.890030151491 21806.825264592077 9688.219822970244 19720.79250929351
1647.3788573939019 23644.527776125644 1070.6995168052858 22590.25647942856
1070.6995168052858 22590.25647942856 0.0 22018.08962100462
0.0 22018.08962100462 1061.7050148181006 23970.144361197104
1061.7050148181006 23970.144361197104 1647.3788573939019 23644.527776125644
