298
0.0 0.0 536.0 0.0
536.0 0.0 0.0 1536.0
0.0 1536.0 0.0 0.0
536.0 0.0 1282.0 0.0
1282.0 0.0 1282.0 916.0
1282.0 916.0 536.0 916.0
536.0 916.0 536.0 0.0
1282.0 0.0 2018.0 0.0
2018.0 0.0 2018.0 1440.0
2018.0 1440.0 1282.0 2016.0
1282.0 2016.0 1282.0 916.0
1282.0 916.0 1282.0 0.0
2018.0 0.0 3938.0 0.0
3938.0 0.0 3458.0 384.0
3458.0 384.0 2018.0 0.0
3938.0 0.0 4938.0 0.0
4938.0 0.0 4938.0 800.0
4938.0 800.0 3938.0 650.0
3938.0 650.0 3938.0 0.0
4938.0 0.0 5610.0 0.0
5610.0 0.0 5898.0 1632.0
5898.0 1632.0 5866.0 1668.0
5866.0 1668.0 4938.0 0.0
5898.0 0.0 7248.0 0.0
7248.0 0.0 7248.0 1400.0
7248.0 1400.0 5898.0 1400.0
5898.0 1400.0 5898.0 0.0
7248.0 0.0 8208.0 0.0
8208.0 0.0 8208.0 901.0
8208.0 901.0 8208.0 1296.0
8208.0 1296.0 7248.0 0.0
8208.0 0.0 8359.0 0.0
8359.0 0.0 8359.0 901.0
8359.0 901.0 8208.0 901.0
8208.0 901.0 8208.0 0.0
8359.0 0.0 10135.0 0.0
10135.0 0.0 10067.0 480.0
10067.0 480.0 8359.0 0.0
0.0 2016.0 1282.0 2016.0
1282.0 2016.0 2304.0 2016.0
2304.0 2016.0 2304.0 3168.0
2304.0 3168.0 960.0 3168.0
960.0 3168.0 0.0 2496.0
0.0 2496.0 0.0 2016.0
2304.0 2016.0 4464.0 2016.0
4464.0 2016.0 4032.0 2688.0
4032.0 2688.0 2304.0 2016.0
4464.0 2016.0 5376.0 2016.0
5376.0 2016.0 4464.0 3648.0
4464.0 3648.0 4464.0 2016.0
5376.0 2016.0 6417.0 2016.0
6417.0 2016.0 6417.0 3025.0
6417.0 3025.0 6417.0 3259.0
6417.0 3259.0 5376.0 3259.0
5376.0 3259.0 5376.0 2016.0
6417.0 2016.0 6611.0 2016.0
6611.0 2016.0 6611.0 2784.0
6611.0 2784.0 6611.0 3025.0
6611.0 3025.0 6417.0 3025.0
6417.0 3025.0 6417.0 2016.0
6611.0 2016.0 8699.0 2016.0
8699.0 2016.0 7703.0 3184.0
7703.0 3184.0 6611.0 2784.0
6611.0 2784.0 6611.0 2016.0
8699.0 2016.0 9231.0 2016.0
9231.0 2016.0 9231.0 2988.0
9231.0 2988.0 8699.0 2988.0
8699.0 2988.0 8699.0 2016.0
9231.0 2016.0 9701.0 2016.0
9701.0 2016.0 9701.0 3530.0
9701.0 3530.0 9231.0 3136.0
9231.0 3136.0 9231.0 2988.0
9231.0 2988.0 9231.0 2016.0
0.0 3648.0 1168.0 3648.0
1168.0 3648.0 768.0 4224.0
768.0 4224.0 0.0 3648.0
1168.0 3648.0 2624.0 3648.0
2624.0 3648.0 2624.0 6528.0
2624.0 6528.0 2320.0 6528.0
2320.0 6528.0 1168.0 5952.0
1168.0 5952.0 1168.0 3648.0
2624.0 3648.0 4464.0 3648.0
4464.0 3648.0 4640.0 3648.0
4640.0 3648.0 4640.0 4416.0
4640.0 4416.0 3104.0 4224.0
3104.0 4224.0 2624.0 3648.0
4640.0 3648.0 5504.0 3648.0
5504.0 3648.0 5312.0 6144.0
5312.0 6144.0 4640.0 3648.0
5504.0 3648.0 7040.0 3648.0
7040.0 3648.0 7040.0 3732.0
7040.0 3732.0 7040.0 5584.0
7040.0 5584.0 5504.0 3648.0
7040.0 3648.0 9490.0 3648.0
9490.0 3648.0 9490.0 4588.0
9490.0 4588.0 7040.0 3732.0
7040.0 3732.0 7040.0 3648.0
9490.0 3648.0 10162.0 3648.0
10162.0 3648.0 10162.0 5088.0
10162.0 5088.0 9490.0 3648.0
0.0 6528.0 1248.0 6528.0
1248.0 6528.0 1276.0 6576.0
1276.0 6576.0 96.0 7296.0
96.0 7296.0 0.0 6528.0
1276.0 6528.0 1928.0 6528.0
1928.0 6528.0 1928.0 7034.0
1928.0 7034.0 1928.0 7804.0
1928.0 7804.0 1276.0 8320.0
1276.0 8320.0 1276.0 6576.0
1276.0 6576.0 1276.0 6528.0
1928.0 6528.0 2320.0 6528.0
2320.0 6528.0 2624.0 6528.0
2624.0 6528.0 3395.0 6528.0
3395.0 6528.0 3395.0 7034.0
3395.0 7034.0 1928.0 7034.0
1928.0 7034.0 1928.0 6528.0
3395.0 6528.0 4643.0 6528.0
4643.0 6528.0 4643.0 7496.0
4643.0 7496.0 4643.0 8628.0
4643.0 8628.0 3395.0 8504.0
3395.0 8504.0 3395.0 7034.0
3395.0 7034.0 3395.0 6528.0
4643.0 6528.0 5267.0 6528.0
5267.0 6528.0 5267.0 6988.0
5267.0 6988.0 4643.0 7496.0
4643.0 7496.0 4643.0 6528.0
5267.0 6528.0 7187.0 6528.0
7187.0 6528.0 7187.0 7488.0
7187.0 7488.0 6227.0 7488.0
6227.0 7488.0 5363.0 7200.0
5363.0 7200.0 5267.0 6528.0
7187.0 6528.0 7867.0 6528.0
7867.0 6528.0 7867.0 7228.0
7867.0 7228.0 7187.0 7776.0
7187.0 7776.0 7187.0 7488.0
7187.0 7488.0 7187.0 6528.0
7867.0 6528.0 9707.0 6528.0
9707.0 6528.0 9707.0 6592.0
9707.0 6592.0 8443.0 7036.0
8443.0 7036.0 7923.0 6688.0
7923.0 6688.0 7867.0 6528.0
0.0 8628.0 1728.0 8628.0
1728.0 8628.0 1760.0 10548.0
1760.0 10548.0 0.0 10548.0
0.0 10548.0 0.0 8628.0
1760.0 8628.0 2965.0 8628.0
2965.0 8628.0 2965.0 10055.0
2965.0 10055.0 1760.0 10055.0
1760.0 10055.0 1760.0 8628.0
2965.0 8628.0 3685.0 8628.0
3685.0 8628.0 3685.0 10104.0
3685.0 10104.0 2965.0 10104.0
2965.0 10104.0 2965.0 10055.0
2965.0 10055.0 2965.0 8628.0
3685.0 8628.0 4643.0 8628.0
4643.0 8628.0 5029.0 8628.0
5029.0 8628.0 5605.0 9972.0
5605.0 9972.0 3685.0 10548.0
3685.0 10548.0 3685.0 10104.0
3685.0 10104.0 3685.0 8628.0
5605.0 8628.0 8157.0 8628.0
8157.0 8628.0 8157.0 8664.0
8157.0 8664.0 5757.0 9548.0
5757.0 9548.0 5605.0 8628.0
8157.0 8628.0 8540.0 8628.0
8540.0 8628.0 8540.0 9932.0
8540.0 9932.0 8540.0 9951.0
8540.0 9951.0 8157.0 9951.0
8157.0 9951.0 8157.0 8664.0
8157.0 8664.0 8157.0 8628.0
8540.0 8628.0 9260.0 8628.0
9260.0 8628.0 9260.0 11028.0
9260.0 11028.0 8540.0 9932.0
8540.0 9932.0 8540.0 8628.0
0.0 11028.0 1651.0 11028.0
1651.0 11028.0 1651.0 12177.0
1651.0 12177.0 1651.0 12512.0
1651.0 12512.0 1456.0 12512.0
1456.0 12512.0 0.0 12512.0
0.0 12512.0 0.0 11028.0
1651.0 11028.0 1874.0 11028.0
1874.0 11028.0 1874.0 12177.0
1874.0 12177.0 1651.0 12177.0
1651.0 12177.0 1651.0 11028.0
1874.0 11028.0 3794.0 11028.0
3794.0 11028.0 3794.0 11309.0
3794.0 11309.0 3794.0 11988.0
3794.0 11988.0 1874.0 11028.0
3794.0 11028.0 5509.0 11028.0
5509.0 11028.0 5509.0 11309.0
5509.0 11309.0 3794.0 11309.0
3794.0 11309.0 3794.0 11028.0
5509.0 11028.0 7909.0 11028.0
7909.0 11028.0 7909.0 11084.0
7909.0 11084.0 7109.0 11892.0
7109.0 11892.0 5509.0 11028.0
7909.0 11028.0 9260.0 11028.0
9260.0 11028.0 10309.0 11028.0
10309.0 11028.0 9709.0 12180.0
9709.0 12180.0 7909.0 11124.0
7909.0 11124.0 7909.0 11084.0
7909.0 11084.0 7909.0 11028.0
0.0 12512.0 1456.0 12512.0
1456.0 12512.0 1456.0 13457.0
1456.0 13457.0 1456.0 14240.0
1456.0 14240.0 0.0 14928.0
0.0 14928.0 0.0 12512.0
1456.0 12512.0 1651.0 12512.0
1651.0 12512.0 1883.0 12512.0
1883.0 12512.0 1883.0 13457.0
1883.0 13457.0 1456.0 13457.0
1456.0 13457.0 1456.0 12512.0
1883.0 12512.0 2727.0 12512.0
2727.0 12512.0 2727.0 14528.0
2727.0 14528.0 1883.0 14048.0
1883.0 14048.0 1883.0 13457.0
1883.0 13457.0 1883.0 12512.0
2727.0 12512.0 3687.0 12512.0
3687.0 12512.0 3687.0 13760.0
3687.0 13760.0 2727.0 12512.0
3687.0 12512.0 5527.0 12512.0
5527.0 12512.0 5527.0 12560.0
5527.0 12560.0 4263.0 13012.0
4263.0 13012.0 3763.0 12712.0
3763.0 12712.0 3687.0 12512.0
5527.0 12512.0 6199.0 12512.0
6199.0 12512.0 6199.0 13376.0
6199.0 13376.0 5527.0 12512.0
6199.0 12512.0 7543.0 12512.0
7543.0 12512.0 6735.0 13124.0
6735.0 13124.0 6199.0 12512.0
7543.0 12512.0 8887.0 12512.0
8887.0 12512.0 8695.0 13280.0
8695.0 13280.0 7543.0 13280.0
7543.0 13280.0 7543.0 12512.0
8887.0 12512.0 9901.0 12512.0
9901.0 12512.0 9901.0 13713.0
9901.0 13713.0 8887.0 13713.0
8887.0 13713.0 8887.0 12512.0
9901.0 12512.0 10273.0 12512.0
10273.0 12512.0 10273.0 12876.0
10273.0 12876.0 9901.0 12512.0
0.0 14928.0 688.0 14928.0
688.0 14928.0 496.0 15388.0
496.0 15388.0 0.0 14928.0
688.0 14928.0 1616.0 14928.0
1616.0 14928.0 688.0 16184.0
688.0 16184.0 688.0 14928.0
1616.0 14928.0 2336.0 14928.0
2336.0 14928.0 2336.0 16432.0
2336.0 16432.0 2336.0 17344.0
2336.0 17344.0 1616.0 16848.0
1616.0 16848.0 1616.0 14928.0
2336.0 14928.0 2960.0 14928.0
2960.0 14928.0 2960.0 15916.0
2960.0 15916.0 2336.0 16432.0
2336.0 16432.0 2336.0 14928.0
2960.0 14928.0 3696.0 14928.0
3696.0 14928.0 3696.0 15986.0
3696.0 15986.0 3696.0 17104.0
3696.0 17104.0 2960.0 17104.0
2960.0 17104.0 2960.0 15916.0
2960.0 15916.0 2960.0 14928.0
3696.0 14928.0 3996.0 14928.0
3996.0 14928.0 3996.0 15600.0
3996.0 15600.0 3996.0 15986.0
3996.0 15986.0 3696.0 15986.0
3696.0 15986.0 3696.0 14928.0
3996.0 14928.0 4668.0 14928.0
4668.0 14928.0 3996.0 15600.0
3996.0 15600.0 3996.0 14928.0
4668.0 14928.0 6432.0 14928.0
6432.0 14928.0 6300.0 16278.0
6300.0 16278.0 4668.0 14928.0
6432.0 14928.0 7936.0 14928.0
7936.0 14928.0 7936.0 15445.0
7936.0 15445.0 7936.0 15552.0
7936.0 15552.0 6816.0 15552.0
6816.0 15552.0 6432.0 14928.0
7936.0 14928.0 8617.0 14928.0
8617.0 14928.0 8617.0 15445.0
8617.0 15445.0 7936.0 15445.0
7936.0 15445.0 7936.0 14928.0
8617.0 14928.0 9709.0 14928.0
9709.0 14928.0 9385.0 15600.0
9385.0 15600.0 8617.0 14928.0
9709.0 14928.0 10429.0 14928.0
10429.0 14928.0 10429.0 16980.0
10429.0 16980.0 9709.0 15924.0
9709.0 15924.0 9709.0 14928.0
0.0 17344.0 1504.0 17344.0
1504.0 17344.0 1152.0 18016.0
1152.0 18016.0 0.0 17344.0
1752.0 17344.0 2336.0 17344.0
2336.0 17344.0 3036.0 17344.0
3036.0 17344.0 1524.0 19144.0
1524.0 19144.0 1504.0 19044.0
1504.0 19044.0 1752.0 17344.0
