224
0.0 0.0 1344.0 0.0
1344.0 0.0 1152.0 768.0
1152.0 768.0 0.0 768.0
0.0 768.0 0.0 0.0
1443.0 0.0 2691.0 0.0
2691.0 0.0 2719.0 48.0
2719.0 48.0 1539.0 768.0
1539.0 768.0 1443.0 0.0
2901.0 0.0 4821.0 0.0
4821.0 0.0 4341.0 384.0
4341.0 384.0 2901.0 0.0
5334.0 0.0 6618.0 0.0
6618.0 0.0 5106.0 1800.0
5106.0 1800.0 5086.0 1700.0
5086.0 1700.0 5334.0 0.0
6876.0 0.0 7027.0 0.0
7027.0 0.0 7027.0 901.0
7027.0 901.0 6876.0 901.0
6876.0 901.0 6876.0 0.0
7296.0 0.0 9216.0 0.0
9216.0 0.0 9216.0 960.0
9216.0 960.0 8256.0 960.0
8256.0 960.0 7392.0 672.0
7392.0 672.0 7296.0 0.0
0.0 1998.0 1205.0 1998.0
1205.0 1998.0 1205.0 3425.0
1205.0 3425.0 0.0 3425.0
0.0 3425.0 0.0 1998.0
1307.0 1998.0 3757.0 1998.0
3757.0 1998.0 3757.0 2938.0
3757.0 2938.0 1307.0 2082.0
1307.0 2082.0 1307.0 1998.0
3898.0 1998.0 4570.0 1998.0
4570.0 1998.0 4858.0 3630.0
4858.0 3630.0 4826.0 3666.0
4826.0 3666.0 3898.0 1998.0
5071.0 1998.0 5807.0 1998.0
5807.0 1998.0 5807.0 3438.0
5807.0 3438.0 5071.0 4014.0
5071.0 4014.0 5071.0 1998.0
5908.0 1998.0 6532.0 1998.0
6532.0 1998.0 6532.0 2986.0
6532.0 2986.0 5908.0 3502.0
5908.0 3502.0 5908.0 1998.0
6811.0 1998.0 8731.0 1998.0
8731.0 1998.0 8731.0 2958.0
8731.0 2958.0 6811.0 1998.0
8928.0 1998.0 9600.0 1998.0
9600.0 1998.0 9600.0 3438.0
9600.0 3438.0 8928.0 1998.0
0.0 4228.0 720.0 4228.0
720.0 4228.0 720.0 6644.0
720.0 6644.0 0.0 6148.0
0.0 6148.0 0.0 4228.0
899.0 4228.0 1571.0 4228.0
1571.0 4228.0 899.0 4900.0
899.0 4900.0 899.0 4228.0
1775.0 4228.0 2619.0 4228.0
2619.0 4228.0 2619.0 6244.0
2619.0 6244.0 1775.0 5764.0
1775.0 5764.0 1775.0 4228.0
2833.0 4228.0 3205.0 4228.0
3205.0 4228.0 3205.0 4592.0
3205.0 4592.0 2833.0 4228.0
3314.0 4228.0 5866.0 4228.0
5866.0 4228.0 5866.0 4264.0
5866.0 4264.0 3466.0 5148.0
3466.0 5148.0 3314.0 4228.0
6083.0 4228.0 6615.0 4228.0
6615.0 4228.0 6615.0 5200.0
6615.0 5200.0 6083.0 5200.0
6083.0 5200.0 6083.0 4228.0
6730.0 4228.0 8074.0 4228.0
8074.0 4228.0 8650.0 5572.0
8650.0 5572.0 6730.0 6148.0
6730.0 6148.0 6730.0 4228.0
0.0 6917.0 2088.0 6917.0
2088.0 6917.0 1092.0 8085.0
1092.0 8085.0 0.0 7685.0
0.0 7685.0 0.0 6917.0
2320.0 6917.0 4336.0 6917.0
4336.0 6917.0 4336.0 7685.0
4336.0 7685.0 2800.0 7493.0
2800.0 7493.0 2320.0 6917.0
4604.0 6917.0 6764.0 6917.0
6764.0 6917.0 6332.0 7589.0
6332.0 7589.0 4604.0 6917.0
6888.0 6917.0 7560.0 6917.0
7560.0 6917.0 7560.0 7781.0
7560.0 7781.0 6888.0 6917.0
0.0 8332.0 2400.0 8332.0
2400.0 8332.0 1800.0 9484.0
1800.0 9484.0 0.0 8428.0
0.0 8428.0 0.0 8332.0
2540.0 8332.0 3164.0 8332.0
3164.0 8332.0 3164.0 8792.0
3164.0 8792.0 2540.0 9300.0
2540.0 9300.0 2540.0 8332.0
3319.0 8332.0 3971.0 8332.0
3971.0 8332.0 3971.0 9608.0
3971.0 9608.0 3319.0 10124.0
3319.0 10124.0 3319.0 8332.0
4249.0 8332.0 5177.0 8332.0
5177.0 8332.0 4249.0 9588.0
4249.0 9588.0 4249.0 8332.0
5373.0 8332.0 7213.0 8332.0
7213.0 8332.0 7213.0 8380.0
7213.0 8380.0 5949.0 8832.0
5949.0 8832.0 5449.0 8532.0
5449.0 8532.0 5373.0 8332.0
7331.0 8332.0 7867.0 8332.0
7867.0 8332.0 7331.0 9868.0
7331.0 9868.0 7331.0 8332.0
8016.0 8332.0 9472.0 8332.0
9472.0 8332.0 9472.0 11212.0
9472.0 11212.0 9168.0 11212.0
9168.0 11212.0 8016.0 10636.0
8016.0 10636.0 8016.0 8332.0
0.0 11334.0 427.0 11334.0
427.0 11334.0 427.0 12279.0
427.0 12279.0 0.0 12279.0
0.0 12279.0 0.0 11334.0
553.0 11334.0 2057.0 11334.0
2057.0 11334.0 2057.0 11958.0
2057.0 11958.0 937.0 11958.0
937.0 11958.0 553.0 11334.0
2199.0 11334.0 4599.0 11334.0
4599.0 11334.0 4599.0 11390.0
4599.0 11390.0 3799.0 12198.0
3799.0 12198.0 2199.0 11334.0
4818.0 11334.0 6582.0 11334.0
6582.0 11334.0 6450.0 12684.0
6450.0 12684.0 4818.0 11334.0
6794.0 11334.0 7754.0 11334.0
7754.0 11334.0 7754.0 12630.0
7754.0 12630.0 6794.0 11334.0
7912.0 11334.0 8912.0 11334.0
8912.0 11334.0 8912.0 12134.0
8912.0 12134.0 7912.0 11984.0
7912.0 11984.0 7912.0 11334.0
9099.0 11334.0 9819.0 11334.0
9819.0 11334.0 9819.0 13734.0
9819.0 13734.0 9099.0 12638.0
9099.0 12638.0 9099.0 11334.0
0.0 13993.0 720.0 13993.0
720.0 13993.0 720.0 16045.0
720.0 16045.0 0.0 14989.0
0.0 14989.0 0.0 13993.0
964.0 13993.0 2005.0 13993.0
2005.0 13993.0 2005.0 15236.0
2005.0 15236.0 964.0 15236.0
964.0 15236.0 964.0 13993.0
2232.0 13993.0 3096.0 13993.0
3096.0 13993.0 2904.0 16489.0
2904.0 16489.0 2232.0 13993.0
3266.0 13993.0 3954.0 13993.0
3954.0 13993.0 3762.0 14453.0
3762.0 14453.0 3266.0 13993.0
4220.0 13993.0 5948.0 13993.0
5948.0 13993.0 5980.0 15913.0
5980.0 15913.0 4220.0 15913.0
4220.0 15913.0 4220.0 13993.0
6100.0 13993.0 7556.0 13993.0
7556.0 13993.0 7556.0 15721.0
7556.0 15721.0 6100.0 16409.0
6100.0 16409.0 6100.0 13993.0
7829.0 13993.0 9333.0 13993.0
9333.0 13993.0 8981.0 14665.0
8981.0 14665.0 7829.0 13993.0
0.0 16636.0 2304.0 16636.0
2304.0 16636.0 2304.0 17788.0
2304.0 17788.0 960.0 17788.0
960.0 17788.0 0.0 17116.0
0.0 17116.0 0.0 16636.0
2461.0 16636.0 3997.0 16636.0
3997.0 16636.0 3997.0 18572.0
3997.0 18572.0 2461.0 16636.0
4218.0 16636.0 5386.0 16636.0
5386.0 16636.0 4986.0 17212.0
4986.0 17212.0 4218.0 16636.0
5585.0 16636.0 6677.0 16636.0
6677.0 16636.0 6353.0 17308.0
6353.0 17308.0 5585.0 16636.0
6899.0 16636.0 8243.0 16636.0
8243.0 16636.0 7435.0 17248.0
7435.0 17248.0 6899.0 16636.0
8451.0 16636.0 9197.0 16636.0
9197.0 16636.0 9197.0 17552.0
9197.0 17552.0 8451.0 17552.0
8451.0 17552.0 8451.0 16636.0
0.0 18751.0 1840.0 18751.0
1840.0 18751.0 1840.0 18815.0
1840.0 18815.0 576.0 19259.0
576.0 19259.0 56.0 18911.0
56.0 18911.0 0.0 18751.0
2111.0 18751.0 3359.0 18751.0
3359.0 18751.0 3359.0 20851.0
3359.0 20851.0 2111.0 20727.0
2111.0 20727.0 2111.0 18751.0
3582.0 18751.0 4262.0 18751.0
4262.0 18751.0 4262.0 19451.0
4262.0 19451.0 3582.0 19999.0
3582.0 19999.0 3582.0 18751.0
4358.0 18751.0 5094.0 18751.0
5094.0 18751.0 5094.0 20927.0
5094.0 20927.0 4358.0 20927.0
4358.0 20927.0 4358.0 18751.0
5313.0 18751.0 7089.0 18751.0
7089.0 18751.0 7021.0 19231.0
7021.0 19231.0 5313.0 18751.0
7331.0 18751.0 8291.0 18751.0
8291.0 18751.0 8291.0 19999.0
8291.0 19999.0 7331.0 18751.0
8401.0 18751.0 9121.0 18751.0
9121.0 18751.0 9121.0 20227.0
9121.0 20227.0 8401.0 20227.0
8401.0 20227.0 8401.0 18751.0
9226.0 18751.0 9449.0 18751.0
9449.0 18751.0 9449.0 19900.0
9449.0 19900.0 9226.0 19900.0
9226.0 19900.0 9226.0 18751.0
0.0 21124.0 912.0 21124.0
912.0 21124.0 0.0 22756.0
0.0 22756.0 0.0 21124.0
