174
0.0 1.0 239.0 0.0
239.0 0.0 242.0 80.0
242.0 80.0 0.0 78.0
0.0 78.0 0.0 1.0
291.0 252.0 291.0 75.0
291.0 75.0 441.0 0.0
441.0 0.0 439.0 175.0
439.0 175.0 291.0 252.0
494.0 115.0 962.0 113.0
962.0 113.0 1211.0 21.0
1211.0 21.0 1340.0 44.0
1340.0 44.0 1414.0 47.0
1414.0 47.0 1533.0 0.0
1533.0 0.0 1581.0 295.0
1581.0 295.0 1562.0 396.0
1562.0 396.0 484.0 407.0
484.0 407.0 494.0 115.0
1685.0 252.0 1685.0 75.0
1685.0 75.0 1835.0 0.0
1835.0 0.0 1833.0 175.0
1833.0 175.0 1685.0 252.0
1896.0 115.0 2364.0 113.0
2364.0 113.0 2613.0 21.0
2613.0 21.0 2742.0 44.0
2742.0 44.0 2816.0 47.0
2816.0 47.0 2935.0 0.0
2935.0 0.0 2983.0 295.0
2983.0 295.0 2964.0 396.0
2964.0 396.0 1886.0 407.0
1886.0 407.0 1896.0 115.0
151.0 906.0 97.0 745.0
97.0 745.0 0.0 738.0
0.0 738.0 75.0 507.0
75.0 507.0 126.0 500.0
126.0 500.0 191.0 540.0
191.0 540.0 271.0 529.0
271.0 529.0 316.0 543.0
316.0 543.0 359.0 489.0
359.0 489.0 436.0 485.0
436.0 485.0 442.0 522.0
442.0 522.0 694.0 554.0
694.0 554.0 726.0 521.0
726.0 521.0 1091.0 479.0
1091.0 479.0 1094.0 690.0
1094.0 690.0 1033.0 687.0
1033.0 687.0 987.0 825.0
987.0 825.0 926.0 872.0
926.0 872.0 151.0 906.0
1185.0 479.0 1501.0 481.0
1501.0 481.0 1501.0 753.0
1501.0 753.0 1185.0 754.0
1185.0 754.0 1185.0 479.0
1579.0 711.0 2406.0 479.0
2406.0 479.0 2473.0 499.0
2473.0 499.0 2554.0 737.0
2554.0 737.0 2676.0 739.0
2676.0 739.0 2582.0 979.0
2582.0 979.0 2463.0 942.0
2463.0 942.0 2424.0 932.0
2424.0 932.0 2340.0 969.0
2340.0 969.0 2311.0 1026.0
2311.0 1026.0 2273.0 1023.0
2273.0 1023.0 2195.0 956.0
2195.0 956.0 2118.0 893.0
2118.0 893.0 1579.0 905.0
1579.0 905.0 1579.0 711.0
852.0 1539.0 503.0 1541.0
503.0 1541.0 387.0 1578.0
387.0 1578.0 355.0 1632.0
355.0 1632.0 300.0 1578.0
300.0 1578.0 45.0 1452.0
45.0 1452.0 0.0 1348.0
0.0 1348.0 0.0 1281.0
0.0 1281.0 55.0 1180.0
55.0 1180.0 145.0 1143.0
145.0 1143.0 329.0 1152.0
329.0 1152.0 407.0 1162.0
407.0 1162.0 539.0 1165.0
539.0 1165.0 597.0 1178.0
597.0 1178.0 668.0 1147.0
668.0 1147.0 736.0 1127.0
736.0 1127.0 784.0 1130.0
784.0 1130.0 849.0 1321.0
849.0 1321.0 852.0 1539.0
960.0 1128.0 1199.0 1127.0
1199.0 1127.0 1202.0 1207.0
1202.0 1207.0 960.0 1205.0
960.0 1205.0 960.0 1128.0
1474.0 1554.0 1420.0 1393.0
1420.0 1393.0 1323.0 1386.0
1323.0 1386.0 1398.0 1155.0
1398.0 1155.0 1449.0 1148.0
1449.0 1148.0 1514.0 1188.0
1514.0 1188.0 1594.0 1177.0
1594.0 1177.0 1639.0 1191.0
1639.0 1191.0 1682.0 1137.0
1682.0 1137.0 1759.0 1133.0
1759.0 1133.0 1765.0 1170.0
1765.0 1170.0 2017.0 1202.0
2017.0 1202.0 2049.0 1169.0
2049.0 1169.0 2414.0 1127.0
2414.0 1127.0 2417.0 1338.0
2417.0 1338.0 2356.0 1335.0
2356.0 1335.0 2310.0 1473.0
2310.0 1473.0 2249.0 1520.0
2249.0 1520.0 1474.0 1554.0
2506.0 1127.0 3251.0 1151.0
3251.0 1151.0 3125.0 1323.0
3125.0 1323.0 3096.0 1403.0
3096.0 1403.0 3028.0 1387.0
3028.0 1387.0 2512.0 1409.0
2512.0 1409.0 2506.0 1127.0
0.0 2021.0 0.0 1830.0
0.0 1830.0 384.0 1711.0
384.0 1711.0 384.0 1781.0
384.0 1781.0 759.0 1780.0
759.0 1780.0 758.0 2021.0
758.0 2021.0 0.0 2021.0
825.0 1711.0 1141.0 1713.0
1141.0 1713.0 1141.0 1985.0
1141.0 1985.0 825.0 1986.0
825.0 1986.0 825.0 1711.0
1187.0 1712.0 1426.0 1711.0
1426.0 1711.0 1429.0 1791.0
1429.0 1791.0 1187.0 1789.0
1187.0 1789.0 1187.0 1712.0
2402.0 2123.0 2053.0 2125.0
2053.0 2125.0 1937.0 2162.0
1937.0 2162.0 1905.0 2216.0
1905.0 2216.0 1850.0 2162.0
1850.0 2162.0 1595.0 2036.0
1595.0 2036.0 1550.0 1932.0
1550.0 1932.0 1550.0 1865.0
1550.0 1865.0 1605.0 1764.0
1605.0 1764.0 1695.0 1727.0
1695.0 1727.0 1879.0 1736.0
1879.0 1736.0 1957.0 1746.0
1957.0 1746.0 2089.0 1749.0
2089.0 1749.0 2147.0 1762.0
2147.0 1762.0 2218.0 1731.0
2218.0 1731.0 2286.0 1711.0
2286.0 1711.0 2334.0 1714.0
2334.0 1714.0 2399.0 1905.0
2399.0 1905.0 2402.0 2123.0
2451.0 1711.0 3196.0 1735.0
3196.0 1735.0 3070.0 1907.0
3070.0 1907.0 3041.0 1987.0
3041.0 1987.0 2973.0 1971.0
2973.0 1971.0 2457.0 1993.0
2457.0 1993.0 2451.0 1711.0
0.0 2337.0 239.0 2336.0
239.0 2336.0 242.0 2416.0
242.0 2416.0 0.0 2414.0
0.0 2414.0 0.0 2337.0
335.0 2568.0 1162.0 2336.0
1162.0 2336.0 1229.0 2356.0
1229.0 2356.0 1310.0 2594.0
1310.0 2594.0 1432.0 2596.0
1432.0 2596.0 1338.0 2836.0
1338.0 2836.0 1219.0 2799.0
1219.0 2799.0 1180.0 2789.0
1180.0 2789.0 1096.0 2826.0
1096.0 2826.0 1067.0 2883.0
1067.0 2883.0 1029.0 2880.0
1029.0 2880.0 951.0 2813.0
951.0 2813.0 874.0 2750.0
874.0 2750.0 335.0 2762.0
335.0 2762.0 335.0 2568.0
1473.0 2646.0 1473.0 2455.0
1473.0 2455.0 1857.0 2336.0
1857.0 2336.0 1857.0 2406.0
1857.0 2406.0 2232.0 2405.0
2232.0 2405.0 2231.0 2646.0
2231.0 2646.0 1473.0 2646.0
