204
20.92533142472103 0.0 8.974060125983097 6.22183546981152
8.974060125983097 6.22183546981152 1.827782035940448 8.743100448429763
1.827782035940448 8.743100448429763 0.0 16.125911218974565
0.0 16.125911218974565 5.698529160273331 16.14893725364334
5.698529160273331 16.14893725364334 4.329181025430167 20.9286338403304
4.329181025430167 20.9286338403304 2.1866660441908934 24.00679960703102
2.1866660441908934 24.00679960703102 11.921229475252117 18.903126087306276
11.921229475252117 18.903126087306276 15.926754930811263 21.457469624687803
15.926754930811263 21.457469624687803 26.098353983314503 21.92128031324966
26.098353983314503 21.92128031324966 29.235891374890357 14.749958045466242
29.235891374890357 14.749958045466242 29.832496337799068 5.230867030642244
29.832496337799068 5.230867030642244 20.92533142472103 0.0
77.98153776911775 17.40549066598114 69.86922249547018 14.719220562852207
69.86922249547018 14.719220562852207 58.33425658982992 2.4798168037050417
58.33425658982992 2.4798168037050417 57.56219901026216 12.01411150170879
57.56219901026216 12.01411150170879 48.58921647429675 0.0
48.58921647429675 0.0 38.71080824064953 8.953646522659136
38.71080824064953 8.953646522659136 41.03788788290413 15.157887485223345
41.03788788290413 15.157887485223345 36.82616731671267 13.456187813751686
36.82616731671267 13.456187813751686 37.940239735498075 18.14971196322199
37.940239735498075 18.14971196322199 30.832496337799064 22.872499279174065
30.832496337799064 22.872499279174065 40.54101317843678 27.407698945531155
40.54101317843678 27.407698945531155 38.51780300560265 32.61345823958127
38.51780300560265 32.61345823958127 54.36525624851902 35.98078188150246
54.36525624851902 35.98078188150246 57.77674216296339 50.1518776853681
57.77674216296339 50.1518776853681 77.98153776911775 17.40549066598114
85.06605054455599 15.797563891569826 87.57564169745658 10.453345272334797
87.57564169745658 10.453345272334797 88.65266231967482 0.746378812888203
88.65266231967482 0.746378812888203 78.98153776911775 0.0
78.98153776911775 0.0 80.66950274265058 10.611553312941796
80.66950274265058 10.611553312941796 85.06605054455599 15.797563891569826
36.436813138427155 54.1518776853681 0.0 58.55399769133807
0.0 58.55399769133807 4.576670932293446 67.72094112265222
4.576670932293446 67.72094112265222 42.484741273887664 59.35346451726879
42.484741273887664 59.35346451726879 36.436813138427155 54.1518776853681
66.4100726986087 54.1518776853681 54.458801399870765 60.37371315517962
54.458801399870765 60.37371315517962 47.31252330982811 62.89497813379786
47.31252330982811 62.89497813379786 45.484741273887664 70.27778890434266
45.484741273887664 70.27778890434266 51.183270434160995 70.30081493901145
51.183270434160995 70.30081493901145 49.81392229931783 75.0805115256985
49.81392229931783 75.0805115256985 47.67140731807856 78.15867729239912
47.67140731807856 78.15867729239912 57.40597074913978 73.05500377267438
57.40597074913978 73.05500377267438 61.41149620469893 75.60934731005591
61.41149620469893 75.60934731005591 71.58309525720216 76.07315799861776
71.58309525720216 76.07315799861776 74.72063264877802 68.90183573083434
74.72063264877802 68.90183573083434 75.31723761168674 59.38274471601034
75.31723761168674 59.38274471601034 66.4100726986087 54.1518776853681
99.24256903640776 54.1518776853681 87.29129773766984 60.37371315517962
87.29129773766984 60.37371315517962 80.14501964762718 62.89497813379786
80.14501964762718 62.89497813379786 78.31723761168674 70.27778890434266
78.31723761168674 70.27778890434266 84.01576677196007 70.30081493901145
84.01576677196007 70.30081493901145 82.64641863711691 75.0805115256985
82.64641863711691 75.0805115256985 80.50390365587762 78.15867729239912
80.50390365587762 78.15867729239912 90.23846708693885 73.05500377267438
90.23846708693885 73.05500377267438 94.243992542498 75.60934731005591
94.243992542498 75.60934731005591 104.41559159500125 76.07315799861776
104.41559159500125 76.07315799861776 107.5531289865771 68.90183573083434
107.5531289865771 68.90183573083434 108.1497339494858 59.38274471601034
108.1497339494858 59.38274471601034 99.24256903640776 54.1518776853681
13.39685049897729 86.77219767446422 6.172547081240923 82.15867729239912
6.172547081240923 82.15867729239912 0.0 85.93704177283703
0.0 85.93704177283703 2.004136051412237 85.03774581475975
2.004136051412237 85.03774581475975 0.9004260640631836 89.2003354167988
0.9004260640631836 89.2003354167988 4.474302642357854 92.50429515387279
4.474302642357854 92.50429515387279 5.880421574260744 87.9973634081715
5.880421574260744 87.9973634081715 4.820354169216779 85.48370151576984
4.820354169216779 85.48370151576984 13.39685049897729 86.77219767446422
23.48136327441552 97.95624118396894 25.99095442731612 92.61202256473392
25.99095442731612 92.61202256473392 27.06797504953436 82.90505610528731
27.06797504953436 82.90505610528731 17.39685049897729 82.15867729239912
17.39685049897729 82.15867729239912 19.084815472510115 92.77023060534091
19.084815472510115 92.77023060534091 23.48136327441552 97.95624118396894
35.152487824972596 97.95624118396894 37.66207897787319 92.61202256473392
37.66207897787319 92.61202256473392 38.739099600091436 82.90505610528731
38.739099600091436 82.90505610528731 29.06797504953436 82.15867729239912
29.06797504953436 82.15867729239912 30.755940023067186 92.77023060534091
30.755940023067186 92.77023060534091 35.152487824972596 97.95624118396894
51.44798023623666 82.15867729239912 46.693250423592104 85.89694713588969
46.693250423592104 85.89694713588969 41.739099600091436 97.54774777169958
41.739099600091436 97.54774777169958 50.407813849762036 96.83465627498525
50.407813849762036 96.83465627498525 49.48555110152839 101.75555973049771
49.48555110152839 101.75555973049771 53.26367948457404 101.24022421538318
53.26367948457404 101.24022421538318 58.10402929520847 90.19693254385373
58.10402929520847 90.19693254385373 54.11726593801646 86.45920106332142
54.11726593801646 86.45920106332142 51.44798023623666 82.15867729239912
71.81290993135369 82.15867729239912 67.05818011870912 85.89694713588969
67.05818011870912 85.89694713588969 62.104029295208456 97.54774777169958
62.104029295208456 97.54774777169958 70.77274354487905 96.83465627498525
70.77274354487905 96.83465627498525 69.8504807966454 101.75555973049771
69.8504807966454 101.75555973049771 73.62860917969107 101.24022421538318
73.62860917969107 101.24022421538318 78.46895899032549 90.19693254385373
78.46895899032549 90.19693254385373 74.48219563313349 86.45920106332142
74.48219563313349 86.45920106332142 71.81290993135369 82.15867729239912
91.17783962647071 82.15867729239912 86.42310981382616 85.89694713588969
86.42310981382616 85.89694713588969 81.46895899032549 97.54774777169958
81.46895899032549 97.54774777169958 90.13767323999608 96.83465627498525
90.13767323999608 96.83465627498525 89.21541049176244 101.75555973049771
89.21541049176244 101.75555973049771 92.9935388748081 101.24022421538318
92.9935388748081 101.24022421538318 97.83388868544252 90.19693254385373
97.83388868544252 90.19693254385373 93.84712532825051 86.45920106332142
93.84712532825051 86.45920106332142 91.17783962647071 82.15867729239912
113.2307391844198 86.77219767446422 106.00643576668344 82.15867729239912
106.00643576668344 82.15867729239912 99.83388868544252 85.93704177283703
99.83388868544252 85.93704177283703 101.83802473685475 85.03774581475975
101.83802473685475 85.03774581475975 100.7343147495057 89.2003354167988
100.7343147495057 89.2003354167988 104.30819132780036 92.50429515387279
104.30819132780036 92.50429515387279 105.71431025970325 87.9973634081715
105.71431025970325 87.9973634081715 104.65424285465929 85.48370151576984
104.65424285465929 85.48370151576984 113.2307391844198 86.77219767446422
13.39685049897729 110.36908011256281 6.172547081240923 105.75555973049771
6.172547081240923 105.75555973049771 0.0 109.53392421093562
0.0 109.53392421093562 2.004136051412237 108.63462825285833
2.004136051412237 108.63462825285833 0.9004260640631836 112.79721785489738
0.9004260640631836 112.79721785489738 4.474302642357854 116.10117759197138
4.474302642357854 116.10117759197138 5.880421574260744 111.59424584627008
5.880421574260744 111.59424584627008 4.820354169216779 109.08058395386843
4.820354169216779 109.08058395386843 13.39685049897729 110.36908011256281
14.39685049897729 140.61474318695727 32.81646779169327 144.9949267983052
32.81646779169327 144.9949267983052 27.30700537235675 131.48080530808622
27.30700537235675 131.48080530808622 23.933002066816933 120.70060822126133
23.933002066816933 120.70060822126133 22.933370998859466 112.82246237871107
22.933370998859466 112.82246237871107 28.37604177163591 113.64544665950243
28.37604177163591 113.64544665950243 18.333000967297128 105.75555973049771
18.333000967297128 105.75555973049771 14.39685049897729 140.61474318695727
49.213318290670564 110.36908011256281 41.98901487293419 105.75555973049771
41.98901487293419 105.75555973049771 35.81646779169327 109.53392421093562
35.81646779169327 109.53392421093562 37.82060384310551 108.63462825285833
37.82060384310551 108.63462825285833 36.71689385575645 112.79721785489738
36.71689385575645 112.79721785489738 40.290770434051126 116.10117759197138
40.290770434051126 116.10117759197138 41.696889365954014 111.59424584627008
41.696889365954014 111.59424584627008 40.636821960910055 109.08058395386843
40.636821960910055 109.08058395386843 49.213318290670564 110.36908011256281
98.36235972198925 123.16105039647886 90.25004444834168 120.47478029334991
90.25004444834168 120.47478029334991 78.71507854270142 108.23537653420274
78.71507854270142 108.23537653420274 77.94302096313366 117.76967123220649
77.94302096313366 117.76967123220649 68.97003842716825 105.75555973049771
68.97003842716825 105.75555973049771 59.09163019352103 114.70920625315685
59.09163019352103 114.70920625315685 61.41870983577563 120.91344721572105
61.41870983577563 120.91344721572105 57.20698926958417 119.21174754424939
57.20698926958417 119.21174754424939 58.321061688369575 123.9052716937197
58.321061688369575 123.9052716937197 51.213318290670564 128.62805900967177
51.213318290670564 128.62805900967177 60.92183513130828 133.16325867602887
60.92183513130828 133.16325867602887 58.89862495847415 138.36901797007897
58.89862495847415 138.36901797007897 74.74607820139052 141.73634161200016
74.74607820139052 141.73634161200016 78.15756411583489 155.90743741586581
78.15756411583489 155.90743741586581 98.36235972198925 123.16105039647886
36.436813138427155 159.90743741586581 0.0 164.30955742183576
0.0 164.30955742183576 4.576670932293446 173.47650085314993
4.576670932293446 173.47650085314993 42.484741273887664 165.10902424776648
42.484741273887664 165.10902424776648 36.436813138427155 159.90743741586581
67.4100726986087 159.90743741586581 55.458801399870765 166.12927288567732
55.458801399870765 166.12927288567732 48.31252330982811 168.65053786429556
48.31252330982811 168.65053786429556 46.484741273887664 176.03334863484037
46.484741273887664 176.03334863484037 52.183270434160995 176.05637466950913
52.183270434160995 176.05637466950913 50.81392229931783 180.8360712561962
50.81392229931783 180.8360712561962 48.67140731807856 183.91423702289683
48.67140731807856 183.91423702289683 58.40597074913978 178.8105635031721
58.40597074913978 178.8105635031721 62.41149620469893 181.3649070405536
62.41149620469893 181.3649070405536 72.58309525720216 181.82871772911545
72.58309525720216 181.82871772911545 75.72063264877802 174.65739546133204
75.72063264877802 174.65739546133204 76.31723761168674 165.13830444650804
76.31723761168674 165.13830444650804 67.4100726986087 159.90743741586581
84.40175038712498 175.70500130743562 86.91134154002557 170.3607826882006
86.91134154002557 170.3607826882006 87.98836216224382 160.653816228754
87.98836216224382 160.653816228754 78.31723761168674 159.9074374158658
78.31723761168674 159.9074374158658 80.00520258521956 170.5189907288076
80.00520258521956 170.5189907288076 84.40175038712498 175.70500130743562
13.027836654660195 187.91423702289683 10.720948958384596 191.12416999653652
10.720948958384596 191.12416999653652 2.471181669496417 188.67747337318178
2.471181669496417 188.67747337318178 0.0 195.96283075314926
0.0 195.96283075314926 14.96942604477048 213.49694563098936
14.96942604477048 213.49694563098936 34.72484858368827 218.4415731474882
34.72484858368827 218.4415731474882 36.60154022046721 207.44391841770965
36.60154022046721 207.44391841770965 42.751743061526284 208.4875484294651
42.751743061526284 208.4875484294651 32.47078233897648 194.67461767295174
32.47078233897648 194.67461767295174 31.51356325742382 197.02582421113397
31.51356325742382 197.02582421113397 18.06053621376766 194.35151155991318
18.06053621376766 194.35151155991318 13.027836654660195 187.91423702289683
59.779579716186475 187.91423702289683 57.47269201991087 191.12416999653652
57.47269201991087 191.12416999653652 49.222924731022694 188.67747337318178
49.222924731022694 188.67747337318178 46.75174306152628 195.96283075314926
46.75174306152628 195.96283075314926 61.721169106296756 213.49694563098936
61.721169106296756 213.49694563098936 81.47659164521454 218.4415731474882
81.47659164521454 218.4415731474882 83.35328328199348 207.44391841770965
83.35328328199348 207.44391841770965 89.50348612305255 208.4875484294651
89.50348612305255 208.4875484294651 79.22252540050276 194.67461767295174
79.22252540050276 194.67461767295174 78.2653063189501 197.02582421113397
78.2653063189501 197.02582421113397 64.81227927529393 194.35151155991318
64.81227927529393 194.35151155991318 59.779579716186475 187.91423702289683
100.21236675919779 187.91423702289683 95.45763694655324 191.65250686638737
95.45763694655324 191.65250686638737 90.50348612305257 203.30330750219727
90.50348612305257 203.30330750219727 99.17220037272315 202.59021600548294
99.17220037272315 202.59021600548294 98.24993762448952 207.51111946099542
98.24993762448952 207.51111946099542 102.02806600753517 206.99578394588087
102.02806600753517 206.99578394588087 106.8684158181696 195.9524922743514
106.8684158181696 195.9524922743514 102.88165246097759 192.21476079381912
102.88165246097759 192.21476079381912 100.21236675919779 187.91423702289683
0.0 255.3007566039478 18.419617292715976 259.6809402152957
18.419617292715976 259.6809402152957 12.910154873379456 246.16681872507675
12.910154873379456 246.16681872507675 9.53615156783964 235.38662163825185
9.53615156783964 235.38662163825185 8.536520499882176 227.5084757957016
8.536520499882176 227.5084757957016 13.979191272658623 228.33146007649296
13.979191272658623 228.33146007649296 3.9361504683198376 220.44157314748824
3.9361504683198376 220.44157314748824 0.0 255.3007566039478
