195
0.0 4.269197896257671 4.474837361928845 3.9331174145380183
4.474837361928845 3.9331174145380183 3.6778375032510624 10.089008198174877
3.6778375032510624 10.089008198174877 5.887680578551715 8.263710310250136
5.887680578551715 8.263710310250136 8.069862562004285 8.66638330162015
8.069862562004285 8.66638330162015 12.334437364954876 1.8260488294455346
12.334437364954876 1.8260488294455346 9.665201286411719 5.654765030446038
9.665201286411719 5.654765030446038 3.1751917230725955 0.0
3.1751917230725955 0.0 0.0 4.269197896257671
17.452139256329424 0.0 14.334437364954876 3.879891405736892
14.334437364954876 3.879891405736892 19.417699808086525 5.646076199540812
19.417699808086525 5.646076199540812 17.452139256329424 0.0
22.361746000915897 16.131585983499484 31.953998360536566 13.79781060008785
31.953998360536566 13.79781060008785 27.35883842798343 9.013065764218862
27.35883842798343 9.013065764218862 23.56671992024826 0.0
23.56671992024826 0.0 20.803359231966706 7.555392376057139
20.803359231966706 7.555392376057139 20.417699808086528 6.867794070908042
20.417699808086528 6.867794070908042 22.361746000915897 16.131585983499484
34.20549765300398 4.910699362147829 31.95399836053656 9.78469650703969
31.95399836053656 9.78469650703969 40.09888241977688 0.0
40.09888241977688 0.0 34.20549765300398 4.910699362147829
44.932784100067046 3.4969420275946885 42.09888241977688 9.855651795285352
42.09888241977688 9.855651795285352 46.884117965548924 10.209343449515526
46.884117965548924 10.209343449515526 47.22891833875555 7.037111535918143
47.22891833875555 7.037111535918143 53.36010564656588 4.592822225536279
53.36010564656588 4.592822225536279 45.05244294136491 0.0
45.05244294136491 0.0 48.61033770522166 2.060520225769339
48.61033770522166 2.060520225769339 46.328282968742954 3.870286953601122
46.328282968742954 3.870286953601122 44.932784100067046 3.4969420275946885
4.844513019417944 25.787422347827082 4.540087020987611 26.954372050473538
4.540087020987611 26.954372050473538 6.463115453592161 24.12434950323722
6.463115453592161 24.12434950323722 7.383792641531122 25.35477087489512
7.383792641531122 25.35477087489512 7.36346273869381 16.131585983499484
7.36346273869381 16.131585983499484 6.683091776551928 18.739637516727676
6.683091776551928 18.739637516727676 3.5873524803144754 19.02056323004986
3.5873524803144754 19.02056323004986 0.0 17.604753252619997
0.0 17.604753252619997 4.844513019417944 25.787422347827082
7.403939558039246 18.3390871751767 9.714853740744648 18.275032975601917
9.714853740744648 18.275032975601917 11.900508674304065 19.883643967759184
11.900508674304065 19.883643967759184 7.383792641531123 19.786720561138317
7.383792641531123 19.786720561138317 17.98438875058791 21.929280656482597
17.98438875058791 21.929280656482597 9.58509001975388 16.131585983499484
9.58509001975388 16.131585983499484 7.403939558039246 18.3390871751767
25.940217223243863 16.131585983499484 19.98438875058791 21.375189775749465
19.98438875058791 21.375189775749465 30.391286947516036 27.47274167742151
30.391286947516036 27.47274167742151 29.43445813035322 31.00667143719791
29.43445813035322 31.00667143719791 34.919095278882125 25.121655449979286
34.919095278882125 25.121655449979286 25.940217223243863 16.131585983499484
36.783176886473704 30.49289327718545 43.217907272907546 38.28542478179634
43.217907272907546 38.28542478179634 45.560670763954725 31.977846471450707
45.560670763954725 31.977846471450707 39.89564150687649 29.164124102708364
39.89564150687649 29.164124102708364 40.87523066563754 18.34605514731065
40.87523066563754 18.34605514731065 37.18044619437881 16.131585983499484
37.18044619437881 16.131585983499484 34.919095278882125 24.041415819468313
34.919095278882125 24.041415819468313 39.90829097114656 25.475438582575954
39.90829097114656 25.475438582575954 36.783176886473704 30.49289327718545
45.560670763954725 16.131585983499484 47.039556394085515 21.746589155435753
47.039556394085515 21.746589155435753 53.47361027677236 20.06314913075871
53.47361027677236 20.06314913075871 46.71246772880801 16.71144773772901
46.71246772880801 16.71144773772901 45.560670763954725 16.131585983499484
0.8787674945561452 39.28542478179634 0.11583672064769424 46.49323900414195
0.11583672064769424 46.49323900414195 2.9004497782004783 42.968036161411234
2.9004497782004783 42.968036161411234 0.0 49.0531767134477
0.0 49.0531767134477 3.971800092691943 45.369923382170484
3.971800092691943 45.369923382170484 4.324780281108229 49.25218708562783
4.324780281108229 49.25218708562783 4.642147952431285 45.99659691456292
4.642147952431285 45.99659691456292 5.616203089685547 46.90719066785019
5.616203089685547 46.90719066785019 4.709939195894969 45.30118737588947
4.709939195894969 45.30118737588947 5.288022279505533 39.37115172602107
5.288022279505533 39.37115172602107 3.9937496965334702 44.03201765443959
3.9937496965334702 44.03201765443959 0.8787674945561452 39.28542478179634
7.616203089685547 41.76122899697057 9.188128664456467 42.15369734450364
9.188128664456467 42.15369734450364 9.18600825736037 39.28542478179634
9.18600825736037 39.28542478179634 7.616203089685547 41.76122899697057
9.188128664456467 48.743046581192445 16.06572724246757 48.16613252541492
16.06572724246757 48.16613252541492 20.627087864046175 51.235609391276
20.627087864046175 51.235609391276 11.553311655882943 39.28542478179634
11.553311655882943 39.28542478179634 9.188128664456467 48.743046581192445
23.210802782766322 42.26598513333622 21.627087864046175 48.84373361583214
21.627087864046175 48.84373361583214 24.90303074469712 40.93035715815935
24.90303074469712 40.93035715815935 24.81179747762263 39.28542478179634
24.81179747762263 39.28542478179634 23.210802782766322 42.26598513333622
26.90303074469712 43.17657579093971 29.001116673774806 52.207694267041774
29.001116673774806 52.207694267041774 32.22127272902679 56.98885180734561
32.22127272902679 56.98885180734561 30.394522729522237 52.606423897312226
30.394522729522237 52.606423897312226 33.527854980076754 47.21094137170809
33.527854980076754 47.21094137170809 28.84690197094873 43.25127840415513
28.84690197094873 43.25127840415513 27.683349497990505 39.28542478179634
27.683349497990505 39.28542478179634 26.90303074469712 43.17657579093971
42.8375417004236 43.19121976605959 41.01757667526825 47.26283430340579
41.01757667526825 47.26283430340579 44.88416521942824 44.32186739305456
44.88416521942824 44.32186739305456 45.86794364363952 44.373714069543034
45.86794364363952 44.373714069543034 43.20468356652361 43.04482610539404
43.20468356652361 43.04482610539404 46.24226993683093 41.8336229455345
46.24226993683093 41.8336229455345 42.957997403231296 42.921737010138926
42.957997403231296 42.921737010138926 36.68946934090029 39.28542478179634
36.68946934090029 39.28542478179634 35.527854980076754 46.1058745524424
35.527854980076754 46.1058745524424 42.8375417004236 43.19121976605959
10.39533259430241 63.59630938144822 10.180011658693235 57.98885180734562
10.180011658693235 57.98885180734562 2.825865787778582 58.300961737463616
2.825865787778582 58.300961737463616 0.0 62.51991771099328
0.0 62.51991771099328 10.39533259430241 63.59630938144822
15.510180627517538 59.239912804715324 11.39533259430241 67.96229693725492
11.39533259430241 67.96229693725492 15.771462069437849 63.13303282263682
15.771462069437849 63.13303282263682 18.051055846159436 63.84051797105893
18.051055846159436 63.84051797105893 17.0771158475356 59.648718070097715
17.0771158475356 59.648718070097715 18.474311181684374 59.47726299210829
18.474311181684374 59.47726299210829 17.25443581103982 58.12009309905165
17.25443581103982 58.12009309905165 16.458511415976552 57.98885180734562
16.458511415976552 57.98885180734562 11.735147149346869 62.57562094216869
11.735147149346869 62.57562094216869 15.510180627517538 59.239912804715324
20.474311181684374 63.19917347105336 21.17812554093897 62.15126335614517
21.17812554093897 62.15126335614517 23.75629492123101 70.58574400952499
23.75629492123101 70.58574400952499 26.62639000522345 64.41283271897343
26.62639000522345 64.41283271897343 29.541263999624455 64.83022368494161
29.541263999624455 64.83022368494161 20.61195719039428 57.98885180734561
20.61195719039428 57.98885180734561 20.474311181684374 63.19917347105336
40.26840721281485 67.57732043661554 41.823324758292834 57.98885180734562
41.823324758292834 57.98885180734562 33.89541108361469 63.713058410999814
33.89541108361469 63.713058410999814 31.541263999624455 62.63034735728745
31.541263999624455 62.63034735728745 37.11100971644552 66.57985551414467
37.11100971644552 66.57985551414467 40.26840721281485 67.57732043661554
43.823324758292834 63.155551041721615 45.24749694712506 63.93165574448991
45.24749694712506 63.93165574448991 45.02821398456216 57.98885180734562
45.02821398456216 57.98885180734562 43.823324758292834 63.155551041721615
45.24749694712506 62.8125059674883 49.035666778147444 66.30178912515838
49.035666778147444 66.30178912515838 50.65971373680061 57.98885180734562
50.65971373680061 57.98885180734562 47.220198952329085 58.067955391330656
47.220198952329085 58.067955391330656 45.24749694712506 62.8125059674883
4.599592302761771 71.58574400952499 3.3428670868928894 72.03798424385425
3.3428670868928894 72.03798424385425 0.0 78.5858500195813
0.0 78.5858500195813 4.1644265451695155 75.31087254029025
4.1644265451695155 75.31087254029025 4.625558933404504 80.99877871632357
4.625558933404504 80.99877871632357 9.552193250020602 84.06952324267549
9.552193250020602 84.06952324267549 5.990501229095001 78.72373581749022
5.990501229095001 78.72373581749022 8.460058575195177 78.46985620589378
8.460058575195177 78.46985620589378 5.782115173231569 78.39699446504456
5.782115173231569 78.39699446504456 4.599592302761771 71.58574400952499
13.395995229776645 78.01996184335957 17.70988491820315 71.58574400952499
17.70988491820315 71.58574400952499 11.552193250020602 73.42563013293868
11.552193250020602 73.42563013293868 13.395995229776645 78.01996184335957
34.00749725794646 79.67071120824657 29.598116059732153 71.58574400952497
29.598116059732153 71.58574400952497 27.274253138120383 76.2560706178995
27.274253138120383 76.2560706178995 19.70988491820315 77.27632460724799
19.70988491820315 77.27632460724799 27.37522222991032 81.6274400940107
27.37522222991032 81.6274400940107 34.00749725794646 79.67071120824657
35.69443156328974 78.79598775424871 38.533961426135946 82.9207851431786
38.533961426135946 82.9207851431786 39.810291900085744 74.45153663247925
39.810291900085744 74.45153663247925 42.966425465876554 72.98440555154883
42.966425465876554 72.98440555154883 38.99784947117485 71.58574400952499
38.99784947117485 71.58574400952499 38.28270113032192 74.30063043886128
38.28270113032192 74.30063043886128 35.00749725794646 76.6841193631924
35.00749725794646 76.6841193631924 38.02424928539614 75.28177989603417
38.02424928539614 75.28177989603417 37.54791764782945 77.09005689930736
37.54791764782945 77.09005689930736 35.69443156328974 78.79598775424871
6.728204153598055 88.44529999164926 8.193345103163896 92.45130950811651
8.193345103163896 92.45130950811651 15.965837343308104 94.68319784528796
15.965837343308104 94.68319784528796 12.380245850395916 91.26578373899643
12.380245850395916 91.26578373899643 12.201594621294547 90.69319808396061
12.201594621294547 90.69319808396061 13.352113641461779 91.16571133253399
13.352113641461779 91.16571133253399 12.194309825881547 90.66984996945652
12.194309825881547 90.66984996945652 10.60976891673348 85.59132126881816
10.60976891673348 85.59132126881816 7.1042093556724435 88.48987429188955
7.1042093556724435 88.48987429188955 10.549103988532476 85.39688729919816
10.549103988532476 85.39688729919816 10.134955960063424 84.0695232426755
10.134955960063424 84.0695232426755 0.0 85.68205527691225
0.0 85.68205527691225 6.728204153598055 88.44529999164926
26.267492747816654 86.82230265402792 24.109898361121736 84.0695232426755
24.109898361121736 84.0695232426755 17.9658373433081 86.15100537698251
17.9658373433081 86.15100537698251 20.870392028743296 87.86497930079234
20.870392028743296 87.86497930079234 19.457237057104976 86.3400520870598
19.457237057104976 86.3400520870598 22.837541294014702 89.38752926045699
22.837541294014702 89.38752926045699 23.929263019728563 92.93414181752023
23.929263019728563 92.93414181752023 19.959217158017427 96.83338757982719
19.959217158017427 96.83338757982719 22.78351142628107 95.05263719361673
22.78351142628107 95.05263719361673 25.988247474876943 94.93662477469614
25.988247474876943 94.93662477469614 24.841008868200547 89.80623009642099
24.841008868200547 89.80623009642099 28.823890885987765 86.5279291142197
28.823890885987765 86.5279291142197 26.267492747816654 86.82230265402792
37.56240707416193 93.59905968015053 38.13370413093862 94.49533964407618
38.13370413093862 94.49533964407618 41.25872563404326 90.03035818588955
41.25872563404326 90.03035818588955 38.20210775102604 85.79906665481342
38.20210775102604 85.79906665481342 34.3962890856139 86.34202107170351
34.3962890856139 86.34202107170351 35.781704487565705 85.33157226473944
35.781704487565705 85.33157226473944 30.034035652922732 84.0695232426755
30.034035652922732 84.0695232426755 32.622657590160514 85.76408399005985
32.622657590160514 85.76408399005985 29.823890885987772 93.90734555116657
29.823890885987772 93.90734555116657 30.943224054193962 90.69189554241517
30.943224054193962 90.69189554241517 31.416997779369858 92.60948906230422
31.416997779369858 92.60948906230422 36.38554871222928 97.2717241346503
36.38554871222928 97.2717241346503 37.56240707416193 93.59905968015053
52.43906673680169 87.86822152042907 50.11208566117369 84.0695232426755
50.11208566117369 84.0695232426755 42.25872563404326 92.09708474097955
42.25872563404326 92.09708474097955 51.040405365943506 99.100945055853
51.040405365943506 99.100945055853 48.22658488580545 89.2906427049005
48.22658488580545 89.2906427049005 52.43906673680169 87.86822152042907
