141
0.0 0.0 599.0 0.0
599.0 0.0 799.0 200.0
799.0 200.0 300.0 700.0
300.0 700.0 0.0 0.0
799.0 300.0 1298.0 0.0
1298.0 0.0 1499.0 200.0
1499.0 200.0 1598.0 400.0
1598.0 400.0 998.0 499.0
998.0 499.0 799.0 300.0
1598.0 0.0 2597.0 99.0
2597.0 99.0 2897.0 300.0
2897.0 300.0 2798.0 500.0
2798.0 500.0 2097.0 700.0
2097.0 700.0 1698.0 499.0
1698.0 499.0 1598.0 0.0
2897.0 599.0 3197.0 0.0
3197.0 0.0 3796.0 0.0
3796.0 0.0 3297.0 199.0
3297.0 199.0 2897.0 599.0
3796.0 0.0 4795.0 0.0
4795.0 0.0 4696.0 399.0
4696.0 399.0 4196.0 200.0
4196.0 200.0 3996.0 299.0
3996.0 299.0 3796.0 0.0
400.0 700.0 600.0 1400.0
600.0 1400.0 0.0 1099.0
0.0 1099.0 400.0 700.0
699.0 700.0 1400.0 700.0
1400.0 700.0 999.0 1000.0
999.0 1000.0 1300.0 1300.0
1300.0 1300.0 600.0 1199.0
600.0 1199.0 699.0 700.0
1499.0 700.0 2097.0 700.0
2097.0 700.0 2200.0 700.0
2200.0 700.0 1799.0 1000.0
1799.0 1000.0 2100.0 1300.0
2100.0 1300.0 1400.0 1199.0
1400.0 1199.0 1499.0 700.0
2200.0 1000.0 2699.0 700.0
2699.0 700.0 2900.0 900.0
2900.0 900.0 2999.0 1100.0
2999.0 1100.0 2399.0 1199.0
2399.0 1199.0 2200.0 1000.0
2999.0 700.0 3998.0 700.0
3998.0 700.0 3899.0 1099.0
3899.0 1099.0 3399.0 900.0
3399.0 900.0 3199.0 999.0
3199.0 999.0 2999.0 700.0
3998.0 799.0 4297.0 700.0
4297.0 700.0 4698.0 900.0
4698.0 900.0 4398.0 1199.0
4398.0 1199.0 4098.0 999.0
4098.0 999.0 3998.0 799.0
0.0 1400.0 1000.0 1599.0
1000.0 1599.0 800.0 1900.0
800.0 1900.0 400.0 1800.0
400.0 1800.0 0.0 1400.0
1000.0 1499.0 1299.0 1400.0
1299.0 1400.0 1700.0 1600.0
1700.0 1600.0 1400.0 1899.0
1400.0 1899.0 1100.0 1699.0
1100.0 1699.0 1000.0 1499.0
1900.0 1400.0 2299.0 1599.0
2299.0 1599.0 2599.0 1500.0
2599.0 1500.0 2399.0 1699.0
2399.0 1699.0 1999.0 1899.0
1999.0 1899.0 2199.0 2099.0
2199.0 2099.0 1700.0 2199.0
1700.0 2199.0 1900.0 1400.0
2799.0 1400.0 3198.0 1599.0
3198.0 1599.0 3498.0 1500.0
3498.0 1500.0 3298.0 1699.0
3298.0 1699.0 2898.0 1899.0
2898.0 1899.0 3098.0 2099.0
3098.0 2099.0 2599.0 2199.0
2599.0 2199.0 2799.0 1400.0
3698.0 1700.0 4098.0 1400.0
4098.0 1400.0 4198.0 2100.0
4198.0 2100.0 3498.0 2400.0
3498.0 2400.0 3698.0 1700.0
0.0 2400.0 1000.0 2599.0
1000.0 2599.0 800.0 2900.0
800.0 2900.0 400.0 2800.0
400.0 2800.0 0.0 2400.0
1000.0 2400.0 1700.0 2400.0
1700.0 2400.0 1499.0 3100.0
1499.0 3100.0 1000.0 2400.0
1700.0 2999.0 2000.0 2400.0
2000.0 2400.0 2599.0 2400.0
2599.0 2400.0 2100.0 2599.0
2100.0 2599.0 1700.0 2999.0
2799.0 2700.0 3199.0 2400.0
3199.0 2400.0 3299.0 3100.0
3299.0 3100.0 2599.0 3400.0
2599.0 3400.0 2799.0 2700.0
3499.0 2400.0 3699.0 3100.0
3699.0 3100.0 3498.0 3299.0
3498.0 3299.0 3399.0 3000.0
3399.0 3000.0 3299.0 2800.0
3299.0 2800.0 3499.0 2400.0
3899.0 2400.0 4099.0 3100.0
4099.0 3100.0 3898.0 3299.0
3898.0 3299.0 3799.0 3000.0
3799.0 3000.0 3699.0 2800.0
3699.0 2800.0 3899.0 2400.0
300.0 3400.0 1099.0 3400.0
1099.0 3400.0 1099.0 3599.0
1099.0 3599.0 1099.0 3700.0
1099.0 3700.0 300.0 4100.0
300.0 4100.0 0.0 3900.0
0.0 3900.0 300.0 3400.0
1099.0 3599.0 1598.0 3400.0
1598.0 3400.0 1498.0 3799.0
1498.0 3799.0 1099.0 3700.0
1099.0 3700.0 1099.0 3599.0
1998.0 3400.0 2198.0 4100.0
2198.0 4100.0 1598.0 3799.0
1598.0 3799.0 1998.0 3400.0
2198.0 3599.0 2697.0 3400.0
2697.0 3400.0 2597.0 3799.0
2597.0 3799.0 2198.0 3700.0
2198.0 3700.0 2198.0 3599.0
2697.0 3400.0 3696.0 3499.0
3696.0 3499.0 3996.0 3700.0
3996.0 3700.0 3897.0 3900.0
3897.0 3900.0 3196.0 4100.0
3196.0 4100.0 2797.0 3899.0
2797.0 3899.0 2697.0 3400.0
300.0 4100.0 1099.0 4100.0
1099.0 4100.0 1099.0 4400.0
1099.0 4400.0 300.0 4800.0
300.0 4800.0 0.0 4600.0
0.0 4600.0 300.0 4100.0
1099.0 4100.0 1799.0 4100.0
1799.0 4100.0 1598.0 4800.0
1598.0 4800.0 1099.0 4100.0
1799.0 4100.0 2198.0 4100.0
2198.0 4100.0 2398.0 4100.0
2398.0 4100.0 2598.0 4300.0
2598.0 4300.0 2099.0 4800.0
2099.0 4800.0 1799.0 4100.0
