285
0.0 0.0 599.0 0.0
599.0 0.0 799.0 200.0
799.0 200.0 300.0 700.0
300.0 700.0 0.0 0.0
999.0 300.0 1399.0 0.0
1399.0 0.0 1499.0 700.0
1499.0 700.0 799.0 1000.0
799.0 1000.0 999.0 300.0
1699.0 300.0 2099.0 0.0
2099.0 0.0 2199.0 700.0
2199.0 700.0 1499.0 1000.0
1499.0 1000.0 1699.0 300.0
2199.0 0.0 2798.0 0.0
2798.0 0.0 2998.0 200.0
2998.0 200.0 2499.0 700.0
2499.0 700.0 2199.0 0.0
2998.0 99.0 3297.0 0.0
3297.0 0.0 3698.0 200.0
3698.0 200.0 3398.0 499.0
3398.0 499.0 3098.0 299.0
3098.0 299.0 2998.0 99.0
4098.0 0.0 4298.0 700.0
4298.0 700.0 3698.0 399.0
3698.0 399.0 4098.0 0.0
4298.0 0.0 5297.0 0.0
5297.0 0.0 5198.0 399.0
5198.0 399.0 4698.0 200.0
4698.0 200.0 4498.0 299.0
4498.0 299.0 4298.0 0.0
5297.0 0.0 6297.0 199.0
6297.0 199.0 6097.0 500.0
6097.0 500.0 5697.0 400.0
5697.0 400.0 5297.0 0.0
0.0 1000.0 700.0 1000.0
700.0 1000.0 499.0 1700.0
499.0 1700.0 0.0 1000.0
700.0 1000.0 799.0 1000.0
799.0 1000.0 1499.0 1000.0
1499.0 1000.0 1699.0 1000.0
1699.0 1000.0 1600.0 1399.0
1600.0 1399.0 1100.0 1200.0
1100.0 1200.0 900.0 1299.0
900.0 1299.0 700.0 1000.0
1798.0 1000.0 2499.0 1000.0
2499.0 1000.0 2098.0 1300.0
2098.0 1300.0 2399.0 1600.0
2399.0 1600.0 1699.0 1499.0
1699.0 1499.0 1798.0 1000.0
2799.0 1000.0 3598.0 1000.0
3598.0 1000.0 3598.0 1199.0
3598.0 1199.0 3598.0 1300.0
3598.0 1300.0 2799.0 1700.0
2799.0 1700.0 2499.0 1500.0
2499.0 1500.0 2799.0 1000.0
3598.0 1199.0 4097.0 1000.0
4097.0 1000.0 3997.0 1399.0
3997.0 1399.0 3598.0 1300.0
3598.0 1300.0 3598.0 1199.0
4097.0 1000.0 5096.0 1099.0
5096.0 1099.0 5396.0 1300.0
5396.0 1300.0 5297.0 1500.0
5297.0 1500.0 4596.0 1700.0
4596.0 1700.0 4197.0 1499.0
4197.0 1499.0 4097.0 1000.0
5796.0 1000.0 5996.0 1700.0
5996.0 1700.0 5396.0 1399.0
5396.0 1399.0 5796.0 1000.0
0.0 1700.0 999.0 1799.0
999.0 1799.0 1299.0 2000.0
1299.0 2000.0 1200.0 2200.0
1200.0 2200.0 499.0 2400.0
499.0 2400.0 100.0 2199.0
100.0 2199.0 0.0 1700.0
1699.0 1700.0 1899.0 2400.0
1899.0 2400.0 1299.0 2099.0
1299.0 2099.0 1699.0 1700.0
1899.0 1700.0 2498.0 1700.0
2498.0 1700.0 2698.0 1900.0
2698.0 1900.0 2199.0 2400.0
2199.0 2400.0 1899.0 1700.0
2698.0 1799.0 2997.0 1700.0
2997.0 1700.0 3398.0 1900.0
3398.0 1900.0 3098.0 2199.0
3098.0 2199.0 2798.0 1999.0
2798.0 1999.0 2698.0 1799.0
3398.0 2000.0 3897.0 1700.0
3897.0 1700.0 4098.0 1900.0
4098.0 1900.0 4197.0 2100.0
4197.0 2100.0 3597.0 2199.0
3597.0 2199.0 3398.0 2000.0
4497.0 1700.0 4596.0 1700.0
4596.0 1700.0 5296.0 1700.0
5296.0 1700.0 5296.0 2000.0
5296.0 2000.0 4497.0 2400.0
4497.0 2400.0 4197.0 2200.0
4197.0 2200.0 4497.0 1700.0
5696.0 1700.0 5896.0 2400.0
5896.0 2400.0 5296.0 2099.0
5296.0 2099.0 5696.0 1700.0
300.0 2400.0 499.0 2400.0
499.0 2400.0 1099.0 2400.0
1099.0 2400.0 1099.0 2700.0
1099.0 2700.0 300.0 3100.0
300.0 3100.0 0.0 2900.0
0.0 2900.0 300.0 2400.0
1099.0 2400.0 2099.0 2599.0
2099.0 2599.0 1899.0 2900.0
1899.0 2900.0 1499.0 2800.0
1499.0 2800.0 1099.0 2400.0
2299.0 2400.0 2698.0 2599.0
2698.0 2599.0 2998.0 2500.0
2998.0 2500.0 2798.0 2699.0
2798.0 2699.0 2398.0 2899.0
2398.0 2899.0 2598.0 3099.0
2598.0 3099.0 2099.0 3199.0
2099.0 3199.0 2299.0 2400.0
2998.0 2499.0 3297.0 2400.0
3297.0 2400.0 3698.0 2600.0
3698.0 2600.0 3398.0 2899.0
3398.0 2899.0 3098.0 2699.0
3098.0 2699.0 2998.0 2499.0
3698.0 2400.0 4398.0 2400.0
4398.0 2400.0 4197.0 3100.0
4197.0 3100.0 3698.0 2400.0
4398.0 2400.0 5398.0 2599.0
5398.0 2599.0 5198.0 2900.0
5198.0 2900.0 4798.0 2800.0
4798.0 2800.0 4398.0 2400.0
5398.0 2400.0 5896.0 2400.0
5896.0 2400.0 6098.0 2400.0
6098.0 2400.0 5897.0 3100.0
5897.0 3100.0 5398.0 2400.0
0.0 3398.0 499.0 3199.0
499.0 3199.0 399.0 3598.0
399.0 3598.0 0.0 3499.0
0.0 3499.0 0.0 3398.0
598.0 3199.0 1299.0 3199.0
1299.0 3199.0 898.0 3499.0
898.0 3499.0 1199.0 3799.0
1199.0 3799.0 499.0 3698.0
499.0 3698.0 598.0 3199.0
1499.0 3199.0 1699.0 3899.0
1699.0 3899.0 1498.0 4098.0
1498.0 4098.0 1399.0 3799.0
1399.0 3799.0 1299.0 3599.0
1299.0 3599.0 1499.0 3199.0
1798.0 3199.0 2099.0 3199.0
2099.0 3199.0 2499.0 3199.0
2499.0 3199.0 2098.0 3499.0
2098.0 3499.0 2399.0 3799.0
2399.0 3799.0 1699.0 3698.0
1699.0 3698.0 1798.0 3199.0
2499.0 3199.0 3499.0 3398.0
3499.0 3398.0 3299.0 3699.0
3299.0 3699.0 2899.0 3599.0
2899.0 3599.0 2499.0 3199.0
3699.0 3199.0 4098.0 3398.0
4098.0 3398.0 4398.0 3299.0
4398.0 3299.0 4198.0 3498.0
4198.0 3498.0 3798.0 3698.0
3798.0 3698.0 3998.0 3898.0
3998.0 3898.0 3499.0 3998.0
3499.0 3998.0 3699.0 3199.0
4497.0 3199.0 5198.0 3199.0
5198.0 3199.0 4797.0 3499.0
4797.0 3499.0 5098.0 3799.0
5098.0 3799.0 4398.0 3698.0
4398.0 3698.0 4497.0 3199.0
5398.0 3199.0 5797.0 3398.0
5797.0 3398.0 6097.0 3299.0
6097.0 3299.0 5897.0 3498.0
5897.0 3498.0 5497.0 3698.0
5497.0 3698.0 5697.0 3898.0
5697.0 3898.0 5198.0 3998.0
5198.0 3998.0 5398.0 3199.0
0.0 4098.0 999.0 4197.0
999.0 4197.0 1299.0 4398.0
1299.0 4398.0 1200.0 4598.0
1200.0 4598.0 499.0 4798.0
499.0 4798.0 100.0 4597.0
100.0 4597.0 0.0 4098.0
1299.0 4098.0 1498.0 4098.0
1498.0 4098.0 2298.0 4098.0
2298.0 4098.0 2199.0 4497.0
2199.0 4497.0 1699.0 4298.0
1699.0 4298.0 1499.0 4397.0
1499.0 4397.0 1299.0 4098.0
2498.0 4098.0 2698.0 4798.0
2698.0 4798.0 2497.0 4997.0
2497.0 4997.0 2398.0 4698.0
2398.0 4698.0 2298.0 4498.0
2298.0 4498.0 2498.0 4098.0
2698.0 4197.0 2997.0 4098.0
2997.0 4098.0 3398.0 4298.0
3398.0 4298.0 3098.0 4597.0
3098.0 4597.0 2798.0 4397.0
2798.0 4397.0 2698.0 4197.0
3398.0 4697.0 3698.0 4098.0
3698.0 4098.0 4297.0 4098.0
4297.0 4098.0 3798.0 4297.0
3798.0 4297.0 3398.0 4697.0
4497.0 4398.0 4897.0 4098.0
4897.0 4098.0 4997.0 4798.0
4997.0 4798.0 4297.0 5098.0
4297.0 5098.0 4497.0 4398.0
4997.0 4297.0 5496.0 4098.0
5496.0 4098.0 5396.0 4497.0
5396.0 4497.0 4997.0 4398.0
4997.0 4398.0 4997.0 4297.0
5496.0 4697.0 5796.0 4098.0
5796.0 4098.0 6395.0 4098.0
6395.0 4098.0 5896.0 4297.0
5896.0 4297.0 5496.0 4697.0
0.0 5098.0 999.0 5197.0
999.0 5197.0 1299.0 5398.0
1299.0 5398.0 1200.0 5598.0
1200.0 5598.0 499.0 5798.0
499.0 5798.0 100.0 5597.0
100.0 5597.0 0.0 5098.0
1299.0 5098.0 1898.0 5098.0
1898.0 5098.0 2098.0 5298.0
2098.0 5298.0 1599.0 5798.0
1599.0 5798.0 1299.0 5098.0
2098.0 5398.0 2597.0 5098.0
2597.0 5098.0 2798.0 5298.0
2798.0 5298.0 2897.0 5498.0
2897.0 5498.0 2297.0 5597.0
2297.0 5597.0 2098.0 5398.0
3097.0 5398.0 3497.0 5098.0
3497.0 5098.0 3597.0 5798.0
3597.0 5798.0 2897.0 6098.0
2897.0 6098.0 3097.0 5398.0
3597.0 5398.0 4096.0 5098.0
4096.0 5098.0 4297.0 5298.0
4297.0 5298.0 4396.0 5498.0
4396.0 5498.0 3796.0 5597.0
3796.0 5597.0 3597.0 5398.0
4396.0 5098.0 5096.0 5098.0
5096.0 5098.0 4895.0 5798.0
4895.0 5798.0 4396.0 5098.0
5096.0 5297.0 5595.0 5098.0
5595.0 5098.0 5495.0 5497.0
5495.0 5497.0 5096.0 5398.0
5096.0 5398.0 5096.0 5297.0
5795.0 5098.0 6194.0 5297.0
6194.0 5297.0 6494.0 5198.0
6494.0 5198.0 6294.0 5397.0
6294.0 5397.0 5894.0 5597.0
5894.0 5597.0 6094.0 5797.0
6094.0 5797.0 5595.0 5897.0
5595.0 5897.0 5795.0 5098.0
200.0 6098.0 400.0 6798.0
400.0 6798.0 199.0 6997.0
199.0 6997.0 100.0 6698.0
100.0 6698.0 0.0 6498.0
0.0 6498.0 200.0 6098.0
400.0 6398.0 899.0 6098.0
899.0 6098.0 1100.0 6298.0
1100.0 6298.0 1199.0 6498.0
1199.0 6498.0 599.0 6597.0
599.0 6597.0 400.0 6398.0
1199.0 6098.0 2198.0 6098.0
2198.0 6098.0 2099.0 6497.0
2099.0 6497.0 1599.0 6298.0
1599.0 6298.0 1399.0 6397.0
1399.0 6397.0 1199.0 6098.0
2498.0 6098.0 2897.0 6098.0
2897.0 6098.0 3297.0 6098.0
3297.0 6098.0 3297.0 6398.0
3297.0 6398.0 2498.0 6798.0
2498.0 6798.0 2198.0 6598.0
2198.0 6598.0 2498.0 6098.0
3297.0 6697.0 3597.0 6098.0
3597.0 6098.0 4196.0 6098.0
4196.0 6098.0 3697.0 6297.0
3697.0 6297.0 3297.0 6697.0
4196.0 6697.0 4496.0 6098.0
4496.0 6098.0 5095.0 6098.0
5095.0 6098.0 4596.0 6297.0
4596.0 6297.0 4196.0 6697.0
5295.0 6098.0 5495.0 6798.0
5495.0 6798.0 5294.0 6997.0
5294.0 6997.0 5195.0 6698.0
5195.0 6698.0 5095.0 6498.0
5095.0 6498.0 5295.0 6098.0
