276
0.0 0.0 599.0 0.0
599.0 0.0 799.0 200.0
799.0 200.0 300.0 700.0
300.0 700.0 0.0 0.0
1110.0 300.0 1510.0 0.0
1510.0 0.0 1610.0 700.0
1610.0 700.0 910.0 1000.0
910.0 1000.0 1110.0 300.0
1967.0 300.0 2367.0 0.0
2367.0 0.0 2467.0 700.0
2467.0 700.0 1767.0 1000.0
1767.0 1000.0 1967.0 300.0
2623.0 0.0 3222.0 0.0
3222.0 0.0 3422.0 200.0
3422.0 200.0 2923.0 700.0
2923.0 700.0 2623.0 0.0
3509.0 99.0 3808.0 0.0
3808.0 0.0 4209.0 200.0
4209.0 200.0 3909.0 499.0
3909.0 499.0 3609.0 299.0
3609.0 299.0 3509.0 99.0
4741.0 0.0 4941.0 700.0
4941.0 700.0 4341.0 399.0
4341.0 399.0 4741.0 0.0
5059.0 0.0 6058.0 0.0
6058.0 0.0 5959.0 399.0
5959.0 399.0 5459.0 200.0
5459.0 200.0 5259.0 299.0
5259.0 299.0 5059.0 0.0
0.0 1124.0 1000.0 1323.0
1000.0 1323.0 800.0 1624.0
800.0 1624.0 400.0 1524.0
400.0 1524.0 0.0 1124.0
1153.0 1124.0 1853.0 1124.0
1853.0 1124.0 1652.0 1824.0
1652.0 1824.0 1153.0 1124.0
1939.0 1124.0 2938.0 1124.0
2938.0 1124.0 2839.0 1523.0
2839.0 1523.0 2339.0 1324.0
2339.0 1324.0 2139.0 1423.0
2139.0 1423.0 1939.0 1124.0
3164.0 1124.0 3865.0 1124.0
3865.0 1124.0 3464.0 1424.0
3464.0 1424.0 3765.0 1724.0
3765.0 1724.0 3065.0 1623.0
3065.0 1623.0 3164.0 1124.0
4306.0 1124.0 5105.0 1124.0
5105.0 1124.0 5105.0 1424.0
5105.0 1424.0 4306.0 1824.0
4306.0 1824.0 4006.0 1624.0
4006.0 1624.0 4306.0 1124.0
5250.0 1323.0 5749.0 1124.0
5749.0 1124.0 5649.0 1523.0
5649.0 1523.0 5250.0 1424.0
5250.0 1424.0 5250.0 1323.0
0.0 1953.0 999.0 2052.0
999.0 2052.0 1299.0 2253.0
1299.0 2253.0 1200.0 2453.0
1200.0 2453.0 499.0 2653.0
499.0 2653.0 100.0 2452.0
100.0 2452.0 0.0 1953.0
1761.0 1953.0 1961.0 2653.0
1961.0 2653.0 1361.0 2352.0
1361.0 2352.0 1761.0 1953.0
2036.0 1953.0 3035.0 2052.0
3035.0 2052.0 3335.0 2253.0
3335.0 2253.0 3236.0 2453.0
3236.0 2453.0 2535.0 2653.0
2535.0 2653.0 2136.0 2452.0
2136.0 2452.0 2036.0 1953.0
3837.0 1953.0 4037.0 2653.0
4037.0 2653.0 3437.0 2352.0
3437.0 2352.0 3837.0 1953.0
4090.0 1953.0 4689.0 1953.0
4689.0 1953.0 4889.0 2153.0
4889.0 2153.0 4390.0 2653.0
4390.0 2653.0 4090.0 1953.0
5016.0 2052.0 5315.0 1953.0
5315.0 1953.0 5716.0 2153.0
5716.0 2153.0 5416.0 2452.0
5416.0 2452.0 5116.0 2252.0
5116.0 2252.0 5016.0 2052.0
0.0 3006.0 499.0 2706.0
499.0 2706.0 700.0 2906.0
700.0 2906.0 799.0 3106.0
799.0 3106.0 199.0 3205.0
199.0 3205.0 0.0 3006.0
1183.0 2706.0 1982.0 2706.0
1982.0 2706.0 1982.0 3006.0
1982.0 3006.0 1183.0 3406.0
1183.0 3406.0 883.0 3206.0
883.0 3206.0 1183.0 2706.0
2463.0 2706.0 2663.0 3406.0
2663.0 3406.0 2063.0 3105.0
2063.0 3105.0 2463.0 2706.0
3026.0 2706.0 3825.0 2706.0
3825.0 2706.0 3825.0 3006.0
3825.0 3006.0 3026.0 3406.0
3026.0 3406.0 2726.0 3206.0
2726.0 3206.0 3026.0 2706.0
3970.0 2706.0 4970.0 2905.0
4970.0 2905.0 4770.0 3206.0
4770.0 3206.0 4370.0 3106.0
4370.0 3106.0 3970.0 2706.0
5256.0 2706.0 5655.0 2905.0
5655.0 2905.0 5955.0 2806.0
5955.0 2806.0 5755.0 3005.0
5755.0 3005.0 5355.0 3205.0
5355.0 3205.0 5555.0 3405.0
5555.0 3405.0 5056.0 3505.0
5056.0 3505.0 5256.0 2706.0
0.0 3712.0 299.0 3613.0
299.0 3613.0 700.0 3813.0
700.0 3813.0 400.0 4112.0
400.0 4112.0 100.0 3912.0
100.0 3912.0 0.0 3712.0
800.0 3613.0 1500.0 3613.0
1500.0 3613.0 1299.0 4313.0
1299.0 4313.0 800.0 3613.0
1606.0 3613.0 2606.0 3812.0
2606.0 3812.0 2406.0 4113.0
2406.0 4113.0 2006.0 4013.0
2006.0 4013.0 1606.0 3613.0
2746.0 3613.0 3446.0 3613.0
3446.0 3613.0 3245.0 4313.0
3245.0 4313.0 2746.0 3613.0
3544.0 3812.0 4043.0 3613.0
4043.0 3613.0 3943.0 4012.0
3943.0 4012.0 3544.0 3913.0
3544.0 3913.0 3544.0 3812.0
4258.0 3613.0 4959.0 3613.0
4959.0 3613.0 4558.0 3913.0
4558.0 3913.0 4859.0 4213.0
4859.0 4213.0 4159.0 4112.0
4159.0 4112.0 4258.0 3613.0
5303.0 3613.0 5503.0 4313.0
5503.0 4313.0 5302.0 4512.0
5302.0 4512.0 5203.0 4213.0
5203.0 4213.0 5103.0 4013.0
5103.0 4013.0 5303.0 3613.0
5670.0 3613.0 6371.0 3613.0
6371.0 3613.0 5970.0 3913.0
5970.0 3913.0 6271.0 4213.0
6271.0 4213.0 5571.0 4112.0
5571.0 4112.0 5670.0 3613.0
0.0 4618.0 1000.0 4817.0
1000.0 4817.0 800.0 5118.0
800.0 5118.0 400.0 5018.0
400.0 5018.0 0.0 4618.0
1303.0 4618.0 1702.0 4817.0
1702.0 4817.0 2002.0 4718.0
2002.0 4718.0 1802.0 4917.0
1802.0 4917.0 1402.0 5117.0
1402.0 5117.0 1602.0 5317.0
1602.0 5317.0 1103.0 5417.0
1103.0 5417.0 1303.0 4618.0
2199.0 4618.0 2900.0 4618.0
2900.0 4618.0 2499.0 4918.0
2499.0 4918.0 2800.0 5218.0
2800.0 5218.0 2100.0 5117.0
2100.0 5117.0 2199.0 4618.0
3215.0 4618.0 3614.0 4817.0
3614.0 4817.0 3914.0 4718.0
3914.0 4718.0 3714.0 4917.0
3714.0 4917.0 3314.0 5117.0
3314.0 5117.0 3514.0 5317.0
3514.0 5317.0 3015.0 5417.0
3015.0 5417.0 3215.0 4618.0
4032.0 4618.0 5031.0 4717.0
5031.0 4717.0 5331.0 4918.0
5331.0 4918.0 5232.0 5118.0
5232.0 5118.0 4531.0 5318.0
4531.0 5318.0 4132.0 5117.0
4132.0 5117.0 4032.0 4618.0
5464.0 4618.0 6463.0 4618.0
6463.0 4618.0 6364.0 5017.0
6364.0 5017.0 5864.0 4818.0
5864.0 4818.0 5664.0 4917.0
5664.0 4917.0 5464.0 4618.0
200.0 5497.0 400.0 6197.0
400.0 6197.0 199.0 6396.0
199.0 6396.0 100.0 6097.0
100.0 6097.0 0.0 5897.0
0.0 5897.0 200.0 5497.0
455.0 5596.0 754.0 5497.0
754.0 5497.0 1155.0 5697.0
1155.0 5697.0 855.0 5996.0
855.0 5996.0 555.0 5796.0
555.0 5796.0 455.0 5596.0
1244.0 6096.0 1544.0 5497.0
1544.0 5497.0 2143.0 5497.0
2143.0 5497.0 1644.0 5696.0
1644.0 5696.0 1244.0 6096.0
2469.0 5797.0 2869.0 5497.0
2869.0 5497.0 2969.0 6197.0
2969.0 6197.0 2269.0 6497.0
2269.0 6497.0 2469.0 5797.0
3101.0 5696.0 3600.0 5497.0
3600.0 5497.0 3500.0 5896.0
3500.0 5896.0 3101.0 5797.0
3101.0 5797.0 3101.0 5696.0
3697.0 6096.0 3997.0 5497.0
3997.0 5497.0 4596.0 5497.0
4596.0 5497.0 4097.0 5696.0
4097.0 5696.0 3697.0 6096.0
4656.0 5497.0 5655.0 5596.0
5655.0 5596.0 5955.0 5797.0
5955.0 5797.0 5856.0 5997.0
5856.0 5997.0 5155.0 6197.0
5155.0 6197.0 4756.0 5996.0
4756.0 5996.0 4656.0 5497.0
0.0 6580.0 599.0 6580.0
599.0 6580.0 799.0 6780.0
799.0 6780.0 300.0 7280.0
300.0 7280.0 0.0 6580.0
916.0 6880.0 1415.0 6580.0
1415.0 6580.0 1616.0 6780.0
1616.0 6780.0 1715.0 6980.0
1715.0 6980.0 1115.0 7079.0
1115.0 7079.0 916.0 6880.0
2040.0 6880.0 2440.0 6580.0
2440.0 6580.0 2540.0 7280.0
2540.0 7280.0 1840.0 7580.0
1840.0 7580.0 2040.0 6880.0
2679.0 6880.0 3178.0 6580.0
3178.0 6580.0 3379.0 6780.0
3379.0 6780.0 3478.0 6980.0
3478.0 6980.0 2878.0 7079.0
2878.0 7079.0 2679.0 6880.0
3627.0 6580.0 4327.0 6580.0
4327.0 6580.0 4126.0 7280.0
4126.0 7280.0 3627.0 6580.0
4430.0 6779.0 4929.0 6580.0
4929.0 6580.0 4829.0 6979.0
4829.0 6979.0 4430.0 6880.0
4430.0 6880.0 4430.0 6779.0
5219.0 6580.0 5618.0 6779.0
5618.0 6779.0 5918.0 6680.0
5918.0 6680.0 5718.0 6879.0
5718.0 6879.0 5318.0 7079.0
5318.0 7079.0 5518.0 7279.0
5518.0 7279.0 5019.0 7379.0
5019.0 7379.0 5219.0 6580.0
6254.0 6580.0 6454.0 7280.0
6454.0 7280.0 6253.0 7479.0
6253.0 7479.0 6154.0 7180.0
6154.0 7180.0 6054.0 6980.0
6054.0 6980.0 6254.0 6580.0
0.0 7983.0 499.0 7683.0
499.0 7683.0 700.0 7883.0
700.0 7883.0 799.0 8083.0
799.0 8083.0 199.0 8182.0
199.0 8182.0 0.0 7983.0
886.0 7683.0 1885.0 7683.0
1885.0 7683.0 1786.0 8082.0
1786.0 8082.0 1286.0 7883.0
1286.0 7883.0 1086.0 7982.0
1086.0 7982.0 886.0 7683.0
2283.0 7683.0 3082.0 7683.0
3082.0 7683.0 3082.0 7983.0
3082.0 7983.0 2283.0 8383.0
2283.0 8383.0 1983.0 8183.0
1983.0 8183.0 2283.0 7683.0
3140.0 8282.0 3440.0 7683.0
3440.0 7683.0 4039.0 7683.0
4039.0 7683.0 3540.0 7882.0
3540.0 7882.0 3140.0 8282.0
4159.0 8282.0 4459.0 7683.0
4459.0 7683.0 5058.0 7683.0
5058.0 7683.0 4559.0 7882.0
4559.0 7882.0 4159.0 8282.0
5360.0 7683.0 5560.0 8383.0
5560.0 8383.0 5359.0 8582.0
5359.0 8582.0 5260.0 8283.0
5260.0 8283.0 5160.0 8083.0
5160.0 8083.0 5360.0 7683.0
