60
6.54687404089379 0.0 0.0 1.6069793960568663
0.0 1.6069793960568663 5.498697902687402 2.54219273657335
5.498697902687402 2.54219273657335 5.405688026798362 6.525842833751058
5.405688026798362 6.525842833751058 6.54687404089379 0.0
6.54687404089379 0.0 16.275909416914356 3.3158276578957064
16.275909416914356 3.3158276578957064 20.966282719778278 0.6768562774571523
20.966282719778278 0.6768562774571523 6.54687404089379 0.0
3.5720301896743565 15.22699786716386 5.657923584568136 10.329404036244426
5.657923584568136 10.329404036244426 10.235667933944478 6.52584283375106
10.235667933944478 6.52584283375106 0.0 6.671106206085543
0.0 6.671106206085543 3.5720301896743565 15.22699786716386
10.235667933944478 6.5258428337510574 13.717865834468615 8.514763677790025
13.717865834468615 8.514763677790025 14.967049150024256 7.2342813118259475
14.967049150024256 7.2342813118259475 10.235667933944478 6.5258428337510574
14.967049150024256 12.110848518226558 19.108816427174666 9.858685356422297
19.108816427174666 9.858685356422297 15.88317153889085 6.525842833751057
15.88317153889085 6.525842833751057 14.967049150024256 12.110848518226558
19.839065813889576 6.525842833751058 19.108816427174666 6.766688613572784
19.108816427174666 6.766688613572784 22.116461348972916 13.144546420582158
22.116461348972916 13.144546420582158 24.751334504688447 9.696226559625732
24.751334504688447 9.696226559625732 19.839065813889576 6.525842833751058
3.473256471190167 15.226997867163858 0.0 21.108566964045114
0.0 21.108566964045114 7.755528482672787 16.819691037399927
7.755528482672787 16.819691037399927 6.169044400433113 17.03552518224472
6.169044400433113 17.03552518224472 3.473256471190167 15.226997867163858
9.35627367488131 17.029265988409406 7.755528482672787 28.266950462087816
7.755528482672787 28.266950462087816 14.666716234148836 26.823044919510046
14.666716234148836 26.823044919510046 13.384019844057944 24.477976315715807
13.384019844057944 24.477976315715807 20.06321547156385 15.22699786716386
20.06321547156385 15.22699786716386 11.622928185450219 24.25915730282533
11.622928185450219 24.25915730282533 9.35627367488131 17.029265988409406
23.23947486167317 21.034241928713314 21.57130555080755 15.226997867163856
21.57130555080755 15.226997867163856 20.06321547156385 19.564567742641795
20.06321547156385 19.564567742641795 23.23947486167317 21.034241928713314
23.239474861673173 17.583569368157207 26.16901505480901 23.86026265247229
26.16901505480901 23.86026265247229 25.74556106132865 15.226997867163858
25.74556106132865 15.226997867163858 23.239474861673173 17.583569368157207
2.36271521032578 28.266950462087813 0.0 30.903771104290612
0.0 30.903771104290612 5.295466937421487 28.565449620664833
5.295466937421487 28.565449620664833 2.36271521032578 28.266950462087813
9.212881721732893 36.359376885493745 9.767097163093236 33.204387174452826
9.767097163093236 33.204387174452826 10.114055634838238 28.266950462087813
10.114055634838238 28.266950462087813 5.295466937421487 35.066488367209274
5.295466937421487 35.066488367209274 9.212881721732893 36.359376885493745
10.114055634838238 32.292269230236485 10.73162254841148 35.625379351338445
10.73162254841148 35.625379351338445 16.199233864712532 36.24464036279406
16.199233864712532 36.24464036279406 12.114874202125517 31.202240208008924
12.114874202125517 31.202240208008924 13.719345516251686 28.266950462087816
13.719345516251686 28.266950462087816 10.114055634838238 32.292269230236485
16.199233864712532 36.35933864424309 22.73101859491636 37.65173345230492
22.73101859491636 37.65173345230492 19.16076847013207 28.266950462087813
19.16076847013207 28.266950462087813 16.28394402022302 31.588908914520715
16.28394402022302 31.588908914520715 16.199233864712532 36.35933864424309
2.8092777562076545 43.37180098357582 0.0 46.91884286033417
0.0 46.91884286033417 4.135912217065673 43.718482567789465
4.135912217065673 43.718482567789465 6.989407699910359 44.46416976628065
6.989407699910359 44.46416976628065 8.613581356625206 37.65173345230491
8.613581356625206 37.65173345230491 3.5963234403897255 42.378063716213425
3.5963234403897255 42.378063716213425 1.2133868990825967 42.954756208316205
1.2133868990825967 42.954756208316205 2.8092777562076545 43.37180098357582
