207
0.0 0.0 700.0 0.0
700.0 0.0 499.0 700.0
499.0 700.0 0.0 0.0
842.0 300.0 1341.0 0.0
1341.0 0.0 1542.0 200.0
1542.0 200.0 1641.0 400.0
1641.0 400.0 1041.0 499.0
1041.0 499.0 842.0 300.0
1896.0 300.0 2296.0 0.0
2296.0 0.0 2396.0 700.0
2396.0 700.0 1696.0 1000.0
1696.0 1000.0 1896.0 300.0
2481.0 0.0 3481.0 199.0
3481.0 199.0 3281.0 500.0
3281.0 500.0 2881.0 400.0
2881.0 400.0 2481.0 0.0
3541.0 300.0 4040.0 0.0
4040.0 0.0 4241.0 200.0
4241.0 200.0 4340.0 400.0
4340.0 400.0 3740.0 499.0
3740.0 499.0 3541.0 300.0
4613.0 0.0 5012.0 199.0
5012.0 199.0 5312.0 100.0
5312.0 100.0 5112.0 299.0
5112.0 299.0 4712.0 499.0
4712.0 499.0 4912.0 699.0
4912.0 699.0 4413.0 799.0
4413.0 799.0 4613.0 0.0
0.0 1101.0 1000.0 1300.0
1000.0 1300.0 800.0 1601.0
800.0 1601.0 400.0 1501.0
400.0 1501.0 0.0 1101.0
1154.0 1200.0 1453.0 1101.0
1453.0 1101.0 1854.0 1301.0
1854.0 1301.0 1554.0 1600.0
1554.0 1600.0 1254.0 1400.0
1254.0 1400.0 1154.0 1200.0
2214.0 1101.0 3013.0 1101.0
3013.0 1101.0 3013.0 1401.0
3013.0 1401.0 2214.0 1801.0
2214.0 1801.0 1914.0 1601.0
1914.0 1601.0 2214.0 1101.0
3471.0 1101.0 3671.0 1801.0
3671.0 1801.0 3071.0 1500.0
3071.0 1500.0 3471.0 1101.0
3761.0 1700.0 4061.0 1101.0
4061.0 1101.0 4660.0 1101.0
4660.0 1101.0 4161.0 1300.0
4161.0 1300.0 3761.0 1700.0
4728.0 1101.0 5327.0 1101.0
5327.0 1101.0 5527.0 1301.0
5527.0 1301.0 5028.0 1801.0
5028.0 1801.0 4728.0 1101.0
0.0 1866.0 999.0 1866.0
999.0 1866.0 900.0 2265.0
900.0 2265.0 400.0 2066.0
400.0 2066.0 200.0 2165.0
200.0 2165.0 0.0 1866.0
1104.0 1866.0 1804.0 1866.0
1804.0 1866.0 1603.0 2566.0
1603.0 2566.0 1104.0 1866.0
2244.0 1866.0 3043.0 1866.0
3043.0 1866.0 3043.0 2166.0
3043.0 2166.0 2244.0 2566.0
2244.0 2566.0 1944.0 2366.0
1944.0 2366.0 2244.0 1866.0
3146.0 2166.0 3645.0 1866.0
3645.0 1866.0 3846.0 2066.0
3846.0 2066.0 3945.0 2266.0
3945.0 2266.0 3345.0 2365.0
3345.0 2365.0 3146.0 2166.0
4061.0 1866.0 5060.0 1866.0
5060.0 1866.0 4961.0 2265.0
4961.0 2265.0 4461.0 2066.0
4461.0 2066.0 4261.0 2165.0
4261.0 2165.0 4061.0 1866.0
99.0 2664.0 800.0 2664.0
800.0 2664.0 399.0 2964.0
399.0 2964.0 700.0 3264.0
700.0 3264.0 0.0 3163.0
0.0 3163.0 99.0 2664.0
871.0 2763.0 1170.0 2664.0
1170.0 2664.0 1571.0 2864.0
1571.0 2864.0 1271.0 3163.0
1271.0 3163.0 971.0 2963.0
971.0 2963.0 871.0 2763.0
2085.0 2664.0 2285.0 3364.0
2285.0 3364.0 1685.0 3063.0
1685.0 3063.0 2085.0 2664.0
2536.0 2664.0 3237.0 2664.0
3237.0 2664.0 2836.0 2964.0
2836.0 2964.0 3137.0 3264.0
3137.0 3264.0 2437.0 3163.0
2437.0 3163.0 2536.0 2664.0
3389.0 2664.0 4090.0 2664.0
4090.0 2664.0 3689.0 2964.0
3689.0 2964.0 3990.0 3264.0
3990.0 3264.0 3290.0 3163.0
3290.0 3163.0 3389.0 2664.0
4199.0 2664.0 4798.0 2664.0
4798.0 2664.0 4998.0 2864.0
4998.0 2864.0 4499.0 3364.0
4499.0 3364.0 4199.0 2664.0
0.0 3436.0 1000.0 3635.0
1000.0 3635.0 800.0 3936.0
800.0 3936.0 400.0 3836.0
400.0 3836.0 0.0 3436.0
1110.0 3635.0 1609.0 3436.0
1609.0 3436.0 1509.0 3835.0
1509.0 3835.0 1110.0 3736.0
1110.0 3736.0 1110.0 3635.0
1735.0 3436.0 2734.0 3436.0
2734.0 3436.0 2635.0 3835.0
2635.0 3835.0 2135.0 3636.0
2135.0 3636.0 1935.0 3735.0
1935.0 3735.0 1735.0 3436.0
3277.0 3436.0 3477.0 4136.0
3477.0 4136.0 2877.0 3835.0
2877.0 3835.0 3277.0 3436.0
3824.0 3736.0 4224.0 3436.0
4224.0 3436.0 4324.0 4136.0
4324.0 4136.0 3624.0 4436.0
3624.0 4436.0 3824.0 3736.0
4665.0 3736.0 5065.0 3436.0
5065.0 3436.0 5165.0 4136.0
5165.0 4136.0 4465.0 4436.0
4465.0 4436.0 4665.0 3736.0
0.0 4701.0 499.0 4502.0
499.0 4502.0 399.0 4901.0
399.0 4901.0 0.0 4802.0
0.0 4802.0 0.0 4701.0
608.0 5101.0 908.0 4502.0
908.0 4502.0 1507.0 4502.0
1507.0 4502.0 1008.0 4701.0
1008.0 4701.0 608.0 5101.0
1815.0 4502.0 2214.0 4701.0
2214.0 4701.0 2514.0 4602.0
2514.0 4602.0 2314.0 4801.0
2314.0 4801.0 1914.0 5001.0
1914.0 5001.0 2114.0 5201.0
2114.0 5201.0 1615.0 5301.0
1615.0 5301.0 1815.0 4502.0
2594.0 4502.0 3193.0 4502.0
3193.0 4502.0 3393.0 4702.0
3393.0 4702.0 2894.0 5202.0
2894.0 5202.0 2594.0 4502.0
3540.0 5101.0 3840.0 4502.0
3840.0 4502.0 4439.0 4502.0
4439.0 4502.0 3940.0 4701.0
3940.0 4701.0 3540.0 5101.0
0.0 5355.0 999.0 5454.0
999.0 5454.0 1299.0 5655.0
1299.0 5655.0 1200.0 5855.0
1200.0 5855.0 499.0 6055.0
499.0 6055.0 100.0 5854.0
100.0 5854.0 0.0 5355.0
1404.0 5554.0 1903.0 5355.0
1903.0 5355.0 1803.0 5754.0
1803.0 5754.0 1404.0 5655.0
1404.0 5655.0 1404.0 5554.0
2057.0 5355.0 2757.0 5355.0
2757.0 5355.0 2556.0 6055.0
2556.0 6055.0 2057.0 5355.0
2907.0 5355.0 3906.0 5454.0
3906.0 5454.0 4206.0 5655.0
4206.0 5655.0 4107.0 5855.0
4107.0 5855.0 3406.0 6055.0
3406.0 6055.0 3007.0 5854.0
3007.0 5854.0 2907.0 5355.0
4596.0 5355.0 5395.0 5355.0
5395.0 5355.0 5395.0 5655.0
5395.0 5655.0 4596.0 6055.0
4596.0 6055.0 4296.0 5855.0
4296.0 5855.0 4596.0 5355.0
0.0 6197.0 999.0 6296.0
999.0 6296.0 1299.0 6497.0
1299.0 6497.0 1200.0 6697.0
1200.0 6697.0 499.0 6897.0
499.0 6897.0 100.0 6696.0
100.0 6696.0 0.0 6197.0
1610.0 6197.0 1810.0 6897.0
1810.0 6897.0 1609.0 7096.0
1609.0 7096.0 1510.0 6797.0
1510.0 6797.0 1410.0 6597.0
1410.0 6597.0 1610.0 6197.0
2083.0 6197.0 2283.0 6897.0
2283.0 6897.0 2082.0 7096.0
2082.0 7096.0 1983.0 6797.0
1983.0 6797.0 1883.0 6597.0
1883.0 6597.0 2083.0 6197.0
2608.0 6197.0 3007.0 6396.0
3007.0 6396.0 3307.0 6297.0
3307.0 6297.0 3107.0 6496.0
3107.0 6496.0 2707.0 6696.0
2707.0 6696.0 2907.0 6896.0
2907.0 6896.0 2408.0 6996.0
2408.0 6996.0 2608.0 6197.0
3652.0 6197.0 3852.0 6897.0
3852.0 6897.0 3651.0 7096.0
3651.0 7096.0 3552.0 6797.0
3552.0 6797.0 3452.0 6597.0
3452.0 6597.0 3652.0 6197.0
3982.0 6296.0 4281.0 6197.0
4281.0 6197.0 4682.0 6397.0
4682.0 6397.0 4382.0 6696.0
4382.0 6696.0 4082.0 6496.0
4082.0 6496.0 3982.0 6296.0
