138
0.0 0.0 599.0 0.0
599.0 0.0 799.0 200.0
799.0 200.0 300.0 700.0
300.0 700.0 0.0 0.0
893.0 300.0 1392.0 0.0
1392.0 0.0 1593.0 200.0
1593.0 200.0 1692.0 400.0
1692.0 400.0 1092.0 499.0
1092.0 499.0 893.0 300.0
1848.0 0.0 2847.0 99.0
2847.0 99.0 3147.0 300.0
3147.0 300.0 3048.0 500.0
3048.0 500.0 2347.0 700.0
2347.0 700.0 1948.0 499.0
1948.0 499.0 1848.0 0.0
3261.0 599.0 3561.0 0.0
3561.0 0.0 4160.0 0.0
4160.0 0.0 3661.0 199.0
3661.0 199.0 3261.0 599.0
0.0 773.0 999.0 773.0
999.0 773.0 900.0 1172.0
900.0 1172.0 400.0 973.0
400.0 973.0 200.0 1072.0
200.0 1072.0 0.0 773.0
1522.0 773.0 1722.0 1473.0
1722.0 1473.0 1122.0 1172.0
1122.0 1172.0 1522.0 773.0
1980.0 773.0 2681.0 773.0
2681.0 773.0 2280.0 1073.0
2280.0 1073.0 2581.0 1373.0
2581.0 1373.0 1881.0 1272.0
1881.0 1272.0 1980.0 773.0
2841.0 773.0 3542.0 773.0
3542.0 773.0 3141.0 1073.0
3141.0 1073.0 3442.0 1373.0
3442.0 1373.0 2742.0 1272.0
2742.0 1272.0 2841.0 773.0
3665.0 1073.0 4164.0 773.0
4164.0 773.0 4365.0 973.0
4365.0 973.0 4464.0 1173.0
4464.0 1173.0 3864.0 1272.0
3864.0 1272.0 3665.0 1073.0
0.0 1624.0 999.0 1624.0
999.0 1624.0 900.0 2023.0
900.0 2023.0 400.0 1824.0
400.0 1824.0 200.0 1923.0
200.0 1923.0 0.0 1624.0
1127.0 1723.0 1426.0 1624.0
1426.0 1624.0 1827.0 1824.0
1827.0 1824.0 1527.0 2123.0
1527.0 2123.0 1227.0 1923.0
1227.0 1923.0 1127.0 1723.0
1895.0 1624.0 2895.0 1823.0
2895.0 1823.0 2695.0 2124.0
2695.0 2124.0 2295.0 2024.0
2295.0 2024.0 1895.0 1624.0
2969.0 1723.0 3268.0 1624.0
3268.0 1624.0 3669.0 1824.0
3669.0 1824.0 3369.0 2123.0
3369.0 2123.0 3069.0 1923.0
3069.0 1923.0 2969.0 1723.0
3984.0 1624.0 4383.0 1823.0
4383.0 1823.0 4683.0 1724.0
4683.0 1724.0 4483.0 1923.0
4483.0 1923.0 4083.0 2123.0
4083.0 2123.0 4283.0 2323.0
4283.0 2323.0 3784.0 2423.0
3784.0 2423.0 3984.0 1624.0
200.0 2547.0 599.0 2746.0
599.0 2746.0 899.0 2647.0
899.0 2647.0 699.0 2846.0
699.0 2846.0 299.0 3046.0
299.0 3046.0 499.0 3246.0
499.0 3246.0 0.0 3346.0
0.0 3346.0 200.0 2547.0
1231.0 2847.0 1631.0 2547.0
1631.0 2547.0 1731.0 3247.0
1731.0 3247.0 1031.0 3547.0
1031.0 3547.0 1231.0 2847.0
1866.0 2547.0 2866.0 2746.0
2866.0 2746.0 2666.0 3047.0
2666.0 3047.0 2266.0 2947.0
2266.0 2947.0 1866.0 2547.0
2987.0 2547.0 3687.0 2547.0
3687.0 2547.0 3486.0 3247.0
3486.0 3247.0 2987.0 2547.0
3805.0 3146.0 4105.0 2547.0
4105.0 2547.0 4704.0 2547.0
4704.0 2547.0 4205.0 2746.0
4205.0 2746.0 3805.0 3146.0
200.0 3983.0 600.0 3683.0
600.0 3683.0 700.0 4383.0
700.0 4383.0 0.0 4683.0
0.0 4683.0 200.0 3983.0
974.0 3683.0 1174.0 4383.0
1174.0 4383.0 973.0 4582.0
973.0 4582.0 874.0 4283.0
874.0 4283.0 774.0 4083.0
774.0 4083.0 974.0 3683.0
1460.0 3683.0 1660.0 4383.0
1660.0 4383.0 1459.0 4582.0
1459.0 4582.0 1360.0 4283.0
1360.0 4283.0 1260.0 4083.0
1260.0 4083.0 1460.0 3683.0
2086.0 3683.0 2885.0 3683.0
2885.0 3683.0 2885.0 3983.0
2885.0 3983.0 2086.0 4383.0
2086.0 4383.0 1786.0 4183.0
1786.0 4183.0 2086.0 3683.0
3024.0 3882.0 3523.0 3683.0
3523.0 3683.0 3423.0 4082.0
3423.0 4082.0 3024.0 3983.0
3024.0 3983.0 3024.0 3882.0
4050.0 3683.0 4250.0 4383.0
4250.0 4383.0 3650.0 4082.0
3650.0 4082.0 4050.0 3683.0
4311.0 3882.0 4810.0 3683.0
4810.0 3683.0 4710.0 4082.0
4710.0 4082.0 4311.0 3983.0
4311.0 3983.0 4311.0 3882.0
0.0 4787.0 999.0 4886.0
999.0 4886.0 1299.0 5087.0
1299.0 5087.0 1200.0 5287.0
1200.0 5287.0 499.0 5487.0
499.0 5487.0 100.0 5286.0
100.0 5286.0 0.0 4787.0
1655.0 4787.0 2454.0 4787.0
2454.0 4787.0 2454.0 5087.0
2454.0 5087.0 1655.0 5487.0
1655.0 5487.0 1355.0 5287.0
1355.0 5287.0 1655.0 4787.0
2588.0 4787.0 3288.0 4787.0
3288.0 4787.0 3087.0 5487.0
3087.0 5487.0 2588.0 4787.0
3408.0 4787.0 4007.0 4787.0
4007.0 4787.0 4207.0 4987.0
4207.0 4987.0 3708.0 5487.0
3708.0 5487.0 3408.0 4787.0
