266
5.8130422746543395 3.930115423480793 9.72314354565723 0.0
9.72314354565723 0.0 0.0 0.8995445519150223
0.0 0.8995445519150223 2.8676026302603432 0.6506105292893474
2.8676026302603432 0.6506105292893474 5.8130422746543395 3.930115423480793
16.214613192865972 14.4471632043937 19.95183014312903 5.5202703307431875
19.95183014312903 5.5202703307431875 23.25815033632813 4.488093765238851
23.25815033632813 4.488093765238851 19.672471533355928 4.510060052259771
19.672471533355928 4.510060052259771 18.276395254255327 7.2945879272149075
18.276395254255327 7.2945879272149075 17.110897989604467 0.0
17.110897989604467 0.0 14.132876260551354 1.1642378868044254
14.132876260551354 1.1642378868044254 10.72314354565723 1.200160433975018
10.72314354565723 1.200160433975018 11.545878147597866 4.219891546661032
11.545878147597866 4.219891546661032 16.911565507556126 2.809125700544252
16.911565507556126 2.809125700544252 16.214613192865972 14.4471632043937
29.202098864997843 3.5728636511404783 27.89148016537967 1.1876562981359733
27.89148016537967 1.1876562981359733 24.49849725594983 0.5024587412552268
24.49849725594983 0.5024587412552268 25.900470308676578 1.4577680925818601
25.900470308676578 1.4577680925818601 23.25815033632813 0.0
23.25815033632813 0.0 29.247138294321083 4.093648983543623
29.247138294321083 4.093648983543623 29.202098864997843 3.5728636511404783
31.02557314090781 0.0 35.361282452616095 11.366003044432793
35.361282452616095 11.366003044432793 29.247138294321086 14.724833122300033
29.247138294321086 14.724833122300033 38.571492247054366 14.073469484637812
38.571492247054366 14.073469484637812 31.02557314090781 0.0
45.97138876693377 0.0 41.613033449315765 5.490129080822581
41.613033449315765 5.490129080822581 39.571492247054366 4.651600224675324
39.571492247054366 4.651600224675324 42.611788762508716 7.257427152230942
42.611788762508716 7.257427152230942 48.82096937133705 3.5871487683709056
48.82096937133705 3.5871487683709056 45.97138876693377 0.0
52.72071955959326 5.8352742528285475 54.840720417873825 8.180352677194973
54.840720417873825 8.180352677194973 53.81285177699016 1.3342080895129098
53.81285177699016 1.3342080895129098 53.05613311962809 4.534960370913248
53.05613311962809 4.534960370913248 52.643367921981806 0.0
52.643367921981806 0.0 49.82096937133705 2.6276615879698273
49.82096937133705 2.6276615879698273 52.72071955959326 5.8352742528285475
59.45246116738518 0.14107152420483438 60.73558205578125 2.1201740303156846
60.73558205578125 2.1201740303156846 54.86924974594007 12.672470943200198
54.86924974594007 12.672470943200198 54.84072041787383 14.997477187038465
54.84072041787383 14.997477187038465 65.45419534991814 6.448005224541378
65.45419534991814 6.448005224541378 60.2401833866267 0.0
60.2401833866267 0.0 59.45246116738518 0.14107152420483438
3.8597533870251937 23.825380417030562 1.6148835854204853 15.997477187038465
1.6148835854204853 15.997477187038465 0.0 17.65262442610102
0.0 17.65262442610102 3.8597533870251937 23.825380417030562
5.530241786543311 15.997477187038465 3.8597533870251937 20.452167763956158
3.8597533870251937 20.452167763956158 12.58513478793336 23.324261185005106
12.58513478793336 23.324261185005106 11.651480513511284 21.872398535149596
11.651480513511284 21.872398535149596 7.019742647687043 19.891173903210788
7.019742647687043 19.891173903210788 5.530241786543311 15.997477187038465
14.133393836854438 15.997477187038465 13.58513478793336 16.825094197464782
13.58513478793336 16.825094197464782 23.252791356538392 18.510867069759634
23.252791356538392 18.510867069759634 14.133393836854438 15.997477187038465
25.902142314676407 22.145063042923546 29.91279832464258 23.6119399614457
29.91279832464258 23.6119399614457 34.7775110393269 29.675407612115322
34.7775110393269 29.675407612115322 37.989015870397665 29.16118259179911
37.989015870397665 29.16118259179911 34.44303431386097 23.976779403054422
34.44303431386097 23.976779403054422 39.653464095207845 26.26446873639248
39.653464095207845 26.26446873639248 39.61481852813658 19.914230510706076
39.61481852813658 19.914230510706076 33.193877612623425 16.72603749080124
33.193877612623425 16.72603749080124 29.338144508966895 15.997477187038465
29.338144508966895 15.997477187038465 26.872103854682884 16.55116151339113
26.872103854682884 16.55116151339113 26.60113730749515 22.247722411005505
26.60113730749515 22.247722411005505 23.252791356538392 17.41146005426011
23.252791356538392 17.41146005426011 25.902142314676407 22.145063042923546
40.653464095207845 23.014716840481555 52.83875056427201 17.479699052817107
52.83875056427201 17.479699052817107 42.00842005220929 15.997477187038465
42.00842005220929 15.997477187038465 44.0003356235015 19.45264556812908
44.0003356235015 19.45264556812908 40.653464095207845 23.014716840481555
54.38687341256343 17.734763687218546 53.838750564272004 21.9591011100588
53.838750564272004 21.9591011100588 62.48736668981674 21.85607809256823
62.48736668981674 21.85607809256823 56.45398350211646 15.997477187038465
56.45398350211646 15.997477187038465 54.38687341256343 17.734763687218546
15.153482218306012 29.675407612115322 3.4473865102411256 31.24339128582939
3.4473865102411256 31.24339128582939 0.0 41.04943141768803
0.0 41.04943141768803 11.944830367429585 39.10804230873256
11.944830367429585 39.10804230873256 15.153482218306012 29.675407612115322
18.337955353546068 29.675407612115322 16.15348221830601 35.047444992808735
16.15348221830601 35.047444992808735 21.826008757277 34.8771386690175
21.826008757277 34.8771386690175 23.860478044766353 39.466574953642876
23.860478044766353 39.466574953642876 35.87173260152184 40.04743910710003
35.87173260152184 40.04743910710003 27.46070378101358 29.814983066697803
27.46070378101358 29.814983066697803 18.337955353546068 29.675407612115322
41.533919581193494 39.53722854020886 41.117810320891934 29.675407612115322
41.117810320891934 29.675407612115322 39.59418477866602 35.50561425389151
39.59418477866602 35.50561425389151 39.87032600122341 38.28165249315255
39.87032600122341 38.28165249315255 37.25526707739684 30.734215935818167
37.25526707739684 30.734215935818167 35.87173260152184 35.579016923382774
35.87173260152184 35.579016923382774 41.533919581193494 39.53722854020886
41.5339195811935 32.96841789267077 49.15079880730667 35.70538463668238
49.15079880730667 35.70538463668238 49.212718192615476 34.902228324296175
49.212718192615476 34.902228324296175 43.942065763312364 30.664144139751684
43.942065763312364 30.664144139751684 43.68004541282992 32.20465618623356
43.68004541282992 32.20465618623356 43.73711882163658 30.48868024394193
43.73711882163658 30.48868024394193 42.78719269653675 29.675407612115322
42.78719269653675 29.675407612115322 41.5339195811935 32.96841789267077
53.052825683848724 31.220833658871683 50.21271819261548 35.08049737647208
50.21271819261548 35.08049737647208 55.30838389042119 33.05649329727694
55.30838389042119 33.05649329727694 57.11268750975705 34.524904673136035
57.11268750975705 34.524904673136035 55.84674839580434 32.84265431732608
55.84674839580434 32.84265431732608 56.5548492993508 32.56139585135627
56.5548492993508 32.56139585135627 55.15756269043895 31.926825992494514
55.15756269043895 31.926825992494514 54.14269690352349 29.739714927830615
54.14269690352349 29.739714927830615 53.4633091688091 29.67540761211532
53.4633091688091 29.67540761211532 53.19063280225236 31.033555840489313
53.19063280225236 31.033555840489313 52.35817354410611 30.655499147910398
52.35817354410611 30.655499147910398 53.052825683848724 31.220833658871683
58.11268750975705 29.675407612115322 58.98631248138742 34.41417274047336
58.98631248138742 34.41417274047336 64.37619534803872 39.66821081869234
64.37619534803872 39.66821081869234 62.7798360253518 34.50716996604821
62.7798360253518 34.50716996604821 58.11268750975705 29.675407612115322
0.0 46.21065532464148 5.562058261096945 47.09544520883642
5.562058261096945 47.09544520883642 1.7856259620911974 42.04943141768803
1.7856259620911974 42.04943141768803 0.0 46.21065532464148
10.426219756431312 43.78929404128103 11.434523258607012 53.209166853553576
11.434523258607012 53.209166853553576 6.562058261096945 58.55969118077789
6.562058261096945 58.55969118077789 17.075659839961396 49.08547444312788
17.075659839961396 49.08547444312788 21.664263122182724 48.15708633870103
21.664263122182724 48.15708633870103 20.56960665698425 47.02968651486291
20.56960665698425 47.02968651486291 19.415821840218328 42.04943141768803
19.415821840218328 42.04943141768803 12.1443362931156 51.001512810854
12.1443362931156 51.001512810854 10.426219756431312 43.78929404128103
27.435010437651773 44.59228961887632 25.985076845497495 45.602406673851384
25.985076845497495 45.602406673851384 26.81241544865913 44.26043998000627
26.81241544865913 44.26043998000627 25.51834658721611 44.58923811858003
25.51834658721611 44.58923811858003 25.540804174229123 43.58265787500498
25.540804174229123 43.58265787500498 22.664263122182724 42.04943141768803
22.664263122182724 42.04943141768803 23.545987211251795 45.17032288081193
23.545987211251795 45.17032288081193 22.899768036235546 45.360708122081874
22.899768036235546 45.360708122081874 23.617505448022094 45.423464036147436
23.617505448022094 45.423464036147436 24.39618662238853 48.17963170776147
24.39618662238853 48.17963170776147 25.968657805436948 45.62903882279495
25.968657805436948 45.62903882279495 30.049523470454005 45.98585240222009
30.049523470454005 45.98585240222009 27.435010437651773 44.59228961887632
31.04952347045401 45.202079754966164 31.44963791734088 46.19183420949482
31.44963791734088 46.19183420949482 38.59208797176472 47.91641275347089
38.59208797176472 47.91641275347089 39.252883963695325 42.04943141768803
39.252883963695325 42.04943141768803 38.565392610159044 43.203699941157744
38.565392610159044 43.203699941157744 31.04952347045401 45.202079754966164
40.25288396369532 42.226057357202755 51.17653878231601 49.53829627538293
51.17653878231601 49.53829627538293 50.85928055861323 46.46477870705263
50.85928055861323 46.46477870705263 55.325038746099004 44.932132803222906
55.325038746099004 44.932132803222906 48.706707065689585 44.90567596521859
48.706707065689585 44.90567596521859 52.488557096237834 42.04943141768803
52.488557096237834 42.04943141768803 40.25288396369532 42.226057357202755
55.32503874609901 47.5505964260446 55.33181157921534 48.56451385562853
55.33181157921534 48.56451385562853 60.865208353123606 43.38362518566304
60.865208353123606 43.38362518566304 56.73087848265335 42.04943141768803
56.73087848265335 42.04943141768803 55.32503874609901 47.5505964260446
66.46936404346556 42.04943141768803 60.8652083531236 45.376291593380856
60.8652083531236 45.376291593380856 67.77759571248957 44.82508321139514
67.77759571248957 44.82508321139514 66.46936404346556 42.04943141768803
9.25655481924291 68.15771427987016 5.6612735556968765 65.26894786222466
5.6612735556968765 65.26894786222466 9.198718287923834 64.78408658644355
9.198718287923834 64.78408658644355 3.666884647316115 58.55969118077789
3.666884647316115 58.55969118077789 0.0 63.951375934251544
0.0 63.951375934251544 9.25655481924291 68.15771427987016
18.184232037219708 60.34333458362779 10.256554819242911 58.55969118077789
10.256554819242911 58.55969118077789 13.972221092039664 61.75462239934686
13.972221092039664 61.75462239934686 18.184232037219708 60.34333458362779
19.386881904411247 65.60882708065276 24.535392050133424 58.55969118077789
24.535392050133424 58.55969118077789 19.184232037219708 59.43934325428025
19.184232037219708 59.43934325428025 19.386881904411247 65.60882708065276
25.842326220332176 58.55969118077789 24.535392050133424 64.16091931800034
24.535392050133424 64.16091931800034 29.51352723921644 70.01908485566362
29.51352723921644 70.01908485566362 30.685666833187085 65.32081839224014
30.685666833187085 65.32081839224014 33.513237387988 64.12920521940265
33.513237387988 64.12920521940265 29.30533795576735 62.87480327698713
29.30533795576735 62.87480327698713 30.569199318215542 62.320285149087056
30.569199318215542 62.320285149087056 29.48120608863259 60.08544661416471
29.48120608863259 60.08544661416471 25.842326220332176 58.55969118077789
39.763184703906866 67.69416741689903 45.04514054643148 60.049974449709325
45.04514054643148 60.049974449709325 38.897939696702664 58.55969118077789
38.897939696702664 58.55969118077789 34.513237387988 62.294488231985305
34.513237387988 62.294488231985305 39.763184703906866 67.69416741689903
46.04514054643148 60.98752895718723 52.54062161168942 63.77376608712262
52.54062161168942 63.77376608712262 56.921202812878406 63.82542051300558
56.921202812878406 63.82542051300558 48.24416174386716 59.656577881946205
48.24416174386716 59.656577881946205 48.09099320018837 58.55969118077789
48.09099320018837 58.55969118077789 46.04514054643148 60.98752895718723
61.61709783641977 58.55969118077788 62.54709815923316 61.49099306619357
62.54709815923316 61.49099306619357 57.921202812878406 60.77548501703387
57.921202812878406 60.77548501703387 64.07119692127736 64.70851969580038
64.07119692127736 64.70851969580038 66.94131907001153 68.17748628138055
66.94131907001153 68.17748628138055 66.83743833426732 64.28028798181003
66.83743833426732 64.28028798181003 67.44082790442923 64.08851947358289
67.44082790442923 64.08851947358289 66.03199306862656 59.97600305240099
66.03199306862656 59.97600305240099 65.20681344839265 61.967630938772736
65.20681344839265 61.967630938772736 61.61709783641977 58.55969118077788
0.0 71.01908485566362 1.3683259593720587 73.20270237528926
1.3683259593720587 73.20270237528926 1.640879357696031 77.39038320959381
1.640879357696031 77.39038320959381 4.09811516934326 85.01211833840003
4.09811516934326 85.01211833840003 4.656556001670954 78.85594733139871
4.656556001670954 78.85594733139871 8.681151406389484 79.66431415396737
8.681151406389484 79.66431415396737 0.0 71.01908485566362
9.34194387459744 71.5734683851997 10.283034202962918 74.36257467473833
10.283034202962918 74.36257467473833 8.681151406389484 74.07663266752097
8.681151406389484 74.07663266752097 12.088953114556466 79.00648763263692
12.088953114556466 79.00648763263692 17.16351643423902 74.60400685354286
17.16351643423902 74.60400685354286 14.13338526309311 71.01908485566362
14.13338526309311 71.01908485566362 12.482706369526053 73.63238046019822
12.482706369526053 73.63238046019822 13.021440737792867 74.85139037512626
13.021440737792867 74.85139037512626 11.632511314973339 74.97837876896584
11.632511314973339 74.97837876896584 9.34194387459744 71.5734683851997
18.16351643423902 75.21966493287091 21.762753761459958 75.76293648682001
21.762753761459958 75.76293648682001 19.521860497489257 71.01908485566362
19.521860497489257 71.01908485566362 18.16351643423902 75.21966493287091
27.948202978477802 79.37773589177492 38.318968352184754 75.11369482088217
38.318968352184754 75.11369482088217 36.064207971832786 73.28146131343652
36.064207971832786 73.28146131343652 31.77536829523586 73.25987859254269
31.77536829523586 73.25987859254269 22.76275376145996 71.01908485566362
22.76275376145996 71.01908485566362 27.948202978477802 79.37773589177492
42.57336616258759 72.85449660090374 38.318968352184754 71.01908485566362
38.318968352184754 71.01908485566362 42.10382727816331 76.08269437913631
42.10382727816331 76.08269437913631 45.388293700846134 76.42783081057343
45.388293700846134 76.42783081057343 42.57336616258759 72.85449660090374
51.70033867513693 75.35438723568882 45.388293700846134 71.01908485566362
45.388293700846134 71.01908485566362 51.29346510131141 77.6395549577113
51.29346510131141 77.6395549577113 51.70033867513693 75.35438723568882
7.618089867638133 94.46058946632718 8.876044770942386 95.73218000048522
8.876044770942386 95.73218000048522 10.511459201993226 91.52831532305683
10.511459201993226 91.52831532305683 15.640505432202644 94.44733551020562
15.640505432202644 94.44733551020562 18.799500317476358 94.68278538765182
18.799500317476358 94.68278538765182 18.287850882749314 92.37787642709806
18.287850882749314 92.37787642709806 7.265210231225203 89.52942287219861
7.265210231225203 89.52942287219861 10.811300496622838 89.97188881310208
10.811300496622838 89.97188881310208 7.756004365571929 85.01211833840004
7.756004365571929 85.01211833840004 0.9810284731884087 85.28252716686586
0.9810284731884087 85.28252716686586 0.0 93.30130044778515
0.0 93.30130044778515 7.084923724910817 94.97682852320712
7.084923724910817 94.97682852320712 2.9481492581072892 101.7914426945201
2.9481492581072892 101.7914426945201 7.618089867638133 94.46058946632718
18.799500317476358 90.27400381794985 20.49569114191674 90.97759157859228
20.49569114191674 90.97759157859228 21.496446352307355 93.68585384524575
21.496446352307355 93.68585384524575 26.92436434974242 93.34699307000052
26.92436434974242 93.34699307000052 25.974674922702853 85.01211833840004
25.974674922702853 85.01211833840004 23.087597241441085 93.12229717882988
23.087597241441085 93.12229717882988 24.447535563076144 86.9566268389119
24.447535563076144 86.9566268389119 23.98451699969382 88.65789350266208
23.98451699969382 88.65789350266208 18.799500317476358 90.27400381794985
35.18683048720587 90.37983950032167 38.687831985294146 87.3189831892047
38.687831985294146 87.3189831892047 33.53742346324706 85.01211833840004
33.53742346324706 85.01211833840004 27.92436434974242 92.45774587073254
27.92436434974242 92.45774587073254 35.18683048720587 90.37983950032167
47.06672906661643 85.01211833840004 39.12077136292573 87.31372835962556
39.12077136292573 87.31372835962556 38.68783198529415 91.0222337603538
38.68783198529415 91.0222337603538 42.096131751070935 95.28754791766082
42.096131751070935 95.28754791766082 48.90972801691802 96.41231311174073
48.90972801691802 96.41231311174073 53.81387317217485 95.66858588458024
53.81387317217485 95.66858588458024 51.72920301589935 87.13578619098283
51.72920301589935 87.13578619098283 47.06672906661643 85.01211833840004
60.070911666622656 90.84924920418916 54.81387317217485 88.09609485755645
54.81387317217485 88.09609485755645 54.927578276416 93.69340915059038
54.927578276416 93.69340915059038 59.62764468891642 91.36373128616138
59.62764468891642 91.36373128616138 56.610282874639815 97.41968536440886
56.610282874639815 97.41968536440886 57.36224515606761 97.54609873278797
57.36224515606761 97.54609873278797 62.11692799780799 90.54323954868505
62.11692799780799 90.54323954868505 63.3384326897789 94.42996365760371
63.3384326897789 94.42996365760371 63.90873687237438 85.01211833840004
63.90873687237438 85.01211833840004 57.405876915092264 88.53528238388063
57.405876915092264 88.53528238388063 60.070911666622656 90.84924920418916
9.967789760633837 106.00695909276116 12.131931284808266 101.88017073687523
12.131931284808266 101.88017073687523 3.289818068917384 101.7914426945201
3.289818068917384 101.7914426945201 8.889193360983578 103.73362112368082
8.889193360983578 103.73362112368082 0.0 105.60785799208413
0.0 105.60785799208413 8.637321454825045 108.24674098127002
8.637321454825045 108.24674098127002 9.967789760633837 106.00695909276116
