298
4.08449206689258 8.684461972563268 6.604432781348589 0.8272791851140173
6.604432781348589 0.8272791851140173 1.076099035776604 0.0
1.076099035776604 0.0 0.0 4.956374414942049
0.0 4.956374414942049 4.08449206689258 8.684461972563268
9.282040622407806 0.2831344626970669 7.604432781348589 1.4614781308088345
7.604432781348589 1.4614781308088345 19.134727971339686 9.732465817996928
19.134727971339686 9.732465817996928 22.76574098001302 0.0
22.76574098001302 0.0 9.282040622407806 0.2831344626970669
29.573580314921536 1.9851048756212206 22.76574098001302 6.551529582252606
22.76574098001302 6.551529582252606 27.034454190357 15.361086159385994
27.034454190357 15.361086159385994 29.600039279501722 10.111997808420167
29.600039279501722 10.111997808420167 35.71438161092024 8.351202808344528
35.71438161092024 8.351202808344528 35.37180539279811 0.8898462623226995
35.37180539279811 0.8898462623226995 30.78734436128765 0.0
30.78734436128765 0.0 29.573580314921536 1.9851048756212206
39.391989451979455 0.2831344626970669 37.71438161092024 1.4614781308088345
37.71438161092024 1.4614781308088345 49.244676800911336 9.732465817996928
49.244676800911336 9.732465817996928 52.87568980958467 0.0
52.87568980958467 0.0 39.391989451979455 0.2831344626970669
54.87568980958467 2.7534715911951544 57.433298048827815 4.638276479021334
57.433298048827815 4.638276479021334 56.957301413400835 5.457188862080909
56.957301413400835 5.457188862080909 58.51474121180376 5.435235656821933
58.51474121180376 5.435235656821933 60.18089072227506 6.663088575420133
60.18089072227506 6.663088575420133 62.388937323936965 14.287668532442027
62.388937323936965 14.287668532442027 65.36642599159477 4.253729132203439
65.36642599159477 4.253729132203439 60.89402987385123 4.59938151815742
60.89402987385123 4.59938151815742 60.12931784760724 0.0
60.12931784760724 0.0 57.617823901192715 4.320815189908039
57.617823901192715 4.320815189908039 54.87568980958467 2.7534715911951544
69.45091805848735 8.684461972563268 71.97085877294336 0.8272791851140173
71.97085877294336 0.8272791851140173 66.44252502737137 0.0
66.44252502737137 0.0 65.36642599159477 4.956374414942049
65.36642599159477 4.956374414942049 69.45091805848735 8.684461972563268
1.677607841059217 16.64422062208306 0.0 17.82256429019483
0.0 17.82256429019483 11.530295189991095 26.093551977382923
11.530295189991095 26.093551977382923 15.161308198664432 16.361086159385994
15.161308198664432 16.361086159385994 1.677607841059217 16.64422062208306
20.245800265557016 25.045548131949264 22.76574098001302 17.188365344500014
22.76574098001302 17.188365344500014 17.237407234441037 16.361086159385994
17.237407234441037 16.361086159385994 16.161308198664436 21.317460574328045
16.161308198664436 21.317460574328045 20.245800265557016 25.045548131949264
31.573580314921536 18.346191035007216 24.76574098001302 22.9126157416386
24.76574098001302 22.9126157416386 29.034454190357 31.72217231877199
29.034454190357 31.72217231877199 31.600039279501722 26.47308396780616
31.600039279501722 26.47308396780616 37.71438161092024 24.712288967730522
37.71438161092024 24.712288967730522 37.37180539279811 17.250932421708693
37.37180539279811 17.250932421708693 32.78734436128765 16.361086159385994
32.78734436128765 16.361086159385994 31.573580314921536 18.346191035007216
44.52222094582876 18.346191035007216 37.71438161092024 22.9126157416386
37.71438161092024 22.9126157416386 41.983094821264224 31.72217231877199
41.983094821264224 31.72217231877199 44.54867991040894 26.47308396780616
44.54867991040894 26.47308396780616 50.66302224182746 24.712288967730522
50.66302224182746 24.712288967730522 50.32044602370533 17.250932421708693
50.32044602370533 17.250932421708693 45.73598499219487 16.361086159385994
45.73598499219487 16.361086159385994 44.52222094582876 18.346191035007216
51.66302224182746 19.11455775058115 54.22063048107061 20.999362638407327
54.22063048107061 20.999362638407327 53.74463384564363 21.818275021466903
53.74463384564363 21.818275021466903 55.30207364404655 21.79632181620793
55.30207364404655 21.79632181620793 56.96822315451785 23.024174734806127
56.96822315451785 23.024174734806127 59.17626975617976 30.64875469182802
59.17626975617976 30.64875469182802 62.15375842383756 20.614815291589434
62.15375842383756 20.614815291589434 57.68136230609402 20.960467677543413
57.68136230609402 20.960467677543413 56.91665027985003 16.361086159385994
56.91665027985003 16.361086159385994 54.40515633343551 20.681901349294034
54.40515633343551 20.681901349294034 51.66302224182746 19.11455775058115
62.153758423837566 19.11455775058115 64.71136666308071 20.999362638407327
64.71136666308071 20.999362638407327 64.23537002765373 21.818275021466903
64.23537002765373 21.818275021466903 65.79280982605665 21.79632181620793
65.79280982605665 21.79632181620793 67.45895933652795 23.024174734806127
67.45895933652795 23.024174734806127 69.66700593818986 30.64875469182802
69.66700593818986 30.64875469182802 72.64449460584767 20.614815291589434
72.64449460584767 20.614815291589434 68.17209848810413 20.960467677543413
68.17209848810413 20.960467677543413 67.40738646186013 16.361086159385994
67.40738646186013 16.361086159385994 64.89589251544561 20.681901349294034
64.89589251544561 20.681901349294034 62.153758423837566 19.11455775058115
0.0 34.47564390996715 2.5576082392431494 36.360448797793325
2.5576082392431494 36.360448797793325 2.0816116038161696 37.1793611808529
2.0816116038161696 37.1793611808529 3.6390514022190916 37.15740797559392
3.6390514022190916 37.15740797559392 5.305200912690394 38.38526089419212
5.305200912690394 38.38526089419212 7.513247514352297 46.009840851214015
7.513247514352297 46.009840851214015 10.490736182010101 35.97590145097543
10.490736182010101 35.97590145097543 6.018340064266564 36.32155383692941
6.018340064266564 36.32155383692941 5.253628038022571 31.72217231877199
5.253628038022571 31.72217231877199 2.7421340916080497 36.04298750868003
2.7421340916080497 36.04298750868003 0.0 34.47564390996715
17.298575516918614 33.70727719439321 10.490736182010101 38.273701901024594
10.490736182010101 38.273701901024594 14.759449392354082 47.08325847815799
14.759449392354082 47.08325847815799 17.325034481498804 41.83417012719216
17.325034481498804 41.83417012719216 23.439376812917317 40.07337512711652
23.439376812917317 40.07337512711652 23.09680059479519 32.61201858109469
23.09680059479519 32.61201858109469 18.51233956328473 31.72217231877199
18.51233956328473 31.72217231877199 17.298575516918614 33.70727719439321
32.24721614782583 33.70727719439321 25.439376812917317 38.273701901024594
25.439376812917317 38.273701901024594 29.708090023261295 47.08325847815799
29.708090023261295 47.08325847815799 32.27367511240602 41.83417012719216
32.27367511240602 41.83417012719216 38.38801744382454 40.07337512711652
38.38801744382454 40.07337512711652 38.045441225702405 32.61201858109469
38.045441225702405 32.61201858109469 33.46098019419195 31.72217231877199
33.46098019419195 31.72217231877199 32.24721614782583 33.70727719439321
42.06562528488375 32.00530678146906 40.38801744382454 33.183650449580824
40.38801744382454 33.183650449580824 51.91831263381563 41.45463813676892
51.91831263381563 41.45463813676892 55.54932564248897 31.72217231877199
55.54932564248897 31.72217231877199 42.06562528488375 32.00530678146906
57.54932564248897 34.47564390996715 60.10693388173211 36.360448797793325
60.10693388173211 36.360448797793325 59.63093724630513 37.1793611808529
59.63093724630513 37.1793611808529 61.188377044708055 37.15740797559392
61.188377044708055 37.15740797559392 62.854526555179355 38.38526089419212
62.854526555179355 38.38526089419212 65.06257315684127 46.009840851214015
65.06257315684127 46.009840851214015 68.04006182449906 35.97590145097543
68.04006182449906 35.97590145097543 63.56766570675553 36.32155383692941
63.56766570675553 36.32155383692941 62.802953680511536 31.72217231877199
62.802953680511536 31.72217231877199 60.29145973409701 36.04298750868003
60.29145973409701 36.04298750868003 57.54932564248897 34.47564390996715
72.12455389139164 40.40663429133526 74.64449460584765 32.549451503886004
74.64449460584765 32.549451503886004 69.11616086027567 31.72217231877199
69.11616086027567 31.72217231877199 68.04006182449906 36.678546733714036
68.04006182449906 36.678546733714036 72.12455389139164 40.40663429133526
0.0 49.83673006935314 2.5576082392431494 51.72153495717932
2.5576082392431494 51.72153495717932 2.0816116038161696 52.5404473402389
2.0816116038161696 52.5404473402389 3.6390514022190916 52.51849413497992
3.6390514022190916 52.51849413497992 5.305200912690394 53.74634705357812
5.305200912690394 53.74634705357812 7.513247514352297 61.37092701060001
7.513247514352297 61.37092701060001 10.490736182010101 51.336987610361426
10.490736182010101 51.336987610361426 6.018340064266564 51.68263999631541
6.018340064266564 51.68263999631541 5.253628038022571 47.08325847815799
5.253628038022571 47.08325847815799 2.7421340916080497 51.404073668066026
2.7421340916080497 51.404073668066026 0.0 49.83673006935314
17.298575516918614 49.068363353779205 10.490736182010101 53.63478806041059
10.490736182010101 53.63478806041059 14.759449392354082 62.44434463754398
14.759449392354082 62.44434463754398 17.325034481498804 57.19525628657816
17.325034481498804 57.19525628657816 23.439376812917317 55.43446128650251
23.439376812917317 55.43446128650251 23.09680059479519 47.973104740480686
23.09680059479519 47.973104740480686 18.51233956328473 47.08325847815799
18.51233956328473 47.08325847815799 17.298575516918614 49.068363353779205
29.523868879809896 55.76772045072126 32.0438095942659 47.910537663272
32.0438095942659 47.910537663272 26.515475848693917 47.08325847815799
26.515475848693917 47.08325847815799 25.439376812917317 52.039632893100034
25.439376812917317 52.039632893100034 29.523868879809896 55.76772045072126
39.851648929174424 49.068363353779205 33.04380959426591 53.63478806041059
33.04380959426591 53.63478806041059 37.31252280460989 62.44434463754398
37.31252280460989 62.44434463754398 39.87810789375461 57.19525628657816
39.87810789375461 57.19525628657816 45.99245022517313 55.43446128650251
45.99245022517313 55.43446128650251 45.649874007051 47.973104740480686
45.649874007051 47.973104740480686 41.06541297554054 47.08325847815799
41.06541297554054 47.08325847815799 39.851648929174424 49.068363353779205
52.07694229206571 55.76772045072126 54.596883006521715 47.910537663272
54.596883006521715 47.910537663272 49.06854926094973 47.08325847815799
49.06854926094973 47.08325847815799 47.99245022517313 52.039632893100034
47.99245022517313 52.039632893100034 52.07694229206571 55.76772045072126
56.59688300652172 49.83673006935314 59.154491245764866 51.72153495717932
59.154491245764866 51.72153495717932 58.678494610337886 52.5404473402389
58.678494610337886 52.5404473402389 60.23593440874081 52.51849413497992
60.23593440874081 52.51849413497992 61.90208391921211 53.74634705357812
61.90208391921211 53.74634705357812 64.11013052087401 61.37092701060001
64.11013052087401 61.37092701060001 67.08761918853182 51.336987610361426
67.08761918853182 51.336987610361426 62.61522307078828 51.68263999631541
62.61522307078828 51.68263999631541 61.85051104454429 47.08325847815799
61.85051104454429 47.08325847815799 59.339017098129766 51.404073668066026
59.339017098129766 51.404073668066026 56.59688300652172 49.83673006935314
1.677607841059217 64.72747910024104 0.0 65.9058227683528
0.0 65.9058227683528 11.530295189991095 74.1768104555409
11.530295189991095 74.1768104555409 15.161308198664432 64.44434463754398
15.161308198664432 64.44434463754398 1.677607841059217 64.72747910024104
16.83891603972365 64.72747910024104 15.161308198664432 65.9058227683528
15.161308198664432 65.9058227683528 26.69160338865553 74.1768104555409
26.69160338865553 74.1768104555409 30.322616397328865 64.44434463754398
30.322616397328865 64.44434463754398 16.83891603972365 64.72747910024104
37.13045573223738 66.42944951316521 30.322616397328865 70.99587421979659
30.322616397328865 70.99587421979659 34.59132960767285 79.80543079692998
34.59132960767285 79.80543079692998 37.156914696817566 74.55634244596415
37.156914696817566 74.55634244596415 43.27125702823608 72.79554744588852
43.27125702823608 72.79554744588852 42.92868081011395 65.33419089986668
42.92868081011395 65.33419089986668 38.344219778603495 64.44434463754399
38.344219778603495 64.44434463754399 37.13045573223738 66.42944951316521
44.27125702823608 67.19781622873913 46.82886526747922 69.0826211165653
46.82886526747922 69.0826211165653 46.35286863205224 69.90153349962489
46.35286863205224 69.90153349962489 47.91030843045517 69.87958029436591
47.91030843045517 69.87958029436591 49.57645794092647 71.10743321296411
49.57645794092647 71.10743321296411 51.78450454258837 78.732013169986
51.78450454258837 78.732013169986 54.761993210246175 68.69807376974742
54.761993210246175 68.69807376974742 50.28959709250264 69.04372615570139
50.28959709250264 69.04372615570139 49.52488506625865 64.44434463754398
49.52488506625865 64.44434463754398 47.01339111984412 68.76515982745201
47.01339111984412 68.76515982745201 44.27125702823608 67.19781622873913
55.76199321024618 67.19781622873913 58.319601449489326 69.0826211165653
58.319601449489326 69.0826211165653 57.843604814062346 69.90153349962489
57.843604814062346 69.90153349962489 59.40104461246527 69.87958029436591
59.40104461246527 69.87958029436591 61.06719412293657 71.10743321296411
61.06719412293657 71.10743321296411 63.275240724598476 78.732013169986
63.275240724598476 78.732013169986 66.25272939225628 68.69807376974742
66.25272939225628 68.69807376974742 61.78033327451274 69.04372615570139
61.78033327451274 69.04372615570139 61.01562124826875 64.44434463754398
61.01562124826875 64.44434463754398 58.504127301854226 68.76515982745201
58.504127301854226 68.76515982745201 55.76199321024618 67.19781622873913
6.807839334908513 83.7905356725512 0.0 88.35696037918258
0.0 88.35696037918258 4.2687132103439795 97.16651695631597
4.2687132103439795 97.16651695631597 6.834298299488701 91.91742860535014
6.834298299488701 91.91742860535014 12.948640630907217 90.15663360527451
12.948640630907217 90.15663360527451 12.606064412785088 82.69527705925267
12.606064412785088 82.69527705925267 8.021603381274629 81.80543079692998
8.021603381274629 81.80543079692998 6.807839334908513 83.7905356725512
12.948640630907217 84.55890238812512 15.506248870150367 86.4437072759513
15.506248870150367 86.4437072759513 15.030252234723388 87.26261965901088
15.030252234723388 87.26261965901088 16.58769203312631 87.2406664537519
16.58769203312631 87.2406664537519 18.25384154359761 88.4685193723501
18.25384154359761 88.4685193723501 20.461888145259515 96.093099329372
20.461888145259515 96.093099329372 23.439376812917317 86.05915992913341
23.439376812917317 86.05915992913341 18.96698069517378 86.40481231508738
18.96698069517378 86.40481231508738 18.20226866892979 81.80543079692997
18.20226866892979 81.80543079692997 15.690774722515268 86.126245986838
15.690774722515268 86.126245986838 12.948640630907217 84.55890238812512
27.523868879809896 90.48989276949324 30.043809594265902 82.63270998204399
30.043809594265902 82.63270998204399 24.515475848693917 81.80543079692997
24.515475848693917 81.80543079692997 23.439376812917317 86.76180521187202
23.439376812917317 86.76180521187202 27.523868879809896 90.48989276949324
30.043809594265905 84.55890238812512 32.60141783350905 86.4437072759513
32.60141783350905 86.4437072759513 32.12542119808207 87.26261965901088
32.12542119808207 87.26261965901088 33.682860996485 87.2406664537519
33.682860996485 87.2406664537519 35.3490105069563 88.4685193723501
35.3490105069563 88.4685193723501 37.5570571086182 96.093099329372
37.5570571086182 96.093099329372 40.534545776276005 86.05915992913341
40.534545776276005 86.05915992913341 36.06214965853247 86.40481231508738
36.06214965853247 86.40481231508738 35.29743763228848 81.80543079692997
35.29743763228848 81.80543079692997 32.78594368587395 86.126245986838
32.78594368587395 86.126245986838 30.043809594265905 84.55890238812512
48.34238511118452 83.7905356725512 41.534545776276005 88.35696037918258
41.534545776276005 88.35696037918258 45.80325898661999 97.16651695631597
45.80325898661999 97.16651695631597 48.368844075764706 91.91742860535014
48.368844075764706 91.91742860535014 54.483186407183226 90.15663360527451
54.483186407183226 90.15663360527451 54.14061018906109 82.69527705925267
54.14061018906109 82.69527705925267 49.556149157550635 81.80543079692998
49.556149157550635 81.80543079692998 48.34238511118452 83.7905356725512
54.483186407183226 84.55890238812512 57.04079464642637 86.4437072759513
57.04079464642637 86.4437072759513 56.56479801099939 87.26261965901088
56.56479801099939 87.26261965901088 58.122237809402314 87.2406664537519
58.122237809402314 87.2406664537519 59.788387319873614 88.4685193723501
59.788387319873614 88.4685193723501 61.99643392153552 96.093099329372
61.99643392153552 96.093099329372 64.97392258919332 86.05915992913341
64.97392258919332 86.05915992913341 60.501526471449786 86.40481231508738
60.501526471449786 86.40481231508738 59.736814445205795 81.80543079692997
59.736814445205795 81.80543079692997 57.22532049879127 86.126245986838
57.22532049879127 86.126245986838 54.483186407183226 84.55890238812512
1.677607841059217 97.44965141901304 0.0 98.6279950871248
0.0 98.6279950871248 11.530295189991095 106.89898277431288
11.530295189991095 106.89898277431288 15.161308198664432 97.16651695631596
15.161308198664432 97.16651695631596 1.677607841059217 97.44965141901304
21.969147533572944 99.15162183193719 15.161308198664432 103.71804653856857
15.161308198664432 103.71804653856857 19.43002140900841 112.52760311570196
19.43002140900841 112.52760311570196 21.995606498153133 107.27851476473613
21.995606498153133 107.27851476473613 28.10994882957165 105.5177197646605
28.10994882957165 105.5177197646605 27.76737261144952 98.05636321863867
27.76737261144952 98.05636321863867 23.18291157993906 97.16651695631597
23.18291157993906 97.16651695631597 21.969147533572944 99.15162183193719
36.917788164480164 99.15162183193719 30.10994882957165 103.71804653856857
30.10994882957165 103.71804653856857 34.37866203991563 112.52760311570196
34.37866203991563 112.52760311570196 36.94424712906035 107.27851476473613
36.94424712906035 107.27851476473613 43.05858946047887 105.5177197646605
43.05858946047887 105.5177197646605 42.71601324235674 98.05636321863867
42.71601324235674 98.05636321863867 38.13155221084628 97.16651695631597
38.13155221084628 97.16651695631597 36.917788164480164 99.15162183193719
43.05858946047887 99.91998854751111 45.616197699722015 101.80479343533729
45.616197699722015 101.80479343533729 45.140201064295034 102.62370581839687
45.140201064295034 102.62370581839687 46.69764086269796 102.60175261313789
46.69764086269796 102.60175261313789 48.36379037316926 103.82960553173609
48.36379037316926 103.82960553173609 50.571836974831164 111.45418548875799
50.571836974831164 111.45418548875799 53.54932564248897 101.4202460885194
53.54932564248897 101.4202460885194 49.07692952474543 101.76589847447337
49.07692952474543 101.76589847447337 48.31221749850144 97.16651695631596
48.31221749850144 97.16651695631596 45.800723552086914 101.48733214622399
45.800723552086914 101.48733214622399 43.05858946047887 99.91998854751111
55.549325642488974 99.91998854751111 58.10693388173212 101.80479343533729
58.10693388173212 101.80479343533729 57.63093724630514 102.62370581839687
57.63093724630514 102.62370581839687 59.18837704470806 102.60175261313789
59.18837704470806 102.60175261313789 60.85452655517936 103.82960553173609
60.85452655517936 103.82960553173609 63.06257315684127 111.45418548875799
63.06257315684127 111.45418548875799 66.04006182449908 101.4202460885194
66.04006182449908 101.4202460885194 61.567665706755534 101.76589847447337
61.567665706755534 101.76589847447337 60.80295368051154 97.16651695631596
60.80295368051154 97.16651695631596 58.29145973409702 101.48733214622399
58.29145973409702 101.48733214622399 55.549325642488974 99.91998854751111
72.12455389139166 105.85097892887923 74.64449460584767 97.99379614142998
74.64449460584767 97.99379614142998 69.11616086027568 97.16651695631596
69.11616086027568 97.16651695631596 68.04006182449908 102.122891371258
68.04006182449908 102.122891371258 72.12455389139166 105.85097892887923
4.08449206689258 123.21206508826522 6.604432781348589 115.35488230081597
6.604432781348589 115.35488230081597 1.076099035776604 114.52760311570195
1.076099035776604 114.52760311570195 0.0 119.483977530644
0.0 119.483977530644 4.08449206689258 123.21206508826522
8.604432781348589 117.2810747068971 11.162041020591738 119.16587959472328
11.162041020591738 119.16587959472328 10.68604438516476 119.98479197778286
10.68604438516476 119.98479197778286 12.24348418356768 119.96283877252388
12.24348418356768 119.96283877252388 13.909633694038982 121.19069169112208
13.909633694038982 121.19069169112208 16.117680295700886 128.81527164814398
16.117680295700886 128.81527164814398 19.095168963358688 118.7813322479054
19.095168963358688 118.7813322479054 14.622772845615152 119.12698463385937
14.622772845615152 119.12698463385937 13.85806081937116 114.52760311570195
13.85806081937116 114.52760311570195 11.34656687295664 118.84841830560998
11.34656687295664 118.84841830560998 8.604432781348589 117.2810747068971
