427
0.0 0.0 2.0 0.0
2.0 0.0 2.0 3.0
2.0 3.0 12.0 3.0
12.0 3.0 12.0 0.0
12.0 0.0 14.0 0.0
14.0 0.0 14.0 2.0
14.0 2.0 14.0 4.0
14.0 4.0 14.0 5.0
14.0 5.0 0.0 5.0
0.0 5.0 0.0 0.0
14.0 2.0 16.0 2.0
16.0 2.0 16.0 0.0
16.0 0.0 18.0 0.0
18.0 0.0 18.0 2.0
18.0 2.0 20.0 2.0
20.0 2.0 20.0 4.0
20.0 4.0 18.0 4.0
18.0 4.0 18.0 6.0
18.0 6.0 16.0 6.0
16.0 6.0 16.0 4.0
16.0 4.0 14.0 4.0
14.0 4.0 14.0 2.0
20.0 0.0 22.0 0.0
22.0 0.0 22.0 3.0
22.0 3.0 32.0 3.0
32.0 3.0 32.0 0.0
32.0 0.0 34.0 0.0
34.0 0.0 34.0 2.0
34.0 2.0 34.0 5.0
34.0 5.0 20.0 5.0
20.0 5.0 20.0 4.0
20.0 4.0 20.0 2.0
20.0 2.0 20.0 0.0
34.0 2.0 40.0 2.0
40.0 2.0 40.0 0.0
40.0 0.0 41.0 0.0
41.0 0.0 45.0 4.0
45.0 4.0 45.0 5.0
45.0 5.0 45.0 6.0
45.0 6.0 43.0 6.0
43.0 6.0 42.0 6.0
42.0 6.0 42.0 3.0
42.0 3.0 36.0 3.0
36.0 3.0 36.0 6.0
36.0 6.0 34.0 6.0
34.0 6.0 34.0 5.0
34.0 5.0 34.0 2.0
45.0 0.0 47.0 0.0
47.0 0.0 47.0 3.0
47.0 3.0 57.0 3.0
57.0 3.0 57.0 0.0
57.0 0.0 59.0 0.0
59.0 0.0 59.0 5.0
59.0 5.0 45.0 5.0
45.0 5.0 45.0 4.0
45.0 4.0 45.0 0.0
59.0 0.0 61.0 0.0
61.0 0.0 61.0 3.0
61.0 3.0 71.0 3.0
71.0 3.0 71.0 0.0
71.0 0.0 73.0 0.0
73.0 0.0 73.0 5.0
73.0 5.0 59.0 5.0
59.0 5.0 59.0 0.0
0.0 8.0 2.0 8.0
2.0 8.0 2.0 6.0
2.0 6.0 4.0 6.0
4.0 6.0 4.0 8.0
4.0 8.0 6.0 8.0
6.0 8.0 6.0 10.0
6.0 10.0 4.0 10.0
4.0 10.0 4.0 12.0
4.0 12.0 2.0 12.0
2.0 12.0 2.0 10.0
2.0 10.0 0.0 10.0
0.0 10.0 0.0 8.0
6.0 12.0 12.0 6.0
12.0 6.0 18.0 12.0
18.0 12.0 12.0 18.0
12.0 18.0 6.0 12.0
18.0 8.0 24.0 8.0
24.0 8.0 24.0 6.0
24.0 6.0 25.0 6.0
25.0 6.0 29.0 10.0
29.0 10.0 29.0 11.0
29.0 11.0 29.0 12.0
29.0 12.0 26.0 12.0
26.0 12.0 26.0 9.0
26.0 9.0 20.0 9.0
20.0 9.0 20.0 12.0
20.0 12.0 18.0 12.0
18.0 12.0 18.0 8.0
29.0 6.0 31.0 6.0
31.0 6.0 31.0 9.0
31.0 9.0 41.0 9.0
41.0 9.0 41.0 6.0
41.0 6.0 42.0 6.0
42.0 6.0 43.0 6.0
43.0 6.0 43.0 8.0
43.0 8.0 43.0 10.0
43.0 10.0 43.0 11.0
43.0 11.0 29.0 11.0
29.0 11.0 29.0 10.0
29.0 10.0 29.0 6.0
43.0 8.0 45.0 8.0
45.0 8.0 45.0 6.0
45.0 6.0 47.0 6.0
47.0 6.0 47.0 8.0
47.0 8.0 49.0 8.0
49.0 8.0 49.0 10.0
49.0 10.0 47.0 10.0
47.0 10.0 47.0 12.0
47.0 12.0 45.0 12.0
45.0 12.0 45.0 10.0
45.0 10.0 43.0 10.0
43.0 10.0 43.0 8.0
49.0 8.0 55.0 8.0
55.0 8.0 55.0 6.0
55.0 6.0 56.0 6.0
56.0 6.0 60.0 10.0
60.0 10.0 60.0 12.0
60.0 12.0 57.0 12.0
57.0 12.0 57.0 9.0
57.0 9.0 51.0 9.0
51.0 9.0 51.0 12.0
51.0 12.0 49.0 12.0
49.0 12.0 49.0 10.0
49.0 10.0 49.0 8.0
60.0 8.0 66.0 8.0
66.0 8.0 66.0 6.0
66.0 6.0 67.0 6.0
67.0 6.0 71.0 10.0
71.0 10.0 71.0 12.0
71.0 12.0 68.0 12.0
68.0 12.0 68.0 9.0
68.0 9.0 62.0 9.0
62.0 9.0 62.0 12.0
62.0 12.0 60.0 12.0
60.0 12.0 60.0 10.0
60.0 10.0 60.0 8.0
0.0 20.0 6.0 20.0
6.0 20.0 6.0 18.0
6.0 18.0 7.0 18.0
7.0 18.0 11.0 22.0
11.0 22.0 11.0 24.0
11.0 24.0 8.0 24.0
8.0 24.0 8.0 21.0
8.0 21.0 2.0 21.0
2.0 21.0 2.0 24.0
2.0 24.0 0.0 24.0
0.0 24.0 0.0 20.0
11.0 20.0 13.0 20.0
13.0 20.0 13.0 18.0
13.0 18.0 15.0 18.0
15.0 18.0 15.0 20.0
15.0 20.0 17.0 20.0
17.0 20.0 17.0 22.0
17.0 22.0 15.0 22.0
15.0 22.0 15.0 24.0
15.0 24.0 13.0 24.0
13.0 24.0 13.0 22.0
13.0 22.0 11.0 22.0
11.0 22.0 11.0 20.0
17.0 24.0 23.0 18.0
23.0 18.0 29.0 24.0
29.0 24.0 23.0 30.0
23.0 30.0 17.0 24.0
29.0 24.0 35.0 18.0
35.0 18.0 41.0 24.0
41.0 24.0 35.0 30.0
35.0 30.0 29.0 24.0
41.0 18.0 43.0 18.0
43.0 18.0 43.0 21.0
43.0 21.0 53.0 21.0
53.0 21.0 53.0 18.0
53.0 18.0 55.0 18.0
55.0 18.0 55.0 20.0
55.0 20.0 55.0 23.0
55.0 23.0 41.0 23.0
41.0 23.0 41.0 18.0
55.0 20.0 61.0 20.0
61.0 20.0 61.0 18.0
61.0 18.0 62.0 18.0
62.0 18.0 66.0 22.0
66.0 22.0 66.0 24.0
66.0 24.0 63.0 24.0
63.0 24.0 63.0 21.0
63.0 21.0 57.0 21.0
57.0 21.0 57.0 24.0
57.0 24.0 55.0 24.0
55.0 24.0 55.0 23.0
55.0 23.0 55.0 20.0
66.0 20.0 68.0 20.0
68.0 20.0 68.0 18.0
68.0 18.0 70.0 18.0
70.0 18.0 70.0 20.0
70.0 20.0 72.0 20.0
72.0 20.0 72.0 22.0
72.0 22.0 70.0 22.0
70.0 22.0 70.0 24.0
70.0 24.0 68.0 24.0
68.0 24.0 68.0 22.0
68.0 22.0 66.0 22.0
66.0 22.0 66.0 20.0
0.0 30.0 2.0 30.0
2.0 30.0 2.0 33.0
2.0 33.0 12.0 33.0
12.0 33.0 12.0 30.0
12.0 30.0 14.0 30.0
14.0 30.0 14.0 32.0
14.0 32.0 14.0 34.0
14.0 34.0 14.0 35.0
14.0 35.0 0.0 35.0
0.0 35.0 0.0 30.0
14.0 32.0 16.0 32.0
16.0 32.0 16.0 30.0
16.0 30.0 18.0 30.0
18.0 30.0 18.0 32.0
18.0 32.0 20.0 32.0
20.0 32.0 20.0 34.0
20.0 34.0 18.0 34.0
18.0 34.0 18.0 36.0
18.0 36.0 16.0 36.0
16.0 36.0 16.0 34.0
16.0 34.0 14.0 34.0
14.0 34.0 14.0 32.0
20.0 30.0 22.0 30.0
22.0 30.0 22.0 33.0
22.0 33.0 32.0 33.0
32.0 33.0 32.0 30.0
32.0 30.0 34.0 30.0
34.0 30.0 34.0 32.0
34.0 32.0 34.0 34.0
34.0 34.0 34.0 35.0
34.0 35.0 20.0 35.0
20.0 35.0 20.0 34.0
20.0 34.0 20.0 32.0
20.0 32.0 20.0 30.0
34.0 32.0 36.0 32.0
36.0 32.0 36.0 30.0
36.0 30.0 38.0 30.0
38.0 30.0 38.0 32.0
38.0 32.0 40.0 32.0
40.0 32.0 40.0 34.0
40.0 34.0 38.0 34.0
38.0 34.0 38.0 36.0
38.0 36.0 36.0 36.0
36.0 36.0 36.0 34.0
36.0 34.0 34.0 34.0
34.0 34.0 34.0 32.0
40.0 32.0 42.0 32.0
42.0 32.0 42.0 30.0
42.0 30.0 44.0 30.0
44.0 30.0 44.0 32.0
44.0 32.0 46.0 32.0
46.0 32.0 46.0 34.0
46.0 34.0 44.0 34.0
44.0 34.0 44.0 36.0
44.0 36.0 42.0 36.0
42.0 36.0 42.0 34.0
42.0 34.0 40.0 34.0
40.0 34.0 40.0 32.0
46.0 30.0 48.0 30.0
48.0 30.0 48.0 33.0
48.0 33.0 58.0 33.0
58.0 33.0 58.0 30.0
58.0 30.0 60.0 30.0
60.0 30.0 60.0 35.0
60.0 35.0 46.0 35.0
46.0 35.0 46.0 34.0
46.0 34.0 46.0 32.0
46.0 32.0 46.0 30.0
60.0 36.0 66.0 30.0
66.0 30.0 72.0 36.0
72.0 36.0 66.0 42.0
66.0 42.0 60.0 36.0
0.0 44.0 6.0 44.0
6.0 44.0 6.0 42.0
6.0 42.0 7.0 42.0
7.0 42.0 11.0 46.0
11.0 46.0 11.0 47.0
11.0 47.0 11.0 48.0
11.0 48.0 8.0 48.0
8.0 48.0 8.0 45.0
8.0 45.0 2.0 45.0
2.0 45.0 2.0 48.0
2.0 48.0 0.0 48.0
0.0 48.0 0.0 44.0
11.0 42.0 13.0 42.0
13.0 42.0 13.0 45.0
13.0 45.0 23.0 45.0
23.0 45.0 23.0 42.0
23.0 42.0 25.0 42.0
25.0 42.0 25.0 47.0
25.0 47.0 11.0 47.0
11.0 47.0 11.0 46.0
11.0 46.0 11.0 42.0
25.0 42.0 27.0 42.0
27.0 42.0 27.0 45.0
27.0 45.0 37.0 45.0
37.0 45.0 37.0 42.0
37.0 42.0 39.0 42.0
39.0 42.0 39.0 47.0
39.0 47.0 25.0 47.0
25.0 47.0 25.0 42.0
39.0 42.0 41.0 42.0
41.0 42.0 41.0 45.0
41.0 45.0 51.0 45.0
51.0 45.0 51.0 42.0
51.0 42.0 53.0 42.0
53.0 42.0 53.0 44.0
53.0 44.0 53.0 46.0
53.0 46.0 53.0 47.0
53.0 47.0 39.0 47.0
39.0 47.0 39.0 42.0
53.0 44.0 55.0 44.0
55.0 44.0 55.0 42.0
55.0 42.0 57.0 42.0
57.0 42.0 57.0 44.0
57.0 44.0 59.0 44.0
59.0 44.0 59.0 46.0
59.0 46.0 57.0 46.0
57.0 46.0 57.0 48.0
57.0 48.0 56.0 48.0
56.0 48.0 55.0 48.0
55.0 48.0 55.0 46.0
55.0 46.0 53.0 46.0
53.0 46.0 53.0 44.0
59.0 44.0 61.0 44.0
61.0 44.0 61.0 42.0
61.0 42.0 63.0 42.0
63.0 42.0 63.0 44.0
63.0 44.0 65.0 44.0
65.0 44.0 65.0 46.0
65.0 46.0 63.0 46.0
63.0 46.0 63.0 48.0
63.0 48.0 61.0 48.0
61.0 48.0 61.0 46.0
61.0 46.0 59.0 46.0
59.0 46.0 59.0 44.0
65.0 44.0 67.0 44.0
67.0 44.0 67.0 42.0
67.0 42.0 69.0 42.0
69.0 42.0 69.0 44.0
69.0 44.0 71.0 44.0
71.0 44.0 71.0 46.0
71.0 46.0 69.0 46.0
69.0 46.0 69.0 48.0
69.0 48.0 68.0 48.0
68.0 48.0 67.0 48.0
67.0 48.0 67.0 46.0
67.0 46.0 65.0 46.0
65.0 46.0 65.0 44.0
0.0 50.0 6.0 50.0
6.0 50.0 6.0 48.0
6.0 48.0 7.0 48.0
7.0 48.0 11.0 52.0
11.0 52.0 11.0 54.0
11.0 54.0 8.0 54.0
8.0 54.0 8.0 51.0
8.0 51.0 2.0 51.0
2.0 51.0 2.0 54.0
2.0 54.0 0.0 54.0
0.0 54.0 0.0 50.0
11.0 54.0 17.0 48.0
17.0 48.0 23.0 54.0
23.0 54.0 17.0 60.0
17.0 60.0 11.0 54.0
23.0 50.0 29.0 50.0
29.0 50.0 29.0 48.0
29.0 48.0 30.0 48.0
30.0 48.0 34.0 52.0
34.0 52.0 34.0 54.0
34.0 54.0 31.0 54.0
31.0 54.0 31.0 51.0
31.0 51.0 25.0 51.0
25.0 51.0 25.0 54.0
25.0 54.0 23.0 54.0
23.0 54.0 23.0 50.0
34.0 50.0 36.0 50.0
36.0 50.0 36.0 48.0
36.0 48.0 38.0 48.0
38.0 48.0 38.0 50.0
38.0 50.0 40.0 50.0
40.0 50.0 40.0 52.0
40.0 52.0 38.0 52.0
38.0 52.0 38.0 54.0
38.0 54.0 36.0 54.0
36.0 54.0 36.0 52.0
36.0 52.0 34.0 52.0
34.0 52.0 34.0 50.0
40.0 48.0 42.0 48.0
42.0 48.0 42.0 51.0
42.0 51.0 52.0 51.0
52.0 51.0 52.0 48.0
52.0 48.0 54.0 48.0
54.0 48.0 54.0 53.0
54.0 53.0 40.0 53.0
40.0 53.0 40.0 52.0
40.0 52.0 40.0 50.0
40.0 50.0 40.0 48.0
54.0 48.0 55.0 48.0
55.0 48.0 56.0 48.0
56.0 48.0 56.0 51.0
56.0 51.0 66.0 51.0
66.0 51.0 66.0 48.0
66.0 48.0 67.0 48.0
67.0 48.0 68.0 48.0
68.0 48.0 68.0 53.0
68.0 53.0 54.0 53.0
54.0 53.0 54.0 48.0
0.0 66.0 6.0 60.0
6.0 60.0 12.0 66.0
12.0 66.0 6.0 72.0
6.0 72.0 0.0 66.0
12.0 60.0 14.0 60.0
14.0 60.0 14.0 63.0
14.0 63.0 24.0 63.0
24.0 63.0 24.0 60.0
24.0 60.0 26.0 60.0
26.0 60.0 26.0 65.0
26.0 65.0 12.0 65.0
12.0 65.0 12.0 60.0
26.0 66.0 32.0 60.0
32.0 60.0 38.0 66.0
38.0 66.0 32.0 72.0
32.0 72.0 26.0 66.0
