420
0.0 0.0 2.0 0.0
2.0 0.0 2.0 3.0
2.0 3.0 12.0 3.0
12.0 3.0 12.0 0.0
12.0 0.0 14.0 0.0
14.0 0.0 14.0 2.0
14.0 2.0 14.0 4.0
14.0 4.0 14.0 5.0
14.0 5.0 0.0 5.0
0.0 5.0 0.0 0.0
14.0 2.0 16.0 2.0
16.0 2.0 16.0 0.0
16.0 0.0 18.0 0.0
18.0 0.0 18.0 2.0
18.0 2.0 20.0 2.0
20.0 2.0 20.0 4.0
20.0 4.0 18.0 4.0
18.0 4.0 18.0 6.0
18.0 6.0 16.0 6.0
16.0 6.0 16.0 4.0
16.0 4.0 14.0 4.0
14.0 4.0 14.0 2.0
20.0 2.0 22.0 2.0
22.0 2.0 22.0 0.0
22.0 0.0 24.0 0.0
24.0 0.0 24.0 2.0
24.0 2.0 26.0 2.0
26.0 2.0 26.0 4.0
26.0 4.0 24.0 4.0
24.0 4.0 24.0 6.0
24.0 6.0 22.0 6.0
22.0 6.0 22.0 4.0
22.0 4.0 20.0 4.0
20.0 4.0 20.0 2.0
26.0 2.0 32.0 2.0
32.0 2.0 32.0 0.0
32.0 0.0 33.0 0.0
33.0 0.0 37.0 4.0
37.0 4.0 37.0 6.0
37.0 6.0 34.0 6.0
34.0 6.0 34.0 3.0
34.0 3.0 28.0 3.0
28.0 3.0 28.0 6.0
28.0 6.0 26.0 6.0
26.0 6.0 26.0 4.0
26.0 4.0 26.0 2.0
37.0 2.0 39.0 2.0
39.0 2.0 39.0 0.0
39.0 0.0 41.0 0.0
41.0 0.0 41.0 2.0
41.0 2.0 43.0 2.0
43.0 2.0 43.0 4.0
43.0 4.0 41.0 4.0
41.0 4.0 41.0 6.0
41.0 6.0 39.0 6.0
39.0 6.0 39.0 4.0
39.0 4.0 37.0 4.0
37.0 4.0 37.0 2.0
43.0 2.0 45.0 2.0
45.0 2.0 45.0 0.0
45.0 0.0 47.0 0.0
47.0 0.0 47.0 2.0
47.0 2.0 49.0 2.0
49.0 2.0 49.0 4.0
49.0 4.0 47.0 4.0
47.0 4.0 47.0 6.0
47.0 6.0 45.0 6.0
45.0 6.0 45.0 4.0
45.0 4.0 43.0 4.0
43.0 4.0 43.0 2.0
49.0 6.0 55.0 0.0
55.0 0.0 61.0 6.0
61.0 6.0 55.0 12.0
55.0 12.0 49.0 6.0
61.0 0.0 63.0 0.0
63.0 0.0 63.0 3.0
63.0 3.0 73.0 3.0
73.0 3.0 73.0 0.0
73.0 0.0 75.0 0.0
75.0 0.0 75.0 5.0
75.0 5.0 61.0 5.0
61.0 5.0 61.0 0.0
0.0 12.0 2.0 12.0
2.0 12.0 2.0 15.0
2.0 15.0 12.0 15.0
12.0 15.0 12.0 12.0
12.0 12.0 14.0 12.0
14.0 12.0 14.0 17.0
14.0 17.0 0.0 17.0
0.0 17.0 0.0 12.0
14.0 18.0 20.0 12.0
20.0 12.0 26.0 18.0
26.0 18.0 20.0 24.0
20.0 24.0 14.0 18.0
26.0 18.0 32.0 12.0
32.0 12.0 38.0 18.0
38.0 18.0 32.0 24.0
32.0 24.0 26.0 18.0
38.0 14.0 44.0 14.0
44.0 14.0 44.0 12.0
44.0 12.0 45.0 12.0
45.0 12.0 49.0 16.0
49.0 16.0 49.0 17.0
49.0 17.0 49.0 18.0
49.0 18.0 46.0 18.0
46.0 18.0 46.0 15.0
46.0 15.0 40.0 15.0
40.0 15.0 40.0 18.0
40.0 18.0 38.0 18.0
38.0 18.0 38.0 14.0
49.0 12.0 51.0 12.0
51.0 12.0 51.0 15.0
51.0 15.0 61.0 15.0
61.0 15.0 61.0 12.0
61.0 12.0 63.0 12.0
63.0 12.0 63.0 14.0
63.0 14.0 63.0 16.0
63.0 16.0 63.0 17.0
63.0 17.0 49.0 17.0
49.0 17.0 49.0 16.0
49.0 16.0 49.0 12.0
63.0 14.0 65.0 14.0
65.0 14.0 65.0 12.0
65.0 12.0 67.0 12.0
67.0 12.0 67.0 14.0
67.0 14.0 69.0 14.0
69.0 14.0 69.0 16.0
69.0 16.0 67.0 16.0
67.0 16.0 67.0 18.0
67.0 18.0 65.0 18.0
65.0 18.0 65.0 16.0
65.0 16.0 63.0 16.0
63.0 16.0 63.0 14.0
0.0 24.0 2.0 24.0
2.0 24.0 2.0 27.0
2.0 27.0 12.0 27.0
12.0 27.0 12.0 24.0
12.0 24.0 14.0 24.0
14.0 24.0 14.0 29.0
14.0 29.0 0.0 29.0
0.0 29.0 0.0 24.0
14.0 24.0 16.0 24.0
16.0 24.0 16.0 27.0
16.0 27.0 26.0 27.0
26.0 27.0 26.0 24.0
26.0 24.0 28.0 24.0
28.0 24.0 28.0 26.0
28.0 26.0 28.0 28.0
28.0 28.0 28.0 29.0
28.0 29.0 14.0 29.0
14.0 29.0 14.0 24.0
28.0 26.0 30.0 26.0
30.0 26.0 30.0 24.0
30.0 24.0 32.0 24.0
32.0 24.0 32.0 26.0
32.0 26.0 34.0 26.0
34.0 26.0 34.0 28.0
34.0 28.0 32.0 28.0
32.0 28.0 32.0 30.0
32.0 30.0 30.0 30.0
30.0 30.0 30.0 28.0
30.0 28.0 28.0 28.0
28.0 28.0 28.0 26.0
34.0 26.0 36.0 26.0
36.0 26.0 36.0 24.0
36.0 24.0 38.0 24.0
38.0 24.0 38.0 26.0
38.0 26.0 40.0 26.0
40.0 26.0 40.0 28.0
40.0 28.0 38.0 28.0
38.0 28.0 38.0 30.0
38.0 30.0 37.0 30.0
37.0 30.0 36.0 30.0
36.0 30.0 36.0 28.0
36.0 28.0 34.0 28.0
34.0 28.0 34.0 26.0
40.0 26.0 42.0 26.0
42.0 26.0 42.0 24.0
42.0 24.0 44.0 24.0
44.0 24.0 44.0 26.0
44.0 26.0 46.0 26.0
46.0 26.0 46.0 28.0
46.0 28.0 44.0 28.0
44.0 28.0 44.0 30.0
44.0 30.0 42.0 30.0
42.0 30.0 42.0 28.0
42.0 28.0 40.0 28.0
40.0 28.0 40.0 26.0
46.0 24.0 48.0 24.0
48.0 24.0 48.0 27.0
48.0 27.0 58.0 27.0
58.0 27.0 58.0 24.0
58.0 24.0 60.0 24.0
60.0 24.0 60.0 29.0
60.0 29.0 46.0 29.0
46.0 29.0 46.0 28.0
46.0 28.0 46.0 26.0
46.0 26.0 46.0 24.0
60.0 24.0 62.0 24.0
62.0 24.0 62.0 27.0
62.0 27.0 72.0 27.0
72.0 27.0 72.0 24.0
72.0 24.0 74.0 24.0
74.0 24.0 74.0 29.0
74.0 29.0 60.0 29.0
60.0 29.0 60.0 24.0
0.0 32.0 6.0 32.0
6.0 32.0 6.0 30.0
6.0 30.0 7.0 30.0
7.0 30.0 11.0 34.0
11.0 34.0 11.0 36.0
11.0 36.0 8.0 36.0
8.0 36.0 8.0 33.0
8.0 33.0 2.0 33.0
2.0 33.0 2.0 36.0
2.0 36.0 0.0 36.0
0.0 36.0 0.0 32.0
11.0 32.0 17.0 32.0
17.0 32.0 17.0 30.0
17.0 30.0 18.0 30.0
18.0 30.0 22.0 34.0
22.0 34.0 22.0 36.0
22.0 36.0 19.0 36.0
19.0 36.0 19.0 33.0
19.0 33.0 13.0 33.0
13.0 33.0 13.0 36.0
13.0 36.0 11.0 36.0
11.0 36.0 11.0 34.0
11.0 34.0 11.0 32.0
22.0 32.0 28.0 32.0
28.0 32.0 28.0 30.0
28.0 30.0 29.0 30.0
29.0 30.0 33.0 34.0
33.0 34.0 33.0 36.0
33.0 36.0 30.0 36.0
30.0 36.0 30.0 33.0
30.0 33.0 24.0 33.0
24.0 33.0 24.0 36.0
24.0 36.0 22.0 36.0
22.0 36.0 22.0 34.0
22.0 34.0 22.0 32.0
33.0 32.0 35.0 32.0
35.0 32.0 35.0 30.0
35.0 30.0 36.0 30.0
36.0 30.0 37.0 30.0
37.0 30.0 37.0 32.0
37.0 32.0 39.0 32.0
39.0 32.0 39.0 34.0
39.0 34.0 37.0 34.0
37.0 34.0 37.0 36.0
37.0 36.0 35.0 36.0
35.0 36.0 35.0 34.0
35.0 34.0 33.0 34.0
33.0 34.0 33.0 32.0
39.0 30.0 41.0 30.0
41.0 30.0 41.0 33.0
41.0 33.0 51.0 33.0
51.0 33.0 51.0 30.0
51.0 30.0 53.0 30.0
53.0 30.0 53.0 35.0
53.0 35.0 39.0 35.0
39.0 35.0 39.0 34.0
39.0 34.0 39.0 32.0
39.0 32.0 39.0 30.0
53.0 36.0 59.0 30.0
59.0 30.0 65.0 36.0
65.0 36.0 59.0 42.0
59.0 42.0 53.0 36.0
65.0 32.0 67.0 32.0
67.0 32.0 67.0 30.0
67.0 30.0 69.0 30.0
69.0 30.0 69.0 32.0
69.0 32.0 71.0 32.0
71.0 32.0 71.0 34.0
71.0 34.0 69.0 34.0
69.0 34.0 69.0 36.0
69.0 36.0 67.0 36.0
67.0 36.0 67.0 34.0
67.0 34.0 65.0 34.0
65.0 34.0 65.0 32.0
0.0 42.0 2.0 42.0
2.0 42.0 2.0 45.0
2.0 45.0 12.0 45.0
12.0 45.0 12.0 42.0
12.0 42.0 14.0 42.0
14.0 42.0 14.0 44.0
14.0 44.0 14.0 47.0
14.0 47.0 0.0 47.0
0.0 47.0 0.0 42.0
14.0 44.0 20.0 44.0
20.0 44.0 20.0 42.0
20.0 42.0 21.0 42.0
21.0 42.0 25.0 46.0
25.0 46.0 25.0 48.0
25.0 48.0 22.0 48.0
22.0 48.0 22.0 45.0
22.0 45.0 16.0 45.0
16.0 45.0 16.0 48.0
16.0 48.0 14.0 48.0
14.0 48.0 14.0 47.0
14.0 47.0 14.0 44.0
25.0 44.0 31.0 44.0
31.0 44.0 31.0 42.0
31.0 42.0 32.0 42.0
32.0 42.0 36.0 46.0
36.0 46.0 36.0 48.0
36.0 48.0 33.0 48.0
33.0 48.0 33.0 45.0
33.0 45.0 27.0 45.0
27.0 45.0 27.0 48.0
27.0 48.0 25.0 48.0
25.0 48.0 25.0 46.0
25.0 46.0 25.0 44.0
36.0 48.0 42.0 42.0
42.0 42.0 48.0 48.0
48.0 48.0 42.0 54.0
42.0 54.0 36.0 48.0
48.0 48.0 54.0 42.0
54.0 42.0 60.0 48.0
60.0 48.0 54.0 54.0
54.0 54.0 48.0 48.0
60.0 44.0 62.0 44.0
62.0 44.0 62.0 42.0
62.0 42.0 64.0 42.0
64.0 42.0 64.0 44.0
64.0 44.0 66.0 44.0
66.0 44.0 66.0 46.0
66.0 46.0 64.0 46.0
64.0 46.0 64.0 48.0
64.0 48.0 62.0 48.0
62.0 48.0 62.0 46.0
62.0 46.0 60.0 46.0
60.0 46.0 60.0 44.0
0.0 54.0 2.0 54.0
2.0 54.0 2.0 57.0
2.0 57.0 12.0 57.0
12.0 57.0 12.0 54.0
12.0 54.0 14.0 54.0
14.0 54.0 14.0 56.0
14.0 56.0 14.0 59.0
14.0 59.0 0.0 59.0
0.0 59.0 0.0 54.0
14.0 56.0 20.0 56.0
20.0 56.0 20.0 54.0
20.0 54.0 21.0 54.0
21.0 54.0 25.0 58.0
25.0 58.0 25.0 60.0
25.0 60.0 22.0 60.0
22.0 60.0 22.0 57.0
22.0 57.0 16.0 57.0
16.0 57.0 16.0 60.0
16.0 60.0 14.0 60.0
14.0 60.0 14.0 59.0
14.0 59.0 14.0 56.0
25.0 56.0 31.0 56.0
31.0 56.0 31.0 54.0
31.0 54.0 32.0 54.0
32.0 54.0 36.0 58.0
36.0 58.0 36.0 59.0
36.0 59.0 36.0 60.0
36.0 60.0 33.0 60.0
33.0 60.0 33.0 57.0
33.0 57.0 27.0 57.0
27.0 57.0 27.0 60.0
27.0 60.0 25.0 60.0
25.0 60.0 25.0 58.0
25.0 58.0 25.0 56.0
36.0 54.0 38.0 54.0
38.0 54.0 38.0 57.0
38.0 57.0 48.0 57.0
48.0 57.0 48.0 54.0
48.0 54.0 50.0 54.0
50.0 54.0 50.0 59.0
50.0 59.0 36.0 59.0
36.0 59.0 36.0 58.0
36.0 58.0 36.0 54.0
50.0 60.0 56.0 54.0
56.0 54.0 62.0 60.0
62.0 60.0 56.0 66.0
56.0 66.0 50.0 60.0
62.0 54.0 64.0 54.0
64.0 54.0 64.0 57.0
64.0 57.0 74.0 57.0
74.0 57.0 74.0 54.0
74.0 54.0 76.0 54.0
76.0 54.0 76.0 59.0
76.0 59.0 62.0 59.0
62.0 59.0 62.0 54.0
0.0 66.0 2.0 66.0
2.0 66.0 2.0 69.0
2.0 69.0 12.0 69.0
12.0 69.0 12.0 66.0
12.0 66.0 14.0 66.0
14.0 66.0 14.0 68.0
14.0 68.0 14.0 70.0
14.0 70.0 14.0 71.0
14.0 71.0 0.0 71.0
0.0 71.0 0.0 66.0
14.0 68.0 16.0 68.0
16.0 68.0 16.0 66.0
16.0 66.0 18.0 66.0
18.0 66.0 18.0 68.0
18.0 68.0 20.0 68.0
20.0 68.0 20.0 70.0
20.0 70.0 18.0 70.0
18.0 70.0 18.0 72.0
18.0 72.0 16.0 72.0
16.0 72.0 16.0 70.0
16.0 70.0 14.0 70.0
14.0 70.0 14.0 68.0
20.0 66.0 22.0 66.0
22.0 66.0 22.0 69.0
22.0 69.0 32.0 69.0
32.0 69.0 32.0 66.0
32.0 66.0 34.0 66.0
34.0 66.0 34.0 71.0
34.0 71.0 20.0 71.0
20.0 71.0 20.0 70.0
20.0 70.0 20.0 68.0
20.0 68.0 20.0 66.0
