403
0.0 0.0 2.0 0.0
2.0 0.0 2.0 3.0
2.0 3.0 12.0 3.0
12.0 3.0 12.0 0.0
12.0 0.0 14.0 0.0
14.0 0.0 14.0 2.0
14.0 2.0 14.0 4.0
14.0 4.0 14.0 5.0
14.0 5.0 0.0 5.0
0.0 5.0 0.0 0.0
14.0 2.0 16.0 2.0
16.0 2.0 16.0 0.0
16.0 0.0 18.0 0.0
18.0 0.0 18.0 2.0
18.0 2.0 20.0 2.0
20.0 2.0 20.0 4.0
20.0 4.0 18.0 4.0
18.0 4.0 18.0 6.0
18.0 6.0 16.0 6.0
16.0 6.0 16.0 4.0
16.0 4.0 14.0 4.0
14.0 4.0 14.0 2.0
22.0 2.0 24.0 2.0
24.0 2.0 24.0 0.0
24.0 0.0 26.0 0.0
26.0 0.0 26.0 2.0
26.0 2.0 28.0 2.0
28.0 2.0 28.0 4.0
28.0 4.0 26.0 4.0
26.0 4.0 26.0 6.0
26.0 6.0 24.0 6.0
24.0 6.0 24.0 4.0
24.0 4.0 22.0 4.0
22.0 4.0 22.0 2.0
28.0 2.0 34.0 2.0
34.0 2.0 34.0 0.0
34.0 0.0 35.0 0.0
35.0 0.0 39.0 4.0
39.0 4.0 39.0 6.0
39.0 6.0 36.0 6.0
36.0 6.0 36.0 3.0
36.0 3.0 30.0 3.0
30.0 3.0 30.0 6.0
30.0 6.0 28.0 6.0
28.0 6.0 28.0 4.0
28.0 4.0 28.0 2.0
39.0 2.0 41.0 2.0
41.0 2.0 41.0 0.0
41.0 0.0 43.0 0.0
43.0 0.0 43.0 2.0
43.0 2.0 45.0 2.0
45.0 2.0 45.0 4.0
45.0 4.0 43.0 4.0
43.0 4.0 43.0 6.0
43.0 6.0 41.0 6.0
41.0 6.0 41.0 4.0
41.0 4.0 39.0 4.0
39.0 4.0 39.0 2.0
45.0 2.0 47.0 2.0
47.0 2.0 47.0 0.0
47.0 0.0 49.0 0.0
49.0 0.0 49.0 2.0
49.0 2.0 51.0 2.0
51.0 2.0 51.0 4.0
51.0 4.0 49.0 4.0
49.0 4.0 49.0 6.0
49.0 6.0 47.0 6.0
47.0 6.0 47.0 4.0
47.0 4.0 45.0 4.0
45.0 4.0 45.0 2.0
53.0 6.0 59.0 0.0
59.0 0.0 65.0 6.0
65.0 6.0 59.0 12.0
59.0 12.0 53.0 6.0
0.0 13.0 2.0 13.0
2.0 13.0 2.0 16.0
2.0 16.0 12.0 16.0
12.0 16.0 12.0 13.0
12.0 13.0 14.0 13.0
14.0 13.0 14.0 18.0
14.0 18.0 0.0 18.0
0.0 18.0 0.0 13.0
16.0 13.0 18.0 13.0
18.0 13.0 18.0 16.0
18.0 16.0 28.0 16.0
28.0 16.0 28.0 13.0
28.0 13.0 30.0 13.0
30.0 13.0 30.0 18.0
30.0 18.0 16.0 18.0
16.0 18.0 16.0 13.0
31.0 19.0 37.0 13.0
37.0 13.0 43.0 19.0
43.0 19.0 37.0 25.0
37.0 25.0 31.0 19.0
45.0 19.0 51.0 13.0
51.0 13.0 57.0 19.0
57.0 19.0 51.0 25.0
51.0 25.0 45.0 19.0
58.0 15.0 64.0 15.0
64.0 15.0 64.0 13.0
64.0 13.0 65.0 13.0
65.0 13.0 69.0 17.0
69.0 17.0 69.0 19.0
69.0 19.0 66.0 19.0
66.0 19.0 66.0 16.0
66.0 16.0 60.0 16.0
60.0 16.0 60.0 19.0
60.0 19.0 58.0 19.0
58.0 19.0 58.0 15.0
0.0 27.0 2.0 27.0
2.0 27.0 2.0 30.0
2.0 30.0 12.0 30.0
12.0 30.0 12.0 27.0
12.0 27.0 14.0 27.0
14.0 27.0 14.0 32.0
14.0 32.0 0.0 32.0
0.0 32.0 0.0 27.0
15.0 29.0 17.0 29.0
17.0 29.0 17.0 27.0
17.0 27.0 19.0 27.0
19.0 27.0 19.0 29.0
19.0 29.0 21.0 29.0
21.0 29.0 21.0 31.0
21.0 31.0 19.0 31.0
19.0 31.0 19.0 33.0
19.0 33.0 17.0 33.0
17.0 33.0 17.0 31.0
17.0 31.0 15.0 31.0
15.0 31.0 15.0 29.0
23.0 27.0 25.0 27.0
25.0 27.0 25.0 30.0
25.0 30.0 35.0 30.0
35.0 30.0 35.0 27.0
35.0 27.0 37.0 27.0
37.0 27.0 37.0 32.0
37.0 32.0 23.0 32.0
23.0 32.0 23.0 27.0
38.0 27.0 40.0 27.0
40.0 27.0 40.0 30.0
40.0 30.0 50.0 30.0
50.0 30.0 50.0 27.0
50.0 27.0 52.0 27.0
52.0 27.0 52.0 32.0
52.0 32.0 38.0 32.0
38.0 32.0 38.0 27.0
54.0 29.0 56.0 29.0
56.0 29.0 56.0 27.0
56.0 27.0 58.0 27.0
58.0 27.0 58.0 29.0
58.0 29.0 60.0 29.0
60.0 29.0 60.0 31.0
60.0 31.0 58.0 31.0
58.0 31.0 58.0 33.0
58.0 33.0 56.0 33.0
56.0 33.0 56.0 31.0
56.0 31.0 54.0 31.0
54.0 31.0 54.0 29.0
61.0 29.0 63.0 29.0
63.0 29.0 63.0 27.0
63.0 27.0 65.0 27.0
65.0 27.0 65.0 29.0
65.0 29.0 67.0 29.0
67.0 29.0 67.0 31.0
67.0 31.0 65.0 31.0
65.0 31.0 65.0 33.0
65.0 33.0 63.0 33.0
63.0 33.0 63.0 31.0
63.0 31.0 61.0 31.0
61.0 31.0 61.0 29.0
69.0 29.0 71.0 29.0
71.0 29.0 71.0 27.0
71.0 27.0 73.0 27.0
73.0 27.0 73.0 29.0
73.0 29.0 75.0 29.0
75.0 29.0 75.0 31.0
75.0 31.0 73.0 31.0
73.0 31.0 73.0 33.0
73.0 33.0 71.0 33.0
71.0 33.0 71.0 31.0
71.0 31.0 69.0 31.0
69.0 31.0 69.0 29.0
0.0 35.0 2.0 35.0
2.0 35.0 2.0 38.0
2.0 38.0 12.0 38.0
12.0 38.0 12.0 35.0
12.0 35.0 14.0 35.0
14.0 35.0 14.0 40.0
14.0 40.0 0.0 40.0
0.0 40.0 0.0 35.0
16.0 35.0 18.0 35.0
18.0 35.0 18.0 38.0
18.0 38.0 28.0 38.0
28.0 38.0 28.0 35.0
28.0 35.0 30.0 35.0
30.0 35.0 30.0 40.0
30.0 40.0 16.0 40.0
16.0 40.0 16.0 35.0
32.0 37.0 38.0 37.0
38.0 37.0 38.0 35.0
38.0 35.0 39.0 35.0
39.0 35.0 43.0 39.0
43.0 39.0 43.0 41.0
43.0 41.0 40.0 41.0
40.0 41.0 40.0 38.0
40.0 38.0 34.0 38.0
34.0 38.0 34.0 41.0
34.0 41.0 33.0 41.0
33.0 41.0 32.0 41.0
32.0 41.0 32.0 37.0
45.0 37.0 51.0 37.0
51.0 37.0 51.0 35.0
51.0 35.0 52.0 35.0
52.0 35.0 56.0 39.0
56.0 39.0 56.0 41.0
56.0 41.0 55.0 41.0
55.0 41.0 53.0 41.0
53.0 41.0 53.0 38.0
53.0 38.0 47.0 38.0
47.0 38.0 47.0 41.0
47.0 41.0 45.0 41.0
45.0 41.0 45.0 37.0
57.0 37.0 63.0 37.0
63.0 37.0 63.0 35.0
63.0 35.0 64.0 35.0
64.0 35.0 68.0 39.0
68.0 39.0 68.0 41.0
68.0 41.0 67.0 41.0
67.0 41.0 65.0 41.0
65.0 41.0 65.0 38.0
65.0 38.0 59.0 38.0
59.0 38.0 59.0 41.0
59.0 41.0 57.0 41.0
57.0 41.0 57.0 37.0
70.0 37.0 72.0 37.0
72.0 37.0 72.0 35.0
72.0 35.0 74.0 35.0
74.0 35.0 74.0 37.0
74.0 37.0 76.0 37.0
76.0 37.0 76.0 39.0
76.0 39.0 74.0 39.0
74.0 39.0 74.0 41.0
74.0 41.0 72.0 41.0
72.0 41.0 72.0 39.0
72.0 39.0 70.0 39.0
70.0 39.0 70.0 37.0
0.0 41.0 2.0 41.0
2.0 41.0 2.0 44.0
2.0 44.0 12.0 44.0
12.0 44.0 12.0 41.0
12.0 41.0 14.0 41.0
14.0 41.0 14.0 46.0
14.0 46.0 0.0 46.0
0.0 46.0 0.0 41.0
16.0 47.0 22.0 41.0
22.0 41.0 28.0 47.0
28.0 47.0 22.0 53.0
22.0 53.0 16.0 47.0
29.0 43.0 31.0 43.0
31.0 43.0 31.0 41.0
31.0 41.0 32.0 41.0
32.0 41.0 33.0 41.0
33.0 41.0 33.0 43.0
33.0 43.0 35.0 43.0
35.0 43.0 35.0 45.0
35.0 45.0 33.0 45.0
33.0 45.0 33.0 47.0
33.0 47.0 31.0 47.0
31.0 47.0 31.0 45.0
31.0 45.0 29.0 45.0
29.0 45.0 29.0 43.0
35.0 41.0 37.0 41.0
37.0 41.0 37.0 44.0
37.0 44.0 47.0 44.0
47.0 44.0 47.0 41.0
47.0 41.0 49.0 41.0
49.0 41.0 49.0 43.0
49.0 43.0 49.0 46.0
49.0 46.0 35.0 46.0
35.0 46.0 35.0 45.0
35.0 45.0 35.0 43.0
35.0 43.0 35.0 41.0
49.0 43.0 55.0 43.0
55.0 43.0 55.0 41.0
55.0 41.0 56.0 41.0
56.0 41.0 60.0 45.0
60.0 45.0 60.0 47.0
60.0 47.0 57.0 47.0
57.0 47.0 57.0 44.0
57.0 44.0 51.0 44.0
51.0 44.0 51.0 47.0
51.0 47.0 49.0 47.0
49.0 47.0 49.0 46.0
49.0 46.0 49.0 43.0
61.0 43.0 67.0 43.0
67.0 43.0 67.0 41.0
67.0 41.0 68.0 41.0
68.0 41.0 72.0 45.0
72.0 45.0 72.0 47.0
72.0 47.0 69.0 47.0
69.0 47.0 69.0 44.0
69.0 44.0 63.0 44.0
63.0 44.0 63.0 47.0
63.0 47.0 61.0 47.0
61.0 47.0 61.0 43.0
0.0 60.0 6.0 54.0
6.0 54.0 12.0 60.0
12.0 60.0 6.0 66.0
6.0 66.0 0.0 60.0
14.0 60.0 20.0 54.0
20.0 54.0 26.0 60.0
26.0 60.0 20.0 66.0
20.0 66.0 14.0 60.0
26.0 56.0 28.0 56.0
28.0 56.0 28.0 54.0
28.0 54.0 30.0 54.0
30.0 54.0 30.0 56.0
30.0 56.0 32.0 56.0
32.0 56.0 32.0 58.0
32.0 58.0 30.0 58.0
30.0 58.0 30.0 60.0
30.0 60.0 28.0 60.0
28.0 60.0 28.0 58.0
28.0 58.0 26.0 58.0
26.0 58.0 26.0 56.0
33.0 54.0 35.0 54.0
35.0 54.0 35.0 57.0
35.0 57.0 45.0 57.0
45.0 57.0 45.0 54.0
45.0 54.0 47.0 54.0
47.0 54.0 47.0 59.0
47.0 59.0 33.0 59.0
33.0 59.0 33.0 54.0
49.0 56.0 55.0 56.0
55.0 56.0 55.0 54.0
55.0 54.0 56.0 54.0
56.0 54.0 60.0 58.0
60.0 58.0 60.0 60.0
60.0 60.0 57.0 60.0
57.0 60.0 57.0 57.0
57.0 57.0 51.0 57.0
51.0 57.0 51.0 60.0
51.0 60.0 49.0 60.0
49.0 60.0 49.0 56.0
60.0 56.0 66.0 56.0
66.0 56.0 66.0 54.0
66.0 54.0 67.0 54.0
67.0 54.0 71.0 58.0
71.0 58.0 71.0 60.0
71.0 60.0 68.0 60.0
68.0 60.0 68.0 57.0
68.0 57.0 62.0 57.0
62.0 57.0 62.0 60.0
62.0 60.0 60.0 60.0
60.0 60.0 60.0 58.0
60.0 58.0 60.0 56.0
0.0 68.0 2.0 68.0
2.0 68.0 2.0 71.0
2.0 71.0 12.0 71.0
12.0 71.0 12.0 68.0
12.0 68.0 14.0 68.0
14.0 68.0 14.0 73.0
14.0 73.0 0.0 73.0
0.0 73.0 0.0 68.0
14.0 74.0 20.0 68.0
20.0 68.0 26.0 74.0
26.0 74.0 20.0 80.0
20.0 80.0 14.0 74.0
26.0 68.0 28.0 68.0
28.0 68.0 28.0 71.0
28.0 71.0 38.0 71.0
38.0 71.0 38.0 68.0
38.0 68.0 40.0 68.0
40.0 68.0 40.0 73.0
40.0 73.0 26.0 73.0
26.0 73.0 26.0 68.0
41.0 68.0 43.0 68.0
43.0 68.0 43.0 71.0
43.0 71.0 53.0 71.0
53.0 71.0 53.0 68.0
53.0 68.0 55.0 68.0
55.0 68.0 55.0 73.0
55.0 73.0 41.0 73.0
41.0 73.0 41.0 68.0
57.0 70.0 59.0 70.0
59.0 70.0 59.0 68.0
59.0 68.0 61.0 68.0
61.0 68.0 61.0 70.0
61.0 70.0 63.0 70.0
63.0 70.0 63.0 72.0
63.0 72.0 61.0 72.0
61.0 72.0 61.0 74.0
61.0 74.0 59.0 74.0
59.0 74.0 59.0 72.0
59.0 72.0 57.0 72.0
57.0 72.0 57.0 70.0
0.0 80.0 2.0 80.0
2.0 80.0 2.0 83.0
2.0 83.0 12.0 83.0
12.0 83.0 12.0 80.0
12.0 80.0 14.0 80.0
14.0 80.0 14.0 85.0
14.0 85.0 0.0 85.0
0.0 85.0 0.0 80.0
