1305
1319.3939866436551 713.087495544725 751.213322797922 0.0
751.213322797922 0.0 643.942086648366 51.961574166350374
643.942086648366 51.961574166350374 550.2841814037462 198.1210879342692
550.2841814037462 198.1210879342692 465.9472275971715 366.99945299044106
465.9472275971715 366.99945299044106 416.8554463786619 471.2282542162053
416.8554463786619 471.2282542162053 366.8326498533287 592.5726250807247
366.8326498533287 592.5726250807247 312.0067438402493 690.1356812853664
312.0067438402493 690.1356812853664 258.6157904812733 769.6121012208573
258.6157904812733 769.6121012208573 169.00490642205023 830.2789486107158
169.00490642205023 830.2789486107158 0.0 910.188550203035
0.0 910.188550203035 84.96210144198062 994.3883226183075
84.96210144198062 994.3883226183075 149.52522864075968 1065.791172859575
149.52522864075968 1065.791172859575 204.9610103542111 1143.6268155332639
204.9610103542111 1143.6268155332639 276.5129954872182 1252.711201073153
276.5129954872182 1252.711201073153 392.13924180066465 1105.4793312727898
392.13924180066465 1105.4793312727898 463.37335915893595 1038.377940959711
463.37335915893595 1038.377940959711 550.6697648526741 993.4568256957432
550.6697648526741 993.4568256957432 664.2416188418874 960.3306429153762
664.2416188418874 960.3306429153762 785.7563787133042 936.410657386167
785.7563787133042 936.410657386167 906.9445263872412 909.7939877840308
906.9445263872412 909.7939877840308 1091.4718770878478 872.5372025425665
1091.4718770878478 872.5372025425665 1247.8348993175327 806.9947020975123
1247.8348993175327 806.9947020975123 1319.3939866436551 713.087495544725
1793.5568263276741 192.0264617030597 1816.30013416403 119.09519418375962
1816.30013416403 119.09519418375962 1837.7453002990353 46.94126849077943
1837.7453002990353 46.94126849077943 1751.5120964267312 19.976529004548546
1751.5120964267312 19.976529004548546 1668.9651585952156 0.0
1668.9651585952156 0.0 1603.4631775089747 20.200644317716822
1603.4631775089747 20.200644317716822 1533.0657304699441 30.50632797961943
1533.0657304699441 30.50632797961943 1478.5935678865603 78.26033959780605
1478.5935678865603 78.26033959780605 1432.069842275962 124.40633604340388
1432.069842275962 124.40633604340388 1391.1708653302508 179.04850904545657
1391.1708653302508 179.04850904545657 1354.2836214005265 233.0030547536971
1354.2836214005265 233.0030547536971 1342.538020685361 277.0242109962743
1342.538020685361 277.0242109962743 1319.3939866436551 317.3776897596632
1319.3939866436551 317.3776897596632 1389.068948942001 338.43615541115406
1389.068948942001 338.43615541115406 1466.626443120522 354.7806563157517
1466.626443120522 354.7806563157517 1517.7385594715643 352.5202896726415
1517.7385594715643 352.5202896726415 1579.7054325795284 359.69920053080375
1579.7054325795284 359.69920053080375 1644.5821511188053 333.8967119137053
1644.5821511188053 333.8967119137053 1715.807096178666 311.62247657919477
1715.807096178666 311.62247657919477 1754.0558028151736 249.09988669417186
1754.0558028151736 249.09988669417186 1793.5568263276741 192.0264617030597
2275.4779803105685 1343.8236332627193 2482.586476892112 1192.6772162291313
2482.586476892112 1192.6772162291313 2540.360353380563 1007.1470204721805
2540.360353380563 1007.1470204721805 2576.5742700516503 826.9020407686803
2576.5742700516503 826.9020407686803 2594.5984298137532 647.7253832479817
2594.5984298137532 647.7253832479817 2593.2397067081947 483.20894179438926
2593.2397067081947 483.20894179438926 2578.9047665710395 367.96144583621435
2578.9047665710395 367.96144583621435 2571.3464393083955 212.0457899341011
2571.3464393083955 212.0457899341011 2548.253160424396 0.0
2548.253160424396 0.0 2413.5133071573964 1.1033645672732746
2413.5133071573964 1.1033645672732746 2285.4597185105076 11.291209271855223
2285.4597185105076 11.291209271855223 2166.2023813178644 230.89427691732863
2166.2023813178644 230.89427691732863 2079.290907629325 356.5246904716196
2079.290907629325 356.5246904716196 2018.897388349472 474.53490890105195
2018.897388349472 474.53490890105195 1949.8274939269368 661.1363276536591
1949.8274939269368 661.1363276536591 1837.7453002990353 1020.1353703581325
1837.7453002990353 1020.1353703581325 1957.6008647580757 1235.5911870468672
1957.6008647580757 1235.5911870468672 2009.2210151850686 1388.3646317601301
2009.2210151850686 1388.3646317601301 2042.759200352759 1589.2120449326285
2042.759200352759 1589.2120449326285 2050.485017713129 1728.4265256139156
2050.485017713129 1728.4265256139156 2056.287547518644 2009.1447738234588
2056.287547518644 2009.1447738234588 2120.2818790256665 1897.8088998593357
2120.2818790256665 1897.8088998593357 2172.9107272362007 1675.0523691294773
2172.9107272362007 1675.0523691294773 2221.8457423212626 1522.255327229867
2221.8457423212626 1522.255327229867 2275.4779803105685 1343.8236332627193
3068.7612694977724 192.0264617030597 3091.504577334128 119.09519418375962
3091.504577334128 119.09519418375962 3112.9497434691334 46.94126849077943
3112.9497434691334 46.94126849077943 3026.7165395968295 19.976529004548546
3026.7165395968295 19.976529004548546 2944.169601765314 0.0
2944.169601765314 0.0 2878.667620679073 20.200644317716822
2878.667620679073 20.200644317716822 2808.2701736400422 30.50632797961943
2808.2701736400422 30.50632797961943 2753.7980110566587 78.26033959780605
2753.7980110566587 78.26033959780605 2707.2742854460603 124.40633604340388
2707.2742854460603 124.40633604340388 2666.375308500349 179.04850904545657
2666.375308500349 179.04850904545657 2629.488064570625 233.0030547536971
2629.488064570625 233.0030547536971 2617.7424638554594 277.0242109962743
2617.7424638554594 277.0242109962743 2594.5984298137532 317.3776897596632
2594.5984298137532 317.3776897596632 2664.2733921120994 338.43615541115406
2664.2733921120994 338.43615541115406 2741.83088629062 354.7806563157517
2741.83088629062 354.7806563157517 2792.9430026416626 352.5202896726415
2792.9430026416626 352.5202896726415 2854.9098757496267 359.69920053080375
2854.9098757496267 359.69920053080375 2919.7865942889034 333.8967119137053
2919.7865942889034 333.8967119137053 2991.011539348764 311.62247657919477
2991.011539348764 311.62247657919477 3029.260245985272 249.09988669417186
3029.260245985272 249.09988669417186 3068.7612694977724 192.0264617030597
4148.837155830302 550.7692569435886 4093.2383432558313 323.3292539633215
4093.2383432558313 323.3292539633215 4124.515961272329 172.05561051189392
4124.515961272329 172.05561051189392 4276.090169534877 0.0
4276.090169534877 0.0 3959.771829600708 175.12922674717947
3959.771829600708 175.12922674717947 3791.1677431821727 232.97949984119907
3791.1677431821727 232.97949984119907 3646.207879361807 279.8082070817067
3646.207879361807 279.8082070817067 3320.3742960616305 348.59082770165287
3320.3742960616305 348.59082770165287 3112.949743469133 371.7211975093477
3112.949743469133 371.7211975093477 3123.99164516121 498.2362762576258
3123.99164516121 498.2362762576258 3272.1943258412166 507.59320692356795
3272.1943258412166 507.59320692356795 3438.887824404247 523.3107978984881
3438.887824404247 523.3107978984881 3508.3902111448097 642.7648865521404
3508.3902111448097 642.7648865521404 3715.5015060836627 1524.7150499691147
3715.5015060836627 1524.7150499691147 3879.792996000532 1500.2751991387017
3879.792996000532 1500.2751991387017 3725.066550403011 547.7320892208757
3725.066550403011 547.7320892208757 3849.2394481153788 533.7126378648265
3849.2394481153788 533.7126378648265 3987.7495640902407 543.8360124643308
3987.7495640902407 543.8360124643308 4148.837155830302 550.7692569435886
4276.090169534877 51.10365998441388 4340.0286641751645 252.43025834054964
4340.0286641751645 252.43025834054964 4383.543942531179 402.0789980028607
4383.543942531179 402.0789980028607 4449.124837521099 611.4727121231987
4449.124837521099 611.4727121231987 4467.33626870441 689.0691859748948
4467.33626870441 689.0691859748948 4487.819259944467 742.7754984944146
4487.819259944467 742.7754984944146 4515.938530609153 801.6620294475154
4515.938530609153 801.6620294475154 4532.427679777334 857.8166148337517
4532.427679777334 857.8166148337517 4557.747847851647 916.0995988407773
4557.747847851647 916.0995988407773 4597.289321844029 975.554928019007
4597.289321844029 975.554928019007 4624.02286356381 1041.499123618566
4624.02286356381 1041.499123618566 4679.550974277484 1098.734831769093
4679.550974277484 1098.734831769093 4724.082781425829 1176.2371284887918
4724.082781425829 1176.2371284887918 4771.029706743608 1228.240358195771
4771.029706743608 1228.240358195771 4823.18392769513 1284.1918007038319
4823.18392769513 1284.1918007038319 4840.758874472082 1117.4709325911444
4840.758874472082 1117.4709325911444 4844.5952767938215 940.4818878217011
4844.5952767938215 940.4818878217011 4797.614701027094 877.2320875509205
4797.614701027094 877.2320875509205 4744.8904619463865 811.3379006137952
4744.8904619463865 811.3379006137952 4709.28132874005 749.1615192493407
4709.28132874005 749.1615192493407 4678.13197343814 672.2647223112443
4678.13197343814 672.2647223112443 4633.585155757871 578.6928393435983
4633.585155757871 578.6928393435983 4617.761607667315 519.3272376142824
4617.761607667315 519.3272376142824 4591.326154093427 459.15862954477694
4591.326154093427 459.15862954477694 4568.017272708766 373.9702607472563
4568.017272708766 373.9702607472563 4534.874196564612 286.32641490813864
4534.874196564612 286.32641490813864 4494.56066161463 150.94320956894018
4494.56066161463 150.94320956894018 4445.819228767292 0.0
4445.819228767292 0.0 4362.212422633145 30.89950767753529
4362.212422633145 30.89950767753529 4276.090169534877 51.10365998441388
5880.482689154991 550.7692569435886 5824.883876580519 323.3292539633215
5824.883876580519 323.3292539633215 5856.161494597018 172.05561051189392
5856.161494597018 172.05561051189392 6007.735702859565 0.0
6007.735702859565 0.0 5691.417362925396 175.12922674717947
5691.417362925396 175.12922674717947 5522.813276506861 232.97949984119907
5522.813276506861 232.97949984119907 5377.853412686496 279.8082070817067
5377.853412686496 279.8082070817067 5052.0198293863195 348.59082770165287
5052.0198293863195 348.59082770165287 4844.5952767938215 371.7211975093477
4844.5952767938215 371.7211975093477 4855.637178485898 498.2362762576258
4855.637178485898 498.2362762576258 5003.839859165905 507.59320692356795
5003.839859165905 507.59320692356795 5170.533357728936 523.3107978984881
5170.533357728936 523.3107978984881 5240.035744469498 642.7648865521404
5240.035744469498 642.7648865521404 5447.147039408351 1524.7150499691147
5447.147039408351 1524.7150499691147 5611.438529325221 1500.2751991387017
5611.438529325221 1500.2751991387017 5456.7120837277 547.7320892208757
5456.7120837277 547.7320892208757 5580.884981440067 533.7126378648265
5580.884981440067 533.7126378648265 5719.395097414929 543.8360124643308
5719.395097414929 543.8360124643308 5880.482689154991 550.7692569435886
6007.735702859565 51.10365998441388 6071.674197499853 252.43025834054964
6071.674197499853 252.43025834054964 6115.189475855867 402.0789980028607
6115.189475855867 402.0789980028607 6180.7703708457875 611.4727121231987
6180.7703708457875 611.4727121231987 6198.981802029099 689.0691859748948
6198.981802029099 689.0691859748948 6219.464793269156 742.7754984944146
6219.464793269156 742.7754984944146 6247.584063933841 801.6620294475154
6247.584063933841 801.6620294475154 6264.073213102022 857.8166148337517
6264.073213102022 857.8166148337517 6289.393381176335 916.0995988407773
6289.393381176335 916.0995988407773 6328.934855168717 975.554928019007
6328.934855168717 975.554928019007 6355.668396888498 1041.499123618566
6355.668396888498 1041.499123618566 6411.1965076021725 1098.734831769093
6411.1965076021725 1098.734831769093 6455.728314750518 1176.2371284887918
6455.728314750518 1176.2371284887918 6502.675240068296 1228.240358195771
6502.675240068296 1228.240358195771 6554.829461019818 1284.1918007038319
6554.829461019818 1284.1918007038319 6572.404407796771 1117.4709325911444
6572.404407796771 1117.4709325911444 6576.24081011851 940.4818878217011
6576.24081011851 940.4818878217011 6529.260234351783 877.2320875509205
6529.260234351783 877.2320875509205 6476.535995271075 811.3379006137952
6476.535995271075 811.3379006137952 6440.926862064739 749.1615192493407
6440.926862064739 749.1615192493407 6409.777506762829 672.2647223112443
6409.777506762829 672.2647223112443 6365.230689082559 578.6928393435983
6365.230689082559 578.6928393435983 6349.407140992003 519.3272376142824
6349.407140992003 519.3272376142824 6322.971687418116 459.15862954477694
6322.971687418116 459.15862954477694 6299.662806033454 373.9702607472563
6299.662806033454 373.9702607472563 6266.519729889301 286.32641490813864
6266.519729889301 286.32641490813864 6226.206194939318 150.94320956894018
6226.206194939318 150.94320956894018 6177.46476209198 0.0
6177.46476209198 0.0 6093.857955957834 30.89950767753529
6093.857955957834 30.89950767753529 6007.735702859565 51.10365998441388
1103.155111520253 2645.1316207146365 1118.7810401220802 2587.431489196424
1118.7810401220802 2587.431489196424 1151.2831830667837 2528.68416152773
1151.2831830667837 2528.68416152773 1178.030808846032 2443.540566183521
1178.030808846032 2443.540566183521 1211.5852482538774 2372.139226102226
1211.5852482538774 2372.139226102226 1246.4617944405131 2293.3361117642303
1246.4617944405131 2293.3361117642303 1277.2054230173546 2209.5278500114564
1277.2054230173546 2209.5278500114564 1359.4188964813115 2058.514997164437
1359.4188964813115 2058.514997164437 1277.1951965505996 2029.9941069185365
1277.1951965505996 2029.9941069185365 1199.5468056616655 2009.1447738234585
1199.5468056616655 2009.1447738234585 1126.660266496163 2017.7928522896893
1126.660266496163 2017.7928522896893 1051.9074237585342 2036.3513010637578
1051.9074237585342 2036.3513010637578 989.2684041860829 2036.2434670792527
989.2684041860829 2036.2434670792527 937.598111207247 2040.8179050471258
937.598111207247 2040.8179050471258 859.988846705788 2038.067570624622
859.988846705788 2038.067570624622 788.8740114358709 2028.3717686828359
788.8740114358709 2028.3717686828359 706.9466296919402 2023.7082109642815
706.9466296919402 2023.7082109642815 617.1129367718868 2020.351177637648
617.1129367718868 2020.351177637648 557.3600836339916 2023.4309725052735
557.3600836339916 2023.4309725052735 489.23375780710217 2017.3299314669682
489.23375780710217 2017.3299314669682 410.4309340543807 2029.0609375932008
410.4309340543807 2029.0609375932008 323.6414073258878 2028.6280837793047
323.6414073258878 2028.6280837793047 241.3149763419433 2045.2315447456008
241.3149763419433 2045.2315447456008 153.27617775580575 2061.573360467991
153.27617775580575 2061.573360467991 133.5433343259699 2168.157017213329
133.5433343259699 2168.157017213329 106.28666778323861 2281.9185220548197
106.28666778323861 2281.9185220548197 79.48969494682046 2328.2725943327346
79.48969494682046 2328.2725943327346 61.00526528043133 2373.3708802961155
61.00526528043133 2373.3708802961155 31.432173526377937 2432.7366526102646
31.432173526377937 2432.7366526102646 0.0 2484.8322849881856
0.0 2484.8322849881856 60.33778704310021 2556.267164208155
60.33778704310021 2556.267164208155 115.65683669197927 2620.196330536349
115.65683669197927 2620.196330536349 174.00006370901326 2673.6600848089274
174.00006370901326 2673.6600848089274 229.87259575954158 2728.1186111535153
229.87259575954158 2728.1186111535153 285.8437799754448 2772.589699895305
285.8437799754448 2772.589699895305 335.612379695454 2816.6999785828134
335.612379695454 2816.6999785828134 401.3230378639023 2869.3250235019786
401.3230378639023 2869.3250235019786 466.7323019492204 2914.9018622436233
466.7323019492204 2914.9018622436233 520.4314416288171 2961.6339988670616
520.4314416288171 2961.6339988670616 630.0115894818641 3036.78947535319
630.0115894818641 3036.78947535319 678.5556752887638 3080.2534138567053
678.5556752887638 3080.2534138567053 722.1938163794193 3141.9459984895097
722.1938163794193 3141.9459984895097 769.2974447605434 3197.0183216001005
769.2974447605434 3197.0183216001005 847.0356402321805 3231.425629520295
847.0356402321805 3231.425629520295 921.946136018817 3260.6686122824144
921.946136018817 3260.6686122824144 937.4944776405689 3167.1849261535067
937.4944776405689 3167.1849261535067 984.2962090205702 3008.341011680591
984.2962090205702 3008.341011680591 1000.8095917901419 2929.9298047487587
1000.8095917901419 2929.9298047487587 1056.0236629736473 2765.7371917326245
1056.0236629736473 2765.7371917326245 1078.6591204688957 2703.901975679246
1078.6591204688957 2703.901975679246 1103.155111520253 2645.1316207146365
2347.7361647149332 2586.021995488682 2453.3167616817236 2640.179268917161
2453.3167616817236 2640.179268917161 2609.0890577478926 2526.9318669222093
2609.0890577478926 2526.9318669222093 2510.385883745924 2413.125941350847
2510.385883745924 2413.125941350847 2427.7828036219316 2315.778018755027
2427.7828036219316 2315.778018755027 2325.1402021512345 2211.4018435262487
2325.1402021512345 2211.4018435262487 2251.8073974446206 2130.9453128070636
2251.8073974446206 2130.9453128070636 2106.0451812826514 2009.1447738234588
2106.0451812826514 2009.1447738234588 1960.2510950325072 2123.1167273709284
1960.2510950325072 2123.1167273709284 1906.664103829919 2250.1761372870806
1906.664103829919 2250.1761372870806 1359.4188964813118 2482.182570707102
1359.4188964813118 2482.182570707102 1420.271887388755 2633.52226867576
1420.271887388755 2633.52226867576 1932.9636662593753 2436.081573707261
1932.9636662593753 2436.081573707261 2083.337612924279 2450.1750434114883
2083.337612924279 2450.1750434114883 2214.6912928098823 2516.2841473001613
2214.6912928098823 2516.2841473001613 2347.7361647149332 2586.021995488682
3597.4063259815134 2586.021995488682 3702.986922948304 2640.179268917161
3702.986922948304 2640.179268917161 3858.759219014473 2526.9318669222093
3858.759219014473 2526.9318669222093 3760.056045012504 2413.125941350847
3760.056045012504 2413.125941350847 3677.452964888512 2315.778018755027
3677.452964888512 2315.778018755027 3574.8103634178146 2211.4018435262487
3574.8103634178146 2211.4018435262487 3501.477558711201 2130.9453128070636
3501.477558711201 2130.9453128070636 3355.7153425492315 2009.1447738234588
3355.7153425492315 2009.1447738234588 3209.9212562990874 2123.1167273709284
3209.9212562990874 2123.1167273709284 3156.334265096499 2250.1761372870806
3156.334265096499 2250.1761372870806 2609.089057747892 2482.182570707102
2609.089057747892 2482.182570707102 2669.9420486553354 2633.52226867576
2669.9420486553354 2633.52226867576 3182.6338275259554 2436.081573707261
3182.6338275259554 2436.081573707261 3333.007774190859 2450.1750434114883
3333.007774190859 2450.1750434114883 3464.3614540764625 2516.2841473001613
3464.3614540764625 2516.2841473001613 3597.4063259815134 2586.021995488682
4847.076487248094 2586.021995488682 4952.657084214885 2640.179268917161
4952.657084214885 2640.179268917161 5108.429380281053 2526.9318669222093
5108.429380281053 2526.9318669222093 5009.726206279085 2413.125941350847
5009.726206279085 2413.125941350847 4927.123126155093 2315.778018755027
4927.123126155093 2315.778018755027 4824.480524684396 2211.4018435262487
4824.480524684396 2211.4018435262487 4751.147719977782 2130.9453128070636
4751.147719977782 2130.9453128070636 4605.385503815813 2009.1447738234588
4605.385503815813 2009.1447738234588 4459.591417565668 2123.1167273709284
4459.591417565668 2123.1167273709284 4406.004426363081 2250.1761372870806
4406.004426363081 2250.1761372870806 3858.7592190144733 2482.182570707102
3858.7592190144733 2482.182570707102 3919.6122099219165 2633.52226867576
3919.6122099219165 2633.52226867576 4432.303988792537 2436.081573707261
4432.303988792537 2436.081573707261 4582.67793545744 2450.1750434114883
4582.67793545744 2450.1750434114883 4714.031615343044 2516.2841473001613
4714.031615343044 2516.2841473001613 4847.076487248094 2586.021995488682
5108.429380281053 2060.2484338078725 5172.367874921341 2261.575032164008
5172.367874921341 2261.575032164008 5215.883153277356 2411.2237718263195
5215.883153277356 2411.2237718263195 5281.464048267276 2620.6174859466573
5281.464048267276 2620.6174859466573 5299.675479450587 2698.2139597983532
5299.675479450587 2698.2139597983532 5320.158470690644 2751.9202723178732
5320.158470690644 2751.9202723178732 5348.277741355329 2810.806803270974
5348.277741355329 2810.806803270974 5364.7668905235105 2866.96138865721
5364.7668905235105 2866.96138865721 5390.087058597824 2925.244372664236
5390.087058597824 2925.244372664236 5429.628532590205 2984.6997018424654
5429.628532590205 2984.6997018424654 5456.362074309986 3050.6438974420244
5456.362074309986 3050.6438974420244 5511.890185023661 3107.8796055925513
5511.890185023661 3107.8796055925513 5556.421992172006 3185.3819023122505
5556.421992172006 3185.3819023122505 5603.3689174897845 3237.38513201923
5603.3689174897845 3237.38513201923 5655.523138441306 3293.3365745272904
5655.523138441306 3293.3365745272904 5673.098085218259 3126.6157064146028
5673.098085218259 3126.6157064146028 5676.934487539998 2949.6266616451594
5676.934487539998 2949.6266616451594 5629.953911773271 2886.376861374379
5629.953911773271 2886.376861374379 5577.229672692563 2820.482674437254
5577.229672692563 2820.482674437254 5541.620539486227 2758.3062930727992
5541.620539486227 2758.3062930727992 5510.471184184317 2681.4094961347027
5510.471184184317 2681.4094961347027 5465.924366504048 2587.8376131670566
5465.924366504048 2587.8376131670566 5450.100818413492 2528.472011437741
5450.100818413492 2528.472011437741 5423.665364839604 2468.3034033682356
5423.665364839604 2468.3034033682356 5400.3564834549425 2383.1150345707147
5400.3564834549425 2383.1150345707147 5367.213407310789 2295.471188731597
5367.213407310789 2295.471188731597 5326.8998723608065 2160.0879833923987
5326.8998723608065 2160.0879833923987 5278.158439513469 2009.1447738234585
5278.158439513469 2009.1447738234585 5194.551633379322 2040.044281500994
5194.551633379322 2040.044281500994 5108.429380281053 2060.2484338078725
5676.934487539998 2060.2484338078725 5740.872982180286 2261.575032164008
5740.872982180286 2261.575032164008 5784.388260536301 2411.2237718263195
5784.388260536301 2411.2237718263195 5849.969155526221 2620.6174859466573
5849.969155526221 2620.6174859466573 5868.180586709532 2698.2139597983532
5868.180586709532 2698.2139597983532 5888.663577949589 2751.9202723178732
5888.663577949589 2751.9202723178732 5916.782848614274 2810.806803270974
5916.782848614274 2810.806803270974 5933.271997782455 2866.96138865721
5933.271997782455 2866.96138865721 5958.592165856769 2925.244372664236
5958.592165856769 2925.244372664236 5998.13363984915 2984.6997018424654
5998.13363984915 2984.6997018424654 6024.867181568931 3050.6438974420244
6024.867181568931 3050.6438974420244 6080.395292282606 3107.8796055925513
6080.395292282606 3107.8796055925513 6124.927099430951 3185.3819023122505
6124.927099430951 3185.3819023122505 6171.874024748729 3237.38513201923
6171.874024748729 3237.38513201923 6224.028245700251 3293.3365745272904
6224.028245700251 3293.3365745272904 6241.603192477204 3126.6157064146028
6241.603192477204 3126.6157064146028 6245.439594798943 2949.6266616451594
6245.439594798943 2949.6266616451594 6198.459019032216 2886.376861374379
6198.459019032216 2886.376861374379 6145.734779951508 2820.482674437254
6145.734779951508 2820.482674437254 6110.125646745172 2758.3062930727992
6110.125646745172 2758.3062930727992 6078.976291443262 2681.4094961347027
6078.976291443262 2681.4094961347027 6034.4294737629925 2587.8376131670566
6034.4294737629925 2587.8376131670566 6018.605925672437 2528.472011437741
6018.605925672437 2528.472011437741 5992.170472098549 2468.3034033682356
5992.170472098549 2468.3034033682356 5968.861590713887 2383.1150345707147
5968.861590713887 2383.1150345707147 5935.718514569734 2295.471188731597
5935.718514569734 2295.471188731597 5895.404979619751 2160.0879833923987
5895.404979619751 2160.0879833923987 5846.663546772414 2009.1447738234585
5846.663546772414 2009.1447738234585 5763.056740638267 2040.044281500994
5763.056740638267 2040.044281500994 5676.934487539998 2060.2484338078725
1319.3939866436551 4006.424070072015 751.213322797922 3293.3365745272904
751.213322797922 3293.3365745272904 643.942086648366 3345.2981486936405
643.942086648366 3345.2981486936405 550.2841814037462 3491.4576624615593
550.2841814037462 3491.4576624615593 465.9472275971715 3660.3360275177315
465.9472275971715 3660.3360275177315 416.8554463786619 3764.5648287434956
416.8554463786619 3764.5648287434956 366.8326498533287 3885.909199608015
366.8326498533287 3885.909199608015 312.0067438402493 3983.472255812657
312.0067438402493 3983.472255812657 258.6157904812733 4062.9486757481477
258.6157904812733 4062.9486757481477 169.00490642205023 4123.615523138006
169.00490642205023 4123.615523138006 0.0 4203.525124730325
0.0 4203.525124730325 84.96210144198062 4287.724897145597
84.96210144198062 4287.724897145597 149.52522864075968 4359.127747386865
149.52522864075968 4359.127747386865 204.9610103542111 4436.963390060554
204.9610103542111 4436.963390060554 276.5129954872182 4546.047775600443
276.5129954872182 4546.047775600443 392.13924180066465 4398.81590580008
392.13924180066465 4398.81590580008 463.37335915893595 4331.714515487001
463.37335915893595 4331.714515487001 550.6697648526741 4286.793400223033
550.6697648526741 4286.793400223033 664.2416188418874 4253.667217442667
664.2416188418874 4253.667217442667 785.7563787133042 4229.747231913458
785.7563787133042 4229.747231913458 906.9445263872412 4203.130562311321
906.9445263872412 4203.130562311321 1091.4718770878478 4165.873777069857
1091.4718770878478 4165.873777069857 1247.8348993175327 4100.331276624803
1247.8348993175327 4100.331276624803 1319.3939866436551 4006.424070072015
1326.7750534855775 3445.8406093087956 1345.0171238388166 3603.0369352359967
1345.0171238388166 3603.0369352359967 1319.3939866436551 4021.351145281667
1319.3939866436551 4021.351145281667 1326.3215006678456 4160.477250031009
1326.3215006678456 4160.477250031009 1331.9008467130952 4352.570808227804
1331.9008467130952 4352.570808227804 1513.7217399049036 4443.282361213972
1513.7217399049036 4443.282361213972 1596.912090185899 4517.495908711495
1596.912090185899 4517.495908711495 1694.83390614455 4641.9661593890105
1694.83390614455 4641.9661593890105 1745.6644509980547 4740.900839480375
1745.6644509980547 4740.900839480375 1778.1279193504645 4903.74813254737
1778.1279193504645 4903.74813254737 1792.3560567429531 5023.495666458014
1792.3560567429531 5023.495666458014 1806.508522490883 5169.565972153914
1806.508522490883 5169.565972153914 1921.497014191459 5122.855484908685
1921.497014191459 5122.855484908685 2048.876258904231 5086.216992521931
2048.876258904231 5086.216992521931 2174.889892014159 5063.811632508072
2174.889892014159 5063.811632508072 2296.1808664773207 5061.190762774841
2296.1808664773207 5061.190762774841 2236.6205267754967 4918.474404680821
2236.6205267754967 4918.474404680821 2198.7132369685755 4804.4568204856605
2198.7132369685755 4804.4568204856605 2165.5321534993777 4645.198243282872
2165.5321534993777 4645.198243282872 2169.300795228599 4534.269210134022
2169.300795228599 4534.269210134022 2201.767368525753 4383.741461847453
2201.767368525753 4383.741461847453 2243.767090970161 4278.064921905901
2243.767090970161 4278.064921905901 2365.5990390706274 4113.729023595193
2365.5990390706274 4113.729023595193 2289.9440541879635 3941.9423544948613
2289.9440541879635 3941.9423544948613 2229.533669434136 3815.836445716708
2229.533669434136 3815.836445716708 2162.545339691126 3703.280196947675
2162.545339691126 3703.280196947675 2078.0472243127283 3540.900755070574
2078.0472243127283 3540.900755070574 2023.8891744313687 3445.299710953621
2023.8891744313687 3445.299710953621 1972.9948598350056 3293.3365745272904
1972.9948598350056 3293.3365745272904 1326.7750534855775 3445.8406093087956
3353.9163073042487 3870.2137961925137 3459.496904271039 3924.371069620993
3459.496904271039 3924.371069620993 3615.269200337208 3811.123667626041
3615.269200337208 3811.123667626041 3516.5660263352393 3697.3177420546785
3516.5660263352393 3697.3177420546785 3433.962946211247 3599.9698194588586
3433.962946211247 3599.9698194588586 3331.32034474055 3495.5936442300804
3331.32034474055 3495.5936442300804 3257.987540033936 3415.1371135108952
3257.987540033936 3415.1371135108952 3112.225323871967 3293.3365745272904
3112.225323871967 3293.3365745272904 2966.4312376218227 3407.30852807476
2966.4312376218227 3407.30852807476 2912.8442464192344 3534.367937990912
2912.8442464192344 3534.367937990912 2365.5990390706274 3766.3743714109337
2365.5990390706274 3766.3743714109337 2426.4520299780706 3917.714069379592
2426.4520299780706 3917.714069379592 2939.1438088486907 3720.273374411093
2939.1438088486907 3720.273374411093 3089.5177555135942 3734.36684411532
3089.5177555135942 3734.36684411532 3220.8714353991977 3800.475948003993
3220.8714353991977 3800.475948003993 3353.9163073042487 3870.2137961925137
4053.001880348741 4637.16020779001 4260.1103769302845 4486.013790756421
4260.1103769302845 4486.013790756421 4317.884253418736 4300.483594999471
4317.884253418736 4300.483594999471 4354.098170089823 4120.238615295971
4354.098170089823 4120.238615295971 4372.122329851925 3941.0619577752723
4372.122329851925 3941.0619577752723 4370.763606746367 3776.5455163216798
4370.763606746367 3776.5455163216798 4356.428666609212 3661.2980203635047
4356.428666609212 3661.2980203635047 4348.870339346568 3505.3823644613913
4348.870339346568 3505.3823644613913 4325.777060462568 3293.3365745272904
4325.777060462568 3293.3365745272904 4191.037207195569 3294.4399390945637
4191.037207195569 3294.4399390945637 4062.98361854868 3304.6277837991456
4062.98361854868 3304.6277837991456 3943.726281356037 3524.230851444619
3943.726281356037 3524.230851444619 3856.8148076674975 3649.86126499891
3856.8148076674975 3649.86126499891 3796.4212883876444 3767.8714834283423
3796.4212883876444 3767.8714834283423 3727.3513939651093 3954.4729021809494
3727.3513939651093 3954.4729021809494 3615.2692003372076 4313.471944885423
3615.2692003372076 4313.471944885423 3735.124764796248 4528.927761574158
3735.124764796248 4528.927761574158 3786.744915223241 4681.70120628742
3786.744915223241 4681.70120628742 3820.2831003909314 4882.548619459919
3820.2831003909314 4882.548619459919 3828.0089177513014 5021.7631001412055
3828.0089177513014 5021.7631001412055 3833.8114475568163 5302.48134835075
3833.8114475568163 5302.48134835075 3897.805779063839 5191.145474386626
3897.805779063839 5191.145474386626 3950.4346272743733 4968.388943656768
3950.4346272743733 4968.388943656768 3999.369642359435 4815.591901757158
3999.369642359435 4815.591901757158 4053.001880348741 4637.16020779001
5475.27744137218 3929.3234214184686 5490.903369974007 3871.623289900256
5490.903369974007 3871.623289900256 5523.405512918711 3812.875962231562
5523.405512918711 3812.875962231562 5550.153138697959 3727.7323668873532
5550.153138697959 3727.7323668873532 5583.707578105804 3656.331026806058
5583.707578105804 3656.331026806058 5618.58412429244 3577.5279124680624
5618.58412429244 3577.5279124680624 5649.3277528692815 3493.7196507152885
5649.3277528692815 3493.7196507152885 5731.541226333238 3342.706797868269
5731.541226333238 3342.706797868269 5649.317526402526 3314.1859076223686
5649.317526402526 3314.1859076223686 5571.669135513592 3293.3365745272904
5571.669135513592 3293.3365745272904 5498.78259634809 3301.984652993521
5498.78259634809 3301.984652993521 5424.029753610461 3320.54310176759
5424.029753610461 3320.54310176759 5361.390734038009 3320.435267783085
5361.390734038009 3320.435267783085 5309.720441059174 3325.009705750958
5309.720441059174 3325.009705750958 5232.111176557714 3322.259371328454
5232.111176557714 3322.259371328454 5160.996341287798 3312.563569386668
5160.996341287798 3312.563569386668 5079.068959543867 3307.9000116681136
5079.068959543867 3307.9000116681136 4989.235266623814 3304.54297834148
4989.235266623814 3304.54297834148 4929.482413485918 3307.6227732091056
4929.482413485918 3307.6227732091056 4861.356087659029 3301.5217321708005
4861.356087659029 3301.5217321708005 4782.553263906308 3313.252738297033
4782.553263906308 3313.252738297033 4695.763737177815 3312.819884483137
4695.763737177815 3312.819884483137 4613.4373061938695 3329.423345449433
4613.4373061938695 3329.423345449433 4525.398507607732 3345.765161171823
4525.398507607732 3345.765161171823 4505.665664177896 3452.348817917161
4505.665664177896 3452.348817917161 4478.408997635165 3566.110322758652
4478.408997635165 3566.110322758652 4451.612024798747 3612.4643950365667
4451.612024798747 3612.4643950365667 4433.127595132358 3657.5626809999476
4433.127595132358 3657.5626809999476 4403.554503378305 3716.9284533140967
4403.554503378305 3716.9284533140967 4372.122329851927 3769.0240856920177
4372.122329851927 3769.0240856920177 4432.460116895027 3840.458964911987
4432.460116895027 3840.458964911987 4487.779166543906 3904.388131240181
4487.779166543906 3904.388131240181 4546.12239356094 3957.8518855127595
4546.12239356094 3957.8518855127595 4601.994925611469 4012.3104118573474
4601.994925611469 4012.3104118573474 4657.966109827372 4056.781500599137
4657.966109827372 4056.781500599137 4707.734709547381 4100.891779286645
4707.734709547381 4100.891779286645 4773.445367715829 4153.516824205811
4773.445367715829 4153.516824205811 4838.854631801147 4199.093662947455
4838.854631801147 4199.093662947455 4892.553771480743 4245.825799570894
4892.553771480743 4245.825799570894 5002.133919333791 4320.981276057022
5002.133919333791 4320.981276057022 5050.67800514069 4364.445214560537
5050.67800514069 4364.445214560537 5094.316146231346 4426.137799193341
5094.316146231346 4426.137799193341 5141.41977461247 4481.210122303933
5141.41977461247 4481.210122303933 5219.157970084108 4515.617430224127
5219.157970084108 4515.617430224127 5294.068465870744 4544.860412986247
5294.068465870744 4544.860412986247 5309.616807492495 4451.376726857339
5309.616807492495 4451.376726857339 5356.418538872497 4292.532812384423
5356.418538872497 4292.532812384423 5372.931921642069 4214.121605452591
5372.931921642069 4214.121605452591 5428.145992825574 4049.9289924364566
5428.145992825574 4049.9289924364566 5450.781450320823 3988.093776383078
5450.781450320823 3988.093776383078 5475.27744137218 3929.3234214184686
988.3172682336213 5879.358570015973 1093.8978652004116 5933.515843444452
1093.8978652004116 5933.515843444452 1249.6701612665806 5820.268441449501
1249.6701612665806 5820.268441449501 1150.9669872646118 5706.462515878138
1150.9669872646118 5706.462515878138 1068.3639071406196 5609.114593282318
1068.3639071406196 5609.114593282318 965.7213056699228 5504.738418053539
965.7213056699228 5504.738418053539 892.3885009633086 5424.281887334354
892.3885009633086 5424.281887334354 746.6262848013397 5302.48134835075
746.6262848013397 5302.48134835075 600.8321985511953 5416.453301898219
600.8321985511953 5416.453301898219 547.2452073486073 5543.512711814371
547.2452073486073 5543.512711814371 0.0 5775.519145234392
0.0 5775.519145234392 60.8529909074432 5926.858843203051
60.8529909074432 5926.858843203051 573.5447697780635 5729.418148234552
573.5447697780635 5729.418148234552 723.9187164429668 5743.511617938779
723.9187164429668 5743.511617938779 855.2723963285706 5809.620721827452
855.2723963285706 5809.620721827452 988.3172682336213 5879.358570015973
1723.8330009505996 5494.507810053809 1746.5763087869555 5421.576542534509
1746.5763087869555 5421.576542534509 1768.0214749219608 5349.422616841529
1768.0214749219608 5349.422616841529 1681.7882710496567 5322.457877355298
1681.7882710496567 5322.457877355298 1599.241333218141 5302.48134835075
1599.241333218141 5302.48134835075 1533.7393521319002 5322.681992668467
1533.7393521319002 5322.681992668467 1463.3419050928696 5332.987676330369
1463.3419050928696 5332.987676330369 1408.869742509486 5380.741687948555
1408.869742509486 5380.741687948555 1362.3460168988875 5426.887684394153
1362.3460168988875 5426.887684394153 1321.447039953176 5481.529857396205
1321.447039953176 5481.529857396205 1284.5597960234518 5535.484403104447
1284.5597960234518 5535.484403104447 1272.8141953082866 5579.505559347023
1272.8141953082866 5579.505559347023 1249.6701612665806 5619.859038110412
1249.6701612665806 5619.859038110412 1319.3451235649268 5640.917503761903
1319.3451235649268 5640.917503761903 1396.9026177434475 5657.262004666501
1396.9026177434475 5657.262004666501 1448.0147340944898 5655.001638023391
1448.0147340944898 5655.001638023391 1509.981607202454 5662.1805488815535
1509.981607202454 5662.1805488815535 1574.8583257417308 5636.378060264455
1574.8583257417308 5636.378060264455 1646.0832708015914 5614.1038249299445
1646.0832708015914 5614.1038249299445 1684.331977438099 5551.581235044921
1684.331977438099 5551.581235044921 1723.8330009505996 5494.507810053809
2803.9088872831303 5853.250605294338 2748.3100747086587 5625.810602314071
2748.3100747086587 5625.810602314071 2779.587692725157 5474.536958862644
2779.587692725157 5474.536958862644 2931.1619009877036 5302.48134835075
2931.1619009877036 5302.48134835075 2614.8435610535353 5477.610575097929
2614.8435610535353 5477.610575097929 2446.239474635 5535.460848191949
2446.239474635 5535.460848191949 2301.2796108146345 5582.289555432456
2301.2796108146345 5582.289555432456 1975.446027514458 5651.072176052402
1975.446027514458 5651.072176052402 1768.0214749219606 5674.202545860097
1768.0214749219606 5674.202545860097 1779.0633766140372 5800.717624608375
1779.0633766140372 5800.717624608375 1927.266057294044 5810.074555274317
1927.266057294044 5810.074555274317 2093.9595558570745 5825.792146249238
2093.9595558570745 5825.792146249238 2163.461942597637 5945.24623490289
2163.461942597637 5945.24623490289 2370.57323753649 6827.196398319864
2370.57323753649 6827.196398319864 2534.8647274533596 6802.756547489451
2534.8647274533596 6802.756547489451 2380.1382818558386 5850.213437571625
2380.1382818558386 5850.213437571625 2504.311179568206 5836.193986215576
2504.311179568206 5836.193986215576 2642.821295543068 5846.31736081508
2642.821295543068 5846.31736081508 2803.9088872831303 5853.250605294338
2938.5429678296264 5454.985383132255 2956.7850381828657 5612.181709059456
2956.7850381828657 5612.181709059456 2931.161900987704 6030.495919105127
2931.161900987704 6030.495919105127 2938.0894150118943 6169.622023854468
2938.0894150118943 6169.622023854468 2943.6687610571444 6361.7155820512635
2943.6687610571444 6361.7155820512635 3125.4896542489523 6452.427135037431
3125.4896542489523 6452.427135037431 3208.680004529948 6526.640682534954
3208.680004529948 6526.640682534954 3306.601820488599 6651.110933212471
3306.601820488599 6651.110933212471 3357.432365342104 6750.045613303835
3357.432365342104 6750.045613303835 3389.8958336945134 6912.892906370829
3389.8958336945134 6912.892906370829 3404.123971087002 7032.640440281473
3404.123971087002 7032.640440281473 3418.276436834932 7178.710745977373
3418.276436834932 7178.710745977373 3533.264928535508 7132.000258732145
3533.264928535508 7132.000258732145 3660.6441732482795 7095.3617663453915
3660.6441732482795 7095.3617663453915 3786.657806358208 7072.956406331532
3786.657806358208 7072.956406331532 3907.94878082137 7070.335536598301
3907.94878082137 7070.335536598301 3848.388441119546 6927.619178504281
3848.388441119546 6927.619178504281 3810.481151312624 6813.601594309121
3810.481151312624 6813.601594309121 3777.300067843427 6654.343017106331
3777.300067843427 6654.343017106331 3781.068709572648 6543.413983957482
3781.068709572648 6543.413983957482 3813.5352828698024 6392.886235670913
3813.5352828698024 6392.886235670913 3855.5350053142097 6287.209695729362
3855.5350053142097 6287.209695729362 3977.3669534146766 6122.873797418653
3977.3669534146766 6122.873797418653 3901.711968532012 5951.0871283183205
3901.711968532012 5951.0871283183205 3841.3015837781845 5824.981219540168
3841.3015837781845 5824.981219540168 3774.313254035175 5712.424970771135
3774.313254035175 5712.424970771135 3689.815138656777 5550.045528894034
3689.815138656777 5550.045528894034 3635.6570887754174 5454.444484777081
3635.6570887754174 5454.444484777081 3584.7627741790548 5302.48134835075
3584.7627741790548 5302.48134835075 2938.5429678296264 5454.985383132255
3997.488912797105 6009.360478242023 4066.1807144793147 5991.404130306174
4066.1807144793147 5991.404130306174 4122.843641423899 5974.419154269247
4122.843641423899 5974.419154269247 4202.550655461042 5936.56257281105
4202.550655461042 5936.56257281105 4280.489287504999 5906.463778496782
4280.489287504999 5906.463778496782 4413.600580068063 5844.478967782957
4413.600580068063 5844.478967782957 4534.257235226637 5793.013136216238
4534.257235226637 5793.013136216238 4608.033067485871 5760.306373135737
4608.033067485871 5760.306373135737 4677.445801156491 5733.259507071741
4677.445801156491 5733.259507071741 4730.220010438589 5714.9906107266115
4730.220010438589 5714.9906107266115 4780.8648746920335 5693.448997273925
4780.8648746920335 5693.448997273925 4842.160585406874 5671.615475764428
4842.160585406874 5671.615475764428 4919.083670943657 5648.949274479602
4919.083670943657 5648.949274479602 4862.486989052973 5574.547768767246
4862.486989052973 5574.547768767246 4805.920240214941 5496.088567762501
4805.920240214941 5496.088567762501 4759.897463576144 5395.994936038025
4759.897463576144 5395.994936038025 4729.809965383899 5302.48134835075
4729.809965383899 5302.48134835075 4619.053838680018 5346.426357799615
4619.053838680018 5346.426357799615 4292.807532542941 5463.970587220368
4292.807532542941 5463.970587220368 4237.327462518388 5478.6873206903065
4237.327462518388 5478.6873206903065 4120.573237076964 5497.051032043894
4120.573237076964 5497.051032043894 4058.904059218467 5496.097487221366
4058.904059218467 5496.097487221366 3999.017516933243 5499.275976200221
3999.017516933243 5499.275976200221 3984.3438243322503 5591.196961602276
3984.3438243322503 5591.196961602276 3977.3669534146766 5682.14598023506
3977.3669534146766 5682.14598023506 3981.1502051776747 5760.15271489991
3981.1502051776747 5760.15271489991 3978.4733838192547 5843.740058918487
3978.4733838192547 5843.740058918487 3994.5409437444146 5926.636066817198
3994.5409437444146 5926.636066817198 3997.488912797105 6009.360478242023
5954.971083304827 5853.250605294338 5899.372270730355 5625.810602314071
5899.372270730355 5625.810602314071 5930.649888746853 5474.536958862644
5930.649888746853 5474.536958862644 6082.224097009401 5302.48134835075
6082.224097009401 5302.48134835075 5765.905757075232 5477.610575097929
5765.905757075232 5477.610575097929 5597.301670656697 5535.460848191949
5597.301670656697 5535.460848191949 5452.341806836332 5582.289555432456
5452.341806836332 5582.289555432456 5126.508223536155 5651.072176052402
5126.508223536155 5651.072176052402 4919.083670943657 5674.202545860097
4919.083670943657 5674.202545860097 4930.125572635734 5800.717624608375
4930.125572635734 5800.717624608375 5078.328253315741 5810.074555274317
5078.328253315741 5810.074555274317 5245.021751878771 5825.792146249238
5245.021751878771 5825.792146249238 5314.524138619334 5945.24623490289
5314.524138619334 5945.24623490289 5521.635433558186 6827.196398319864
5521.635433558186 6827.196398319864 5685.926923475056 6802.756547489451
5685.926923475056 6802.756547489451 5531.200477877535 5850.213437571625
5531.200477877535 5850.213437571625 5655.373375589903 5836.193986215576
5655.373375589903 5836.193986215576 5793.883491564765 5846.31736081508
5793.883491564765 5846.31736081508 5954.971083304827 5853.250605294338
1607.3425519313344 7889.81201645026 1719.866068763981 7687.246824213813
1719.866068763981 7687.246824213813 1697.2917325601336 7516.523753075169
1697.2917325601336 7516.523753075169 1680.6260889449557 7341.375564640439
1680.6260889449557 7341.375564640439 1353.8462735627973 7383.293251975819
1353.8462735627973 7383.293251975819 1270.976604597907 7381.20166036774
1270.976604597907 7381.20166036774 1123.4384171673548 7368.768488139937
1123.4384171673548 7368.768488139937 1040.1670069760783 7360.181023029935
1040.1670069760783 7360.181023029935 962.930270023112 7360.71354094423
962.930270023112 7360.71354094423 892.2437705925042 7344.540363773618
892.2437705925042 7344.540363773618 811.7900632031049 7343.170511083656
811.7900632031049 7343.170511083656 738.9723407861118 7330.438950751643
738.9723407861118 7330.438950751643 610.7749919960638 7317.745843351688
610.7749919960638 7317.745843351688 496.2496180104847 7295.78123078893
496.2496180104847 7295.78123078893 419.4424436047266 7272.50452856858
419.4424436047266 7272.50452856858 338.1512370342832 7252.175178787487
338.1512370342832 7252.175178787487 219.2664392390659 7220.13186938304
219.2664392390659 7220.13186938304 113.49466044987548 7178.710745977373
113.49466044987548 7178.710745977373 52.510492035015886 7345.312409617677
52.510492035015886 7345.312409617677 0.0 7514.018717298694
0.0 7514.018717298694 35.56246645584088 7622.181447406142
35.56246645584088 7622.181447406142 66.64783846525575 7728.625488730696
66.64783846525575 7728.625488730696 98.69842510642161 7794.762927832248
98.69842510642161 7794.762927832248 139.51214463752285 7871.919192682995
139.51214463752285 7871.919192682995 167.05365268172682 7982.1957668487075
167.05365268172682 7982.1957668487075 176.62629790673986 8041.593829360467
176.62629790673986 8041.593829360467 179.2716136380443 8100.420365974697
179.2716136380443 8100.420365974697 152.65011862999927 8184.360288748213
152.65011862999927 8184.360288748213 144.1986997636027 8273.15496457645
144.1986997636027 8273.15496457645 94.59455261708695 8407.816614172129
94.59455261708695 8407.816614172129 24.957001720292283 8617.12897732448
24.957001720292283 8617.12897732448 120.02074256185551 8641.87390143087
120.02074256185551 8641.87390143087 207.57168028494152 8679.048147558307
207.57168028494152 8679.048147558307 251.01876018833923 8528.865710351094
251.01876018833923 8528.865710351094 306.0102173623177 8392.182209146189
306.0102173623177 8392.182209146189 338.750631208409 8271.323426940913
338.750631208409 8271.323426940913 379.4944806373953 8151.927564388184
379.4944806373953 8151.927564388184 566.2241375428678 7886.281070370597
566.2241375428678 7886.281070370597 660.6923926622298 7877.960990185019
660.6923926622298 7877.960990185019 743.7631973287687 7875.673391863727
743.7631973287687 7875.673391863727 829.0245710047576 7881.4097938056075
829.0245710047576 7881.4097938056075 919.6850028325983 7897.158956664118
919.6850028325983 7897.158956664118 1018.2779078920363 7924.152706808651
1018.2779078920363 7924.152706808651 1122.3002079681164 7957.802644617343
1122.3002079681164 7957.802644617343 1153.8795245718318 8033.718704018155
1153.8795245718318 8033.718704018155 1188.919110084642 8105.074025376559
1188.919110084642 8105.074025376559 1199.21108549651 8171.923364009014
1199.21108549651 8171.923364009014 1210.8030587415476 8234.809772352088
1210.8030587415476 8234.809772352088 1221.5446701023977 8367.955808723933
1221.5446701023977 8367.955808723933 1233.7301375393426 8487.182710870824
1233.7301375393426 8487.182710870824 1256.5277272638657 8639.640934191202
1256.5277272638657 8639.640934191202 1273.2662297480083 8789.046508175326
1273.2662297480083 8789.046508175326 1363.6508051875605 8783.44095584606
1363.6508051875605 8783.44095584606 1461.5117965308955 8766.628985937128
1461.5117965308955 8766.628985937128 1447.2949285722032 8662.48922745899
1447.2949285722032 8662.48922745899 1428.3478956141798 8546.081506968998
1428.3478956141798 8546.081506968998 1426.6330801278636 8478.644821650618
1426.6330801278636 8478.644821650618 1421.3179049377418 8420.394317625907
1421.3179049377418 8420.394317625907 1418.9409348687643 8329.225223007932
1418.9409348687643 8329.225223007932 1419.8976748619125 8237.123483538415
1419.8976748619125 8237.123483538415 1435.3486614470771 8178.899713470269
1435.3486614470771 8178.899713470269 1447.6752325550294 8128.369664885368
1447.6752325550294 8128.369664885368 1480.5457647229416 8070.770385601532
1480.5457647229416 8070.770385601532 1507.2945240587371 8014.801733535625
1507.2945240587371 8014.801733535625 1564.6999803362007 7952.2082381400405
1564.6999803362007 7952.2082381400405 1607.3425519313344 7889.81201645026
2157.598748775514 8522.534379240094 2364.7072453570577 8371.387962206505
2364.7072453570577 8371.387962206505 2422.481121845509 8185.857766449555
2422.481121845509 8185.857766449555 2458.695038516596 8005.612786746055
2458.695038516596 8005.612786746055 2476.719198278699 7826.436129225356
2476.719198278699 7826.436129225356 2475.3604751731405 7661.919687771763
2475.3604751731405 7661.919687771763 2461.0255350359853 7546.672191813588
2461.0255350359853 7546.672191813588 2453.467207773341 7390.756535911475
2453.467207773341 7390.756535911475 2430.3739288893416 7178.710745977374
2430.3739288893416 7178.710745977374 2295.634075622342 7179.8141105446475
2295.634075622342 7179.8141105446475 2167.5804869754534 7190.0019552492295
2167.5804869754534 7190.0019552492295 2048.32314978281 7409.605022894702
2048.32314978281 7409.605022894702 1961.4116760942707 7535.235436448994
1961.4116760942707 7535.235436448994 1901.0181568144178 7653.245654878427
1901.0181568144178 7653.245654878427 1831.9482623918825 7839.847073631034
1831.9482623918825 7839.847073631034 1719.866068763981 8198.846116335506
1719.866068763981 8198.846116335506 1839.7216332230214 8414.30193302424
1839.7216332230214 8414.30193302424 1891.3417836500143 8567.075377737505
1891.3417836500143 8567.075377737505 1924.8799688177048 8767.922790910003
1924.8799688177048 8767.922790910003 1932.6057861780746 8907.13727159129
1932.6057861780746 8907.13727159129 1938.4083159835893 9187.855519800833
1938.4083159835893 9187.855519800833 2002.4026474906123 9076.51964583671
2002.4026474906123 9076.51964583671 2055.0314957011465 8853.76311510685
2055.0314957011465 8853.76311510685 2103.9665107862083 8700.96607320724
2103.9665107862083 8700.96607320724 2157.598748775514 8522.534379240094
2950.882037962718 7370.737207680433 2973.625345799074 7297.805940161133
2973.625345799074 7297.805940161133 2995.070511934079 7225.652014468153
2995.070511934079 7225.652014468153 2908.8373080617753 7198.687274981921
2908.8373080617753 7198.687274981921 2826.2903702302597 7178.710745977373
2826.2903702302597 7178.710745977373 2760.7883891440188 7198.91139029509
2760.7883891440188 7198.91139029509 2690.390942104988 7209.217073956993
2690.390942104988 7209.217073956993 2635.9187795216044 7256.971085575179
2635.9187795216044 7256.971085575179 2589.395053911006 7303.117082020777
2589.395053911006 7303.117082020777 2548.496076965295 7357.759255022829
2548.496076965295 7357.759255022829 2511.6088330355706 7411.7138007310705
2511.6088330355706 7411.7138007310705 2499.863232320405 7455.734956973647
2499.863232320405 7455.734956973647 2476.719198278699 7496.088435737036
2476.719198278699 7496.088435737036 2546.394160577045 7517.146901388527
2546.394160577045 7517.146901388527 2623.951654755566 7533.491402293124
2623.951654755566 7533.491402293124 2675.0637711066083 7531.231035650015
2675.0637711066083 7531.231035650015 2737.0306442145725 7538.409946508177
2737.0306442145725 7538.409946508177 2801.907362753849 7512.607457891078
2801.907362753849 7512.607457891078 2873.1323078137098 7490.333222556568
2873.1323078137098 7490.333222556568 2911.3810144502177 7427.810632671545
2911.3810144502177 7427.810632671545 2950.882037962718 7370.737207680433
3469.2333516180984 7370.737207680433 3491.976659454454 7297.805940161133
3491.976659454454 7297.805940161133 3513.4218255894593 7225.652014468153
3513.4218255894593 7225.652014468153 3427.1886217171555 7198.687274981921
3427.1886217171555 7198.687274981921 3344.64168388564 7178.710745977373
3344.64168388564 7178.710745977373 3279.139702799399 7198.91139029509
3279.139702799399 7198.91139029509 3208.742255760368 7209.217073956993
3208.742255760368 7209.217073956993 3154.2700931769846 7256.971085575179
3154.2700931769846 7256.971085575179 3107.746367566386 7303.117082020777
3107.746367566386 7303.117082020777 3066.847390620675 7357.759255022829
3066.847390620675 7357.759255022829 3029.9601466909508 7411.7138007310705
3029.9601466909508 7411.7138007310705 3018.2145459757853 7455.734956973647
3018.2145459757853 7455.734956973647 2995.070511934079 7496.088435737036
2995.070511934079 7496.088435737036 3064.7454742324253 7517.146901388527
3064.7454742324253 7517.146901388527 3142.302968410946 7533.491402293124
3142.302968410946 7533.491402293124 3193.4150847619885 7531.231035650015
3193.4150847619885 7531.231035650015 3255.3819578699527 7538.409946508177
3255.3819578699527 7538.409946508177 3320.2586764092293 7512.607457891078
3320.2586764092293 7512.607457891078 3391.48362146909 7490.333222556568
3391.48362146909 7490.333222556568 3429.732328105598 7427.810632671545
3429.732328105598 7427.810632671545 3469.2333516180984 7370.737207680433
4549.309237950629 7729.480002920962 4493.710425376157 7502.0399999406945
4493.710425376157 7502.0399999406945 4524.9880433926555 7350.766356489267
4524.9880433926555 7350.766356489267 4676.562251655203 7178.710745977373
4676.562251655203 7178.710745977373 4360.243911721034 7353.839972724552
4360.243911721034 7353.839972724552 4191.639825302499 7411.690245818572
4191.639825302499 7411.690245818572 4046.6799614821334 7458.51895305908
4046.6799614821334 7458.51895305908 3720.846378181957 7527.301573679026
3720.846378181957 7527.301573679026 3513.4218255894593 7550.431943486721
3513.4218255894593 7550.431943486721 3524.463727281536 7676.947022234999
3524.463727281536 7676.947022234999 3672.666407961543 7686.303952900941
3672.666407961543 7686.303952900941 3839.3599065245735 7702.021543875861
3839.3599065245735 7702.021543875861 3908.862293265136 7821.475632529514
3908.862293265136 7821.475632529514 4115.973588203989 8703.425795946489
4115.973588203989 8703.425795946489 4280.265078120859 8678.985945116076
4280.265078120859 8678.985945116076 4125.538632523338 7726.442835198249
4125.538632523338 7726.442835198249 4249.711530235705 7712.4233838422
4249.711530235705 7712.4233838422 4388.221646210567 7722.546758441704
4388.221646210567 7722.546758441704 4549.309237950629 7729.480002920962
4676.562251655203 7229.814405961787 4740.500746295491 7431.141004317923
4740.500746295491 7431.141004317923 4784.016024651505 7580.789743980234
4784.016024651505 7580.789743980234 4849.596919641425 7790.183458100571
4849.596919641425 7790.183458100571 4867.808350824736 7867.779931952268
4867.808350824736 7867.779931952268 4888.291342064794 7921.486244471787
4888.291342064794 7921.486244471787 4916.410612729479 7980.3727754248885
4916.410612729479 7980.3727754248885 4932.89976189766 8036.527360811125
4932.89976189766 8036.527360811125 4958.219929971973 8094.81034481815
4958.219929971973 8094.81034481815 4997.761403964355 8154.26567399638
4997.761403964355 8154.26567399638 5024.494945684136 8220.20986959594
5024.494945684136 8220.20986959594 5080.02305639781 8277.445577746466
5080.02305639781 8277.445577746466 5124.5548635461555 8354.947874466165
5124.5548635461555 8354.947874466165 5171.501788863934 8406.951104173144
5171.501788863934 8406.951104173144 5223.656009815456 8462.902546681205
5223.656009815456 8462.902546681205 5241.230956592409 8296.181678568517
5241.230956592409 8296.181678568517 5245.067358914148 8119.192633799074
5245.067358914148 8119.192633799074 5198.086783147421 8055.942833528294
5198.086783147421 8055.942833528294 5145.362544066713 7990.048646591168
5145.362544066713 7990.048646591168 5109.753410860377 7927.872265226713
5109.753410860377 7927.872265226713 5078.604055558467 7850.975468288618
5078.604055558467 7850.975468288618 5034.057237878197 7757.403585320972
5034.057237878197 7757.403585320972 5018.233689787641 7698.037983591656
5018.233689787641 7698.037983591656 4991.798236213754 7637.86937552215
4991.798236213754 7637.86937552215 4968.489354829092 7552.68100672463
4968.489354829092 7552.68100672463 4935.346278684939 7465.037160885512
4935.346278684939 7465.037160885512 4895.032743734956 7329.653955546313
4895.032743734956 7329.653955546313 4846.291310887618 7178.710745977373
4846.291310887618 7178.710745977373 4762.684504753472 7209.610253654909
4762.684504753472 7209.610253654909 4676.562251655203 7229.814405961787
1607.3425519313344 9898.95679027372 1719.866068763981 9696.391598037273
1719.866068763981 9696.391598037273 1697.2917325601336 9525.668526898628
1697.2917325601336 9525.668526898628 1680.6260889449557 9350.520338463897
1680.6260889449557 9350.520338463897 1353.8462735627973 9392.438025799278
1353.8462735627973 9392.438025799278 1270.976604597907 9390.346434191199
1270.976604597907 9390.346434191199 1123.4384171673548 9377.913261963397
1123.4384171673548 9377.913261963397 1040.1670069760783 9369.325796853394
1040.1670069760783 9369.325796853394 962.930270023112 9369.858314767689
962.930270023112 9369.858314767689 892.2437705925042 9353.685137597076
892.2437705925042 9353.685137597076 811.7900632031049 9352.315284907114
811.7900632031049 9352.315284907114 738.9723407861118 9339.583724575103
738.9723407861118 9339.583724575103 610.7749919960638 9326.890617175146
610.7749919960638 9326.890617175146 496.2496180104847 9304.926004612389
496.2496180104847 9304.926004612389 419.4424436047266 9281.64930239204
419.4424436047266 9281.64930239204 338.1512370342832 9261.319952610947
338.1512370342832 9261.319952610947 219.2664392390659 9229.2766432065
219.2664392390659 9229.2766432065 113.49466044987548 9187.855519800833
113.49466044987548 9187.855519800833 52.510492035015886 9354.457183441136
52.510492035015886 9354.457183441136 0.0 9523.163491122154
0.0 9523.163491122154 35.56246645584088 9631.326221229601
35.56246645584088 9631.326221229601 66.64783846525575 9737.770262554155
66.64783846525575 9737.770262554155 98.69842510642161 9803.907701655708
98.69842510642161 9803.907701655708 139.51214463752285 9881.063966506454
139.51214463752285 9881.063966506454 167.05365268172682 9991.340540672167
167.05365268172682 9991.340540672167 176.62629790673986 10050.738603183925
176.62629790673986 10050.738603183925 179.2716136380443 10109.565139798156
179.2716136380443 10109.565139798156 152.65011862999927 10193.505062571672
152.65011862999927 10193.505062571672 144.1986997636027 10282.29973839991
144.1986997636027 10282.29973839991 94.59455261708695 10416.961387995589
94.59455261708695 10416.961387995589 24.957001720292283 10626.273751147939
24.957001720292283 10626.273751147939 120.02074256185551 10651.018675254329
120.02074256185551 10651.018675254329 207.57168028494152 10688.192921381766
207.57168028494152 10688.192921381766 251.01876018833923 10538.010484174552
251.01876018833923 10538.010484174552 306.0102173623177 10401.326982969647
306.0102173623177 10401.326982969647 338.750631208409 10280.468200764373
338.750631208409 10280.468200764373 379.4944806373953 10161.072338211643
379.4944806373953 10161.072338211643 566.2241375428678 9895.425844194056
566.2241375428678 9895.425844194056 660.6923926622298 9887.105764008478
660.6923926622298 9887.105764008478 743.7631973287687 9884.818165687186
743.7631973287687 9884.818165687186 829.0245710047576 9890.554567629066
829.0245710047576 9890.554567629066 919.6850028325983 9906.303730487576
919.6850028325983 9906.303730487576 1018.2779078920363 9933.297480632109
1018.2779078920363 9933.297480632109 1122.3002079681164 9966.947418440803
1122.3002079681164 9966.947418440803 1153.8795245718318 10042.863477841614
1153.8795245718318 10042.863477841614 1188.919110084642 10114.218799200018
1188.919110084642 10114.218799200018 1199.21108549651 10181.068137832473
1199.21108549651 10181.068137832473 1210.8030587415476 10243.954546175546
1210.8030587415476 10243.954546175546 1221.5446701023977 10377.100582547391
1221.5446701023977 10377.100582547391 1233.7301375393426 10496.327484694282
1233.7301375393426 10496.327484694282 1256.5277272638657 10648.785708014662
1256.5277272638657 10648.785708014662 1273.2662297480083 10798.191281998785
1273.2662297480083 10798.191281998785 1363.6508051875605 10792.585729669518
1363.6508051875605 10792.585729669518 1461.5117965308955 10775.773759760588
1461.5117965308955 10775.773759760588 1447.2949285722032 10671.63400128245
1447.2949285722032 10671.63400128245 1428.3478956141798 10555.226280792456
1428.3478956141798 10555.226280792456 1426.6330801278636 10487.789595474078
1426.6330801278636 10487.789595474078 1421.3179049377418 10429.539091449366
1421.3179049377418 10429.539091449366 1418.9409348687643 10338.369996831392
1418.9409348687643 10338.369996831392 1419.8976748619125 10246.268257361873
1419.8976748619125 10246.268257361873 1435.3486614470771 10188.044487293728
1435.3486614470771 10188.044487293728 1447.6752325550294 10137.514438708828
1447.6752325550294 10137.514438708828 1480.5457647229416 10079.91515942499
1480.5457647229416 10079.91515942499 1507.2945240587371 10023.946507359084
1507.2945240587371 10023.946507359084 1564.6999803362007 9961.3530119635
1564.6999803362007 9961.3530119635 1607.3425519313344 9898.95679027372
3039.260055407636 9900.943015345558 2471.0793915619033 9187.855519800833
2471.0793915619033 9187.855519800833 2363.808155412347 9239.817093967184
2363.808155412347 9239.817093967184 2270.1502501677273 9385.976607735101
2270.1502501677273 9385.976607735101 2185.8132963611524 9554.854972791274
2185.8132963611524 9554.854972791274 2136.721515142643 9659.08377401704
2136.721515142643 9659.08377401704 2086.6987186173096 9780.428144881558
2086.6987186173096 9780.428144881558 2031.8728126042304 9877.991201086199
2031.8728126042304 9877.991201086199 1978.4818592452543 9957.46762102169
1978.4818592452543 9957.46762102169 1888.8709751860313 10018.134468411548
1888.8709751860313 10018.134468411548 1719.866068763981 10098.044070003867
1719.866068763981 10098.044070003867 1804.8281702059617 10182.24384241914
1804.8281702059617 10182.24384241914 1869.3912974047407 10253.646692660408
1869.3912974047407 10253.646692660408 1924.8270791181922 10331.482335334096
1924.8270791181922 10331.482335334096 1996.3790642511992 10440.566720873985
1996.3790642511992 10440.566720873985 2112.0053105646457 10293.334851073623
2112.0053105646457 10293.334851073623 2183.239427922917 10226.233460760544
2183.239427922917 10226.233460760544 2270.535833616655 10181.312345496575
2270.535833616655 10181.312345496575 2384.1076876058687 10148.186162716209
2384.1076876058687 10148.186162716209 2505.6224474772853 10124.266177187
2505.6224474772853 10124.266177187 2626.8105951512225 10097.649507584863
2626.8105951512225 10097.649507584863 2811.337945851829 10060.3927223434
2811.337945851829 10060.3927223434 2967.7009680815136 9994.850221898345
2967.7009680815136 9994.850221898345 3039.260055407636 9900.943015345558
3059.3820147900647 9894.734649692105 3128.0738164722743 9876.778301756256
3128.0738164722743 9876.778301756256 3184.7367434168577 9859.793325719329
3184.7367434168577 9859.793325719329 3264.443757454001 9821.936744261133
3264.443757454001 9821.936744261133 3342.3823894979587 9791.837949946865
3342.3823894979587 9791.837949946865 3475.493682061023 9729.85313923304
3475.493682061023 9729.85313923304 3596.150337219596 9678.38730766632
3596.150337219596 9678.38730766632 3669.92616947883 9645.68054458582
3669.92616947883 9645.68054458582 3739.3389031494507 9618.633678521823
3739.3389031494507 9618.633678521823 3792.113112431549 9600.364782176694
3792.113112431549 9600.364782176694 3842.757976684993 9578.823168724008
3842.757976684993 9578.823168724008 3904.053687399834 9556.989647214512
3904.053687399834 9556.989647214512 3980.9767729366167 9534.323445929684
3980.9767729366167 9534.323445929684 3924.3800910459317 9459.92194021733
3924.3800910459317 9459.92194021733 3867.813342207901 9381.462739212584
3867.813342207901 9381.462739212584 3821.790565569104 9281.369107488108
3821.790565569104 9281.369107488108 3791.7030673768586 9187.855519800833
3791.7030673768586 9187.855519800833 3680.9469406729777 9231.800529249698
3680.9469406729777 9231.800529249698 3354.7006345359005 9349.34475867045
3354.7006345359005 9349.34475867045 3299.220564511347 9364.061492140389
3299.220564511347 9364.061492140389 3182.4663390699234 9382.425203493976
3182.4663390699234 9382.425203493976 3120.7971612114266 9381.47165867145
3120.7971612114266 9381.47165867145 3060.9106189262025 9384.650147650304
3060.9106189262025 9384.650147650304 3046.23692632521 9476.571133052359
3046.23692632521 9476.571133052359 3039.260055407636 9567.520151685143
3039.260055407636 9567.520151685143 3043.0433071706343 9645.526886349993
3043.0433071706343 9645.526886349993 3040.3664858122143 9729.11423036857
3040.3664858122143 9729.11423036857 3056.434045737374 9812.010238267281
3056.434045737374 9812.010238267281 3059.3820147900647 9894.734649692105
5084.13188445687 9823.84236669201 5099.757813058696 9766.142235173798
5099.757813058696 9766.142235173798 5132.2599560034005 9707.394907505104
5132.2599560034005 9707.394907505104 5159.007581782648 9622.251312160895
5159.007581782648 9622.251312160895 5192.562021190493 9550.8499720796
5192.562021190493 9550.8499720796 5227.438567377129 9472.046857741605
5227.438567377129 9472.046857741605 5258.182195953971 9388.23859598883
5258.182195953971 9388.23859598883 5340.395669417928 9237.225743141811
5340.395669417928 9237.225743141811 5258.171969487215 9208.704852895911
5258.171969487215 9208.704852895911 5180.523578598281 9187.855519800833
5180.523578598281 9187.855519800833 5107.63703943278 9196.503598267063
5107.63703943278 9196.503598267063 5032.88419669515 9215.062047041132
5032.88419669515 9215.062047041132 4970.245177122699 9214.954213056626
4970.245177122699 9214.954213056626 4918.5748841438635 9219.5286510245
4918.5748841438635 9219.5286510245 4840.965619642404 9216.778316601996
4840.965619642404 9216.778316601996 4769.850784372487 9207.082514660211
4769.850784372487 9207.082514660211 4687.923402628557 9202.418956941656
4687.923402628557 9202.418956941656 4598.0897097085035 9199.061923615021
4598.0897097085035 9199.061923615021 4538.336856570608 9202.141718482648
4538.336856570608 9202.141718482648 4470.210530743719 9196.040677444342
4470.210530743719 9196.040677444342 4391.407706990997 9207.771683570576
4391.407706990997 9207.771683570576 4304.618180262504 9207.338829756678
4304.618180262504 9207.338829756678 4222.29174927856 9223.942290722975
4222.29174927856 9223.942290722975 4134.252950692422 9240.284106445366
4134.252950692422 9240.284106445366 4114.520107262586 9346.867763190703
4114.520107262586 9346.867763190703 4087.2634407198548 9460.629268032193
4087.2634407198548 9460.629268032193 4060.466467883437 9506.98334031011
4060.466467883437 9506.98334031011 4041.9820382170474 9552.08162627349
4041.9820382170474 9552.08162627349 4012.408946462994 9611.44739858764
4012.408946462994 9611.44739858764 3980.9767729366163 9663.54303096556
3980.9767729366163 9663.54303096556 4041.3145599797163 9734.97791018553
4041.3145599797163 9734.97791018553 4096.633609628596 9798.907076513724
4096.633609628596 9798.907076513724 4154.976836645629 9852.370830786302
4154.976836645629 9852.370830786302 4210.849368696157 9906.82935713089
4210.849368696157 9906.82935713089 4266.820552912061 9951.30044587268
4266.820552912061 9951.30044587268 4316.58915263207 9995.410724560188
4316.58915263207 9995.410724560188 4382.299810800519 10048.035769479353
4382.299810800519 10048.035769479353 4447.709074885836 10093.612608220998
4447.709074885836 10093.612608220998 4501.408214565434 10140.344744844437
4501.408214565434 10140.344744844437 4610.98836241848 10215.500221330563
4610.98836241848 10215.500221330563 4659.53244822538 10258.964159834079
4659.53244822538 10258.964159834079 4703.170589316035 10320.656744466884
4703.170589316035 10320.656744466884 4750.27421769716 10375.729067577475
4750.27421769716 10375.729067577475 4828.012413168797 10410.13637549767
4828.012413168797 10410.13637549767 4902.922908955434 10439.379358259788
4902.922908955434 10439.379358259788 4918.471250577185 10345.89567213088
4918.471250577185 10345.89567213088 4965.272981957187 10187.051757657966
4965.272981957187 10187.051757657966 4981.786364726759 10108.640550726133
4981.786364726759 10108.640550726133 5037.000435910263 9944.44793771
5037.000435910263 9944.44793771 5059.635893405512 9882.61272165662
5059.635893405512 9882.61272165662 5084.13188445687 9823.84236669201
5360.517628800356 9894.734649692105 5429.209430482566 9876.778301756256
5429.209430482566 9876.778301756256 5485.872357427149 9859.793325719329
5485.872357427149 9859.793325719329 5565.579371464292 9821.936744261133
5565.579371464292 9821.936744261133 5643.518003508249 9791.837949946865
5643.518003508249 9791.837949946865 5776.6292960713145 9729.85313923304
5776.6292960713145 9729.85313923304 5897.285951229887 9678.38730766632
5897.285951229887 9678.38730766632 5971.061783489122 9645.68054458582
5971.061783489122 9645.68054458582 6040.474517159742 9618.633678521823
6040.474517159742 9618.633678521823 6093.2487264418405 9600.364782176694
6093.2487264418405 9600.364782176694 6143.893590695285 9578.823168724008
6143.893590695285 9578.823168724008 6205.189301410125 9556.989647214512
6205.189301410125 9556.989647214512 6282.1123869469075 9534.323445929684
6282.1123869469075 9534.323445929684 6225.515705056223 9459.92194021733
6225.515705056223 9459.92194021733 6168.948956218192 9381.462739212584
6168.948956218192 9381.462739212584 6122.9261795793955 9281.369107488108
6122.9261795793955 9281.369107488108 6092.83868138715 9187.855519800833
6092.83868138715 9187.855519800833 5982.082554683269 9231.800529249698
5982.082554683269 9231.800529249698 5655.836248546191 9349.34475867045
5655.836248546191 9349.34475867045 5600.356178521639 9364.061492140389
5600.356178521639 9364.061492140389 5483.601953080214 9382.425203493976
5483.601953080214 9382.425203493976 5421.932775221718 9381.47165867145
5421.932775221718 9381.47165867145 5362.046232936494 9384.650147650304
5362.046232936494 9384.650147650304 5347.372540335501 9476.571133052359
5347.372540335501 9476.571133052359 5340.395669417928 9567.520151685143
5340.395669417928 9567.520151685143 5344.1789211809255 9645.526886349993
5344.1789211809255 9645.526886349993 5341.502099822505 9729.11423036857
5341.502099822505 9729.11423036857 5357.569659747665 9812.010238267281
5357.569659747665 9812.010238267281 5360.517628800356 9894.734649692105
7.381066841922284 10950.695316780291 25.623137195161547 11107.891642707491
25.623137195161547 11107.891642707491 0.0 11526.20585275316
0.0 11526.20585275316 6.927514024190401 11665.331957502503
6.927514024190401 11665.331957502503 12.506860069440222 11857.425515699299
12.506860069440222 11857.425515699299 194.32775326124843 11948.137068685466
194.32775326124843 11948.137068685466 277.5181035422438 12022.35061618299
277.5181035422438 12022.35061618299 375.4399195008949 12146.820866860506
375.4399195008949 12146.820866860506 426.2704643543996 12245.75554695187
426.2704643543996 12245.75554695187 458.7339327068093 12408.602840018864
458.7339327068093 12408.602840018864 472.96207009929793 12528.350373929508
472.96207009929793 12528.350373929508 487.114535847228 12674.42067962541
487.114535847228 12674.42067962541 602.1030275478038 12627.71019238018
602.1030275478038 12627.71019238018 729.4822722605755 12591.071699993427
729.4822722605755 12591.071699993427 855.4959053705039 12568.666339979567
855.4959053705039 12568.666339979567 976.7868798336657 12566.045470246336
976.7868798336657 12566.045470246336 917.2265401318416 12423.329112152316
917.2265401318416 12423.329112152316 879.3192503249203 12309.311527957156
879.3192503249203 12309.311527957156 846.1381668557227 12150.052950754365
846.1381668557227 12150.052950754365 849.906808584944 12039.123917605517
849.906808584944 12039.123917605517 882.3733818820982 11888.596169318947
882.3733818820982 11888.596169318947 924.3731043265058 11782.919629377397
924.3731043265058 11782.919629377397 1046.2050524269725 11618.583731066688
1046.2050524269725 11618.583731066688 970.5500675443083 11446.797061966356
970.5500675443083 11446.797061966356 910.1396827904806 11320.691153188203
910.1396827904806 11320.691153188203 843.1513530474708 11208.13490441917
843.1513530474708 11208.13490441917 758.6532376690731 11045.755462542069
758.6532376690731 11045.755462542069 704.4951877877135 10950.154418425116
704.4951877877135 10950.154418425116 653.6008731913505 10798.191281998785
653.6008731913505 10798.191281998785 7.381066841922284 10950.695316780291
1520.3678921109915 10990.217743701844 1543.1111999473474 10917.286476182544
1543.1111999473474 10917.286476182544 1564.5563660823527 10845.132550489563
1564.5563660823527 10845.132550489563 1478.3231622100486 10818.167811003334
1478.3231622100486 10818.167811003334 1395.776224378533 10798.191281998785
1395.776224378533 10798.191281998785 1330.274243292292 10818.3919263165
1330.274243292292 10818.3919263165 1259.8767962532615 10828.697609978404
1259.8767962532615 10828.697609978404 1205.404633669878 10876.45162159659
1205.404633669878 10876.45162159659 1158.8809080592794 10922.597618042188
1158.8809080592794 10922.597618042188 1117.981931113568 10977.239791044241
1117.981931113568 10977.239791044241 1081.0946871838437 11031.194336752482
1081.0946871838437 11031.194336752482 1069.3490864686785 11075.21549299506
1069.3490864686785 11075.21549299506 1046.2050524269725 11115.568971758448
1046.2050524269725 11115.568971758448 1115.8800147253187 11136.627437409938
1115.8800147253187 11136.627437409938 1193.4375089038394 11152.971938314537
1193.4375089038394 11152.971938314537 1244.5496252548817 11150.711571671425
1244.5496252548817 11150.711571671425 1306.5164983628458 11157.890482529589
1306.5164983628458 11157.890482529589 1371.3932169021227 11132.08799391249
1371.3932169021227 11132.08799391249 1442.6181619619833 11109.813758577979
1442.6181619619833 11109.813758577979 1480.866868598491 11047.291168692956
1480.866868598491 11047.291168692956 1520.3678921109915 10990.217743701844
2002.289046093886 12142.014915261505 2209.3975426754296 11990.868498227916
2209.3975426754296 11990.868498227916 2267.1714191638807 11805.338302470966
2267.1714191638807 11805.338302470966 2303.385335834968 11625.093322767465
2303.385335834968 11625.093322767465 2321.409495597071 11445.916665246767
2321.409495597071 11445.916665246767 2320.0507724915124 11281.400223793175
2320.0507724915124 11281.400223793175 2305.715832354357 11166.152727834999
2305.715832354357 11166.152727834999 2298.157505091713 11010.237071932886
2298.157505091713 11010.237071932886 2275.0642262077135 10798.191281998785
2275.0642262077135 10798.191281998785 2140.324372940714 10799.294646566057
2140.324372940714 10799.294646566057 2012.2707842938255 10809.482491270639
2012.2707842938255 10809.482491270639 1893.013447101182 11029.085558916113
1893.013447101182 11029.085558916113 1806.1019734126426 11154.715972470403
1806.1019734126426 11154.715972470403 1745.7084541327897 11272.726190899837
1745.7084541327897 11272.726190899837 1676.6385597102544 11459.327609652444
1676.6385597102544 11459.327609652444 1564.556366082353 11818.326652356916
1564.556366082353 11818.326652356916 1684.4119305413933 12033.782469045651
1684.4119305413933 12033.782469045651 1736.0320809683863 12186.555913758915
1736.0320809683863 12186.555913758915 1769.5702661360767 12387.403326931413
1769.5702661360767 12387.403326931413 1777.2960834964465 12526.6178076127
1777.2960834964465 12526.6178076127 1783.0986133019612 12807.336055822243
1783.0986133019612 12807.336055822243 1847.0929448089842 12696.00018185812
1847.0929448089842 12696.00018185812 1899.7217930195184 12473.243651128261
1899.7217930195184 12473.243651128261 1948.6568081045803 12320.446609228651
1948.6568081045803 12320.446609228651 2002.289046093886 12142.014915261505
2759.142175608604 12142.014915261505 2966.2506721901473 11990.868498227916
2966.2506721901473 11990.868498227916 3024.0245486785984 11805.338302470966
3024.0245486785984 11805.338302470966 3060.2384653496856 11625.093322767465
3060.2384653496856 11625.093322767465 3078.2626251117886 11445.916665246767
3078.2626251117886 11445.916665246767 3076.90390200623 11281.400223793175
3076.90390200623 11281.400223793175 3062.568961869075 11166.152727834999
3062.568961869075 11166.152727834999 3055.010634606431 11010.237071932886
3055.010634606431 11010.237071932886 3031.9173557224312 10798.191281998785
3031.9173557224312 10798.191281998785 2897.1775024554317 10799.294646566057
2897.1775024554317 10799.294646566057 2769.123913808543 10809.482491270639
2769.123913808543 10809.482491270639 2649.8665766158997 11029.085558916113
2649.8665766158997 11029.085558916113 2562.9551029273603 11154.715972470403
2562.9551029273603 11154.715972470403 2502.561583647507 11272.726190899837
2502.561583647507 11272.726190899837 2433.491689224972 11459.327609652444
2433.491689224972 11459.327609652444 2321.4094955970704 11818.326652356916
2321.4094955970704 11818.326652356916 2441.265060056111 12033.782469045651
2441.265060056111 12033.782469045651 2492.885210483104 12186.555913758915
2492.885210483104 12186.555913758915 2526.423395650794 12387.403326931413
2526.423395650794 12387.403326931413 2534.149213011164 12526.6178076127
2534.149213011164 12526.6178076127 2539.951742816679 12807.336055822243
2539.951742816679 12807.336055822243 2603.946074323702 12696.00018185812
2603.946074323702 12696.00018185812 2656.574922534236 12473.243651128261
2656.574922534236 12473.243651128261 2705.509937619298 12320.446609228651
2705.509937619298 12320.446609228651 2759.142175608604 12142.014915261505
4066.5798933454093 11375.068503664008 4172.1604903122 11429.225777092486
4172.1604903122 11429.225777092486 4327.932786378368 11315.978375097535
4327.932786378368 11315.978375097535 4229.2296123764 11202.172449526173
4229.2296123764 11202.172449526173 4146.626532252408 11104.824526930353
4146.626532252408 11104.824526930353 4043.9839307817106 11000.448351701574
4043.9839307817106 11000.448351701574 3970.6511260750967 10919.99182098239
3970.6511260750967 10919.99182098239 3824.8889099131275 10798.191281998785
3824.8889099131275 10798.191281998785 3679.0948236629833 10912.163235546253
3679.0948236629833 10912.163235546253 3625.507832460395 11039.222645462407
3625.507832460395 11039.222645462407 3078.262625111788 11271.229078882428
3078.262625111788 11271.229078882428 3139.1156160192313 11422.568776851087
3139.1156160192313 11422.568776851087 3651.8073948898514 11225.128081882587
3651.8073948898514 11225.128081882587 3802.181341554755 11239.221551586814
3802.181341554755 11239.221551586814 3933.5350214403584 11305.330655475487
3933.5350214403584 11305.330655475487 4066.5798933454093 11375.068503664008
4348.054745760797 11505.070411890058 4416.746547443007 11487.114063954208
4416.746547443007 11487.114063954208 4473.40947438759 11470.129087917281
4473.40947438759 11470.129087917281 4553.116488424734 11432.272506459085
4553.116488424734 11432.272506459085 4631.055120468691 11402.173712144817
4631.055120468691 11402.173712144817 4764.166413031756 11340.188901430993
4764.166413031756 11340.188901430993 4884.823068190329 11288.723069864272
4884.823068190329 11288.723069864272 4958.598900449563 11256.016306783773
4958.598900449563 11256.016306783773 5028.011634120183 11228.969440719775
5028.011634120183 11228.969440719775 5080.785843402282 11210.700544374646
5080.785843402282 11210.700544374646 5131.430707655726 11189.15893092196
5131.430707655726 11189.15893092196 5192.7264183705665 11167.325409412464
5192.7264183705665 11167.325409412464 5269.649503907349 11144.659208127636
5269.649503907349 11144.659208127636 5213.052822016664 11070.257702415282
5213.052822016664 11070.257702415282 5156.486073178633 10991.798501410536
5156.486073178633 10991.798501410536 5110.463296539836 10891.70486968606
5110.463296539836 10891.70486968606 5080.375798347592 10798.191281998785
5080.375798347592 10798.191281998785 4969.619671643711 10842.13629144765
4969.619671643711 10842.13629144765 4643.373365506633 10959.680520868402
4643.373365506633 10959.680520868402 4587.89329548208 10974.39725433834
4587.89329548208 10974.39725433834 4471.1390700406555 10992.760965691929
4471.1390700406555 10992.760965691929 4409.469892182159 10991.807420869402
4409.469892182159 10991.807420869402 4349.583349896935 10994.985909848256
4349.583349896935 10994.985909848256 4334.909657295942 11086.906895250311
4334.909657295942 11086.906895250311 4327.932786378369 11177.855913883095
4327.932786378369 11177.855913883095 4331.716038141367 11255.862648547945
4331.716038141367 11255.862648547945 4329.039216782947 11339.449992566522
4329.039216782947 11339.449992566522 4345.106776708107 11422.346000465233
4345.106776708107 11422.346000465233 4348.054745760797 11505.070411890058
5269.649503907349 10849.294941983198 5333.587998547637 11050.621540339334
5333.587998547637 11050.621540339334 5377.103276903651 11200.270280001645
5377.103276903651 11200.270280001645 5442.684171893571 11409.663994121984
5442.684171893571 11409.663994121984 5460.895603076882 11487.26046797368
5460.895603076882 11487.26046797368 5481.37859431694 11540.9667804932
5481.37859431694 11540.9667804932 5509.497864981625 11599.853311446299
5509.497864981625 11599.853311446299 5525.987014149806 11656.007896832536
5525.987014149806 11656.007896832536 5551.307182224119 11714.290880839562
5551.307182224119 11714.290880839562 5590.848656216501 11773.74621001779
5590.848656216501 11773.74621001779 5617.582197936282 11839.69040561735
5617.582197936282 11839.69040561735 5673.110308649956 11896.926113767877
5673.110308649956 11896.926113767877 5717.642115798301 11974.428410487577
5717.642115798301 11974.428410487577 5764.58904111608 12026.431640194556
5764.58904111608 12026.431640194556 5816.743262067602 12082.383082702616
5816.743262067602 12082.383082702616 5834.318208844555 11915.66221458993
5834.318208844555 11915.66221458993 5838.154611166294 11738.673169820486
5838.154611166294 11738.673169820486 5791.1740353995665 11675.423369549704
5791.1740353995665 11675.423369549704 5738.449796318859 11609.52918261258
5738.449796318859 11609.52918261258 5702.840663112523 11547.352801248126
5702.840663112523 11547.352801248126 5671.691307810613 11470.456004310028
5671.691307810613 11470.456004310028 5627.144490130343 11376.884121342382
5627.144490130343 11376.884121342382 5611.320942039787 11317.518519613066
5611.320942039787 11317.518519613066 5584.8854884658995 11257.34991154356
5584.8854884658995 11257.34991154356 5561.576607081238 11172.16154274604
5561.576607081238 11172.16154274604 5528.4335309370845 11084.517696906923
5528.4335309370845 11084.517696906923 5488.119995987102 10949.134491567725
5488.119995987102 10949.134491567725 5439.378563139764 10798.191281998785
5439.378563139764 10798.191281998785 5355.7717570056175 10829.09078967632
5355.7717570056175 10829.09078967632 5269.649503907349 10849.294941983198
5858.276570548722 11505.070411890058 5926.968372230932 11487.114063954208
5926.968372230932 11487.114063954208 5983.631299175515 11470.129087917281
5983.631299175515 11470.129087917281 6063.338313212658 11432.272506459085
6063.338313212658 11432.272506459085 6141.276945256615 11402.173712144817
6141.276945256615 11402.173712144817 6274.38823781968 11340.188901430993
6274.38823781968 11340.188901430993 6395.044892978253 11288.723069864272
6395.044892978253 11288.723069864272 6468.820725237488 11256.016306783773
6468.820725237488 11256.016306783773 6538.233458908107 11228.969440719775
6538.233458908107 11228.969440719775 6591.0076681902065 11210.700544374646
6591.0076681902065 11210.700544374646 6641.652532443651 11189.15893092196
6641.652532443651 11189.15893092196 6702.948243158491 11167.325409412464
6702.948243158491 11167.325409412464 6779.871328695273 11144.659208127636
6779.871328695273 11144.659208127636 6723.274646804589 11070.257702415282
6723.274646804589 11070.257702415282 6666.7078979665575 10991.798501410536
6666.7078979665575 10991.798501410536 6620.6851213277605 10891.70486968606
6620.6851213277605 10891.70486968606 6590.597623135516 10798.191281998785
6590.597623135516 10798.191281998785 6479.841496431635 10842.13629144765
6479.841496431635 10842.13629144765 6153.595190294557 10959.680520868402
6153.595190294557 10959.680520868402 6098.115120270005 10974.39725433834
6098.115120270005 10974.39725433834 5981.36089482858 10992.760965691929
5981.36089482858 10992.760965691929 5919.691716970084 10991.807420869402
5919.691716970084 10991.807420869402 5859.80517468486 10994.985909848256
5859.80517468486 10994.985909848256 5845.131482083867 11086.906895250311
5845.131482083867 11086.906895250311 5838.154611166294 11177.855913883095
5838.154611166294 11177.855913883095 5841.937862929291 11255.862648547945
5841.937862929291 11255.862648547945 5839.261041570871 11339.449992566522
5839.261041570871 11339.449992566522 5855.328601496031 11422.346000465233
5855.328601496031 11422.346000465233 5858.276570548722 11505.070411890058
1035.8874123611697 13358.105312765832 980.2885997866979 13130.665309785565
980.2885997866979 13130.665309785565 1011.5662178031963 12979.391666334137
1011.5662178031963 12979.391666334137 1163.1404260657432 12807.336055822243
1163.1404260657432 12807.336055822243 846.8220861315749 12982.465282569423
846.8220861315749 12982.465282569423 678.2179997130394 13040.315555663443
678.2179997130394 13040.315555663443 533.2581358926739 13087.14426290395
533.2581358926739 13087.14426290395 207.42455259249743 13155.926883523896
207.42455259249743 13155.926883523896 0.0 13179.057253331592
0.0 13179.057253331592 11.041901692076635 13305.57233207987
11.041901692076635 13305.57233207987 159.2445823720833 13314.929262745813
159.2445823720833 13314.929262745813 325.93808093511393 13330.646853720731
325.93808093511393 13330.646853720731 395.44046767567625 13450.100942374384
395.44046767567625 13450.100942374384 602.5517626145295 14332.051105791359
602.5517626145295 14332.051105791359 766.8432525313991 14307.611254960946
766.8432525313991 14307.611254960946 612.1168069338778 13355.06814504312
612.1168069338778 13355.06814504312 736.2897046462454 13341.048693687071
736.2897046462454 13341.048693687071 874.7998206211078 13351.172068286574
874.7998206211078 13351.172068286574 1035.8874123611697 13358.105312765832
1183.2623854481715 13514.215185713516 1251.9541871303813 13496.258837777666
1251.9541871303813 13496.258837777666 1308.6171140749645 13479.27386174074
1308.6171140749645 13479.27386174074 1388.324128112108 13441.417280282543
1388.324128112108 13441.417280282543 1466.2627601560653 13411.318485968275
1466.2627601560653 13411.318485968275 1599.3740527191298 13349.333675254451
1599.3740527191298 13349.333675254451 1720.0307078777032 13297.86784368773
1720.0307078777032 13297.86784368773 1793.8065401369372 13265.161080607231
1793.8065401369372 13265.161080607231 1863.2192738075576 13238.114214543235
1863.2192738075576 13238.114214543235 1915.993483089656 13219.845318198104
1915.993483089656 13219.845318198104 1966.6383473431001 13198.303704745418
1966.6383473431001 13198.303704745418 2027.9340580579405 13176.470183235922
2027.9340580579405 13176.470183235922 2104.8571435947233 13153.803981951094
2104.8571435947233 13153.803981951094 2048.260461704039 13079.40247623874
2048.260461704039 13079.40247623874 1991.6937128660074 13000.943275233994
1991.6937128660074 13000.943275233994 1945.6709362272106 12900.849643509519
1945.6709362272106 12900.849643509519 1915.5834380349656 12807.336055822243
1915.5834380349656 12807.336055822243 1804.8273113310847 12851.281065271109
1804.8273113310847 12851.281065271109 1478.581005194007 12968.82529469186
1478.581005194007 12968.82529469186 1423.1009351694543 12983.542028161799
1423.1009351694543 12983.542028161799 1306.3467097280302 13001.905739515387
1306.3467097280302 13001.905739515387 1244.6775318695334 13000.952194692858
1244.6775318695334 13000.952194692858 1184.7909895843095 13004.130683671714
1184.7909895843095 13004.130683671714 1170.1172969833167 13096.05166907377
1170.1172969833167 13096.05166907377 1163.1404260657432 13187.000687706553
1163.1404260657432 13187.000687706553 1166.9236778287413 13265.007422371404
1166.9236778287413 13265.007422371404 1164.246856470321 13348.59476638998
1164.246856470321 13348.59476638998 1180.314416395481 13431.490774288692
1180.314416395481 13431.490774288692 1183.2623854481715 13514.215185713516
3712.1996955260574 13518.43732629513 3824.723212358704 13315.872134058684
3824.723212358704 13315.872134058684 3802.1488761548567 13145.149062920038
3802.1488761548567 13145.149062920038 3785.4832325396787 12970.000874485308
3785.4832325396787 12970.000874485308 3458.7034171575206 13011.918561820688
3458.7034171575206 13011.918561820688 3375.83374819263 13009.826970212609
3375.83374819263 13009.826970212609 3228.295560762078 12997.393797984807
3228.295560762078 12997.393797984807 3145.0241505708013 12988.806332874805
3145.0241505708013 12988.806332874805 3067.787413617835 12989.3388507891
3067.787413617835 12989.3388507891 2997.1009141872273 12973.165673618489
2997.1009141872273 12973.165673618489 2916.647206797828 12971.795820928524
2916.647206797828 12971.795820928524 2843.829484380835 12959.064260596513
2843.829484380835 12959.064260596513 2715.6321355907867 12946.371153196556
2715.6321355907867 12946.371153196556 2601.106761605208 12924.4065406338
2601.106761605208 12924.4065406338 2524.29958719945 12901.12983841345
2524.29958719945 12901.12983841345 2443.0083806290063 12880.800488632358
2443.0083806290063 12880.800488632358 2324.123582833789 12848.75717922791
2324.123582833789 12848.75717922791 2218.351804044599 12807.336055822243
2218.351804044599 12807.336055822243 2157.367635629739 12973.937719462547
2157.367635629739 12973.937719462547 2104.8571435947233 13142.644027143564
2104.8571435947233 13142.644027143564 2140.419610050564 13250.806757251012
2140.419610050564 13250.806757251012 2171.504982059979 13357.250798575566
2171.504982059979 13357.250798575566 2203.5555687011447 13423.388237677118
2203.5555687011447 13423.388237677118 2244.3692882322457 13500.544502527864
2244.3692882322457 13500.544502527864 2271.91079627645 13610.821076693577
2271.91079627645 13610.821076693577 2281.483441501463 13670.219139205336
2281.483441501463 13670.219139205336 2284.1287572327674 13729.045675819567
2284.1287572327674 13729.045675819567 2257.5072622247226 13812.985598593083
2257.5072622247226 13812.985598593083 2249.0558433583255 13901.78027442132
2249.0558433583255 13901.78027442132 2199.45169621181 14036.441924017
2199.45169621181 14036.441924017 2129.8141453150156 14245.754287169351
2129.8141453150156 14245.754287169351 2224.877886156579 14270.499211275739
2224.877886156579 14270.499211275739 2312.4288238796644 14307.673457403176
2312.4288238796644 14307.673457403176 2355.8759037830623 14157.491020195963
2355.8759037830623 14157.491020195963 2410.8673609570405 14020.807518991058
2410.8673609570405 14020.807518991058 2443.607774803132 13899.948736785784
2443.607774803132 13899.948736785784 2484.3516242321184 13780.552874233053
2484.3516242321184 13780.552874233053 2671.081281137591 13514.906380215467
2671.081281137591 13514.906380215467 2765.5495362569527 13506.586300029889
2765.5495362569527 13506.586300029889 2848.6203409234918 13504.298701708596
2848.6203409234918 13504.298701708596 2933.881714599481 13510.035103650476
2933.881714599481 13510.035103650476 3024.5421464273213 13525.784266508987
3024.5421464273213 13525.784266508987 3123.1350514867595 13552.77801665352
3123.1350514867595 13552.77801665352 3227.1573515628393 13586.427954462213
3227.1573515628393 13586.427954462213 3258.736668166555 13662.344013863025
3258.736668166555 13662.344013863025 3293.776253679365 13733.699335221429
3293.776253679365 13733.699335221429 3304.0682290912328 13800.548673853884
3304.0682290912328 13800.548673853884 3315.6602023362707 13863.435082196957
3315.6602023362707 13863.435082196957 3326.401813697121 13996.581118568802
3326.401813697121 13996.581118568802 3338.5872811340655 14115.808020715693
3338.5872811340655 14115.808020715693 3361.384870858589 14268.266244036073
3361.384870858589 14268.266244036073 3378.1233733427316 14417.671818020195
3378.1233733427316 14417.671818020195 3468.5079487822836 14412.066265690928
3468.5079487822836 14412.066265690928 3566.368940125619 14395.254295781997
3566.368940125619 14395.254295781997 3552.1520721669262 14291.11453730386
3552.1520721669262 14291.11453730386 3533.2050392089027 14174.706816813867
3533.2050392089027 14174.706816813867 3531.490223722587 14107.270131495488
3531.490223722587 14107.270131495488 3526.175048532465 14049.019627470778
3526.175048532465 14049.019627470778 3523.7980784634874 13957.850532852803
3523.7980784634874 13957.850532852803 3524.754818456636 13865.748793383284
3524.754818456636 13865.748793383284 3540.2058050418 13807.525023315138
3540.2058050418 13807.525023315138 3552.5323761497525 13756.994974730238
3552.5323761497525 13756.994974730238 3585.4029083176647 13699.395695446401
3585.4029083176647 13699.395695446401 3612.15166765346 13643.427043380494
3612.15166765346 13643.427043380494 3669.557123930924 13580.83354798491
3669.557123930924 13580.83354798491 3712.1996955260574 13518.43732629513
4262.455892370238 14151.159689084963 4469.564388951781 14000.013272051374
4469.564388951781 14000.013272051374 4527.338265440233 13814.483076294424
4527.338265440233 13814.483076294424 4563.55218211132 13634.238096590923
4563.55218211132 13634.238096590923 4581.576341873422 13455.061439070225
4581.576341873422 13455.061439070225 4580.217618767864 13290.544997616633
4580.217618767864 13290.544997616633 4565.882678630709 13175.297501658457
4565.882678630709 13175.297501658457 4558.3243513680645 13019.381845756345
4558.3243513680645 13019.381845756345 4535.231072484065 12807.336055822243
4535.231072484065 12807.336055822243 4400.491219217066 12808.439420389517
4400.491219217066 12808.439420389517 4272.437630570177 12818.6272650941
4272.437630570177 12818.6272650941 4153.180293377534 13038.230332739571
4153.180293377534 13038.230332739571 4066.2688196889944 13163.860746293863
4066.2688196889944 13163.860746293863 4005.8753004091413 13281.870964723295
4005.8753004091413 13281.870964723295 3936.8054059866063 13468.472383475902
3936.8054059866063 13468.472383475902 3824.7232123587046 13827.471426180375
3824.7232123587046 13827.471426180375 3944.578776817745 14042.92724286911
3944.578776817745 14042.92724286911 3996.198927244738 14195.700687582374
3996.198927244738 14195.700687582374 4029.7371124124284 14396.548100754871
4029.7371124124284 14396.548100754871 4037.4629297727984 14535.762581436158
4037.4629297727984 14535.762581436158 4043.2654595783133 14816.480829645701
4043.2654595783133 14816.480829645701 4107.2597910853365 14705.144955681579
4107.2597910853365 14705.144955681579 4159.88863929587 14482.38842495172
4159.88863929587 14482.38842495172 4208.823654380933 14329.59138305211
4208.823654380933 14329.59138305211 4262.455892370238 14151.159689084963
