1305
1319.3939866436551 713.087495544725 751.213322797922 0.0
751.213322797922 0.0 643.942086648366 51.961574166350374
643.942086648366 51.961574166350374 550.2841814037462 198.1210879342692
550.2841814037462 198.1210879342692 465.9472275971715 366.99945299044106
465.9472275971715 366.99945299044106 416.8554463786619 471.2282542162053
416.8554463786619 471.2282542162053 366.8326498533287 592.5726250807247
366.8326498533287 592.5726250807247 312.0067438402493 690.1356812853664
312.0067438402493 690.1356812853664 258.6157904812733 769.6121012208573
258.6157904812733 769.6121012208573 169.00490642205023 830.2789486107158
169.00490642205023 830.2789486107158 0.0 910.188550203035
0.0 910.188550203035 84.96210144198062 994.3883226183075
84.96210144198062 994.3883226183075 149.52522864075968 1065.791172859575
149.52522864075968 1065.791172859575 204.9610103542111 1143.6268155332639
204.9610103542111 1143.6268155332639 276.5129954872182 1252.711201073153
276.5129954872182 1252.711201073153 392.13924180066465 1105.4793312727898
392.13924180066465 1105.4793312727898 463.37335915893595 1038.377940959711
463.37335915893595 1038.377940959711 550.6697648526741 993.4568256957432
550.6697648526741 993.4568256957432 664.2416188418874 960.3306429153762
664.2416188418874 960.3306429153762 785.7563787133042 936.410657386167
785.7563787133042 936.410657386167 906.9445263872412 909.7939877840308
906.9445263872412 909.7939877840308 1091.4718770878478 872.5372025425665
1091.4718770878478 872.5372025425665 1247.8348993175327 806.9947020975123
1247.8348993175327 806.9947020975123 1319.3939866436551 713.087495544725
1900.5568263276741 192.0264617030597 1923.30013416403 119.09519418375962
1923.30013416403 119.09519418375962 1944.7453002990353 46.94126849077943
1944.7453002990353 46.94126849077943 1858.5120964267312 19.976529004548546
1858.5120964267312 19.976529004548546 1775.9651585952156 0.0
1775.9651585952156 0.0 1710.4631775089747 20.200644317716822
1710.4631775089747 20.200644317716822 1640.0657304699441 30.50632797961943
1640.0657304699441 30.50632797961943 1585.5935678865603 78.26033959780605
1585.5935678865603 78.26033959780605 1539.069842275962 124.40633604340388
1539.069842275962 124.40633604340388 1498.1708653302508 179.04850904545657
1498.1708653302508 179.04850904545657 1461.2836214005265 233.0030547536971
1461.2836214005265 233.0030547536971 1449.538020685361 277.0242109962743
1449.538020685361 277.0242109962743 1426.3939866436551 317.3776897596632
1426.3939866436551 317.3776897596632 1496.068948942001 338.43615541115406
1496.068948942001 338.43615541115406 1573.626443120522 354.7806563157517
1573.626443120522 354.7806563157517 1624.7385594715643 352.5202896726415
1624.7385594715643 352.5202896726415 1686.7054325795284 359.69920053080375
1686.7054325795284 359.69920053080375 1751.5821511188053 333.8967119137053
1751.5821511188053 333.8967119137053 1822.807096178666 311.62247657919477
1822.807096178666 311.62247657919477 1861.0558028151736 249.09988669417186
1861.0558028151736 249.09988669417186 1900.5568263276741 192.0264617030597
2543.4779803105685 1343.8236332627193 2750.586476892112 1192.6772162291313
2750.586476892112 1192.6772162291313 2808.360353380563 1007.1470204721805
2808.360353380563 1007.1470204721805 2844.5742700516503 826.9020407686803
2844.5742700516503 826.9020407686803 2862.5984298137532 647.7253832479817
2862.5984298137532 647.7253832479817 2861.2397067081947 483.20894179438926
2861.2397067081947 483.20894179438926 2846.9047665710395 367.96144583621435
2846.9047665710395 367.96144583621435 2839.3464393083955 212.0457899341011
2839.3464393083955 212.0457899341011 2816.253160424396 0.0
2816.253160424396 0.0 2681.5133071573964 1.1033645672732746
2681.5133071573964 1.1033645672732746 2553.4597185105076 11.291209271855223
2553.4597185105076 11.291209271855223 2434.2023813178644 230.89427691732863
2434.2023813178644 230.89427691732863 2347.290907629325 356.5246904716196
2347.290907629325 356.5246904716196 2286.897388349472 474.53490890105195
2286.897388349472 474.53490890105195 2217.8274939269368 661.1363276536591
2217.8274939269368 661.1363276536591 2105.745300299035 1020.1353703581325
2105.745300299035 1020.1353703581325 2225.6008647580757 1235.5911870468672
2225.6008647580757 1235.5911870468672 2277.2210151850686 1388.3646317601301
2277.2210151850686 1388.3646317601301 2310.759200352759 1589.2120449326285
2310.759200352759 1589.2120449326285 2318.485017713129 1728.4265256139156
2318.485017713129 1728.4265256139156 2324.287547518644 2009.1447738234588
2324.287547518644 2009.1447738234588 2388.2818790256665 1897.8088998593357
2388.2818790256665 1897.8088998593357 2440.9107272362007 1675.0523691294773
2440.9107272362007 1675.0523691294773 2489.8457423212626 1522.255327229867
2489.8457423212626 1522.255327229867 2543.4779803105685 1343.8236332627193
3445.761269497772 192.0264617030597 3468.5045773341276 119.09519418375962
3468.5045773341276 119.09519418375962 3489.949743469133 46.94126849077943
3489.949743469133 46.94126849077943 3403.716539596829 19.976529004548546
3403.716539596829 19.976529004548546 3321.1696017653135 0.0
3321.1696017653135 0.0 3255.6676206790726 20.200644317716822
3255.6676206790726 20.200644317716822 3185.270173640042 30.50632797961943
3185.270173640042 30.50632797961943 3130.798011056658 78.26033959780605
3130.798011056658 78.26033959780605 3084.27428544606 124.40633604340388
3084.27428544606 124.40633604340388 3043.3753085003486 179.04850904545657
3043.3753085003486 179.04850904545657 3006.4880645706244 233.0030547536971
3006.4880645706244 233.0030547536971 2994.742463855459 277.0242109962743
2994.742463855459 277.0242109962743 2971.598429813753 317.3776897596632
2971.598429813753 317.3776897596632 3041.273392112099 338.43615541115406
3041.273392112099 338.43615541115406 3118.8308862906197 354.7806563157517
3118.8308862906197 354.7806563157517 3169.943002641662 352.5202896726415
3169.943002641662 352.5202896726415 3231.9098757496263 359.69920053080375
3231.9098757496263 359.69920053080375 3296.786594288903 333.8967119137053
3296.786594288903 333.8967119137053 3368.0115393487636 311.62247657919477
3368.0115393487636 311.62247657919477 3406.2602459852715 249.09988669417186
3406.2602459852715 249.09988669417186 3445.761269497772 192.0264617030597
4628.837155830302 550.7692569435886 4573.238343255831 323.3292539633215
4573.238343255831 323.3292539633215 4604.515961272329 172.05561051189392
4604.515961272329 172.05561051189392 4756.090169534877 0.0
4756.090169534877 0.0 4439.771829600708 175.12922674717947
4439.771829600708 175.12922674717947 4271.167743182173 232.97949984119907
4271.167743182173 232.97949984119907 4126.2078793618075 279.8082070817067
4126.2078793618075 279.8082070817067 3800.3742960616305 348.59082770165287
3800.3742960616305 348.59082770165287 3592.949743469133 371.7211975093477
3592.949743469133 371.7211975093477 3603.99164516121 498.2362762576258
3603.99164516121 498.2362762576258 3752.1943258412166 507.59320692356795
3752.1943258412166 507.59320692356795 3918.887824404247 523.3107978984881
3918.887824404247 523.3107978984881 3988.3902111448097 642.7648865521404
3988.3902111448097 642.7648865521404 4195.501506083662 1524.7150499691147
4195.501506083662 1524.7150499691147 4359.792996000532 1500.2751991387017
4359.792996000532 1500.2751991387017 4205.066550403011 547.7320892208757
4205.066550403011 547.7320892208757 4329.239448115379 533.7126378648265
4329.239448115379 533.7126378648265 4467.749564090241 543.8360124643308
4467.749564090241 543.8360124643308 4628.837155830302 550.7692569435886
4853.090169534877 51.10365998441388 4917.0286641751645 252.43025834054964
4917.0286641751645 252.43025834054964 4960.543942531179 402.0789980028607
4960.543942531179 402.0789980028607 5026.124837521099 611.4727121231987
5026.124837521099 611.4727121231987 5044.33626870441 689.0691859748948
5044.33626870441 689.0691859748948 5064.819259944467 742.7754984944146
5064.819259944467 742.7754984944146 5092.938530609153 801.6620294475154
5092.938530609153 801.6620294475154 5109.427679777334 857.8166148337517
5109.427679777334 857.8166148337517 5134.747847851647 916.0995988407773
5134.747847851647 916.0995988407773 5174.289321844029 975.554928019007
5174.289321844029 975.554928019007 5201.02286356381 1041.499123618566
5201.02286356381 1041.499123618566 5256.550974277484 1098.734831769093
5256.550974277484 1098.734831769093 5301.082781425829 1176.2371284887918
5301.082781425829 1176.2371284887918 5348.029706743608 1228.240358195771
5348.029706743608 1228.240358195771 5400.18392769513 1284.1918007038319
5400.18392769513 1284.1918007038319 5417.758874472082 1117.4709325911444
5417.758874472082 1117.4709325911444 5421.5952767938215 940.4818878217011
5421.5952767938215 940.4818878217011 5374.614701027094 877.2320875509205
5374.614701027094 877.2320875509205 5321.8904619463865 811.3379006137952
5321.8904619463865 811.3379006137952 5286.28132874005 749.1615192493407
5286.28132874005 749.1615192493407 5255.13197343814 672.2647223112443
5255.13197343814 672.2647223112443 5210.585155757871 578.6928393435983
5210.585155757871 578.6928393435983 5194.761607667315 519.3272376142824
5194.761607667315 519.3272376142824 5168.326154093427 459.15862954477694
5168.326154093427 459.15862954477694 5145.017272708766 373.9702607472563
5145.017272708766 373.9702607472563 5111.874196564612 286.32641490813864
5111.874196564612 286.32641490813864 5071.56066161463 150.94320956894018
5071.56066161463 150.94320956894018 5022.819228767292 0.0
5022.819228767292 0.0 4939.212422633145 30.89950767753529
4939.212422633145 30.89950767753529 4853.090169534877 51.10365998441388
6603.482689154991 550.7692569435886 6547.883876580519 323.3292539633215
6547.883876580519 323.3292539633215 6579.161494597018 172.05561051189392
6579.161494597018 172.05561051189392 6730.735702859565 0.0
6730.735702859565 0.0 6414.417362925396 175.12922674717947
6414.417362925396 175.12922674717947 6245.813276506861 232.97949984119907
6245.813276506861 232.97949984119907 6100.853412686496 279.8082070817067
6100.853412686496 279.8082070817067 5775.0198293863195 348.59082770165287
5775.0198293863195 348.59082770165287 5567.5952767938215 371.7211975093477
5567.5952767938215 371.7211975093477 5578.637178485898 498.2362762576258
5578.637178485898 498.2362762576258 5726.839859165905 507.59320692356795
5726.839859165905 507.59320692356795 5893.533357728936 523.3107978984881
5893.533357728936 523.3107978984881 5963.035744469498 642.7648865521404
5963.035744469498 642.7648865521404 6170.147039408351 1524.7150499691147
6170.147039408351 1524.7150499691147 6334.438529325221 1500.2751991387017
6334.438529325221 1500.2751991387017 6179.7120837277 547.7320892208757
6179.7120837277 547.7320892208757 6303.884981440067 533.7126378648265
6303.884981440067 533.7126378648265 6442.395097414929 543.8360124643308
6442.395097414929 543.8360124643308 6603.482689154991 550.7692569435886
0.0 2207.2484338078725 63.938494640288205 2408.575032164008
63.938494640288205 2408.575032164008 107.45377299630212 2558.2237718263195
107.45377299630212 2558.2237718263195 173.03466798622284 2767.6174859466573
173.03466798622284 2767.6174859466573 191.24609916953406 2845.2139597983532
191.24609916953406 2845.2139597983532 211.7290904095908 2898.9202723178732
211.7290904095908 2898.9202723178732 239.84836107427657 2957.806803270974
239.84836107427657 2957.806803270974 256.3375102424574 3013.96138865721
256.3375102424574 3013.96138865721 281.65767831677016 3072.244372664236
281.65767831677016 3072.244372664236 321.19915230915245 3131.6997018424654
321.19915230915245 3131.6997018424654 347.9326940289333 3197.6438974420244
347.9326940289333 3197.6438974420244 403.46080474260725 3254.8796055925513
403.46080474260725 3254.8796055925513 447.9926118909527 3332.3819023122505
447.9926118909527 3332.3819023122505 494.9395372087318 3384.38513201923
494.9395372087318 3384.38513201923 547.0937581602532 3440.3365745272904
547.0937581602532 3440.3365745272904 564.668704937206 3273.6157064146028
564.668704937206 3273.6157064146028 568.5051072589453 3096.6266616451594
568.5051072589453 3096.6266616451594 521.5245314922179 3033.376861374379
521.5245314922179 3033.376861374379 468.80029241151 2967.482674437254
468.80029241151 2967.482674437254 433.1911592051741 2905.3062930727992
433.1911592051741 2905.3062930727992 402.04180390326394 2828.4094961347027
402.04180390326394 2828.4094961347027 357.4949862229942 2734.8376131670566
357.4949862229942 2734.8376131670566 341.6714381324386 2675.472011437741
341.6714381324386 2675.472011437741 315.23598455855125 2615.3034033682356
315.23598455855125 2615.3034033682356 291.9271031738894 2530.1150345707147
291.9271031738894 2530.1150345707147 258.7840270297358 2442.471188731597
258.7840270297358 2442.471188731597 218.47049207975297 2307.0879833923987
218.47049207975297 2307.0879833923987 169.72905923241575 2156.1447738234588
169.72905923241575 2156.1447738234588 86.12225309826889 2187.0442815009937
86.12225309826889 2187.0442815009937 0.0 2207.2484338078725
1780.6602187791984 2792.1316207146365 1796.2861473810256 2734.431489196424
1796.2861473810256 2734.431489196424 1828.7882903257291 2675.68416152773
1828.7882903257291 2675.68416152773 1855.5359161049773 2590.540566183521
1855.5359161049773 2590.540566183521 1889.0903555128227 2519.139226102226
1889.0903555128227 2519.139226102226 1923.9669016994585 2440.3361117642303
1923.9669016994585 2440.3361117642303 1954.7105302763 2356.5278500114564
1954.7105302763 2356.5278500114564 2036.924003740257 2205.514997164437
2036.924003740257 2205.514997164437 1954.700303809545 2176.9941069185365
1954.700303809545 2176.9941069185365 1877.051912920611 2156.1447738234583
1877.051912920611 2156.1447738234583 1804.1653737551085 2164.792852289689
1804.1653737551085 2164.792852289689 1729.4125310174795 2183.351301063758
1729.4125310174795 2183.351301063758 1666.7735114450284 2183.2434670792527
1666.7735114450284 2183.2434670792527 1615.1032184661924 2187.817905047126
1615.1032184661924 2187.817905047126 1537.4939539647335 2185.067570624622
1537.4939539647335 2185.067570624622 1466.3791186948163 2175.371768682836
1466.3791186948163 2175.371768682836 1384.4517369508856 2170.7082109642815
1384.4517369508856 2170.7082109642815 1294.6180440308322 2167.351177637648
1294.6180440308322 2167.351177637648 1234.8651908929369 2170.4309725052735
1234.8651908929369 2170.4309725052735 1166.7388650660475 2164.3299314669684
1166.7388650660475 2164.3299314669684 1087.936041313326 2176.060937593201
1087.936041313326 2176.060937593201 1001.1465145848332 2175.6280837793047
1001.1465145848332 2175.6280837793047 918.8200836008887 2192.231544745601
918.8200836008887 2192.231544745601 830.7812850147511 2208.573360467991
830.7812850147511 2208.573360467991 811.0484415849153 2315.157017213329
811.0484415849153 2315.157017213329 783.791775042184 2428.9185220548197
783.791775042184 2428.9185220548197 756.9948022057658 2475.2725943327346
756.9948022057658 2475.2725943327346 738.5103725393767 2520.3708802961155
738.5103725393767 2520.3708802961155 708.9372807853233 2579.7366526102646
708.9372807853233 2579.7366526102646 677.5051072589454 2631.8322849881856
677.5051072589454 2631.8322849881856 737.8428943020456 2703.267164208155
737.8428943020456 2703.267164208155 793.1619439509246 2767.196330536349
793.1619439509246 2767.196330536349 851.5051709679586 2820.6600848089274
851.5051709679586 2820.6600848089274 907.377703018487 2875.1186111535153
907.377703018487 2875.1186111535153 963.3488872343902 2919.589699895305
963.3488872343902 2919.589699895305 1013.1174869543994 2963.6999785828134
1013.1174869543994 2963.6999785828134 1078.8281451228477 3016.3250235019786
1078.8281451228477 3016.3250235019786 1144.237409208166 3061.9018622436233
1144.237409208166 3061.9018622436233 1197.9365488877625 3108.6339988670616
1197.9365488877625 3108.6339988670616 1307.5166967408095 3183.78947535319
1307.5166967408095 3183.78947535319 1356.060782547709 3227.2534138567053
1356.060782547709 3227.2534138567053 1399.6989236383647 3288.9459984895097
1399.6989236383647 3288.9459984895097 1446.8025520194888 3344.0183216001005
1446.8025520194888 3344.0183216001005 1524.5407474911258 3378.425629520295
1524.5407474911258 3378.425629520295 1599.4512432777624 3407.6686122824144
1599.4512432777624 3407.6686122824144 1614.9995848995143 3314.1849261535067
1614.9995848995143 3314.1849261535067 1661.8013162795157 3155.341011680591
1661.8013162795157 3155.341011680591 1678.3146990490873 3076.9298047487587
1678.3146990490873 3076.9298047487587 1733.5287702325927 2912.7371917326245
1733.5287702325927 2912.7371917326245 1756.164227727841 2850.901975679246
1756.164227727841 2850.901975679246 1780.6602187791984 2792.1316207146365
3145.241271973878 2733.021995488682 3250.8218689406685 2787.179268917161
3250.8218689406685 2787.179268917161 3406.5941650068376 2673.9318669222093
3406.5941650068376 2673.9318669222093 3307.8909910048687 2560.125941350847
3307.8909910048687 2560.125941350847 3225.2879108808766 2462.778018755027
3225.2879108808766 2462.778018755027 3122.6453094101794 2358.4018435262487
3122.6453094101794 2358.4018435262487 3049.3125047035655 2277.9453128070636
3049.3125047035655 2277.9453128070636 2903.5502885415963 2156.1447738234588
2903.5502885415963 2156.1447738234588 2757.756202291452 2270.1167273709284
2757.756202291452 2270.1167273709284 2704.169211088864 2397.1761372870806
2704.169211088864 2397.1761372870806 2156.924003740257 2629.182570707102
2156.924003740257 2629.182570707102 2217.7769946477 2780.52226867576
2217.7769946477 2780.52226867576 2730.46877351832 2583.081573707261
2730.46877351832 2583.081573707261 2880.8427201832237 2597.1750434114883
2880.8427201832237 2597.1750434114883 3012.196400068827 2663.2841473001613
3012.196400068827 2663.2841473001613 3145.241271973878 2733.021995488682
4548.911433240459 2733.021995488682 4654.49203020725 2787.179268917161
4654.49203020725 2787.179268917161 4810.264326273418 2673.9318669222093
4810.264326273418 2673.9318669222093 4711.56115227145 2560.125941350847
4711.56115227145 2560.125941350847 4628.958072147458 2462.778018755027
4628.958072147458 2462.778018755027 4526.315470676761 2358.4018435262487
4526.315470676761 2358.4018435262487 4452.982665970147 2277.9453128070636
4452.982665970147 2277.9453128070636 4307.220449808177 2156.1447738234588
4307.220449808177 2156.1447738234588 4161.426363558033 2270.1167273709284
4161.426363558033 2270.1167273709284 4107.839372355445 2397.1761372870806
4107.839372355445 2397.1761372870806 3560.594165006838 2629.182570707102
3560.594165006838 2629.182570707102 3621.447155914281 2780.52226867576
3621.447155914281 2780.52226867576 4134.138934784902 2583.081573707261
4134.138934784902 2583.081573707261 4284.512881449805 2597.1750434114883
4284.512881449805 2597.1750434114883 4415.866561335409 2663.2841473001613
4415.866561335409 2663.2841473001613 4548.911433240459 2733.021995488682
6006.581594507039 2733.021995488682 6112.16219147383 2787.179268917161
6112.16219147383 2787.179268917161 6267.934487539998 2673.9318669222093
6267.934487539998 2673.9318669222093 6169.23131353803 2560.125941350847
6169.23131353803 2560.125941350847 6086.628233414038 2462.778018755027
6086.628233414038 2462.778018755027 5983.985631943341 2358.4018435262487
5983.985631943341 2358.4018435262487 5910.652827236727 2277.9453128070636
5910.652827236727 2277.9453128070636 5764.8906110747575 2156.1447738234588
5764.8906110747575 2156.1447738234588 5619.096524824613 2270.1167273709284
5619.096524824613 2270.1167273709284 5565.509533622026 2397.1761372870806
5565.509533622026 2397.1761372870806 5018.264326273418 2629.182570707102
5018.264326273418 2629.182570707102 5079.117317180861 2780.52226867576
5079.117317180861 2780.52226867576 5591.809096051482 2583.081573707261
5591.809096051482 2583.081573707261 5742.183042716385 2597.1750434114883
5742.183042716385 2597.1750434114883 5873.536722601989 2663.2841473001613
5873.536722601989 2663.2841473001613 6006.581594507039 2733.021995488682
0.0 3664.440234511704 63.938494640288205 3865.7668328678396
63.938494640288205 3865.7668328678396 107.45377299630212 4015.4155725301507
107.45377299630212 4015.4155725301507 173.03466798622284 4224.8092866504885
173.03466798622284 4224.8092866504885 191.24609916953406 4302.405760502185
191.24609916953406 4302.405760502185 211.7290904095908 4356.112073021704
211.7290904095908 4356.112073021704 239.84836107427657 4414.9986039748055
239.84836107427657 4414.9986039748055 256.3375102424574 4471.153189361042
256.3375102424574 4471.153189361042 281.65767831677016 4529.436173368067
281.65767831677016 4529.436173368067 321.19915230915245 4588.8915025462975
321.19915230915245 4588.8915025462975 347.9326940289333 4654.835698145856
347.9326940289333 4654.835698145856 403.46080474260725 4712.071406296383
403.46080474260725 4712.071406296383 447.9926118909527 4789.573703016082
447.9926118909527 4789.573703016082 494.9395372087318 4841.576932723061
494.9395372087318 4841.576932723061 547.0937581602532 4897.5283752311225
547.0937581602532 4897.5283752311225 564.668704937206 4730.807507118435
564.668704937206 4730.807507118435 568.5051072589453 4553.8184623489915
568.5051072589453 4553.8184623489915 521.5245314922179 4490.568662078211
521.5245314922179 4490.568662078211 468.80029241151 4424.674475141085
468.80029241151 4424.674475141085 433.1911592051741 4362.49809377663
433.1911592051741 4362.49809377663 402.04180390326394 4285.601296838535
402.04180390326394 4285.601296838535 357.4949862229942 4192.029413870889
357.4949862229942 4192.029413870889 341.6714381324386 4132.663812141573
341.6714381324386 4132.663812141573 315.23598455855125 4072.4952040720673
315.23598455855125 4072.4952040720673 291.9271031738894 3987.3068352745468
291.9271031738894 3987.3068352745468 258.7840270297358 3899.6629894354287
258.7840270297358 3899.6629894354287 218.47049207975297 3764.2797840962303
218.47049207975297 3764.2797840962303 169.72905923241575 3613.3365745272904
169.72905923241575 3613.3365745272904 86.12225309826889 3644.2360822048254
86.12225309826889 3644.2360822048254 0.0 3664.440234511704
726.5051072589453 3664.440234511704 790.4436018992334 3865.7668328678396
790.4436018992334 3865.7668328678396 833.9588802552473 4015.4155725301507
833.9588802552473 4015.4155725301507 899.539775245168 4224.8092866504885
899.539775245168 4224.8092866504885 917.7512064284792 4302.405760502185
917.7512064284792 4302.405760502185 938.234197668536 4356.112073021704
938.234197668536 4356.112073021704 966.3534683332218 4414.9986039748055
966.3534683332218 4414.9986039748055 982.8426175014026 4471.153189361042
982.8426175014026 4471.153189361042 1008.1627855757154 4529.436173368067
1008.1627855757154 4529.436173368067 1047.7042595680978 4588.8915025462975
1047.7042595680978 4588.8915025462975 1074.4378012878785 4654.835698145856
1074.4378012878785 4654.835698145856 1129.9659120015524 4712.071406296383
1129.9659120015524 4712.071406296383 1174.4977191498979 4789.573703016082
1174.4977191498979 4789.573703016082 1221.4446444676769 4841.576932723061
1221.4446444676769 4841.576932723061 1273.5988654191983 4897.5283752311225
1273.5988654191983 4897.5283752311225 1291.1738121961512 4730.807507118435
1291.1738121961512 4730.807507118435 1295.0102145178905 4553.8184623489915
1295.0102145178905 4553.8184623489915 1248.029638751163 4490.568662078211
1248.029638751163 4490.568662078211 1195.3053996704552 4424.674475141085
1195.3053996704552 4424.674475141085 1159.6962664641192 4362.49809377663
1159.6962664641192 4362.49809377663 1128.5469111622092 4285.601296838535
1128.5469111622092 4285.601296838535 1084.0000934819395 4192.029413870889
1084.0000934819395 4192.029413870889 1068.1765453913838 4132.663812141573
1068.1765453913838 4132.663812141573 1041.7410918174965 4072.4952040720673
1041.7410918174965 4072.4952040720673 1018.4322104328346 3987.3068352745468
1018.4322104328346 3987.3068352745468 985.289134288681 3899.6629894354287
985.289134288681 3899.6629894354287 944.9755993386982 3764.2797840962303
944.9755993386982 3764.2797840962303 896.234166491361 3613.3365745272904
896.234166491361 3613.3365745272904 812.6273603572141 3644.2360822048254
812.6273603572141 3644.2360822048254 726.5051072589453 3664.440234511704
2800.4042011615456 4326.424070072016 2232.223537315813 3613.336574527291
2232.223537315813 3613.336574527291 2124.9523011662563 3665.298148693641
2124.9523011662563 3665.298148693641 2031.2943959216368 3811.45766246156
2031.2943959216368 3811.45766246156 1946.957442115062 3980.336027517732
1946.957442115062 3980.336027517732 1897.8656608965525 4084.564828743496
1897.8656608965525 4084.564828743496 1847.842864371219 4205.909199608015
1847.842864371219 4205.909199608015 1793.0169583581398 4303.472255812657
1793.0169583581398 4303.472255812657 1739.6260049991638 4382.948675748148
1739.6260049991638 4382.948675748148 1650.0151209399407 4443.615523138006
1650.0151209399407 4443.615523138006 1481.0102145178905 4523.525124730326
1481.0102145178905 4523.525124730326 1565.9723159598711 4607.724897145598
1565.9723159598711 4607.724897145598 1630.5354431586502 4679.127747386866
1630.5354431586502 4679.127747386866 1685.9712248721016 4756.963390060555
1685.9712248721016 4756.963390060555 1757.5232100051087 4866.047775600444
1757.5232100051087 4866.047775600444 1873.1494563185552 4718.81590580008
1873.1494563185552 4718.81590580008 1944.3835736768265 4651.714515487001
1944.3835736768265 4651.714515487001 2031.6799793705645 4606.793400223034
2031.6799793705645 4606.793400223034 2145.251833359778 4573.667217442667
2145.251833359778 4573.667217442667 2266.7665932311947 4549.747231913458
2266.7665932311947 4549.747231913458 2387.954740905132 4523.130562311321
2387.954740905132 4523.130562311321 2572.4820916057383 4485.873777069857
2572.4820916057383 4485.873777069857 2728.845113835423 4420.331276624803
2728.845113835423 4420.331276624803 2800.4042011615456 4326.424070072016
2999.785268003468 3765.8406093087956 3018.0273383567073 3923.0369352359967
3018.0273383567073 3923.0369352359967 2992.4042011615456 4341.3511452816665
2992.4042011615456 4341.3511452816665 2999.331715185736 4480.477250031009
2999.331715185736 4480.477250031009 3004.911061230986 4672.570808227804
3004.911061230986 4672.570808227804 3186.731954422794 4763.282361213972
3186.731954422794 4763.282361213972 3269.9223047037895 4837.495908711495
3269.9223047037895 4837.495908711495 3367.8441206624407 4961.9661593890105
3367.8441206624407 4961.9661593890105 3418.6746655159454 5060.900839480375
3418.6746655159454 5060.900839480375 3451.138133868355 5223.74813254737
3451.138133868355 5223.74813254737 3465.3662712608434 5343.495666458014
3465.3662712608434 5343.495666458014 3479.5187370087738 5489.565972153914
3479.5187370087738 5489.565972153914 3594.5072287093494 5442.855484908685
3594.5072287093494 5442.855484908685 3721.886473422121 5406.216992521931
3721.886473422121 5406.216992521931 3847.9001065320494 5383.811632508072
3847.9001065320494 5383.811632508072 3969.1910809952115 5381.190762774841
3969.1910809952115 5381.190762774841 3909.6307412933875 5238.474404680821
3909.6307412933875 5238.474404680821 3871.723451486466 5124.4568204856605
3871.723451486466 5124.4568204856605 3838.5423680172685 4965.198243282872
3838.5423680172685 4965.198243282872 3842.3110097464896 4854.269210134022
3842.3110097464896 4854.269210134022 3874.777583043644 4703.741461847453
3874.777583043644 4703.741461847453 3916.7773054880513 4598.064921905901
3916.7773054880513 4598.064921905901 4038.609253588518 4433.729023595193
4038.609253588518 4433.729023595193 3962.954268705854 4261.942354494861
3962.954268705854 4261.942354494861 3902.543883952026 4135.836445716708
3902.543883952026 4135.836445716708 3835.5555542090165 4023.280196947675
3835.5555542090165 4023.280196947675 3751.0574388306186 3860.900755070574
3751.0574388306186 3860.900755070574 3696.899388949259 3765.299710953621
3696.899388949259 3765.299710953621 3646.0050743528964 3613.3365745272904
3646.0050743528964 3613.3365745272904 2999.785268003468 3765.8406093087956
5161.926521822139 4190.213796192514 5267.50711878893 4244.371069620993
5267.50711878893 4244.371069620993 5423.279414855098 4131.123667626041
5423.279414855098 4131.123667626041 5324.57624085313 4017.3177420546785
5324.57624085313 4017.3177420546785 5241.973160729138 3919.9698194588586
5241.973160729138 3919.9698194588586 5139.330559258441 3815.5936442300804
5139.330559258441 3815.5936442300804 5065.997754551827 3735.1371135108952
5065.997754551827 3735.1371135108952 4920.2355383898575 3613.3365745272904
4920.2355383898575 3613.3365745272904 4774.441452139713 3727.30852807476
4774.441452139713 3727.30852807476 4720.854460937126 3854.367937990912
4720.854460937126 3854.367937990912 4173.609253588518 4086.3743714109337
4173.609253588518 4086.3743714109337 4234.462244495961 4237.714069379592
4234.462244495961 4237.714069379592 4747.154023366582 4040.273374411093
4747.154023366582 4040.273374411093 4897.527970031485 4054.36684411532
4897.527970031485 4054.36684411532 5028.881649917089 4120.475948003993
5028.881649917089 4120.475948003993 5161.926521822139 4190.213796192514
5960.012094866632 4957.16020779001 6167.120591448175 4806.013790756421
6167.120591448175 4806.013790756421 6224.894467936627 4620.483594999471
6224.894467936627 4620.483594999471 6261.108384607714 4440.238615295971
6261.108384607714 4440.238615295971 6279.132544369817 4261.061957775272
6279.132544369817 4261.061957775272 6277.773821264258 4096.545516321679
6277.773821264258 4096.545516321679 6263.438881127103 3981.2980203635047
6263.438881127103 3981.2980203635047 6255.880553864458 3825.3823644613913
6255.880553864458 3825.3823644613913 6232.787274980459 3613.3365745272904
6232.787274980459 3613.3365745272904 6098.04742171346 3614.4399390945637
6098.04742171346 3614.4399390945637 5969.993833066571 3624.6277837991456
5969.993833066571 3624.6277837991456 5850.736495873928 3844.230851444619
5850.736495873928 3844.230851444619 5763.825022185389 3969.86126499891
5763.825022185389 3969.86126499891 5703.431502905535 4087.8714834283423
5703.431502905535 4087.8714834283423 5634.361608483 4274.47290218095
5634.361608483 4274.47290218095 5522.279414855098 4633.471944885423
5522.279414855098 4633.471944885423 5642.134979314139 4848.927761574158
5642.134979314139 4848.927761574158 5693.755129741132 5001.70120628742
5693.755129741132 5001.70120628742 5727.293314908822 5202.548619459919
5727.293314908822 5202.548619459919 5735.019132269193 5341.7631001412055
5735.019132269193 5341.7631001412055 5740.821662074707 5622.48134835075
5740.821662074707 5622.48134835075 5804.81599358173 5511.145474386626
5804.81599358173 5511.145474386626 5857.444841792264 5288.388943656768
5857.444841792264 5288.388943656768 5906.379856877326 5135.591901757158
5906.379856877326 5135.591901757158 5960.012094866632 4957.16020779001
1103.155111520253 6451.468195241928 1118.7810401220802 6393.768063723715
1118.7810401220802 6393.768063723715 1151.2831830667837 6335.020736055021
1151.2831830667837 6335.020736055021 1178.030808846032 6249.8771407108125
1178.030808846032 6249.8771407108125 1211.5852482538774 6178.475800629517
1211.5852482538774 6178.475800629517 1246.4617944405131 6099.672686291521
1246.4617944405131 6099.672686291521 1277.2054230173546 6015.864424538748
1277.2054230173546 6015.864424538748 1359.4188964813115 5864.851571691728
1359.4188964813115 5864.851571691728 1277.1951965505996 5836.330681445828
1277.1951965505996 5836.330681445828 1199.5468056616655 5815.48134835075
1199.5468056616655 5815.48134835075 1126.660266496163 5824.12942681698
1126.660266496163 5824.12942681698 1051.9074237585342 5842.687875591049
1051.9074237585342 5842.687875591049 989.2684041860829 5842.580041606544
989.2684041860829 5842.580041606544 937.598111207247 5847.154479574418
937.598111207247 5847.154479574418 859.988846705788 5844.404145151913
859.988846705788 5844.404145151913 788.8740114358709 5834.708343210127
788.8740114358709 5834.708343210127 706.9466296919402 5830.044785491573
706.9466296919402 5830.044785491573 617.1129367718868 5826.687752164939
617.1129367718868 5826.687752164939 557.3600836339916 5829.767547032565
557.3600836339916 5829.767547032565 489.23375780710217 5823.66650599426
489.23375780710217 5823.66650599426 410.4309340543807 5835.397512120492
410.4309340543807 5835.397512120492 323.6414073258878 5834.964658306596
323.6414073258878 5834.964658306596 241.3149763419433 5851.568119272892
241.3149763419433 5851.568119272892 153.27617775580575 5867.909934995282
153.27617775580575 5867.909934995282 133.5433343259699 5974.49359174062
133.5433343259699 5974.49359174062 106.28666778323861 6088.255096582111
106.28666778323861 6088.255096582111 79.48969494682046 6134.609168860026
79.48969494682046 6134.609168860026 61.00526528043133 6179.707454823407
61.00526528043133 6179.707454823407 31.432173526377937 6239.073227137556
31.432173526377937 6239.073227137556 0.0 6291.1688595154765
0.0 6291.1688595154765 60.33778704310021 6362.603738735446
60.33778704310021 6362.603738735446 115.65683669197927 6426.53290506364
115.65683669197927 6426.53290506364 174.00006370901326 6479.996659336219
174.00006370901326 6479.996659336219 229.87259575954158 6534.455185680807
229.87259575954158 6534.455185680807 285.8437799754448 6578.926274422596
285.8437799754448 6578.926274422596 335.612379695454 6623.036553110105
335.612379695454 6623.036553110105 401.3230378639023 6675.66159802927
401.3230378639023 6675.66159802927 466.7323019492204 6721.238436770915
466.7323019492204 6721.238436770915 520.4314416288171 6767.970573394353
520.4314416288171 6767.970573394353 630.0115894818641 6843.126049880481
630.0115894818641 6843.126049880481 678.5556752887638 6886.589988383997
678.5556752887638 6886.589988383997 722.1938163794193 6948.282573016801
722.1938163794193 6948.282573016801 769.2974447605434 7003.354896127392
769.2974447605434 7003.354896127392 847.0356402321805 7037.762204047586
847.0356402321805 7037.762204047586 921.946136018817 7067.005186809705
921.946136018817 7067.005186809705 937.4944776405689 6973.521500680798
937.4944776405689 6973.521500680798 984.2962090205702 6814.677586207882
984.2962090205702 6814.677586207882 1000.8095917901419 6736.26637927605
1000.8095917901419 6736.26637927605 1056.0236629736473 6572.073766259916
1056.0236629736473 6572.073766259916 1078.6591204688957 6510.238550206537
1078.6591204688957 6510.238550206537 1103.155111520253 6451.468195241928
2446.7361647149332 6392.358570015973 2552.3167616817236 6446.515843444452
2552.3167616817236 6446.515843444452 2708.0890577478926 6333.268441449501
2708.0890577478926 6333.268441449501 2609.385883745924 6219.462515878138
2609.385883745924 6219.462515878138 2526.7828036219316 6122.114593282318
2526.7828036219316 6122.114593282318 2424.1402021512345 6017.738418053539
2424.1402021512345 6017.738418053539 2350.8073974446206 5937.281887334354
2350.8073974446206 5937.281887334354 2205.0451812826514 5815.48134835075
2205.0451812826514 5815.48134835075 2059.2510950325072 5929.453301898219
2059.2510950325072 5929.453301898219 2005.664103829919 6056.512711814371
2005.664103829919 6056.512711814371 1458.4188964813118 6288.519145234392
1458.4188964813118 6288.519145234392 1519.271887388755 6439.858843203051
1519.271887388755 6439.858843203051 2031.9636662593753 6242.418148234552
2031.9636662593753 6242.418148234552 2182.337612924279 6256.511617938779
2182.337612924279 6256.511617938779 2313.6912928098823 6322.620721827452
2313.6912928098823 6322.620721827452 2446.7361647149332 6392.358570015973
3382.2518974319114 6007.507810053809 3404.995205268267 5934.576542534509
3404.995205268267 5934.576542534509 3426.4403714032724 5862.422616841529
3426.4403714032724 5862.422616841529 3340.2071675309685 5835.457877355298
3340.2071675309685 5835.457877355298 3257.660229699453 5815.48134835075
3257.660229699453 5815.48134835075 3192.158248613212 5835.681992668467
3192.158248613212 5835.681992668467 3121.760801574181 5845.987676330369
3121.760801574181 5845.987676330369 3067.2886389907976 5893.741687948555
3067.2886389907976 5893.741687948555 3020.7649133801992 5939.887684394153
3020.7649133801992 5939.887684394153 2979.865936434488 5994.529857396205
2979.865936434488 5994.529857396205 2942.978692504764 6048.484403104447
2942.978692504764 6048.484403104447 2931.2330917895983 6092.505559347023
2931.2330917895983 6092.505559347023 2908.089057747892 6132.859038110412
2908.089057747892 6132.859038110412 2977.7640200462383 6153.917503761903
2977.7640200462383 6153.917503761903 3055.321514224759 6170.262004666501
3055.321514224759 6170.262004666501 3106.4336305758015 6168.001638023391
3106.4336305758015 6168.001638023391 3168.4005036837657 6175.1805488815535
3168.4005036837657 6175.1805488815535 3233.2772222230424 6149.378060264455
3233.2772222230424 6149.378060264455 3304.502167282903 6127.1038249299445
3304.502167282903 6127.1038249299445 3342.750873919411 6064.581235044921
3342.750873919411 6064.581235044921 3382.2518974319114 6007.507810053809
4609.327783764442 6366.250605294338 4553.72897118997 6138.810602314071
4553.72897118997 6138.810602314071 4585.006589206469 5987.536958862644
4585.006589206469 5987.536958862644 4736.580797469016 5815.48134835075
4736.580797469016 5815.48134835075 4420.262457534847 5990.610575097929
4420.262457534847 5990.610575097929 4251.658371116312 6048.460848191949
4251.658371116312 6048.460848191949 4106.698507295947 6095.289555432456
4106.698507295947 6095.289555432456 3780.86492399577 6164.072176052402
3780.86492399577 6164.072176052402 3573.4403714032724 6187.202545860097
3573.4403714032724 6187.202545860097 3584.4822730953492 6313.717624608375
3584.4822730953492 6313.717624608375 3732.684953775356 6323.074555274317
3732.684953775356 6323.074555274317 3899.3784523383865 6338.792146249238
3899.3784523383865 6338.792146249238 3968.880839078949 6458.24623490289
3968.880839078949 6458.24623490289 4175.992134017802 7340.196398319864
4175.992134017802 7340.196398319864 4340.283623934672 7315.756547489451
4340.283623934672 7315.756547489451 4185.557178337151 6363.213437571625
4185.557178337151 6363.213437571625 4309.730076049518 6349.193986215576
4309.730076049518 6349.193986215576 4448.24019202438 6359.31736081508
4448.24019202438 6359.31736081508 4609.327783764442 6366.250605294338
4846.961864310938 5967.985383132255 4865.203934664178 6125.181709059456
4865.203934664178 6125.181709059456 4839.580797469016 6543.495919105127
4839.580797469016 6543.495919105127 4846.508311493207 6682.622023854468
4846.508311493207 6682.622023854468 4852.087657538456 6874.7155820512635
4852.087657538456 6874.7155820512635 5033.908550730264 6965.427135037431
5033.908550730264 6965.427135037431 5117.09890101126 7039.640682534954
5117.09890101126 7039.640682534954 5215.020716969911 7164.110933212471
5215.020716969911 7164.110933212471 5265.851261823415 7263.045613303835
5265.851261823415 7263.045613303835 5298.314730175825 7425.892906370829
5298.314730175825 7425.892906370829 5312.542867568314 7545.640440281473
5312.542867568314 7545.640440281473 5326.695333316244 7691.710745977373
5326.695333316244 7691.710745977373 5441.68382501682 7645.000258732145
5441.68382501682 7645.000258732145 5569.063069729592 7608.3617663453915
5569.063069729592 7608.3617663453915 5695.07670283952 7585.956406331532
5695.07670283952 7585.956406331532 5816.367677302682 7583.335536598301
5816.367677302682 7583.335536598301 5756.807337600858 7440.619178504281
5756.807337600858 7440.619178504281 5718.900047793936 7326.601594309121
5718.900047793936 7326.601594309121 5685.718964324738 7167.343017106331
5685.718964324738 7167.343017106331 5689.48760605396 7056.413983957482
5689.48760605396 7056.413983957482 5721.954179351114 6905.886235670913
5721.954179351114 6905.886235670913 5763.953901795522 6800.209695729362
5763.953901795522 6800.209695729362 5885.785849895989 6635.873797418653
5885.785849895989 6635.873797418653 5810.130865013324 6464.0871283183205
5810.130865013324 6464.0871283183205 5749.720480259497 6337.981219540168
5749.720480259497 6337.981219540168 5682.732150516487 6225.424970771135
5682.732150516487 6225.424970771135 5598.234035138089 6063.045528894034
5598.234035138089 6063.045528894034 5544.07598525673 5967.444484777081
5544.07598525673 5967.444484777081 5493.181670660367 5815.48134835075
5493.181670660367 5815.48134835075 4846.961864310938 5967.985383132255
20.121959382428283 8478.589875868645 88.81376106463807 8460.633527932796
88.81376106463807 8460.633527932796 145.4766880092214 8443.648551895869
145.4766880092214 8443.648551895869 225.18370204636477 8405.791970437673
225.18370204636477 8405.791970437673 303.12233409032217 8375.693176123405
303.12233409032217 8375.693176123405 436.2336266533865 8313.70836540958
436.2336266533865 8313.70836540958 556.8902818119599 8262.24253384286
556.8902818119599 8262.24253384286 630.6661140711939 8229.53577076236
630.6661140711939 8229.53577076236 700.0788477418143 8202.488904698363
700.0788477418143 8202.488904698363 752.8530570239127 8184.220008353234
752.8530570239127 8184.220008353234 803.4979212773569 8162.678394900548
803.4979212773569 8162.678394900548 864.7936319921974 8140.844873391051
864.7936319921974 8140.844873391051 941.7167175289801 8118.178672106224
941.7167175289801 8118.178672106224 885.1200356382955 8043.777166393869
885.1200356382955 8043.777166393869 828.5532868002643 7965.317965389124
828.5532868002643 7965.317965389124 782.5305101614674 7865.224333664648
782.5305101614674 7865.224333664648 752.4430119692223 7771.710745977372
752.4430119692223 7771.710745977372 641.6868852653414 7815.655755426238
641.6868852653414 7815.655755426238 315.44057912826383 7933.19998484699
315.44057912826383 7933.19998484699 259.96050910371093 7947.916718316929
259.96050910371093 7947.916718316929 143.20628366228692 7966.280429670517
143.20628366228692 7966.280429670517 81.53710580379021 7965.326884847988
81.53710580379021 7965.326884847988 21.650563518566237 7968.505373826843
21.650563518566237 7968.505373826843 6.9768709175734145 8060.426359228899
6.9768709175734145 8060.426359228899 0.0 8151.375377861683
0.0 8151.375377861683 3.783251762998102 8229.382112526533
3.783251762998102 8229.382112526533 1.1064304045779636 8312.96945654511
1.1064304045779636 8312.96945654511 17.173990329737823 8395.865464443821
17.173990329737823 8395.865464443821 20.121959382428283 8478.589875868645
2161.6041298901496 8322.480002920962 2106.005317315678 8095.0399999406945
2106.005317315678 8095.0399999406945 2137.2829353321763 7943.766356489267
2137.2829353321763 7943.766356489267 2288.857143594723 7771.710745977373
2288.857143594723 7771.710745977373 1972.5388036605548 7946.839972724552
1972.5388036605548 7946.839972724552 1803.9347172420194 8004.690245818572
1803.9347172420194 8004.690245818572 1658.9748534216537 8051.51895305908
1658.9748534216537 8051.51895305908 1333.1412701214772 8120.301573679026
1333.1412701214772 8120.301573679026 1125.7167175289799 8143.431943486721
1125.7167175289799 8143.431943486721 1136.7586192210565 8269.947022235
1136.7586192210565 8269.947022235 1284.9612999010633 8279.303952900942
1284.9612999010633 8279.303952900942 1451.6547984640938 8295.02154387586
1451.6547984640938 8295.02154387586 1521.1571852046561 8414.475632529513
1521.1571852046561 8414.475632529513 1728.2684801435094 9296.425795946489
1728.2684801435094 9296.425795946489 1892.5599700603789 9271.985945116076
1892.5599700603789 9271.985945116076 1737.8335244628577 8319.44283519825
1737.8335244628577 8319.44283519825 1862.0064221752252 8305.4233838422
1862.0064221752252 8305.4233838422 2000.5165381500876 8315.546758441704
2000.5165381500876 8315.546758441704 2161.6041298901496 8322.480002920962
4078.1996955260574 8482.81201645026 4190.723212358705 8280.246824213813
4190.723212358705 8280.246824213813 4168.148876154856 8109.523753075168
4168.148876154856 8109.523753075168 4151.483232539679 7934.375564640438
4151.483232539679 7934.375564640438 3824.7034171575206 7976.293251975818
3824.7034171575206 7976.293251975818 3741.83374819263 7974.201660367739
3741.83374819263 7974.201660367739 3594.295560762078 7961.768488139936
3594.295560762078 7961.768488139936 3511.0241505708013 7953.181023029934
3511.0241505708013 7953.181023029934 3433.787413617835 7953.713540944229
3433.787413617835 7953.713540944229 3363.1009141872273 7937.540363773617
3363.1009141872273 7937.540363773617 3282.647206797828 7936.170511083655
3282.647206797828 7936.170511083655 3209.829484380835 7923.438950751642
3209.829484380835 7923.438950751642 3081.6321355907867 7910.745843351687
3081.6321355907867 7910.745843351687 2967.106761605208 7888.781230788929
2967.106761605208 7888.781230788929 2890.29958719945 7865.504528568579
2890.29958719945 7865.504528568579 2809.0083806290063 7845.175178787486
2809.0083806290063 7845.175178787486 2690.123582833789 7813.131869383039
2690.123582833789 7813.131869383039 2584.351804044599 7771.710745977372
2584.351804044599 7771.710745977372 2523.367635629739 7938.312409617676
2523.367635629739 7938.312409617676 2470.8571435947233 8107.018717298693
2470.8571435947233 8107.018717298693 2506.419610050564 8215.181447406141
2506.419610050564 8215.181447406141 2537.504982059979 8321.625488730695
2537.504982059979 8321.625488730695 2569.5555687011447 8387.762927832247
2569.5555687011447 8387.762927832247 2610.3692882322457 8464.919192682994
2610.3692882322457 8464.919192682994 2637.91079627645 8575.195766848707
2637.91079627645 8575.195766848707 2647.483441501463 8634.593829360465
2647.483441501463 8634.593829360465 2650.1287572327674 8693.420365974696
2650.1287572327674 8693.420365974696 2623.5072622247226 8777.360288748212
2623.5072622247226 8777.360288748212 2615.0558433583255 8866.15496457645
2615.0558433583255 8866.15496457645 2565.45169621181 9000.816614172129
2565.45169621181 9000.816614172129 2495.8141453150156 9210.128977324479
2495.8141453150156 9210.128977324479 2590.877886156579 9234.873901430869
2590.877886156579 9234.873901430869 2678.4288238796644 9272.048147558306
2678.4288238796644 9272.048147558306 2721.8759037830623 9121.865710351092
2721.8759037830623 9121.865710351092 2776.8673609570405 8985.182209146187
2776.8673609570405 8985.182209146187 2809.607774803132 8864.323426940913
2809.607774803132 8864.323426940913 2850.3516242321184 8744.927564388183
2850.3516242321184 8744.927564388183 3037.081281137591 8479.281070370596
3037.081281137591 8479.281070370596 3131.5495362569527 8470.960990185018
3131.5495362569527 8470.960990185018 3214.6203409234918 8468.673391863726
3214.6203409234918 8468.673391863726 3299.881714599481 8474.409793805606
3299.881714599481 8474.409793805606 3390.5421464273213 8490.158956664116
3390.5421464273213 8490.158956664116 3489.1350514867595 8517.152706808649
3489.1350514867595 8517.152706808649 3593.1573515628393 8550.802644617343
3593.1573515628393 8550.802644617343 3624.736668166555 8626.718704018154
3624.736668166555 8626.718704018154 3659.776253679365 8698.074025376558
3659.776253679365 8698.074025376558 3670.0682290912328 8764.923364009013
3670.0682290912328 8764.923364009013 3681.6602023362707 8827.809772352086
3681.6602023362707 8827.809772352086 3692.401813697121 8960.955808723931
3692.401813697121 8960.955808723931 3704.5872811340655 9080.182710870822
3704.5872811340655 9080.182710870822 3727.384870858589 9232.640934191202
3727.384870858589 9232.640934191202 3744.1233733427316 9382.046508175325
3744.1233733427316 9382.046508175325 3834.5079487822836 9376.440955846057
3834.5079487822836 9376.440955846057 3932.368940125619 9359.628985937128
3932.368940125619 9359.628985937128 3918.1520721669262 9255.48922745899
3918.1520721669262 9255.48922745899 3899.2050392089027 9139.081506968996
3899.2050392089027 9139.081506968996 3897.490223722587 9071.644821650618
3897.490223722587 9071.644821650618 3892.175048532465 9013.394317625905
3892.175048532465 9013.394317625905 3889.7980784634874 8922.225223007932
3889.7980784634874 8922.225223007932 3890.754818456636 8830.123483538413
3890.754818456636 8830.123483538413 3906.2058050418 8771.899713470268
3906.2058050418 8771.899713470268 3918.5323761497525 8721.369664885367
3918.5323761497525 8721.369664885367 3951.4029083176647 8663.77038560153
3951.4029083176647 8663.77038560153 3978.15166765346 8607.801733535623
3978.15166765346 8607.801733535623 4035.557123930924 8545.20823814004
4035.557123930924 8545.20823814004 4078.1996955260574 8482.81201645026
4860.455892370238 9115.534379240094 5067.564388951781 8964.387962206505
5067.564388951781 8964.387962206505 5125.338265440233 8778.857766449555
5125.338265440233 8778.857766449555 5161.55218211132 8598.612786746055
5161.55218211132 8598.612786746055 5179.576341873422 8419.436129225356
5179.576341873422 8419.436129225356 5178.217618767864 8254.919687771764
5178.217618767864 8254.919687771764 5163.882678630709 8139.672191813588
5163.882678630709 8139.672191813588 5156.3243513680645 7983.756535911475
5156.3243513680645 7983.756535911475 5133.231072484065 7771.710745977374
5133.231072484065 7771.710745977374 4998.491219217066 7772.8141105446475
4998.491219217066 7772.8141105446475 4870.437630570177 7783.0019552492295
4870.437630570177 7783.0019552492295 4751.180293377534 8002.605022894702
4751.180293377534 8002.605022894702 4664.268819688994 8128.235436448994
4664.268819688994 8128.235436448994 4603.875300409141 8246.245654878427
4603.875300409141 8246.245654878427 4534.805405986606 8432.847073631034
4534.805405986606 8432.847073631034 4422.723212358705 8791.846116335506
4422.723212358705 8791.846116335506 4542.578776817745 9007.30193302424
4542.578776817745 9007.30193302424 4594.198927244738 9160.075377737505
4594.198927244738 9160.075377737505 4627.737112412428 9360.922790910003
4627.737112412428 9360.922790910003 4635.462929772799 9500.13727159129
4635.462929772799 9500.13727159129 4641.265459578313 9780.855519800833
4641.265459578313 9780.855519800833 4705.2597910853365 9669.51964583671
4705.2597910853365 9669.51964583671 4757.88863929587 9446.76311510685
4757.88863929587 9446.76311510685 4806.823654380933 9293.96607320724
4806.823654380933 9293.96607320724 4860.455892370238 9115.534379240094
5815.739181557442 7963.737207680433 5838.482489393798 7890.805940161133
5838.482489393798 7890.805940161133 5859.9276555288025 7818.652014468153
5859.9276555288025 7818.652014468153 5773.694451656498 7791.687274981921
5773.694451656498 7791.687274981921 5691.1475138249825 7771.710745977373
5691.1475138249825 7771.710745977373 5625.645532738742 7791.91139029509
5625.645532738742 7791.91139029509 5555.248085699712 7802.217073956993
5555.248085699712 7802.217073956993 5500.775923116328 7849.971085575179
5500.775923116328 7849.971085575179 5454.25219750573 7896.117082020777
5454.25219750573 7896.117082020777 5413.353220560018 7950.759255022829
5413.353220560018 7950.759255022829 5376.465976630294 8004.7138007310705
5376.465976630294 8004.7138007310705 5364.720375915128 8048.734956973647
5364.720375915128 8048.734956973647 5341.576341873422 8089.088435737036
5341.576341873422 8089.088435737036 5411.251304171768 8110.146901388527
5411.251304171768 8110.146901388527 5488.808798350289 8126.491402293124
5488.808798350289 8126.491402293124 5539.920914701332 8124.231035650015
5539.920914701332 8124.231035650015 5601.887787809295 8131.409946508177
5601.887787809295 8131.409946508177 5666.7645063485725 8105.607457891078
5666.7645063485725 8105.607457891078 5737.9894514084335 8083.333222556568
5737.9894514084335 8083.333222556568 5776.238158044941 8020.810632671545
5776.238158044941 8020.810632671545 5815.739181557442 7963.737207680433
6493.090495212822 7963.737207680433 6515.833803049178 7890.805940161133
6515.833803049178 7890.805940161133 6537.278969184183 7818.652014468153
6537.278969184183 7818.652014468153 6451.045765311878 7791.687274981921
6451.045765311878 7791.687274981921 6368.498827480363 7771.710745977373
6368.498827480363 7771.710745977373 6302.996846394122 7791.91139029509
6302.996846394122 7791.91139029509 6232.599399355092 7802.217073956993
6232.599399355092 7802.217073956993 6178.127236771708 7849.971085575179
6178.127236771708 7849.971085575179 6131.603511161109 7896.117082020777
6131.603511161109 7896.117082020777 6090.704534215398 7950.759255022829
6090.704534215398 7950.759255022829 6053.817290285674 8004.7138007310705
6053.817290285674 8004.7138007310705 6042.071689570508 8048.734956973647
6042.071689570508 8048.734956973647 6018.9276555288025 8089.088435737036
6018.9276555288025 8089.088435737036 6088.602617827149 8110.146901388527
6088.602617827149 8110.146901388527 6166.160112005669 8126.491402293124
6166.160112005669 8126.491402293124 6217.272228356712 8124.231035650015
6217.272228356712 8124.231035650015 6279.2391014646755 8131.409946508177
6279.2391014646755 8131.409946508177 6344.115820003953 8105.607457891078
6344.115820003953 8105.607457891078 6415.340765063814 8083.333222556568
6415.340765063814 8083.333222556568 6453.589471700321 8020.810632671545
6453.589471700321 8020.810632671545 6493.090495212822 7963.737207680433
1035.8874123611697 10424.624776744422 980.2885997866979 10197.184773764155
980.2885997866979 10197.184773764155 1011.5662178031963 10045.911130312727
1011.5662178031963 10045.911130312727 1163.1404260657432 9873.855519800833
1163.1404260657432 9873.855519800833 846.8220861315749 10048.984746548012
846.8220861315749 10048.984746548012 678.2179997130394 10106.835019642032
678.2179997130394 10106.835019642032 533.2581358926739 10153.66372688254
533.2581358926739 10153.66372688254 207.42455259249743 10222.446347502486
207.42455259249743 10222.446347502486 0.0 10245.576717310181
0.0 10245.576717310181 11.041901692076635 10372.09179605846
11.041901692076635 10372.09179605846 159.2445823720833 10381.448726724402
159.2445823720833 10381.448726724402 325.93808093511393 10397.16631769932
325.93808093511393 10397.16631769932 395.44046767567625 10516.620406352973
395.44046767567625 10516.620406352973 602.5517626145295 11398.570569769949
602.5517626145295 11398.570569769949 766.8432525313991 11374.130718939536
766.8432525313991 11374.130718939536 612.1168069338778 10421.58760902171
612.1168069338778 10421.58760902171 736.2897046462454 10407.56815766566
736.2897046462454 10407.56815766566 874.7998206211078 10417.691532265164
874.7998206211078 10417.691532265164 1035.8874123611697 10424.624776744422
1381.1404260657432 9924.959179785246 1445.0789207060313 10126.285778141382
1445.0789207060313 10126.285778141382 1488.5941990620454 10275.934517803693
1488.5941990620454 10275.934517803693 1554.175094051966 10485.328231924032
1554.175094051966 10485.328231924032 1572.3865252352773 10562.924705775727
1572.3865252352773 10562.924705775727 1592.869516475334 10616.631018295247
1592.869516475334 10616.631018295247 1620.9887871400197 10675.517549248347
1620.9887871400197 10675.517549248347 1637.4779363082007 10731.672134634584
1637.4779363082007 10731.672134634584 1662.7981043825134 10789.95511864161
1662.7981043825134 10789.95511864161 1702.3395783748956 10849.410447819839
1702.3395783748956 10849.410447819839 1729.0731200946766 10915.354643419398
1729.0731200946766 10915.354643419398 1784.6012308083505 10972.590351569925
1784.6012308083505 10972.590351569925 1829.1330379566957 11050.092648289625
1829.1330379566957 11050.092648289625 1876.079963274475 11102.095877996604
1876.079963274475 11102.095877996604 1928.2341842259964 11158.047320504664
1928.2341842259964 11158.047320504664 1945.8091310029492 10991.326452391977
1945.8091310029492 10991.326452391977 1949.6455333246886 10814.337407622534
1949.6455333246886 10814.337407622534 1902.664957557961 10751.087607351752
1902.664957557961 10751.087607351752 1849.940718477253 10685.193420414627
1849.940718477253 10685.193420414627 1814.3315852709172 10623.017039050173
1814.3315852709172 10623.017039050173 1783.182229969007 10546.120242112076
1783.182229969007 10546.120242112076 1738.6354122887374 10452.54835914443
1738.6354122887374 10452.54835914443 1722.8118641981819 10393.182757415114
1722.8118641981819 10393.182757415114 1696.3764106242943 10333.014149345609
1696.3764106242943 10333.014149345609 1673.0675292396327 10247.825780548088
1673.0675292396327 10247.825780548088 1639.9244530954788 10160.181934708971
1639.9244530954788 10160.181934708971 1599.610918145496 10024.798729369773
1599.610918145496 10024.798729369773 1550.869485298159 9873.855519800833
1550.869485298159 9873.855519800833 1467.262679164012 9904.755027478368
1467.262679164012 9904.755027478368 1381.1404260657432 9924.959179785246
3726.9880852560227 10584.95679027372 3839.5116020886694 10382.391598037273
3839.5116020886694 10382.391598037273 3816.937265884822 10211.668526898628
3816.937265884822 10211.668526898628 3800.271622269644 10036.520338463897
3800.271622269644 10036.520338463897 3473.491806887486 10078.438025799278
3473.491806887486 10078.438025799278 3390.6221379225954 10076.346434191199
3390.6221379225954 10076.346434191199 3243.083950492043 10063.913261963397
3243.083950492043 10063.913261963397 3159.8125403007666 10055.325796853394
3159.8125403007666 10055.325796853394 3082.5758033478005 10055.858314767689
3082.5758033478005 10055.858314767689 3011.8893039171926 10039.685137597076
3011.8893039171926 10039.685137597076 2931.435596527793 10038.315284907114
2931.435596527793 10038.315284907114 2858.6178741108 10025.583724575103
2858.6178741108 10025.583724575103 2730.420525320752 10012.890617175146
2730.420525320752 10012.890617175146 2615.895151335173 9990.926004612389
2615.895151335173 9990.926004612389 2539.087976929415 9967.64930239204
2539.087976929415 9967.64930239204 2457.7967703589716 9947.319952610947
2457.7967703589716 9947.319952610947 2338.9119725637543 9915.2766432065
2338.9119725637543 9915.2766432065 2233.140193774564 9873.855519800833
2233.140193774564 9873.855519800833 2172.1560253597045 10040.457183441136
2172.1560253597045 10040.457183441136 2119.6455333246886 10209.163491122154
2119.6455333246886 10209.163491122154 2155.2079997805295 10317.326221229601
2155.2079997805295 10317.326221229601 2186.293371789944 10423.770262554155
2186.293371789944 10423.770262554155 2218.34395843111 10489.907701655708
2218.34395843111 10489.907701655708 2259.157677962211 10567.063966506454
2259.157677962211 10567.063966506454 2286.6991860064154 10677.340540672167
2286.6991860064154 10677.340540672167 2296.271831231428 10736.738603183925
2296.271831231428 10736.738603183925 2298.9171469627327 10795.565139798156
2298.9171469627327 10795.565139798156 2272.295651954688 10879.505062571672
2272.295651954688 10879.505062571672 2263.844233088291 10968.29973839991
2263.844233088291 10968.29973839991 2214.2400859417753 11102.961387995589
2214.2400859417753 11102.961387995589 2144.602535044981 11312.273751147939
2144.602535044981 11312.273751147939 2239.666275886544 11337.018675254329
2239.666275886544 11337.018675254329 2327.2172136096297 11374.192921381766
2327.2172136096297 11374.192921381766 2370.6642935130276 11224.010484174552
2370.6642935130276 11224.010484174552 2425.655750687006 11087.326982969647
2425.655750687006 11087.326982969647 2458.3961645330974 10966.468200764373
2458.3961645330974 10966.468200764373 2499.1400139620837 10847.072338211643
2499.1400139620837 10847.072338211643 2685.869670867556 10581.425844194056
2685.869670867556 10581.425844194056 2780.337925986918 10573.105764008478
2780.337925986918 10573.105764008478 2863.408730653457 10570.818165687186
2863.408730653457 10570.818165687186 2948.670104329446 10576.554567629066
2948.670104329446 10576.554567629066 3039.3305361572866 10592.303730487576
3039.3305361572866 10592.303730487576 3137.9234412167248 10619.297480632109
3137.9234412167248 10619.297480632109 3241.9457412928045 10652.947418440803
3241.9457412928045 10652.947418440803 3273.52505789652 10728.863477841614
3273.52505789652 10728.863477841614 3308.56464340933 10800.218799200018
3308.56464340933 10800.218799200018 3318.856618821198 10867.068137832473
3318.856618821198 10867.068137832473 3330.448592066236 10929.954546175546
3330.448592066236 10929.954546175546 3341.190203427086 11063.100582547391
3341.190203427086 11063.100582547391 3353.375670864031 11182.327484694282
3353.375670864031 11182.327484694282 3376.173260588554 11334.785708014662
3376.173260588554 11334.785708014662 3392.911763072697 11484.191281998785
3392.911763072697 11484.191281998785 3483.296338512249 11478.585729669518
3483.296338512249 11478.585729669518 3581.157329855584 11461.773759760588
3581.157329855584 11461.773759760588 3566.9404618968915 11357.63400128245
3566.9404618968915 11357.63400128245 3547.993428938868 11241.226280792456
3547.993428938868 11241.226280792456 3546.2786134525522 11173.789595474078
3546.2786134525522 11173.789595474078 3540.9634382624304 11115.539091449366
3540.9634382624304 11115.539091449366 3538.5864681934527 11024.369996831392
3538.5864681934527 11024.369996831392 3539.543208186601 10932.268257361873
3539.543208186601 10932.268257361873 3554.9941947717653 10874.044487293728
3554.9941947717653 10874.044487293728 3567.320765879718 10823.514438708828
3567.320765879718 10823.514438708828 3600.19129804763 10765.91515942499
3600.19129804763 10765.91515942499 3626.9400573834255 10709.946507359084
3626.9400573834255 10709.946507359084 3684.345513660889 10647.3530119635
3684.345513660889 10647.3530119635 3726.9880852560227 10584.95679027372
5359.905588732325 10586.943015345558 4791.724924886592 9873.855519800833
4791.724924886592 9873.855519800833 4684.453688737036 9925.817093967184
4684.453688737036 9925.817093967184 4590.795783492416 10071.976607735101
4590.795783492416 10071.976607735101 4506.458829685842 10240.854972791274
4506.458829685842 10240.854972791274 4457.367048467332 10345.08377401704
4457.367048467332 10345.08377401704 4407.344251941999 10466.428144881558
4407.344251941999 10466.428144881558 4352.518345928919 10563.991201086199
4352.518345928919 10563.991201086199 4299.127392569943 10643.46762102169
4299.127392569943 10643.46762102169 4209.51650851072 10704.134468411548
4209.51650851072 10704.134468411548 4040.51160208867 10784.044070003867
4040.51160208867 10784.044070003867 4125.473703530651 10868.24384241914
4125.473703530651 10868.24384241914 4190.03683072943 10939.646692660408
4190.03683072943 10939.646692660408 4245.472612442882 11017.482335334096
4245.472612442882 11017.482335334096 4317.024597575888 11126.566720873985
4317.024597575888 11126.566720873985 4432.650843889334 10979.334851073623
4432.650843889334 10979.334851073623 4503.884961247606 10912.233460760544
4503.884961247606 10912.233460760544 4591.181366941344 10867.312345496575
4591.181366941344 10867.312345496575 4704.753220930557 10834.186162716209
4704.753220930557 10834.186162716209 4826.267980801975 10810.266177187
4826.267980801975 10810.266177187 4947.456128475911 10783.649507584863
4947.456128475911 10783.649507584863 5131.983479176518 10746.3927223434
5131.983479176518 10746.3927223434 5288.346501406203 10680.850221898345
5288.346501406203 10680.850221898345 5359.905588732325 10586.943015345558
5461.027548114753 10580.734649692105 5529.719349796963 10562.778301756256
5529.719349796963 10562.778301756256 5586.382276741546 10545.793325719329
5586.382276741546 10545.793325719329 5666.089290778689 10507.936744261133
5666.089290778689 10507.936744261133 5744.027922822646 10477.837949946865
5744.027922822646 10477.837949946865 5877.139215385711 10415.85313923304
5877.139215385711 10415.85313923304 5997.795870544284 10364.38730766632
5997.795870544284 10364.38730766632 6071.571702803519 10331.68054458582
6071.571702803519 10331.68054458582 6140.984436474138 10304.633678521823
6140.984436474138 10304.633678521823 6193.7586457562375 10286.364782176694
6193.7586457562375 10286.364782176694 6244.403510009682 10264.823168724008
6244.403510009682 10264.823168724008 6305.699220724522 10242.989647214512
6305.699220724522 10242.989647214512 6382.622306261304 10220.323445929684
6382.622306261304 10220.323445929684 6326.02562437062 10145.92194021733
6326.02562437062 10145.92194021733 6269.4588755325885 10067.462739212584
6269.4588755325885 10067.462739212584 6223.4360988937915 9967.369107488108
6223.4360988937915 9967.369107488108 6193.348600701547 9873.855519800833
6193.348600701547 9873.855519800833 6082.592473997666 9917.800529249698
6082.592473997666 9917.800529249698 5756.346167860588 10035.34475867045
5756.346167860588 10035.34475867045 5700.866097836036 10050.061492140389
5700.866097836036 10050.061492140389 5584.111872394611 10068.425203493976
5584.111872394611 10068.425203493976 5522.442694536115 10067.47165867145
5522.442694536115 10067.47165867145 5462.556152250891 10070.650147650304
5462.556152250891 10070.650147650304 5447.882459649898 10162.571133052359
5447.882459649898 10162.571133052359 5440.905588732325 10253.520151685143
5440.905588732325 10253.520151685143 5444.688840495322 10331.526886349993
5444.688840495322 10331.526886349993 5442.012019136902 10415.11423036857
5442.012019136902 10415.11423036857 5458.079579062062 10498.010238267281
5458.079579062062 10498.010238267281 5461.027548114753 10580.734649692105
1103.155111520253 12265.178128889962 1118.7810401220802 12207.47799737175
1118.7810401220802 12207.47799737175 1151.2831830667837 12148.730669703056
1151.2831830667837 12148.730669703056 1178.030808846032 12063.587074358848
1178.030808846032 12063.587074358848 1211.5852482538774 11992.185734277553
1211.5852482538774 11992.185734277553 1246.4617944405131 11913.382619939557
1246.4617944405131 11913.382619939557 1277.2054230173546 11829.574358186783
1277.2054230173546 11829.574358186783 1359.4188964813115 11678.561505339763
1359.4188964813115 11678.561505339763 1277.1951965505996 11650.040615093863
1277.1951965505996 11650.040615093863 1199.5468056616655 11629.191281998785
1199.5468056616655 11629.191281998785 1126.660266496163 11637.839360465015
1126.660266496163 11637.839360465015 1051.9074237585342 11656.397809239084
1051.9074237585342 11656.397809239084 989.2684041860829 11656.289975254578
989.2684041860829 11656.289975254578 937.598111207247 11660.864413222453
937.598111207247 11660.864413222453 859.988846705788 11658.114078799948
859.988846705788 11658.114078799948 788.8740114358709 11648.418276858163
788.8740114358709 11648.418276858163 706.9466296919402 11643.754719139608
706.9466296919402 11643.754719139608 617.1129367718868 11640.397685812974
617.1129367718868 11640.397685812974 557.3600836339916 11643.4774806806
557.3600836339916 11643.4774806806 489.23375780710217 11637.376439642294
489.23375780710217 11637.376439642294 410.4309340543807 11649.107445768528
410.4309340543807 11649.107445768528 323.6414073258878 11648.67459195463
323.6414073258878 11648.67459195463 241.3149763419433 11665.278052920927
241.3149763419433 11665.278052920927 153.27617775580575 11681.619868643318
153.27617775580575 11681.619868643318 133.5433343259699 11788.203525388655
133.5433343259699 11788.203525388655 106.28666778323861 11901.965030230145
106.28666778323861 11901.965030230145 79.48969494682046 11948.319102508061
79.48969494682046 11948.319102508061 61.00526528043133 11993.417388471442
61.00526528043133 11993.417388471442 31.432173526377937 12052.783160785591
31.432173526377937 12052.783160785591 0.0 12104.878793163512
0.0 12104.878793163512 60.33778704310021 12176.313672383481
60.33778704310021 12176.313672383481 115.65683669197927 12240.242838711676
115.65683669197927 12240.242838711676 174.00006370901326 12293.706592984254
174.00006370901326 12293.706592984254 229.87259575954158 12348.165119328842
229.87259575954158 12348.165119328842 285.8437799754448 12392.636208070631
285.8437799754448 12392.636208070631 335.612379695454 12436.74648675814
335.612379695454 12436.74648675814 401.3230378639023 12489.371531677305
401.3230378639023 12489.371531677305 466.7323019492204 12534.94837041895
466.7323019492204 12534.94837041895 520.4314416288171 12581.680507042389
520.4314416288171 12581.680507042389 630.0115894818641 12656.835983528515
630.0115894818641 12656.835983528515 678.5556752887638 12700.29992203203
678.5556752887638 12700.29992203203 722.1938163794193 12761.992506664836
722.1938163794193 12761.992506664836 769.2974447605434 12817.064829775427
769.2974447605434 12817.064829775427 847.0356402321805 12851.472137695622
847.0356402321805 12851.472137695622 921.946136018817 12880.71512045774
921.946136018817 12880.71512045774 937.4944776405689 12787.231434328833
937.4944776405689 12787.231434328833 984.2962090205702 12628.387519855918
984.2962090205702 12628.387519855918 1000.8095917901419 12549.976312924086
1000.8095917901419 12549.976312924086 1056.0236629736473 12385.783699907952
1056.0236629736473 12385.783699907952 1078.6591204688957 12323.948483854572
1078.6591204688957 12323.948483854572 1103.155111520253 12265.178128889962
1460.5408558637398 12336.070411890058 1529.2326575459497 12318.114063954208
1529.2326575459497 12318.114063954208 1585.8955844905329 12301.129087917281
1585.8955844905329 12301.129087917281 1665.6025985276763 12263.272506459085
1665.6025985276763 12263.272506459085 1743.5412305716336 12233.173712144817
1743.5412305716336 12233.173712144817 1876.6525231346982 12171.188901430993
1876.6525231346982 12171.188901430993 1997.3091782932715 12119.723069864272
1997.3091782932715 12119.723069864272 2071.0850105525055 12087.016306783773
2071.0850105525055 12087.016306783773 2140.4977442231257 12059.969440719775
2140.4977442231257 12059.969440719775 2193.2719535052242 12041.700544374646
2193.2719535052242 12041.700544374646 2243.9168177586685 12020.15893092196
2243.9168177586685 12020.15893092196 2305.212528473509 11998.325409412464
2305.212528473509 11998.325409412464 2382.1356140102916 11975.659208127636
2382.1356140102916 11975.659208127636 2325.538932119607 11901.257702415282
2325.538932119607 11901.257702415282 2268.972183281576 11822.798501410536
2268.972183281576 11822.798501410536 2222.9494066427787 11722.70486968606
2222.9494066427787 11722.70486968606 2192.861908450534 11629.191281998785
2192.861908450534 11629.191281998785 2082.105781746653 11673.13629144765
2082.105781746653 11673.13629144765 1755.8594756095754 11790.680520868402
1755.8594756095754 11790.680520868402 1700.3794055850226 11805.39725433834
1700.3794055850226 11805.39725433834 1583.6251801435985 11823.760965691929
1583.6251801435985 11823.760965691929 1521.9560022851017 11822.807420869402
1521.9560022851017 11822.807420869402 1462.0694599998778 11825.985909848256
1462.0694599998778 11825.985909848256 1447.395767398885 11917.906895250311
1447.395767398885 11917.906895250311 1440.4188964813115 12008.855913883095
1440.4188964813115 12008.855913883095 1444.2021482443097 12086.862648547945
1444.2021482443097 12086.862648547945 1441.5253268858894 12170.449992566522
1441.5253268858894 12170.449992566522 1457.5928868110493 12253.346000465233
1457.5928868110493 12253.346000465233 1460.5408558637398 12336.070411890058
2500.516680852214 11781.695316780291 2518.7587512054533 11938.891642707491
2518.7587512054533 11938.891642707491 2493.1356140102916 12357.20585275316
2493.1356140102916 12357.20585275316 2500.063128034482 12496.331957502503
2500.063128034482 12496.331957502503 2505.642474079732 12688.425515699299
2505.642474079732 12688.425515699299 2687.46336727154 12779.137068685466
2687.46336727154 12779.137068685466 2770.6537175525355 12853.35061618299
2770.6537175525355 12853.35061618299 2868.5755335111867 12977.820866860506
2868.5755335111867 12977.820866860506 2919.4060783646914 13076.75554695187
2919.4060783646914 13076.75554695187 2951.869546717101 13239.602840018864
2951.869546717101 13239.602840018864 2966.0976841095894 13359.350373929508
2966.0976841095894 13359.350373929508 2980.25014985752 13505.42067962541
2980.25014985752 13505.42067962541 3095.2386415580954 13458.71019238018
3095.2386415580954 13458.71019238018 3222.617886270867 13422.071699993427
3222.617886270867 13422.071699993427 3348.6315193807955 13399.666339979567
3348.6315193807955 13399.666339979567 3469.9224938439575 13397.045470246336
3469.9224938439575 13397.045470246336 3410.3621541421335 13254.329112152316
3410.3621541421335 13254.329112152316 3372.454864335212 13140.311527957156
3372.454864335212 13140.311527957156 3339.2737808660145 12981.052950754365
3339.2737808660145 12981.052950754365 3343.0424225952356 12870.123917605517
3343.0424225952356 12870.123917605517 3375.50899589239 12719.596169318947
3375.50899589239 12719.596169318947 3417.5087183367973 12613.919629377397
3417.5087183367973 12613.919629377397 3539.340666437264 12449.583731066688
3539.340666437264 12449.583731066688 3463.6856815546 12277.797061966356
3463.6856815546 12277.797061966356 3403.275296800772 12151.691153188203
3403.275296800772 12151.691153188203 3336.2869670577625 12039.13490441917
3336.2869670577625 12039.13490441917 3251.7888516793646 11876.755462542069
3251.7888516793646 11876.755462542069 3197.630801798005 11781.154418425116
3197.630801798005 11781.154418425116 3146.7364872016424 11629.191281998785
3146.7364872016424 11629.191281998785 2500.516680852214 11781.695316780291
4116.503506121284 11821.217743701844 4139.2468139576395 11748.286476182544
4139.2468139576395 11748.286476182544 4160.691980092644 11676.132550489563
4160.691980092644 11676.132550489563 4074.4587762203405 11649.167811003334
4074.4587762203405 11649.167811003334 3991.911838388825 11629.191281998785
3991.911838388825 11629.191281998785 3926.409857302584 11649.3919263165
3926.409857302584 11649.3919263165 3856.012410263553 11659.697609978404
3856.012410263553 11659.697609978404 3801.5402476801696 11707.45162159659
3801.5402476801696 11707.45162159659 3755.0165220695712 11753.597618042188
3755.0165220695712 11753.597618042188 3714.11754512386 11808.239791044241
3714.11754512386 11808.239791044241 3677.230301194136 11862.194336752482
3677.230301194136 11862.194336752482 3665.4847004789704 11906.21549299506
3665.4847004789704 11906.21549299506 3642.340666437264 11946.568971758448
3642.340666437264 11946.568971758448 3712.0156287356103 11967.627437409938
3712.0156287356103 11967.627437409938 3789.573122914131 11983.971938314537
3789.573122914131 11983.971938314537 3840.6852392651735 11981.711571671425
3840.6852392651735 11981.711571671425 3902.6521123731377 11988.890482529589
3902.6521123731377 11988.890482529589 3967.5288309124144 11963.08799391249
3967.5288309124144 11963.08799391249 4038.753775972275 11940.813758577979
4038.753775972275 11940.813758577979 4077.002482608783 11878.291168692956
4077.002482608783 11878.291168692956 4116.503506121284 11821.217743701844
4804.424660104178 12973.014915261505 5011.533156685721 12821.868498227916
5011.533156685721 12821.868498227916 5069.307033174173 12636.338302470966
5069.307033174173 12636.338302470966 5105.52094984526 12456.093322767465
5105.52094984526 12456.093322767465 5123.545109607363 12276.916665246767
5123.545109607363 12276.916665246767 5122.186386501804 12112.400223793175
5122.186386501804 12112.400223793175 5107.851446364649 11997.152727834999
5107.851446364649 11997.152727834999 5100.293119102004 11841.237071932886
5100.293119102004 11841.237071932886 5077.199840218005 11629.191281998785
5077.199840218005 11629.191281998785 4942.459986951006 11630.294646566057
4942.459986951006 11630.294646566057 4814.406398304117 11640.482491270639
4814.406398304117 11640.482491270639 4695.149061111474 11860.085558916113
4695.149061111474 11860.085558916113 4608.237587422935 11985.715972470403
4608.237587422935 11985.715972470403 4547.844068143081 12103.726190899837
4547.844068143081 12103.726190899837 4478.774173720546 12290.327609652444
4478.774173720546 12290.327609652444 4366.691980092644 12649.326652356916
4366.691980092644 12649.326652356916 4486.547544551685 12864.782469045651
4486.547544551685 12864.782469045651 4538.167694978678 13017.555913758915
4538.167694978678 13017.555913758915 4571.705880146368 13218.403326931413
4571.705880146368 13218.403326931413 4579.431697506739 13357.6178076127
4579.431697506739 13357.6178076127 4585.234227312253 13638.336055822243
4585.234227312253 13638.336055822243 4649.228558819276 13527.00018185812
4649.228558819276 13527.00018185812 4701.85740702981 13304.243651128261
4701.85740702981 13304.243651128261 4750.792422114872 13151.446609228651
4750.792422114872 13151.446609228651 4804.424660104178 12973.014915261505
5744.277789618895 12973.014915261505 5951.386286200439 12821.868498227916
5951.386286200439 12821.868498227916 6009.1601626888905 12636.338302470966
6009.1601626888905 12636.338302470966 6045.374079359977 12456.093322767465
6045.374079359977 12456.093322767465 6063.39823912208 12276.916665246767
6063.39823912208 12276.916665246767 6062.039516016522 12112.400223793175
6062.039516016522 12112.400223793175 6047.7045758793665 11997.152727834999
6047.7045758793665 11997.152727834999 6040.146248616722 11841.237071932886
6040.146248616722 11841.237071932886 6017.052969732723 11629.191281998785
6017.052969732723 11629.191281998785 5882.313116465723 11630.294646566057
5882.313116465723 11630.294646566057 5754.259527818835 11640.482491270639
5754.259527818835 11640.482491270639 5635.002190626192 11860.085558916113
5635.002190626192 11860.085558916113 5548.090716937651 11985.715972470403
5548.090716937651 11985.715972470403 5487.697197657799 12103.726190899837
5487.697197657799 12103.726190899837 5418.627303235264 12290.327609652444
5418.627303235264 12290.327609652444 5306.545109607362 12649.326652356916
5306.545109607362 12649.326652356916 5426.400674066403 12864.782469045651
5426.400674066403 12864.782469045651 5478.020824493396 13017.555913758915
5478.020824493396 13017.555913758915 5511.559009661086 13218.403326931413
5511.559009661086 13218.403326931413 5519.284827021456 13357.6178076127
5519.284827021456 13357.6178076127 5525.087356826971 13638.336055822243
5525.087356826971 13638.336055822243 5589.081688333994 13527.00018185812
5589.081688333994 13527.00018185812 5641.710536544528 13304.243651128261
5641.710536544528 13304.243651128261 5690.64555162959 13151.446609228651
5690.64555162959 13151.446609228651 5744.277789618895 12973.014915261505
988.3172682336213 14413.213277487466 1093.8978652004116 14467.370550915944
1093.8978652004116 14467.370550915944 1249.6701612665806 14354.123148920993
1249.6701612665806 14354.123148920993 1150.9669872646118 14240.317223349632
1150.9669872646118 14240.317223349632 1068.3639071406196 14142.969300753812
1068.3639071406196 14142.969300753812 965.7213056699228 14038.593125525033
965.7213056699228 14038.593125525033 892.3885009633086 13958.136594805848
892.3885009633086 13958.136594805848 746.6262848013397 13836.336055822243
746.6262848013397 13836.336055822243 600.8321985511953 13950.308009369712
600.8321985511953 13950.308009369712 547.2452073486073 14077.367419285865
547.2452073486073 14077.367419285865 0.0 14309.373852705887
0.0 14309.373852705887 60.8529909074432 14460.713550674545
60.8529909074432 14460.713550674545 573.5447697780635 14263.272855706045
573.5447697780635 14263.272855706045 723.9187164429668 14277.366325410272
723.9187164429668 14277.366325410272 855.2723963285706 14343.475429298946
855.2723963285706 14343.475429298946 988.3172682336213 14413.213277487466
1356.792120649009 14543.215185713516 1425.4839223312188 14525.258837777666
1425.4839223312188 14525.258837777666 1482.146849275802 14508.27386174074
1482.146849275802 14508.27386174074 1561.8538633129454 14470.417280282543
1561.8538633129454 14470.417280282543 1639.7924953569027 14440.318485968275
1639.7924953569027 14440.318485968275 1772.9037879199673 14378.333675254451
1772.9037879199673 14378.333675254451 1893.5604430785406 14326.86784368773
1893.5604430785406 14326.86784368773 1967.3362753377746 14294.161080607231
1967.3362753377746 14294.161080607231 2036.749009008395 14267.114214543235
2036.749009008395 14267.114214543235 2089.5232182904933 14248.845318198104
2089.5232182904933 14248.845318198104 2140.1680825439375 14227.303704745418
2140.1680825439375 14227.303704745418 2201.463793258778 14205.470183235922
2201.463793258778 14205.470183235922 2278.3868787955607 14182.803981951094
2278.3868787955607 14182.803981951094 2221.790196904876 14108.40247623874
2221.790196904876 14108.40247623874 2165.223448066845 14029.943275233994
2165.223448066845 14029.943275233994 2119.200671428048 13929.849643509519
2119.200671428048 13929.849643509519 2089.113173235803 13836.336055822243
2089.113173235803 13836.336055822243 1978.3570465319222 13880.281065271109
1978.3570465319222 13880.281065271109 1652.1107403948445 13997.82529469186
1652.1107403948445 13997.82529469186 1596.6306703702917 14012.542028161799
1596.6306703702917 14012.542028161799 1479.8764449288676 14030.905739515387
1479.8764449288676 14030.905739515387 1418.2072670703708 14029.952194692858
1418.2072670703708 14029.952194692858 1358.320724785147 14033.130683671714
1358.320724785147 14033.130683671714 1343.647032184154 14125.05166907377
1343.647032184154 14125.05166907377 1336.6701612665806 14216.000687706553
1336.6701612665806 14216.000687706553 1340.4534130295788 14294.007422371404
1340.4534130295788 14294.007422371404 1337.7765916711585 14377.59476638998
1337.7765916711585 14377.59476638998 1353.8441515963184 14460.490774288692
1353.8441515963184 14460.490774288692 1356.792120649009 14543.215185713516
2457.3868787955607 13887.439715806657 2521.325373435849 14088.766314162793
2521.325373435849 14088.766314162793 2564.840651791863 14238.415053825103
2564.840651791863 14238.415053825103 2630.421546781784 14447.808767945442
2630.421546781784 14447.808767945442 2648.632977965095 14525.405241797138
2648.632977965095 14525.405241797138 2669.1159692051515 14579.111554316658
2669.1159692051515 14579.111554316658 2697.2352398698376 14637.998085269759
2697.2352398698376 14637.998085269759 2713.724389038018 14694.152670655994
2713.724389038018 14694.152670655994 2739.044557112331 14752.43565466302
2739.044557112331 14752.43565466302 2778.5860311047136 14811.89098384125
2778.5860311047136 14811.89098384125 2805.319572824494 14877.835179440808
2805.319572824494 14877.835179440808 2860.847683538168 14935.070887591335
2860.847683538168 14935.070887591335 2905.3794906865137 15012.573184311035
2905.3794906865137 15012.573184311035 2952.3264160042927 15064.576414018014
2952.3264160042927 15064.576414018014 3004.480636955814 15120.527856526074
3004.480636955814 15120.527856526074 3022.055583732767 14953.806988413387
3022.055583732767 14953.806988413387 3025.891986054506 14776.817943643944
3025.891986054506 14776.817943643944 2978.911410287779 14713.568143373162
2978.911410287779 14713.568143373162 2926.187171207071 14647.673956436038
2926.187171207071 14647.673956436038 2890.578038000735 14585.497575071584
2890.578038000735 14585.497575071584 2859.428682698825 14508.600778133487
2859.428682698825 14508.600778133487 2814.881865018555 14415.02889516584
2814.881865018555 14415.02889516584 2799.0583169279994 14355.663293436524
2799.0583169279994 14355.663293436524 2772.6228633541123 14295.494685367019
2772.6228633541123 14295.494685367019 2749.31398196945 14210.306316569498
2749.31398196945 14210.306316569498 2716.170905825297 14122.662470730382
2716.170905825297 14122.662470730382 2675.857370875314 13987.279265391184
2675.857370875314 13987.279265391184 2627.115938027977 13836.336055822243
2627.115938027977 13836.336055822243 2543.50913189383 13867.235563499778
2543.50913189383 13867.235563499778 2457.3868787955607 13887.439715806657
3152.0139454369346 14543.215185713516 3220.7057471191442 14525.258837777666
3220.7057471191442 14525.258837777666 3277.3686740637277 14508.27386174074
3277.3686740637277 14508.27386174074 3357.075688100871 14470.417280282543
3357.075688100871 14470.417280282543 3435.0143201448286 14440.318485968275
3435.0143201448286 14440.318485968275 3568.1256127078927 14378.333675254451
3568.1256127078927 14378.333675254451 3688.782267866466 14326.86784368773
3688.782267866466 14326.86784368773 3762.5581001257 14294.161080607231
3762.5581001257 14294.161080607231 3831.9708337963207 14267.114214543235
3831.9708337963207 14267.114214543235 3884.7450430784193 14248.845318198104
3884.7450430784193 14248.845318198104 3935.3899073318635 14227.303704745418
3935.3899073318635 14227.303704745418 3996.685618046704 14205.470183235922
3996.685618046704 14205.470183235922 4073.608703583486 14182.803981951094
4073.608703583486 14182.803981951094 4017.0120216928017 14108.40247623874
4017.0120216928017 14108.40247623874 3960.445272854771 14029.943275233994
3960.445272854771 14029.943275233994 3914.4224962159738 13929.849643509519
3914.4224962159738 13929.849643509519 3884.3349980237285 13836.336055822243
3884.3349980237285 13836.336055822243 3773.5788713198476 13880.281065271109
3773.5788713198476 13880.281065271109 3447.33256518277 13997.82529469186
3447.33256518277 13997.82529469186 3391.852495158217 14012.542028161799
3391.852495158217 14012.542028161799 3275.0982697167933 14030.905739515387
3275.0982697167933 14030.905739515387 3213.4290918582965 14029.952194692858
3213.4290918582965 14029.952194692858 3153.5425495730724 14033.130683671714
3153.5425495730724 14033.130683671714 3138.86885697208 14125.05166907377
3138.86885697208 14125.05166907377 3131.891986054506 14216.000687706553
3131.891986054506 14216.000687706553 3135.6752378175042 14294.007422371404
3135.6752378175042 14294.007422371404 3132.998416459084 14377.59476638998
3132.998416459084 14377.59476638998 3149.065976384244 14460.490774288692
3149.065976384244 14460.490774288692 3152.0139454369346 14543.215185713516
5241.496115944656 14387.105312765832 5185.897303370184 14159.665309785565
5185.897303370184 14159.665309785565 5217.174921386682 14008.391666334137
5217.174921386682 14008.391666334137 5368.74912964923 13836.336055822243
5368.74912964923 13836.336055822243 5052.430789715061 14011.465282569423
5052.430789715061 14011.465282569423 4883.826703296526 14069.315555663443
4883.826703296526 14069.315555663443 4738.866839476161 14116.14426290395
4738.866839476161 14116.14426290395 4413.033256175984 14184.926883523896
4413.033256175984 14184.926883523896 4205.608703583486 14208.057253331592
4205.608703583486 14208.057253331592 4216.650605275563 14334.57233207987
4216.650605275563 14334.57233207987 4364.85328595557 14343.929262745813
4364.85328595557 14343.929262745813 4531.5467845186 14359.646853720731
4531.5467845186 14359.646853720731 4601.049171259163 14479.100942374384
4601.049171259163 14479.100942374384 4808.1604661980155 15361.051105791359
4808.1604661980155 15361.051105791359 4972.451956114885 15336.611254960946
4972.451956114885 15336.611254960946 4817.7255105173645 14384.06814504312
4817.7255105173645 14384.06814504312 4941.898408229732 14370.048693687071
4941.898408229732 14370.048693687071 5080.408524204594 14380.172068286574
5080.408524204594 14380.172068286574 5241.496115944656 14387.105312765832
5477.871089031658 14543.215185713516 5546.562890713868 14525.258837777666
5546.562890713868 14525.258837777666 5603.225817658451 14508.27386174074
5603.225817658451 14508.27386174074 5682.932831695594 14470.417280282543
5682.932831695594 14470.417280282543 5760.8714637395515 14440.318485968275
5760.8714637395515 14440.318485968275 5893.9827563026165 14378.333675254451
5893.9827563026165 14378.333675254451 6014.639411461189 14326.86784368773
6014.639411461189 14326.86784368773 6088.415243720424 14294.161080607231
6088.415243720424 14294.161080607231 6157.8279773910435 14267.114214543235
6157.8279773910435 14267.114214543235 6210.602186673143 14248.845318198104
6210.602186673143 14248.845318198104 6261.247050926587 14227.303704745418
6261.247050926587 14227.303704745418 6322.542761641427 14205.470183235922
6322.542761641427 14205.470183235922 6399.4658471782095 14182.803981951094
6399.4658471782095 14182.803981951094 6342.869165287525 14108.40247623874
6342.869165287525 14108.40247623874 6286.302416449494 14029.943275233994
6286.302416449494 14029.943275233994 6240.279639810697 13929.849643509519
6240.279639810697 13929.849643509519 6210.192141618452 13836.336055822243
6210.192141618452 13836.336055822243 6099.436014914571 13880.281065271109
6099.436014914571 13880.281065271109 5773.189708777493 13997.82529469186
5773.189708777493 13997.82529469186 5717.709638752941 14012.542028161799
5717.709638752941 14012.542028161799 5600.955413311516 14030.905739515387
5600.955413311516 14030.905739515387 5539.28623545302 14029.952194692858
5539.28623545302 14029.952194692858 5479.399693167796 14033.130683671714
5479.399693167796 14033.130683671714 5464.726000566803 14125.05166907377
5464.726000566803 14125.05166907377 5457.74912964923 14216.000687706553
5457.74912964923 14216.000687706553 5461.532381412228 14294.007422371404
5461.532381412228 14294.007422371404 5458.8555600538075 14377.59476638998
5458.8555600538075 14377.59476638998 5474.923119978967 14460.490774288692
5474.923119978967 14460.490774288692 5477.871089031658 14543.215185713516
1607.3425519313344 16178.152376264245 1719.866068763981 15975.587184027798
1719.866068763981 15975.587184027798 1697.2917325601336 15804.864112889152
1697.2917325601336 15804.864112889152 1680.6260889449557 15629.715924454422
1680.6260889449557 15629.715924454422 1353.8462735627973 15671.633611789803
1353.8462735627973 15671.633611789803 1270.976604597907 15669.542020181723
1270.976604597907 15669.542020181723 1123.4384171673548 15657.108847953921
1123.4384171673548 15657.108847953921 1040.1670069760783 15648.52138284392
1040.1670069760783 15648.52138284392 962.930270023112 15649.053900758214
962.930270023112 15649.053900758214 892.2437705925042 15632.880723587601
892.2437705925042 15632.880723587601 811.7900632031049 15631.510870897639
811.7900632031049 15631.510870897639 738.9723407861118 15618.779310565627
738.9723407861118 15618.779310565627 610.7749919960638 15606.08620316567
610.7749919960638 15606.08620316567 496.2496180104847 15584.121590602914
496.2496180104847 15584.121590602914 419.4424436047266 15560.844888382564
419.4424436047266 15560.844888382564 338.1512370342832 15540.515538601472
338.1512370342832 15540.515538601472 219.2664392390659 15508.472229197025
219.2664392390659 15508.472229197025 113.49466044987548 15467.051105791357
113.49466044987548 15467.051105791357 52.510492035015886 15633.652769431661
52.510492035015886 15633.652769431661 0.0 15802.359077112678
0.0 15802.359077112678 35.56246645584088 15910.521807220126
35.56246645584088 15910.521807220126 66.64783846525575 16016.96584854468
66.64783846525575 16016.96584854468 98.69842510642161 16083.103287646232
98.69842510642161 16083.103287646232 139.51214463752285 16160.259552496978
139.51214463752285 16160.259552496978 167.05365268172682 16270.536126662691
167.05365268172682 16270.536126662691 176.62629790673986 16329.93418917445
176.62629790673986 16329.93418917445 179.2716136380443 16388.76072578868
179.2716136380443 16388.76072578868 152.65011862999927 16472.700648562197
152.65011862999927 16472.700648562197 144.1986997636027 16561.495324390435
144.1986997636027 16561.495324390435 94.59455261708695 16696.15697398611
94.59455261708695 16696.15697398611 24.957001720292283 16905.469337138464
24.957001720292283 16905.469337138464 120.02074256185551 16930.21426124485
120.02074256185551 16930.21426124485 207.57168028494152 16967.388507372292
207.57168028494152 16967.388507372292 251.01876018833923 16817.206070165077
251.01876018833923 16817.206070165077 306.0102173623177 16680.522568960172
306.0102173623177 16680.522568960172 338.750631208409 16559.663786754896
338.750631208409 16559.663786754896 379.4944806373953 16440.26792420217
379.4944806373953 16440.26792420217 566.2241375428678 16174.621430184581
566.2241375428678 16174.621430184581 660.6923926622298 16166.301349999003
660.6923926622298 16166.301349999003 743.7631973287687 16164.01375167771
743.7631973287687 16164.01375167771 829.0245710047576 16169.75015361959
829.0245710047576 16169.75015361959 919.6850028325983 16185.4993164781
919.6850028325983 16185.4993164781 1018.2779078920363 16212.493066622634
1018.2779078920363 16212.493066622634 1122.3002079681164 16246.143004431327
1122.3002079681164 16246.143004431327 1153.8795245718318 16322.05906383214
1153.8795245718318 16322.05906383214 1188.919110084642 16393.414385190543
1188.919110084642 16393.414385190543 1199.21108549651 16460.263723822998
1199.21108549651 16460.263723822998 1210.8030587415476 16523.150132166073
1210.8030587415476 16523.150132166073 1221.5446701023977 16656.296168537916
1221.5446701023977 16656.296168537916 1233.7301375393426 16775.52307068481
1233.7301375393426 16775.52307068481 1256.5277272638657 16927.981294005185
1256.5277272638657 16927.981294005185 1273.2662297480083 17077.38686798931
1273.2662297480083 17077.38686798931 1363.6508051875605 17071.781315660042
1363.6508051875605 17071.781315660042 1461.5117965308955 17054.969345751113
1461.5117965308955 17054.969345751113 1447.2949285722032 16950.829587272972
1447.2949285722032 16950.829587272972 1428.3478956141798 16834.42186678298
1428.3478956141798 16834.42186678298 1426.6330801278636 16766.985181464603
1426.6330801278636 16766.985181464603 1421.3179049377418 16708.73467743989
1421.3179049377418 16708.73467743989 1418.9409348687643 16617.565582821917
1418.9409348687643 16617.565582821917 1419.8976748619125 16525.463843352398
1419.8976748619125 16525.463843352398 1435.3486614470771 16467.24007328425
1435.3486614470771 16467.24007328425 1447.6752325550294 16416.710024699354
1447.6752325550294 16416.710024699354 1480.5457647229416 16359.110745415515
1480.5457647229416 16359.110745415515 1507.2945240587371 16303.142093349608
1507.2945240587371 16303.142093349608 1564.6999803362007 16240.548597954024
1564.6999803362007 16240.548597954024 1607.3425519313344 16178.152376264245
2269.598748775514 16810.874739054074 2476.7072453570577 16659.728322020488
2476.7072453570577 16659.728322020488 2534.481121845509 16474.198126263535
2534.481121845509 16474.198126263535 2570.695038516596 16293.953146560036
2570.695038516596 16293.953146560036 2588.719198278699 16114.776489039337
2588.719198278699 16114.776489039337 2587.3604751731405 15950.260047585745
2587.3604751731405 15950.260047585745 2573.0255350359853 15835.01255162757
2573.0255350359853 15835.01255162757 2565.467207773341 15679.096895725457
2565.467207773341 15679.096895725457 2542.3739288893416 15467.051105791355
2542.3739288893416 15467.051105791355 2407.634075622342 15468.15447035863
2407.634075622342 15468.15447035863 2279.5804869754534 15478.342315063212
2279.5804869754534 15478.342315063212 2160.32314978281 15697.945382708684
2160.32314978281 15697.945382708684 2073.4116760942707 15823.575796262976
2073.4116760942707 15823.575796262976 2013.0181568144178 15941.586014692408
2013.0181568144178 15941.586014692408 1943.9482623918825 16128.187433445015
1943.9482623918825 16128.187433445015 1831.866068763981 16487.186476149487
1831.866068763981 16487.186476149487 1951.7216332230214 16702.642292838224
1951.7216332230214 16702.642292838224 2003.3417836500143 16855.415737551484
2003.3417836500143 16855.415737551484 2036.8799688177048 17056.263150723982
2036.8799688177048 17056.263150723982 2044.6057861780746 17195.477631405272
2044.6057861780746 17195.477631405272 2050.4083159835895 17476.195879614814
2050.4083159835895 17476.195879614814 2114.4026474906123 17364.86000565069
2114.4026474906123 17364.86000565069 2167.0314957011465 17142.103474920834
2167.0314957011465 17142.103474920834 2215.9665107862083 16989.306433021222
2215.9665107862083 16989.306433021222 2269.598748775514 16810.874739054074
