512
7.061864587410528 4.594576053667067 10.13154963889159 1.014522502960757
10.13154963889159 1.014522502960757 4.828956271722959 0.0
4.828956271722959 0.0 0.0 5.956907011549669
0.0 5.956907011549669 7.106008393007513 9.154304317339681
7.106008393007513 9.154304317339681 7.061864587410528 4.594576053667067
12.13154963889159 12.492003485904135 15.432933496144718 8.680653317156674
15.432933496144718 8.680653317156674 14.627270558609702 13.120363785250893
14.627270558609702 13.120363785250893 21.728242509544057 11.720169564767765
21.728242509544057 11.720169564767765 20.424671261285244 9.841198157169092
20.424671261285244 9.841198157169092 23.597177873986848 9.941368254192408
23.597177873986848 9.941368254192408 22.61530574102293 4.498118471444527
22.61530574102293 4.498118471444527 26.141504321565264 4.984298059329247
26.141504321565264 4.984298059329247 20.74191905898747 2.4486336975524248
20.74191905898747 2.4486336975524248 21.850155210790376 0.0
21.850155210790376 0.0 13.407449697660336 6.019990236171456
13.407449697660336 6.019990236171456 12.13154963889159 12.492003485904135
28.141504321565264 1.684630710330444 32.359750677019214 7.566194062502067
32.359750677019214 7.566194062502067 35.8047471236079 5.3413855991225105
35.8047471236079 5.3413855991225105 32.82171553560803 2.1806553932629575
32.82171553560803 2.1806553932629575 30.324108220077957 2.1411730109642177
30.324108220077957 2.1411730109642177 31.586710940662897 0.8720818121713356
31.586710940662897 0.8720818121713356 30.76365822069188 0.0
30.76365822069188 0.0 28.141504321565264 1.684630710330444
47.84838972552418 49.9154650260279 69.55979998883083 1.3621798885285301
69.55979998883083 1.3621798885285301 52.779892859786926 0.0
52.779892859786926 0.0 50.96471268812588 9.921163472146361
50.96471268812588 9.921163472146361 39.57705705732161 10.68211607186663
39.57705705732161 10.68211607186663 45.345385919312676 10.2976844310989
45.345385919312676 10.2976844310989 37.8047471236079 23.120931275021235
37.8047471236079 23.120931275021235 40.4537154335324 44.80391431538962
40.4537154335324 44.80391431538962 47.84838972552418 49.9154650260279
77.62166457624136 4.594576053667067 80.69134962772242 1.014522502960757
80.69134962772242 1.014522502960757 75.38875626055379 0.0
75.38875626055379 0.0 70.55979998883083 5.956907011549669
70.55979998883083 5.956907011549669 77.66580838183835 9.154304317339681
77.66580838183835 9.154304317339681 77.62166457624136 4.594576053667067
90.73499222963869 49.9154650260279 112.44640249294535 1.3621798885285301
112.44640249294535 1.3621798885285301 95.66649536390145 0.0
95.66649536390145 0.0 93.85131519224039 9.921163472146361
93.85131519224039 9.921163472146361 82.46365956143613 10.68211607186663
82.46365956143613 10.68211607186663 88.2319884234272 10.2976844310989
88.2319884234272 10.2976844310989 80.69134962772242 23.120931275021235
80.69134962772242 23.120931275021235 83.34031793764692 44.80391431538962
83.34031793764692 44.80391431538962 90.73499222963869 49.9154650260279
113.44640249294535 4.149940678046151 116.39327521930208 4.68105396858226
116.39327521930208 4.68105396858226 125.21456608510246 3.590096873715229
125.21456608510246 3.590096873715229 120.18725426047695 0.0
120.18725426047695 0.0 113.44640249294535 4.149940678046151
127.21456608510246 12.492003485904135 130.51594994235558 8.680653317156674
130.51594994235558 8.680653317156674 129.71028700482057 13.120363785250893
129.71028700482057 13.120363785250893 136.81125895575494 11.720169564767765
136.81125895575494 11.720169564767765 135.5076877074961 9.841198157169092
135.5076877074961 9.841198157169092 138.68019432019773 9.941368254192408
138.68019432019773 9.941368254192408 137.6983221872338 4.498118471444527
137.6983221872338 4.498118471444527 141.22452076777614 4.984298059329247
141.22452076777614 4.984298059329247 135.82493550519834 2.4486336975524248
135.82493550519834 2.4486336975524248 136.93317165700125 0.0
136.93317165700125 0.0 128.4904661438712 6.019990236171456
128.4904661438712 6.019990236171456 127.21456608510246 12.492003485904135
142.22452076777614 16.71819256483843 149.28046381169816 16.52340966377571
149.28046381169816 16.52340966377571 156.20349311242924 12.400475672931627
156.20349311242924 12.400475672931627 149.17291704407089 14.622964176862258
149.17291704407089 14.622964176862258 152.93363267266724 0.5592141194525979
152.93363267266724 0.5592141194525979 148.37725027916116 5.890013343622567
148.37725027916116 5.890013343622567 148.99244504353308 0.0
148.99244504353308 0.0 146.3156345017405 13.714843641705144
146.3156345017405 13.714843641705144 142.22452076777614 16.71819256483843
0.0 54.06540570407405 2.946872726356732 54.59651899461016
2.946872726356732 54.59651899461016 11.768163592157103 53.50556189974313
11.768163592157103 53.50556189974313 6.740851767531593 49.9154650260279
6.740851767531593 49.9154650260279 0.0 54.06540570407405
13.768163592157103 62.40746851193204 17.06954744941023 58.59611834318458
17.06954744941023 58.59611834318458 16.263884511875215 63.0358288112788
16.263884511875215 63.0358288112788 23.36485646280957 61.63563459079567
23.36485646280957 61.63563459079567 22.061285214550757 59.75666318319699
22.061285214550757 59.75666318319699 25.23379182725236 59.85683328022031
25.23379182725236 59.85683328022031 24.251919694288443 54.41358349747243
24.251919694288443 54.41358349747243 27.778118274830778 54.89976308535715
27.778118274830778 54.89976308535715 22.378533012252984 52.36409872358033
22.378533012252984 52.36409872358033 23.48676916405589 49.9154650260279
23.48676916405589 49.9154650260279 15.04406365092585 55.935455262199355
15.04406365092585 55.935455262199355 13.768163592157103 62.40746851193204
28.77811827483078 66.63365759086632 35.83406131875278 66.43887468980361
35.83406131875278 66.43887468980361 42.75709061948389 62.31594069895952
42.75709061948389 62.31594069895952 35.72651455112552 64.53842920289016
35.72651455112552 64.53842920289016 39.487230179721884 50.47467914548049
39.487230179721884 50.47467914548049 34.93084778621578 55.805478369650466
34.93084778621578 55.805478369650466 35.54604255058772 49.9154650260279
35.54604255058772 49.9154650260279 32.86923200879513 63.63030866773304
32.86923200879513 63.63030866773304 28.77811827483078 66.63365759086632
80.44093959677778 49.9154650260279 73.58694847117792 51.50142132378983
73.58694847117792 51.50142132378983 44.75709061948388 56.86049586603346
44.75709061948388 56.86049586603346 55.30112375497845 62.21717994100845
55.30112375497845 62.21717994100845 51.60864467923529 58.65403739131974
51.60864467923529 58.65403739131974 71.75524206615694 54.03734762001931
71.75524206615694 54.03734762001931 80.44093959677778 49.9154650260279
120.06755147305053 68.05199782558311 123.96709266441529 66.17269068284406
123.96709266441529 66.17269068284406 125.95873045542142 57.97728302573586
125.95873045542142 57.97728302573586 119.8357333772024 49.9154650260279
119.8357333772024 49.9154650260279 119.79496800429763 57.09062431484829
119.79496800429763 57.09062431484829 116.88444872054338 55.55381091425716
116.88444872054338 55.55381091425716 114.283246396139 52.58865011746814
114.283246396139 52.58865011746814 117.46686122759425 55.229899483352064
117.46686122759425 55.229899483352064 113.73238651941992 52.10673503817682
113.73238651941992 52.10673503817682 92.86374234481579 72.91502859584455
92.86374234481579 72.91502859584455 81.44093959677778 91.06032429823239
81.44093959677778 91.06032429823239 83.39130122510375 97.14182148034133
83.39130122510375 97.14182148034133 87.63480079073838 97.70796114860693
87.63480079073838 97.70796114860693 106.87620216553515 78.68632174998655
106.87620216553515 78.68632174998655 109.88978719191529 83.14945810361084
109.88978719191529 83.14945810361084 110.49798507137119 70.82401161797804
110.49798507137119 70.82401161797804 120.06755147305053 68.05199782558311
125.95873045542143 51.60009573635835 130.17697681087537 57.48165908852997
130.17697681087537 57.48165908852997 133.62197325746408 55.25685062515041
133.62197325746408 55.25685062515041 130.6389416694642 52.09612041929086
130.6389416694642 52.09612041929086 128.14133435393413 52.056638036992126
128.14133435393413 52.056638036992126 129.40393707451906 50.78754683819924
129.40393707451906 50.78754683819924 128.58088435454803 49.9154650260279
128.58088435454803 49.9154650260279 125.95873045542143 51.60009573635835
135.7379170567255 49.9154650260279 138.45616321640512 54.789308386857805
138.45616321640512 54.789308386857805 134.62197325746408 50.58564624089025
134.62197325746408 50.58564624089025 140.7867737253237 60.23617380376942
140.7867737253237 60.23617380376942 149.84450082566204 67.01734532396951
149.84450082566204 67.01734532396951 146.2162520813978 71.38705144325996
146.2162520813978 71.38705144325996 153.31748570732287 65.41909277756928
153.31748570732287 65.41909277756928 148.40982226768605 55.88768042218652
148.40982226768605 55.88768042218652 135.7379170567255 49.9154650260279
0.0 110.19996463451108 3.3013838572531284 106.38861446576361
3.3013838572531284 106.38861446576361 2.495720919718112 110.82832493385783
2.495720919718112 110.82832493385783 9.596692870652467 109.42813071337471
9.596692870652467 109.42813071337471 8.293121622393654 107.54915930577603
8.293121622393654 107.54915930577603 11.465628235095258 107.64932940279935
11.465628235095258 107.64932940279935 10.48375610213134 102.20607962005147
10.48375610213134 102.20607962005147 14.009954682673674 102.69225920793619
14.009954682673674 102.69225920793619 8.61036942009588 100.15659484615936
8.61036942009588 100.15659484615936 9.718605571898786 97.70796114860694
9.718605571898786 97.70796114860694 1.2759000587687463 103.7279513847784
1.2759000587687463 103.7279513847784 0.0 110.19996463451108
23.071819270084198 102.30253720227401 26.14150432156526 98.7224836515677
26.14150432156526 98.7224836515677 20.83891095439663 97.70796114860694
20.83891095439663 97.70796114860694 16.009954682673673 103.6648681601566
16.009954682673673 103.6648681601566 23.115963075681183 106.86226546594662
23.115963075681183 106.86226546594662 23.071819270084198 102.30253720227401
35.20336890897579 102.30253720227401 38.27305396045685 98.7224836515677
38.27305396045685 98.7224836515677 32.97046059328822 97.70796114860694
32.97046059328822 97.70796114860694 28.141504321565264 103.6648681601566
28.141504321565264 103.6648681601566 35.24751271457278 106.86226546594662
35.24751271457278 106.86226546594662 35.20336890897579 102.30253720227401
46.33491854786738 102.30253720227401 49.40460359934845 98.7224836515677
49.40460359934845 98.7224836515677 44.102010232179815 97.70796114860694
44.102010232179815 97.70796114860694 39.273053960456856 103.6648681601566
39.273053960456856 103.6648681601566 46.37906235346437 106.86226546594662
46.37906235346437 106.86226546594662 46.33491854786738 102.30253720227401
50.40460359934845 110.19996463451108 53.70598745660158 106.38861446576361
53.70598745660158 106.38861446576361 52.90032451906656 110.82832493385783
52.90032451906656 110.82832493385783 60.00129647000091 109.42813071337471
60.00129647000091 109.42813071337471 58.697725221742104 107.54915930577603
58.697725221742104 107.54915930577603 61.8702318344437 107.64932940279935
61.8702318344437 107.64932940279935 60.888359701479786 102.20607962005147
60.888359701479786 102.20607962005147 64.41455828202211 102.69225920793619
64.41455828202211 102.69225920793619 59.01497301944433 100.15659484615936
59.01497301944433 100.15659484615936 60.12320917124723 97.70796114860694
60.12320917124723 97.70796114860694 51.68050365811719 103.7279513847784
51.68050365811719 103.7279513847784 50.40460359934845 110.19996463451108
103.04117015829488 115.84449394816215 106.94071134965964 113.9651868054231
106.94071134965964 113.9651868054231 108.93234914066576 105.7697791483149
108.93234914066576 105.7697791483149 102.80935206244675 97.70796114860694
102.80935206244675 97.70796114860694 102.76858668954199 104.88312043742734
102.76858668954199 104.88312043742734 99.85806740578772 103.34630703683621
99.85806740578772 103.34630703683621 97.25686508138335 100.38114624004719
97.25686508138335 100.38114624004719 100.4404799128386 103.02239560593111
100.4404799128386 103.02239560593111 96.70600520466427 99.89923116075586
96.70600520466427 99.89923116075586 75.83736103006015 120.70752471842358
75.83736103006015 120.70752471842358 64.41455828202213 138.8528204208114
64.41455828202213 138.8528204208114 66.36491991034809 144.93431760292037
66.36491991034809 144.93431760292037 70.60841947598271 145.50045727118598
70.60841947598271 145.50045727118598 89.8498208507795 126.47881787256559
89.8498208507795 126.47881787256559 92.86340587715964 130.94195422618986
92.86340587715964 130.94195422618986 93.47160375661554 118.61650774055707
93.47160375661554 118.61650774055707 103.04117015829488 115.84449394816215
109.93234914066576 99.3925918589374 114.1505954961197 105.27415521110902
114.1505954961197 105.27415521110902 117.59559194270841 103.04934674772946
117.59559194270841 103.04934674772946 114.61256035470853 99.88861654186991
114.61256035470853 99.88861654186991 112.11495303917846 99.84913415957116
112.11495303917846 99.84913415957116 113.3775557597634 98.58004296077829
113.3775557597634 98.58004296077829 112.55450303979238 97.70796114860694
112.55450303979238 97.70796114860694 109.93234914066576 99.3925918589374
127.63923454462466 147.62342617463486 149.35064480793133 99.07014103713547
149.35064480793133 99.07014103713547 132.5707376788874 97.70796114860694
132.5707376788874 97.70796114860694 130.75555750722637 107.6291246207533
130.75555750722637 107.6291246207533 119.3679018764221 108.39007722047357
119.3679018764221 108.39007722047357 125.13623073841316 108.00564557970584
125.13623073841316 108.00564557970584 117.59559194270838 120.82889242362818
117.59559194270838 120.82889242362818 120.24456025263288 142.51187546399655
120.24456025263288 142.51187546399655 127.63923454462466 147.62342617463486
0.0 164.3416187394733 7.055943043921999 164.14683583841057
7.055943043921999 164.14683583841057 13.978972344653105 160.0239018475665
13.978972344653105 160.0239018475665 6.948396276294736 162.24639035149713
6.948396276294736 162.24639035149713 10.709111904891099 148.18264029408746
10.709111904891099 148.18264029408746 6.152729511384997 153.51343951825743
6.152729511384997 153.51343951825743 6.767924275756941 147.62342617463486
6.767924275756941 147.62342617463486 4.091113733964349 161.33826981634002
4.091113733964349 161.33826981634002 0.0 164.3416187394733
53.60558422092584 165.75995897419008 57.50512541229061 163.88065183145102
57.50512541229061 163.88065183145102 59.496763203296744 155.68524417434284
59.496763203296744 155.68524417434284 53.37376612507772 147.62342617463486
53.37376612507772 147.62342617463486 53.33300075217296 154.79858546345525
53.33300075217296 154.79858546345525 50.422481468418695 153.26177206286414
50.422481468418695 153.26177206286414 47.821279144014326 150.2966112660751
47.821279144014326 150.2966112660751 51.00489397546957 152.93786063195904
51.00489397546957 152.93786063195904 47.27041926729524 149.8146961867838
47.27041926729524 149.8146961867838 26.401775092691118 170.6229897444515
26.401775092691118 170.6229897444515 14.978972344653101 188.76828544683934
14.978972344653101 188.76828544683934 16.929333972979066 194.8497826289483
16.929333972979066 194.8497826289483 21.172833538613695 195.4159222972139
21.172833538613695 195.4159222972139 40.41423491341047 176.39428289859353
40.41423491341047 176.39428289859353 43.42781993979061 180.85741925221782
43.42781993979061 180.85741925221782 44.03601781924651 168.531972766585
44.03601781924651 168.531972766585 53.60558422092584 165.75995897419008
69.54040580521303 197.53889120066276 91.25181606851969 148.98560606316337
91.25181606851969 148.98560606316337 74.47190893947578 147.62342617463486
74.47190893947578 147.62342617463486 72.65672876781473 157.54458964678122
72.65672876781473 157.54458964678122 61.269073137010466 158.3055422465015
61.269073137010466 158.3055422465015 67.03740199900153 157.92111060573376
67.03740199900153 157.92111060573376 59.49676320329676 170.7443574496561
59.49676320329676 170.7443574496561 62.14573151322126 192.42734049002445
62.14573151322126 192.42734049002445 69.54040580521303 197.53889120066276
102.35271537179281 157.66013866880883 105.24912062793167 153.64578354968378
105.24912062793167 153.64578354968378 104.70019447670866 149.6173930212278
104.70019447670866 149.6173930212278 98.22133432333268 147.62342617463486
98.22133432333268 147.62342617463486 91.25181606851969 150.2385112705261
91.25181606851969 150.2385112705261 94.87657612554644 155.0854670201151
94.87657612554644 155.0854670201151 96.55337942023809 152.10202466228796
96.55337942023809 152.10202466228796 100.33956215628459 157.57384902232872
100.33956215628459 157.57384902232872 102.35271537179281 157.66013866880883
107.24912062793169 160.115429660539 110.55050448518482 156.30407949179155
110.55050448518482 156.30407949179155 109.7448415476498 160.74378995988576
109.7448415476498 160.74378995988576 116.84581349858415 159.34359573940264
116.84581349858415 159.34359573940264 115.54224225032534 157.46462433180398
115.54224225032534 157.46462433180398 118.71474886302694 157.56479442882727
118.71474886302694 157.56479442882727 117.73287673006303 152.1215446460794
117.73287673006303 152.1215446460794 121.25907531060537 152.60772423396412
121.25907531060537 152.60772423396412 115.85949004802757 150.0720598721873
115.85949004802757 150.0720598721873 116.96772619983048 147.62342617463486
116.96772619983048 147.62342617463486 108.52502068670043 153.64341641080634
108.52502068670043 153.64341641080634 107.24912062793169 160.115429660539
121.25907531060537 151.773366852681 124.2059480369621 152.30448014321712
124.2059480369621 152.30448014321712 133.02723890276246 151.21352304835008
133.02723890276246 151.21352304835008 127.99992707813696 147.62342617463486
127.99992707813696 147.62342617463486 121.25907531060537 151.773366852681
1.3874492651148145 243.0778764073284 0.0 245.58078330658455
0.0 245.58078330658455 35.93508801150204 202.79756641428756
35.93508801150204 202.79756641428756 32.86089474633365 198.53889120066276
32.86089474633365 198.53889120066276 1.3874492651148145 243.0778764073284
37.93508801150204 215.2570837655012 44.99103105542404 215.06230086443847
44.99103105542404 215.06230086443847 51.91406035615515 210.9393668735944
51.91406035615515 210.9393668735944 44.883484287796776 213.16185537752503
44.883484287796776 213.16185537752503 48.64419991639314 199.09810532011537
48.64419991639314 199.09810532011537 44.087817522887036 204.42890454428533
44.087817522887036 204.42890454428533 44.70301228725898 198.53889120066276
44.70301228725898 198.53889120066276 42.02620174546639 212.25373484236792
42.02620174546639 212.25373484236792 37.93508801150204 215.2570837655012
91.5406722324279 216.675424000218 95.44021342379266 214.79611685747892
95.44021342379266 214.79611685747892 97.43185121479878 206.60070920037074
97.43185121479878 206.60070920037074 91.30885413657977 198.53889120066276
91.30885413657977 198.53889120066276 91.268088763675 205.71405048948316
91.268088763675 205.71405048948316 88.35756947992074 204.17723708889204
88.35756947992074 204.17723708889204 85.75636715551637 201.212076292103
85.75636715551637 201.212076292103 88.93998198697162 203.85332565798694
88.93998198697162 203.85332565798694 85.20550727879728 200.7301612128117
85.20550727879728 200.7301612128117 64.33686310419316 221.5384547704794
64.33686310419316 221.5384547704794 52.91406035615515 239.68375047286725
52.91406035615515 239.68375047286725 54.86442198448111 245.7652476549762
54.86442198448111 245.7652476549762 59.10792155011574 246.3313873232418
59.10792155011574 246.3313873232418 78.34932292491251 227.30974792462143
78.34932292491251 227.30974792462143 81.36290795129266 231.77288427824573
81.36290795129266 231.77288427824573 81.97110583074856 219.4474377926129
81.97110583074856 219.4474377926129 91.5406722324279 216.675424000218
99.4318512147988 202.6888318787089 102.37872394115553 203.21994516924502
102.37872394115553 203.21994516924502 111.2000148069559 202.128988074378
111.2000148069559 202.128988074378 106.17270298233039 198.53889120066276
106.17270298233039 198.53889120066276 99.4318512147988 202.6888318787089
123.24365740887217 248.45435622669066 144.95506767217884 199.90107108919128
144.95506767217884 199.90107108919128 128.17516054313492 198.53889120066276
128.17516054313492 198.53889120066276 126.35998037147387 208.46005467280912
126.35998037147387 208.46005467280912 114.9723247406696 209.2210072725294
114.9723247406696 209.2210072725294 120.74065360266067 208.83657563176166
120.74065360266067 208.83657563176166 113.20001480695589 221.659822475684
113.20001480695589 221.659822475684 115.84898311688039 243.34280551605235
115.84898311688039 243.34280551605235 123.24365740887217 248.45435622669066
26.457948879127454 249.45435622669066 0.7320200496541744 251.30120839897012
0.7320200496541744 251.30120839897012 0.0 256.2790051790093
0.0 256.2790051790093 26.457948879127454 249.45435622669066
27.457948879127457 261.9463597125948 30.759332736380586 258.13500954384733
30.759332736380586 258.13500954384733 29.953669798845567 262.57472001194157
29.953669798845567 262.57472001194157 37.05464174977992 261.17452579145845
37.05464174977992 261.17452579145845 35.75107050152111 259.2955543838598
35.75107050152111 259.2955543838598 38.92357711422271 259.3957244808831
38.92357711422271 259.3957244808831 37.941704981258795 253.9524746981352
37.941704981258795 253.9524746981352 41.46790356180113 254.43865428601993
41.46790356180113 254.43865428601993 36.068318299223336 251.90298992424312
36.068318299223336 251.90298992424312 37.17655445102624 249.45435622669066
37.17655445102624 249.45435622669066 28.7338489378962 255.47434646286214
28.7338489378962 255.47434646286214 27.457948879127457 261.9463597125948
61.55311798576453 253.1624785709026 59.08205043204014 249.45435622669066
59.08205043204014 249.45435622669066 49.52793362757302 252.23999703903908
49.52793362757302 252.23999703903908 53.28107728964888 254.06245474638274
53.28107728964888 254.06245474638274 47.59321829152936 261.09974231076717
47.59321829152936 261.09974231076717 43.46790356180112 266.5952255928326
43.46790356180112 266.5952255928326 47.47298357348006 261.3253538226828
47.47298357348006 261.3253538226828 48.003071661513715 263.520251461439
48.003071661513715 263.520251461439 61.55311798576453 253.1624785709026
65.2983195882102 268.64044983256014 70.18947711772995 271.79460554251546
70.18947711772995 271.79460554251546 74.08192758335687 260.2127416973199
74.08192758335687 260.2127416973199 73.19518232851838 257.85294404462917
73.19518232851838 257.85294404462917 61.57693481397636 249.45435622669063
61.57693481397636 249.45435622669063 64.0204734571134 258.4245410560078
64.0204734571134 258.4245410560078 61.55311798576453 254.08573921515557
61.55311798576453 254.08573921515557 65.2983195882102 268.64044983256014
114.70853945962962 267.5908890262459 118.60808065099438 265.7115818835068
118.60808065099438 265.7115818835068 120.59971844200051 257.5161742263986
120.59971844200051 257.5161742263986 114.4767213637815 249.45435622669066
114.4767213637815 249.45435622669066 114.43595599087672 256.62951551551106
114.43595599087672 256.62951551551106 111.52543670712247 255.09270211491994
111.52543670712247 255.09270211491994 108.9242343827181 252.1275413181309
108.9242343827181 252.1275413181309 112.10784921417334 254.76879068401485
112.10784921417334 254.76879068401485 108.37337450599901 251.6456262388396
108.37337450599901 251.6456262388396 87.50473033139488 272.4539197965073
87.50473033139488 272.4539197965073 76.08192758335687 290.59921549889515
76.08192758335687 290.59921549889515 78.03228921168284 296.68071268100414
78.03228921168284 296.68071268100414 82.27578877731747 297.2468523492697
82.27578877731747 297.2468523492697 101.51719015211424 278.22521295064934
101.51719015211424 278.22521295064934 104.53077517849438 282.68834930427363
104.53077517849438 282.68834930427363 105.13897305795028 270.3629028186408
105.13897305795028 270.3629028186408 114.70853945962962 267.5908890262459
122.59971844200052 261.9463597125948 125.90110229925365 258.13500954384733
125.90110229925365 258.13500954384733 125.09543936171863 262.57472001194157
125.09543936171863 262.57472001194157 132.196411312653 261.17452579145845
132.196411312653 261.17452579145845 130.89284006439416 259.2955543838598
130.89284006439416 259.2955543838598 134.0653466770958 259.3957244808831
134.0653466770958 259.3957244808831 133.08347454413186 253.9524746981352
133.08347454413186 253.9524746981352 136.6096731246742 254.43865428601993
136.6096731246742 254.43865428601993 131.2100878620964 251.90298992424312
131.2100878620964 251.90298992424312 132.3183240138993 249.45435622669066
132.3183240138993 249.45435622669066 123.87561850076926 255.47434646286214
123.87561850076926 255.47434646286214 122.59971844200052 261.9463597125948
38.62661187627274 315.3833851488249 42.52615306763751 313.5040780060859
42.52615306763751 313.5040780060859 44.51779085864364 305.30867034897767
44.51779085864364 305.30867034897767 38.39479378042462 297.2468523492697
38.39479378042462 297.2468523492697 38.354028407519856 304.4220116380901
38.354028407519856 304.4220116380901 35.443509123765594 302.88519823749897
35.443509123765594 302.88519823749897 32.842306799361225 299.92003744070996
32.842306799361225 299.92003744070996 36.02592163081647 302.5612868065939
36.02592163081647 302.5612868065939 32.29144692264214 299.43812236141866
32.29144692264214 299.43812236141866 11.422802748038016 320.24641591908636
11.422802748038016 320.24641591908636 0.0 338.3917116214742
0.0 338.3917116214742 1.9503616283259646 344.47320880358313
1.9503616283259646 344.47320880358313 6.193861193960593 345.03934847184877
6.193861193960593 345.03934847184877 25.435262568757363 326.0177090732284
25.435262568757363 326.0177090732284 28.44884759513751 330.4808454268527
28.44884759513751 330.4808454268527 29.05704547459341 318.15539894121986
29.05704547459341 318.15539894121986 38.62661187627274 315.3833851488249
68.81497997020927 297.2468523492697 67.00637261763116 298.53520235799607
67.00637261763116 298.53520235799607 46.51779085864364 360.66955242124243
46.51779085864364 360.66955242124243 55.961737278832445 354.13256891392086
55.961737278832445 354.13256891392086 68.81497997020927 297.2468523492697
68.81497997020927 298.93148305960017 73.03322632566321 304.8130464117718
73.03322632566321 304.8130464117718 76.47822277225191 302.5882379483922
76.47822277225191 302.5882379483922 73.49519118425204 299.42750774253267
73.49519118425204 299.42750774253267 70.99758386872196 299.38802536023394
70.99758386872196 299.38802536023394 72.2601865893069 298.118934161441
72.2601865893069 298.118934161441 71.43713386933588 297.2468523492697
71.43713386933588 297.2468523492697 68.81497997020927 298.93148305960017
77.4782227722519 301.3967930273159 80.42509549860863 301.927906317852
80.42509549860863 301.927906317852 89.246386364409 300.8369492229849
89.246386364409 300.8369492229849 84.21907453978349 297.2468523492697
84.21907453978349 297.2468523492697 77.4782227722519 301.3967930273159
91.246386364409 301.3967930273159 94.19325909076574 301.927906317852
94.19325909076574 301.927906317852 103.01454995656611 300.8369492229849
103.01454995656611 300.8369492229849 97.9872381319406 297.2468523492697
97.9872381319406 297.2468523492697 91.246386364409 301.3967930273159
109.3258379667331 314.6097728925108 114.54306582885698 313.2666525707711
114.54306582885698 313.2666525707711 113.78925416535947 298.1452098553192
113.78925416535947 298.1452098553192 105.01454995656613 297.2468523492697
105.01454995656613 297.2468523492697 109.3258379667331 314.6097728925108
115.54306582885695 313.96504491410815 122.59900887277895 313.77026201304545
122.59900887277895 313.77026201304545 129.52203817351005 309.64732802220135
129.52203817351005 309.64732802220135 122.4914621051517 311.869816526132
122.4914621051517 311.869816526132 126.25217773374806 297.80606646872235
126.25217773374806 297.80606646872235 121.69579534024196 303.1368656928923
121.69579534024196 303.1368656928923 122.31099010461391 297.2468523492697
122.31099010461391 297.2468523492697 119.63417956282132 310.9616959909749
119.63417956282132 310.9616959909749 115.54306582885695 313.96504491410815
129.52203817351008 301.3967930273159 132.4689108998668 301.927906317852
132.4689108998668 301.927906317852 141.29020176566718 300.8369492229849
141.29020176566718 300.8369492229849 136.2628899410417 297.2468523492697
136.2628899410417 297.2468523492697 129.52203817351008 301.3967930273159
10.043642601916275 411.58501744727033 31.755052865222936 363.031732309771
31.755052865222936 363.031732309771 14.97514573617902 361.66955242124243
14.97514573617902 361.66955242124243 13.159965564517973 371.5907158933888
13.159965564517973 371.5907158933888 1.7723099337137072 372.35166849310906
1.7723099337137072 372.35166849310906 7.540638795704773 371.96723685234133
7.540638795704773 371.96723685234133 0.0 384.79048369626366
0.0 384.79048369626366 2.6489683099244985 406.473466736632
2.6489683099244985 406.473466736632 10.043642601916275 411.58501744727033
71.38166474149568 379.8060852207976 75.28120593286044 377.9267780780586
75.28120593286044 377.9267780780586 77.27284372386657 369.7313704209504
77.27284372386657 369.7313704209504 71.14984664564756 361.66955242124243
71.14984664564756 361.66955242124243 71.1090812727428 368.8447117100628
71.1090812727428 368.8447117100628 68.19856198898853 367.3078983094717
68.19856198898853 367.3078983094717 65.59735966458416 364.3427375126827
65.59735966458416 364.3427375126827 68.7809744960394 366.9839868785666
68.7809744960394 366.9839868785666 65.04649978786507 363.8608224333914
65.04649978786507 363.8608224333914 44.17785561326095 384.6691159910591
44.17785561326095 384.6691159910591 32.755052865222936 402.8144116934469
32.755052865222936 402.8144116934469 34.7054144935489 408.89590887555585
34.7054144935489 408.89590887555585 38.94891405918353 409.4620485438215
38.94891405918353 409.4620485438215 58.1903154339803 390.4404091452011
58.1903154339803 390.4404091452011 61.203900460360444 394.9035454988254
61.203900460360444 394.9035454988254 61.812098339816345 382.57809901319257
61.812098339816345 382.57809901319257 71.38166474149568 379.8060852207976
89.31648632578285 411.58501744727033 111.02789658908951 363.031732309771
111.02789658908951 363.031732309771 94.2479894600456 361.66955242124243
94.2479894600456 361.66955242124243 92.43280928838455 371.5907158933888
92.43280928838455 371.5907158933888 81.04515365758029 372.35166849310906
81.04515365758029 372.35166849310906 86.81348251957135 371.96723685234133
86.81348251957135 371.96723685234133 79.27284372386657 384.79048369626366
79.27284372386657 384.79048369626366 81.92181203379107 406.473466736632
81.92181203379107 406.473466736632 89.31648632578285 411.58501744727033
111.0278965890895 378.38774498608086 118.0838396330115 378.19296208501817
118.0838396330115 378.19296208501817 125.00686893374261 374.07002809417406
125.00686893374261 374.07002809417406 117.97629286538424 376.2925165981047
117.97629286538424 376.2925165981047 121.7370084939806 362.22876654069506
121.7370084939806 362.22876654069506 117.1806261004745 367.559565764865
117.1806261004745 367.559565764865 117.79582086484645 361.66955242124243
117.79582086484645 361.66955242124243 115.11901032305386 375.3843960629476
115.11901032305386 375.3843960629476 111.0278965890895 378.38774498608086
134.06873352115315 366.26412847490946 137.1384185726342 362.6840749242032
137.1384185726342 362.6840749242032 131.83582520546557 361.66955242124243
131.83582520546557 361.66955242124243 127.00686893374261 367.6264594327921
127.00686893374261 367.6264594327921 134.11287732675012 370.8238567385821
134.11287732675012 370.8238567385821 134.06873352115315 366.26412847490946
137.1384185726342 369.1828637453793 143.3350241649665 370.14229677991705
143.3350241649665 370.14229677991705 146.71074836267726 366.11790311093716
146.71074836267726 366.11790311093716 148.65568336454922 361.66955242124243
148.65568336454922 361.66955242124243 137.1384185726342 369.1828637453793
7.061864587410528 417.17959350093736 10.13154963889159 413.5995399502311
10.13154963889159 413.5995399502311 4.828956271722959 412.58501744727033
4.828956271722959 412.58501744727033 0.0 418.54192445882
0.0 418.54192445882 7.106008393007513 421.73932176461
7.106008393007513 421.73932176461 7.061864587410528 417.17959350093736
11.13154963889159 420.0983287714072 17.328155231223906 421.05776180594495
17.328155231223906 421.05776180594495 20.70387942893465 417.03336813696507
20.70387942893465 417.03336813696507 22.648814430806613 412.58501744727033
22.648814430806613 412.58501744727033 11.13154963889159 420.0983287714072
24.648814430806617 429.30321001210876 31.704757474728616 429.10842711104607
31.704757474728616 429.10842711104607 38.627786775459725 424.98549312020197
38.627786775459725 424.98549312020197 31.597210707101354 427.20798162413263
31.597210707101354 427.20798162413263 35.35792633569772 413.14423156672296
35.35792633569772 413.14423156672296 30.801543942191614 418.4750307908929
30.801543942191614 418.4750307908929 31.416738706563557 412.58501744727033
31.416738706563557 412.58501744727033 28.739928164770966 426.2998610889755
28.739928164770966 426.2998610889755 24.648814430806617 429.30321001210876
49.72868607873285 422.6217299414443 52.62509133487172 418.6073748223193
52.62509133487172 418.6073748223193 52.07616518364869 414.57898429386324
52.07616518364869 414.57898429386324 45.59730503027273 412.58501744727033
45.59730503027273 412.58501744727033 38.627786775459725 415.20010254316156
38.627786775459725 415.20010254316156 42.25254683248648 420.04705829275053
42.25254683248648 420.04705829275053 43.92935012717813 417.06361593492346
43.92935012717813 417.06361593492346 47.71553286322463 422.5354402949642
47.71553286322463 422.5354402949642 49.72868607873285 422.6217299414443
92.25170321114446 430.7215502468256 96.15124440250922 428.8422431040865
96.15124440250922 428.8422431040865 98.14288219351535 420.6468354469783
98.14288219351535 420.6468354469783 92.01988511529633 412.58501744727033
92.01988511529633 412.58501744727033 91.97911974239156 419.7601767360907
91.97911974239156 419.7601767360907 89.0686004586373 418.2233633354996
89.0686004586373 418.2233633354996 86.46739813423294 415.2582025387106
86.46739813423294 415.2582025387106 89.65101296568818 417.8994519045945
89.65101296568818 417.8994519045945 85.91653825751385 414.7762874594193
85.91653825751385 414.7762874594193 65.04789408290972 435.584581017087
65.04789408290972 435.584581017087 53.62509133487171 453.7298767194748
53.62509133487171 453.7298767194748 55.57545296319768 459.8113739015838
55.57545296319768 459.8113739015838 59.818952528832305 460.3775135698494
59.818952528832305 460.3775135698494 79.06035390362908 441.355874171229
79.06035390362908 441.355874171229 82.07393893000922 445.8190105248533
82.07393893000922 445.8190105248533 82.68213680946512 433.4935640392205
82.68213680946512 433.4935640392205 92.25170321114446 430.7215502468256
106.20474678092589 417.17959350093736 109.27443183240695 413.5995399502311
109.27443183240695 413.5995399502311 103.97183846523832 412.58501744727033
103.97183846523832 412.58501744727033 99.14288219351536 418.54192445882
99.14288219351536 418.54192445882 106.24889058652288 421.73932176461
106.24889058652288 421.73932176461 106.20474678092589 417.17959350093736
121.31807443432322 462.50048247329823 143.0294846976299 413.9471973357988
143.0294846976299 413.9471973357988 126.24957756858598 412.58501744727033
126.24957756858598 412.58501744727033 124.43439739692492 422.5061809194167
124.43439739692492 422.5061809194167 113.04674176612066 423.26713351913696
113.04674176612066 423.26713351913696 118.81507062811173 422.88270187836923
118.81507062811173 422.88270187836923 111.27443183240695 435.70594872229157
111.27443183240695 435.70594872229157 113.92340014233145 457.3889317626599
113.92340014233145 457.3889317626599 121.31807443432322 462.50048247329823
143.02948469762987 429.30321001210876 150.08542774155188 429.10842711104607
150.08542774155188 429.10842711104607 157.00845704228297 424.98549312020197
157.00845704228297 424.98549312020197 149.9778809739246 427.20798162413263
149.9778809739246 427.20798162413263 153.73859660252097 413.14423156672296
153.73859660252097 413.14423156672296 149.1822142090149 418.4750307908929
149.1822142090149 418.4750307908929 149.7974089733868 412.58501744727033
149.7974089733868 412.58501744727033 147.12059843159423 426.2998610889755
147.12059843159423 426.2998610889755 143.02948469762987 429.30321001210876
0.0 466.6504231513444 2.946872726356732 467.1815364418805
2.946872726356732 467.1815364418805 11.768163592157103 466.09057934701343
11.768163592157103 466.09057934701343 6.740851767531593 462.50048247329823
6.740851767531593 462.50048247329823 0.0 466.6504231513444
