GA: albano_sep

Execução 1:
Parametros: Pop=5000, CXPB=0.75, MUTPB=0.15, Parada=100
Tempo de Inicio (hh:mm:ss.ms) 2026-04-28 13:40:07.521603
gen	min    	max    	avg    	std    
0  	9459.49	9903.46	9680.55	60.2436
1  	9454.06	9891.53	9650.35	56.9059
32 	9362.86	9830.88	9569.34	80.6058
Tempo de Termino (hh:mm:ss.ms) 2026-04-28 13:41:32.621978
Tempo Total (hh:mm:ss.ms) 0:01:25.100375
Individuo: [[123, 69, 70, 141, 106, 148, 100, 132, 158, 19, 61, 88, 124, 6, 16, 56, 39, 24, 110, 2, 38, 84, 60, 89, 129, 139, 13, 45, 28, 104, 99, 31, 150, 155, 154, 113, 138, 21, 27, 62, 65, 20, 3, 111, 93, 108, 130, 147, 52, 115, 32, 79, 29, 54, 8, 87, 71, 17, 15, 67, 102, 48, 142, 33, 107, 149, 134, 146, 135, 137, 156, 160, 34, 76, 86, 92, 14, 25, 41, 44, 85, 133, 136, 121, 112, 122, 81, 35, 118, 58, 50, 66, 26, 10, 144, 152, 151, 30, 51, 1, 73, 72, 91, 126, 83, 90, 143, 0, 4, 163, 140, 94, 145, 120, 78, 49, 95, 80, 153, 101, 74, 46, 37, 157, 96, 11, 47, 5, 59, 103, 159, 162, 116, 36, 82, 42, 9, 55, 97, 125, 23, 7, 114, 22, 57, 131, 18, 53, 63, 64, 105, 127, 161, 117, 119, 75, 77, 40, 43, 128, 109, 98, 68, 12], [1, 0, 1, 1, 0, 1, 0, 0, 0, 0, 1, 0, 0, 0, 0, 0, 0, 0, 1, 0, 1, 0, 1, 0, 1, 1, 0, 1, 0, 0, 0, 1, 1, 1, 0, 1, 1, 0, 1, 0, 1, 1, 1, 0, 1, 0, 1, 0, 0, 0, 1, 0, 0, 1, 1, 0, 0, 0, 0, 1, 0, 1, 1, 0, 0, 1, 1, 0, 0, 0, 0, 1, 0, 1, 0, 0, 1, 0, 0, 0, 0, 1, 0, 0, 0, 1, 1, 1, 0, 1, 1, 0, 1, 0, 1, 1, 1, 0, 1, 0, 1, 0, 1, 1, 0, 0, 1, 1, 0, 1, 0, 1, 1, 1, 0, 1, 1, 0, 1, 1, 1, 0, 0, 1, 1, 0, 0, 1, 0, 1, 1, 0, 0, 0, 1, 0, 1, 1, 1, 1, 0, 1, 0, 0, 1, 1, 1, 0, 1, 0, 1, 0, 1, 1, 1, 1, 0, 1, 0, 0, 1, 1, 1, 0]]
Fitness:  9311.326243251346
Gens:  [0, 1, 2, 3, 4, 5, 6, 7, 8, 9, 10, 11, 12, 13, 14, 15, 16, 17, 18, 19, 20, 21, 22, 23, 24, 25, 26, 27, 28, 29, 30, 31, 32]
Inds:  [9459.486243251347, 9454.063743251352, 9422.331243251352, 9414.218743251351, 9414.218743251351, 9401.981243251346, 9401.981243251346, 9382.29624325134, 9382.29624325134, 9382.29624325134, 9377.936243251348, 9377.936243251348, 9357.28874325135, 9357.28874325135, 9357.28874325135, 9357.28874325135, 9343.781243251353, 9343.781243251353, 9314.431243251354, 9318.70374325135, 9363.268743251341, 9311.326243251346, 9311.326243251346, 9311.326243251346, 9338.821243251341, 9354.053743251348, 9352.676243251344, 9352.676243251344, 9340.268743251345, 9330.95124325135, 9330.95124325135, 9337.383743251348, 9362.861243251356]

