GA: albano_mod_sep

Execução 1:
Parametros: Pop=5000, CXPB=0.75, MUTPB=0.15, Parada=100
Tempo de Inicio (hh:mm:ss.ms) 2026-04-28 13:40:07.527683
gen	min    	max    	avg    	std    
0  	10391.4	11389.4	10878.2	124.132
1  	10382.4	11240.3	10814  	118.728
57 	10188.5	11251.8	10648.9	163.016
Tempo de Termino (hh:mm:ss.ms) 2026-04-28 13:43:47.717388
Tempo Total (hh:mm:ss.ms) 0:03:40.189705
Individuo: [[188, 212, 70, 28, 27, 116, 84, 68, 88, 25, 200, 180, 228, 227, 135, 224, 176, 223, 199, 3, 20, 18, 32, 23, 26, 93, 29, 21, 155, 65, 144, 40, 105, 71, 51, 57, 54, 53, 37, 7, 59, 41, 216, 204, 73, 67, 85, 104, 191, 147, 89, 175, 148, 72, 125, 76, 151, 97, 55, 117, 110, 81, 75, 0, 92, 61, 186, 86, 8, 222, 202, 145, 114, 4, 14, 152, 170, 183, 130, 128, 34, 118, 234, 138, 161, 50, 39, 99, 238, 159, 219, 203, 225, 181, 169, 233, 98, 101, 56, 190, 215, 78, 166, 95, 82, 162, 58, 87, 52, 185, 239, 178, 229, 49, 94, 132, 197, 209, 213, 189, 119, 139, 157, 33, 19, 36, 208, 217, 245, 232, 177, 195, 126, 174, 193, 244, 206, 30, 74, 196, 242, 134, 100, 153, 16, 198, 45, 2, 11, 122, 22, 15, 24, 136, 35, 1, 158, 133, 243, 123, 220, 194, 140, 221, 201, 62, 42, 12, 31, 187, 171, 184, 164, 102, 172, 69, 79, 60, 80, 236, 210, 107, 43, 240, 160, 235, 230, 205, 214, 6, 182, 168, 241, 226, 231, 246, 38, 143, 165, 113, 146, 137, 108, 121, 96, 17, 9, 247, 207, 106, 44, 192, 211, 77, 173, 218, 131, 124, 63, 163, 64, 48, 66, 150, 129, 112, 13, 141, 103, 127, 142, 237, 83, 167, 115, 5, 149, 46, 91, 47, 10, 109, 154, 179, 156, 120, 111, 90], [1, 1, 1, 1, 0, 1, 0, 1, 0, 1, 1, 1, 0, 0, 0, 0, 1, 0, 1, 0, 1, 1, 1, 1, 1, 0, 0, 1, 1, 0, 0, 0, 0, 0, 0, 1, 0, 0, 1, 0, 1, 0, 1, 1, 0, 1, 0, 1, 1, 1, 1, 0, 1, 0, 0, 1, 1, 0, 1, 0, 1, 0, 1, 1, 0, 0, 1, 1, 1, 1, 0, 0, 1, 1, 1, 0, 1, 0, 1, 0, 1, 1, 1, 0, 1, 1, 0, 0, 1, 0, 0, 0, 0, 0, 0, 0, 0, 1, 0, 1, 0, 0, 1, 1, 0, 1, 1, 0, 0, 1, 1, 1, 0, 1, 1, 0, 1, 0, 1, 0, 0, 1, 1, 0, 1, 0, 0, 0, 1, 1, 0, 1, 1, 1, 0, 1, 0, 0, 1, 0, 0, 1, 0, 1, 0, 0, 0, 0, 0, 0, 0, 0, 0, 0, 0, 1, 1, 0, 1, 1, 1, 1, 0, 0, 1, 1, 1, 1, 0, 1, 0, 0, 1, 0, 0, 0, 1, 1, 1, 0, 1, 1, 0, 1, 1, 1, 0, 1, 1, 1, 0, 1, 1, 0, 0, 0, 1, 0, 0, 0, 1, 0, 0, 1, 0, 0, 1, 1, 1, 0, 1, 1, 1, 1, 1, 1, 0, 1, 0, 1, 0, 1, 0, 1, 0, 0, 1, 0, 0, 0, 0, 0, 1, 1, 1, 1, 1, 0, 1, 0, 0, 1, 1, 1, 1, 0, 0, 1]]
Fitness:  10160.184864774883
Gens:  [0, 1, 2, 3, 4, 5, 6, 7, 8, 9, 10, 11, 12, 13, 14, 15, 16, 17, 18, 19, 20, 21, 22, 23, 24, 25, 26, 27, 28, 29, 30, 31, 32, 33, 34, 35, 36, 37, 38, 39, 40, 41, 42, 43, 44, 45, 46, 47, 48, 49, 50, 51, 52, 53, 54, 55, 56, 57]
Inds:  [10391.363766359758, 10382.41293562106, 10365.705021753243, 10365.705021753243, 10346.781235647832, 10326.93288334627, 10316.736769372768, 10334.918505958283, 10317.798135370738, 10334.918505958283, 10221.531803845744, 10268.716611552243, 10265.123556087261, 10265.123556087261, 10253.534429536756, 10253.534429536756, 10220.51706403731, 10204.171961659791, 10227.935511264677, 10179.231773741567, 10255.161452157581, 10215.741701721692, 10214.762215623927, 10214.762215623927, 10214.762215623927, 10214.762215623927, 10251.96822207547, 10171.534302378626, 10171.534302378626, 10222.623631650604, 10222.623631650604, 10222.623631650604, 10236.236406386266, 10236.236406386266, 10236.236406386266, 10233.568943844382, 10239.509336476536, 10223.487830933162, 10164.996079911847, 10207.884357090648, 10223.299533416768, 10216.578483047742, 10216.578483047742, 10161.40548564346, 10161.40548564346, 10221.024384039023, 10160.184864774883, 10160.184864774883, 10183.317566475864, 10213.556466054906, 10213.953494108659, 10190.294506236402, 10171.769567195597, 10168.475972612605, 10230.324414675799, 10162.542546514154, 10186.605011670572, 10188.46300783683]

