GA: art_12_regular_sep

Execução 1:
Parametros: Pop=5000, CXPB=0.75, MUTPB=0.15, Parada=100
Tempo de Inicio (hh:mm:ss.ms) 2026-04-28 13:41:30.828484
gen	min    	max    	avg    	std  
0  	145.901	154.287	150.164	1.226
1  	145.502	153.864	149.506	1.16486
18 	143.496	153.364	148.042	1.59891
Tempo de Termino (hh:mm:ss.ms) 2026-04-28 13:42:02.305831
Tempo Total (hh:mm:ss.ms) 0:00:31.477347
Individuo: [[16, 40, 45, 20, 4, 63, 52, 65, 86, 55, 9, 0, 37, 31, 26, 35, 14, 53, 32, 73, 70, 24, 23, 21, 51, 28, 17, 13, 3, 1, 54, 25, 39, 46, 29, 68, 67, 84, 43, 47, 18, 88, 80, 10, 6, 34, 36, 64, 57, 71, 95, 97, 98, 83, 49, 11, 33, 38, 42, 59, 92, 89, 58, 66, 93, 12, 8, 72, 79, 76, 94, 85, 87, 60, 15, 44, 19, 5, 30, 2, 99, 96, 56, 82, 62, 74, 48, 61, 90, 91, 81, 75, 69, 50, 7, 27, 77, 22, 41, 78], [1, 1, 0, 1, 1, 1, 1, 1, 1, 1, 0, 0, 0, 1, 1, 0, 1, 1, 1, 1, 0, 1, 1, 1, 1, 0, 0, 0, 1, 0, 1, 0, 1, 1, 0, 0, 1, 1, 1, 0, 0, 0, 0, 1, 0, 0, 0, 1, 0, 0, 1, 1, 0, 0, 0, 0, 1, 1, 1, 1, 1, 1, 1, 1, 1, 0, 1, 1, 1, 1, 1, 1, 0, 0, 0, 1, 1, 1, 1, 0, 1, 1, 1, 1, 0, 1, 0, 0, 0, 1, 0, 0, 1, 1, 0, 0, 1, 1, 0, 1]]
Fitness:  143.30781431546436
Gens:  [0, 1, 2, 3, 4, 5, 6, 7, 8, 9, 10, 11, 12, 13, 14, 15, 16, 17, 18]
Inds:  [145.90114276596174, 145.50160587490137, 145.49174915370173, 144.86880054193148, 144.72495887468375, 144.7127243093306, 144.32636863335262, 143.30781431546436, 143.7093825845928, 143.7093825845928, 143.7093825845928, 143.35931217140282, 143.35931217140282, 143.80304335804828, 143.6475679638356, 143.54333300316534, 143.54333300316534, 143.5170239605724, 143.49614834355896]

