GA: art_18_hole_pack

Execução 1:
Parametros: Pop=5000, CXPB=0.75, MUTPB=0.15, Parada=100
Tempo de Inicio (hh:mm:ss.ms) 2026-04-28 13:45:28.705771
gen	min    	max   	avg    	std    
0  	274.925	288.87	282.176	1.89114
1  	275.317	287.926	281.222	1.79722
29 	271.642	287.005	278.701	2.56658
Tempo de Termino (hh:mm:ss.ms) 2026-04-28 13:47:14.079364
Tempo Total (hh:mm:ss.ms) 0:01:45.373593
Individuo: [[23, 2, 78, 32, 159, 77, 197, 123, 58, 147, 150, 102, 218, 67, 61, 42, 40, 207, 200, 91, 92, 152, 191, 50, 21, 179, 45, 190, 9, 82, 172, 20, 56, 188, 96, 212, 208, 194, 4, 169, 25, 166, 44, 189, 128, 26, 15, 187, 41, 46, 1, 164, 10, 66, 144, 113, 116, 209, 90, 89, 53, 72, 117, 184, 162, 134, 211, 48, 29, 0, 151, 124, 51, 84, 17, 64, 54, 103, 111, 70, 98, 131, 126, 5, 204, 226, 215, 112, 153, 186, 86, 63, 118, 19, 47, 177, 99, 35, 125, 120, 140, 73, 97, 6, 106, 38, 160, 68, 173, 27, 71, 94, 182, 178, 31, 192, 93, 135, 148, 225, 203, 59, 154, 156, 43, 28, 81, 49, 167, 87, 201, 14, 227, 121, 180, 222, 130, 133, 137, 109, 122, 55, 138, 224, 129, 221, 76, 219, 216, 210, 171, 198, 37, 119, 139, 18, 83, 110, 114, 174, 157, 11, 65, 181, 127, 145, 136, 213, 168, 34, 195, 170, 22, 206, 196, 163, 7, 165, 39, 36, 8, 60, 57, 13, 155, 217, 149, 141, 52, 74, 202, 185, 3, 16, 161, 24, 100, 108, 142, 30, 132, 115, 33, 95, 176, 175, 62, 223, 69, 85, 75, 104, 220, 214, 199, 101, 105, 107, 193, 183, 79, 146, 143, 88, 205, 228, 158, 80, 12], [0, 0, 1, 1, 1, 0, 0, 1, 0, 0, 1, 0, 0, 1, 0, 0, 0, 0, 0, 1, 1, 1, 0, 0, 0, 0, 1, 1, 0, 0, 0, 1, 0, 0, 1, 0, 1, 1, 1, 1, 0, 1, 1, 1, 1, 0, 0, 0, 0, 1, 0, 1, 1, 1, 1, 1, 0, 0, 1, 1, 0, 1, 0, 0, 0, 1, 1, 1, 1, 0, 1, 1, 1, 0, 0, 0, 0, 1, 0, 1, 0, 0, 0, 0, 1, 1, 0, 1, 1, 1, 1, 0, 1, 1, 0, 0, 1, 1, 0, 0, 1, 0, 0, 0, 1, 0, 1, 1, 1, 1, 0, 0, 1, 0, 1, 1, 1, 1, 1, 1, 0, 0, 1, 0, 1, 1, 0, 0, 0, 0, 1, 1, 0, 1, 0, 1, 0, 1, 0, 0, 0, 1, 1, 0, 0, 1, 0, 1, 1, 0, 1, 1, 1, 1, 1, 1, 0, 1, 1, 0, 0, 0, 1, 0, 1, 1, 1, 0, 1, 1, 0, 0, 1, 1, 0, 0, 1, 0, 1, 0, 0, 0, 1, 1, 0, 1, 0, 0, 0, 1, 1, 1, 1, 0, 0, 0, 0, 0, 1, 0, 1, 0, 0, 1, 0, 0, 1, 1, 1, 0, 0, 0, 1, 1, 1, 0, 0, 0, 1, 1, 0, 0, 1, 0, 0, 0, 0, 0, 0]]
Fitness:  271.09024135799064
Gens:  [0, 1, 2, 3, 4, 5, 6, 7, 8, 9, 10, 11, 12, 13, 14, 15, 16, 17, 18, 19, 20, 21, 22, 23, 24, 25, 26, 27, 28, 29]
Inds:  [274.92452266065476, 275.3169477532076, 273.99002491920794, 274.2857362850745, 272.81369696663825, 273.3317037497733, 273.3033633712626, 273.0975002141923, 272.91449958670245, 272.91449958670245, 272.1328494776953, 272.1328494776953, 271.12067977202764, 271.12067977202764, 272.14535088809146, 272.14535088809146, 271.9298424011708, 271.9298424011708, 271.09024135799064, 271.85635299518555, 271.9298424011708, 271.7860849728326, 271.9645617960412, 272.40087389870655, 271.7749391685425, 271.6251300957321, 271.1316090205632, 271.3985227830918, 271.6251300957321, 271.64228715497677]

