GA: art_10_regular_pack

Execução 1:
Parametros: Pop=5000, CXPB=0.75, MUTPB=0.15, Parada=100
Tempo de Inicio (hh:mm:ss.ms) 2026-04-28 13:40:07.518552
gen	min    	max    	avg    	std    
0  	187.722	199.363	193.726	1.63369
1  	188.255	198.928	192.922	1.50027
25 	185.219	198.033	190.873	2.09939
Tempo de Termino (hh:mm:ss.ms) 2026-04-28 13:41:02.588321
Tempo Total (hh:mm:ss.ms) 0:00:55.069769
Individuo: [[19, 8, 105, 104, 111, 100, 112, 72, 113, 28, 103, 24, 102, 12, 116, 126, 49, 87, 93, 129, 101, 107, 110, 69, 115, 125, 97, 96, 79, 47, 36, 27, 35, 52, 14, 5, 30, 65, 74, 95, 85, 83, 122, 59, 90, 84, 66, 114, 75, 57, 55, 51, 54, 91, 82, 99, 130, 127, 108, 128, 73, 70, 53, 56, 60, 3, 45, 23, 2, 123, 109, 26, 68, 16, 31, 10, 33, 25, 88, 64, 80, 58, 89, 77, 78, 124, 81, 20, 18, 6, 32, 61, 43, 40, 41, 4, 71, 22, 38, 1, 34, 106, 39, 62, 121, 46, 42, 37, 118, 119, 67, 7, 11, 48, 76, 29, 63, 44, 94, 0, 86, 92, 21, 15, 9, 13, 17, 50, 98, 117, 120], [1, 1, 1, 0, 1, 0, 1, 0, 1, 1, 1, 1, 1, 0, 0, 0, 0, 1, 1, 1, 0, 1, 0, 0, 0, 1, 1, 1, 0, 0, 1, 1, 1, 0, 0, 1, 1, 1, 1, 0, 1, 0, 0, 0, 1, 0, 0, 1, 0, 1, 1, 1, 0, 1, 0, 0, 0, 1, 0, 1, 1, 0, 1, 0, 0, 1, 1, 0, 1, 0, 0, 0, 0, 1, 1, 1, 0, 0, 0, 0, 0, 1, 1, 0, 0, 1, 1, 1, 1, 0, 0, 1, 1, 1, 1, 1, 1, 0, 0, 0, 0, 0, 0, 0, 0, 0, 0, 1, 0, 1, 1, 1, 1, 0, 1, 0, 0, 1, 0, 1, 1, 1, 0, 0, 1, 1, 1, 0, 0, 0, 0]]
Fitness:  184.22509347952405
Gens:  [0, 1, 2, 3, 4, 5, 6, 7, 8, 9, 10, 11, 12, 13, 14, 15, 16, 17, 18, 19, 20, 21, 22, 23, 24, 25]
Inds:  [187.722144346032, 188.25547507300934, 186.09953522180103, 185.531794174321, 186.0624498825102, 186.0624498825102, 185.33843160317636, 185.33843160317636, 186.0624498825102, 186.0624498825102, 186.27127616170972, 185.69571957870215, 185.61221839493018, 184.58775913750884, 184.22509347952405, 184.22509347952405, 185.61221839493018, 185.08650542363551, 186.01781177139017, 185.18881105597129, 185.20935947074514, 185.20935947074514, 185.23833476707176, 185.23833476707176, 185.23833476707176, 185.21873747941171]

