GA: art_7_regular_sep

Execução 1:
Parametros: Pop=5000, CXPB=0.75, MUTPB=0.15, Parada=100
Tempo de Inicio (hh:mm:ss.ms) 2026-04-28 13:56:07.726459
gen	min    	max    	avg    	std    
0  	267.655	287.034	278.168	2.58854
1  	267.655	285.99 	276.802	2.45003
27 	263.451	285.266	273.408	3.45271
Tempo de Termino (hh:mm:ss.ms) 2026-04-28 13:57:20.750879
Tempo Total (hh:mm:ss.ms) 0:01:13.024420
Individuo: [[33, 6, 44, 61, 67, 105, 90, 85, 81, 5, 14, 64, 13, 26, 18, 12, 119, 151, 27, 0, 152, 49, 19, 135, 104, 164, 54, 145, 23, 50, 93, 31, 7, 149, 29, 89, 52, 76, 103, 73, 128, 59, 34, 92, 131, 72, 17, 66, 4, 80, 75, 84, 116, 37, 55, 15, 11, 100, 45, 24, 60, 87, 91, 8, 115, 107, 139, 161, 156, 97, 154, 114, 165, 109, 110, 68, 123, 150, 159, 40, 47, 106, 118, 62, 30, 51, 134, 86, 88, 160, 157, 140, 3, 39, 120, 162, 148, 136, 127, 124, 130, 58, 35, 69, 101, 77, 141, 28, 99, 137, 82, 111, 158, 143, 142, 42, 25, 20, 41, 102, 65, 71, 78, 95, 94, 153, 155, 70, 112, 21, 9, 48, 46, 63, 2, 163, 121, 43, 144, 129, 122, 117, 32, 16, 10, 74, 147, 96, 98, 22, 146, 1, 38, 57, 108, 132, 83, 53, 56, 79, 125, 113, 138, 126, 133, 36], [1, 0, 0, 1, 0, 1, 0, 0, 1, 1, 1, 0, 1, 1, 1, 0, 0, 1, 1, 0, 1, 0, 0, 1, 0, 0, 0, 1, 0, 0, 0, 1, 0, 1, 1, 1, 0, 0, 1, 1, 1, 0, 0, 1, 1, 1, 0, 1, 0, 0, 1, 0, 0, 1, 0, 0, 1, 0, 1, 0, 0, 0, 0, 1, 0, 1, 1, 1, 0, 0, 1, 0, 0, 0, 0, 0, 0, 1, 1, 0, 0, 0, 1, 0, 1, 1, 0, 1, 0, 0, 1, 1, 0, 1, 1, 0, 0, 1, 1, 0, 1, 1, 1, 1, 1, 1, 1, 0, 1, 1, 0, 1, 1, 1, 0, 1, 0, 1, 1, 1, 1, 1, 1, 1, 0, 1, 1, 0, 1, 1, 1, 0, 1, 0, 1, 0, 0, 1, 0, 1, 1, 1, 1, 1, 1, 1, 1, 1, 0, 0, 0, 0, 0, 0, 1, 0, 0, 0, 1, 0, 1, 0, 1, 0, 0, 1]]
Fitness:  263.0813997687794
Gens:  [0, 1, 2, 3, 4, 5, 6, 7, 8, 9, 10, 11, 12, 13, 14, 15, 16, 17, 18, 19, 20, 21, 22, 23, 24, 25, 26, 27]
Inds:  [267.6548474682379, 267.6548474682379, 266.6029553935741, 266.6029553935741, 267.10605563400367, 266.90127141163936, 266.86546169739137, 266.05598456262993, 266.05598456262993, 264.61231821282644, 265.37323274306783, 265.2383635513977, 264.49487139005, 265.3219444458239, 264.707045331417, 264.4784192931403, 263.0813997687794, 263.0813997687794, 263.0813997687794, 263.8431438373301, 263.4110000409307, 263.4110000409307, 263.84312680415695, 263.8352591316121, 263.84312680415695, 264.2928053227298, 263.99179934762213, 263.45096831163386]

