GA: art_15_hole_sep

Execução 1:
Parametros: Pop=5000, CXPB=0.75, MUTPB=0.15, Parada=100
Tempo de Inicio (hh:mm:ss.ms) 2026-04-28 13:43:38.590126
gen	min    	max    	avg    	std    
0  	115.535	123.548	119.757	1.08333
1  	115.469	122.962	119.182	1.03092
44 	113.727	122.73 	117.696	1.48137
Tempo de Termino (hh:mm:ss.ms) 2026-04-28 13:44:38.484031
Tempo Total (hh:mm:ss.ms) 0:00:59.893905
Individuo: [[26, 8, 18, 12, 44, 40, 60, 31, 57, 70, 27, 66, 21, 14, 72, 73, 50, 32, 30, 49, 1, 71, 76, 79, 59, 61, 63, 48, 68, 36, 75, 35, 38, 41, 19, 16, 33, 5, 13, 47, 65, 24, 25, 15, 10, 0, 6, 45, 77, 46, 29, 39, 11, 23, 28, 17, 9, 7, 4, 20, 67, 58, 53, 43, 69, 34, 37, 62, 74, 54, 56, 42, 22, 78, 64, 52, 51, 55, 3, 2], [0, 1, 1, 1, 1, 1, 0, 0, 1, 0, 1, 1, 0, 1, 1, 1, 0, 0, 1, 1, 1, 0, 0, 0, 0, 0, 1, 0, 0, 1, 1, 0, 0, 1, 1, 0, 0, 0, 0, 0, 1, 0, 1, 1, 0, 0, 0, 0, 1, 0, 0, 1, 0, 0, 1, 1, 0, 1, 0, 0, 0, 1, 0, 1, 0, 1, 0, 0, 0, 0, 0, 1, 1, 1, 0, 1, 0, 0, 1, 1]]
Fitness:  113.25276157804346
Gens:  [0, 1, 2, 3, 4, 5, 6, 7, 8, 9, 10, 11, 12, 13, 14, 15, 16, 17, 18, 19, 20, 21, 22, 23, 24, 25, 26, 27, 28, 29, 30, 31, 32, 33, 34, 35, 36, 37, 38, 39, 40, 41, 42, 43, 44]
Inds:  [115.53544983207276, 115.46859684928535, 115.03696115297565, 114.73741545342095, 114.67077166838928, 114.94496255798543, 115.05925346995525, 114.30079013706292, 114.30079013706292, 114.92984853141165, 114.00232983866943, 114.00232983866943, 113.78464524739088, 113.78464524739088, 113.78464524739088, 114.0883629932168, 114.0883629932168, 114.0883629932168, 114.0883629932168, 113.8106917446196, 113.8106917446196, 113.8106917446196, 114.1043965101314, 113.4294980259083, 113.74472982040338, 113.93380423238581, 113.93380423238581, 113.93380423238581, 113.41363776777752, 113.93380423238581, 113.82933813791264, 113.82933813791264, 113.91687476203074, 113.25276157804346, 113.78112445546427, 113.39714878106102, 114.14217944536708, 114.14217944536708, 113.98920724307047, 114.11150613734814, 114.11150613734814, 113.37314183299866, 113.54464178440209, 113.54464178440209, 113.72735888121841]

