GA: art_25_hole_pack

Execução 1:
Parametros: Pop=5000, CXPB=0.75, MUTPB=0.15, Parada=100
Tempo de Inicio (hh:mm:ss.ms) 2026-04-28 13:51:25.354661
gen	min    	max    	avg    	std    
0  	91.9226	97.2813	94.6231	0.71208
1  	91.9332	96.8373	94.2588	0.683103
28 	90.9568	96.9153	93.4275	0.966332
Tempo de Termino (hh:mm:ss.ms) 2026-04-28 13:52:07.284472
Tempo Total (hh:mm:ss.ms) 0:00:41.929811
Individuo: [[77, 15, 71, 25, 56, 61, 5, 0, 85, 83, 87, 28, 37, 6, 29, 60, 18, 22, 20, 69, 80, 23, 14, 73, 43, 82, 21, 26, 19, 12, 8, 65, 63, 4, 67, 45, 30, 58, 84, 34, 78, 76, 46, 51, 41, 33, 2, 59, 55, 35, 11, 64, 52, 54, 7, 32, 1, 36, 62, 10, 38, 24, 86, 3, 49, 39, 31, 9, 44, 48, 53, 57, 40, 50, 72, 42, 75, 47, 27, 74, 70, 79, 68, 17, 13, 16, 81, 66], [1, 1, 1, 1, 0, 1, 1, 1, 0, 0, 0, 1, 0, 1, 0, 0, 0, 0, 0, 0, 0, 0, 0, 0, 1, 0, 1, 0, 1, 0, 1, 1, 0, 1, 0, 1, 0, 1, 0, 1, 0, 1, 0, 1, 0, 0, 0, 0, 0, 0, 0, 1, 1, 1, 1, 0, 0, 1, 0, 1, 0, 1, 1, 1, 1, 1, 0, 0, 1, 0, 1, 1, 1, 0, 0, 0, 0, 1, 1, 0, 0, 0, 1, 0, 1, 0, 0, 0]]
Fitness:  90.28892364165945
Gens:  [0, 1, 2, 3, 4, 5, 6, 7, 8, 9, 10, 11, 12, 13, 14, 15, 16, 17, 18, 19, 20, 21, 22, 23, 24, 25, 26, 27, 28]
Inds:  [91.92261775022382, 91.9332379520436, 91.6108384086374, 91.4716179092197, 91.36814795082753, 91.18785084074018, 91.38889271895891, 91.16423175277609, 91.31056360370764, 91.03069739385758, 91.03069739385758, 90.80122462258332, 90.80122462258332, 90.80122462258332, 90.78954558910743, 91.0229176122408, 91.02520756914224, 90.28892364165945, 90.32802652755821, 90.32802652755821, 90.32802652755821, 90.32802652755821, 90.65428833457996, 90.65428833457996, 90.69840225514704, 90.79466945235865, 90.94337965741563, 90.97400557816964, 90.95683223647328]

