GA: art_18_regular_sep

Execução 1:
Parametros: Pop=5000, CXPB=0.75, MUTPB=0.15, Parada=100
Tempo de Inicio (hh:mm:ss.ms) 2026-04-28 13:46:20.256535
gen	min    	max    	avg    	std    
0  	80.7794	87.7805	84.4541	1.02315
1  	80.4589	87.5525	83.8865	0.964539
66 	78.6479	87.148 	82.3242	1.3695  
Tempo de Termino (hh:mm:ss.ms) 2026-04-28 13:47:35.176098
Tempo Total (hh:mm:ss.ms) 0:01:14.919563
Individuo: [[12, 29, 25, 28, 14, 40, 54, 38, 22, 18, 35, 42, 17, 3, 46, 48, 59, 39, 47, 66, 65, 63, 60, 43, 61, 32, 13, 0, 2, 24, 19, 7, 16, 6, 1, 8, 26, 30, 5, 15, 10, 41, 51, 52, 58, 57, 34, 55, 44, 9, 4, 36, 21, 23, 49, 53, 45, 64, 62, 56, 50, 37, 11, 27, 33, 20, 31], [1, 0, 0, 1, 1, 1, 0, 1, 1, 1, 1, 0, 1, 1, 1, 0, 1, 1, 0, 1, 1, 1, 1, 0, 0, 0, 1, 0, 0, 1, 1, 1, 1, 1, 0, 1, 1, 1, 1, 1, 1, 1, 1, 0, 1, 1, 0, 0, 1, 0, 0, 1, 1, 1, 1, 0, 1, 0, 1, 1, 0, 1, 0, 0, 1, 1, 1]]
Fitness:  78.22798918351812
Gens:  [0, 1, 2, 3, 4, 5, 6, 7, 8, 9, 10, 11, 12, 13, 14, 15, 16, 17, 18, 19, 20, 21, 22, 23, 24, 25, 26, 27, 28, 29, 30, 31, 32, 33, 34, 35, 36, 37, 38, 39, 40, 41, 42, 43, 44, 45, 46, 47, 48, 49, 50, 51, 52, 53, 54, 55, 56, 57, 58, 59, 60, 61, 62, 63, 64, 65, 66]
Inds:  [80.7793917080158, 80.4588614815618, 80.43519604142868, 80.20808270209083, 80.3610449199593, 79.90165014638754, 79.71353407581036, 79.71353407581036, 79.31328556682861, 79.31328556682861, 79.52489964345521, 79.71313150000061, 79.63267960243567, 79.50603114508269, 79.50603114508269, 79.24166108971549, 79.46912098049482, 79.41215522567413, 79.28355863951755, 79.53274058313757, 79.49909358062806, 79.29301626456517, 79.35596581564795, 78.8694445768282, 78.8694445768282, 79.23418943975794, 79.23232911841872, 78.74251237723563, 78.74251237723563, 78.97924868823345, 79.26243272269068, 79.3581127856559, 79.06933056929257, 79.06933056929257, 79.06933056929257, 78.88971602885081, 78.78798573797022, 78.78798573797022, 78.59387101531482, 78.63679148160695, 78.63679148160695, 78.79025538642344, 78.79025538642344, 78.79025538642344, 78.37596836852359, 78.37596836852359, 78.44783961864869, 78.70282621078319, 78.87004329244357, 78.60151960958216, 78.518684486482, 78.27414881292822, 78.27414881292822, 78.27414881292822, 78.5198410211217, 78.22798918351812, 78.22798918351812, 78.22798918351812, 79.0334792160899, 78.84623147807706, 78.94852319261348, 79.03959650851817, 78.67438008207921, 78.67438008207921, 78.46724712403888, 78.68535203253983, 78.64794484271302]

