GA: art_13_irregular_pack

Execução 1:
Parametros: Pop=5000, CXPB=0.75, MUTPB=0.15, Parada=100
Tempo de Inicio (hh:mm:ss.ms) 2026-04-28 13:41:57.904491
gen	min   	max    	avg    	std     
0  	104.01	109.507	106.945	0.827223
1  	103.939	109.451	106.502	0.779079
29 	102.478	109.211	105.442	1.1101  
Tempo de Termino (hh:mm:ss.ms) 2026-04-28 13:42:45.083734
Tempo Total (hh:mm:ss.ms) 0:00:47.179243
Individuo: [[28, 29, 9, 67, 21, 70, 47, 54, 92, 87, 90, 86, 26, 10, 41, 40, 58, 68, 72, 73, 33, 53, 34, 42, 75, 8, 17, 37, 19, 14, 38, 74, 85, 51, 49, 50, 39, 13, 45, 44, 23, 16, 89, 78, 63, 66, 36, 31, 52, 77, 64, 82, 57, 94, 80, 3, 25, 0, 1, 43, 46, 69, 11, 65, 95, 55, 2, 5, 76, 35, 61, 56, 93, 79, 6, 4, 30, 7, 32, 71, 18, 15, 22, 91, 83, 84, 48, 24, 20, 12, 88, 59, 81, 60, 27, 62], [1, 1, 1, 0, 1, 1, 0, 1, 0, 1, 1, 1, 0, 1, 0, 0, 0, 1, 0, 1, 0, 1, 0, 1, 0, 0, 1, 1, 0, 0, 0, 0, 0, 0, 0, 1, 1, 0, 0, 0, 0, 0, 1, 1, 0, 0, 0, 1, 0, 1, 0, 0, 1, 1, 1, 1, 0, 1, 1, 0, 1, 1, 0, 0, 0, 0, 0, 1, 1, 1, 1, 1, 0, 0, 1, 1, 0, 0, 0, 0, 0, 0, 1, 1, 1, 0, 1, 1, 1, 0, 1, 0, 1, 0, 1, 0]]
Fitness:  102.15762854796814
Gens:  [0, 1, 2, 3, 4, 5, 6, 7, 8, 9, 10, 11, 12, 13, 14, 15, 16, 17, 18, 19, 20, 21, 22, 23, 24, 25, 26, 27, 28, 29]
Inds:  [104.00996467774927, 103.93900474113521, 103.70610823537353, 103.33477530926524, 103.12992156657201, 103.08527493035604, 103.10807948277761, 102.87900557845012, 102.87900557845012, 102.98130342594783, 102.96437809993196, 103.1858168144139, 102.24989928047535, 102.24989928047535, 102.24989928047535, 102.24989928047535, 102.24989928047535, 102.24741658791403, 102.15762854796814, 102.24989928047535, 102.24989928047535, 102.32212504927419, 102.15948998499186, 102.16448687916173, 102.22951013203594, 102.40249047754641, 102.5983411022105, 102.48978375537371, 102.41346622247046, 102.47829631881497]

