GA: art_7_regular_pack

Execução 1:
Parametros: Pop=5000, CXPB=0.75, MUTPB=0.15, Parada=100
Tempo de Inicio (hh:mm:ss.ms) 2026-04-28 13:55:53.143149
gen	min    	max    	avg    	std    
0  	146.481	155.143	151.105	1.27495
1  	145.962	154.894	150.453	1.24035
28 	143.728	154.921	148.839	1.71608
Tempo de Termino (hh:mm:ss.ms) 2026-04-28 13:56:46.159586
Tempo Total (hh:mm:ss.ms) 0:00:53.016437
Individuo: [[19, 106, 54, 86, 42, 18, 49, 85, 88, 101, 82, 25, 109, 95, 80, 103, 111, 66, 70, 9, 40, 29, 107, 94, 91, 90, 55, 87, 96, 92, 73, 97, 15, 37, 14, 81, 100, 60, 7, 44, 61, 104, 98, 105, 102, 110, 13, 8, 21, 45, 113, 112, 59, 76, 65, 75, 12, 11, 23, 31, 50, 99, 93, 89, 46, 56, 27, 30, 16, 4, 74, 0, 17, 22, 5, 64, 77, 71, 38, 67, 62, 43, 48, 69, 72, 78, 63, 83, 108, 24, 51, 57, 35, 36, 1, 53, 26, 3, 6, 2, 39, 52, 84, 79, 68, 28, 41, 20, 33, 47, 58, 32, 34, 10], [1, 1, 0, 0, 0, 0, 0, 1, 0, 1, 0, 0, 1, 1, 0, 1, 1, 1, 1, 1, 0, 0, 0, 0, 0, 0, 0, 1, 0, 1, 0, 1, 1, 0, 0, 1, 1, 1, 0, 1, 0, 1, 0, 0, 0, 0, 0, 1, 1, 1, 0, 0, 0, 0, 0, 0, 1, 1, 1, 1, 0, 1, 1, 0, 0, 0, 1, 0, 0, 0, 1, 0, 0, 0, 0, 1, 1, 0, 1, 0, 0, 1, 1, 0, 1, 0, 1, 1, 1, 0, 0, 1, 1, 0, 0, 1, 0, 1, 1, 1, 0, 0, 1, 1, 0, 1, 1, 1, 0, 0, 1, 1, 0, 1]]
Fitness:  143.00983653483104
Gens:  [0, 1, 2, 3, 4, 5, 6, 7, 8, 9, 10, 11, 12, 13, 14, 15, 16, 17, 18, 19, 20, 21, 22, 23, 24, 25, 26, 27, 28]
Inds:  [146.48094903600298, 145.96161336939997, 145.933524175131, 145.77609771172067, 145.54650526414946, 145.5176188461816, 145.42773366748966, 144.6254881801903, 144.95352789678228, 145.10491141279064, 145.08892030787567, 144.91859596777385, 145.00945555923653, 145.00945555923653, 144.72512541508706, 144.72512541508706, 144.22310518536338, 143.00983653483104, 143.00983653483104, 143.00983653483104, 143.98557787682873, 144.57085222294717, 144.57085222294717, 143.48395028672073, 143.48395028672073, 143.71364172126394, 144.1250744929945, 144.20103489668827, 143.72819540244407]

