GA: art_11_regular_sep

Execução 1:
Parametros: Pop=5000, CXPB=0.75, MUTPB=0.15, Parada=100
Tempo de Inicio (hh:mm:ss.ms) 2026-04-28 13:40:50.331486
gen	min    	max    	avg    	std    
0  	354.609	378.486	367.676	3.35567
1  	351.354	379.634	365.959	3.2366 
23 	349.12 	375.115	361.5  	4.43609
Tempo de Termino (hh:mm:ss.ms) 2026-04-28 13:42:19.315842
Tempo Total (hh:mm:ss.ms) 0:01:28.984356
Individuo: [[62, 207, 36, 12, 114, 55, 79, 35, 193, 77, 150, 237, 204, 21, 99, 175, 164, 219, 191, 46, 146, 72, 66, 127, 64, 9, 6, 192, 112, 122, 120, 132, 198, 224, 54, 190, 81, 226, 235, 233, 185, 92, 183, 147, 125, 134, 88, 216, 28, 29, 166, 234, 119, 149, 61, 231, 214, 115, 196, 148, 174, 210, 60, 41, 50, 135, 227, 194, 230, 78, 98, 201, 94, 90, 161, 188, 137, 145, 75, 111, 180, 15, 24, 17, 40, 14, 48, 154, 177, 176, 13, 162, 156, 124, 129, 130, 203, 209, 11, 74, 23, 58, 20, 93, 168, 117, 153, 200, 27, 238, 159, 38, 171, 37, 97, 195, 236, 225, 186, 121, 144, 141, 152, 160, 136, 172, 229, 51, 138, 208, 4, 65, 182, 228, 199, 169, 143, 223, 73, 91, 167, 157, 1, 95, 218, 142, 131, 67, 179, 59, 49, 118, 232, 103, 39, 197, 178, 106, 165, 123, 187, 140, 2, 68, 107, 63, 173, 82, 44, 113, 211, 206, 10, 3, 16, 26, 31, 69, 57, 30, 45, 84, 158, 184, 25, 33, 70, 22, 110, 101, 205, 89, 43, 34, 52, 19, 170, 76, 133, 108, 151, 102, 85, 116, 215, 155, 163, 220, 100, 5, 18, 189, 128, 87, 86, 7, 109, 32, 213, 212, 96, 56, 239, 47, 105, 126, 80, 83, 53, 8, 0, 42, 139, 202, 181, 104, 222, 217, 221, 71], [0, 1, 0, 0, 0, 1, 0, 1, 0, 0, 1, 1, 1, 1, 0, 1, 0, 0, 1, 0, 0, 0, 1, 1, 1, 0, 0, 1, 0, 1, 1, 1, 1, 1, 0, 1, 0, 0, 0, 0, 1, 0, 1, 1, 1, 1, 0, 1, 0, 0, 0, 0, 1, 0, 0, 0, 0, 1, 0, 0, 1, 0, 1, 0, 1, 1, 1, 1, 1, 0, 0, 0, 0, 1, 1, 1, 1, 0, 1, 0, 0, 0, 1, 1, 1, 0, 1, 1, 1, 1, 0, 0, 0, 1, 1, 1, 1, 0, 1, 0, 0, 0, 1, 1, 1, 0, 0, 0, 1, 1, 1, 1, 1, 1, 1, 1, 1, 0, 1, 1, 0, 0, 1, 1, 0, 1, 1, 0, 1, 0, 0, 1, 1, 1, 1, 0, 0, 0, 1, 1, 1, 1, 1, 0, 1, 1, 0, 1, 0, 0, 1, 0, 0, 0, 1, 1, 0, 0, 1, 1, 1, 0, 0, 0, 1, 0, 0, 1, 1, 1, 1, 1, 1, 0, 1, 1, 1, 1, 0, 1, 0, 0, 1, 1, 0, 1, 1, 1, 1, 0, 0, 1, 0, 1, 0, 1, 0, 0, 1, 1, 1, 1, 1, 0, 0, 1, 0, 0, 1, 0, 1, 0, 1, 0, 1, 1, 1, 0, 1, 0, 0, 1, 1, 1, 0, 0, 0, 1, 0, 0, 1, 1, 1, 1, 1, 1, 0, 1, 0, 1]]
Fitness:  348.5229386600101
Gens:  [0, 1, 2, 3, 4, 5, 6, 7, 8, 9, 10, 11, 12, 13, 14, 15, 16, 17, 18, 19, 20, 21, 22, 23]
Inds:  [354.60924171701885, 351.35357770851874, 352.7347667599937, 353.02779680132863, 353.02779680132863, 352.6195372119258, 350.85673424249967, 350.32679763309625, 350.32679763309625, 350.6821204895386, 350.3483681145197, 349.8081958098998, 348.5229386600101, 349.8081958098998, 349.8081958098998, 349.8081958098998, 349.93758798836467, 349.1084178256598, 349.804549380867, 349.804549380867, 349.7396758840303, 349.6640500325811, 349.5308024025981, 349.11952524956575]

