GA: art_22_irregular_sep

Execução 1:
Parametros: Pop=5000, CXPB=0.75, MUTPB=0.15, Parada=100
Tempo de Inicio (hh:mm:ss.ms) 2026-04-28 13:49:36.281178
gen	min    	max    	avg    	std    
0  	244.288	261.155	252.817	2.40179
1  	244.005	259.563	251.564	2.28417
32 	240.244	259.559	248.47 	3.18883
Tempo de Termino (hh:mm:ss.ms) 2026-04-28 13:51:21.462910
Tempo Total (hh:mm:ss.ms) 0:01:45.181732
Individuo: [[26, 186, 115, 76, 0, 1, 55, 183, 19, 29, 15, 23, 152, 118, 97, 200, 164, 114, 181, 153, 47, 88, 192, 20, 84, 189, 172, 133, 134, 68, 33, 187, 198, 80, 85, 129, 90, 194, 94, 52, 24, 91, 123, 113, 72, 5, 105, 67, 17, 35, 107, 21, 58, 82, 135, 95, 201, 138, 66, 18, 51, 78, 43, 40, 141, 160, 128, 4, 45, 30, 31, 12, 48, 2, 3, 199, 205, 61, 150, 207, 92, 191, 176, 117, 86, 171, 53, 42, 203, 202, 122, 59, 41, 146, 132, 169, 159, 145, 131, 125, 50, 130, 174, 77, 56, 73, 16, 155, 184, 163, 182, 178, 22, 14, 34, 110, 108, 100, 166, 49, 173, 185, 190, 157, 193, 196, 144, 148, 179, 99, 62, 57, 143, 89, 112, 126, 147, 119, 87, 102, 96, 162, 106, 13, 83, 168, 120, 104, 103, 188, 149, 154, 60, 32, 124, 206, 98, 101, 7, 8, 9, 71, 167, 195, 93, 38, 63, 158, 37, 79, 46, 25, 10, 111, 28, 142, 121, 11, 109, 204, 177, 180, 81, 70, 197, 65, 136, 165, 161, 36, 64, 6, 54, 139, 156, 127, 170, 69, 27, 39, 74, 175, 116, 75, 137, 151, 140, 44], [1, 1, 0, 1, 1, 0, 0, 0, 1, 1, 0, 0, 1, 1, 0, 1, 0, 0, 1, 1, 1, 1, 0, 1, 1, 1, 1, 1, 1, 0, 1, 0, 0, 0, 0, 0, 0, 0, 0, 0, 0, 0, 1, 1, 0, 1, 0, 0, 1, 1, 0, 0, 0, 1, 1, 0, 1, 1, 1, 1, 1, 0, 1, 1, 1, 1, 0, 1, 0, 0, 0, 0, 0, 0, 0, 0, 1, 1, 1, 1, 1, 1, 1, 0, 0, 0, 0, 1, 0, 0, 1, 1, 1, 0, 1, 1, 0, 1, 1, 0, 0, 1, 0, 1, 1, 0, 1, 0, 0, 1, 1, 1, 1, 0, 1, 1, 1, 1, 1, 0, 1, 1, 0, 0, 1, 1, 0, 0, 1, 0, 1, 1, 1, 1, 0, 0, 1, 1, 0, 0, 0, 1, 0, 0, 0, 0, 1, 1, 0, 0, 1, 1, 0, 1, 0, 1, 1, 1, 0, 1, 1, 0, 0, 1, 1, 0, 0, 1, 1, 0, 0, 0, 1, 1, 0, 1, 1, 0, 0, 1, 0, 0, 1, 1, 0, 1, 1, 0, 1, 0, 1, 1, 1, 0, 0, 1, 1, 0, 0, 0, 0, 1, 1, 0, 0, 1, 1, 1]]
Fitness:  238.4591523262364
Gens:  [0, 1, 2, 3, 4, 5, 6, 7, 8, 9, 10, 11, 12, 13, 14, 15, 16, 17, 18, 19, 20, 21, 22, 23, 24, 25, 26, 27, 28, 29, 30, 31, 32]
Inds:  [244.28838549555206, 244.00464117897457, 243.59011707813264, 241.90811092182116, 241.90811092182116, 242.06305109174266, 241.55883459060496, 241.4331072808853, 240.15648584919217, 240.80857581536222, 239.59844748894014, 241.08025076111477, 240.92491367868237, 240.78047783818764, 240.78047783818764, 240.51765585160888, 240.47208178319946, 239.91482237777095, 241.20965133990455, 239.5723747196588, 239.04085862392915, 238.4591523262364, 239.04085862392915, 239.04085862392915, 240.0496386161651, 239.48759055491035, 239.48759055491035, 239.6348593649994, 239.61476450169965, 239.61476450169965, 239.82347127291436, 239.82347127291436, 240.24384801263716]

