GA: art_13_hole_pack

Execução 1:
Parametros: Pop=5000, CXPB=0.75, MUTPB=0.15, Parada=100
Tempo de Inicio (hh:mm:ss.ms) 2026-04-28 13:41:36.503408
gen	min    	max    	avg   	std    
0  	478.595	502.123	490.34	3.15539
1  	476.247	500.134	488.708	2.96351
38 	472.805	498.969	484.766	4.13174
Tempo de Termino (hh:mm:ss.ms) 2026-04-28 13:45:15.913719
Tempo Total (hh:mm:ss.ms) 0:03:39.410311
Individuo: [[261, 170, 227, 200, 286, 49, 315, 159, 179, 344, 248, 279, 5, 188, 132, 47, 59, 17, 169, 216, 250, 254, 293, 99, 217, 299, 122, 280, 301, 328, 135, 176, 172, 91, 103, 278, 193, 253, 212, 125, 27, 120, 339, 337, 95, 0, 67, 33, 238, 277, 89, 294, 166, 123, 38, 345, 192, 22, 142, 152, 262, 240, 114, 173, 186, 246, 65, 252, 241, 115, 144, 87, 8, 259, 287, 310, 219, 191, 57, 96, 30, 6, 90, 162, 255, 121, 85, 66, 118, 124, 82, 54, 13, 347, 231, 154, 39, 165, 163, 134, 84, 153, 137, 303, 274, 273, 11, 352, 233, 247, 243, 214, 331, 249, 139, 102, 196, 234, 92, 112, 3, 18, 131, 158, 228, 332, 149, 260, 61, 117, 256, 268, 174, 327, 198, 184, 295, 119, 340, 189, 180, 160, 348, 23, 60, 290, 197, 323, 215, 187, 185, 267, 141, 202, 48, 69, 242, 336, 133, 40, 156, 318, 168, 232, 321, 329, 326, 330, 218, 308, 177, 225, 108, 306, 270, 72, 101, 195, 201, 210, 146, 157, 150, 107, 148, 190, 26, 145, 2, 45, 44, 41, 263, 20, 199, 213, 343, 284, 76, 258, 155, 171, 7, 209, 80, 12, 109, 35, 55, 333, 272, 305, 34, 285, 283, 130, 62, 161, 304, 1, 257, 36, 312, 126, 239, 50, 269, 351, 350, 296, 110, 73, 205, 220, 229, 42, 68, 147, 86, 4, 14, 56, 183, 297, 164, 324, 104, 136, 313, 128, 349, 175, 75, 21, 300, 63, 97, 309, 74, 335, 53, 64, 58, 70, 32, 322, 320, 325, 237, 111, 83, 307, 178, 223, 98, 181, 317, 116, 353, 224, 276, 19, 29, 266, 79, 207, 298, 281, 316, 77, 16, 46, 71, 311, 275, 138, 93, 265, 314, 143, 354, 81, 24, 15, 226, 244, 88, 25, 43, 289, 31, 222, 113, 338, 221, 236, 235, 9, 342, 105, 78, 127, 346, 37, 167, 341, 302, 282, 100, 151, 28, 271, 288, 291, 319, 230, 264, 52, 203, 51, 292, 106, 10, 194, 245, 206, 94, 140, 182, 129, 334, 204, 208, 251, 211], [1, 0, 0, 1, 0, 1, 1, 1, 0, 0, 0, 0, 0, 0, 0, 0, 0, 1, 0, 0, 1, 1, 0, 1, 1, 1, 1, 0, 1, 0, 0, 1, 1, 1, 1, 0, 0, 1, 1, 1, 1, 1, 1, 0, 1, 1, 1, 0, 1, 0, 0, 1, 0, 0, 0, 0, 0, 0, 0, 1, 0, 1, 1, 1, 0, 0, 0, 1, 1, 0, 0, 1, 0, 1, 1, 1, 1, 1, 1, 1, 1, 0, 1, 1, 0, 1, 0, 0, 1, 1, 1, 0, 1, 1, 0, 0, 1, 1, 1, 1, 1, 0, 1, 0, 1, 1, 0, 0, 0, 1, 0, 0, 1, 0, 1, 1, 0, 0, 1, 1, 1, 0, 0, 1, 0, 1, 0, 1, 1, 0, 1, 0, 1, 1, 1, 0, 1, 1, 1, 0, 1, 0, 0, 0, 0, 1, 0, 1, 1, 0, 1, 1, 0, 0, 1, 1, 0, 1, 1, 0, 0, 0, 1, 1, 1, 0, 1, 1, 0, 0, 1, 1, 0, 1, 1, 0, 0, 1, 1, 1, 0, 0, 1, 1, 1, 0, 1, 1, 1, 0, 1, 0, 0, 1, 0, 0, 0, 1, 1, 1, 1, 0, 0, 0, 1, 1, 1, 1, 1, 0, 0, 1, 0, 0, 0, 0, 1, 1, 0, 0, 1, 0, 1, 0, 1, 1, 1, 0, 1, 1, 1, 0, 0, 0, 1, 0, 1, 0, 0, 0, 0, 1, 1, 1, 1, 1, 1, 0, 1, 1, 0, 0, 1, 1, 1, 1, 1, 0, 0, 0, 1, 0, 0, 1, 1, 1, 1, 1, 0, 1, 0, 1, 1, 0, 0, 0, 1, 1, 1, 0, 1, 0, 0, 0, 0, 0, 0, 0, 0, 0, 0, 0, 0, 0, 0, 1, 0, 0, 0, 0, 1, 0, 1, 0, 1, 0, 0, 0, 0, 1, 1, 1, 1, 1, 0, 0, 1, 1, 0, 1, 1, 1, 1, 1, 0, 1, 1, 0, 0, 0, 0, 1, 0, 1, 0, 1, 0, 0, 0, 1, 1, 1, 0, 1, 1, 1, 0, 1, 1, 0, 0, 1, 0, 1, 1]]
Fitness:  472.2343701855767
Gens:  [0, 1, 2, 3, 4, 5, 6, 7, 8, 9, 10, 11, 12, 13, 14, 15, 16, 17, 18, 19, 20, 21, 22, 23, 24, 25, 26, 27, 28, 29, 30, 31, 32, 33, 34, 35, 36, 37, 38]
Inds:  [478.5949422760406, 476.2472211112231, 475.7954900143732, 475.0511585668865, 475.0511585668865, 475.2406668049614, 475.2406668049614, 474.708636440562, 474.708636440562, 474.9252197009994, 473.49939650304776, 473.9917431797015, 474.16071520419086, 474.1142504334438, 474.1142504334438, 473.42897392463453, 473.42897392463453, 473.9899681053927, 474.4154596188259, 474.4154596188259, 473.41874535778726, 474.1023704464605, 473.36187273211743, 473.36187273211743, 473.36187273211743, 473.36187273211743, 473.89066254121155, 472.2343701855767, 472.2343701855767, 472.995305679373, 473.78301807314335, 473.6499140766138, 473.6499140766138, 472.90876498438405, 473.3024507587199, 473.2823473926122, 472.80506070644645, 472.80506070644645, 472.80506070644645]

