GA: art_12_irregular_sep

Execução 1:
Parametros: Pop=5000, CXPB=0.75, MUTPB=0.15, Parada=100
Tempo de Inicio (hh:mm:ss.ms) 2026-04-28 13:41:19.887437
gen	min    	max    	avg    	std   
0  	239.706	254.452	247.021	2.1353
1  	238.342	253.397	245.922	2.04466
28 	235.207	254.317	243.046	2.85278
Tempo de Termino (hh:mm:ss.ms) 2026-04-28 13:42:53.935961
Tempo Total (hh:mm:ss.ms) 0:01:34.048524
Individuo: [[8, 119, 31, 21, 196, 90, 169, 45, 131, 17, 38, 89, 136, 141, 187, 146, 176, 184, 120, 182, 138, 142, 105, 102, 92, 109, 79, 33, 39, 106, 137, 191, 152, 122, 170, 110, 88, 204, 47, 185, 12, 192, 166, 117, 72, 100, 132, 96, 162, 153, 163, 151, 19, 13, 68, 7, 62, 44, 40, 85, 55, 64, 86, 154, 161, 177, 175, 148, 43, 87, 15, 194, 145, 128, 42, 20, 174, 91, 24, 104, 123, 99, 36, 125, 46, 80, 173, 134, 190, 149, 197, 165, 178, 93, 147, 195, 168, 140, 113, 76, 171, 207, 205, 66, 118, 201, 81, 4, 56, 129, 158, 203, 206, 57, 159, 198, 107, 48, 70, 27, 77, 23, 144, 180, 200, 78, 179, 114, 103, 98, 164, 6, 3, 10, 54, 157, 127, 135, 186, 193, 143, 133, 108, 2, 84, 49, 53, 63, 50, 73, 116, 34, 139, 94, 30, 97, 16, 11, 75, 111, 124, 150, 18, 0, 60, 32, 9, 69, 101, 28, 25, 37, 74, 189, 61, 115, 121, 35, 29, 22, 5, 67, 202, 41, 156, 71, 26, 95, 59, 82, 51, 1, 112, 181, 188, 155, 126, 160, 172, 83, 58, 52, 183, 130, 199, 14, 167, 65], [1, 0, 1, 0, 1, 0, 1, 0, 1, 0, 1, 0, 0, 0, 0, 0, 0, 1, 1, 1, 0, 1, 0, 0, 1, 1, 1, 0, 0, 0, 1, 0, 1, 0, 1, 0, 1, 1, 1, 1, 1, 0, 0, 0, 0, 0, 0, 1, 0, 1, 1, 1, 1, 0, 1, 0, 0, 0, 0, 1, 0, 1, 1, 0, 0, 1, 0, 1, 1, 0, 0, 1, 1, 0, 0, 1, 1, 1, 0, 0, 1, 1, 0, 1, 0, 0, 1, 0, 1, 1, 1, 0, 0, 0, 0, 1, 0, 1, 0, 1, 0, 1, 0, 0, 0, 0, 0, 0, 0, 0, 0, 0, 0, 0, 1, 0, 1, 0, 1, 1, 0, 0, 1, 0, 0, 0, 1, 0, 0, 1, 1, 0, 1, 1, 1, 0, 1, 1, 1, 1, 1, 0, 0, 0, 1, 0, 0, 1, 0, 1, 0, 0, 1, 0, 1, 0, 1, 0, 1, 1, 0, 0, 0, 0, 1, 1, 0, 1, 0, 0, 0, 0, 1, 0, 1, 1, 0, 0, 1, 1, 1, 0, 1, 1, 0, 1, 1, 0, 0, 0, 0, 1, 1, 1, 0, 1, 1, 1, 1, 0, 0, 1, 0, 0, 1, 0, 1, 1]]
Fitness:  234.40389673783034
Gens:  [0, 1, 2, 3, 4, 5, 6, 7, 8, 9, 10, 11, 12, 13, 14, 15, 16, 17, 18, 19, 20, 21, 22, 23, 24, 25, 26, 27, 28]
Inds:  [239.70575481186515, 238.34152521010168, 238.34152521010168, 238.34152521010168, 235.48654553120048, 236.4106603477974, 236.4106603477974, 235.94215074376513, 235.46569487374714, 235.46569487374714, 235.31960096321333, 235.31960096321333, 235.48786947673514, 235.48786947673514, 235.8301336275141, 235.56470209927454, 235.56470209927454, 234.40389673783034, 235.53084336185267, 235.3502237431084, 235.3502237431084, 235.07571336762382, 235.53084336185267, 234.8914463664505, 234.8914463664505, 235.27402236105536, 235.42135066507657, 234.8302790918309, 235.2068333859982]

