GA: art_23_hole_pack

Execução 1:
Parametros: Pop=5000, CXPB=0.75, MUTPB=0.15, Parada=100
Tempo de Inicio (hh:mm:ss.ms) 2026-04-28 13:49:51.639611
gen	min    	max    	avg    	std    
0  	430.504	451.733	441.514	2.62263
1  	430.504	450.03 	440.184	2.49796
41 	427.273	449.985	436.474	3.63721
Tempo de Termino (hh:mm:ss.ms) 2026-04-28 13:53:32.310490
Tempo Total (hh:mm:ss.ms) 0:03:40.670879
Individuo: [[62, 250, 55, 334, 292, 39, 75, 32, 272, 148, 146, 66, 118, 275, 273, 299, 202, 237, 191, 224, 43, 198, 307, 29, 88, 177, 127, 42, 33, 136, 90, 214, 331, 302, 44, 277, 248, 283, 295, 27, 151, 147, 104, 257, 106, 180, 317, 82, 251, 0, 1, 114, 313, 150, 13, 181, 193, 166, 258, 210, 68, 19, 112, 203, 173, 290, 323, 232, 143, 115, 269, 159, 291, 196, 294, 197, 149, 121, 125, 288, 85, 20, 79, 98, 325, 190, 256, 18, 116, 240, 298, 4, 71, 253, 123, 319, 107, 145, 328, 263, 80, 26, 46, 336, 217, 169, 246, 222, 64, 30, 279, 301, 91, 247, 17, 54, 24, 119, 140, 289, 135, 223, 304, 153, 310, 316, 201, 144, 324, 194, 219, 134, 5, 9, 249, 15, 124, 333, 41, 93, 38, 314, 23, 243, 207, 239, 242, 265, 285, 49, 168, 176, 231, 234, 315, 132, 309, 102, 110, 192, 268, 14, 8, 220, 227, 70, 89, 69, 37, 61, 101, 28, 48, 141, 97, 92, 282, 205, 229, 230, 103, 208, 52, 73, 163, 142, 45, 260, 267, 281, 131, 16, 305, 155, 212, 65, 184, 158, 105, 53, 96, 157, 128, 235, 31, 270, 183, 133, 233, 308, 164, 221, 77, 245, 74, 238, 287, 178, 58, 130, 81, 56, 311, 296, 51, 87, 100, 84, 36, 182, 109, 209, 322, 259, 264, 6, 7, 137, 2, 40, 152, 286, 186, 216, 200, 67, 284, 312, 83, 162, 187, 175, 129, 226, 326, 261, 139, 204, 206, 218, 271, 165, 321, 330, 274, 78, 154, 335, 156, 329, 241, 95, 161, 60, 72, 254, 171, 99, 57, 11, 266, 199, 63, 303, 108, 174, 111, 3, 34, 35, 12, 225, 185, 280, 332, 211, 160, 215, 179, 117, 170, 327, 213, 320, 318, 236, 188, 21, 276, 47, 195, 59, 122, 255, 120, 10, 22, 278, 293, 126, 252, 113, 189, 167, 228, 262, 138, 300, 86, 297, 25, 172, 76, 244, 50, 94, 306], [1, 1, 0, 0, 0, 0, 1, 0, 1, 0, 1, 1, 0, 0, 1, 1, 0, 1, 0, 0, 0, 1, 1, 0, 1, 0, 0, 1, 1, 0, 0, 1, 0, 1, 1, 0, 1, 0, 1, 1, 0, 0, 0, 1, 1, 0, 0, 1, 1, 0, 1, 0, 1, 0, 1, 0, 1, 1, 0, 0, 1, 0, 0, 0, 0, 0, 0, 1, 1, 0, 0, 1, 1, 1, 1, 0, 1, 0, 1, 1, 1, 1, 0, 0, 1, 0, 0, 1, 1, 0, 0, 0, 1, 0, 1, 0, 0, 1, 1, 0, 0, 0, 0, 1, 0, 1, 1, 1, 1, 1, 1, 0, 0, 0, 0, 0, 1, 0, 1, 0, 0, 0, 0, 1, 1, 0, 1, 0, 0, 0, 1, 0, 1, 0, 1, 0, 0, 1, 1, 1, 0, 1, 0, 0, 0, 1, 0, 1, 1, 0, 1, 1, 1, 1, 1, 1, 1, 1, 1, 1, 0, 0, 0, 1, 1, 1, 0, 0, 0, 1, 1, 0, 0, 0, 1, 1, 0, 1, 0, 0, 0, 0, 0, 0, 0, 1, 1, 1, 1, 0, 1, 0, 0, 1, 1, 0, 0, 1, 0, 0, 1, 0, 1, 0, 0, 1, 0, 0, 1, 0, 1, 1, 1, 0, 0, 0, 0, 0, 1, 0, 0, 1, 0, 0, 1, 0, 1, 0, 0, 1, 0, 1, 1, 1, 1, 0, 1, 0, 1, 1, 0, 0, 0, 1, 0, 0, 0, 1, 1, 0, 0, 1, 1, 0, 1, 0, 1, 0, 1, 1, 1, 1, 0, 0, 1, 1, 0, 0, 1, 1, 1, 0, 1, 1, 1, 0, 1, 0, 0, 1, 0, 1, 1, 0, 1, 0, 1, 1, 0, 1, 0, 1, 0, 1, 1, 0, 1, 1, 0, 0, 1, 1, 0, 0, 1, 0, 0, 0, 0, 0, 0, 1, 1, 1, 1, 0, 1, 1, 1, 1, 0, 1, 1, 0, 0, 1, 1, 0, 0, 0, 1, 0, 0, 0, 0, 0, 0]]
Fitness:  426.1906731451982
Gens:  [0, 1, 2, 3, 4, 5, 6, 7, 8, 9, 10, 11, 12, 13, 14, 15, 16, 17, 18, 19, 20, 21, 22, 23, 24, 25, 26, 27, 28, 29, 30, 31, 32, 33, 34, 35, 36, 37, 38, 39, 40, 41]
Inds:  [430.50419147363715, 430.50419147363715, 431.3927075770616, 430.89084723842046, 428.11212891089787, 428.11212891089787, 428.11212891089787, 428.11212891089787, 428.11212891089787, 427.9614661660709, 427.9320338103599, 427.9614661660709, 427.9938271306216, 427.9938271306216, 427.9938271306216, 428.28256811325394, 427.4983460983922, 426.4892343028168, 426.4892343028168, 426.4892343028168, 426.4788426751914, 426.4892343028168, 426.41918489718347, 426.41918489718347, 426.41918489718347, 426.41918489718347, 426.41918489718347, 426.9315882003575, 426.5863259101472, 426.5125335629994, 426.1906731451982, 426.5125335629994, 426.5125335629994, 427.03637575657956, 427.03637575657956, 427.03637575657956, 427.03637575657956, 427.1721920061051, 427.1721920061051, 426.6220274680531, 427.2728207748289, 427.2728207748289]

