GA: art_7_irregular_sep

Execução 1:
Parametros: Pop=5000, CXPB=0.75, MUTPB=0.15, Parada=100
Tempo de Inicio (hh:mm:ss.ms) 2026-04-28 13:55:45.800941
gen	min    	max    	avg    	std    
0  	112.843	122.942	118.103	1.28772
1  	112.821	122    	117.41 	1.23889
44 	110.569	121.34 	115.624	1.80285
Tempo de Termino (hh:mm:ss.ms) 2026-04-28 13:57:00.623459
Tempo Total (hh:mm:ss.ms) 0:01:14.822518
Individuo: [[5, 15, 24, 31, 40, 77, 74, 102, 27, 41, 33, 17, 2, 3, 10, 81, 67, 69, 46, 1, 30, 64, 63, 70, 58, 29, 49, 50, 4, 6, 20, 0, 68, 57, 84, 83, 75, 55, 22, 14, 21, 12, 34, 8, 43, 44, 71, 19, 26, 61, 92, 101, 86, 52, 51, 76, 45, 32, 28, 85, 82, 88, 94, 103, 59, 78, 62, 80, 96, 89, 91, 87, 90, 73, 53, 93, 97, 98, 16, 11, 25, 47, 48, 100, 72, 56, 36, 38, 42, 54, 65, 66, 23, 39, 13, 9, 18, 37, 60, 35, 7, 95, 99, 79], [1, 0, 0, 0, 0, 0, 1, 1, 0, 1, 0, 1, 1, 0, 0, 0, 0, 0, 0, 1, 1, 1, 0, 0, 1, 0, 1, 0, 1, 0, 1, 0, 0, 0, 1, 1, 0, 1, 0, 0, 0, 1, 0, 1, 1, 0, 0, 0, 0, 0, 1, 0, 1, 0, 1, 0, 0, 1, 1, 0, 1, 1, 1, 0, 1, 1, 0, 0, 0, 1, 1, 0, 1, 1, 1, 0, 1, 0, 1, 0, 0, 0, 1, 1, 1, 1, 1, 1, 0, 0, 1, 0, 1, 0, 0, 1, 0, 0, 1, 1, 0, 0, 0, 0]]
Fitness:  109.11670420022294
Gens:  [0, 1, 2, 3, 4, 5, 6, 7, 8, 9, 10, 11, 12, 13, 14, 15, 16, 17, 18, 19, 20, 21, 22, 23, 24, 25, 26, 27, 28, 29, 30, 31, 32, 33, 34, 35, 36, 37, 38, 39, 40, 41, 42, 43, 44]
Inds:  [112.84313787034944, 112.82064328550541, 112.66278761954102, 112.4863880011304, 112.38541922807487, 112.52555493895628, 111.4574680855865, 111.4574680855865, 111.45706498041812, 111.45706498041812, 111.60487692358858, 111.41901837360658, 111.36021571592855, 111.36021571592855, 110.75520267947243, 110.75520267947243, 110.75520267947243, 111.20904014257921, 111.27538644062294, 110.29035975364883, 110.60021523868646, 111.25469875459206, 110.27655308729382, 111.2787793573784, 111.3065690947242, 111.27702835693437, 110.4862414388599, 109.54026332288153, 109.54026332288153, 109.49726619288825, 109.50170181141502, 109.50170181141502, 109.50170181141502, 109.11670420022294, 109.11670420022294, 109.11670420022294, 109.67594498015998, 109.71067038643773, 109.71067038643773, 109.71067038643773, 109.71067038643773, 110.05625013302313, 110.20784465943882, 110.20784465943882, 110.56942090818649]

