GA: art_13_hole_sep

Execução 1:
Parametros: Pop=5000, CXPB=0.75, MUTPB=0.15, Parada=100
Tempo de Inicio (hh:mm:ss.ms) 2026-04-28 13:41:54.042871
gen	min    	max    	avg    	std    
0  	388.998	417.487	403.991	4.00285
1  	385.981	416.925	401.832	3.79548
47 	382.665	417.822	396.688	5.33303
Tempo de Termino (hh:mm:ss.ms) 2026-04-28 13:45:17.205355
Tempo Total (hh:mm:ss.ms) 0:03:23.162484
Individuo: [[191, 86, 252, 49, 10, 194, 58, 211, 149, 168, 121, 32, 34, 110, 264, 116, 241, 113, 148, 210, 157, 69, 218, 205, 209, 268, 99, 172, 160, 126, 224, 163, 46, 250, 263, 39, 265, 67, 72, 92, 35, 101, 2, 231, 29, 36, 246, 240, 181, 201, 109, 28, 47, 73, 38, 192, 14, 23, 234, 204, 0, 16, 54, 80, 61, 30, 132, 115, 111, 15, 63, 4, 53, 82, 166, 175, 155, 78, 60, 187, 190, 143, 244, 199, 196, 153, 75, 91, 141, 84, 151, 267, 243, 107, 164, 128, 174, 176, 57, 24, 41, 219, 11, 27, 258, 269, 74, 136, 119, 139, 62, 169, 182, 20, 68, 179, 254, 150, 230, 200, 21, 22, 48, 186, 90, 229, 50, 213, 177, 52, 19, 129, 114, 145, 235, 64, 127, 40, 102, 1, 71, 202, 144, 248, 108, 261, 6, 76, 195, 98, 17, 5, 31, 207, 13, 8, 236, 233, 9, 203, 225, 25, 197, 18, 100, 226, 12, 183, 193, 220, 154, 152, 158, 70, 247, 253, 112, 221, 184, 130, 135, 134, 171, 140, 137, 79, 106, 266, 97, 228, 7, 239, 138, 95, 161, 189, 59, 51, 185, 131, 45, 125, 133, 232, 215, 237, 33, 26, 178, 262, 167, 123, 257, 162, 142, 227, 83, 214, 3, 188, 77, 117, 222, 256, 56, 206, 223, 44, 245, 105, 42, 43, 104, 255, 122, 170, 173, 124, 88, 165, 180, 147, 251, 212, 94, 89, 103, 238, 260, 120, 96, 85, 81, 146, 208, 217, 249, 118, 156, 87, 93, 159, 259, 242, 216, 37, 55, 65, 270, 198, 66], [1, 1, 1, 1, 1, 1, 1, 0, 1, 1, 1, 0, 1, 1, 0, 0, 0, 0, 0, 0, 0, 1, 1, 1, 0, 0, 0, 1, 0, 1, 0, 0, 1, 0, 0, 1, 0, 1, 1, 1, 1, 0, 1, 0, 0, 1, 1, 0, 0, 1, 1, 0, 1, 1, 0, 1, 1, 1, 1, 0, 1, 1, 1, 1, 0, 1, 0, 0, 1, 1, 0, 1, 0, 0, 0, 1, 0, 1, 1, 1, 0, 0, 0, 0, 1, 1, 0, 1, 0, 1, 0, 0, 1, 1, 1, 0, 0, 0, 1, 1, 0, 0, 0, 1, 0, 0, 1, 1, 1, 1, 1, 1, 1, 1, 0, 0, 0, 0, 0, 1, 1, 0, 1, 1, 1, 0, 1, 0, 1, 1, 1, 0, 1, 1, 0, 1, 0, 1, 1, 0, 0, 1, 1, 1, 1, 0, 0, 1, 1, 0, 0, 0, 0, 0, 1, 1, 1, 1, 1, 0, 0, 0, 0, 0, 0, 1, 0, 0, 1, 0, 0, 0, 0, 0, 0, 0, 0, 0, 1, 0, 0, 1, 1, 0, 0, 1, 1, 0, 0, 1, 0, 1, 1, 0, 1, 1, 1, 1, 0, 1, 0, 1, 0, 0, 0, 0, 1, 0, 1, 0, 0, 1, 1, 1, 1, 1, 1, 0, 1, 0, 0, 0, 1, 0, 1, 0, 1, 1, 1, 0, 0, 0, 0, 1, 1, 1, 1, 0, 1, 0, 0, 1, 1, 1, 0, 1, 1, 0, 1, 0, 1, 0, 0, 0, 1, 1, 0, 0, 1, 1, 0, 0, 1, 0, 1, 1, 0, 0, 1, 0, 1]]
Fitness:  378.82810936150855
Gens:  [0, 1, 2, 3, 4, 5, 6, 7, 8, 9, 10, 11, 12, 13, 14, 15, 16, 17, 18, 19, 20, 21, 22, 23, 24, 25, 26, 27, 28, 29, 30, 31, 32, 33, 34, 35, 36, 37, 38, 39, 40, 41, 42, 43, 44, 45, 46, 47]
Inds:  [388.99768964653504, 385.98146721457454, 385.98146721457454, 385.95560112420657, 384.93296688376176, 383.9815188838139, 383.9815188838139, 383.9815188838139, 383.88205542973134, 383.8474516651026, 383.88205542973134, 382.50211047946226, 382.48216007654196, 383.13501788987645, 383.13501788987645, 381.7948310135625, 383.1461586176668, 383.38340923685723, 383.20694644254615, 383.20694644254615, 381.85714176630813, 381.99720955095705, 381.99296245935903, 381.99720955095705, 383.0584014134922, 382.779637122786, 381.7054667428667, 381.7054667428667, 381.7054667428667, 381.7054667428667, 381.7054667428667, 381.7054667428667, 381.7054667428667, 381.7054667428667, 381.7054667428667, 381.7054667428667, 378.82810936150855, 380.32368818201047, 380.32368818201047, 380.32368818201047, 380.32368818201047, 382.14255947194437, 382.14255947194437, 381.70434225251387, 379.30147562775994, 379.30147562775994, 383.1046309838397, 382.6647608096102]

