GA: art_15_hole_pack

Execução 1:
Parametros: Pop=5000, CXPB=0.75, MUTPB=0.15, Parada=100
Tempo de Inicio (hh:mm:ss.ms) 2026-04-28 13:43:15.315153
gen	min    	max    	avg    	std     
0  	100.962	106.158	103.739	0.770726
1  	100.832	105.773	103.347	0.725629
23 	99.5302	105.818	102.43 	1.01842 
Tempo de Termino (hh:mm:ss.ms) 2026-04-28 13:43:48.090921
Tempo Total (hh:mm:ss.ms) 0:00:32.775768
Individuo: [[22, 81, 1, 27, 51, 75, 26, 43, 54, 32, 49, 30, 50, 48, 57, 47, 52, 35, 72, 42, 78, 79, 5, 9, 23, 10, 2, 59, 74, 15, 65, 12, 28, 62, 11, 60, 18, 71, 7, 31, 17, 13, 56, 40, 37, 63, 61, 0, 58, 66, 6, 14, 29, 53, 20, 21, 67, 3, 68, 16, 8, 41, 46, 33, 73, 25, 45, 36, 19, 69, 44, 55, 38, 39, 34, 24, 76, 64, 4, 70, 77, 80], [0, 0, 0, 1, 0, 1, 0, 0, 0, 1, 0, 1, 1, 1, 0, 1, 1, 1, 0, 1, 1, 1, 1, 0, 1, 0, 0, 1, 1, 1, 0, 0, 0, 1, 1, 0, 1, 1, 0, 1, 1, 0, 1, 1, 1, 0, 1, 0, 0, 1, 0, 1, 0, 1, 0, 1, 0, 0, 1, 1, 0, 1, 1, 0, 1, 0, 1, 1, 0, 0, 0, 0, 1, 0, 0, 1, 1, 0, 0, 1, 1, 0]]
Fitness:  99.16758990153026
Gens:  [0, 1, 2, 3, 4, 5, 6, 7, 8, 9, 10, 11, 12, 13, 14, 15, 16, 17, 18, 19, 20, 21, 22, 23]
Inds:  [100.96197889227031, 100.83177234062958, 100.82789963957185, 100.1846534929717, 100.15280929157859, 100.15280929157859, 99.83260935650621, 100.22409464682492, 99.97054977870025, 99.76592455723258, 99.50425447582526, 99.50425447582526, 99.16758990153026, 99.16758990153026, 99.42965822389395, 99.5357813401875, 99.58249236411463, 99.54462483885364, 99.62461366456864, 99.54698575601566, 99.54914801319438, 99.5695358693193, 99.4938189799622, 99.53017044173544]

