GA: art_10_hole_pack

Execução 1:
Parametros: Pop=5000, CXPB=0.75, MUTPB=0.15, Parada=100
Tempo de Inicio (hh:mm:ss.ms) 2026-04-28 13:40:07.520303
gen	min    	max    	avg    	std    
0  	165.947	173.568	169.723	1.04053
1  	165.528	173.202	169.182	0.998187
46 	163.428	172.347	167.77 	1.40274 
Tempo de Termino (hh:mm:ss.ms) 2026-04-28 13:41:50.807414
Tempo Total (hh:mm:ss.ms) 0:01:43.287111
Individuo: [[121, 17, 114, 99, 37, 100, 54, 97, 126, 4, 18, 38, 136, 78, 131, 21, 107, 113, 133, 79, 56, 31, 71, 67, 64, 70, 28, 66, 106, 57, 61, 60, 85, 90, 92, 91, 52, 94, 63, 135, 88, 137, 111, 53, 127, 87, 45, 65, 48, 20, 36, 15, 76, 81, 122, 80, 75, 10, 13, 39, 110, 134, 72, 77, 6, 112, 8, 11, 44, 84, 42, 89, 95, 69, 130, 125, 47, 50, 41, 62, 26, 29, 115, 117, 27, 30, 46, 86, 128, 59, 49, 43, 12, 93, 55, 22, 2, 24, 35, 0, 118, 32, 129, 7, 1, 124, 9, 16, 19, 14, 108, 109, 40, 120, 3, 119, 58, 51, 101, 105, 25, 123, 132, 82, 73, 33, 103, 102, 116, 34, 74, 83, 98, 5, 68, 104, 96, 23], [0, 0, 1, 1, 1, 0, 0, 0, 0, 0, 0, 0, 1, 1, 0, 0, 1, 1, 1, 0, 1, 0, 1, 0, 1, 0, 0, 0, 1, 0, 0, 0, 0, 0, 1, 1, 0, 0, 1, 1, 1, 0, 0, 1, 0, 0, 0, 0, 0, 0, 0, 1, 1, 1, 0, 0, 0, 1, 0, 0, 0, 0, 0, 1, 1, 1, 1, 1, 1, 1, 1, 0, 0, 0, 0, 1, 1, 0, 1, 1, 0, 0, 1, 1, 0, 0, 0, 0, 0, 1, 1, 1, 1, 1, 1, 0, 1, 0, 1, 0, 0, 1, 0, 1, 0, 1, 0, 1, 1, 0, 1, 0, 0, 0, 0, 1, 0, 1, 1, 0, 1, 1, 1, 0, 0, 1, 0, 0, 0, 0, 0, 1, 1, 1, 1, 0, 0, 0]]
Fitness:  162.99436306053164
Gens:  [0, 1, 2, 3, 4, 5, 6, 7, 8, 9, 10, 11, 12, 13, 14, 15, 16, 17, 18, 19, 20, 21, 22, 23, 24, 25, 26, 27, 28, 29, 30, 31, 32, 33, 34, 35, 36, 37, 38, 39, 40, 41, 42, 43, 44, 45, 46]
Inds:  [165.94662601559176, 165.5283071473461, 165.5283071473461, 165.0964987049509, 165.09823978990448, 165.0118640695654, 165.13918908248192, 164.81605051685526, 164.92770726887073, 164.74807755703026, 164.8570300915068, 164.642141852176, 164.13268776384638, 164.13268776384638, 164.11325308301838, 164.11325308301838, 164.11325308301838, 163.60297730462756, 163.60297730462756, 163.44121840355658, 164.3289207601325, 163.33031443697655, 163.33031443697655, 163.6858304060685, 163.64900107468574, 163.42886983677863, 163.6858304060685, 163.6858304060685, 163.6092547275246, 163.6092547275246, 163.6092547275246, 163.1020936636019, 163.9997290198531, 163.47125436338595, 163.85737293316524, 162.99436306053164, 163.87104633587174, 163.50454957072984, 163.50454957072984, 163.62470870299077, 163.58431129475835, 164.0788027414003, 163.6206156069266, 163.59087330932493, 163.59087330932493, 163.59087330932493, 163.42781508753862]

