GA: art_12_regular_pack

Execução 1:
Parametros: Pop=5000, CXPB=0.75, MUTPB=0.15, Parada=100
Tempo de Inicio (hh:mm:ss.ms) 2026-04-28 13:41:19.874180
gen	min    	max    	avg    	std     
0  	76.9282	80.6926	78.9744	0.554017
1  	76.5   	80.432 	78.6918	0.537115
39 	75.5844	80.2318	77.8108	0.748791
Tempo de Termino (hh:mm:ss.ms) 2026-04-28 13:42:03.672531
Tempo Total (hh:mm:ss.ms) 0:00:43.798351
Individuo: [[2, 42, 62, 37, 45, 40, 17, 35, 47, 22, 34, 18, 19, 41, 1, 3, 9, 10, 7, 6, 5, 44, 31, 59, 38, 32, 56, 58, 29, 60, 43, 33, 57, 36, 61, 30, 39, 49, 51, 12, 11, 50, 52, 54, 8, 4, 16, 14, 13, 21, 46, 23, 15, 53, 24, 55, 20, 0, 25, 28, 48, 63, 26, 27], [0, 0, 0, 0, 1, 0, 0, 0, 0, 1, 1, 0, 0, 0, 0, 0, 1, 0, 0, 1, 1, 1, 0, 0, 1, 1, 1, 0, 1, 1, 1, 1, 0, 1, 1, 1, 0, 0, 0, 1, 1, 1, 0, 1, 0, 1, 0, 0, 0, 1, 0, 1, 0, 1, 0, 1, 0, 0, 0, 0, 1, 0, 1, 0]]
Fitness:  75.39984040962509
Gens:  [0, 1, 2, 3, 4, 5, 6, 7, 8, 9, 10, 11, 12, 13, 14, 15, 16, 17, 18, 19, 20, 21, 22, 23, 24, 25, 26, 27, 28, 29, 30, 31, 32, 33, 34, 35, 36, 37, 38, 39]
Inds:  [76.92824603408333, 76.50004929384849, 76.53300899098541, 76.66877692845577, 76.3268630922982, 76.03107183829647, 76.03107183829647, 76.28752330209795, 76.15240540765406, 75.9589670931413, 76.178907113407, 76.12831162156174, 76.12831162156174, 76.12474253958203, 76.07520997003907, 75.9126190175654, 76.01028152535801, 75.65694494920261, 75.65694494920261, 75.65694494920261, 75.65694494920261, 75.65694494920261, 75.83708401947744, 75.90779276893063, 75.90779276893063, 75.98938412133377, 75.7885954497221, 75.58548793490432, 75.39984040962509, 75.70242245468172, 75.52903468788539, 75.52903468788539, 75.52903468788539, 75.52903468788539, 75.89428331115717, 75.70216828305985, 75.69627016974583, 75.6441231626703, 75.61964428341066, 75.5844349866994]

