GA: art_6_regular_sep

Execução 1:
Parametros: Pop=5000, CXPB=0.75, MUTPB=0.15, Parada=100
Tempo de Inicio (hh:mm:ss.ms) 2026-04-28 13:55:15.045515
gen	min    	max    	avg    	std    
0  	140.241	151.622	146.011	1.52726
1  	139.432	150.278	145.219	1.45384
31 	137.42 	149.812	143.242	2.02821
Tempo de Termino (hh:mm:ss.ms) 2026-04-28 13:56:08.387941
Tempo Total (hh:mm:ss.ms) 0:00:53.342426
Individuo: [[53, 94, 100, 55, 95, 91, 59, 24, 2, 1, 17, 84, 64, 54, 78, 62, 103, 49, 83, 48, 10, 44, 32, 92, 23, 18, 66, 41, 40, 14, 15, 50, 96, 46, 22, 89, 67, 65, 73, 51, 79, 81, 74, 52, 25, 26, 21, 30, 77, 99, 61, 71, 63, 82, 98, 57, 70, 72, 80, 87, 69, 47, 4, 58, 97, 76, 102, 39, 60, 31, 33, 29, 13, 85, 93, 56, 34, 42, 3, 11, 6, 9, 20, 7, 28, 86, 45, 38, 90, 75, 88, 8, 36, 37, 35, 16, 0, 5, 12, 27, 101, 68, 43, 19], [0, 0, 1, 0, 0, 0, 1, 1, 0, 1, 0, 1, 1, 0, 1, 0, 1, 0, 1, 1, 0, 1, 1, 0, 1, 0, 1, 1, 0, 1, 0, 1, 1, 0, 0, 1, 1, 1, 0, 1, 1, 1, 1, 1, 0, 0, 1, 1, 0, 1, 0, 1, 0, 0, 1, 1, 1, 1, 1, 0, 1, 1, 1, 0, 0, 1, 1, 1, 1, 0, 1, 1, 1, 1, 0, 1, 1, 1, 1, 0, 1, 0, 1, 0, 0, 1, 0, 0, 1, 1, 0, 0, 1, 0, 0, 1, 0, 1, 0, 0, 1, 0, 1, 1]]
Fitness:  136.88269716781457
Gens:  [0, 1, 2, 3, 4, 5, 6, 7, 8, 9, 10, 11, 12, 13, 14, 15, 16, 17, 18, 19, 20, 21, 22, 23, 24, 25, 26, 27, 28, 29, 30, 31]
Inds:  [140.24078708652922, 139.43178378229715, 140.28067203927205, 139.00260258268156, 139.17824004135585, 138.64975625441912, 138.64975625441912, 138.64975625441912, 139.04795149846498, 138.78626637050672, 138.3228465021531, 138.3228465021531, 137.72665223607197, 138.21018023473505, 138.04736609398316, 138.04736609398316, 138.04736609398316, 137.9060358878747, 136.95553926346557, 136.95553926346557, 136.88269716781457, 138.03881590893866, 138.32468051600452, 138.33685763762904, 137.30857534111325, 137.72934986572918, 137.99263274362434, 137.99263274362434, 137.45974284287217, 137.34064522954375, 137.34064522954375, 137.42036219247532]

