GA: art_16_regular_sep

Execução 1:
Parametros: Pop=5000, CXPB=0.75, MUTPB=0.15, Parada=100
Tempo de Inicio (hh:mm:ss.ms) 2026-04-28 13:44:44.925620
gen	min   	max    	avg    	std    
0  	228.85	244.726	235.952	2.04543
1  	227.465	244.034	234.897	1.98502
32 	224.913	241.376	232.274	2.78436
Tempo de Termino (hh:mm:ss.ms) 2026-04-28 13:46:11.508524
Tempo Total (hh:mm:ss.ms) 0:01:26.582904
Individuo: [[67, 15, 57, 85, 90, 73, 95, 77, 48, 132, 102, 122, 158, 36, 32, 10, 23, 12, 41, 140, 28, 104, 101, 61, 92, 83, 0, 138, 78, 119, 113, 43, 76, 14, 75, 100, 121, 72, 125, 59, 25, 149, 62, 114, 162, 116, 151, 166, 127, 84, 82, 58, 31, 11, 3, 2, 103, 50, 9, 8, 37, 134, 98, 49, 44, 65, 64, 80, 128, 69, 71, 109, 17, 5, 79, 89, 118, 87, 165, 56, 42, 70, 120, 137, 153, 68, 123, 26, 96, 147, 155, 163, 139, 148, 124, 110, 54, 18, 16, 168, 117, 167, 99, 24, 135, 112, 63, 144, 108, 156, 146, 74, 6, 45, 40, 35, 150, 136, 105, 145, 154, 164, 46, 34, 88, 86, 27, 33, 161, 157, 115, 129, 160, 159, 143, 29, 30, 141, 106, 1, 39, 66, 131, 142, 107, 51, 81, 52, 130, 152, 126, 13, 20, 4, 93, 53, 111, 94, 133, 60, 91, 97, 19, 21, 47, 7, 22, 38, 55], [0, 1, 0, 0, 1, 0, 1, 1, 0, 0, 0, 1, 0, 0, 1, 0, 1, 0, 0, 0, 0, 0, 0, 0, 0, 1, 1, 0, 1, 0, 0, 1, 0, 0, 0, 1, 1, 1, 1, 1, 0, 0, 1, 1, 0, 0, 1, 0, 1, 1, 0, 1, 0, 0, 0, 1, 1, 1, 1, 0, 0, 1, 0, 0, 1, 0, 1, 1, 1, 0, 0, 1, 1, 0, 1, 1, 0, 0, 1, 1, 0, 1, 1, 1, 0, 1, 0, 1, 1, 0, 0, 1, 0, 1, 1, 1, 1, 1, 0, 0, 1, 1, 0, 0, 0, 0, 0, 1, 1, 0, 1, 1, 0, 1, 1, 1, 1, 0, 0, 0, 1, 1, 1, 0, 1, 0, 0, 0, 0, 1, 1, 1, 0, 0, 0, 1, 0, 1, 1, 1, 1, 0, 0, 0, 1, 0, 0, 1, 1, 0, 0, 0, 0, 1, 1, 1, 1, 1, 0, 1, 1, 0, 0, 1, 1, 0, 1, 0, 1]]
Fitness:  222.91342587806628
Gens:  [0, 1, 2, 3, 4, 5, 6, 7, 8, 9, 10, 11, 12, 13, 14, 15, 16, 17, 18, 19, 20, 21, 22, 23, 24, 25, 26, 27, 28, 29, 30, 31, 32]
Inds:  [228.85037232198417, 227.46490803138255, 228.39578884195214, 227.85928695108746, 226.63485308315228, 226.59987156559077, 226.59987156559077, 226.2470522568157, 225.42103241923243, 225.42103241923243, 224.98244927413006, 224.98244927413006, 225.41953400005647, 225.41953400005647, 225.08209470351093, 225.2193048369466, 225.14576721536068, 225.14576721536068, 225.44429783220335, 223.40358710651984, 223.40358710651984, 222.91342587806628, 222.91342587806628, 224.3428725545691, 224.02814203779027, 224.02814203779027, 224.42389224955426, 224.43442431135466, 225.0969891488594, 224.87973426184465, 225.08280477653938, 225.0173401547608, 224.91294383102172]

