GA: art_16_hole_pack

Execução 1:
Parametros: Pop=5000, CXPB=0.75, MUTPB=0.15, Parada=100
Tempo de Inicio (hh:mm:ss.ms) 2026-04-28 13:43:58.082014
gen	min    	max    	avg    	std    
0  	446.238	466.384	456.943	2.88375
1  	446.069	465.95 	455.408	2.68226
25 	440.987	466.198	451.674	3.80159
Tempo de Termino (hh:mm:ss.ms) 2026-04-28 13:46:20.739942
Tempo Total (hh:mm:ss.ms) 0:02:22.657928
Individuo: [[111, 240, 274, 250, 39, 289, 317, 256, 156, 40, 200, 230, 214, 322, 294, 92, 194, 226, 308, 95, 309, 46, 134, 339, 26, 22, 54, 130, 284, 238, 165, 122, 60, 242, 227, 229, 174, 235, 334, 273, 246, 237, 340, 292, 297, 198, 73, 264, 83, 102, 278, 280, 6, 62, 298, 31, 188, 189, 206, 175, 211, 176, 85, 184, 336, 161, 167, 169, 11, 312, 125, 58, 84, 32, 296, 260, 154, 151, 307, 170, 323, 117, 269, 320, 142, 271, 162, 316, 236, 81, 129, 15, 288, 16, 204, 63, 293, 212, 149, 29, 57, 44, 337, 1, 2, 3, 180, 221, 263, 253, 55, 244, 302, 231, 103, 310, 346, 171, 79, 104, 136, 53, 20, 146, 119, 96, 47, 67, 218, 268, 228, 93, 338, 82, 86, 112, 232, 144, 257, 191, 9, 50, 98, 17, 141, 233, 258, 182, 24, 286, 89, 217, 75, 66, 287, 68, 143, 335, 45, 10, 301, 326, 181, 41, 186, 345, 100, 282, 159, 300, 113, 313, 133, 48, 138, 248, 106, 70, 285, 87, 187, 4, 290, 193, 59, 155, 77, 76, 69, 105, 209, 5, 247, 163, 43, 299, 311, 153, 303, 150, 23, 251, 219, 124, 208, 94, 61, 64, 164, 118, 179, 341, 35, 267, 213, 306, 157, 318, 172, 135, 259, 205, 190, 49, 325, 168, 243, 91, 177, 127, 107, 332, 324, 305, 8, 131, 51, 110, 249, 145, 283, 304, 272, 202, 266, 114, 148, 139, 344, 327, 343, 215, 328, 36, 183, 315, 132, 275, 234, 137, 255, 192, 270, 239, 38, 25, 321, 224, 197, 277, 152, 222, 245, 220, 223, 333, 160, 261, 30, 178, 52, 115, 225, 196, 80, 123, 207, 33, 28, 128, 101, 37, 72, 74, 18, 12, 88, 140, 201, 291, 65, 252, 342, 185, 121, 147, 21, 262, 276, 34, 120, 90, 254, 0, 78, 27, 116, 319, 7, 108, 19, 295, 109, 166, 71, 331, 314, 173, 97, 279, 56, 42, 330, 195, 203, 210, 265, 329, 126, 14, 199, 241, 216, 158, 13, 281, 99], [0, 1, 0, 1, 0, 1, 1, 0, 0, 1, 1, 0, 1, 1, 1, 0, 1, 0, 1, 0, 0, 1, 1, 1, 1, 1, 1, 0, 1, 1, 1, 0, 0, 0, 0, 1, 0, 0, 1, 0, 0, 0, 1, 0, 0, 1, 1, 0, 1, 1, 0, 1, 1, 1, 0, 0, 0, 0, 0, 1, 1, 1, 1, 1, 1, 1, 1, 1, 0, 0, 0, 0, 0, 0, 0, 1, 1, 0, 1, 0, 1, 1, 0, 0, 0, 1, 1, 0, 1, 0, 1, 0, 1, 1, 0, 0, 1, 1, 0, 1, 1, 1, 0, 0, 1, 1, 0, 0, 1, 1, 0, 0, 1, 0, 1, 1, 1, 1, 0, 1, 0, 1, 1, 0, 0, 0, 1, 0, 1, 1, 0, 1, 1, 0, 1, 0, 0, 0, 0, 0, 0, 0, 0, 1, 0, 0, 1, 1, 1, 1, 1, 0, 0, 0, 0, 1, 0, 1, 1, 0, 1, 0, 0, 1, 1, 1, 0, 0, 0, 1, 1, 1, 1, 0, 1, 0, 1, 0, 0, 0, 0, 1, 1, 1, 0, 0, 1, 1, 0, 1, 1, 1, 0, 1, 0, 0, 0, 0, 0, 1, 0, 1, 0, 1, 0, 0, 0, 0, 1, 0, 1, 1, 1, 0, 1, 1, 0, 1, 0, 1, 0, 0, 0, 0, 1, 1, 0, 1, 1, 1, 1, 0, 0, 1, 1, 0, 1, 1, 0, 1, 0, 1, 1, 0, 1, 0, 0, 0, 1, 0, 0, 1, 1, 1, 1, 0, 1, 0, 0, 1, 0, 0, 0, 1, 1, 0, 0, 1, 0, 0, 1, 0, 0, 0, 1, 1, 0, 0, 1, 0, 0, 0, 0, 0, 1, 1, 0, 1, 0, 0, 0, 0, 0, 0, 1, 0, 1, 0, 0, 0, 1, 0, 0, 1, 0, 1, 1, 1, 0, 0, 1, 0, 0, 0, 0, 1, 1, 1, 1, 1, 1, 1, 1, 1, 0, 1, 1, 1, 0, 0, 0, 0, 1, 0, 1, 0, 1, 1, 0, 1, 1, 1, 0, 0, 0, 1, 0]]
Fitness:  439.8166565328486
Gens:  [0, 1, 2, 3, 4, 5, 6, 7, 8, 9, 10, 11, 12, 13, 14, 15, 16, 17, 18, 19, 20, 21, 22, 23, 24, 25]
Inds:  [446.23755077865576, 446.0687542368623, 445.0427267551563, 442.1704243020218, 444.78143511443994, 444.7456200340043, 442.7635080820046, 442.6085654581078, 442.6085654581078, 442.7635080820046, 442.7635080820046, 443.0387538265992, 442.56768494390684, 441.112017081975, 439.8166565328486, 440.3727639807956, 440.3727639807956, 440.11505957501026, 440.11505957501026, 440.9874252921546, 440.9874252921546, 440.9874252921546, 440.31567961254217, 440.9874252921546, 440.9874252921546, 440.9874252921546]

