GA: art_20_regular_pack

Execução 1:
Parametros: Pop=5000, CXPB=0.75, MUTPB=0.15, Parada=100
Tempo de Inicio (hh:mm:ss.ms) 2026-04-28 13:48:19.328474
gen	min    	max    	avg    	std    
0  	313.226	328.772	321.259	2.16332
1  	312.235	329.769	320.182	2.0691 
25 	309.709	326.422	317.448	2.84725
Tempo de Termino (hh:mm:ss.ms) 2026-04-28 13:49:47.844430
Tempo Total (hh:mm:ss.ms) 0:01:28.515956
Individuo: [[180, 81, 89, 124, 97, 208, 210, 114, 44, 19, 28, 82, 54, 55, 22, 7, 220, 9, 25, 35, 14, 70, 30, 65, 103, 212, 38, 42, 112, 173, 121, 216, 167, 6, 142, 144, 39, 62, 153, 217, 120, 78, 155, 205, 123, 158, 221, 214, 32, 218, 29, 202, 186, 169, 80, 27, 16, 183, 215, 194, 156, 207, 189, 33, 184, 219, 13, 4, 53, 58, 45, 49, 1, 12, 41, 108, 24, 51, 178, 72, 101, 79, 56, 143, 10, 2, 106, 152, 198, 181, 182, 107, 148, 125, 91, 46, 138, 21, 127, 122, 130, 128, 185, 159, 177, 26, 141, 94, 149, 113, 17, 63, 174, 102, 172, 95, 168, 104, 31, 96, 71, 188, 15, 57, 84, 139, 133, 99, 117, 87, 8, 175, 176, 146, 83, 170, 164, 132, 160, 147, 68, 50, 201, 86, 61, 191, 134, 200, 129, 135, 126, 52, 92, 137, 100, 179, 206, 197, 209, 199, 190, 204, 196, 40, 90, 203, 76, 36, 150, 88, 93, 111, 59, 116, 154, 187, 211, 161, 145, 34, 47, 75, 66, 118, 110, 151, 73, 131, 195, 166, 11, 119, 98, 213, 165, 192, 69, 136, 105, 171, 163, 48, 0, 43, 77, 20, 74, 3, 5, 18, 64, 85, 140, 162, 109, 193, 157, 37, 115, 60, 23, 67], [1, 1, 1, 1, 0, 1, 0, 0, 0, 0, 1, 0, 0, 1, 0, 1, 1, 1, 0, 0, 1, 1, 0, 1, 1, 1, 1, 0, 1, 1, 1, 1, 0, 0, 1, 1, 0, 1, 0, 0, 1, 1, 1, 1, 1, 1, 0, 0, 1, 0, 1, 0, 1, 1, 0, 0, 0, 1, 0, 1, 1, 1, 0, 0, 0, 0, 0, 1, 0, 0, 1, 0, 0, 0, 0, 0, 1, 0, 0, 1, 0, 0, 1, 0, 1, 0, 0, 0, 0, 0, 0, 1, 1, 0, 1, 0, 0, 0, 0, 0, 1, 0, 1, 1, 1, 1, 0, 0, 0, 1, 1, 1, 1, 1, 0, 0, 0, 1, 0, 1, 1, 0, 0, 0, 0, 0, 1, 0, 1, 1, 1, 0, 1, 0, 0, 0, 1, 1, 1, 1, 0, 0, 1, 1, 0, 1, 1, 0, 1, 0, 1, 0, 0, 0, 0, 0, 0, 0, 1, 1, 1, 0, 0, 0, 1, 1, 0, 1, 0, 1, 0, 0, 0, 1, 1, 1, 1, 1, 1, 1, 0, 0, 0, 0, 0, 0, 1, 0, 1, 0, 1, 0, 0, 1, 1, 0, 1, 1, 0, 0, 1, 0, 0, 1, 0, 1, 0, 0, 0, 0, 0, 0, 0, 1, 0, 1, 0, 1, 0, 1, 1, 0]]
Fitness:  308.42973640344024
Gens:  [0, 1, 2, 3, 4, 5, 6, 7, 8, 9, 10, 11, 12, 13, 14, 15, 16, 17, 18, 19, 20, 21, 22, 23, 24, 25]
Inds:  [313.2261667678827, 312.23455762802723, 312.23455762802723, 312.23455762802723, 311.7991713950528, 311.2335570469711, 311.2335570469711, 309.9363212023284, 310.21350851021396, 309.80080932875234, 308.94220808174015, 309.89872869061935, 310.2699351112353, 309.9029150317962, 308.42973640344024, 308.42973640344024, 308.42973640344024, 309.44917139070844, 309.44917139070844, 309.71354468652436, 309.71354468652436, 309.60951602446187, 309.6820876480925, 309.13677392051056, 308.7704498741441, 309.7093997673691]

