GA: art_17_irregular_sep

Execução 1:
Parametros: Pop=5000, CXPB=0.75, MUTPB=0.15, Parada=100
Tempo de Inicio (hh:mm:ss.ms) 2026-04-28 13:45:21.816055
gen	min    	max    	avg    	std    
0  	186.791	198.662	192.646	1.77346
1  	185.143	197.595	191.728	1.67723
29 	183.05 	198.567	189.535	2.31439
Tempo de Termino (hh:mm:ss.ms) 2026-04-28 13:46:37.122187
Tempo Total (hh:mm:ss.ms) 0:01:15.306132
Individuo: [[78, 24, 23, 65, 126, 138, 74, 107, 49, 39, 2, 3, 98, 103, 116, 83, 73, 125, 37, 96, 71, 151, 27, 137, 158, 114, 149, 14, 26, 4, 6, 113, 66, 20, 33, 109, 32, 46, 156, 64, 108, 82, 36, 132, 84, 43, 5, 47, 115, 127, 88, 53, 155, 130, 106, 104, 129, 142, 117, 139, 157, 150, 99, 95, 124, 118, 140, 134, 48, 25, 57, 91, 9, 18, 68, 21, 29, 7, 13, 87, 16, 52, 15, 69, 30, 58, 28, 79, 11, 31, 17, 59, 12, 90, 51, 40, 10, 44, 42, 86, 133, 128, 154, 148, 135, 110, 141, 112, 152, 144, 81, 75, 0, 80, 8, 60, 54, 41, 1, 85, 105, 153, 72, 136, 76, 93, 63, 145, 122, 55, 146, 147, 77, 100, 102, 67, 45, 35, 19, 119, 70, 61, 22, 34, 101, 143, 131, 97, 159, 111, 92, 89, 50, 38, 120, 62, 123, 121, 94, 56], [0, 0, 0, 0, 1, 0, 0, 1, 1, 1, 0, 0, 1, 1, 0, 0, 0, 0, 1, 1, 1, 1, 1, 1, 0, 0, 0, 0, 0, 0, 1, 0, 1, 0, 0, 0, 0, 0, 1, 1, 0, 1, 1, 1, 1, 1, 1, 1, 0, 0, 0, 1, 1, 1, 0, 0, 1, 0, 1, 1, 0, 0, 0, 0, 0, 0, 0, 0, 0, 1, 1, 0, 1, 0, 0, 1, 0, 1, 1, 1, 0, 1, 0, 0, 0, 1, 1, 0, 0, 0, 1, 1, 1, 1, 1, 1, 1, 1, 0, 1, 0, 0, 0, 1, 1, 0, 1, 0, 1, 1, 1, 0, 1, 1, 0, 1, 0, 1, 0, 1, 1, 1, 1, 0, 1, 0, 1, 1, 1, 1, 0, 1, 0, 0, 1, 0, 0, 1, 1, 0, 1, 1, 0, 0, 1, 0, 0, 1, 1, 0, 0, 1, 0, 1, 0, 1, 0, 1, 1, 1]]
Fitness:  181.99488096458026
Gens:  [0, 1, 2, 3, 4, 5, 6, 7, 8, 9, 10, 11, 12, 13, 14, 15, 16, 17, 18, 19, 20, 21, 22, 23, 24, 25, 26, 27, 28, 29]
Inds:  [186.79070987489735, 185.14348366081884, 185.14348366081884, 185.72250961523716, 184.64931858178824, 185.32052829256781, 184.81208237181394, 184.891655035627, 185.12718744180518, 183.95752341558472, 183.95752341558472, 183.82006601590425, 183.47304411473766, 183.20155551641503, 183.20155551641503, 182.86653329797602, 182.71432565692268, 183.4111055395288, 181.99488096458026, 183.1303769019969, 183.75241115791403, 182.89586225532852, 183.2768330990342, 183.7089995858756, 183.80074066717233, 183.87312951170327, 183.00859617684696, 182.74772577029538, 182.74772577029538, 183.04981708335507]

