GA: art_7_irregular_pack

Execução 1:
Parametros: Pop=5000, CXPB=0.75, MUTPB=0.15, Parada=100
Tempo de Inicio (hh:mm:ss.ms) 2026-04-28 13:55:32.962032
gen	min    	max    	avg    	std     
0  	116.761	123.091	119.988	0.919096
1  	116.166	122.78 	119.536	0.892577
30 	114.499	122.843	118.234	1.2868  
Tempo de Termino (hh:mm:ss.ms) 2026-04-28 13:56:28.281846
Tempo Total (hh:mm:ss.ms) 0:00:55.319814
Individuo: [[1, 47, 3, 18, 10, 37, 24, 61, 89, 41, 88, 92, 101, 26, 104, 51, 78, 28, 49, 91, 0, 34, 100, 94, 40, 59, 32, 42, 17, 31, 53, 16, 27, 44, 74, 75, 50, 72, 11, 108, 81, 85, 13, 52, 29, 54, 19, 79, 2, 105, 80, 5, 36, 6, 55, 73, 111, 82, 66, 77, 76, 98, 83, 58, 45, 48, 20, 7, 12, 9, 23, 70, 57, 60, 21, 99, 71, 67, 96, 110, 33, 63, 39, 69, 38, 30, 25, 46, 90, 84, 56, 87, 106, 103, 68, 62, 65, 93, 43, 35, 8, 14, 22, 64, 109, 95, 86, 107, 102, 97, 15, 4], [1, 0, 1, 0, 0, 1, 0, 1, 0, 1, 1, 1, 0, 0, 1, 1, 0, 1, 1, 1, 0, 0, 1, 1, 1, 0, 0, 0, 1, 0, 0, 1, 1, 0, 0, 1, 0, 1, 0, 1, 1, 1, 1, 0, 1, 0, 0, 0, 0, 0, 1, 0, 0, 1, 0, 0, 1, 0, 1, 1, 1, 0, 0, 1, 1, 0, 1, 0, 1, 1, 0, 1, 0, 1, 0, 0, 1, 1, 1, 0, 0, 0, 1, 0, 1, 0, 1, 1, 1, 1, 0, 1, 0, 1, 0, 1, 0, 1, 1, 1, 1, 0, 0, 1, 0, 0, 0, 1, 1, 1, 1, 1]]
Fitness:  114.28716395378748
Gens:  [0, 1, 2, 3, 4, 5, 6, 7, 8, 9, 10, 11, 12, 13, 14, 15, 16, 17, 18, 19, 20, 21, 22, 23, 24, 25, 26, 27, 28, 29, 30]
Inds:  [116.7607323511118, 116.16575512610724, 116.16575512610724, 116.08116522613622, 115.4926165542797, 115.19648801349088, 115.19648801349088, 115.91770506761937, 115.55428972268524, 115.17299828222605, 115.40827591110127, 115.5564029111462, 115.05009966619825, 115.22590993678405, 115.06296240295941, 115.06296240295941, 115.07386098015226, 115.03371336769385, 114.91415787379717, 114.28716395378748, 114.63122718798586, 114.85118059929368, 114.89156452793445, 114.53990570636124, 114.53990570636124, 114.53990570636124, 114.53088380511545, 114.53088380511545, 114.6222597161046, 114.6222597161046, 114.49946578066343]

