GA: art_20_irregular_pack

Execução 1:
Parametros: Pop=5000, CXPB=0.75, MUTPB=0.15, Parada=100
Tempo de Inicio (hh:mm:ss.ms) 2026-04-28 13:48:04.955030
gen	min    	max    	avg    	std    
0  	287.285	304.714	295.678	2.11597
1  	287.285	302.819	294.627	2.02474
35 	283.739	301.818	291.638	2.81766
Tempo de Termino (hh:mm:ss.ms) 2026-04-28 13:50:16.517831
Tempo Total (hh:mm:ss.ms) 0:02:11.562801
Individuo: [[9, 67, 72, 162, 24, 158, 215, 167, 232, 212, 125, 120, 235, 81, 130, 169, 140, 76, 15, 2, 36, 149, 236, 65, 234, 121, 197, 41, 129, 104, 156, 8, 183, 103, 16, 122, 12, 22, 73, 143, 216, 85, 64, 1, 190, 52, 159, 157, 57, 150, 171, 136, 128, 223, 102, 56, 83, 173, 219, 195, 113, 49, 90, 40, 98, 124, 115, 148, 111, 217, 50, 133, 66, 165, 123, 30, 214, 208, 191, 206, 231, 38, 69, 11, 100, 132, 53, 152, 163, 172, 59, 71, 34, 75, 74, 194, 146, 134, 224, 233, 43, 96, 51, 222, 200, 205, 179, 17, 14, 174, 185, 135, 220, 229, 238, 137, 93, 63, 109, 33, 3, 54, 207, 145, 193, 153, 118, 114, 186, 0, 89, 48, 70, 192, 189, 32, 27, 20, 25, 211, 209, 160, 210, 18, 139, 188, 92, 181, 44, 46, 225, 170, 107, 199, 144, 198, 55, 42, 176, 202, 164, 187, 147, 91, 23, 21, 58, 28, 201, 61, 141, 227, 105, 112, 60, 68, 175, 218, 180, 19, 7, 142, 182, 126, 161, 99, 228, 78, 26, 178, 84, 35, 88, 94, 62, 230, 82, 110, 13, 203, 29, 31, 86, 166, 119, 204, 213, 154, 151, 196, 101, 226, 168, 6, 138, 184, 237, 221, 80, 127, 97, 177, 131, 87, 155, 116, 95, 37, 4, 106, 108, 79, 77, 10, 117, 39, 45, 5, 47], [0, 0, 1, 1, 1, 0, 1, 1, 0, 0, 0, 0, 0, 0, 1, 1, 1, 1, 1, 0, 0, 0, 0, 0, 0, 0, 1, 1, 0, 1, 0, 1, 0, 1, 1, 0, 1, 1, 1, 0, 0, 1, 1, 0, 1, 1, 1, 1, 1, 1, 1, 1, 1, 1, 1, 0, 1, 1, 0, 1, 0, 1, 1, 0, 0, 1, 0, 1, 0, 0, 1, 0, 1, 1, 0, 0, 1, 1, 0, 1, 0, 0, 0, 1, 0, 1, 0, 0, 0, 1, 1, 0, 0, 1, 1, 0, 0, 1, 0, 1, 1, 1, 1, 0, 0, 1, 1, 0, 0, 1, 0, 1, 1, 0, 0, 1, 0, 1, 0, 0, 1, 1, 1, 0, 1, 1, 1, 1, 0, 1, 0, 0, 0, 1, 0, 1, 1, 1, 1, 1, 0, 1, 0, 0, 1, 0, 1, 0, 0, 0, 0, 1, 0, 1, 0, 0, 0, 1, 1, 0, 0, 0, 1, 1, 0, 0, 1, 1, 1, 0, 1, 1, 1, 0, 1, 0, 1, 0, 1, 0, 1, 0, 0, 0, 0, 0, 0, 1, 1, 1, 1, 0, 0, 0, 0, 0, 1, 0, 1, 1, 0, 1, 1, 0, 0, 0, 1, 1, 0, 1, 0, 0, 1, 1, 0, 1, 1, 0, 1, 0, 1, 0, 1, 0, 1, 1, 0, 1, 1, 0, 1, 0, 1, 1, 0, 1, 1, 1, 1]]
Fitness:  282.9319934614495
Gens:  [0, 1, 2, 3, 4, 5, 6, 7, 8, 9, 10, 11, 12, 13, 14, 15, 16, 17, 18, 19, 20, 21, 22, 23, 24, 25, 26, 27, 28, 29, 30, 31, 32, 33, 34, 35]
Inds:  [287.2853089223672, 287.2853089223672, 285.81995381622386, 286.1295547183455, 286.1295547183455, 285.05688208134956, 285.05688208134956, 284.0339791832495, 285.0586550575659, 285.0586550575659, 285.0586550575659, 285.0394224073531, 284.1194542290878, 284.1194542290878, 285.1802856210968, 284.98681824956344, 284.98681824956344, 283.949190887145, 283.66957416972446, 284.2806310537057, 284.8031041679486, 284.4829787239876, 284.17350374408363, 283.4789100536513, 282.9319934614495, 282.9319934614495, 283.50935647150453, 284.3633760830205, 283.6647349820134, 283.6647349820134, 283.6647349820134, 284.0143841699782, 283.9488280666953, 284.26649826983197, 283.6369551876087, 283.73909241472796]

