GA: art_13_regular_pack

Execução 1:
Parametros: Pop=5000, CXPB=0.75, MUTPB=0.15, Parada=100
Tempo de Inicio (hh:mm:ss.ms) 2026-04-28 13:42:05.191572
gen	min    	max    	avg    	std    
0  	232.834	245.616	239.439	1.70007
1  	232.834	245.362	238.542	1.61103
42 	229.482	244.659	236.286	2.32379
Tempo de Termino (hh:mm:ss.ms) 2026-04-28 13:44:06.114363
Tempo Total (hh:mm:ss.ms) 0:02:00.922791
Individuo: [[3, 90, 46, 146, 109, 84, 142, 132, 58, 135, 103, 85, 5, 14, 20, 73, 30, 113, 161, 76, 136, 24, 26, 19, 81, 17, 61, 66, 133, 147, 110, 49, 171, 21, 57, 179, 178, 75, 50, 22, 116, 180, 144, 119, 167, 106, 74, 155, 163, 124, 98, 107, 37, 2, 152, 151, 64, 63, 108, 149, 176, 137, 139, 65, 13, 71, 95, 8, 7, 47, 83, 0, 156, 25, 16, 164, 141, 126, 175, 35, 70, 120, 162, 172, 148, 93, 43, 28, 153, 99, 32, 1, 121, 97, 78, 111, 52, 15, 79, 140, 174, 169, 157, 56, 4, 31, 115, 150, 100, 118, 114, 53, 86, 88, 165, 168, 101, 130, 166, 104, 34, 44, 125, 92, 129, 77, 23, 72, 105, 134, 122, 40, 62, 42, 160, 89, 67, 38, 91, 159, 154, 102, 94, 112, 10, 170, 51, 45, 33, 173, 117, 138, 123, 96, 18, 69, 131, 12, 80, 55, 60, 68, 128, 127, 158, 177, 145, 87, 59, 27, 39, 143, 82, 54, 36, 6, 48, 9, 29, 41, 11], [0, 1, 0, 0, 0, 1, 0, 1, 1, 0, 0, 0, 0, 0, 0, 0, 1, 0, 1, 1, 0, 0, 0, 1, 1, 1, 1, 1, 0, 1, 1, 0, 0, 1, 1, 0, 0, 1, 1, 0, 1, 1, 1, 0, 1, 1, 0, 1, 0, 1, 0, 0, 0, 0, 0, 1, 0, 1, 1, 0, 0, 0, 0, 1, 0, 1, 1, 0, 1, 1, 1, 0, 1, 1, 1, 1, 1, 1, 0, 0, 1, 0, 0, 1, 1, 1, 1, 1, 1, 0, 1, 1, 0, 0, 0, 1, 0, 1, 0, 0, 1, 1, 1, 1, 1, 0, 1, 1, 0, 0, 1, 1, 1, 0, 0, 0, 0, 0, 0, 0, 1, 1, 0, 1, 1, 0, 1, 0, 1, 1, 0, 0, 0, 1, 0, 1, 0, 0, 0, 0, 1, 1, 0, 0, 0, 1, 0, 0, 0, 1, 0, 1, 1, 0, 1, 0, 1, 0, 1, 1, 0, 0, 0, 0, 1, 0, 1, 0, 0, 0, 1, 0, 1, 1, 1, 1, 0, 0, 0, 0, 0]]
Fitness:  229.4663880869347
Gens:  [0, 1, 2, 3, 4, 5, 6, 7, 8, 9, 10, 11, 12, 13, 14, 15, 16, 17, 18, 19, 20, 21, 22, 23, 24, 25, 26, 27, 28, 29, 30, 31, 32, 33, 34, 35, 36, 37, 38, 39, 40, 41, 42]
Inds:  [232.8343902574611, 232.8343902574611, 232.53088328220232, 232.48569039955208, 232.13188431684534, 230.98800149547853, 230.97447738346355, 230.97447738346355, 230.97447738346355, 230.88175271780835, 231.25904711547616, 231.35350620766815, 231.35350620766815, 230.41055895854745, 230.41055895854745, 230.8925211764639, 230.13906492641087, 230.8925211764639, 230.43261058172646, 230.36766283227342, 230.81431462304155, 230.46352789640267, 230.41548848666028, 230.36149279267832, 230.12400019113196, 230.12400019113196, 230.12400019113196, 229.9119488027837, 230.06758486576638, 229.9635685743771, 229.9635685743771, 229.4663880869347, 229.99937691117012, 230.16482737881955, 229.95178243754972, 229.95178243754972, 229.95178243754972, 230.34303243698844, 229.63871095883545, 229.63871095883545, 229.84293669984058, 229.65218027867215, 229.4815093031129]

