GA: art_5_hole_pack

Execução 1:
Parametros: Pop=5000, CXPB=0.75, MUTPB=0.15, Parada=100
Tempo de Inicio (hh:mm:ss.ms) 2026-04-28 13:53:54.821759
gen	min    	max    	avg    	std    
0  	468.588	492.331	481.031	2.95361
1  	468.588	490.653	479.485	2.83883
26 	464.686	488.983	475.549	4.0091 
Tempo de Termino (hh:mm:ss.ms) 2026-04-28 13:56:21.901488
Tempo Total (hh:mm:ss.ms) 0:02:27.079729
Individuo: [[41, 173, 339, 63, 57, 285, 328, 87, 132, 222, 76, 166, 244, 298, 308, 289, 77, 313, 234, 175, 268, 40, 202, 81, 84, 223, 58, 277, 150, 121, 294, 217, 17, 55, 94, 233, 27, 178, 198, 28, 168, 260, 162, 176, 48, 152, 44, 75, 214, 209, 143, 91, 278, 181, 241, 224, 341, 186, 142, 56, 62, 13, 23, 232, 196, 251, 238, 326, 265, 188, 315, 236, 156, 311, 343, 345, 329, 242, 228, 235, 64, 171, 79, 337, 255, 325, 20, 194, 338, 309, 281, 78, 51, 252, 180, 109, 73, 276, 172, 46, 126, 98, 310, 305, 12, 304, 215, 125, 1, 80, 140, 147, 101, 129, 284, 113, 342, 60, 292, 5, 88, 139, 43, 37, 193, 177, 324, 130, 149, 259, 225, 199, 210, 336, 250, 153, 66, 296, 184, 137, 316, 263, 226, 155, 195, 270, 50, 29, 332, 218, 323, 122, 262, 61, 83, 246, 206, 133, 164, 123, 24, 26, 35, 120, 110, 103, 138, 19, 52, 340, 115, 205, 30, 213, 160, 266, 257, 116, 333, 240, 161, 134, 291, 282, 211, 38, 274, 45, 4, 34, 306, 9, 158, 322, 219, 33, 229, 190, 221, 135, 300, 93, 283, 237, 220, 189, 53, 16, 6, 21, 7, 318, 36, 159, 335, 119, 14, 245, 0, 148, 39, 330, 179, 230, 100, 108, 2, 86, 275, 67, 170, 42, 165, 317, 154, 254, 247, 112, 74, 327, 207, 117, 271, 216, 131, 145, 293, 272, 31, 104, 92, 227, 102, 312, 32, 204, 127, 54, 248, 114, 287, 72, 85, 264, 344, 249, 243, 169, 106, 253, 157, 302, 197, 192, 200, 203, 167, 141, 99, 15, 183, 182, 107, 256, 151, 82, 320, 314, 288, 290, 301, 295, 208, 111, 47, 69, 68, 269, 18, 174, 273, 231, 89, 25, 128, 258, 321, 201, 118, 22, 187, 185, 267, 261, 163, 299, 239, 136, 297, 280, 105, 65, 97, 331, 307, 96, 70, 124, 279, 49, 212, 144, 11, 90, 10, 303, 319, 95, 146, 71, 191, 334, 286, 59, 8, 3], [1, 0, 1, 0, 0, 1, 0, 1, 1, 1, 0, 1, 1, 1, 0, 0, 1, 1, 0, 0, 1, 1, 1, 0, 0, 0, 0, 1, 0, 0, 0, 1, 0, 1, 1, 1, 1, 0, 1, 0, 0, 0, 0, 0, 0, 1, 1, 0, 1, 0, 0, 0, 0, 1, 0, 0, 1, 0, 0, 0, 0, 0, 0, 1, 0, 0, 1, 0, 1, 1, 0, 0, 0, 1, 1, 1, 0, 0, 1, 0, 1, 1, 0, 1, 1, 0, 0, 0, 0, 0, 1, 1, 0, 1, 0, 1, 0, 0, 1, 1, 0, 0, 1, 0, 0, 0, 1, 0, 1, 0, 0, 1, 1, 1, 1, 0, 1, 0, 0, 1, 1, 1, 0, 1, 1, 0, 0, 0, 1, 1, 0, 1, 0, 0, 1, 1, 0, 1, 1, 1, 1, 0, 1, 0, 0, 1, 0, 0, 1, 0, 0, 1, 1, 1, 1, 0, 0, 0, 0, 1, 1, 0, 0, 0, 0, 1, 1, 1, 1, 1, 0, 0, 0, 1, 0, 0, 1, 0, 1, 0, 1, 0, 0, 0, 1, 0, 1, 0, 0, 1, 1, 0, 1, 1, 1, 0, 0, 0, 0, 0, 0, 1, 0, 0, 0, 1, 0, 0, 1, 0, 0, 0, 1, 0, 0, 1, 0, 0, 0, 0, 1, 1, 0, 0, 1, 1, 0, 0, 1, 1, 1, 0, 1, 1, 1, 0, 0, 0, 0, 1, 0, 1, 0, 0, 0, 0, 1, 1, 0, 0, 1, 1, 0, 0, 0, 1, 0, 1, 1, 1, 0, 0, 1, 1, 1, 0, 0, 1, 0, 0, 0, 1, 1, 1, 1, 1, 0, 1, 1, 0, 0, 0, 1, 0, 0, 0, 0, 0, 1, 0, 0, 1, 0, 1, 0, 1, 1, 0, 0, 0, 0, 0, 0, 1, 0, 1, 0, 0, 0, 0, 1, 0, 0, 1, 0, 1, 0, 1, 1, 0, 0, 1, 1, 0, 1, 0, 0, 1, 1, 1, 0, 0, 1, 0, 0, 1, 1, 1, 1, 0, 0, 0, 1, 1, 1, 0]]
Fitness:  463.0471407039169
Gens:  [0, 1, 2, 3, 4, 5, 6, 7, 8, 9, 10, 11, 12, 13, 14, 15, 16, 17, 18, 19, 20, 21, 22, 23, 24, 25, 26]
Inds:  [468.58780608162505, 468.58780608162505, 467.2050159944636, 467.2050159944636, 466.23545037553214, 466.52612148582017, 466.52612148582017, 466.6236342397234, 466.4071519502813, 465.8375033483585, 465.8375033483585, 465.8375033483585, 465.5890537599954, 466.0475248745175, 464.30545077965223, 463.0471407039169, 463.0471407039169, 465.761229574184, 464.7914638081318, 464.4169663776858, 464.2553140088035, 463.7893542745459, 464.42095903519015, 464.42095903519015, 465.0005315686613, 464.0753086084606, 464.6863906746529]

