GA: art_25_irregular_sep

Execução 1:
Parametros: Pop=5000, CXPB=0.75, MUTPB=0.15, Parada=100
Tempo de Inicio (hh:mm:ss.ms) 2026-04-28 13:51:48.739051
gen	min    	max    	avg    	std    
0  	252.142	269.345	260.175	2.32896
1  	251.501	266.354	258.951	2.15713
22 	247.938	266.724	256.315	3.01908
Tempo de Termino (hh:mm:ss.ms) 2026-04-28 13:53:03.049002
Tempo Total (hh:mm:ss.ms) 0:01:14.309951
Individuo: [[1, 17, 21, 10, 49, 124, 171, 69, 95, 102, 113, 121, 114, 149, 38, 3, 14, 160, 130, 64, 54, 11, 185, 118, 143, 148, 72, 109, 157, 206, 183, 91, 20, 77, 47, 116, 74, 33, 188, 156, 76, 0, 92, 80, 137, 115, 131, 178, 90, 145, 173, 78, 58, 177, 134, 36, 62, 50, 22, 51, 103, 23, 174, 79, 37, 167, 163, 198, 128, 172, 89, 122, 65, 110, 105, 158, 111, 84, 159, 88, 132, 197, 201, 205, 152, 204, 67, 31, 6, 179, 162, 101, 190, 165, 161, 136, 193, 195, 164, 166, 153, 81, 141, 138, 139, 176, 140, 40, 66, 63, 107, 123, 196, 189, 97, 146, 180, 175, 154, 126, 57, 106, 168, 194, 5, 68, 104, 46, 73, 200, 99, 27, 53, 187, 61, 191, 170, 4, 2, 150, 108, 96, 24, 30, 199, 144, 100, 71, 28, 39, 184, 127, 117, 86, 9, 98, 55, 26, 25, 56, 119, 112, 135, 82, 41, 7, 43, 133, 85, 12, 59, 203, 181, 52, 48, 125, 8, 29, 94, 142, 13, 87, 32, 129, 182, 186, 120, 34, 42, 75, 93, 45, 44, 18, 16, 151, 155, 15, 202, 60, 70, 35, 192, 147, 169, 19, 83], [0, 0, 0, 1, 0, 0, 0, 0, 0, 0, 1, 1, 1, 1, 0, 1, 0, 1, 1, 1, 1, 0, 1, 0, 1, 1, 1, 1, 0, 1, 1, 1, 0, 0, 0, 0, 0, 0, 0, 0, 0, 1, 0, 1, 0, 0, 0, 0, 1, 1, 1, 1, 1, 0, 0, 0, 1, 1, 0, 0, 0, 0, 1, 1, 1, 0, 0, 1, 1, 0, 0, 1, 1, 1, 1, 1, 1, 0, 1, 0, 1, 0, 1, 0, 1, 1, 1, 1, 1, 0, 1, 0, 1, 0, 0, 0, 1, 1, 1, 0, 0, 0, 0, 0, 1, 0, 1, 0, 1, 0, 1, 0, 1, 1, 0, 1, 1, 0, 1, 0, 1, 0, 0, 0, 1, 0, 1, 1, 1, 1, 0, 0, 0, 1, 0, 1, 0, 0, 0, 0, 1, 1, 1, 0, 0, 0, 1, 0, 0, 1, 1, 0, 0, 1, 0, 1, 1, 1, 0, 0, 0, 0, 0, 0, 1, 0, 0, 1, 1, 1, 0, 0, 0, 0, 0, 1, 1, 1, 1, 0, 1, 0, 1, 0, 0, 1, 0, 0, 1, 1, 0, 0, 1, 1, 0, 0, 1, 0, 1, 1, 0, 0, 1, 1, 0, 0, 0]]
Fitness:  246.86556967311438
Gens:  [0, 1, 2, 3, 4, 5, 6, 7, 8, 9, 10, 11, 12, 13, 14, 15, 16, 17, 18, 19, 20, 21, 22]
Inds:  [252.14202124819838, 251.50106023497804, 251.466403811283, 249.57773390875795, 249.57773390875795, 249.57773390875795, 249.10834838649592, 249.10834838649592, 248.6371658535046, 248.6371658535046, 248.6371658535046, 246.86556967311438, 247.4271737485274, 247.83193847699155, 249.23648721887406, 249.07107935590318, 248.21642085029805, 247.87956400844584, 246.9187322972484, 246.9187322972484, 246.9187322972484, 247.93822599653453, 247.93822599653453]

