GA: art_1_hole_pack

Execução 1:
Parametros: Pop=5000, CXPB=0.75, MUTPB=0.15, Parada=100
Tempo de Inicio (hh:mm:ss.ms) 2026-04-28 13:46:58.489159
gen	min    	max    	avg    	std    
0  	288.125	303.591	295.646	1.91112
1  	288.267	301.494	294.621	1.82366
34 	285.994	301.894	292.239	2.53423
Tempo de Termino (hh:mm:ss.ms) 2026-04-28 13:49:05.866786
Tempo Total (hh:mm:ss.ms) 0:02:07.377627
Individuo: [[17, 11, 182, 72, 57, 176, 70, 194, 96, 144, 138, 225, 33, 112, 162, 235, 202, 98, 51, 224, 160, 158, 41, 132, 211, 193, 65, 215, 77, 16, 147, 179, 210, 43, 175, 223, 233, 125, 68, 64, 141, 142, 220, 18, 15, 124, 203, 163, 232, 222, 22, 2, 169, 79, 229, 86, 209, 154, 136, 100, 111, 197, 75, 40, 88, 101, 6, 95, 120, 102, 110, 10, 122, 113, 3, 26, 48, 108, 73, 216, 49, 66, 83, 177, 92, 71, 145, 198, 45, 127, 104, 153, 150, 23, 172, 21, 180, 80, 31, 89, 170, 93, 140, 74, 35, 7, 212, 186, 218, 205, 32, 34, 39, 36, 13, 8, 58, 207, 137, 25, 181, 192, 227, 116, 183, 191, 236, 4, 90, 189, 119, 149, 204, 109, 126, 20, 44, 27, 118, 195, 214, 42, 47, 56, 55, 78, 87, 199, 185, 50, 168, 167, 219, 117, 131, 201, 105, 82, 134, 46, 187, 91, 12, 121, 178, 59, 52, 184, 24, 208, 226, 206, 166, 81, 76, 19, 38, 106, 161, 97, 143, 63, 190, 165, 133, 164, 139, 157, 114, 85, 84, 213, 103, 61, 0, 200, 173, 67, 94, 156, 159, 221, 188, 196, 129, 155, 115, 107, 171, 146, 148, 130, 234, 135, 128, 54, 62, 60, 29, 28, 14, 53, 5, 69, 123, 230, 152, 174, 1, 37, 30, 9, 99, 151, 228, 217, 231], [0, 0, 1, 0, 0, 1, 0, 1, 0, 1, 0, 1, 1, 1, 1, 1, 0, 1, 0, 0, 0, 1, 0, 1, 0, 1, 0, 1, 0, 0, 0, 1, 0, 0, 1, 1, 0, 1, 1, 1, 0, 0, 1, 0, 1, 0, 0, 1, 0, 0, 0, 1, 1, 0, 0, 1, 1, 1, 1, 0, 1, 1, 0, 1, 1, 1, 0, 1, 1, 1, 1, 1, 0, 0, 0, 1, 0, 1, 1, 0, 1, 0, 0, 0, 0, 0, 1, 1, 1, 1, 0, 0, 0, 1, 0, 1, 0, 1, 1, 1, 0, 0, 1, 0, 0, 1, 0, 0, 0, 1, 1, 1, 1, 1, 0, 1, 1, 0, 0, 0, 1, 1, 0, 1, 0, 1, 1, 0, 0, 0, 0, 0, 1, 0, 0, 1, 1, 0, 0, 0, 0, 1, 1, 0, 0, 1, 1, 1, 1, 1, 1, 0, 0, 0, 0, 0, 0, 1, 0, 0, 1, 0, 1, 0, 1, 1, 1, 0, 0, 0, 1, 1, 0, 1, 1, 0, 0, 0, 0, 1, 0, 1, 0, 1, 1, 1, 0, 1, 0, 1, 1, 1, 0, 0, 0, 0, 0, 1, 1, 1, 0, 1, 0, 1, 1, 0, 0, 1, 1, 1, 1, 0, 0, 1, 0, 0, 1, 0, 1, 1, 1, 1, 1, 0, 0, 1, 0, 0, 0, 1, 1, 1, 0, 0, 0, 1, 1]]
Fitness:  284.4044226615134
Gens:  [0, 1, 2, 3, 4, 5, 6, 7, 8, 9, 10, 11, 12, 13, 14, 15, 16, 17, 18, 19, 20, 21, 22, 23, 24, 25, 26, 27, 28, 29, 30, 31, 32, 33, 34]
Inds:  [288.12483521187914, 288.2673791532346, 287.74116779506596, 286.85415903753074, 287.276941840855, 287.2781883895138, 286.99839869971754, 286.7982046968815, 285.7903345921979, 286.02497697188915, 285.9621714033054, 285.9621714033054, 285.8835104736634, 285.34630131899723, 285.34630131899723, 285.283143299463, 285.264182450073, 284.97380326483034, 284.97380326483034, 284.9191583387097, 284.9191583387097, 285.08128083706976, 284.8254328977353, 284.4044226615134, 284.7524358049061, 285.18695831418046, 285.1898225089434, 284.83419884679967, 284.55771275843546, 284.6690494837506, 284.6690494837506, 284.83419884679967, 285.70401302002597, 285.74691476058746, 285.9939483048353]

