GA: art_17_hole_sep

Execução 1:
Parametros: Pop=5000, CXPB=0.75, MUTPB=0.15, Parada=100
Tempo de Inicio (hh:mm:ss.ms) 2026-04-28 13:45:03.961390
gen	min    	max    	avg    	std    
0  	145.798	158.381	151.809	1.71245
1  	144.099	156.695	150.925	1.63344
48 	141.705	156.316	148.34 	2.41634
Tempo de Termino (hh:mm:ss.ms) 2026-04-28 13:46:38.831998
Tempo Total (hh:mm:ss.ms) 0:01:34.870608
Individuo: [[7, 96, 98, 31, 55, 37, 107, 71, 18, 56, 60, 109, 108, 28, 89, 75, 40, 2, 4, 57, 6, 46, 48, 0, 86, 36, 90, 3, 27, 22, 92, 34, 25, 41, 66, 81, 120, 85, 119, 83, 112, 111, 43, 39, 19, 26, 15, 42, 5, 24, 23, 79, 17, 61, 47, 38, 29, 105, 117, 116, 110, 114, 106, 44, 50, 78, 72, 74, 45, 62, 63, 91, 20, 102, 21, 118, 104, 65, 80, 82, 76, 115, 67, 51, 68, 93, 69, 14, 53, 54, 73, 30, 64, 16, 84, 35, 113, 58, 1, 33, 49, 103, 8, 9, 95, 100, 97, 13, 101, 12, 32, 70, 52, 59, 77, 99, 88, 87, 11, 10, 94], [1, 0, 0, 0, 1, 1, 0, 0, 1, 1, 1, 0, 0, 1, 0, 0, 1, 0, 1, 0, 0, 0, 1, 0, 1, 1, 0, 0, 1, 1, 0, 0, 1, 1, 0, 1, 1, 0, 0, 1, 1, 1, 1, 0, 1, 0, 1, 0, 1, 1, 0, 1, 1, 0, 1, 0, 1, 1, 0, 0, 0, 1, 0, 0, 1, 1, 0, 1, 1, 1, 1, 1, 0, 1, 1, 1, 1, 0, 1, 1, 1, 0, 1, 0, 1, 1, 0, 0, 0, 1, 0, 1, 0, 0, 1, 0, 1, 1, 1, 1, 0, 1, 1, 0, 1, 0, 0, 0, 1, 1, 1, 0, 1, 0, 0, 1, 0, 0, 0, 0, 0]]
Fitness:  140.39453879518118
Gens:  [0, 1, 2, 3, 4, 5, 6, 7, 8, 9, 10, 11, 12, 13, 14, 15, 16, 17, 18, 19, 20, 21, 22, 23, 24, 25, 26, 27, 28, 29, 30, 31, 32, 33, 34, 35, 36, 37, 38, 39, 40, 41, 42, 43, 44, 45, 46, 47, 48]
Inds:  [145.79778536701502, 144.09878606100114, 144.09878606100114, 143.34759382039167, 143.6921569746582, 144.10257363976754, 144.10257363976754, 143.06561092520695, 143.06561092520695, 143.2309106283316, 142.5220831016119, 142.64910056376374, 142.64910056376374, 142.64910056376374, 142.64910056376374, 142.64910056376374, 142.14859674417266, 142.14859674417266, 142.14859674417266, 142.83556904159644, 142.93854475429467, 142.40374284709623, 142.40374284709623, 142.5684779336064, 141.814625394766, 141.814625394766, 141.982055154436, 141.982055154436, 141.982055154436, 141.6835956642828, 141.6835956642828, 141.6835956642828, 141.6835956642828, 141.6835956642828, 141.72303896140832, 141.72303896140832, 142.30879939716758, 140.39453879518118, 141.81810381235397, 141.66659550988186, 141.66659550988186, 141.91506876265916, 141.11973485890712, 141.11973485890712, 141.11973485890712, 141.11973485890712, 141.16662473843957, 141.35025796275136, 141.70488943270573]

