GA: art_25_hole_sep

Execução 1:
Parametros: Pop=5000, CXPB=0.75, MUTPB=0.15, Parada=100
Tempo de Inicio (hh:mm:ss.ms) 2026-04-28 13:51:28.052985
gen	min    	max    	avg    	std    
0  	148.678	162.678	155.578	1.86431
1  	148.631	161.006	154.633	1.78384
38 	145.737	160.395	152.316	2.44021
Tempo de Termino (hh:mm:ss.ms) 2026-04-28 13:52:42.103196
Tempo Total (hh:mm:ss.ms) 0:01:14.050211
Individuo: [[26, 30, 25, 118, 46, 62, 67, 98, 27, 108, 20, 16, 13, 96, 15, 89, 103, 100, 0, 29, 95, 97, 68, 111, 45, 9, 109, 55, 88, 18, 102, 42, 50, 14, 8, 63, 57, 114, 37, 69, 83, 106, 66, 81, 77, 107, 85, 65, 94, 38, 104, 76, 28, 22, 112, 59, 2, 116, 99, 91, 53, 24, 113, 52, 87, 93, 10, 4, 11, 7, 23, 3, 12, 1, 31, 33, 47, 41, 35, 74, 117, 86, 82, 48, 49, 79, 72, 80, 56, 32, 43, 54, 6, 101, 73, 17, 19, 39, 21, 90, 36, 51, 115, 84, 105, 70, 40, 92, 5, 44, 78, 64, 60, 110, 61, 71, 75, 58, 34], [0, 1, 0, 1, 0, 1, 1, 1, 0, 0, 0, 0, 1, 1, 0, 1, 0, 0, 1, 1, 1, 0, 1, 1, 0, 0, 1, 0, 1, 1, 1, 0, 0, 0, 1, 0, 1, 1, 1, 0, 1, 0, 1, 1, 1, 1, 1, 0, 1, 1, 1, 1, 1, 0, 1, 0, 1, 0, 1, 1, 1, 0, 0, 0, 1, 0, 0, 0, 1, 0, 1, 1, 0, 0, 0, 1, 0, 1, 1, 0, 0, 0, 0, 0, 1, 1, 1, 0, 1, 1, 1, 1, 0, 0, 0, 0, 0, 0, 1, 1, 0, 0, 1, 1, 0, 0, 1, 1, 1, 0, 0, 1, 1, 1, 1, 1, 0, 1, 1]]
Fitness:  144.85818709155643
Gens:  [0, 1, 2, 3, 4, 5, 6, 7, 8, 9, 10, 11, 12, 13, 14, 15, 16, 17, 18, 19, 20, 21, 22, 23, 24, 25, 26, 27, 28, 29, 30, 31, 32, 33, 34, 35, 36, 37, 38]
Inds:  [148.67771309459155, 148.63106275900049, 147.47708088381665, 147.52219962018782, 146.72147123414317, 147.29547910963302, 146.90498815449178, 146.70014095534438, 146.6311639851326, 146.3947910777711, 145.78553074779995, 145.78553074779995, 145.78553074779995, 145.99401389676956, 146.5730772862292, 146.33316336151097, 146.42085901467095, 145.7671200731475, 145.92241703668873, 145.0439718190478, 145.0439718190478, 145.0439718190478, 144.873370988625, 144.873370988625, 145.98372917431456, 146.0641075445744, 145.41610922697242, 144.85818709155643, 144.85818709155643, 144.85818709155643, 144.85818709155643, 144.85818709155643, 145.15608646868654, 145.5500666384661, 145.5500666384661, 145.62584783218642, 145.37062167803998, 146.1348216164483, 145.73721020684576]

