GA: art_2_regular_sep

Execução 1:
Parametros: Pop=5000, CXPB=0.75, MUTPB=0.15, Parada=100
Tempo de Inicio (hh:mm:ss.ms) 2026-04-28 13:52:35.007254
gen	min    	max    	avg    	std    
0  	318.958	343.431	331.172	3.25155
1  	318.863	342.721	329.455	3.05765
36 	312.598	340.791	324.825	4.45446
Tempo de Termino (hh:mm:ss.ms) 2026-04-28 13:54:36.405568
Tempo Total (hh:mm:ss.ms) 0:02:01.398314
Individuo: [[13, 7, 45, 26, 130, 124, 148, 67, 102, 25, 6, 42, 8, 115, 166, 182, 150, 108, 63, 142, 119, 34, 69, 27, 92, 146, 167, 196, 195, 193, 189, 133, 81, 176, 157, 179, 204, 57, 155, 101, 186, 153, 162, 53, 180, 60, 16, 213, 198, 140, 138, 83, 80, 187, 163, 192, 122, 113, 74, 77, 183, 17, 118, 54, 30, 71, 129, 205, 206, 64, 32, 29, 41, 203, 144, 58, 61, 177, 147, 181, 191, 143, 184, 159, 104, 14, 131, 106, 207, 172, 79, 201, 47, 59, 11, 72, 22, 199, 151, 135, 175, 88, 121, 168, 165, 134, 210, 171, 160, 156, 51, 35, 141, 127, 56, 3, 65, 82, 31, 164, 128, 19, 38, 86, 4, 87, 90, 49, 211, 212, 116, 209, 96, 158, 169, 46, 68, 110, 197, 50, 145, 75, 1, 112, 98, 137, 123, 136, 95, 2, 15, 23, 28, 111, 200, 139, 173, 94, 105, 48, 39, 208, 174, 120, 125, 194, 149, 43, 21, 20, 52, 62, 5, 55, 117, 36, 114, 40, 93, 97, 152, 100, 0, 33, 44, 24, 12, 170, 132, 190, 91, 18, 185, 84, 10, 37, 9, 66, 188, 126, 178, 202, 85, 76, 89, 154, 73, 78, 107, 70, 99, 161, 109, 103], [0, 0, 0, 0, 0, 1, 1, 0, 0, 0, 0, 1, 0, 1, 0, 0, 1, 0, 1, 1, 1, 1, 1, 1, 1, 0, 0, 0, 0, 1, 0, 0, 1, 1, 0, 0, 0, 1, 0, 0, 0, 1, 0, 0, 0, 1, 0, 1, 1, 1, 1, 0, 1, 0, 1, 0, 0, 1, 0, 0, 0, 0, 0, 0, 1, 1, 1, 0, 0, 0, 1, 0, 1, 1, 0, 1, 0, 0, 0, 0, 1, 1, 0, 1, 0, 1, 0, 1, 1, 0, 0, 1, 1, 1, 0, 0, 1, 0, 0, 1, 0, 1, 0, 1, 0, 0, 0, 1, 1, 1, 0, 0, 0, 0, 0, 1, 1, 0, 0, 0, 0, 1, 1, 1, 1, 0, 0, 0, 0, 0, 1, 0, 0, 0, 0, 1, 1, 1, 0, 1, 0, 0, 0, 1, 0, 1, 0, 0, 1, 0, 0, 0, 1, 0, 0, 0, 0, 0, 1, 1, 0, 0, 0, 0, 0, 1, 1, 1, 1, 1, 0, 1, 0, 1, 1, 0, 1, 1, 1, 0, 1, 1, 1, 1, 0, 0, 1, 1, 0, 1, 0, 1, 1, 0, 1, 0, 1, 1, 0, 0, 1, 1, 0, 1, 0, 1, 0, 1, 1, 1, 1, 0, 1, 1]]
Fitness:  311.34086575873147
Gens:  [0, 1, 2, 3, 4, 5, 6, 7, 8, 9, 10, 11, 12, 13, 14, 15, 16, 17, 18, 19, 20, 21, 22, 23, 24, 25, 26, 27, 28, 29, 30, 31, 32, 33, 34, 35, 36]
Inds:  [318.95832043992107, 318.86253910456213, 318.2850186870999, 315.430249137342, 315.430249137342, 316.2731643764822, 316.3821561996988, 316.24953708875586, 315.206627736728, 315.3357974697911, 315.3357974697911, 314.8035151620225, 315.0338641458509, 315.0338641458509, 314.91987899023167, 313.29439998362454, 314.0071208927607, 312.6896565040732, 311.98427524575493, 311.98427524575493, 311.98427524575493, 311.98427524575493, 311.98427524575493, 311.98427524575493, 311.98427524575493, 311.34086575873147, 312.64487641711196, 312.3907615373722, 313.10762220224575, 313.10762220224575, 312.66105027844304, 313.5334124874765, 313.5334124874765, 313.4587317083141, 312.99340532161574, 313.1530189096807, 312.5979603398929]

