GA: art_20_irregular_sep

Execução 1:
Parametros: Pop=5000, CXPB=0.75, MUTPB=0.15, Parada=100
Tempo de Inicio (hh:mm:ss.ms) 2026-04-28 13:48:13.505925
gen	min    	max    	avg    	std    
0  	212.365	227.744	220.265	2.21587
1  	210.398	227.217	219.135	2.10717
26 	208.148	227.028	216.21 	2.91476
Tempo de Termino (hh:mm:ss.ms) 2026-04-28 13:49:27.345079
Tempo Total (hh:mm:ss.ms) 0:01:13.839154
Individuo: [[76, 110, 150, 136, 113, 93, 13, 68, 84, 172, 164, 155, 45, 159, 144, 55, 138, 141, 85, 23, 20, 3, 87, 123, 163, 126, 161, 165, 22, 44, 38, 51, 6, 7, 57, 149, 63, 12, 47, 129, 96, 130, 124, 94, 78, 43, 88, 72, 83, 139, 152, 148, 28, 103, 142, 67, 27, 75, 70, 14, 19, 50, 40, 61, 64, 158, 109, 131, 86, 29, 54, 0, 62, 81, 58, 5, 25, 111, 95, 90, 73, 18, 77, 34, 11, 49, 37, 157, 170, 24, 102, 101, 16, 39, 8, 114, 117, 107, 115, 162, 112, 99, 98, 36, 118, 79, 91, 69, 143, 140, 171, 104, 30, 9, 10, 4, 80, 92, 173, 116, 153, 100, 17, 74, 21, 160, 53, 66, 135, 122, 105, 31, 1, 33, 154, 59, 156, 145, 97, 48, 42, 52, 65, 2, 26, 35, 56, 46, 41, 169, 128, 147, 119, 89, 108, 82, 15, 166, 120, 146, 151, 127, 137, 71, 106, 60, 32, 121, 125, 134, 132, 168, 167, 174, 133], [0, 1, 0, 0, 1, 1, 1, 0, 0, 0, 1, 1, 1, 0, 0, 1, 0, 0, 0, 1, 0, 0, 1, 1, 1, 0, 0, 0, 0, 0, 0, 1, 1, 0, 0, 1, 1, 1, 0, 0, 0, 1, 1, 0, 0, 0, 1, 1, 0, 0, 0, 0, 0, 0, 1, 0, 0, 1, 1, 1, 1, 0, 1, 1, 0, 0, 1, 1, 1, 1, 0, 0, 1, 0, 1, 0, 1, 1, 0, 1, 0, 1, 1, 1, 0, 0, 1, 1, 0, 1, 0, 0, 0, 1, 0, 0, 1, 0, 0, 1, 1, 1, 0, 0, 0, 0, 0, 1, 1, 1, 1, 0, 1, 0, 0, 1, 1, 0, 1, 0, 0, 1, 0, 0, 1, 0, 0, 0, 0, 0, 1, 0, 0, 0, 0, 0, 0, 1, 1, 1, 0, 0, 1, 1, 1, 0, 0, 0, 0, 1, 1, 1, 0, 1, 1, 1, 0, 0, 1, 0, 0, 0, 0, 0, 1, 0, 0, 1, 0, 1, 0, 0, 0, 1, 0]]
Fitness:  206.9220388869684
Gens:  [0, 1, 2, 3, 4, 5, 6, 7, 8, 9, 10, 11, 12, 13, 14, 15, 16, 17, 18, 19, 20, 21, 22, 23, 24, 25, 26]
Inds:  [212.36450039392574, 210.3982834098359, 210.3982834098359, 210.36597628727273, 210.36597628727273, 210.04484283308165, 209.51519837521894, 210.1162109849486, 208.94897147827004, 208.94897147827004, 208.94897147827004, 208.51472913198393, 207.03349147471002, 207.03349147471002, 207.03349147471002, 206.9220388869684, 206.9220388869684, 206.9220388869684, 206.9220388869684, 207.62706086719461, 207.62706086719461, 207.62706086719461, 208.14775832441447, 208.14775832441447, 208.14775832441447, 208.14775832441447, 208.14775832441447]

