GA: art_17_regular_sep

Execução 1:
Parametros: Pop=5000, CXPB=0.75, MUTPB=0.15, Parada=100
Tempo de Inicio (hh:mm:ss.ms) 2026-04-28 13:45:28.484704
gen	min    	max    	avg    	std    
0  	123.181	133.527	128.992	1.33798
1  	123.508	133.041	128.314	1.25081
35 	121.447	132.195	126.612	1.78102
Tempo de Termino (hh:mm:ss.ms) 2026-04-28 13:46:17.477742
Tempo Total (hh:mm:ss.ms) 0:00:48.993038
Individuo: [[4, 0, 49, 73, 63, 65, 57, 59, 76, 32, 61, 50, 81, 62, 30, 51, 72, 43, 41, 55, 66, 36, 33, 78, 14, 74, 79, 45, 27, 23, 13, 19, 64, 54, 67, 82, 75, 52, 60, 35, 25, 40, 58, 11, 8, 28, 6, 44, 20, 21, 26, 16, 29, 15, 10, 17, 48, 69, 77, 56, 47, 53, 71, 38, 34, 39, 9, 1, 42, 80, 68, 70, 37, 31, 12, 24, 46, 2, 5, 7, 18, 22, 3], [1, 1, 0, 1, 0, 0, 0, 1, 1, 0, 0, 0, 1, 0, 0, 0, 0, 1, 0, 0, 1, 0, 1, 1, 1, 0, 0, 0, 0, 1, 1, 1, 0, 0, 0, 0, 1, 0, 0, 1, 1, 0, 0, 1, 0, 1, 0, 1, 0, 1, 0, 1, 1, 0, 1, 0, 1, 0, 1, 1, 0, 0, 1, 1, 1, 0, 0, 1, 0, 1, 0, 0, 0, 1, 0, 1, 0, 1, 1, 1, 0, 1, 1]]
Fitness:  121.20193915277457
Gens:  [0, 1, 2, 3, 4, 5, 6, 7, 8, 9, 10, 11, 12, 13, 14, 15, 16, 17, 18, 19, 20, 21, 22, 23, 24, 25, 26, 27, 28, 29, 30, 31, 32, 33, 34, 35]
Inds:  [123.18117789925721, 123.50774160247094, 123.27259249979689, 123.27259249979689, 122.67674202372888, 122.98505715698583, 122.8323714407849, 122.42650162947683, 123.19692374864037, 122.45485117661765, 122.39633991496454, 122.17220697587263, 122.56097558972152, 122.20412834913051, 122.40368744041079, 122.40368744041079, 122.33927259779863, 122.23728644818841, 122.37727737455157, 122.37727737455157, 122.37727737455157, 121.57441338202231, 121.57441338202231, 121.57441338202231, 121.20193915277457, 121.20193915277457, 121.20193915277457, 121.20193915277457, 121.20193915277457, 121.20193915277457, 121.46175658789505, 121.91680155793694, 121.35687212175581, 121.35687212175581, 121.35687212175581, 121.44685695646945]

