GA: art_22_hole_pack

Execução 1:
Parametros: Pop=5000, CXPB=0.75, MUTPB=0.15, Parada=100
Tempo de Inicio (hh:mm:ss.ms) 2026-04-28 13:49:10.228611
gen	min    	max    	avg    	std     
0  	117.366	123.623	120.869	0.857211
1  	117.32 	123.434	120.405	0.816078
39 	115.299	123.017	119.223	1.17386 
Tempo de Termino (hh:mm:ss.ms) 2026-04-28 13:50:16.275892
Tempo Total (hh:mm:ss.ms) 0:01:06.047281
Individuo: [[3, 14, 31, 15, 88, 23, 34, 43, 98, 66, 37, 90, 80, 82, 79, 76, 56, 21, 18, 17, 8, 7, 0, 89, 44, 10, 50, 51, 86, 22, 32, 40, 81, 13, 36, 27, 2, 30, 85, 12, 41, 1, 5, 11, 92, 101, 67, 19, 64, 4, 84, 35, 72, 100, 68, 71, 45, 25, 62, 97, 74, 33, 73, 65, 59, 38, 53, 78, 60, 63, 93, 55, 69, 99, 47, 57, 54, 87, 96, 26, 52, 94, 91, 70, 9, 39, 29, 49, 75, 48, 77, 95, 6, 83, 24, 20, 46, 16, 42, 28, 58, 61], [0, 0, 1, 1, 0, 0, 1, 0, 1, 0, 0, 1, 1, 1, 0, 1, 0, 1, 1, 1, 0, 1, 1, 1, 0, 1, 1, 1, 1, 0, 1, 0, 1, 1, 1, 1, 1, 0, 0, 1, 1, 1, 1, 1, 1, 1, 1, 1, 1, 0, 0, 1, 1, 0, 0, 1, 0, 1, 1, 0, 1, 1, 0, 1, 1, 1, 1, 1, 0, 1, 0, 0, 0, 0, 0, 1, 1, 1, 1, 0, 1, 0, 0, 0, 1, 1, 1, 1, 1, 1, 0, 0, 1, 1, 1, 0, 1, 0, 1, 1, 0, 0]]
Fitness:  115.26265443204913
Gens:  [0, 1, 2, 3, 4, 5, 6, 7, 8, 9, 10, 11, 12, 13, 14, 15, 16, 17, 18, 19, 20, 21, 22, 23, 24, 25, 26, 27, 28, 29, 30, 31, 32, 33, 34, 35, 36, 37, 38, 39]
Inds:  [117.36623080438888, 117.3200507619016, 117.20453617169922, 117.24096341119997, 116.70643864395736, 116.70643864395736, 116.70643864395736, 116.56602612984194, 116.42444636401095, 116.26148975890172, 116.43353295865667, 116.06382238914442, 116.15403124552917, 116.43353295865667, 116.1089819848112, 116.10282703225916, 116.24289232462621, 116.37443028342554, 116.09409888327568, 116.09409888327568, 115.80710351548345, 116.09409888327568, 116.25889680631903, 116.22354655860053, 116.00933886569025, 115.44691128444319, 115.44691128444319, 115.44691128444319, 115.26265443204913, 115.26265443204913, 115.39170152545225, 115.39170152545225, 115.39170152545225, 115.39170152545225, 115.58737033615064, 115.62418584627632, 115.71332144508237, 115.4873974849512, 116.00436946629695, 115.2990873096527]

