GA: art_18_irregular_sep

Execução 1:
Parametros: Pop=5000, CXPB=0.75, MUTPB=0.15, Parada=100
Tempo de Inicio (hh:mm:ss.ms) 2026-04-28 13:45:59.389191
gen	min    	max    	avg    	std    
0  	262.887	279.627	271.811	2.33838
1  	262.887	280.618	270.669	2.2381 
24 	258.494	280.012	267.588	3.13509
Tempo de Termino (hh:mm:ss.ms) 2026-04-28 13:47:22.491992
Tempo Total (hh:mm:ss.ms) 0:01:23.102801
Individuo: [[87, 24, 98, 101, 212, 160, 133, 74, 51, 56, 22, 67, 61, 29, 30, 21, 161, 55, 84, 120, 123, 46, 52, 3, 37, 153, 80, 132, 49, 6, 53, 9, 128, 63, 158, 119, 108, 104, 154, 88, 118, 72, 44, 106, 85, 136, 95, 165, 117, 162, 81, 40, 65, 69, 150, 126, 131, 203, 114, 31, 159, 57, 152, 43, 178, 13, 36, 170, 191, 92, 91, 35, 93, 167, 175, 0, 164, 207, 196, 103, 75, 7, 105, 155, 166, 194, 192, 181, 32, 86, 138, 115, 129, 134, 174, 97, 121, 189, 102, 96, 14, 19, 66, 125, 16, 146, 68, 4, 41, 89, 8, 42, 76, 144, 195, 193, 79, 168, 78, 142, 18, 11, 58, 185, 143, 109, 100, 148, 197, 163, 27, 124, 183, 140, 135, 179, 145, 177, 215, 184, 187, 59, 200, 210, 112, 90, 99, 94, 173, 213, 188, 211, 77, 83, 25, 71, 70, 202, 186, 107, 141, 151, 39, 34, 157, 122, 28, 82, 17, 62, 171, 130, 38, 50, 33, 110, 47, 5, 15, 10, 1, 113, 198, 204, 182, 190, 147, 23, 116, 214, 54, 26, 169, 206, 64, 48, 73, 199, 209, 208, 176, 149, 172, 2, 111, 201, 137, 60, 45, 139, 180, 205, 156, 127, 20, 12], [1, 0, 0, 0, 0, 1, 1, 0, 0, 0, 1, 1, 0, 1, 1, 0, 0, 0, 1, 1, 1, 0, 0, 1, 1, 0, 0, 1, 0, 0, 1, 0, 0, 1, 0, 0, 1, 1, 1, 0, 1, 0, 0, 1, 1, 0, 0, 0, 1, 1, 1, 1, 0, 0, 1, 0, 1, 0, 1, 1, 1, 0, 0, 1, 1, 0, 1, 1, 0, 1, 1, 1, 0, 0, 0, 0, 1, 1, 0, 0, 0, 1, 0, 0, 0, 1, 0, 0, 1, 1, 0, 1, 0, 1, 0, 1, 0, 1, 0, 1, 0, 0, 1, 1, 1, 1, 0, 1, 0, 0, 1, 1, 0, 0, 1, 1, 1, 1, 0, 1, 0, 1, 0, 0, 0, 0, 1, 0, 0, 0, 0, 1, 1, 1, 0, 1, 1, 0, 0, 1, 1, 1, 0, 1, 1, 1, 0, 1, 0, 0, 0, 1, 0, 0, 1, 1, 1, 0, 1, 0, 1, 1, 1, 1, 1, 0, 1, 1, 1, 1, 1, 1, 0, 1, 0, 1, 1, 0, 1, 0, 1, 1, 1, 1, 1, 0, 1, 1, 0, 0, 1, 0, 1, 1, 1, 1, 1, 1, 0, 0, 1, 1, 0, 1, 1, 1, 0, 0, 0, 1, 1, 0, 1, 0, 1, 0]]
Fitness:  258.14559844989844
Gens:  [0, 1, 2, 3, 4, 5, 6, 7, 8, 9, 10, 11, 12, 13, 14, 15, 16, 17, 18, 19, 20, 21, 22, 23, 24]
Inds:  [262.8869000688951, 262.8869000688951, 261.4749394866866, 261.4749394866866, 261.21091163418123, 261.21091163418123, 259.84560822904217, 259.84560822904217, 259.16298477644887, 260.32758474419904, 260.1968022304152, 260.1925818794448, 260.4220184705076, 258.14559844989844, 259.32057072632193, 259.32057072632193, 259.33967798621205, 259.98074755246034, 260.01503733042966, 258.67709627178175, 259.87668053897954, 259.87668053897954, 259.38603061920537, 258.85650866690395, 258.49424373730596]

