GA: art_17_irregular_pack

Execução 1:
Parametros: Pop=5000, CXPB=0.75, MUTPB=0.15, Parada=100
Tempo de Inicio (hh:mm:ss.ms) 2026-04-28 13:45:08.369971
gen	min    	max    	avg    	std    
0  	328.024	347.101	338.218	2.36715
1  	328.024	346.729	337.016	2.28111
42 	325.017	344.506	334.021	3.14644
Tempo de Termino (hh:mm:ss.ms) 2026-04-28 13:48:15.793386
Tempo Total (hh:mm:ss.ms) 0:03:07.423415
Individuo: [[5, 250, 80, 142, 139, 224, 276, 242, 114, 50, 226, 272, 165, 37, 118, 189, 184, 225, 235, 181, 66, 215, 136, 59, 68, 109, 160, 231, 176, 86, 201, 179, 209, 192, 166, 112, 232, 219, 145, 212, 274, 131, 146, 121, 208, 207, 71, 188, 65, 143, 47, 194, 119, 49, 27, 24, 102, 22, 35, 58, 246, 243, 229, 230, 149, 270, 279, 240, 210, 156, 107, 187, 161, 164, 10, 206, 200, 227, 11, 31, 39, 45, 63, 185, 40, 53, 277, 20, 78, 36, 217, 236, 256, 220, 2, 241, 251, 178, 104, 172, 76, 74, 77, 152, 169, 21, 95, 245, 275, 265, 97, 92, 135, 221, 171, 116, 144, 130, 25, 48, 249, 3, 133, 16, 33, 162, 122, 79, 34, 96, 52, 42, 38, 260, 0, 254, 8, 44, 70, 137, 26, 222, 89, 237, 108, 32, 126, 205, 98, 69, 150, 158, 111, 110, 163, 238, 54, 94, 17, 72, 228, 51, 61, 147, 271, 233, 125, 159, 244, 218, 57, 154, 268, 81, 18, 117, 248, 247, 56, 103, 23, 13, 12, 15, 148, 84, 177, 64, 19, 106, 123, 198, 191, 6, 153, 46, 85, 266, 186, 155, 101, 255, 157, 62, 234, 199, 196, 261, 263, 273, 124, 168, 41, 82, 278, 258, 211, 216, 134, 87, 83, 195, 43, 259, 183, 262, 73, 93, 252, 151, 214, 105, 7, 1, 213, 128, 170, 28, 14, 100, 29, 264, 138, 99, 267, 204, 67, 91, 4, 75, 120, 173, 175, 30, 190, 127, 140, 55, 182, 257, 239, 90, 88, 223, 115, 202, 197, 203, 132, 180, 193, 269, 167, 113, 174, 60, 253, 141, 129, 9], [1, 0, 1, 0, 1, 1, 0, 0, 0, 1, 0, 1, 0, 1, 0, 0, 1, 1, 1, 0, 1, 0, 1, 0, 1, 0, 0, 0, 1, 1, 0, 0, 0, 1, 1, 1, 1, 0, 0, 0, 0, 0, 0, 1, 0, 1, 1, 1, 1, 1, 0, 1, 0, 0, 1, 1, 1, 0, 0, 1, 0, 1, 1, 1, 0, 0, 1, 1, 0, 0, 1, 1, 1, 0, 1, 0, 1, 0, 0, 0, 1, 0, 0, 0, 1, 1, 1, 0, 1, 0, 0, 1, 0, 1, 1, 1, 1, 0, 1, 0, 1, 0, 1, 1, 0, 1, 0, 1, 0, 1, 1, 0, 0, 1, 0, 1, 1, 0, 1, 0, 1, 1, 0, 1, 1, 1, 0, 0, 1, 1, 0, 0, 0, 1, 0, 1, 1, 1, 0, 1, 1, 0, 0, 1, 1, 1, 1, 0, 0, 1, 1, 0, 1, 1, 1, 0, 0, 0, 0, 0, 1, 1, 1, 1, 0, 0, 0, 0, 1, 1, 1, 0, 0, 1, 1, 0, 1, 0, 0, 1, 1, 0, 0, 1, 0, 1, 0, 1, 1, 0, 1, 1, 1, 0, 0, 1, 0, 0, 1, 1, 1, 0, 1, 1, 1, 0, 1, 1, 0, 1, 1, 0, 1, 1, 0, 0, 1, 0, 1, 0, 0, 0, 0, 1, 0, 1, 1, 1, 1, 1, 0, 1, 1, 0, 1, 1, 1, 0, 0, 1, 0, 1, 0, 0, 0, 1, 1, 0, 0, 0, 0, 0, 1, 1, 0, 0, 0, 1, 0, 0, 0, 0, 1, 1, 1, 1, 1, 1, 1, 0, 0, 1, 1, 0, 0, 0, 0, 1, 1, 1]]
Fitness:  324.32585938985017
Gens:  [0, 1, 2, 3, 4, 5, 6, 7, 8, 9, 10, 11, 12, 13, 14, 15, 16, 17, 18, 19, 20, 21, 22, 23, 24, 25, 26, 27, 28, 29, 30, 31, 32, 33, 34, 35, 36, 37, 38, 39, 40, 41, 42]
Inds:  [328.0243191360906, 328.0243191360906, 328.0243191360906, 328.0243191360906, 327.7467395487426, 326.8044940434293, 326.8044940434293, 326.4867766527814, 326.42666434627233, 326.3158698009252, 326.86187671487, 325.29346768091807, 326.13087468035127, 326.8450986803315, 326.7569579533759, 326.353036305524, 326.1578938332486, 326.3995891793443, 326.31132159708073, 325.53302679791744, 324.9720608995055, 325.13177938544766, 325.13177938544766, 325.1111427592736, 324.8194210657559, 324.8194210657559, 326.38207707195215, 325.38188158233453, 325.38188158233453, 325.2866406391692, 325.0238818603301, 324.32585938985017, 324.32585938985017, 324.32585938985017, 324.32585938985017, 324.32585938985017, 325.334871732144, 324.9528014501699, 325.0900533981179, 325.0900533981179, 325.0900533981179, 325.1645733231383, 325.0169892256514]

