GA: art_19_irregular_pack

Execução 1:
Parametros: Pop=5000, CXPB=0.75, MUTPB=0.15, Parada=100
Tempo de Inicio (hh:mm:ss.ms) 2026-04-28 13:46:36.822794
gen	min    	max    	avg    	std    
0  	240.881	252.382	247.013	1.68221
1  	240.209	253.011	246.154	1.63456
59 	237.216	252.145	243.781	2.27622
Tempo de Termino (hh:mm:ss.ms) 2026-04-28 13:49:47.643327
Tempo Total (hh:mm:ss.ms) 0:03:10.820533
Individuo: [[116, 137, 141, 103, 190, 71, 47, 121, 206, 150, 205, 145, 4, 133, 9, 59, 92, 65, 158, 63, 140, 62, 164, 112, 7, 130, 11, 51, 163, 45, 38, 39, 138, 56, 170, 174, 207, 144, 88, 149, 155, 69, 22, 0, 12, 105, 152, 136, 157, 124, 169, 102, 8, 6, 119, 78, 3, 82, 26, 40, 94, 29, 162, 132, 104, 70, 87, 96, 182, 175, 1, 183, 83, 129, 49, 74, 142, 18, 118, 66, 86, 20, 76, 33, 159, 204, 146, 199, 156, 35, 17, 68, 5, 99, 203, 184, 165, 192, 123, 126, 200, 153, 167, 143, 42, 25, 110, 79, 19, 77, 81, 127, 154, 173, 179, 100, 187, 54, 166, 60, 67, 195, 178, 176, 197, 75, 64, 21, 50, 55, 125, 43, 34, 134, 109, 139, 161, 106, 10, 148, 185, 191, 194, 198, 52, 58, 53, 89, 85, 131, 196, 117, 120, 151, 186, 189, 188, 95, 193, 27, 31, 84, 41, 23, 147, 93, 28, 30, 181, 180, 135, 171, 57, 115, 113, 80, 36, 122, 202, 168, 90, 61, 97, 172, 108, 16, 111, 46, 101, 44, 114, 107, 32, 37, 48, 24, 177, 160, 91, 98, 15, 14, 72, 73, 13, 201, 2, 128], [0, 1, 0, 1, 1, 0, 0, 0, 0, 0, 1, 0, 1, 0, 1, 1, 1, 1, 0, 0, 0, 1, 0, 0, 0, 0, 1, 0, 0, 1, 0, 1, 1, 0, 0, 0, 0, 0, 1, 0, 0, 0, 0, 1, 0, 1, 0, 1, 0, 0, 1, 0, 0, 1, 0, 0, 0, 1, 1, 1, 0, 1, 1, 0, 1, 1, 0, 0, 0, 1, 1, 0, 0, 0, 1, 1, 0, 1, 0, 0, 1, 1, 0, 1, 1, 0, 0, 0, 0, 1, 0, 0, 0, 0, 0, 1, 1, 0, 0, 1, 1, 1, 0, 1, 1, 1, 1, 1, 1, 0, 0, 1, 1, 1, 0, 1, 0, 0, 0, 1, 0, 1, 0, 0, 0, 1, 0, 0, 1, 1, 0, 1, 1, 0, 1, 1, 1, 0, 1, 0, 0, 1, 0, 0, 1, 0, 0, 1, 1, 0, 0, 0, 0, 1, 1, 0, 0, 1, 0, 0, 1, 1, 1, 1, 1, 0, 0, 1, 1, 0, 1, 0, 0, 1, 1, 1, 0, 1, 1, 1, 0, 1, 1, 1, 0, 0, 0, 0, 0, 0, 0, 0, 1, 1, 0, 1, 0, 1, 1, 0, 1, 1, 0, 0, 0, 1, 0, 1]]
Fitness:  236.2506165189403
Gens:  [0, 1, 2, 3, 4, 5, 6, 7, 8, 9, 10, 11, 12, 13, 14, 15, 16, 17, 18, 19, 20, 21, 22, 23, 24, 25, 26, 27, 28, 29, 30, 31, 32, 33, 34, 35, 36, 37, 38, 39, 40, 41, 42, 43, 44, 45, 46, 47, 48, 49, 50, 51, 52, 53, 54, 55, 56, 57, 58, 59]
Inds:  [240.88089066050867, 240.2090062503463, 239.75124148733215, 239.58364628303676, 239.07638960726666, 239.07638960726666, 239.07638960726666, 239.07638960726666, 238.04671660651152, 238.04671660651152, 238.04671660651152, 237.50035933569458, 238.85329868310995, 238.46346486710803, 237.85068196908313, 237.96659787052107, 237.96659787052107, 238.01963634513598, 237.4930349679855, 237.4930349679855, 237.4930349679855, 237.4930349679855, 237.51201878409194, 237.51201878409194, 237.5080057612877, 237.54670697887025, 237.54670697887025, 237.54670697887025, 237.54670697887025, 237.22794805742132, 237.54670697887025, 237.47095978854952, 237.80537699332774, 237.43325749177907, 237.4582147054361, 237.3643317524579, 237.3643317524579, 236.92933709855603, 237.44176935860034, 237.09895730461506, 236.968841034347, 236.968841034347, 236.968841034347, 237.65212357821267, 237.80210606300642, 237.54216606819085, 237.54216606819085, 237.20551469704813, 236.2506165189403, 236.92362043094994, 236.92362043094994, 236.92362043094994, 236.92362043094994, 236.92362043094994, 236.92362043094994, 237.99192571972878, 237.99192571972878, 237.99192571972878, 237.53685168158933, 237.21617256849336]

