GA: art_19_hole_pack

Execução 1:
Parametros: Pop=5000, CXPB=0.75, MUTPB=0.15, Parada=100
Tempo de Inicio (hh:mm:ss.ms) 2026-04-28 13:46:24.330050
gen	min    	max    	avg   	std    
0  	201.712	211.345	206.48	1.39243
1  	200.928	210.323	205.76	1.31589
54 	198.556	209.675	203.959	1.88024
Tempo de Termino (hh:mm:ss.ms) 2026-04-28 13:48:32.715881
Tempo Total (hh:mm:ss.ms) 0:02:08.385831
Individuo: [[78, 54, 70, 97, 119, 121, 28, 79, 23, 63, 61, 99, 100, 101, 114, 141, 111, 142, 110, 148, 105, 77, 85, 25, 19, 76, 69, 15, 96, 48, 67, 72, 29, 145, 130, 132, 94, 95, 138, 103, 137, 131, 134, 44, 33, 81, 127, 124, 75, 43, 46, 3, 30, 42, 98, 0, 24, 143, 89, 83, 7, 139, 65, 35, 12, 128, 112, 88, 84, 113, 87, 104, 147, 108, 45, 64, 86, 80, 136, 146, 37, 5, 13, 49, 109, 149, 150, 73, 102, 82, 31, 129, 62, 90, 9, 20, 93, 50, 1, 21, 68, 116, 6, 144, 92, 40, 47, 52, 140, 123, 74, 135, 41, 14, 8, 126, 58, 55, 53, 10, 16, 115, 18, 17, 38, 51, 22, 118, 91, 57, 120, 133, 11, 66, 125, 60, 2, 32, 56, 39, 4, 27, 26, 107, 106, 71, 117, 34, 59, 122, 36], [0, 1, 0, 1, 0, 1, 0, 0, 1, 0, 0, 1, 1, 1, 0, 1, 1, 1, 1, 0, 1, 1, 1, 1, 0, 0, 0, 1, 0, 1, 0, 1, 1, 1, 1, 1, 0, 0, 0, 1, 1, 1, 0, 1, 1, 0, 0, 0, 1, 1, 1, 1, 0, 1, 0, 0, 1, 0, 1, 0, 1, 1, 0, 0, 0, 0, 1, 0, 0, 0, 1, 1, 0, 1, 1, 1, 0, 0, 1, 1, 0, 1, 0, 1, 1, 0, 1, 0, 1, 0, 0, 0, 0, 0, 0, 0, 1, 0, 1, 1, 0, 1, 0, 0, 0, 1, 1, 0, 0, 1, 1, 0, 0, 0, 1, 1, 1, 1, 1, 0, 1, 1, 0, 1, 1, 0, 0, 0, 0, 1, 1, 0, 0, 1, 1, 0, 1, 1, 0, 1, 1, 0, 0, 1, 1, 1, 1, 1, 0, 1, 1]]
Fitness:  198.11776734633358
Gens:  [0, 1, 2, 3, 4, 5, 6, 7, 8, 9, 10, 11, 12, 13, 14, 15, 16, 17, 18, 19, 20, 21, 22, 23, 24, 25, 26, 27, 28, 29, 30, 31, 32, 33, 34, 35, 36, 37, 38, 39, 40, 41, 42, 43, 44, 45, 46, 47, 48, 49, 50, 51, 52, 53, 54]
Inds:  [201.71234949555748, 200.92775745320424, 200.39834662365834, 200.39834662365834, 199.61089040379068, 200.2569418136229, 199.65276159286296, 200.22548882312003, 199.5067679259093, 199.9695814413057, 199.82654195054508, 200.01780454310207, 199.76572022634156, 199.64400950340703, 199.34071116675372, 198.6627870729721, 199.69878328518243, 198.81449934180654, 199.2257732306176, 199.2257732306176, 199.2257732306176, 198.80486513257495, 198.80486513257495, 198.44451005408854, 198.44451005408854, 198.80486513257495, 198.80486513257495, 198.80486513257495, 198.80486513257495, 198.50965172263844, 198.8452592682304, 198.84709708619522, 198.19455480293868, 198.19455480293868, 198.8858169553035, 198.64698329463334, 198.74244836635847, 198.74244836635847, 198.291949313573, 198.291949313573, 198.291949313573, 198.291949313573, 198.61978801366757, 198.11776734633358, 198.11776734633358, 198.639109232594, 198.639109232594, 199.13050317868775, 198.53113151943478, 199.0910300646381, 199.0910300646381, 199.0910300646381, 199.0910300646381, 198.5564269554018, 198.5564269554018]

