GA: art_4_irregular_sep

Execução 1:
Parametros: Pop=5000, CXPB=0.75, MUTPB=0.15, Parada=100
Tempo de Inicio (hh:mm:ss.ms) 2026-04-28 13:53:45.476125
gen	min    	max    	avg    	std    
0  	218.056	234.381	225.572	2.16217
1  	217.187	232.198	224.421	2.02387
27 	212.986	231.294	221.562	2.88623
Tempo de Termino (hh:mm:ss.ms) 2026-04-28 13:55:05.252156
Tempo Total (hh:mm:ss.ms) 0:01:19.776031
Individuo: [[59, 78, 85, 48, 80, 89, 90, 118, 51, 128, 103, 126, 2, 46, 69, 183, 10, 160, 95, 75, 114, 129, 44, 55, 86, 70, 127, 172, 150, 74, 157, 91, 182, 28, 23, 73, 111, 145, 166, 105, 87, 134, 176, 171, 20, 54, 25, 139, 144, 151, 138, 68, 41, 82, 102, 169, 33, 135, 161, 149, 37, 98, 133, 115, 50, 147, 117, 168, 60, 106, 113, 112, 45, 52, 165, 36, 32, 21, 3, 146, 71, 49, 9, 15, 72, 167, 142, 136, 107, 7, 11, 83, 175, 40, 67, 100, 88, 53, 116, 57, 14, 58, 13, 29, 8, 152, 5, 42, 63, 18, 38, 122, 137, 99, 140, 84, 61, 27, 155, 164, 65, 125, 81, 77, 30, 19, 4, 1, 104, 101, 17, 62, 31, 93, 79, 178, 174, 119, 158, 121, 143, 64, 96, 56, 180, 181, 162, 156, 173, 177, 163, 124, 39, 6, 131, 120, 97, 47, 26, 22, 148, 108, 130, 154, 153, 159, 179, 35, 76, 109, 141, 132, 110, 66, 170, 34, 43, 12, 92, 16, 24, 94, 123, 0], [1, 0, 1, 0, 1, 0, 0, 0, 1, 1, 1, 0, 0, 1, 1, 0, 1, 0, 0, 0, 1, 0, 0, 1, 0, 1, 1, 1, 0, 0, 0, 0, 0, 0, 1, 1, 0, 0, 1, 1, 1, 1, 0, 0, 1, 1, 1, 0, 0, 1, 0, 0, 0, 0, 0, 0, 1, 0, 1, 0, 1, 0, 0, 1, 1, 0, 1, 1, 0, 0, 1, 1, 0, 0, 1, 1, 0, 0, 1, 1, 0, 0, 0, 0, 1, 1, 0, 1, 0, 1, 0, 0, 0, 1, 1, 0, 1, 1, 0, 1, 1, 1, 1, 1, 1, 1, 1, 1, 1, 0, 1, 1, 0, 0, 1, 0, 0, 0, 1, 1, 1, 1, 0, 0, 0, 0, 1, 1, 1, 0, 0, 0, 1, 0, 1, 0, 1, 0, 1, 1, 0, 0, 1, 1, 0, 1, 1, 0, 0, 0, 0, 1, 0, 1, 1, 0, 0, 0, 1, 1, 0, 0, 1, 0, 1, 0, 0, 0, 0, 0, 0, 1, 1, 0, 1, 1, 1, 1, 1, 0, 1, 1, 1, 1]]
Fitness:  212.70488513874065
Gens:  [0, 1, 2, 3, 4, 5, 6, 7, 8, 9, 10, 11, 12, 13, 14, 15, 16, 17, 18, 19, 20, 21, 22, 23, 24, 25, 26, 27]
Inds:  [218.05563067617643, 217.18749442315263, 216.3616095529046, 216.3616095529046, 214.76081008711432, 214.76081008711432, 215.12871439792048, 215.17443748980304, 214.65959854126373, 215.23819696025447, 214.76831670908138, 215.109440838751, 214.14557518467936, 214.14557518467936, 214.14557518467936, 213.98312515617187, 212.70488513874065, 213.8991286112265, 213.68647963742842, 213.68647963742842, 213.98725589083452, 214.09313368298405, 214.09313368298405, 214.09313368298405, 214.09313368298405, 212.98558093524088, 212.98558093524088, 212.98558093524088]

