GA: art_12_irregular_pack

Execução 1:
Parametros: Pop=5000, CXPB=0.75, MUTPB=0.15, Parada=100
Tempo de Inicio (hh:mm:ss.ms) 2026-04-28 13:41:15.050960
gen	min    	max    	avg    	std    
0  	407.458	425.135	416.605	2.78451
1  	407.053	425.003	415.149	2.57801
41 	400.342	424.608	411.479	3.738  
Tempo de Termino (hh:mm:ss.ms) 2026-04-28 13:44:55.583219
Tempo Total (hh:mm:ss.ms) 0:03:40.532259
Individuo: [[2, 250, 195, 325, 282, 90, 297, 142, 270, 239, 84, 26, 164, 279, 238, 61, 118, 14, 228, 209, 193, 157, 234, 321, 211, 102, 40, 9, 24, 129, 74, 208, 43, 7, 68, 98, 154, 256, 13, 133, 137, 117, 124, 121, 177, 11, 273, 307, 51, 287, 285, 207, 37, 223, 224, 315, 319, 323, 271, 277, 38, 100, 39, 261, 257, 183, 184, 19, 235, 252, 301, 132, 59, 0, 92, 258, 122, 54, 29, 159, 160, 56, 203, 148, 172, 326, 320, 283, 236, 260, 81, 322, 288, 275, 16, 91, 115, 101, 95, 221, 82, 178, 41, 47, 52, 249, 125, 111, 169, 254, 324, 216, 247, 281, 268, 308, 88, 298, 312, 314, 222, 5, 49, 158, 34, 46, 149, 78, 146, 219, 120, 227, 290, 140, 77, 233, 150, 284, 200, 134, 75, 289, 20, 60, 296, 116, 229, 176, 12, 218, 255, 241, 198, 231, 131, 328, 212, 141, 187, 6, 71, 44, 72, 18, 42, 123, 165, 170, 112, 225, 143, 206, 237, 316, 276, 331, 262, 25, 293, 194, 30, 35, 36, 10, 147, 168, 174, 292, 265, 317, 313, 199, 264, 309, 244, 197, 85, 214, 33, 259, 144, 80, 138, 226, 305, 57, 163, 161, 215, 263, 330, 53, 269, 182, 130, 1, 45, 204, 303, 17, 22, 128, 205, 329, 232, 96, 27, 274, 210, 272, 186, 191, 55, 192, 188, 280, 105, 173, 106, 63, 220, 94, 79, 87, 230, 245, 139, 32, 66, 304, 136, 196, 310, 311, 179, 327, 145, 189, 171, 251, 266, 155, 175, 110, 50, 167, 93, 114, 119, 190, 166, 48, 58, 99, 152, 15, 243, 253, 181, 89, 31, 107, 240, 246, 162, 278, 248, 86, 180, 67, 76, 126, 294, 103, 202, 318, 267, 300, 306, 8, 97, 156, 21, 104, 302, 108, 65, 28, 213, 299, 151, 64, 62, 332, 23, 217, 70, 135, 201, 73, 3, 83, 69, 4, 153, 113, 286, 242, 291, 185, 295, 127, 109], [0, 1, 0, 0, 0, 1, 1, 1, 1, 1, 1, 1, 0, 1, 0, 0, 1, 0, 1, 1, 1, 0, 1, 0, 0, 0, 0, 0, 0, 1, 0, 0, 1, 1, 1, 0, 0, 0, 0, 0, 1, 1, 1, 0, 1, 0, 1, 0, 0, 1, 1, 0, 1, 1, 1, 0, 0, 0, 1, 1, 1, 0, 1, 0, 1, 1, 1, 0, 1, 0, 0, 1, 1, 1, 0, 1, 0, 1, 0, 0, 0, 0, 1, 1, 1, 0, 1, 0, 0, 0, 0, 1, 0, 1, 0, 1, 0, 0, 1, 0, 1, 1, 1, 0, 1, 0, 1, 1, 1, 1, 0, 1, 0, 0, 0, 0, 1, 1, 0, 1, 1, 0, 0, 0, 1, 1, 0, 0, 0, 0, 0, 1, 0, 1, 0, 1, 1, 1, 0, 0, 0, 0, 1, 1, 1, 1, 1, 0, 1, 1, 0, 0, 0, 1, 1, 1, 0, 0, 1, 1, 1, 1, 0, 0, 1, 0, 1, 0, 1, 1, 1, 1, 0, 1, 1, 1, 0, 0, 1, 0, 1, 1, 0, 0, 1, 0, 1, 0, 1, 1, 1, 0, 0, 1, 1, 1, 0, 0, 1, 0, 1, 0, 1, 0, 0, 1, 1, 1, 0, 1, 0, 1, 1, 0, 1, 0, 0, 0, 1, 1, 1, 1, 0, 0, 1, 0, 1, 1, 0, 0, 0, 0, 0, 1, 1, 1, 0, 0, 1, 1, 1, 0, 1, 1, 0, 0, 0, 0, 0, 1, 0, 1, 0, 1, 0, 0, 1, 1, 0, 1, 0, 1, 1, 1, 1, 1, 1, 1, 1, 1, 0, 1, 1, 1, 1, 1, 1, 1, 0, 1, 1, 0, 0, 0, 0, 0, 0, 1, 0, 1, 0, 1, 1, 0, 0, 0, 0, 0, 0, 1, 1, 0, 0, 1, 1, 0, 0, 1, 1, 0, 1, 1, 1, 1, 0, 0, 0, 0, 1, 0, 1, 1, 1, 0, 1, 0, 0, 1, 0, 1, 0, 1, 1]]
Fitness:  400.0517528616843
Gens:  [0, 1, 2, 3, 4, 5, 6, 7, 8, 9, 10, 11, 12, 13, 14, 15, 16, 17, 18, 19, 20, 21, 22, 23, 24, 25, 26, 27, 28, 29, 30, 31, 32, 33, 34, 35, 36, 37, 38, 39, 40, 41]
Inds:  [407.4580511519629, 407.0527402404014, 405.1381514820432, 404.31831780022856, 401.77854958109054, 403.3283253460756, 403.5012461466367, 403.5012461466367, 402.9887932152289, 403.3213990051415, 403.474556183069, 402.81939631135305, 403.629574967617, 403.2670173732479, 403.2670173732479, 401.36314361161624, 402.0882239496589, 403.0143563832191, 401.76283801051324, 401.2442713632875, 401.2442713632875, 400.07667325384534, 400.62347355537133, 401.03760286999454, 400.3920662018348, 400.3920662018348, 401.00914616936427, 401.3000314082312, 400.66230978702345, 400.60112881033086, 400.0517528616843, 401.162777153459, 401.06117961948956, 401.162777153459, 401.8298363368359, 401.8298363368359, 401.7834220800702, 401.6165083271005, 400.2539584729504, 400.2539584729504, 400.58680795204333, 400.34241805628676]

