GA: art_3_hole_sep

Execução 1:
Parametros: Pop=5000, CXPB=0.75, MUTPB=0.15, Parada=100
Tempo de Inicio (hh:mm:ss.ms) 2026-04-28 13:52:47.490410
gen	min    	max    	avg    	std    
0  	98.9683	106.942	102.886	1.00531
1  	98.9666	106.276	102.363	0.976645
35 	97.2561	106.147	101.044	1.37093 
Tempo de Termino (hh:mm:ss.ms) 2026-04-28 13:53:42.747651
Tempo Total (hh:mm:ss.ms) 0:00:55.257241
Individuo: [[45, 50, 55, 53, 51, 34, 13, 36, 0, 67, 46, 87, 92, 38, 52, 77, 78, 10, 70, 11, 27, 3, 33, 35, 80, 12, 57, 47, 90, 91, 81, 8, 66, 64, 16, 15, 21, 6, 79, 44, 60, 29, 62, 71, 84, 20, 85, 59, 83, 49, 31, 30, 9, 7, 63, 22, 23, 73, 74, 39, 72, 69, 17, 82, 42, 41, 86, 18, 68, 26, 28, 24, 19, 65, 75, 43, 54, 25, 88, 37, 89, 56, 5, 32, 93, 58, 61, 14, 48, 40, 2, 76, 1, 4], [0, 1, 1, 0, 0, 0, 0, 0, 1, 0, 0, 1, 0, 1, 1, 1, 0, 0, 1, 1, 1, 0, 0, 0, 1, 0, 0, 1, 0, 1, 0, 1, 1, 0, 1, 0, 0, 0, 0, 1, 0, 1, 1, 1, 1, 0, 1, 1, 0, 0, 0, 0, 0, 0, 0, 1, 0, 0, 0, 0, 1, 0, 1, 1, 1, 1, 0, 0, 0, 1, 0, 1, 0, 1, 1, 1, 1, 1, 0, 1, 0, 1, 1, 0, 1, 0, 0, 1, 0, 1, 1, 0, 0, 1]]
Fitness:  96.95516177161103
Gens:  [0, 1, 2, 3, 4, 5, 6, 7, 8, 9, 10, 11, 12, 13, 14, 15, 16, 17, 18, 19, 20, 21, 22, 23, 24, 25, 26, 27, 28, 29, 30, 31, 32, 33, 34, 35]
Inds:  [98.96826473629038, 98.96659968657262, 98.88994605833571, 98.05772101920311, 98.47479322327253, 98.23538835712952, 98.2030588948741, 98.0260461893671, 97.86028983852866, 97.86028983852866, 97.86028983852866, 97.86028983852866, 97.56843743600884, 97.86028983852866, 97.61437429494174, 97.55858232392292, 97.47571395723098, 97.47571395723098, 97.47571395723098, 97.34007976012919, 97.50852431751109, 97.53437383721413, 97.53437383721413, 97.51845945920799, 96.95516177161103, 97.51845945920799, 97.51845945920799, 97.64315393624547, 97.7960969389028, 96.98947865453195, 96.98947865453195, 96.98947865453195, 97.09131722978985, 97.09131722978985, 97.10617822010157, 97.2560888732869]

