GA: art_5_irregular_pack

Execução 1:
Parametros: Pop=5000, CXPB=0.75, MUTPB=0.15, Parada=100
Tempo de Inicio (hh:mm:ss.ms) 2026-04-28 13:54:12.961127
gen	min    	max    	avg    	std     
0  	114.183	120.921	117.584	0.774197
1  	114.649	119.862	117.193	0.744275
30 	113.327	119.643	116.178	1.03022 
Tempo de Termino (hh:mm:ss.ms) 2026-04-28 13:55:08.844984
Tempo Total (hh:mm:ss.ms) 0:00:55.883857
Individuo: [[36, 32, 51, 68, 82, 81, 86, 102, 83, 11, 26, 31, 67, 27, 19, 34, 103, 66, 109, 7, 95, 39, 87, 54, 79, 40, 23, 90, 93, 53, 29, 52, 4, 50, 110, 106, 28, 6, 5, 10, 100, 56, 24, 63, 64, 107, 104, 78, 8, 12, 13, 61, 60, 62, 14, 55, 84, 16, 85, 69, 65, 74, 92, 43, 0, 42, 80, 77, 44, 15, 58, 111, 99, 59, 98, 89, 97, 73, 76, 17, 101, 72, 35, 20, 71, 88, 91, 57, 22, 105, 47, 38, 37, 2, 70, 3, 94, 49, 48, 96, 33, 30, 25, 9, 108, 75, 18, 21, 46, 41, 45, 1], [0, 1, 1, 0, 1, 0, 1, 0, 1, 0, 0, 0, 1, 0, 0, 1, 1, 0, 0, 0, 0, 1, 0, 1, 0, 1, 0, 1, 1, 1, 1, 1, 0, 1, 1, 1, 0, 0, 0, 0, 0, 1, 1, 0, 1, 1, 1, 0, 0, 1, 0, 0, 1, 1, 0, 0, 0, 1, 1, 1, 0, 0, 0, 0, 0, 0, 0, 1, 1, 1, 1, 0, 0, 1, 0, 1, 0, 0, 0, 1, 0, 1, 1, 0, 0, 0, 1, 1, 0, 0, 1, 0, 1, 0, 1, 1, 1, 0, 0, 1, 0, 0, 0, 1, 1, 0, 1, 0, 0, 1, 0, 0]]
Fitness:  113.31092205520117
Gens:  [0, 1, 2, 3, 4, 5, 6, 7, 8, 9, 10, 11, 12, 13, 14, 15, 16, 17, 18, 19, 20, 21, 22, 23, 24, 25, 26, 27, 28, 29, 30]
Inds:  [114.18290036884356, 114.64897857988363, 114.7741283594979, 114.30982891261358, 114.40204114826226, 114.26233703308452, 113.8245891995029, 113.70490281645121, 113.43774410009077, 113.43774410009077, 113.43774410009077, 113.43774410009077, 113.43774410009077, 113.43774410009077, 113.37013417095963, 113.37013417095963, 113.37013417095963, 113.37013417095963, 113.37013417095963, 113.31092205520117, 113.40141413449987, 113.40141413449987, 113.57630647994385, 113.35110370362185, 113.58784705368927, 113.32652960834993, 113.32652960834993, 113.32652960834993, 113.32652960834993, 113.32652960834993, 113.32652960834993]

