GA: art_10_hole_sep

Execução 1:
Parametros: Pop=5000, CXPB=0.75, MUTPB=0.15, Parada=100
Tempo de Inicio (hh:mm:ss.ms) 2026-04-28 13:40:07.518348
gen	min    	max    	avg    	std    
0  	271.037	289.238	281.082	2.45282
1  	272.285	287.814	279.8  	2.29145
41 	267.192	288.361	276.558	3.34492
Tempo de Termino (hh:mm:ss.ms) 2026-04-28 13:42:15.562367
Tempo Total (hh:mm:ss.ms) 0:02:08.044019
Individuo: [[161, 167, 52, 67, 132, 83, 135, 95, 23, 84, 143, 113, 144, 47, 190, 2, 150, 18, 3, 55, 30, 194, 119, 146, 16, 188, 141, 142, 147, 175, 92, 81, 66, 178, 168, 97, 193, 174, 181, 128, 101, 125, 28, 48, 22, 46, 10, 44, 70, 152, 139, 137, 107, 108, 96, 177, 131, 172, 0, 184, 1, 9, 43, 170, 72, 123, 8, 191, 109, 87, 94, 13, 156, 15, 32, 31, 38, 74, 129, 29, 155, 148, 102, 126, 106, 127, 36, 54, 20, 111, 192, 134, 63, 17, 35, 59, 110, 40, 85, 89, 100, 53, 71, 180, 163, 99, 149, 39, 61, 65, 68, 158, 24, 51, 14, 56, 57, 164, 103, 169, 159, 105, 76, 157, 11, 79, 187, 12, 153, 176, 121, 5, 82, 86, 166, 58, 80, 27, 90, 73, 165, 21, 75, 7, 136, 37, 45, 6, 42, 77, 186, 93, 120, 112, 140, 185, 69, 179, 115, 117, 151, 41, 33, 104, 122, 98, 26, 60, 116, 195, 64, 162, 182, 189, 88, 34, 160, 133, 145, 114, 130, 154, 62, 118, 173, 124, 183, 91, 25, 4, 171, 50, 138, 78, 49, 19], [1, 0, 1, 1, 0, 1, 0, 1, 0, 0, 0, 1, 1, 1, 0, 0, 1, 1, 0, 1, 0, 0, 1, 1, 0, 0, 0, 0, 0, 0, 1, 0, 0, 0, 1, 0, 1, 1, 1, 1, 1, 0, 0, 1, 1, 1, 0, 1, 1, 1, 0, 1, 0, 0, 1, 0, 1, 1, 0, 0, 1, 0, 1, 0, 0, 0, 0, 0, 1, 1, 0, 1, 0, 1, 0, 0, 0, 1, 0, 0, 0, 0, 0, 0, 1, 0, 1, 0, 0, 0, 1, 0, 0, 0, 1, 1, 0, 0, 0, 1, 1, 0, 0, 0, 0, 0, 1, 1, 1, 0, 0, 1, 1, 1, 1, 0, 1, 1, 0, 0, 0, 0, 0, 0, 0, 1, 1, 1, 0, 0, 0, 1, 1, 0, 0, 1, 1, 0, 1, 1, 1, 1, 1, 0, 0, 1, 0, 1, 0, 0, 1, 0, 1, 1, 0, 1, 1, 1, 1, 0, 1, 0, 1, 1, 1, 1, 1, 0, 1, 1, 0, 0, 1, 0, 1, 0, 0, 1, 0, 1, 1, 0, 0, 1, 0, 1, 1, 0, 0, 0, 0, 0, 0, 1, 1, 0]]
Fitness:  266.4983352030697
Gens:  [0, 1, 2, 3, 4, 5, 6, 7, 8, 9, 10, 11, 12, 13, 14, 15, 16, 17, 18, 19, 20, 21, 22, 23, 24, 25, 26, 27, 28, 29, 30, 31, 32, 33, 34, 35, 36, 37, 38, 39, 40, 41]
Inds:  [271.0374887236641, 272.28547683028626, 270.97856793472704, 270.97856793472704, 270.3680407469461, 270.12004231208056, 269.54009524983496, 269.54009524983496, 270.2337370264857, 270.2337370264857, 268.9486008655191, 268.31526361759114, 268.77678484973217, 268.77678484973217, 268.8862918131851, 268.784371853137, 268.36706133255893, 268.7146472832917, 269.2210108377822, 269.1054797219643, 267.915080076754, 268.33822914447705, 267.6777546608182, 267.6777546608182, 268.3875416227928, 268.17063345377073, 268.17063345377073, 267.8968559206984, 267.58431839713876, 267.58431839713876, 266.4983352030697, 267.5228953197558, 267.5228953197558, 267.22636749414977, 267.08930176683185, 267.2518904295239, 267.39803690695777, 267.4531847623815, 267.6996483046812, 267.7383426928848, 267.7383426928848, 267.19174276162505]

