GA: art_23_regular_sep

Execução 1:
Parametros: Pop=5000, CXPB=0.75, MUTPB=0.15, Parada=100
Tempo de Inicio (hh:mm:ss.ms) 2026-04-28 13:50:19.191285
gen	min    	max    	avg    	std    
0  	365.474	393.238	379.612	4.06473
1  	364.78 	392.856	377.475	3.8241 
44 	357.333	391.585	372.174	5.37893
Tempo de Termino (hh:mm:ss.ms) 2026-04-28 13:53:05.613983
Tempo Total (hh:mm:ss.ms) 0:02:46.422698
Individuo: [[217, 158, 176, 197, 150, 60, 233, 159, 202, 240, 236, 155, 22, 220, 44, 35, 126, 87, 61, 211, 173, 178, 199, 195, 7, 53, 72, 234, 224, 146, 161, 14, 4, 92, 54, 37, 111, 144, 137, 142, 232, 153, 79, 36, 64, 166, 132, 94, 5, 25, 68, 75, 74, 160, 242, 128, 215, 238, 235, 201, 124, 121, 1, 141, 135, 80, 120, 148, 168, 209, 206, 84, 231, 67, 18, 24, 108, 192, 34, 17, 82, 47, 89, 42, 83, 16, 2, 52, 40, 162, 134, 186, 9, 165, 20, 147, 118, 183, 115, 179, 227, 133, 154, 152, 69, 219, 230, 167, 43, 31, 107, 149, 116, 28, 70, 27, 129, 62, 109, 97, 51, 164, 49, 112, 122, 200, 91, 101, 203, 241, 239, 93, 169, 208, 136, 85, 57, 48, 15, 110, 63, 172, 123, 106, 71, 46, 99, 90, 139, 205, 196, 76, 78, 65, 204, 189, 223, 210, 156, 185, 138, 145, 100, 96, 30, 103, 171, 157, 175, 163, 187, 3, 21, 6, 105, 41, 140, 104, 181, 55, 23, 88, 117, 56, 191, 180, 0, 127, 214, 221, 222, 218, 130, 177, 8, 10, 81, 32, 19, 26, 59, 125, 225, 228, 188, 182, 184, 131, 237, 12, 193, 86, 39, 13, 207, 190, 66, 226, 216, 38, 213, 229, 11, 170, 77, 73, 212, 58, 45, 33, 114, 98, 102, 194, 113, 95, 174, 119, 143, 151, 198, 29, 50], [1, 1, 1, 1, 0, 1, 1, 0, 0, 0, 0, 1, 0, 0, 1, 0, 1, 0, 1, 1, 0, 0, 1, 1, 1, 0, 1, 1, 0, 0, 0, 0, 1, 0, 0, 1, 1, 1, 0, 0, 0, 1, 0, 0, 1, 1, 1, 0, 0, 1, 1, 1, 0, 0, 0, 0, 0, 0, 1, 0, 1, 0, 1, 1, 0, 1, 0, 0, 0, 0, 0, 0, 0, 0, 1, 0, 1, 1, 0, 0, 1, 1, 0, 1, 1, 0, 0, 1, 1, 1, 1, 1, 0, 0, 0, 1, 0, 0, 0, 0, 1, 1, 0, 1, 0, 0, 0, 0, 1, 1, 0, 0, 0, 0, 0, 0, 1, 0, 0, 1, 0, 1, 0, 1, 0, 1, 1, 1, 1, 1, 1, 0, 1, 1, 1, 0, 0, 1, 0, 0, 1, 1, 0, 1, 0, 1, 1, 0, 0, 1, 1, 1, 1, 0, 0, 1, 0, 1, 0, 1, 1, 0, 0, 0, 1, 0, 0, 1, 1, 0, 0, 0, 0, 1, 0, 0, 1, 1, 1, 0, 0, 1, 1, 1, 1, 1, 1, 1, 0, 0, 0, 1, 0, 0, 1, 0, 0, 1, 0, 0, 1, 1, 1, 1, 0, 0, 0, 1, 1, 0, 0, 1, 0, 0, 0, 1, 0, 0, 1, 1, 0, 1, 0, 0, 0, 1, 0, 1, 0, 0, 1, 1, 0, 1, 1, 0, 1, 0, 1, 1, 0, 1, 1]]
Fitness:  355.1387446031417
Gens:  [0, 1, 2, 3, 4, 5, 6, 7, 8, 9, 10, 11, 12, 13, 14, 15, 16, 17, 18, 19, 20, 21, 22, 23, 24, 25, 26, 27, 28, 29, 30, 31, 32, 33, 34, 35, 36, 37, 38, 39, 40, 41, 42, 43, 44]
Inds:  [365.47401515261896, 364.7803383240981, 362.9445578731338, 364.0449745318989, 362.1781483116376, 361.150926611935, 360.91209999759684, 360.4877396026629, 358.87716336269006, 360.4877396026629, 358.5088671795616, 358.5088671795616, 358.5088671795616, 358.2571272415416, 356.63557186384776, 357.7941621788888, 357.7941621788888, 356.8680794189241, 356.8680794189241, 357.06824796308933, 357.716536679276, 358.37078781962674, 359.2639293049547, 355.3661851743629, 355.3661851743629, 355.3661851743629, 356.3213042370217, 356.3213042370217, 357.6939982017338, 355.43182549278714, 355.43182549278714, 355.43182549278714, 356.9382528551781, 355.1387446031417, 356.9382528551781, 357.0582470046245, 357.0582470046245, 357.0582470046245, 357.0582470046245, 357.18247244235766, 358.6866918778104, 358.6749628552027, 358.5151827601917, 357.3356687599976, 357.3332059478086]

