GA: art_1_irregular_pack

Execução 1:
Parametros: Pop=5000, CXPB=0.75, MUTPB=0.15, Parada=100
Tempo de Inicio (hh:mm:ss.ms) 2026-04-28 13:47:26.486998
gen	min   	max    	avg    	std    
0  	141.14	148.241	144.819	1.02697
1  	140.553	148.398	144.288	0.956311
22 	139.1  	148.206	143.076	1.36909 
Tempo de Termino (hh:mm:ss.ms) 2026-04-28 13:48:16.069397
Tempo Total (hh:mm:ss.ms) 0:00:49.582399
Individuo: [[5, 49, 12, 116, 129, 106, 46, 17, 59, 35, 88, 109, 32, 37, 33, 23, 39, 42, 72, 85, 96, 78, 68, 65, 24, 118, 57, 130, 83, 67, 99, 47, 6, 58, 50, 70, 134, 128, 111, 125, 82, 66, 16, 27, 60, 95, 81, 22, 13, 21, 18, 0, 1, 84, 91, 112, 73, 25, 55, 71, 19, 30, 9, 40, 92, 90, 107, 20, 31, 45, 117, 7, 11, 10, 132, 103, 43, 2, 54, 87, 122, 80, 124, 97, 3, 29, 69, 38, 34, 102, 86, 105, 120, 133, 62, 15, 4, 76, 89, 110, 41, 79, 104, 98, 135, 26, 53, 94, 127, 121, 63, 48, 101, 74, 115, 114, 119, 123, 75, 77, 126, 93, 56, 8, 64, 36, 100, 108, 131, 52, 28, 51, 44, 14, 113, 61], [0, 0, 1, 0, 1, 1, 1, 0, 0, 1, 0, 0, 0, 1, 0, 1, 0, 0, 1, 0, 0, 1, 0, 1, 1, 1, 1, 0, 1, 0, 1, 1, 0, 1, 0, 0, 1, 0, 1, 1, 0, 1, 0, 0, 1, 1, 0, 0, 1, 1, 1, 1, 0, 0, 1, 0, 0, 0, 1, 1, 0, 1, 0, 1, 1, 1, 0, 0, 0, 1, 0, 1, 0, 0, 1, 1, 1, 0, 1, 1, 0, 0, 0, 1, 1, 1, 1, 0, 0, 1, 1, 0, 0, 1, 1, 1, 0, 1, 1, 1, 0, 1, 0, 0, 0, 1, 1, 0, 1, 0, 0, 0, 1, 0, 0, 1, 0, 0, 0, 1, 1, 1, 0, 0, 0, 1, 1, 0, 1, 0, 1, 1, 0, 1, 1, 1]]
Fitness:  139.02995327129375
Gens:  [0, 1, 2, 3, 4, 5, 6, 7, 8, 9, 10, 11, 12, 13, 14, 15, 16, 17, 18, 19, 20, 21, 22]
Inds:  [141.13981448862486, 140.55329782389362, 140.55329782389362, 139.84508306572508, 139.84508306572508, 139.97470362809185, 139.84473353188073, 139.47083004936758, 140.07261476991474, 139.68920122519899, 139.9444710897306, 139.02995327129375, 139.02995327129375, 139.46163558998094, 139.45768277352616, 139.75152430174242, 139.1886126347303, 139.1886126347303, 139.1886126347303, 139.1886126347303, 139.1886126347303, 139.1886126347303, 139.1001623546155]

