GA: art_24_hole_pack

Execução 1:
Parametros: Pop=5000, CXPB=0.75, MUTPB=0.15, Parada=100
Tempo de Inicio (hh:mm:ss.ms) 2026-04-28 13:50:20.868268
gen	min    	max    	avg    	std    
0  	161.349	169.904	166.073	1.11131
1  	161.349	169.199	165.504	1.07268
46 	159.926	168.579	163.886	1.50078
Tempo de Termino (hh:mm:ss.ms) 2026-04-28 13:51:51.956207
Tempo Total (hh:mm:ss.ms) 0:01:31.087939
Individuo: [[8, 30, 5, 110, 98, 92, 26, 12, 15, 121, 61, 63, 82, 85, 75, 104, 70, 13, 35, 17, 18, 22, 2, 9, 55, 57, 58, 97, 10, 100, 47, 86, 0, 99, 112, 91, 89, 46, 51, 116, 28, 48, 52, 80, 109, 39, 43, 62, 66, 84, 113, 87, 83, 95, 21, 111, 19, 50, 123, 41, 38, 79, 44, 69, 71, 37, 20, 107, 65, 119, 120, 24, 115, 11, 3, 53, 117, 56, 88, 76, 78, 49, 77, 68, 96, 64, 122, 81, 73, 90, 106, 42, 74, 54, 103, 93, 94, 118, 108, 60, 36, 14, 40, 31, 27, 114, 23, 45, 33, 6, 25, 72, 29, 67, 59, 102, 105, 4, 34, 16, 32, 7, 101, 1], [1, 1, 0, 0, 1, 1, 1, 1, 0, 0, 0, 1, 0, 0, 0, 1, 1, 1, 0, 1, 0, 1, 0, 1, 1, 1, 0, 0, 0, 1, 0, 1, 0, 0, 1, 1, 1, 0, 1, 0, 1, 0, 0, 0, 1, 0, 0, 1, 1, 1, 0, 1, 0, 0, 0, 1, 0, 0, 0, 0, 1, 0, 0, 1, 0, 0, 1, 0, 0, 0, 0, 0, 0, 1, 1, 1, 0, 1, 0, 1, 0, 0, 1, 1, 1, 1, 1, 0, 1, 0, 0, 0, 0, 1, 0, 0, 0, 0, 0, 1, 0, 1, 1, 0, 1, 0, 1, 1, 1, 0, 1, 0, 1, 0, 0, 0, 1, 1, 1, 0, 1, 1, 0, 0]]
Fitness:  158.15902709247547
Gens:  [0, 1, 2, 3, 4, 5, 6, 7, 8, 9, 10, 11, 12, 13, 14, 15, 16, 17, 18, 19, 20, 21, 22, 23, 24, 25, 26, 27, 28, 29, 30, 31, 32, 33, 34, 35, 36, 37, 38, 39, 40, 41, 42, 43, 44, 45, 46]
Inds:  [161.348995392061, 161.348995392061, 160.72976193122295, 160.72976193122295, 160.5695543284106, 160.8180804489488, 160.89384034255798, 160.5950492164655, 160.3361401525933, 160.39139574487083, 160.01860089718312, 160.01860089718312, 160.09443781808656, 160.09443781808656, 159.6052640207358, 160.02529185062994, 160.02529185062994, 159.5586284324319, 159.5586284324319, 159.5586284324319, 159.5586284324319, 159.4290070262026, 159.4290070262026, 159.51255838409068, 159.51255838409068, 159.51255838409068, 159.51255838409068, 159.13754144672774, 159.52131054875855, 158.85420455637308, 159.4895881149309, 159.48449317618545, 159.3170287768843, 159.15909914770288, 159.15909914770288, 158.15902709247547, 158.80422059752186, 159.64586720319178, 159.4021876526745, 159.69817102832107, 159.5799947373358, 159.5799947373358, 159.56353163884157, 159.69817102832107, 159.76580783306346, 159.93093436877732, 159.92558355400868]

