GA: art_16_regular_pack

Execução 1:
Parametros: Pop=5000, CXPB=0.75, MUTPB=0.15, Parada=100
Tempo de Inicio (hh:mm:ss.ms) 2026-04-28 13:44:41.198377
gen	min    	max    	avg    	std    
0  	124.719	134.383	129.535	1.31591
1  	124.199	133.108	128.864	1.24023
32 	122.096	133.423	127.26 	1.6937 
Tempo de Termino (hh:mm:ss.ms) 2026-04-28 13:45:25.903434
Tempo Total (hh:mm:ss.ms) 0:00:44.705057
Individuo: [[7, 13, 24, 21, 17, 20, 27, 54, 14, 0, 31, 12, 6, 58, 78, 46, 64, 72, 80, 63, 43, 75, 66, 60, 70, 62, 53, 37, 41, 67, 5, 15, 22, 11, 33, 42, 76, 61, 59, 50, 34, 65, 69, 73, 47, 74, 10, 56, 4, 9, 29, 38, 23, 1, 51, 48, 49, 79, 26, 28, 52, 39, 30, 36, 68, 35, 16, 45, 8, 25, 3, 32, 18, 77, 55, 57, 44, 71, 40, 19, 2], [0, 1, 1, 1, 0, 1, 1, 0, 1, 1, 0, 0, 1, 1, 0, 1, 1, 1, 0, 1, 1, 1, 0, 1, 1, 0, 1, 0, 0, 0, 1, 1, 0, 0, 0, 1, 0, 0, 1, 1, 0, 1, 0, 1, 1, 1, 1, 1, 0, 0, 0, 1, 0, 0, 1, 1, 0, 0, 0, 0, 0, 0, 0, 0, 0, 0, 1, 1, 0, 0, 1, 1, 1, 0, 1, 0, 0, 0, 1, 1, 1]]
Fitness:  122.06553826553059
Gens:  [0, 1, 2, 3, 4, 5, 6, 7, 8, 9, 10, 11, 12, 13, 14, 15, 16, 17, 18, 19, 20, 21, 22, 23, 24, 25, 26, 27, 28, 29, 30, 31, 32]
Inds:  [124.7194297938474, 124.19889392317508, 124.19889392317508, 124.01830622274514, 124.01830622274514, 124.01830622274514, 123.58657775456396, 123.767433654334, 123.767433654334, 122.52694155197135, 122.52694155197135, 122.52694155197135, 122.52694155197135, 122.47293645011297, 123.46599948720781, 123.12496418229506, 123.12496418229506, 123.27949067304777, 122.92481185615912, 122.72353412902058, 122.36219621298788, 122.06553826553059, 122.7445794342044, 122.7445794342044, 122.84210702750623, 122.72340617344946, 122.08175608032795, 122.08175608032795, 122.08175608032795, 122.08175608032795, 122.56857709713573, 122.09587034171753, 122.09587034171753]

