GA: art_6_regular_pack

Execução 1:
Parametros: Pop=5000, CXPB=0.75, MUTPB=0.15, Parada=100
Tempo de Inicio (hh:mm:ss.ms) 2026-04-28 13:55:11.983546
gen	min    	max    	avg    	std    
0  	201.919	212.697	207.762	1.52516
1  	201.919	212.136	206.954	1.44835
40 	198.723	212.631	204.954	2.05126
Tempo de Termino (hh:mm:ss.ms) 2026-04-28 13:56:47.203660
Tempo Total (hh:mm:ss.ms) 0:01:35.220114
Individuo: [[49, 88, 87, 67, 38, 46, 66, 122, 74, 119, 22, 35, 114, 5, 15, 28, 126, 113, 145, 115, 96, 146, 127, 124, 135, 148, 43, 94, 93, 42, 52, 51, 118, 86, 75, 99, 142, 27, 25, 30, 81, 104, 105, 106, 128, 77, 111, 55, 80, 20, 44, 36, 34, 117, 69, 120, 58, 82, 102, 141, 130, 139, 56, 23, 48, 14, 10, 7, 31, 116, 24, 70, 37, 33, 95, 107, 143, 85, 100, 108, 53, 132, 54, 133, 109, 16, 63, 3, 4, 45, 79, 1, 8, 32, 41, 125, 147, 64, 72, 65, 17, 68, 57, 92, 138, 13, 83, 18, 2, 78, 112, 89, 140, 103, 136, 101, 131, 90, 9, 76, 6, 129, 11, 12, 21, 84, 134, 137, 123, 110, 59, 98, 71, 73, 61, 60, 144, 91, 121, 62, 39, 40, 50, 26, 29, 47, 19, 97, 0], [0, 1, 1, 1, 1, 1, 1, 0, 0, 1, 1, 0, 0, 1, 0, 0, 0, 1, 0, 1, 1, 1, 0, 1, 1, 1, 1, 0, 0, 0, 0, 1, 1, 1, 0, 0, 1, 0, 1, 1, 0, 1, 0, 1, 0, 0, 1, 1, 1, 0, 0, 1, 0, 1, 0, 0, 1, 1, 1, 0, 1, 1, 0, 1, 0, 0, 0, 0, 1, 1, 1, 0, 0, 0, 1, 0, 0, 1, 0, 0, 0, 0, 0, 1, 0, 1, 0, 1, 0, 1, 0, 0, 1, 1, 0, 1, 1, 0, 0, 0, 0, 1, 1, 1, 0, 1, 1, 1, 1, 0, 0, 0, 1, 1, 1, 0, 0, 0, 0, 1, 0, 1, 1, 1, 1, 0, 1, 0, 1, 1, 1, 1, 1, 0, 1, 1, 0, 1, 0, 1, 0, 0, 0, 1, 0, 0, 1, 1, 1]]
Fitness:  197.90589791043527
Gens:  [0, 1, 2, 3, 4, 5, 6, 7, 8, 9, 10, 11, 12, 13, 14, 15, 16, 17, 18, 19, 20, 21, 22, 23, 24, 25, 26, 27, 28, 29, 30, 31, 32, 33, 34, 35, 36, 37, 38, 39, 40]
Inds:  [201.91877778004056, 201.91877778004056, 201.19861790542765, 201.06500356129095, 200.42043897338473, 200.2203341814952, 200.2203341814952, 200.58440722170087, 200.37154271294543, 199.916023574609, 199.916023574609, 199.54977855249294, 199.78174766232402, 199.78174766232402, 199.78174766232402, 199.14770495812934, 199.14770495812934, 199.14770495812934, 199.36423715061224, 199.36423715061224, 199.8881190831444, 199.35068155445563, 198.62406825542578, 198.62406825542578, 198.62406825542578, 198.8802752652498, 198.8802752652498, 198.74851885913654, 198.74851885913654, 197.90589791043527, 197.90589791043527, 197.90589791043527, 198.6733410372053, 198.6733410372053, 198.42350915153253, 198.42350915153253, 199.06961712989008, 199.06961712989008, 198.79838523305497, 198.72348317869978, 198.72348317869978]

