GA: art_22_hole_sep

Execução 1:
Parametros: Pop=5000, CXPB=0.75, MUTPB=0.15, Parada=100
Tempo de Inicio (hh:mm:ss.ms) 2026-04-28 13:49:20.581078
gen	min    	max    	avg    	std    
0  	230.302	247.397	239.473	2.32033
1  	230.37 	249.309	238.341	2.20918
35 	227.354	245.919	235.301	3.05036
Tempo de Termino (hh:mm:ss.ms) 2026-04-28 13:51:03.666867
Tempo Total (hh:mm:ss.ms) 0:01:43.085789
Individuo: [[170, 177, 165, 55, 21, 1, 49, 103, 108, 72, 184, 115, 120, 83, 183, 122, 100, 101, 86, 60, 59, 141, 79, 97, 89, 62, 98, 35, 161, 110, 74, 51, 44, 85, 99, 76, 61, 58, 171, 168, 18, 78, 178, 119, 121, 111, 116, 32, 94, 181, 104, 8, 12, 118, 84, 15, 5, 22, 179, 146, 147, 0, 160, 27, 148, 36, 9, 155, 162, 16, 125, 54, 52, 47, 7, 132, 64, 82, 172, 130, 14, 4, 65, 167, 25, 137, 70, 53, 43, 163, 114, 124, 73, 80, 40, 31, 38, 71, 175, 92, 29, 67, 41, 153, 57, 129, 11, 33, 37, 150, 48, 10, 109, 169, 182, 164, 127, 156, 20, 77, 75, 112, 6, 126, 142, 3, 46, 28, 68, 56, 143, 128, 2, 63, 117, 87, 88, 185, 39, 149, 151, 93, 69, 34, 140, 139, 30, 113, 180, 107, 176, 145, 131, 157, 133, 136, 42, 13, 135, 144, 173, 81, 105, 23, 45, 138, 17, 159, 95, 152, 158, 66, 24, 26, 154, 174, 19, 91, 106, 50, 102, 123, 96, 166, 90, 134], [1, 1, 1, 0, 1, 1, 1, 0, 0, 0, 1, 0, 1, 1, 0, 0, 0, 0, 1, 0, 0, 0, 0, 0, 1, 1, 0, 1, 1, 0, 0, 0, 0, 1, 0, 0, 0, 1, 0, 1, 0, 1, 1, 0, 0, 1, 1, 0, 0, 1, 0, 1, 0, 1, 0, 0, 1, 1, 1, 0, 0, 1, 0, 1, 1, 1, 0, 1, 1, 0, 0, 0, 0, 0, 1, 0, 1, 1, 0, 1, 0, 0, 1, 1, 0, 1, 0, 1, 1, 1, 1, 1, 1, 0, 1, 0, 0, 1, 1, 0, 1, 1, 0, 1, 1, 0, 0, 0, 1, 1, 1, 1, 0, 1, 1, 0, 1, 1, 1, 1, 0, 0, 1, 1, 0, 1, 1, 1, 1, 0, 0, 0, 0, 1, 1, 0, 1, 1, 0, 1, 1, 1, 0, 1, 0, 1, 1, 0, 0, 1, 1, 1, 0, 0, 0, 1, 0, 1, 0, 1, 1, 0, 1, 0, 0, 1, 1, 0, 0, 0, 1, 1, 0, 0, 0, 1, 0, 0, 0, 1, 0, 0, 1, 0, 1, 0]]
Fitness:  224.99118985908996
Gens:  [0, 1, 2, 3, 4, 5, 6, 7, 8, 9, 10, 11, 12, 13, 14, 15, 16, 17, 18, 19, 20, 21, 22, 23, 24, 25, 26, 27, 28, 29, 30, 31, 32, 33, 34, 35]
Inds:  [230.30169831555716, 230.36950334671826, 229.18470929627728, 229.7820928610952, 229.61878507477803, 228.93724962345232, 228.93724962345232, 228.7746755255079, 228.8438270253553, 228.5385959446668, 228.5385959446668, 227.14564399629577, 227.94528364034682, 227.3940179128376, 226.73348586143982, 226.73348586143982, 226.73348586143982, 225.93933634695443, 225.93933634695443, 226.1925938598504, 226.1925938598504, 226.1925938598504, 226.1925938598504, 226.35173447119269, 224.99118985908996, 226.89299118329674, 226.81570870082894, 226.81570870082894, 226.8145220102029, 226.7526281324106, 226.7526281324106, 226.55118841416152, 226.14124861887572, 227.27088268990246, 227.27088268990246, 227.35387902499096]

