GA: art_18_regular_pack

Execução 1:
Parametros: Pop=5000, CXPB=0.75, MUTPB=0.15, Parada=100
Tempo de Inicio (hh:mm:ss.ms) 2026-04-28 13:46:15.004133
gen	min    	max    	avg    	std     
0  	74.1612	78.2961	76.4313	0.545854
1  	74.1612	78.1023	76.1611	0.526635
39 	73.36  	77.6427	75.4458	0.721452
Tempo de Termino (hh:mm:ss.ms) 2026-04-28 13:46:56.027796
Tempo Total (hh:mm:ss.ms) 0:00:41.023663
Individuo: [[25, 1, 38, 39, 16, 17, 58, 29, 35, 13, 10, 36, 34, 20, 49, 41, 50, 2, 28, 21, 6, 5, 8, 4, 7, 30, 22, 26, 45, 56, 15, 14, 52, 51, 53, 59, 44, 24, 32, 9, 48, 37, 57, 47, 23, 27, 19, 43, 46, 55, 54, 18, 0, 11, 3, 12, 33, 31, 40, 42], [1, 1, 0, 0, 0, 0, 0, 0, 0, 1, 1, 0, 0, 0, 1, 0, 0, 1, 1, 0, 0, 0, 0, 0, 1, 0, 1, 1, 0, 1, 1, 0, 0, 1, 1, 1, 1, 0, 0, 0, 1, 0, 1, 1, 1, 0, 1, 1, 1, 1, 0, 1, 1, 1, 0, 1, 0, 0, 1, 0]]
Fitness:  72.99074838169169
Gens:  [0, 1, 2, 3, 4, 5, 6, 7, 8, 9, 10, 11, 12, 13, 14, 15, 16, 17, 18, 19, 20, 21, 22, 23, 24, 25, 26, 27, 28, 29, 30, 31, 32, 33, 34, 35, 36, 37, 38, 39]
Inds:  [74.16115469920388, 74.16115469920388, 74.00942586457906, 73.90526454038636, 73.95556924642983, 73.93970038106606, 73.514047793629, 73.88999143780694, 73.71283478864287, 73.74742397433327, 73.74742397433327, 73.74742397433327, 73.86220928009534, 73.6051602886964, 73.6051602886964, 73.6051602886964, 73.27660054409482, 73.57944599043972, 73.57944599043972, 73.39281098059816, 73.39281098059816, 73.39281098059816, 73.46289789951365, 73.45572086148458, 73.6071852662127, 73.22648219884175, 73.22648219884175, 73.50417737533046, 72.99074838169169, 73.31319725108375, 73.51692114350568, 73.43470548513292, 73.59693131616477, 73.59693131616477, 73.34613146702075, 73.43225865885277, 73.36221511426952, 73.57626516040595, 73.56523426040255, 73.36004072522078]

