GA: dighe2_pack

Execução 1:
Parametros: Pop=5000, CXPB=0.75, MUTPB=0.15, Parada=100
Tempo de Inicio (hh:mm:ss.ms) 2026-04-28 13:59:18.582413
gen	min    	max    	avg   	std     
0  	86.1469	90.7394	88.564	0.659662
1  	85.7219	90.4844	88.2225	0.632201
100	83.9569	89.6394	86.2989	0.883303
Tempo de Termino (hh:mm:ss.ms) 2026-04-28 14:00:48.326164
Tempo Total (hh:mm:ss.ms) 0:01:29.743751
Individuo: [[5, 9, 14, 23, 49, 42, 40, 39, 19, 48, 47, 46, 25, 32, 18, 13, 12, 11, 7, 1, 10, 33, 35, 34, 36, 20, 41, 28, 45, 29, 17, 38, 43, 30, 24, 44, 31, 26, 21, 6, 15, 16, 27, 37, 22, 4, 3, 8, 2, 0], [0, 0, 1, 1, 0, 1, 1, 0, 1, 1, 1, 1, 0, 0, 1, 1, 1, 1, 1, 0, 1, 1, 0, 0, 0, 0, 0, 1, 0, 0, 0, 0, 0, 1, 0, 0, 0, 0, 1, 1, 0, 0, 0, 0, 1, 1, 1, 1, 1, 1]]
Fitness:  83.64942711457707
Gens:  [0, 1, 2, 3, 4, 5, 6, 7, 8, 9, 10, 11, 12, 13, 14, 15, 16, 17, 18, 19, 20, 21, 22, 23, 24, 25, 26, 27, 28, 29, 30, 31, 32, 33, 34, 35, 36, 37, 38, 39, 40, 41, 42, 43, 44, 45, 46, 47, 48, 49, 50, 51, 52, 53, 54, 55, 56, 57, 58, 59, 60, 61, 62, 63, 64, 65, 66, 67, 68, 69, 70, 71, 72, 73, 74, 75, 76, 77, 78, 79, 80, 81, 82, 83, 84, 85, 86, 87, 88, 89, 90, 91, 92, 93, 94, 95, 96, 97, 98, 99, 100]
Inds:  [86.14692711457708, 85.72192711457706, 85.69442711457704, 85.71692711457708, 85.37692711457706, 85.17942711457705, 85.37692711457706, 85.52192711457707, 85.22692711457708, 85.22692711457708, 85.22692711457708, 85.17942711457707, 85.17942711457707, 85.02692711457708, 85.10442711457709, 85.10442711457709, 85.17942711457707, 85.09692711457708, 85.09692711457708, 85.09692711457708, 84.98942711457708, 84.9144271145771, 84.9144271145771, 84.9144271145771, 84.9694271145771, 84.9694271145771, 84.9694271145771, 84.9244271145771, 84.83692711457705, 84.66192711457711, 84.66192711457711, 84.93442711457708, 84.8944271145771, 84.88442711457708, 84.87942711457706, 84.6569271145771, 84.5144271145771, 84.48442711457707, 84.48442711457707, 84.49942711457707, 84.73942711457708, 84.61942711457708, 84.61942711457708, 84.59942711457708, 84.59942711457708, 84.41942711457706, 84.59192711457709, 84.59192711457709, 84.59192711457709, 84.59192711457708, 84.59192711457709, 84.47942711457705, 84.36442711457707, 84.47942711457705, 84.47942711457705, 84.38942711457707, 84.49692711457708, 84.38442711457706, 84.62442711457709, 84.38192711457708, 84.45942711457707, 84.6644271145771, 84.35692711457709, 84.2769271145771, 84.40192711457706, 84.45442711457707, 84.3719271145771, 84.3719271145771, 84.3719271145771, 84.3844271145771, 84.36942711457706, 84.36942711457706, 84.36942711457706, 84.22692711457708, 84.28442711457708, 84.05692711457709, 84.05692711457709, 84.00192711457707, 84.05692711457709, 83.77692711457708, 84.01942711457708, 83.9844271145771, 84.18692711457712, 84.18942711457709, 84.18942711457709, 83.90192711457708, 83.90192711457708, 83.90442711457709, 83.90442711457709, 83.64942711457707, 84.10192711457711, 84.09942711457708, 83.8944271145771, 83.77692711457708, 83.77692711457708, 83.73942711457707, 83.73942711457707, 83.73942711457707, 83.73942711457707, 83.95442711457709, 83.95692711457707]

