GA: dighe1_mod_pack

Execução 1:
Parametros: Pop=5000, CXPB=0.75, MUTPB=0.15, Parada=100
Tempo de Inicio (hh:mm:ss.ms) 2026-04-28 13:58:35.461819
gen	min    	max    	avg    	std     
0  	114.364	122.754	118.773	0.997111
1  	114.955	122.02 	118.254	0.952425
44 	113.07 	121.373	116.875	1.3782  
Tempo de Termino (hh:mm:ss.ms) 2026-04-28 13:59:39.175684
Tempo Total (hh:mm:ss.ms) 0:01:03.713865
Individuo: [[1, 39, 46, 72, 38, 43, 51, 73, 41, 74, 40, 24, 70, 69, 47, 71, 64, 66, 78, 67, 60, 59, 76, 81, 20, 16, 5, 29, 52, 28, 45, 63, 15, 13, 56, 33, 14, 37, 53, 3, 68, 25, 62, 83, 75, 0, 18, 2, 22, 35, 36, 58, 23, 7, 30, 77, 79, 80, 82, 55, 48, 42, 65, 27, 26, 50, 34, 49, 21, 44, 19, 9, 6, 4, 12, 11, 17, 8, 32, 57, 54, 61, 10, 31], [0, 0, 0, 1, 0, 1, 1, 0, 1, 0, 0, 1, 1, 1, 1, 0, 0, 0, 0, 0, 1, 0, 0, 0, 1, 0, 0, 0, 1, 0, 0, 1, 1, 1, 1, 0, 0, 1, 0, 1, 1, 0, 0, 1, 1, 0, 0, 1, 1, 0, 1, 1, 1, 1, 1, 1, 1, 0, 0, 0, 0, 0, 0, 1, 1, 0, 1, 1, 0, 1, 0, 1, 0, 1, 1, 1, 1, 0, 0, 1, 1, 1, 0, 0]]
Fitness:  112.98170763029977
Gens:  [0, 1, 2, 3, 4, 5, 6, 7, 8, 9, 10, 11, 12, 13, 14, 15, 16, 17, 18, 19, 20, 21, 22, 23, 24, 25, 26, 27, 28, 29, 30, 31, 32, 33, 34, 35, 36, 37, 38, 39, 40, 41, 42, 43, 44]
Inds:  [114.36431918317888, 114.9554071250015, 114.6514333962047, 114.77819878497944, 114.11176329441233, 114.06330425778636, 114.00646020668776, 114.06330425778636, 114.06330425778636, 114.23639570694772, 114.11938070148626, 114.11938070148626, 113.80097271826753, 113.96126688217524, 113.76971470997033, 113.76971470997033, 113.76971470997033, 113.76971470997033, 113.73562548845172, 113.73562548845172, 113.94195784619015, 113.62429443248205, 113.51855337254855, 113.51855337254855, 113.199694445089, 113.199694445089, 113.39278267981669, 113.54515762076865, 113.12803382990477, 113.12803382990477, 113.04397859584473, 113.12803382990477, 113.12803382990477, 112.98170763029977, 112.98170763029977, 112.98170763029977, 113.1367160747009, 113.1367160747009, 113.06986519142835, 113.06986519142835, 113.06986519142835, 113.06986519142835, 113.06986519142835, 113.06986519142835, 113.06986519142835]

