GA: dighe1_pack

Execução 1:
Parametros: Pop=5000, CXPB=0.75, MUTPB=0.15, Parada=100
Tempo de Inicio (hh:mm:ss.ms) 2026-04-28 13:58:47.866022
gen	min    	max   	avg    	std     
0  	108.553	113.99	111.223	0.768684
1  	107.278	113.893	110.832	0.736649
12 	107.558	113.04 	110.092	0.924932
Tempo de Termino (hh:mm:ss.ms) 2026-04-28 13:59:02.932032
Tempo Total (hh:mm:ss.ms) 0:00:15.066010
Individuo: [[0, 8, 5, 15, 54, 56, 57, 63, 18, 12, 43, 33, 35, 48, 51, 47, 49, 60, 55, 42, 17, 4, 23, 36, 28, 26, 7, 59, 66, 50, 25, 19, 2, 38, 65, 30, 29, 1, 44, 62, 64, 39, 37, 11, 13, 14, 31, 6, 22, 16, 34, 52, 53, 9, 24, 32, 27, 20, 21, 58, 45, 41, 40, 61, 46, 10, 3], [1, 0, 1, 1, 1, 0, 1, 1, 1, 0, 0, 0, 0, 1, 0, 1, 1, 0, 0, 0, 0, 1, 1, 0, 1, 0, 0, 0, 0, 1, 1, 1, 0, 1, 0, 1, 0, 0, 0, 1, 0, 1, 1, 0, 1, 0, 1, 0, 1, 1, 1, 1, 0, 1, 1, 1, 0, 0, 1, 1, 0, 1, 1, 0, 0, 0, 0]]
Fitness:  107.27791991601681
Gens:  [0, 1, 2, 3, 4, 5, 6, 7, 8, 9, 10, 11, 12]
Inds:  [108.55291991601676, 107.27791991601681, 108.06041991601677, 108.07541991601674, 107.92791991601683, 107.92791991601683, 107.35541991601681, 107.6829199160168, 107.28291991601675, 107.28291991601675, 107.28041991601681, 107.7479199160168, 107.5579199160168]

