GA: dighe1_sep

Execução 1:
Parametros: Pop=5000, CXPB=0.75, MUTPB=0.15, Parada=100
Tempo de Inicio (hh:mm:ss.ms) 2026-04-28 13:58:58.305611
gen	min    	max   	avg    	std     
0  	110.328	117.23	113.908	0.986505
1  	109.413	116.79	113.418	0.931972
28 	108.79 	116.405	112.221	1.29566 
Tempo de Termino (hh:mm:ss.ms) 2026-04-28 13:59:29.979820
Tempo Total (hh:mm:ss.ms) 0:00:31.674209
Individuo: [[4, 9, 15, 12, 11, 33, 14, 6, 8, 10, 3, 48, 31, 38, 21, 53, 55, 54, 51, 30, 37, 50, 59, 57, 44, 36, 17, 7, 25, 26, 52, 43, 29, 5, 34, 2, 27, 45, 24, 18, 22, 47, 56, 58, 42, 19, 49, 39, 16, 1, 35, 23, 20, 46, 28, 32, 40, 61, 60, 41, 13, 0], [0, 1, 1, 1, 0, 0, 1, 0, 0, 0, 0, 0, 1, 0, 0, 0, 1, 1, 1, 0, 0, 0, 1, 0, 0, 1, 1, 0, 0, 0, 0, 0, 0, 1, 0, 0, 1, 1, 0, 1, 0, 1, 1, 1, 0, 0, 1, 1, 1, 1, 1, 1, 0, 1, 1, 1, 0, 0, 1, 0, 1, 0]]
Fitness:  108.25791991601679
Gens:  [0, 1, 2, 3, 4, 5, 6, 7, 8, 9, 10, 11, 12, 13, 14, 15, 16, 17, 18, 19, 20, 21, 22, 23, 24, 25, 26, 27, 28]
Inds:  [110.32791991601678, 109.41291991601675, 109.98791991601678, 109.98791991601678, 109.81041991601677, 109.24791991601677, 109.24791991601677, 108.98041991601684, 108.37541991601681, 108.78291991601681, 108.8604199160168, 108.8604199160168, 108.8604199160168, 108.74791991601681, 108.8604199160168, 108.8604199160168, 108.99541991601679, 108.25791991601679, 108.55041991601679, 108.60291991601683, 108.57541991601678, 108.57541991601678, 108.70791991601676, 108.70791991601676, 108.91791991601681, 108.9429199160168, 108.70291991601677, 108.66541991601679, 108.79041991601682]

