GA: fu_mod_pack

Execução 1:
Parametros: Pop=5000, CXPB=0.75, MUTPB=0.15, Parada=100
Tempo de Inicio (hh:mm:ss.ms) 2026-04-28 13:59:30.755745
gen	min    	max    	avg    	std     
0  	35.7393	37.4531	36.6128	0.254813
1  	35.7074	37.3454	36.4779	0.241396
41 	35.1642	37.3573	36.1444	0.336663
Tempo de Termino (hh:mm:ss.ms) 2026-04-28 14:00:16.648243
Tempo Total (hh:mm:ss.ms) 0:00:45.892498
Individuo: [[2, 10, 24, 23, 18, 17, 27, 11, 38, 21, 35, 12, 29, 52, 45, 9, 0, 53, 55, 6, 58, 56, 44, 25, 40, 15, 8, 26, 39, 47, 20, 50, 32, 5, 14, 7, 30, 51, 46, 60, 48, 59, 54, 49, 41, 3, 16, 19, 42, 57, 61, 36, 37, 22, 33, 34, 62, 43, 31, 4, 28, 1, 13], [0, 1, 1, 0, 1, 0, 0, 0, 1, 0, 1, 0, 0, 1, 1, 1, 1, 1, 0, 0, 0, 0, 0, 0, 1, 1, 0, 0, 1, 1, 1, 0, 0, 1, 1, 1, 1, 0, 0, 0, 1, 1, 1, 1, 0, 1, 0, 1, 1, 0, 1, 0, 1, 0, 0, 0, 1, 0, 1, 1, 1, 0, 1]]
Fitness:  35.10972530074254
Gens:  [0, 1, 2, 3, 4, 5, 6, 7, 8, 9, 10, 11, 12, 13, 14, 15, 16, 17, 18, 19, 20, 21, 22, 23, 24, 25, 26, 27, 28, 29, 30, 31, 32, 33, 34, 35, 36, 37, 38, 39, 40, 41]
Inds:  [35.73933375683714, 35.70742274418644, 35.60248126432188, 35.529525575795006, 35.45610395828646, 35.484816923750394, 35.38362259066229, 35.391810608871076, 35.35535491651391, 35.175880355620336, 35.175880355620336, 35.175880355620336, 35.175880355620336, 35.228022558935244, 35.26344546652324, 35.16387421556264, 35.16387421556264, 35.16387421556264, 35.16387421556264, 35.29182359509801, 35.29779935686375, 35.14838742422015, 35.128969750084224, 35.128969750084224, 35.128969750084224, 35.128969750084224, 35.128969750084224, 35.11424282307255, 35.11424282307255, 35.11424282307255, 35.10972530074254, 35.22434521605704, 35.21013094447508, 35.26595608933673, 35.17446359443737, 35.26595608933673, 35.21290201935748, 35.21290201935748, 35.21290201935748, 35.21648439275254, 35.215079161859826, 35.164191716562634]

