GA: fu_sep

Execução 1:
Parametros: Pop=5000, CXPB=0.75, MUTPB=0.15, Parada=100
Tempo de Inicio (hh:mm:ss.ms) 2026-04-28 13:59:37.557784
gen	min    	max    	avg    	std     
0  	29.3345	30.5395	30.0135	0.158875
1  	29.3345	30.4345	29.9352	0.152786
22 	29.1795	30.3595	29.7552	0.205073
Tempo de Termino (hh:mm:ss.ms) 2026-04-28 13:59:56.231569
Tempo Total (hh:mm:ss.ms) 0:00:18.673785
Individuo: [[14, 21, 5, 32, 34, 43, 41, 39, 30, 23, 40, 35, 12, 11, 24, 29, 31, 16, 2, 0, 25, 20, 9, 4, 18, 10, 3, 26, 37, 38, 36, 28, 27, 6, 1, 22, 8, 7, 19, 33, 13, 15, 42, 17], [1, 1, 1, 1, 1, 0, 1, 1, 1, 1, 1, 0, 1, 0, 0, 1, 1, 1, 0, 0, 1, 1, 1, 1, 0, 0, 1, 1, 1, 1, 1, 1, 1, 0, 0, 1, 1, 1, 1, 0, 0, 1, 0, 0]]
Fitness:  29.11201709658068
Gens:  [0, 1, 2, 3, 4, 5, 6, 7, 8, 9, 10, 11, 12, 13, 14, 15, 16, 17, 18, 19, 20, 21, 22]
Inds:  [29.33451709658069, 29.33451709658069, 29.33451709658069, 29.33451709658069, 29.312017096580686, 29.237017096580686, 29.252017096580683, 29.22201709658069, 29.15451709658068, 29.249517096580682, 29.189517096580687, 29.11201709658068, 29.234517096580685, 29.234517096580685, 29.232017096580684, 29.18701709658067, 29.214517096580682, 29.117017096580682, 29.117017096580682, 29.117017096580682, 29.17951709658068, 29.17951709658068, 29.17951709658068]

