GA: han150_mod_pack

Execução 1:
Parametros: Pop=5000, CXPB=0.75, MUTPB=0.15, Parada=100
Tempo de Inicio (hh:mm:ss.ms) 2026-04-28 14:00:11.412584
gen	min  	max    	avg    	std    
0  	53393	56114.3	54677.8	345.611
1  	53380.2	55833  	54494.7	320.271
Tempo de Termino (hh:mm:ss.ms) 2026-04-28 14:05:37.963964
Tempo Total (hh:mm:ss.ms) 0:05:26.551380
Individuo: [[105, 716, 311, 319, 10, 677, 32, 376, 183, 787, 501, 338, 194, 540, 302, 613, 71, 35, 742, 728, 750, 23, 430, 65, 31, 327, 110, 298, 33, 217, 72, 399, 621, 534, 499, 771, 661, 732, 255, 805, 635, 364, 679, 487, 789, 610, 143, 326, 689, 523, 253, 45, 397, 704, 785, 455, 707, 692, 293, 26, 247, 145, 320, 78, 68, 550, 769, 369, 413, 801, 420, 381, 222, 754, 605, 408, 244, 173, 321, 573, 722, 423, 248, 227, 598, 50, 335, 414, 210, 147, 181, 734, 117, 345, 43, 379, 561, 367, 92, 15, 575, 511, 752, 155, 233, 102, 671, 770, 641, 348, 448, 646, 711, 129, 680, 656, 368, 653, 174, 459, 524, 290, 20, 69, 528, 146, 336, 402, 545, 188, 346, 312, 683, 639, 583, 472, 705, 612, 354, 484, 601, 265, 12, 662, 736, 76, 123, 442, 454, 813, 434, 564, 778, 467, 77, 654, 53, 483, 207, 735, 219, 268, 60, 433, 631, 669, 405, 360, 738, 616, 165, 541, 594, 629, 693, 674, 526, 95, 250, 301, 212, 396, 343, 168, 5, 578, 774, 96, 486, 446, 401, 256, 536, 623, 776, 702, 747, 224, 332, 440, 782, 152, 209, 427, 510, 493, 330, 6, 29, 666, 318, 297, 128, 266, 712, 476, 67, 505, 21, 22, 134, 177, 449, 717, 157, 482, 189, 304, 52, 723, 627, 724, 520, 75, 568, 749, 599, 614, 370, 279, 359, 589, 517, 126, 313, 556, 783, 644, 261, 310, 673, 103, 543, 230, 122, 9, 585, 665, 633, 786, 386, 715, 664, 497, 197, 294, 361, 775, 740, 802, 422, 563, 504, 593, 676, 323, 213, 713, 768, 496, 175, 718, 651, 303, 708, 240, 624, 158, 465, 383, 315, 337, 478, 577, 544, 469, 412, 280, 356, 756, 428, 741, 218, 743, 807, 406, 445, 527, 694, 81, 291, 378, 120, 681, 686, 595, 339, 161, 42, 130, 56, 55, 516, 439, 238, 54, 270, 587, 547, 289, 258, 498, 558, 791, 793, 295, 88, 436, 331, 468, 374, 638, 162, 761, 515, 700, 198, 457, 329, 106, 169, 650, 421, 780, 804, 392, 84, 552, 809, 530, 581, 506, 649, 113, 74, 170, 24, 765, 276, 810, 474, 660, 148, 201, 264, 634, 609, 710, 767, 252, 792, 285, 701, 618, 3, 611, 101, 140, 127, 269, 317, 246, 539, 437, 262, 2, 39, 619, 562, 522, 438, 342, 259, 254, 418, 566, 350, 625, 206, 667, 642, 351, 287, 305, 239, 475, 546, 655, 777, 630, 553, 404, 672, 488, 416, 141, 390, 282, 363, 260, 380, 647, 236, 59, 333, 119, 93, 226, 176, 586, 600, 245, 737, 375, 366, 432, 751, 684, 365, 535, 617, 572, 591, 388, 159, 489, 46, 560, 357, 164, 186, 292, 229, 668, 519, 4, 73, 592, 492, 745, 503, 691, 596, 569, 7, 83, 306, 696, 763, 409, 228, 779, 87, 699, 606, 372, 410, 772, 450, 377, 726, 538, 513, 325, 334, 755, 411, 235, 532, 518, 549, 358, 271, 695, 773, 730, 733, 415, 91, 394, 156, 579, 580, 557, 62, 657, 41, 63, 753, 678, 626, 340, 185, 307, 466, 640, 565, 766, 349, 794, 328, 18, 118, 480, 153, 685, 400, 509, 139, 138, 215, 37, 308, 648, 659, 800, 431, 324, 703, 443, 211, 191, 570, 574, 507, 115, 811, 94, 316, 675, 725, 729, 277, 542, 473, 709, 571, 314, 759, 604, 61, 144, 514, 136, 70, 444, 706, 508, 225, 273, 362, 525, 257, 788, 758, 137, 531, 597, 391, 341, 135, 190, 458, 58, 441, 603, 124, 714, 645, 494, 114, 11, 584, 407, 491, 203, 697, 208, 100, 97, 112, 142, 419, 347, 451, 8, 221, 373, 166, 237, 559, 66, 288, 27, 652, 500, 790, 798, 746, 698, 429, 49, 34, 485, 398, 355, 40, 353, 764, 80, 670, 795, 567, 784, 555, 263, 204, 426, 184, 57, 806, 490, 300, 435, 744, 719, 111, 628, 620, 214, 179, 0, 275, 690, 267, 107, 1, 154, 104, 548, 554, 17, 582, 424, 447, 622, 272, 278, 533, 529, 232, 47, 607, 116, 731, 125, 79, 643, 241, 249, 48, 309, 382, 687, 796, 462, 608, 658, 803, 133, 199, 132, 393, 537, 495, 19, 425, 463, 171, 167, 688, 682, 384, 460, 231, 456, 637, 160, 781, 453, 352, 220, 387, 187, 636, 149, 576, 477, 632, 13, 109, 64, 461, 481, 739, 471, 223, 51, 85, 371, 417, 131, 82, 615, 799, 196, 99, 151, 202, 502, 182, 512, 760, 44, 234, 720, 172, 296, 36, 163, 299, 284, 727, 812, 808, 16, 281, 721, 193, 28, 797, 385, 14, 200, 30, 322, 242, 602, 588, 395, 286, 470, 251, 180, 757, 663, 98, 108, 89, 86, 195, 90, 748, 25, 590, 551, 38, 283, 403, 389, 205, 274, 344, 452, 521, 121, 150, 243, 479, 216, 464, 762, 178, 192], [1, 0, 0, 0, 0, 1, 0, 1, 0, 1, 0, 0, 0, 1, 0, 0, 0, 0, 0, 1, 1, 0, 1, 0, 1, 1, 0, 0, 0, 1, 1, 1, 1, 0, 1, 0, 1, 1, 1, 1, 0, 1, 0, 1, 1, 0, 0, 0, 1, 0, 0, 1, 0, 0, 1, 1, 0, 0, 0, 0, 1, 1, 0, 0, 0, 1, 0, 0, 1, 1, 1, 0, 0, 1, 0, 0, 1, 1, 1, 1, 1, 0, 0, 0, 0, 1, 0, 1, 0, 1, 1, 0, 1, 0, 0, 1, 0, 0, 0, 0, 0, 0, 1, 1, 0, 1, 0, 1, 0, 0, 1, 0, 1, 1, 1, 1, 0, 0, 0, 1, 0, 0, 0, 0, 1, 1, 0, 0, 1, 0, 1, 1, 1, 0, 1, 1, 0, 0, 0, 0, 1, 1, 1, 1, 1, 1, 1, 1, 0, 1, 1, 0, 0, 1, 0, 0, 0, 1, 1, 0, 0, 0, 0, 1, 1, 1, 0, 1, 1, 0, 1, 0, 1, 0, 1, 1, 1, 1, 1, 0, 0, 1, 1, 1, 0, 0, 1, 0, 0, 1, 1, 1, 1, 1, 1, 1, 1, 0, 1, 0, 1, 0, 1, 0, 1, 1, 0, 0, 0, 1, 0, 0, 1, 1, 1, 1, 0, 0, 0, 1, 1, 1, 0, 0, 1, 1, 1, 1, 0, 0, 1, 0, 0, 0, 1, 0, 1, 1, 0, 1, 1, 1, 0, 0, 0, 1, 0, 1, 1, 0, 1, 1, 1, 1, 0, 1, 0, 0, 0, 1, 0, 0, 1, 1, 1, 0, 1, 1, 0, 1, 1, 1, 0, 1, 0, 0, 1, 0, 0, 1, 1, 0, 1, 0, 1, 0, 1, 0, 1, 1, 0, 0, 1, 0, 0, 1, 0, 1, 0, 0, 1, 0, 1, 0, 1, 0, 0, 1, 0, 0, 0, 0, 1, 0, 0, 1, 1, 1, 0, 1, 1, 0, 0, 1, 0, 1, 1, 1, 1, 0, 1, 1, 0, 1, 0, 0, 1, 0, 0, 0, 0, 1, 1, 0, 1, 0, 1, 1, 1, 1, 1, 1, 1, 1, 0, 1, 0, 1, 1, 1, 1, 0, 1, 1, 1, 1, 1, 1, 1, 1, 0, 1, 1, 0, 1, 1, 1, 1, 0, 0, 1, 1, 0, 1, 0, 0, 1, 0, 1, 0, 0, 1, 0, 0, 0, 1, 0, 1, 1, 1, 1, 1, 1, 0, 0, 1, 1, 1, 0, 0, 0, 0, 0, 0, 1, 1, 0, 1, 1, 1, 1, 0, 1, 1, 0, 0, 1, 1, 0, 0, 0, 1, 0, 1, 0, 1, 1, 1, 1, 0, 1, 1, 0, 1, 0, 0, 0, 0, 1, 0, 1, 1, 0, 0, 1, 0, 1, 1, 0, 0, 0, 1, 1, 1, 0, 0, 0, 0, 1, 1, 0, 1, 1, 0, 0, 1, 1, 1, 1, 1, 1, 1, 0, 1, 0, 0, 0, 1, 1, 0, 1, 1, 0, 0, 0, 0, 0, 0, 1, 1, 1, 0, 1, 0, 0, 0, 1, 0, 1, 1, 0, 0, 0, 0, 1, 1, 1, 1, 0, 0, 1, 1, 1, 1, 1, 0, 1, 1, 1, 0, 0, 0, 0, 1, 1, 0, 0, 0, 1, 0, 1, 1, 0, 0, 1, 0, 1, 0, 0, 1, 0, 0, 0, 0, 0, 0, 0, 0, 1, 0, 1, 0, 1, 0, 1, 0, 0, 1, 1, 1, 0, 1, 0, 1, 1, 1, 0, 0, 0, 0, 1, 1, 1, 0, 1, 0, 0, 1, 0, 1, 1, 0, 1, 1, 0, 1, 0, 0, 0, 1, 1, 0, 1, 0, 1, 1, 1, 0, 1, 1, 1, 1, 0, 0, 1, 0, 1, 0, 1, 1, 1, 1, 1, 0, 0, 1, 0, 1, 1, 1, 1, 1, 0, 0, 0, 1, 0, 1, 0, 0, 0, 1, 0, 0, 1, 1, 1, 0, 0, 1, 1, 0, 0, 1, 0, 1, 1, 0, 0, 0, 0, 0, 0, 1, 1, 0, 1, 0, 0, 1, 1, 0, 1, 0, 1, 0, 1, 1, 0, 0, 1, 1, 0, 0, 1, 1, 0, 1, 0, 0, 0, 0, 1, 0, 1, 1, 1, 1, 0, 1, 1, 0, 0, 1, 0, 0, 0, 0, 1, 0, 1, 0, 0, 1, 0, 1, 0, 0, 0, 1, 1, 1, 1, 1, 0, 1, 1, 1, 1, 1, 0, 0, 1, 0, 1, 1, 1, 0, 1, 1, 0, 1, 0, 1, 0, 1, 0, 1, 0, 0, 1, 0, 0, 1, 0, 1, 0, 0, 0, 0, 1, 1, 1, 1, 1, 0, 1, 0, 0, 0, 1, 0, 1, 1, 0, 1, 1, 0, 0, 0, 1, 1, 1, 0, 0, 0, 0, 0, 0, 0, 0, 1, 0, 1, 0, 0, 0, 1, 0, 0, 0, 0, 1, 1, 0, 1, 0, 0, 0, 1, 0, 1, 1, 1]]
Fitness:  52736.63465662382
Gens:  [0, 1, 2, 3, 4, 5, 6, 7, 8, 9, 10, 11, 12, 13, 14, 15, 16, 17, 18, 19, 20, 21, 22, 23, 24]
Inds:  [53393.030554192286, 53380.1857018879, 53364.63567364651, 53143.68507782924, 53117.56682594945, 53056.30310101843, 52757.89692539847, 53056.30310101843, 53096.44208664393, 53157.48126267162, 52912.54960247329, 52912.54960247329, 52863.30677697245, 52863.30677697245, 52822.390083341415, 52744.9715952691, 52782.52467920197, 52782.52467920197, 52782.52467920197, 52736.63465662382, 52782.52467920197, 52765.17679065865, 52798.35944179351, 52767.148076707956, 52767.148076707956]

