GA: han120_sep

Execução 1:
Parametros: Pop=5000, CXPB=0.75, MUTPB=0.15, Parada=100
Tempo de Inicio (hh:mm:ss.ms) 2026-04-28 14:00:03.932561
gen	min    	max    	avg    	std    
0  	37575.2	40058.1	38811.2	295.247
1  	37575.2	39706.5	38660.6	278.407
Tempo de Termino (hh:mm:ss.ms) 2026-04-28 14:05:13.976174
Tempo Total (hh:mm:ss.ms) 0:05:10.043613
Individuo: [[383, 284, 170, 173, 52, 58, 28, 364, 380, 274, 93, 417, 431, 0, 270, 100, 297, 320, 211, 343, 385, 12, 387, 401, 13, 44, 131, 304, 35, 77, 121, 48, 245, 61, 97, 238, 392, 253, 235, 331, 220, 19, 88, 281, 436, 278, 154, 205, 136, 197, 232, 140, 171, 248, 423, 98, 120, 125, 298, 292, 176, 295, 338, 67, 80, 42, 26, 231, 110, 119, 92, 14, 108, 427, 332, 249, 182, 217, 336, 109, 175, 141, 10, 68, 71, 95, 184, 38, 313, 200, 430, 405, 271, 33, 158, 224, 319, 91, 16, 164, 301, 276, 193, 64, 258, 20, 432, 376, 225, 86, 40, 6, 1, 409, 359, 261, 18, 76, 289, 291, 266, 410, 363, 174, 85, 105, 324, 145, 315, 433, 269, 283, 215, 408, 11, 144, 242, 142, 116, 2, 379, 399, 353, 361, 425, 247, 296, 216, 162, 137, 117, 150, 188, 157, 255, 56, 23, 260, 404, 382, 279, 106, 99, 325, 191, 127, 400, 17, 429, 239, 272, 72, 223, 251, 180, 391, 194, 273, 152, 393, 262, 66, 234, 179, 312, 396, 318, 146, 195, 322, 381, 206, 303, 210, 25, 62, 103, 209, 412, 367, 236, 314, 333, 47, 54, 226, 55, 230, 148, 63, 394, 104, 149, 228, 204, 22, 57, 114, 107, 250, 426, 24, 4, 133, 328, 390, 37, 413, 130, 434, 375, 337, 321, 264, 59, 351, 421, 192, 365, 419, 406, 317, 372, 60, 39, 3, 8, 246, 177, 115, 208, 7, 287, 218, 82, 199, 326, 358, 198, 36, 73, 75, 49, 185, 305, 403, 362, 282, 302, 207, 161, 81, 45, 65, 286, 256, 41, 414, 163, 252, 27, 69, 203, 306, 299, 323, 241, 112, 70, 196, 21, 335, 288, 347, 350, 84, 50, 5, 139, 153, 118, 395, 373, 74, 160, 309, 123, 34, 134, 227, 416, 397, 341, 167, 240, 300, 310, 308, 407, 135, 360, 183, 424, 330, 357, 267, 102, 30, 94, 377, 202, 212, 307, 348, 402, 166, 285, 151, 89, 229, 165, 189, 344, 43, 169, 389, 349, 422, 186, 168, 213, 29, 51, 87, 428, 355, 420, 370, 147, 345, 268, 221, 384, 388, 342, 386, 415, 327, 280, 257, 222, 275, 122, 53, 138, 96, 352, 354, 132, 111, 156, 237, 46, 101, 172, 181, 339, 277, 340, 233, 155, 334, 159, 259, 214, 329, 368, 113, 15, 129, 201, 290, 190, 143, 124, 398, 78, 219, 371, 294, 435, 293, 244, 254, 126, 265, 90, 83, 79, 31, 374, 128, 32, 9, 316, 311, 418, 411, 369, 356, 187, 243, 263, 178, 378, 346, 366], [1, 1, 1, 1, 1, 1, 1, 1, 1, 0, 0, 0, 1, 0, 1, 0, 0, 1, 1, 0, 1, 0, 0, 0, 1, 1, 1, 0, 0, 0, 0, 1, 1, 1, 1, 0, 1, 1, 0, 1, 0, 0, 0, 0, 0, 0, 1, 0, 1, 1, 0, 0, 1, 0, 1, 0, 0, 0, 1, 0, 1, 0, 0, 1, 1, 1, 1, 0, 0, 0, 1, 1, 1, 0, 1, 0, 1, 0, 1, 0, 0, 1, 1, 1, 1, 0, 0, 1, 1, 0, 1, 1, 1, 1, 0, 1, 0, 0, 0, 1, 1, 0, 1, 0, 1, 0, 0, 1, 1, 0, 0, 0, 1, 1, 1, 1, 0, 0, 0, 1, 1, 0, 0, 1, 1, 0, 0, 1, 1, 0, 0, 1, 1, 1, 0, 1, 0, 1, 0, 1, 1, 1, 0, 0, 1, 1, 0, 0, 1, 1, 1, 0, 0, 0, 1, 0, 1, 0, 1, 1, 0, 0, 0, 0, 1, 0, 0, 0, 1, 0, 1, 1, 0, 1, 0, 1, 0, 0, 1, 1, 0, 0, 0, 0, 1, 0, 1, 0, 0, 0, 0, 0, 1, 0, 1, 1, 1, 0, 0, 0, 0, 1, 1, 1, 0, 1, 1, 1, 1, 0, 0, 0, 1, 0, 0, 1, 1, 0, 0, 0, 1, 0, 0, 1, 0, 1, 0, 0, 0, 0, 1, 1, 0, 1, 1, 1, 0, 0, 0, 1, 0, 1, 1, 1, 0, 1, 1, 1, 1, 0, 1, 1, 1, 1, 0, 1, 0, 1, 1, 1, 1, 0, 0, 0, 0, 1, 1, 0, 1, 1, 1, 0, 1, 1, 0, 1, 1, 1, 1, 1, 1, 0, 0, 0, 0, 1, 0, 1, 0, 1, 0, 0, 1, 0, 1, 1, 1, 1, 1, 1, 1, 1, 0, 0, 0, 1, 1, 1, 0, 0, 0, 1, 0, 1, 1, 1, 0, 1, 0, 0, 1, 0, 1, 1, 1, 0, 0, 0, 0, 1, 0, 0, 1, 1, 0, 0, 0, 1, 1, 1, 0, 1, 0, 1, 1, 1, 1, 0, 0, 1, 1, 0, 1, 0, 0, 1, 1, 0, 0, 0, 0, 0, 1, 1, 0, 0, 1, 0, 0, 1, 1, 1, 1, 1, 1, 1, 1, 1, 1, 1, 1, 0, 1, 0, 1, 0, 1, 0, 1, 1, 1, 0, 1, 1, 1, 1, 1, 1, 0, 1, 0, 0, 1, 0, 0, 1, 0, 1, 0, 0, 1, 1, 1, 1, 1, 0, 0, 0, 0, 0, 1, 0, 0, 1, 0, 1, 0, 1, 1, 1, 1, 1, 1, 1, 1, 0, 1]]
Fitness:  36913.6474745051
Gens:  [0, 1, 2, 3, 4, 5, 6, 7, 8, 9, 10, 11, 12, 13, 14, 15, 16, 17, 18, 19, 20, 21, 22, 23, 24, 25, 26, 27, 28, 29, 30, 31, 32, 33, 34, 35, 36, 37, 38, 39, 40, 41, 42, 43, 44]
Inds:  [37575.24497450509, 37575.24497450509, 37568.4174745051, 37560.17747450509, 37462.42997450512, 37462.42997450512, 37462.42997450512, 37503.33497450511, 37452.034974505106, 37365.85247450508, 37315.442474505064, 37396.007474505066, 37289.14497450513, 37279.84247450511, 37279.84247450511, 37359.02747450511, 37283.40747450513, 37264.10497450509, 37276.3999745051, 37276.3999745051, 37276.3999745051, 37265.324974505114, 37265.324974505114, 37173.26747450509, 37173.26747450509, 37244.1499745051, 37254.98497450508, 37115.8774745051, 37115.8774745051, 37114.732474505094, 37114.732474505094, 37097.35497450512, 37114.732474505094, 37114.732474505094, 37114.732474505094, 37114.732474505094, 37114.732474505094, 37114.732474505094, 36913.6474745051, 36913.6474745051, 37047.48997450511, 37114.732474505094, 37114.732474505094, 37114.732474505094, 37221.10997450508]

