GA: han120_pack

Execução 1:
Parametros: Pop=5000, CXPB=0.75, MUTPB=0.15, Parada=100
Tempo de Inicio (hh:mm:ss.ms) 2026-04-28 14:00:02.297500
gen	min    	max    	avg    	std    
0  	37361.7	39073.6	38256.1	238.407
1  	37146.4	39055.6	38136.3	230.844
Tempo de Termino (hh:mm:ss.ms) 2026-04-28 14:05:16.922507
Tempo Total (hh:mm:ss.ms) 0:05:14.625007
Individuo: [[27, 24, 34, 174, 65, 491, 351, 66, 466, 384, 475, 423, 439, 255, 308, 469, 454, 186, 309, 419, 45, 178, 48, 7, 2, 414, 223, 28, 457, 376, 87, 22, 481, 409, 243, 211, 118, 451, 124, 69, 19, 228, 345, 252, 463, 216, 349, 286, 322, 483, 283, 78, 421, 432, 253, 54, 149, 209, 33, 181, 101, 170, 1, 156, 207, 144, 142, 473, 204, 50, 188, 287, 63, 335, 434, 339, 152, 221, 425, 336, 462, 372, 436, 379, 237, 12, 420, 374, 212, 217, 359, 86, 393, 456, 62, 17, 238, 298, 42, 197, 110, 157, 3, 297, 294, 100, 53, 88, 270, 370, 406, 20, 410, 271, 31, 119, 321, 484, 39, 205, 83, 99, 58, 52, 176, 165, 305, 361, 172, 226, 300, 106, 146, 464, 112, 81, 21, 248, 478, 396, 480, 471, 408, 179, 16, 113, 70, 245, 97, 356, 383, 57, 30, 201, 348, 422, 488, 192, 169, 98, 430, 319, 107, 123, 276, 13, 51, 279, 395, 47, 117, 411, 71, 56, 312, 108, 187, 397, 26, 412, 365, 380, 161, 326, 401, 373, 389, 68, 115, 277, 103, 213, 405, 381, 164, 15, 150, 111, 441, 288, 138, 122, 302, 278, 5, 260, 490, 257, 333, 162, 382, 447, 37, 10, 413, 311, 92, 6, 196, 284, 256, 194, 80, 334, 292, 446, 404, 465, 455, 461, 337, 468, 74, 153, 143, 191, 240, 158, 0, 72, 167, 168, 125, 120, 371, 390, 470, 442, 94, 73, 427, 486, 85, 195, 148, 214, 264, 301, 224, 137, 177, 93, 272, 206, 329, 23, 8, 330, 338, 200, 250, 424, 140, 232, 426, 109, 202, 90, 35, 314, 366, 377, 353, 450, 458, 460, 417, 236, 114, 121, 210, 474, 208, 9, 328, 233, 215, 494, 291, 38, 220, 60, 203, 369, 14, 41, 268, 331, 273, 485, 399, 378, 453, 275, 40, 318, 116, 225, 443, 55, 352, 258, 354, 407, 416, 403, 131, 343, 136, 325, 267, 102, 324, 316, 269, 452, 332, 246, 184, 392, 385, 467, 367, 476, 231, 183, 46, 296, 391, 360, 127, 375, 293, 166, 79, 254, 344, 303, 327, 368, 11, 438, 342, 182, 249, 77, 230, 317, 448, 493, 440, 489, 388, 229, 235, 435, 190, 307, 199, 147, 495, 449, 59, 239, 346, 444, 431, 347, 104, 247, 234, 350, 428, 265, 163, 263, 402, 418, 262, 241, 61, 4, 89, 171, 91, 244, 175, 159, 173, 133, 193, 496, 498, 357, 299, 364, 415, 43, 84, 285, 25, 306, 482, 36, 310, 323, 362, 433, 251, 315, 386, 492, 29, 340, 222, 95, 135, 180, 497, 445, 295, 219, 358, 64, 67, 266, 132, 160, 282, 313, 75, 189, 185, 139, 105, 49, 128, 274, 198, 459, 130, 129, 341, 394, 280, 151, 242, 154, 289, 320, 141, 44, 227, 304, 18, 400, 281, 472, 363, 96, 429, 145, 155, 259, 76, 218, 134, 82, 126, 477, 479, 487, 437, 290, 387, 355, 32, 261, 398], [0, 1, 1, 0, 0, 1, 1, 0, 1, 0, 0, 1, 1, 0, 0, 0, 1, 0, 0, 1, 1, 0, 0, 0, 1, 0, 1, 1, 1, 0, 0, 1, 0, 0, 1, 0, 0, 1, 0, 0, 0, 0, 1, 1, 0, 0, 0, 0, 1, 0, 0, 0, 0, 1, 0, 0, 1, 1, 1, 0, 0, 0, 0, 0, 1, 0, 1, 1, 0, 0, 1, 1, 0, 1, 0, 0, 1, 1, 1, 1, 0, 1, 1, 0, 0, 0, 1, 0, 1, 0, 1, 1, 1, 0, 1, 0, 1, 0, 0, 1, 1, 0, 0, 0, 1, 1, 1, 1, 1, 1, 0, 1, 1, 0, 0, 1, 1, 0, 0, 0, 0, 1, 1, 0, 1, 0, 0, 0, 0, 1, 1, 1, 0, 1, 1, 1, 0, 1, 0, 1, 1, 1, 0, 0, 0, 1, 1, 0, 1, 0, 0, 1, 0, 0, 1, 0, 0, 0, 0, 0, 1, 1, 0, 1, 0, 1, 1, 1, 1, 1, 1, 1, 1, 0, 1, 1, 1, 0, 0, 1, 1, 0, 0, 0, 1, 1, 0, 1, 1, 0, 0, 0, 1, 1, 1, 0, 1, 1, 1, 0, 1, 0, 0, 0, 1, 0, 0, 0, 1, 0, 1, 1, 1, 0, 1, 1, 0, 0, 1, 0, 1, 0, 1, 1, 0, 1, 1, 1, 1, 1, 1, 0, 1, 0, 1, 1, 1, 0, 1, 1, 1, 1, 1, 1, 0, 0, 1, 0, 0, 1, 1, 1, 1, 0, 1, 1, 1, 1, 0, 1, 1, 0, 1, 0, 0, 0, 1, 1, 1, 0, 0, 0, 0, 0, 1, 0, 0, 1, 0, 1, 0, 0, 0, 0, 1, 0, 1, 0, 0, 0, 0, 1, 1, 0, 1, 0, 1, 0, 0, 1, 1, 0, 1, 1, 1, 1, 1, 1, 0, 0, 0, 0, 1, 1, 0, 1, 1, 1, 1, 1, 0, 0, 1, 0, 1, 1, 0, 0, 0, 0, 1, 0, 1, 0, 0, 1, 1, 0, 1, 1, 1, 0, 0, 0, 1, 0, 0, 1, 0, 0, 1, 1, 1, 1, 1, 1, 0, 1, 1, 0, 1, 0, 0, 1, 0, 0, 0, 1, 1, 0, 1, 0, 1, 1, 0, 0, 0, 1, 1, 1, 0, 1, 0, 1, 1, 1, 1, 0, 0, 1, 1, 0, 1, 0, 0, 0, 0, 0, 0, 1, 0, 1, 0, 0, 0, 1, 0, 1, 1, 0, 1, 0, 1, 1, 0, 1, 0, 1, 0, 1, 0, 1, 1, 0, 1, 1, 1, 1, 1, 1, 1, 1, 0, 0, 1, 1, 0, 0, 0, 0, 0, 1, 0, 0, 1, 1, 1, 0, 0, 0, 1, 0, 0, 1, 0, 1, 1, 1, 0, 1, 0, 0, 0, 1, 1, 1, 1, 0, 0, 1, 1, 1, 1, 0, 0, 0, 0, 1, 1, 0, 1, 0, 0, 0, 0, 0, 0, 1, 1, 0, 0, 0, 1, 0, 1, 0, 1, 1, 0]]
Fitness:  36848.87997450507
Gens:  [0, 1, 2, 3, 4, 5, 6, 7, 8, 9, 10, 11, 12, 13, 14, 15, 16, 17, 18, 19, 20, 21, 22, 23, 24, 25, 26, 27, 28, 29, 30, 31, 32, 33, 34, 35, 36, 37, 38, 39]
Inds:  [37361.72247450512, 37146.39247450508, 37146.39247450508, 37060.75747450512, 37060.75747450512, 37058.33997450511, 37108.509974505105, 37101.73997450511, 37108.509974505105, 37130.46247450514, 37046.39497450509, 37058.1624745051, 37086.96747450511, 37031.549974505106, 37031.549974505106, 37031.549974505106, 37163.29497450509, 37072.82747450509, 36945.21247450509, 36994.71247450506, 36994.71247450506, 36966.36997450509, 36967.01497450506, 36954.87747450509, 36949.54747450506, 36858.26247450508, 36961.14497450511, 36893.55247450508, 36893.55247450508, 36856.357474505094, 36848.87997450507, 36848.87997450507, 36874.164974505096, 36893.15747450511, 36940.98997450507, 36944.0274745051, 36950.2599745051, 36950.2599745051, 36857.96997450506, 36857.96997450506]

