GA: han100_mod_pack

Execução 1:
Parametros: Pop=5000, CXPB=0.75, MUTPB=0.15, Parada=100
Tempo de Inicio (hh:mm:ss.ms) 2026-04-28 13:59:42.103755
gen	min    	max    	avg    	std    
0  	34787.5	36762.3	35737.3	259.226
1  	34772.1	36505.4	35602.5	247.843
Tempo de Termino (hh:mm:ss.ms) 2026-04-28 14:05:01.366526
Tempo Total (hh:mm:ss.ms) 0:05:19.262771
Individuo: [[443, 263, 25, 306, 364, 368, 375, 42, 333, 421, 356, 183, 336, 249, 369, 413, 420, 519, 472, 323, 380, 395, 62, 160, 541, 415, 429, 426, 513, 262, 77, 347, 177, 18, 12, 246, 174, 128, 46, 44, 345, 401, 552, 93, 214, 197, 308, 491, 20, 440, 266, 384, 242, 360, 484, 450, 110, 134, 388, 1, 113, 182, 383, 549, 358, 530, 432, 309, 142, 535, 412, 505, 517, 511, 422, 124, 150, 54, 72, 346, 24, 190, 129, 180, 172, 540, 459, 483, 199, 153, 143, 186, 318, 258, 208, 136, 291, 297, 456, 21, 335, 473, 282, 480, 273, 159, 550, 48, 290, 288, 268, 94, 67, 6, 218, 108, 243, 184, 470, 238, 158, 103, 292, 510, 464, 546, 365, 60, 100, 259, 285, 475, 343, 122, 164, 423, 503, 531, 461, 398, 493, 80, 260, 64, 425, 476, 137, 37, 355, 436, 102, 229, 185, 105, 269, 299, 52, 264, 111, 41, 84, 89, 228, 399, 381, 230, 529, 444, 433, 106, 13, 542, 351, 555, 515, 38, 33, 65, 477, 138, 245, 279, 34, 151, 396, 326, 131, 272, 408, 181, 210, 373, 329, 267, 303, 91, 32, 53, 366, 445, 116, 402, 405, 325, 438, 500, 241, 217, 149, 96, 341, 407, 140, 457, 478, 135, 30, 155, 454, 317, 3, 417, 170, 163, 193, 45, 235, 304, 75, 545, 497, 481, 7, 315, 479, 66, 236, 379, 382, 206, 123, 556, 352, 223, 234, 307, 310, 296, 202, 209, 192, 58, 390, 495, 300, 49, 474, 361, 90, 120, 332, 112, 225, 301, 265, 161, 486, 392, 348, 338, 507, 496, 544, 319, 504, 70, 281, 87, 144, 247, 320, 324, 28, 189, 17, 521, 506, 2, 173, 342, 270, 275, 130, 340, 350, 298, 424, 61, 73, 293, 485, 115, 83, 211, 428, 337, 198, 81, 98, 63, 200, 453, 524, 286, 431, 35, 167, 109, 532, 498, 165, 387, 458, 516, 455, 175, 179, 367, 411, 132, 15, 22, 250, 314, 31, 277, 11, 528, 176, 344, 82, 145, 492, 377, 471, 187, 188, 219, 244, 133, 107, 410, 452, 261, 376, 50, 121, 256, 99, 126, 16, 74, 468, 404, 68, 312, 427, 397, 523, 23, 255, 168, 232, 19, 71, 354, 231, 162, 5, 393, 327, 525, 276, 533, 430, 204, 215, 302, 40, 240, 194, 125, 97, 147, 207, 321, 403, 101, 316, 447, 221, 233, 509, 330, 117, 512, 490, 171, 59, 257, 278, 502, 226, 353, 220, 494, 311, 237, 152, 363, 489, 4, 224, 253, 419, 39, 289, 467, 146, 488, 9, 114, 322, 442, 539, 222, 435, 313, 0, 8, 76, 78, 274, 280, 448, 127, 205, 154, 391, 139, 527, 547, 248, 372, 409, 166, 69, 446, 463, 518, 85, 119, 178, 466, 47, 26, 36, 251, 156, 212, 357, 216, 349, 254, 362, 284, 191, 371, 501, 294, 334, 534, 434, 462, 386, 331, 141, 465, 196, 339, 374, 283, 487, 385, 538, 400, 522, 418, 414, 195, 148, 378, 514, 460, 553, 389, 287, 543, 537, 416, 27, 104, 157, 370, 56, 449, 536, 169, 51, 520, 526, 469, 252, 88, 86, 508, 482, 439, 451, 227, 57, 14, 29, 271, 55, 441, 203, 551, 359, 118, 43, 10, 95, 213, 394, 239, 201, 499, 295, 305, 554, 406, 437, 92, 79, 328, 548], [1, 1, 0, 1, 0, 0, 0, 1, 1, 0, 0, 1, 1, 1, 0, 0, 0, 1, 0, 0, 1, 1, 0, 1, 1, 0, 0, 0, 1, 0, 1, 0, 0, 0, 1, 0, 0, 1, 0, 1, 1, 0, 1, 0, 1, 0, 1, 1, 0, 1, 0, 1, 0, 0, 0, 0, 0, 1, 0, 1, 1, 0, 0, 0, 0, 1, 0, 0, 1, 0, 0, 1, 0, 0, 0, 1, 1, 1, 1, 1, 0, 1, 0, 0, 1, 1, 1, 0, 1, 1, 1, 1, 0, 1, 1, 0, 1, 1, 0, 0, 1, 0, 1, 0, 0, 1, 1, 1, 1, 0, 1, 0, 0, 1, 0, 1, 0, 0, 1, 1, 0, 1, 0, 0, 1, 0, 0, 0, 0, 1, 0, 1, 0, 1, 1, 0, 0, 1, 0, 1, 1, 1, 1, 0, 1, 1, 1, 0, 0, 0, 1, 1, 1, 1, 0, 0, 1, 1, 0, 1, 0, 1, 1, 1, 0, 0, 0, 0, 0, 0, 1, 0, 1, 0, 0, 0, 0, 0, 0, 0, 0, 0, 0, 1, 0, 1, 1, 1, 0, 0, 0, 1, 0, 0, 1, 1, 0, 1, 1, 0, 0, 0, 1, 0, 1, 1, 1, 0, 0, 1, 0, 0, 1, 0, 0, 0, 0, 1, 0, 1, 0, 1, 1, 1, 1, 0, 1, 1, 1, 0, 1, 0, 0, 0, 0, 0, 1, 0, 1, 0, 1, 0, 0, 0, 0, 1, 0, 0, 0, 0, 1, 1, 1, 1, 1, 0, 1, 0, 1, 1, 0, 0, 1, 1, 0, 0, 1, 1, 0, 1, 1, 1, 1, 1, 1, 0, 1, 1, 1, 0, 0, 1, 0, 0, 0, 1, 0, 1, 0, 0, 1, 0, 0, 0, 0, 0, 0, 1, 0, 1, 1, 0, 1, 0, 0, 1, 0, 1, 0, 1, 1, 1, 1, 0, 1, 0, 0, 1, 1, 1, 1, 0, 1, 0, 0, 0, 1, 1, 1, 1, 1, 1, 0, 1, 1, 1, 0, 0, 0, 0, 1, 1, 0, 0, 0, 1, 0, 0, 0, 0, 1, 1, 1, 1, 1, 0, 0, 1, 1, 1, 1, 1, 0, 0, 1, 0, 1, 0, 0, 1, 1, 1, 0, 0, 1, 0, 1, 0, 0, 1, 1, 0, 1, 1, 1, 1, 0, 1, 1, 0, 0, 1, 0, 0, 0, 0, 1, 1, 0, 0, 0, 1, 1, 0, 1, 1, 0, 0, 0, 0, 0, 0, 1, 1, 0, 1, 0, 1, 1, 0, 1, 0, 1, 0, 1, 0, 0, 0, 0, 1, 0, 0, 0, 0, 1, 1, 0, 0, 0, 1, 1, 1, 0, 1, 1, 0, 1, 1, 0, 1, 1, 0, 1, 1, 1, 1, 0, 0, 0, 0, 1, 0, 1, 0, 0, 1, 0, 1, 0, 0, 1, 1, 0, 1, 1, 1, 0, 0, 1, 1, 1, 1, 1, 1, 0, 1, 1, 1, 1, 1, 1, 1, 0, 1, 1, 1, 0, 0, 1, 0, 0, 0, 1, 1, 0, 0, 1, 1, 0, 1, 0, 0, 1, 0, 1, 1, 0, 0, 1, 0, 0, 0, 1, 0, 1, 1, 0, 0, 0, 0, 0, 0, 0, 1, 1, 0, 0, 1, 0, 1, 0, 0, 1, 0, 0, 0, 1, 0, 0, 0, 0, 1, 1, 1, 1, 0, 0]]
Fitness:  34207.91752204394
Gens:  [0, 1, 2, 3, 4, 5, 6, 7, 8, 9, 10, 11, 12, 13, 14, 15, 16, 17, 18, 19, 20, 21, 22, 23, 24, 25, 26, 27, 28, 29, 30, 31, 32, 33, 34, 35]
Inds:  [34787.53436778254, 34772.0503915842, 34740.51637339859, 34704.50383727537, 34667.180523634794, 34543.1308374997, 34538.226595859676, 34538.226595859676, 34489.30305941478, 34414.82678605212, 34414.82678605212, 34425.73620712329, 34425.73620712329, 34425.73620712329, 34395.515854107565, 34376.73562904654, 34425.73620712329, 34341.921471427064, 34246.3402739938, 34246.3402739938, 34394.63849238425, 34394.63849238425, 34414.67772610269, 34412.8876133564, 34414.67772610269, 34414.67772610269, 34312.73749418755, 34305.41344229855, 34207.91752204394, 34305.41344229855, 34285.61964821673, 34254.37638854471, 34254.37638854471, 34254.37638854471, 34254.37638854471, 34254.37638854471]

