GA: han120_mod_pack

Execução 1:
Parametros: Pop=5000, CXPB=0.75, MUTPB=0.15, Parada=100
Tempo de Inicio (hh:mm:ss.ms) 2026-04-28 13:59:58.565594
gen	min    	max    	avg  	std    
0  	39024.7	41369.8	40284	309.651
1  	39024.7	41280.5	40123.4	299.349
30 	38436.5	41078.6	39722.3	412.12 
Tempo de Termino (hh:mm:ss.ms) 2026-04-28 14:05:04.336378
Tempo Total (hh:mm:ss.ms) 0:05:05.770784
Individuo: [[565, 391, 468, 33, 284, 339, 210, 447, 453, 432, 314, 435, 80, 413, 247, 531, 196, 511, 573, 575, 581, 457, 53, 277, 530, 140, 489, 420, 532, 529, 124, 518, 303, 306, 497, 369, 545, 501, 540, 374, 235, 188, 72, 183, 579, 111, 406, 558, 308, 513, 444, 287, 92, 25, 304, 576, 592, 566, 606, 567, 385, 117, 176, 131, 258, 459, 325, 279, 252, 3, 272, 214, 15, 550, 241, 185, 299, 160, 14, 47, 83, 130, 12, 71, 190, 97, 219, 484, 51, 30, 5, 519, 270, 559, 493, 362, 440, 70, 166, 177, 332, 350, 164, 135, 231, 508, 418, 536, 597, 417, 341, 305, 507, 454, 502, 62, 16, 302, 271, 377, 414, 441, 318, 401, 85, 93, 436, 0, 433, 571, 527, 105, 157, 127, 273, 37, 89, 248, 547, 421, 526, 524, 90, 39, 285, 22, 23, 206, 431, 541, 473, 569, 437, 546, 216, 60, 128, 52, 103, 96, 10, 410, 311, 428, 605, 98, 383, 462, 564, 474, 509, 198, 66, 344, 601, 590, 461, 108, 101, 494, 4, 34, 201, 404, 451, 106, 94, 132, 228, 120, 145, 199, 439, 104, 17, 370, 323, 342, 18, 610, 517, 408, 419, 515, 40, 65, 604, 561, 81, 482, 602, 409, 479, 520, 237, 165, 44, 396, 290, 59, 345, 448, 492, 338, 142, 122, 445, 184, 222, 359, 415, 79, 316, 257, 11, 48, 155, 407, 274, 552, 380, 259, 456, 84, 174, 180, 384, 491, 275, 56, 13, 298, 158, 61, 429, 587, 533, 134, 268, 204, 320, 261, 300, 375, 463, 154, 148, 452, 294, 361, 394, 244, 364, 553, 110, 591, 609, 446, 487, 400, 426, 152, 599, 593, 397, 75, 212, 392, 386, 41, 616, 220, 472, 125, 393, 615, 485, 100, 64, 186, 217, 372, 149, 141, 598, 443, 156, 466, 288, 234, 337, 205, 82, 296, 224, 580, 537, 139, 150, 333, 238, 514, 137, 608, 218, 153, 146, 600, 230, 583, 528, 266, 388, 475, 121, 398, 617, 402, 233, 262, 611, 499, 557, 455, 123, 329, 336, 42, 43, 267, 173, 91, 594, 389, 207, 211, 7, 178, 77, 86, 50, 181, 32, 516, 232, 19, 38, 254, 162, 114, 313, 376, 263, 236, 36, 363, 6, 399, 505, 500, 242, 539, 551, 442, 367, 226, 195, 382, 88, 21, 115, 358, 269, 54, 46, 312, 588, 239, 378, 423, 256, 538, 534, 438, 289, 411, 319, 45, 293, 353, 478, 405, 613, 560, 577, 24, 68, 373, 422, 481, 549, 525, 464, 379, 326, 395, 612, 295, 189, 171, 245, 542, 126, 585, 192, 182, 504, 170, 354, 1, 346, 486, 95, 161, 556, 589, 301, 202, 49, 322, 480, 582, 167, 35, 76, 250, 29, 187, 74, 9, 467, 562, 498, 510, 8, 554, 476, 584, 543, 360, 523, 424, 213, 151, 434, 357, 292, 136, 280, 503, 368, 324, 381, 355, 26, 143, 133, 251, 175, 317, 265, 67, 119, 356, 425, 112, 208, 614, 403, 578, 147, 215, 548, 20, 243, 246, 607, 568, 223, 458, 116, 159, 278, 416, 99, 586, 427, 449, 307, 328, 58, 221, 78, 469, 310, 229, 69, 179, 169, 107, 477, 253, 163, 595, 209, 488, 496, 321, 102, 144, 522, 352, 203, 113, 2, 118, 281, 349, 276, 172, 28, 347, 572, 430, 483, 129, 57, 371, 197, 521, 555, 240, 390, 286, 249, 194, 334, 282, 260, 471, 225, 330, 340, 297, 31, 335, 596, 315, 351, 495, 264, 227, 73, 63, 191, 412, 327, 506, 570, 387, 255, 309, 365, 460, 283, 109, 544, 343, 331, 366, 450, 348, 470, 87, 193, 490, 574, 200, 168, 512, 27, 55, 138, 465, 603, 563, 535, 291], [0, 0, 0, 1, 0, 0, 0, 0, 0, 0, 0, 0, 1, 1, 1, 1, 1, 1, 0, 1, 0, 1, 1, 1, 1, 0, 0, 0, 0, 1, 0, 1, 1, 1, 1, 1, 0, 0, 1, 1, 0, 0, 1, 0, 0, 1, 0, 0, 1, 0, 1, 1, 1, 1, 1, 1, 1, 1, 1, 0, 0, 1, 1, 1, 1, 0, 1, 0, 0, 1, 1, 0, 1, 0, 1, 0, 1, 1, 1, 1, 0, 0, 1, 1, 1, 0, 1, 1, 1, 1, 1, 0, 0, 1, 0, 0, 0, 0, 0, 0, 1, 0, 0, 1, 1, 1, 0, 1, 0, 1, 1, 1, 1, 1, 0, 1, 0, 1, 0, 0, 0, 0, 1, 1, 0, 0, 1, 1, 1, 1, 1, 1, 0, 1, 1, 0, 0, 1, 1, 1, 0, 1, 1, 0, 0, 1, 0, 0, 1, 0, 0, 0, 1, 1, 1, 1, 0, 1, 1, 1, 1, 1, 1, 0, 0, 0, 1, 0, 1, 0, 1, 0, 1, 0, 0, 0, 0, 1, 0, 0, 1, 1, 0, 1, 0, 1, 1, 1, 0, 0, 0, 0, 0, 1, 0, 0, 0, 0, 1, 1, 1, 1, 1, 1, 1, 0, 1, 1, 1, 0, 0, 0, 0, 0, 1, 0, 1, 1, 0, 0, 1, 0, 0, 0, 0, 1, 0, 0, 0, 1, 1, 0, 0, 0, 0, 0, 0, 1, 1, 1, 1, 0, 0, 1, 0, 0, 1, 0, 1, 1, 1, 0, 0, 0, 0, 1, 0, 0, 1, 1, 0, 0, 0, 1, 0, 0, 1, 0, 1, 0, 0, 1, 0, 1, 1, 1, 0, 1, 1, 0, 1, 1, 0, 0, 1, 0, 0, 0, 1, 1, 0, 0, 0, 1, 1, 0, 1, 0, 0, 0, 1, 1, 1, 1, 1, 1, 1, 1, 0, 1, 0, 1, 0, 1, 0, 0, 0, 1, 0, 0, 0, 0, 0, 1, 0, 0, 1, 0, 0, 0, 1, 0, 0, 1, 1, 0, 1, 0, 0, 0, 0, 0, 1, 1, 1, 1, 1, 0, 1, 1, 0, 1, 1, 0, 1, 1, 0, 0, 1, 0, 0, 0, 1, 0, 1, 1, 0, 0, 0, 1, 1, 1, 0, 0, 1, 0, 1, 0, 1, 1, 0, 0, 0, 1, 0, 1, 0, 1, 0, 0, 1, 0, 0, 0, 1, 0, 0, 1, 1, 1, 1, 0, 0, 1, 1, 1, 1, 0, 1, 1, 0, 0, 1, 1, 0, 1, 1, 1, 1, 0, 1, 0, 0, 1, 1, 0, 1, 1, 1, 1, 1, 0, 1, 1, 1, 0, 1, 0, 0, 0, 0, 1, 1, 0, 1, 1, 0, 0, 1, 1, 0, 0, 1, 0, 0, 1, 0, 0, 0, 1, 1, 0, 1, 1, 1, 0, 1, 1, 1, 0, 1, 1, 0, 0, 0, 0, 1, 1, 0, 1, 0, 1, 1, 1, 1, 1, 0, 0, 1, 0, 1, 1, 1, 1, 1, 1, 1, 1, 1, 0, 1, 1, 0, 1, 1, 0, 0, 0, 1, 0, 1, 0, 1, 1, 0, 0, 0, 0, 0, 0, 0, 0, 1, 0, 0, 0, 1, 0, 0, 1, 1, 1, 0, 0, 0, 0, 1, 1, 0, 0, 1, 0, 0, 0, 1, 0, 0, 1, 0, 0, 1, 1, 1, 1, 1, 0, 1, 0, 0, 1, 1, 0, 0, 1, 0, 0, 0, 0, 0, 1, 1, 1, 0, 1, 0, 1, 0, 1, 0, 0, 1, 0, 0, 1, 1, 0, 1, 1, 0, 0, 1, 0, 1, 1, 0, 0, 1, 0, 0, 1, 0, 1, 0, 1, 0, 1, 1, 1, 1, 1, 0, 0, 0, 1, 0, 1, 0, 0]]
Fitness:  38122.69262585245
Gens:  [0, 1, 2, 3, 4, 5, 6, 7, 8, 9, 10, 11, 12, 13, 14, 15, 16, 17, 18, 19, 20, 21, 22, 23, 24, 25, 26, 27, 28, 29, 30]
Inds:  [39024.7061441159, 39024.7061441159, 38990.646070270675, 38917.38891370319, 38799.440088140735, 38863.46419360254, 38749.480674456, 38636.559091489624, 38636.559091489624, 38636.559091489624, 38636.559091489624, 38785.62644048323, 38749.922806718096, 38669.29013297002, 38669.29013297002, 38669.29013297002, 38669.29013297002, 38645.55456313025, 38312.57358285663, 38122.69262585245, 38537.362692307586, 38629.19111627784, 38635.974313607534, 38611.754956842786, 38586.339472642314, 38607.87524791587, 38607.87524791587, 38436.521074330936, 38436.521074330936, 38436.521074330936, 38436.521074330936]

