GA: han80_sep

Execução 1:
Parametros: Pop=5000, CXPB=0.75, MUTPB=0.15, Parada=100
Tempo de Inicio (hh:mm:ss.ms) 2026-04-28 14:02:26.012684
gen	min    	max    	avg    	std    
0  	21762.8	22680.4	22224.4	137.701
1  	21616.4	22638.9	22151.9	131.658
29 	21459.3	22656.4	21978.6	181.685
Tempo de Termino (hh:mm:ss.ms) 2026-04-28 14:04:44.889013
Tempo Total (hh:mm:ss.ms) 0:02:18.876329
Individuo: [[155, 68, 47, 12, 108, 73, 281, 97, 180, 270, 266, 10, 19, 186, 158, 127, 16, 13, 22, 115, 48, 120, 9, 145, 140, 256, 255, 148, 67, 285, 226, 225, 232, 261, 123, 117, 169, 182, 242, 233, 11, 93, 44, 30, 38, 280, 88, 156, 52, 296, 183, 125, 55, 160, 184, 165, 244, 57, 247, 206, 175, 92, 152, 45, 228, 236, 54, 237, 272, 174, 53, 79, 211, 77, 5, 43, 40, 81, 42, 251, 176, 60, 110, 164, 209, 194, 91, 239, 46, 142, 59, 87, 177, 202, 240, 264, 159, 230, 235, 134, 89, 138, 139, 267, 227, 197, 72, 6, 39, 58, 188, 32, 265, 223, 214, 212, 260, 132, 229, 275, 213, 185, 114, 61, 220, 208, 252, 161, 262, 95, 105, 121, 56, 17, 37, 192, 51, 33, 268, 195, 63, 49, 295, 290, 224, 131, 204, 162, 287, 181, 234, 69, 200, 198, 136, 271, 137, 289, 269, 278, 241, 219, 50, 85, 107, 4, 135, 221, 199, 116, 286, 248, 249, 283, 129, 71, 96, 190, 168, 86, 26, 171, 103, 130, 167, 222, 109, 187, 292, 263, 238, 178, 293, 170, 149, 274, 210, 246, 84, 82, 35, 217, 75, 172, 276, 128, 36, 126, 153, 113, 62, 231, 112, 74, 83, 250, 243, 259, 122, 118, 207, 294, 173, 144, 34, 76, 218, 253, 143, 101, 106, 215, 102, 98, 70, 189, 157, 203, 201, 28, 257, 191, 291, 94, 20, 29, 25, 166, 18, 64, 146, 100, 21, 133, 258, 196, 154, 111, 119, 41, 65, 104, 0, 284, 277, 254, 279, 23, 8, 179, 205, 31, 15, 99, 282, 216, 163, 80, 150, 141, 78, 14, 7, 1, 273, 193, 147, 245, 151, 66, 24, 27, 2, 3, 124, 288, 90], [1, 1, 1, 1, 0, 1, 1, 0, 1, 1, 1, 0, 0, 1, 1, 0, 1, 1, 0, 0, 0, 0, 1, 0, 1, 0, 0, 0, 1, 1, 0, 0, 1, 1, 1, 1, 0, 1, 0, 1, 1, 1, 1, 0, 1, 1, 1, 1, 0, 0, 0, 1, 0, 0, 0, 0, 1, 1, 1, 1, 1, 1, 1, 0, 0, 1, 0, 1, 0, 0, 0, 1, 1, 1, 1, 0, 0, 0, 0, 1, 0, 0, 1, 0, 1, 0, 0, 0, 0, 0, 0, 1, 1, 0, 0, 0, 1, 0, 0, 1, 1, 0, 1, 1, 0, 0, 1, 1, 1, 1, 0, 1, 1, 1, 1, 1, 0, 1, 0, 0, 1, 1, 1, 0, 0, 1, 0, 0, 1, 1, 1, 0, 1, 0, 0, 0, 1, 1, 0, 0, 0, 0, 1, 1, 0, 0, 0, 1, 1, 1, 0, 1, 1, 1, 0, 0, 0, 0, 1, 1, 0, 0, 1, 1, 0, 1, 0, 1, 0, 0, 0, 0, 0, 0, 1, 1, 0, 1, 0, 1, 1, 0, 0, 1, 1, 0, 1, 0, 1, 0, 1, 0, 1, 0, 1, 1, 1, 0, 1, 0, 0, 1, 0, 0, 1, 1, 1, 1, 0, 1, 0, 0, 1, 1, 0, 1, 0, 1, 0, 1, 0, 0, 1, 1, 1, 0, 0, 1, 1, 1, 0, 1, 0, 0, 1, 0, 0, 1, 1, 1, 0, 0, 1, 1, 1, 1, 1, 0, 1, 0, 1, 1, 1, 0, 0, 0, 1, 1, 0, 1, 0, 0, 1, 0, 0, 1, 0, 1, 1, 1, 1, 0, 0, 0, 1, 1, 1, 0, 0, 0, 1, 0, 1, 1, 1, 1, 0, 1, 1, 0, 0, 0, 0, 1, 1, 0, 1]]
Fitness:  21382.37715356928
Gens:  [0, 1, 2, 3, 4, 5, 6, 7, 8, 9, 10, 11, 12, 13, 14, 15, 16, 17, 18, 19, 20, 21, 22, 23, 24, 25, 26, 27, 28, 29]
Inds:  [21762.80465356929, 21616.42215356928, 21616.42215356928, 21616.42215356928, 21616.42215356928, 21562.824653569292, 21562.824653569292, 21551.182153569272, 21533.909653569284, 21489.109653569296, 21533.909653569284, 21523.80465356929, 21510.11715356928, 21462.077153569287, 21518.254653569285, 21518.254653569285, 21420.86215356928, 21478.364653569297, 21382.37715356928, 21382.37715356928, 21450.342153569287, 21407.887153569274, 21451.41215356927, 21421.61215356929, 21421.61215356929, 21421.61215356929, 21406.944653569288, 21421.61215356929, 21459.317153569285, 21459.317153569285]

