GA: han_sep

Execução 1:
Parametros: Pop=5000, CXPB=0.75, MUTPB=0.15, Parada=100
Tempo de Inicio (hh:mm:ss.ms) 2026-04-28 14:04:46.310389
gen	min    	max   	avg    	std     
0  	71.1385	74.971	73.0771	0.551424
1  	70.8785	74.8885	72.7994	0.518331
27 	70.0485	74.626 	72.1094	0.709152
Tempo de Termino (hh:mm:ss.ms) 2026-04-28 14:06:04.572525
Tempo Total (hh:mm:ss.ms) 0:01:18.262136
Individuo: [[29, 25, 81, 54, 82, 86, 126, 30, 96, 106, 60, 66, 136, 156, 62, 113, 72, 8, 85, 46, 139, 177, 176, 160, 175, 142, 167, 23, 102, 36, 94, 115, 4, 26, 51, 69, 165, 161, 173, 90, 146, 35, 38, 135, 122, 168, 27, 14, 48, 138, 174, 19, 100, 20, 1, 22, 42, 77, 118, 154, 172, 179, 88, 83, 149, 125, 155, 61, 49, 6, 99, 64, 13, 3, 58, 59, 109, 137, 162, 17, 112, 63, 47, 75, 114, 68, 70, 150, 93, 9, 89, 92, 31, 56, 76, 98, 16, 103, 152, 43, 7, 37, 74, 141, 110, 0, 134, 32, 78, 53, 84, 131, 105, 166, 67, 169, 178, 65, 107, 164, 97, 116, 34, 12, 39, 15, 18, 24, 71, 111, 33, 21, 124, 159, 73, 28, 55, 44, 5, 119, 50, 52, 57, 87, 101, 163, 91, 133, 127, 95, 117, 147, 158, 140, 11, 10, 108, 121, 157, 129, 123, 143, 144, 40, 171, 41, 128, 151, 153, 170, 2, 104, 132, 148, 145, 120, 130, 79, 80, 45], [1, 1, 1, 1, 0, 1, 1, 0, 0, 0, 0, 0, 1, 0, 1, 1, 0, 1, 1, 0, 1, 0, 1, 1, 0, 0, 0, 0, 0, 0, 0, 0, 0, 1, 0, 1, 0, 1, 0, 1, 0, 1, 0, 1, 0, 0, 0, 0, 0, 0, 1, 1, 0, 1, 1, 1, 0, 0, 0, 0, 1, 0, 0, 1, 1, 1, 0, 0, 0, 1, 1, 0, 0, 0, 1, 0, 0, 0, 0, 1, 1, 1, 1, 1, 0, 0, 0, 1, 0, 0, 1, 1, 1, 0, 1, 1, 0, 1, 0, 1, 1, 1, 0, 1, 0, 0, 1, 0, 1, 0, 1, 0, 1, 1, 1, 0, 0, 0, 0, 1, 0, 1, 1, 1, 1, 0, 0, 0, 0, 0, 0, 0, 0, 0, 0, 0, 1, 1, 0, 1, 1, 0, 1, 1, 1, 0, 1, 1, 1, 1, 0, 0, 0, 1, 1, 1, 1, 0, 1, 1, 1, 0, 1, 0, 0, 1, 1, 0, 1, 0, 0, 0, 0, 1, 1, 0, 0, 0, 1, 1]]
Fitness:  69.98349430113974
Gens:  [0, 1, 2, 3, 4, 5, 6, 7, 8, 9, 10, 11, 12, 13, 14, 15, 16, 17, 18, 19, 20, 21, 22, 23, 24, 25, 26, 27]
Inds:  [71.13849430113974, 70.87849430113974, 70.5659943011398, 70.71599430113977, 70.64849430113976, 70.54849430113975, 70.54849430113975, 70.39349430113978, 70.67599430113975, 70.49599430113975, 70.44349430113978, 70.48599430113977, 70.26849430113978, 70.29599430113973, 70.18349430113979, 70.18349430113979, 69.98349430113974, 70.33099430113975, 70.43849430113976, 70.28849430113975, 70.20599430113977, 70.06349430113981, 70.06349430113981, 70.02349430113982, 70.02349430113982, 70.01349430113976, 70.04849430113978, 70.04849430113978]

