GA: han_pack

Execução 1:
Parametros: Pop=5000, CXPB=0.75, MUTPB=0.15, Parada=100
Tempo de Inicio (hh:mm:ss.ms) 2026-04-28 14:04:18.073819
gen	min    	max    	avg    	std     
0  	70.5535	73.7185	72.2639	0.457367
1  	70.1885	73.6485	72.0213	0.440641
17 	69.5885	73.8185	71.4329	0.613628
Tempo de Termino (hh:mm:ss.ms) 2026-04-28 14:05:10.372043
Tempo Total (hh:mm:ss.ms) 0:00:52.298224
Individuo: [[58, 12, 2, 159, 184, 164, 131, 177, 19, 96, 27, 41, 78, 33, 0, 118, 90, 97, 186, 147, 141, 102, 132, 156, 182, 149, 37, 1, 145, 167, 135, 108, 157, 116, 136, 82, 52, 9, 8, 21, 152, 174, 158, 123, 117, 165, 15, 18, 20, 53, 80, 169, 25, 107, 172, 34, 126, 168, 83, 110, 109, 161, 176, 106, 160, 162, 104, 67, 105, 89, 16, 171, 39, 122, 125, 112, 137, 6, 62, 69, 148, 3, 38, 81, 29, 7, 130, 85, 72, 170, 111, 103, 48, 87, 124, 17, 22, 26, 76, 75, 32, 51, 74, 151, 43, 98, 144, 139, 10, 24, 4, 63, 54, 68, 5, 187, 35, 155, 113, 100, 60, 14, 95, 84, 57, 49, 61, 166, 146, 180, 142, 143, 115, 178, 138, 99, 46, 134, 42, 70, 45, 173, 77, 71, 79, 64, 28, 23, 86, 65, 30, 133, 119, 129, 120, 153, 150, 140, 44, 128, 88, 93, 94, 73, 47, 121, 154, 55, 56, 175, 127, 11, 185, 91, 101, 163, 183, 181, 179, 36, 31, 13, 92, 114, 50, 40, 59, 66], [1, 1, 1, 1, 1, 0, 1, 1, 1, 1, 1, 0, 0, 1, 1, 0, 0, 0, 0, 1, 0, 0, 0, 0, 1, 1, 0, 0, 1, 0, 0, 0, 1, 1, 0, 0, 1, 0, 1, 0, 1, 0, 1, 1, 0, 1, 0, 1, 0, 0, 0, 0, 0, 1, 0, 0, 1, 1, 1, 0, 0, 1, 1, 0, 0, 0, 1, 0, 1, 1, 0, 1, 0, 0, 1, 0, 0, 1, 0, 0, 0, 1, 1, 0, 1, 1, 0, 0, 0, 0, 0, 0, 1, 0, 1, 1, 1, 0, 0, 1, 0, 0, 0, 0, 1, 0, 1, 0, 0, 0, 1, 0, 0, 0, 1, 0, 1, 1, 0, 0, 0, 0, 0, 0, 0, 1, 0, 0, 0, 1, 1, 1, 0, 0, 1, 1, 1, 1, 0, 0, 0, 0, 0, 0, 1, 1, 0, 0, 1, 0, 0, 0, 0, 0, 1, 1, 0, 0, 1, 1, 1, 0, 0, 1, 0, 1, 0, 0, 0, 1, 1, 0, 1, 1, 1, 0, 0, 0, 1, 0, 1, 0, 0, 0, 0, 1, 1, 1]]
Fitness:  69.53099430113976
Gens:  [0, 1, 2, 3, 4, 5, 6, 7, 8, 9, 10, 11, 12, 13, 14, 15, 16, 17]
Inds:  [70.55349430113976, 70.18849430113983, 70.27849430113983, 70.1134943011398, 70.19099430113977, 70.19099430113982, 69.53099430113976, 69.59599430113977, 69.59599430113977, 69.59599430113977, 69.84099430113979, 69.62849430113978, 69.82349430113979, 69.89099430113977, 69.62849430113972, 69.58849430113972, 69.58849430113972, 69.58849430113972]

