GA: jakobs2_sep

Execução 1:
Parametros: Pop=5000, CXPB=0.75, MUTPB=0.15, Parada=100
Tempo de Inicio (hh:mm:ss.ms) 2026-04-28 14:05:25.368473
gen	min    	max    	avg    	std     
0  	56.1929	59.0979	57.5743	0.383588
1  	55.9204	58.7579	57.3762	0.360771
29 	55.4654	58.6754	56.8761	0.507773
Tempo de Termino (hh:mm:ss.ms) 2026-04-28 14:06:31.300660
Tempo Total (hh:mm:ss.ms) 0:01:05.932187
Individuo: [[32, 49, 85, 26, 22, 28, 84, 107, 64, 37, 83, 53, 111, 30, 6, 4, 1, 10, 113, 125, 134, 102, 19, 5, 137, 119, 127, 126, 121, 2, 98, 103, 131, 18, 67, 48, 25, 99, 68, 61, 87, 71, 79, 117, 39, 88, 58, 81, 21, 11, 16, 31, 93, 116, 95, 40, 3, 0, 54, 94, 34, 106, 130, 89, 7, 13, 23, 135, 24, 120, 115, 90, 70, 92, 86, 14, 63, 57, 97, 8, 29, 74, 133, 132, 82, 129, 138, 118, 139, 72, 124, 110, 76, 44, 108, 136, 51, 47, 123, 69, 122, 46, 20, 38, 45, 66, 109, 100, 59, 9, 33, 55, 43, 27, 12, 80, 50, 104, 15, 17, 78, 75, 112, 41, 36, 35, 60, 91, 42, 101, 105, 114, 52, 65, 56, 96, 62, 128, 73, 77], [0, 1, 0, 1, 0, 1, 1, 0, 0, 0, 1, 0, 0, 0, 0, 0, 1, 0, 0, 0, 0, 0, 0, 0, 1, 1, 0, 1, 0, 1, 1, 0, 1, 0, 0, 0, 1, 0, 1, 1, 0, 1, 0, 0, 1, 1, 1, 0, 1, 0, 0, 0, 0, 0, 0, 0, 0, 1, 0, 0, 0, 0, 0, 1, 1, 0, 1, 1, 1, 1, 1, 0, 1, 1, 1, 1, 1, 1, 0, 0, 0, 0, 1, 1, 1, 1, 1, 0, 1, 0, 1, 0, 0, 0, 1, 1, 0, 0, 1, 1, 1, 1, 0, 1, 1, 0, 1, 1, 0, 0, 1, 1, 1, 0, 0, 1, 1, 0, 0, 0, 0, 0, 1, 1, 1, 0, 1, 0, 0, 1, 0, 1, 1, 0, 1, 1, 0, 1, 0, 0]]
Fitness:  55.37544991001803
Gens:  [0, 1, 2, 3, 4, 5, 6, 7, 8, 9, 10, 11, 12, 13, 14, 15, 16, 17, 18, 19, 20, 21, 22, 23, 24, 25, 26, 27, 28, 29]
Inds:  [56.192949910017994, 55.920449910017965, 55.910449910017995, 55.910449910017995, 55.94294991001801, 55.71794991001799, 55.71794991001799, 55.63794991001798, 55.93544991001795, 55.70794991001797, 55.59294991001801, 55.59294991001801, 55.59294991001801, 55.592949910018014, 55.627949910018, 55.627949910018, 55.60294991001801, 55.457949910017994, 55.37544991001803, 55.37544991001803, 55.37544991001803, 55.51794991001798, 55.51794991001798, 55.51794991001798, 55.51794991001798, 55.45794991001798, 55.430449910017984, 55.430449910017984, 55.517949910018004, 55.465449910018016]

