GA: jakobs1_pack

Execução 1:
Parametros: Pop=5000, CXPB=0.75, MUTPB=0.15, Parada=100
Tempo de Inicio (hh:mm:ss.ms) 2026-04-28 14:05:10.712065
gen	min    	max    	avg    	std     
0  	30.0076	31.4551	30.7092	0.196312
1  	30.0001	31.3701	30.6041	0.189563
21 	29.5651	31.1926	30.3607	0.265653
Tempo de Termino (hh:mm:ss.ms) 2026-04-28 14:06:13.114386
Tempo Total (hh:mm:ss.ms) 0:01:02.402321
Individuo: [[64, 180, 108, 92, 56, 106, 160, 16, 3, 137, 12, 66, 2, 65, 122, 141, 32, 81, 128, 118, 159, 147, 169, 75, 15, 5, 6, 111, 77, 101, 84, 163, 71, 174, 162, 130, 18, 131, 176, 78, 83, 172, 140, 41, 148, 161, 103, 117, 114, 63, 62, 9, 4, 52, 70, 17, 85, 25, 67, 69, 30, 80, 60, 39, 73, 68, 45, 95, 127, 97, 143, 129, 168, 171, 94, 145, 116, 151, 115, 99, 155, 153, 119, 28, 21, 36, 139, 142, 46, 74, 53, 10, 167, 98, 44, 104, 179, 125, 105, 112, 165, 121, 38, 49, 61, 51, 102, 89, 170, 175, 93, 110, 109, 138, 107, 133, 90, 50, 48, 164, 23, 34, 37, 31, 22, 27, 11, 19, 87, 144, 43, 24, 150, 166, 59, 91, 178, 136, 158, 154, 113, 135, 57, 132, 82, 86, 72, 123, 146, 58, 55, 8, 54, 120, 124, 181, 152, 156, 79, 42, 40, 100, 47, 20, 134, 13, 126, 96, 14, 88, 0, 157, 26, 33, 35, 29, 149, 173, 177, 76, 7, 1], [1, 0, 0, 0, 1, 0, 1, 0, 0, 1, 1, 0, 1, 1, 0, 0, 0, 0, 0, 1, 1, 0, 0, 1, 1, 1, 0, 1, 0, 0, 1, 1, 1, 0, 1, 1, 1, 0, 0, 0, 0, 1, 0, 0, 1, 1, 1, 0, 0, 1, 1, 0, 1, 1, 0, 0, 0, 1, 0, 0, 0, 0, 0, 0, 0, 1, 1, 1, 1, 0, 0, 0, 1, 1, 1, 0, 1, 1, 0, 1, 0, 0, 1, 1, 1, 0, 0, 0, 1, 0, 1, 1, 0, 1, 1, 1, 1, 0, 1, 1, 1, 0, 0, 0, 1, 1, 1, 1, 0, 1, 1, 0, 1, 1, 1, 1, 0, 1, 1, 0, 1, 1, 1, 0, 1, 0, 0, 1, 0, 1, 0, 1, 0, 1, 0, 1, 0, 1, 0, 0, 0, 1, 0, 0, 1, 1, 1, 1, 1, 1, 1, 1, 1, 0, 1, 0, 1, 1, 1, 1, 1, 0, 0, 1, 0, 1, 1, 0, 0, 1, 0, 0, 0, 1, 1, 0, 0, 1, 1, 0, 1, 0]]
Fitness:  29.42509298140371
Gens:  [0, 1, 2, 3, 4, 5, 6, 7, 8, 9, 10, 11, 12, 13, 14, 15, 16, 17, 18, 19, 20, 21]
Inds:  [30.00759298140371, 30.00009298140372, 29.76259298140372, 29.69509298140372, 29.69509298140372, 29.69509298140372, 29.70759298140373, 29.697592981403716, 29.697592981403716, 29.6750929814037, 29.42509298140371, 29.505092981403727, 29.505092981403727, 29.597592981403714, 29.59259298140371, 29.557592981403715, 29.557592981403715, 29.565092981403737, 29.565092981403737, 29.565092981403723, 29.565092981403723, 29.565092981403723]

