GA: jakobs2_pack

Execução 1:
Parametros: Pop=5000, CXPB=0.75, MUTPB=0.15, Parada=100
Tempo de Inicio (hh:mm:ss.ms) 2026-04-28 14:05:23.931713
gen	min    	max    	avg    	std     
0  	56.3079	59.0529	57.7014	0.358862
1  	56.3529	58.8654	57.5244	0.342609
35 	55.5379	58.8529	57.0269	0.492585
Tempo de Termino (hh:mm:ss.ms) 2026-04-28 14:06:50.959974
Tempo Total (hh:mm:ss.ms) 0:01:27.028261
Individuo: [[12, 92, 86, 87, 151, 67, 62, 64, 100, 129, 132, 41, 34, 6, 142, 125, 69, 104, 147, 144, 120, 146, 135, 152, 137, 145, 59, 68, 79, 90, 149, 89, 74, 72, 10, 115, 71, 124, 81, 95, 96, 77, 88, 113, 117, 108, 58, 140, 107, 101, 110, 32, 128, 109, 5, 2, 48, 37, 54, 47, 22, 61, 63, 43, 24, 30, 25, 15, 40, 55, 75, 60, 123, 106, 143, 138, 99, 114, 42, 76, 134, 136, 121, 82, 85, 112, 36, 84, 49, 94, 102, 14, 56, 127, 73, 31, 130, 122, 27, 35, 66, 78, 116, 91, 80, 8, 7, 93, 83, 51, 21, 103, 105, 44, 153, 52, 17, 38, 97, 148, 70, 50, 139, 111, 65, 141, 118, 150, 98, 3, 19, 33, 4, 0, 53, 46, 13, 11, 133, 9, 28, 20, 18, 45, 57, 126, 131, 119, 26, 39, 29, 16, 1, 23], [0, 0, 1, 1, 1, 1, 0, 0, 1, 0, 1, 1, 0, 1, 0, 0, 1, 1, 1, 1, 0, 1, 1, 0, 1, 1, 0, 0, 0, 0, 1, 1, 1, 1, 1, 1, 0, 1, 1, 0, 0, 0, 1, 1, 0, 0, 1, 1, 0, 0, 0, 0, 1, 0, 1, 1, 0, 0, 1, 1, 0, 0, 0, 0, 0, 0, 1, 1, 0, 1, 0, 0, 0, 0, 0, 0, 0, 1, 1, 1, 0, 1, 0, 0, 1, 1, 0, 0, 1, 1, 1, 0, 1, 1, 1, 0, 0, 0, 0, 1, 1, 1, 1, 1, 0, 0, 1, 0, 0, 1, 1, 0, 0, 1, 0, 1, 0, 0, 0, 0, 1, 0, 1, 0, 1, 1, 1, 0, 1, 1, 1, 0, 1, 1, 1, 0, 1, 0, 0, 1, 1, 0, 0, 0, 0, 1, 1, 1, 1, 0, 0, 0, 0, 1]]
Fitness:  55.40294991001796
Gens:  [0, 1, 2, 3, 4, 5, 6, 7, 8, 9, 10, 11, 12, 13, 14, 15, 16, 17, 18, 19, 20, 21, 22, 23, 24, 25, 26, 27, 28, 29, 30, 31, 32, 33, 34, 35]
Inds:  [56.30794991001799, 56.352949910018, 56.28794991001802, 56.05544991001801, 56.05544991001801, 56.142949910018004, 56.00544991001802, 56.04044991001803, 55.977949910018, 55.92544991001799, 55.89044991001799, 56.02294991001797, 55.88544991001801, 55.747949910017965, 55.79294991001798, 55.632949910018006, 55.60544991001799, 55.602949910018005, 55.602949910018005, 55.58794991001799, 55.717949910018, 55.717949910018, 55.717949910018, 55.772949910018, 55.40294991001796, 55.40294991001796, 55.620449910018024, 55.552949910018015, 55.672949910017984, 55.672949910017984, 55.59794991001801, 55.522949910017985, 55.56294991001797, 55.58044991001798, 55.65794991001798, 55.53794991001799]

