GA: jotika40_pack

Execução 1:
Parametros: Pop=5000, CXPB=0.75, MUTPB=0.15, Parada=100
Tempo de Inicio (hh:mm:ss.ms) 2026-04-28 14:05:52.861572
gen	min    	max    	avg    	std    
0  	12460.8	13005.5	12720.8	74.1972
1  	12422.3	12935.6	12684.3	70.2468
26 	12328.1	12927.5	12592.1	97.0147
Tempo de Termino (hh:mm:ss.ms) 2026-04-28 14:07:01.804279
Tempo Total (hh:mm:ss.ms) 0:01:08.942707
Individuo: [[65, 84, 53, 149, 135, 103, 80, 161, 109, 40, 107, 58, 47, 5, 67, 13, 2, 45, 138, 92, 20, 83, 22, 157, 156, 111, 100, 146, 159, 71, 137, 155, 112, 6, 66, 42, 34, 87, 148, 95, 93, 99, 16, 35, 81, 43, 115, 78, 19, 70, 126, 121, 147, 119, 116, 101, 94, 110, 123, 144, 41, 128, 118, 114, 15, 54, 36, 48, 44, 153, 160, 151, 63, 68, 142, 90, 21, 28, 31, 60, 56, 104, 113, 139, 96, 134, 133, 117, 88, 140, 57, 98, 154, 106, 17, 97, 73, 30, 77, 69, 37, 125, 76, 49, 24, 11, 10, 25, 51, 89, 75, 14, 79, 86, 158, 9, 46, 82, 33, 122, 85, 59, 64, 4, 18, 108, 74, 145, 91, 0, 102, 130, 131, 127, 152, 150, 129, 105, 62, 26, 27, 120, 8, 29, 3, 7, 12, 72, 39, 32, 132, 136, 143, 124, 38, 1, 50, 61, 52, 141, 23, 55], [1, 0, 0, 0, 1, 1, 1, 0, 0, 1, 0, 1, 0, 0, 0, 1, 0, 1, 0, 1, 1, 1, 1, 1, 1, 1, 1, 1, 1, 1, 0, 1, 1, 0, 0, 0, 0, 0, 0, 1, 0, 0, 0, 0, 1, 1, 1, 1, 1, 1, 0, 1, 0, 1, 1, 1, 0, 1, 1, 1, 1, 0, 0, 0, 0, 1, 0, 0, 0, 0, 0, 1, 0, 1, 0, 0, 1, 0, 1, 0, 0, 1, 0, 1, 0, 1, 0, 0, 0, 1, 0, 1, 0, 0, 0, 0, 0, 1, 0, 0, 0, 1, 1, 0, 0, 1, 1, 0, 1, 0, 1, 0, 1, 0, 0, 0, 1, 0, 1, 0, 1, 0, 1, 0, 1, 0, 0, 0, 1, 0, 0, 0, 0, 0, 1, 1, 1, 0, 1, 1, 0, 1, 0, 1, 1, 0, 1, 0, 0, 0, 1, 0, 1, 1, 0, 1, 0, 0, 1, 1, 1, 1]]
Fitness:  12282.967159568087
Gens:  [0, 1, 2, 3, 4, 5, 6, 7, 8, 9, 10, 11, 12, 13, 14, 15, 16, 17, 18, 19, 20, 21, 22, 23, 24, 25, 26]
Inds:  [12460.807159568074, 12422.287159568095, 12422.287159568095, 12413.387159568088, 12403.892159568093, 12378.592159568088, 12372.757159568086, 12349.967159568085, 12366.93715956809, 12339.022159568085, 12339.022159568085, 12339.022159568085, 12357.552159568086, 12323.517159568091, 12323.517159568091, 12282.967159568087, 12282.967159568087, 12323.68215956808, 12336.767159568082, 12355.102159568083, 12306.142159568084, 12350.302159568088, 12330.027159568082, 12306.177159568075, 12329.817159568076, 12318.742159568086, 12328.052159568082]

