GA: jotika40_sep

Execução 1:
Parametros: Pop=5000, CXPB=0.75, MUTPB=0.15, Parada=100
Tempo de Inicio (hh:mm:ss.ms) 2026-04-28 14:05:53.826810
gen	min    	max  	avg    	std    
0  	12519.9	13143	12857.3	86.9517
1  	12519.7	13094.6	12813.1	82.15  
43 	12405  	13130.3	12698.1	116.39 
Tempo de Termino (hh:mm:ss.ms) 2026-04-28 14:07:35.751067
Tempo Total (hh:mm:ss.ms) 0:01:41.924257
Individuo: [[139, 143, 104, 46, 35, 56, 87, 93, 92, 71, 42, 119, 126, 124, 50, 60, 95, 110, 41, 59, 74, 79, 90, 19, 3, 1, 72, 123, 55, 84, 128, 115, 39, 68, 69, 125, 91, 75, 120, 112, 108, 85, 73, 2, 133, 65, 49, 63, 103, 109, 101, 62, 45, 22, 27, 8, 0, 36, 54, 24, 17, 89, 76, 78, 10, 38, 21, 18, 88, 107, 57, 43, 5, 130, 132, 111, 4, 6, 12, 82, 142, 134, 66, 33, 15, 32, 51, 48, 47, 64, 44, 106, 113, 81, 114, 14, 31, 7, 58, 70, 26, 135, 141, 61, 20, 80, 30, 29, 129, 145, 131, 127, 86, 144, 102, 52, 37, 16, 137, 96, 122, 97, 140, 117, 94, 53, 23, 40, 11, 13, 67, 28, 138, 118, 98, 9, 116, 136, 121, 99, 100, 83, 77, 34, 25, 105], [0, 1, 0, 0, 1, 0, 1, 1, 0, 0, 0, 1, 0, 1, 1, 0, 1, 0, 0, 0, 1, 0, 0, 1, 0, 1, 0, 1, 0, 1, 1, 0, 1, 1, 0, 0, 0, 0, 1, 1, 1, 0, 0, 0, 1, 1, 1, 0, 1, 0, 1, 1, 0, 0, 1, 1, 0, 1, 1, 1, 1, 1, 1, 0, 0, 1, 0, 0, 1, 1, 1, 1, 0, 0, 1, 1, 0, 1, 1, 0, 1, 1, 0, 0, 0, 1, 1, 0, 0, 1, 0, 0, 0, 0, 0, 1, 1, 0, 1, 0, 0, 0, 0, 0, 1, 0, 0, 1, 1, 0, 1, 1, 1, 0, 1, 1, 1, 0, 1, 1, 1, 0, 0, 1, 0, 0, 0, 1, 1, 0, 0, 1, 0, 1, 1, 1, 0, 1, 1, 0, 0, 0, 0, 1, 1, 1]]
Fitness:  12306.367159568086
Gens:  [0, 1, 2, 3, 4, 5, 6, 7, 8, 9, 10, 11, 12, 13, 14, 15, 16, 17, 18, 19, 20, 21, 22, 23, 24, 25, 26, 27, 28, 29, 30, 31, 32, 33, 34, 35, 36, 37, 38, 39, 40, 41, 42, 43]
Inds:  [12519.872159568078, 12519.722159568082, 12473.344659568089, 12517.559659568078, 12453.264659568087, 12465.699659568088, 12453.092159568087, 12426.062159568088, 12426.062159568088, 12438.047159568083, 12425.254659568083, 12378.389659568085, 12427.704659568084, 12432.319659568084, 12434.689659568088, 12398.457159568083, 12398.457159568083, 12397.992159568084, 12416.257159568082, 12401.004659568085, 12401.939659568081, 12390.222159568078, 12344.47965956809, 12344.47965956809, 12321.152159568092, 12382.817159568089, 12396.282159568089, 12368.384659568082, 12371.804659568084, 12347.217159568085, 12346.19715956809, 12338.137159568088, 12306.367159568086, 12338.137159568088, 12338.137159568088, 12330.717159568088, 12338.137159568088, 12330.584659568078, 12370.06215956809, 12394.669659568084, 12363.919659568088, 12363.919659568088, 12394.669659568084, 12405.044659568082]

