GA: jotika70_sep

Execução 1:
Parametros: Pop=5000, CXPB=0.75, MUTPB=0.15, Parada=100
Tempo de Inicio (hh:mm:ss.ms) 2026-04-28 14:07:16.224103
gen	min    	max    	avg    	std    
0  	22722.8	23916.1	23350.5	172.935
1  	22626.7	23920  	23256.4	161.929
19 	22393.8	23837.2	23055.4	218.143
Tempo de Termino (hh:mm:ss.ms) 2026-04-28 14:08:40.773873
Tempo Total (hh:mm:ss.ms) 0:01:24.549770
Individuo: [[101, 139, 118, 20, 3, 257, 43, 15, 16, 82, 130, 239, 171, 260, 148, 146, 244, 247, 186, 201, 28, 23, 72, 135, 248, 166, 160, 144, 111, 73, 0, 78, 133, 125, 198, 193, 159, 162, 29, 58, 31, 176, 195, 47, 254, 77, 104, 236, 55, 45, 92, 253, 215, 238, 89, 121, 107, 204, 211, 150, 57, 27, 26, 192, 113, 123, 32, 90, 153, 234, 158, 142, 96, 79, 127, 216, 100, 223, 54, 30, 167, 185, 143, 91, 109, 205, 226, 88, 149, 249, 217, 219, 246, 4, 68, 46, 37, 2, 25, 87, 178, 117, 76, 84, 115, 97, 62, 22, 252, 81, 38, 36, 49, 85, 110, 199, 240, 184, 207, 170, 157, 174, 80, 65, 60, 213, 112, 44, 120, 141, 156, 243, 14, 175, 235, 225, 202, 177, 64, 221, 66, 63, 241, 203, 210, 137, 105, 69, 103, 179, 99, 242, 209, 220, 197, 172, 114, 229, 227, 165, 124, 128, 228, 145, 98, 232, 131, 151, 155, 230, 94, 188, 56, 245, 250, 237, 182, 53, 231, 163, 134, 189, 194, 108, 18, 164, 181, 251, 10, 35, 263, 147, 180, 183, 262, 261, 168, 152, 161, 187, 212, 67, 119, 7, 5, 13, 39, 75, 52, 214, 83, 129, 48, 17, 255, 122, 132, 169, 106, 196, 33, 206, 41, 42, 21, 95, 116, 71, 50, 19, 34, 224, 102, 126, 259, 191, 93, 59, 222, 173, 136, 12, 6, 61, 154, 70, 40, 1, 256, 218, 86, 233, 11, 24, 51, 208, 9, 8, 200, 74, 258, 190, 140, 138], [1, 1, 1, 1, 1, 0, 0, 0, 1, 0, 0, 0, 0, 1, 1, 1, 1, 0, 1, 1, 0, 1, 0, 0, 0, 0, 1, 1, 1, 0, 1, 0, 1, 1, 1, 0, 1, 1, 1, 1, 1, 0, 1, 0, 0, 1, 1, 0, 0, 0, 0, 1, 1, 0, 0, 0, 1, 0, 0, 0, 0, 1, 0, 1, 1, 0, 0, 0, 1, 0, 1, 1, 1, 1, 1, 0, 1, 0, 0, 0, 0, 1, 0, 1, 0, 1, 1, 1, 1, 1, 1, 0, 0, 0, 1, 1, 0, 1, 1, 0, 0, 0, 1, 0, 1, 0, 1, 0, 0, 0, 0, 0, 1, 1, 0, 0, 1, 0, 1, 1, 0, 0, 0, 0, 1, 0, 0, 0, 1, 0, 0, 0, 1, 1, 1, 1, 0, 0, 0, 0, 0, 0, 1, 0, 0, 1, 1, 0, 1, 1, 1, 0, 0, 1, 1, 0, 0, 1, 1, 1, 1, 1, 0, 1, 1, 1, 0, 0, 1, 0, 1, 0, 0, 1, 1, 1, 1, 0, 0, 0, 0, 1, 0, 1, 1, 0, 0, 0, 0, 0, 1, 1, 0, 1, 1, 1, 1, 1, 1, 0, 0, 0, 0, 1, 1, 0, 1, 1, 1, 0, 1, 0, 1, 0, 1, 1, 1, 0, 0, 1, 1, 0, 1, 0, 0, 0, 1, 0, 1, 0, 1, 0, 1, 0, 0, 1, 0, 1, 0, 0, 1, 1, 1, 0, 0, 1, 1, 1, 1, 0, 1, 0, 0, 0, 1, 1, 1, 1, 1, 0, 1, 1, 1, 1]]
Fitness:  22393.831588182362
Gens:  [0, 1, 2, 3, 4, 5, 6, 7, 8, 9, 10, 11, 12, 13, 14, 15, 16, 17, 18, 19]
Inds:  [22722.821588182374, 22626.66158818237, 22626.93658818236, 22631.079088182352, 22631.079088182352, 22539.18158818235, 22505.859088182366, 22505.859088182366, 22393.831588182362, 22393.831588182362, 22393.831588182362, 22393.831588182362, 22393.831588182362, 22393.831588182362, 22393.831588182362, 22393.831588182362, 22393.831588182362, 22393.831588182362, 22393.831588182362, 22393.831588182362]

