GA: mao_pack

Execução 1:
Parametros: Pop=5000, CXPB=0.75, MUTPB=0.15, Parada=100
Tempo de Inicio (hh:mm:ss.ms) 2026-04-28 14:07:39.420570
gen	min    	max    	avg    	std    
0  	2600.94	2723.15	2664.95	17.2559
1  	2600.94	2717.22	2656.33	16.6322
40 	2563.62	2709.94	2633.05	23.2747
Tempo de Termino (hh:mm:ss.ms) 2026-04-28 14:09:37.651114
Tempo Total (hh:mm:ss.ms) 0:01:58.230544
Individuo: [[0, 151, 142, 6, 46, 38, 65, 37, 35, 128, 23, 31, 63, 104, 91, 95, 51, 88, 54, 162, 68, 90, 144, 159, 152, 161, 10, 34, 154, 122, 48, 27, 4, 7, 41, 93, 11, 147, 179, 117, 111, 110, 79, 123, 42, 47, 59, 12, 80, 36, 43, 70, 44, 52, 182, 170, 71, 126, 67, 25, 61, 19, 103, 57, 131, 89, 30, 45, 171, 16, 133, 112, 106, 149, 99, 143, 178, 135, 127, 78, 141, 102, 40, 85, 18, 160, 158, 145, 168, 176, 109, 132, 175, 32, 181, 137, 173, 81, 74, 119, 116, 9, 75, 2, 140, 94, 8, 157, 3, 20, 107, 150, 139, 39, 129, 13, 108, 174, 172, 114, 163, 169, 125, 50, 83, 62, 96, 124, 17, 53, 180, 164, 60, 136, 148, 98, 24, 64, 101, 69, 105, 82, 120, 73, 77, 5, 14, 15, 156, 113, 56, 138, 84, 21, 118, 97, 1, 49, 92, 86, 87, 155, 177, 165, 134, 55, 26, 28, 115, 66, 130, 72, 121, 146, 153, 58, 22, 29, 100, 76, 167, 166, 33], [1, 1, 0, 0, 0, 0, 1, 0, 0, 0, 0, 0, 1, 1, 0, 1, 1, 0, 0, 1, 1, 0, 1, 0, 1, 0, 1, 0, 1, 1, 1, 1, 0, 1, 1, 1, 1, 1, 1, 0, 0, 1, 0, 1, 1, 1, 0, 1, 0, 0, 0, 1, 1, 0, 0, 1, 1, 1, 1, 1, 0, 1, 0, 0, 1, 0, 0, 1, 0, 1, 1, 0, 0, 0, 0, 1, 1, 1, 1, 0, 0, 1, 0, 0, 1, 0, 1, 1, 0, 1, 0, 0, 1, 0, 1, 0, 0, 0, 0, 0, 1, 1, 1, 0, 0, 1, 0, 0, 0, 1, 1, 0, 0, 0, 1, 1, 0, 1, 0, 0, 0, 0, 1, 1, 0, 0, 0, 1, 0, 1, 1, 0, 0, 1, 1, 1, 1, 1, 0, 1, 0, 1, 0, 0, 1, 1, 1, 1, 0, 0, 0, 1, 1, 0, 0, 1, 0, 0, 1, 0, 1, 1, 1, 0, 1, 1, 1, 0, 1, 0, 0, 1, 0, 1, 0, 0, 1, 1, 1, 0, 1, 1, 1]]
Fitness:  2554.289028194361
Gens:  [0, 1, 2, 3, 4, 5, 6, 7, 8, 9, 10, 11, 12, 13, 14, 15, 16, 17, 18, 19, 20, 21, 22, 23, 24, 25, 26, 27, 28, 29, 30, 31, 32, 33, 34, 35, 36, 37, 38, 39, 40]
Inds:  [2600.944028194361, 2600.944028194361, 2593.3490281943614, 2593.2965281943593, 2582.731528194361, 2582.731528194361, 2582.731528194361, 2581.8490281943605, 2581.8490281943605, 2580.2440281943627, 2577.53902819436, 2567.9240281943626, 2567.9240281943626, 2569.056528194362, 2569.056528194362, 2572.539028194362, 2565.6165281943618, 2567.1415281943614, 2571.559028194362, 2576.911528194361, 2566.704028194361, 2569.4190281943597, 2561.179028194362, 2561.179028194362, 2561.179028194362, 2565.2415281943627, 2565.2415281943627, 2557.164028194362, 2560.0940281943617, 2554.289028194361, 2554.289028194361, 2554.289028194361, 2554.289028194361, 2573.076528194361, 2563.319028194361, 2563.319028194361, 2563.319028194361, 2563.319028194361, 2563.319028194361, 2563.6240281943615, 2563.6240281943615]

