GA: mao_mod_sep

Execução 1:
Parametros: Pop=5000, CXPB=0.75, MUTPB=0.15, Parada=100
Tempo de Inicio (hh:mm:ss.ms) 2026-04-28 14:07:33.195255
gen	min    	max    	avg    	std    
0  	3089.28	3407.04	3250.49	47.1897
1  	3072.64	3437.77	3225.09	45.0806
37 	2980.19	3376.75	3165.67	60.7867
Tempo de Termino (hh:mm:ss.ms) 2026-04-28 14:09:52.116254
Tempo Total (hh:mm:ss.ms) 0:02:18.920999
Individuo: [[27, 33, 71, 12, 15, 113, 32, 140, 102, 134, 165, 127, 212, 29, 57, 67, 30, 26, 25, 209, 169, 200, 163, 115, 211, 6, 24, 195, 14, 103, 58, 52, 45, 17, 204, 219, 70, 68, 201, 116, 76, 154, 202, 104, 229, 59, 230, 86, 147, 181, 207, 130, 156, 77, 173, 210, 213, 142, 129, 92, 79, 20, 228, 198, 139, 162, 137, 190, 97, 55, 150, 206, 108, 62, 54, 107, 174, 50, 133, 23, 80, 197, 223, 220, 170, 164, 192, 105, 106, 152, 95, 94, 171, 203, 222, 186, 101, 124, 10, 75, 112, 66, 9, 47, 96, 89, 121, 144, 44, 180, 191, 189, 73, 184, 42, 53, 114, 100, 157, 41, 38, 36, 87, 78, 37, 46, 11, 0, 1, 81, 28, 51, 22, 18, 3, 161, 148, 132, 16, 93, 61, 90, 31, 146, 136, 84, 194, 118, 143, 13, 91, 208, 167, 179, 172, 64, 63, 7, 193, 69, 49, 159, 160, 40, 183, 221, 214, 109, 65, 225, 168, 158, 2, 98, 131, 34, 4, 175, 83, 99, 196, 205, 177, 138, 155, 153, 117, 216, 215, 226, 217, 176, 5, 39, 111, 151, 126, 123, 135, 125, 60, 35, 88, 74, 120, 128, 187, 122, 19, 48, 199, 224, 231, 218, 178, 145, 8, 56, 43, 85, 182, 141, 110, 227, 185, 188, 149, 82, 119, 72, 166, 21], [1, 0, 1, 0, 0, 1, 1, 1, 0, 0, 1, 0, 0, 1, 0, 1, 1, 0, 0, 0, 1, 1, 0, 0, 1, 1, 0, 1, 0, 1, 0, 0, 0, 0, 1, 0, 0, 1, 1, 1, 0, 1, 0, 0, 1, 0, 1, 0, 0, 0, 0, 0, 1, 1, 1, 0, 1, 0, 0, 1, 0, 1, 0, 1, 0, 0, 1, 0, 0, 1, 0, 1, 0, 0, 0, 0, 1, 0, 1, 0, 1, 1, 1, 0, 0, 1, 1, 1, 0, 0, 0, 1, 1, 1, 0, 0, 1, 0, 1, 1, 1, 0, 1, 1, 1, 0, 0, 0, 1, 0, 0, 0, 1, 0, 1, 1, 1, 1, 0, 0, 1, 0, 1, 0, 0, 1, 1, 0, 1, 1, 0, 0, 0, 1, 0, 0, 1, 1, 0, 0, 1, 0, 0, 0, 1, 1, 0, 0, 1, 1, 0, 1, 1, 0, 1, 1, 0, 1, 0, 0, 1, 0, 1, 1, 1, 1, 0, 0, 1, 0, 1, 1, 0, 1, 0, 1, 0, 1, 0, 0, 1, 1, 0, 1, 0, 1, 0, 1, 1, 0, 0, 0, 0, 0, 1, 1, 0, 0, 1, 0, 1, 1, 1, 0, 1, 1, 1, 1, 1, 1, 0, 0, 0, 1, 0, 0, 0, 1, 0, 1, 1, 1, 0, 0, 0, 1, 1, 0, 0, 0, 0, 1]]
Fitness:  2960.828945214125
Gens:  [0, 1, 2, 3, 4, 5, 6, 7, 8, 9, 10, 11, 12, 13, 14, 15, 16, 17, 18, 19, 20, 21, 22, 23, 24, 25, 26, 27, 28, 29, 30, 31, 32, 33, 34, 35, 36, 37]
Inds:  [3089.284928333259, 3072.6369061564396, 3069.0426907629603, 3063.812785675635, 3027.2332436259812, 3027.2332436259812, 3050.6576016575555, 3045.551019971307, 3038.0328464297972, 3026.2700508035487, 3034.0060446272023, 3034.0060446272023, 3034.0060446272023, 3009.5559177707264, 3009.5559177707264, 3013.471084338234, 3011.238821476109, 3013.471084338234, 3013.471084338234, 3013.471084338234, 3013.471084338234, 3009.101635835531, 3001.9203538069073, 2989.378062102449, 2979.876527414278, 2979.876527414278, 2960.828945214125, 2981.2809212797447, 2989.378062102449, 2989.378062102449, 2989.378062102449, 2985.5520233064844, 2985.5520233064844, 2999.7828122317046, 2985.769832535712, 2999.7828122317046, 2980.1902731645873, 2980.1902731645873]

