GA: marques_mod_sep

Execução 1:
Parametros: Pop=5000, CXPB=0.75, MUTPB=0.15, Parada=100
Tempo de Inicio (hh:mm:ss.ms) 2026-04-28 14:08:07.659502
gen	min    	max    	avg    	std    
0  	143.793	153.792	148.774	1.37193
1  	143.714	152.272	148.068	1.28613
33 	141.113	153.191	146.185	1.86343
Tempo de Termino (hh:mm:ss.ms) 2026-04-28 14:09:57.470801
Tempo Total (hh:mm:ss.ms) 0:01:49.811299
Individuo: [[94, 142, 123, 53, 78, 33, 42, 107, 145, 200, 160, 124, 50, 101, 102, 131, 46, 18, 16, 31, 122, 71, 83, 166, 39, 49, 96, 59, 95, 22, 155, 174, 179, 149, 182, 144, 183, 130, 86, 82, 194, 56, 151, 169, 120, 161, 171, 159, 137, 175, 176, 81, 26, 12, 51, 173, 150, 170, 128, 68, 10, 6, 41, 190, 8, 193, 186, 72, 67, 66, 140, 54, 35, 88, 184, 158, 111, 65, 141, 192, 135, 127, 138, 15, 167, 143, 24, 27, 132, 47, 2, 139, 106, 19, 60, 63, 61, 57, 11, 87, 37, 201, 129, 77, 181, 162, 114, 79, 55, 99, 21, 118, 126, 23, 110, 119, 117, 69, 64, 38, 7, 90, 125, 164, 148, 172, 134, 168, 116, 34, 9, 14, 13, 3, 188, 93, 80, 36, 45, 152, 195, 4, 0, 75, 153, 197, 185, 43, 163, 178, 146, 70, 5, 17, 30, 105, 76, 44, 103, 113, 48, 40, 100, 177, 84, 20, 136, 112, 165, 189, 191, 89, 180, 29, 91, 121, 196, 154, 157, 198, 1, 97, 32, 73, 115, 62, 104, 147, 199, 187, 202, 203, 109, 133, 98, 92, 85, 52, 58, 108, 156, 25, 28, 74], [1, 1, 1, 1, 1, 1, 1, 0, 0, 1, 0, 0, 0, 0, 0, 0, 0, 0, 1, 1, 1, 0, 1, 1, 1, 1, 1, 1, 0, 0, 1, 1, 0, 1, 1, 0, 0, 1, 1, 1, 1, 1, 1, 1, 1, 0, 0, 0, 1, 0, 1, 0, 1, 0, 1, 1, 1, 1, 0, 1, 0, 0, 0, 0, 0, 1, 0, 1, 1, 1, 1, 0, 1, 1, 1, 1, 1, 1, 0, 0, 1, 0, 0, 0, 1, 1, 0, 0, 1, 1, 0, 0, 0, 1, 1, 0, 1, 0, 1, 1, 1, 0, 0, 0, 1, 0, 1, 0, 1, 0, 1, 1, 1, 1, 0, 0, 0, 0, 0, 0, 1, 0, 1, 0, 0, 1, 1, 1, 1, 0, 1, 1, 0, 0, 1, 0, 1, 1, 0, 1, 0, 0, 1, 0, 0, 0, 1, 1, 0, 0, 0, 0, 0, 0, 0, 1, 1, 0, 0, 0, 0, 1, 0, 0, 1, 0, 0, 1, 1, 0, 1, 0, 1, 0, 0, 1, 0, 1, 1, 0, 0, 0, 1, 0, 0, 1, 0, 1, 0, 1, 0, 1, 0, 1, 0, 0, 1, 1, 0, 1, 1, 0, 1, 0]]
Fitness:  140.6325615523435
Gens:  [0, 1, 2, 3, 4, 5, 6, 7, 8, 9, 10, 11, 12, 13, 14, 15, 16, 17, 18, 19, 20, 21, 22, 23, 24, 25, 26, 27, 28, 29, 30, 31, 32, 33]
Inds:  [143.79321543365722, 143.71361019213978, 143.70145044786375, 143.05373251328652, 142.95060138748195, 142.9586862995695, 142.2313492870678, 141.6653112927483, 141.6653112927483, 142.08290644120083, 141.9964755822259, 142.2039587643219, 141.7299048287238, 141.7299048287238, 141.34705873119245, 141.7299048287238, 141.7299048287238, 141.40978323279504, 141.40978323279504, 141.51380679030862, 141.00960732569786, 141.00960732569786, 140.6325615523435, 141.00960732569786, 141.00960732569786, 141.23262516695456, 141.23262516695456, 141.23262516695456, 141.5157173944214, 141.14957284679028, 140.86779094982268, 140.86779094982268, 141.1132677728644, 141.1132677728644]

