GA: marques_mod_pack

Execução 1:
Parametros: Pop=5000, CXPB=0.75, MUTPB=0.15, Parada=100
Tempo de Inicio (hh:mm:ss.ms) 2026-04-28 14:07:49.175676
gen	min    	max   	avg    	std   
0  	143.116	153.16	148.174	1.4125
1  	143.141	153.127	147.422	1.3428
23 	141.058	153.921	145.692	1.83987
Tempo de Termino (hh:mm:ss.ms) 2026-04-28 14:09:07.056452
Tempo Total (hh:mm:ss.ms) 0:01:17.880776
Individuo: [[60, 21, 118, 53, 138, 136, 132, 89, 200, 46, 10, 167, 163, 192, 146, 137, 95, 82, 32, 75, 35, 20, 8, 16, 33, 14, 106, 143, 13, 52, 197, 165, 104, 9, 2, 125, 141, 174, 91, 36, 63, 98, 162, 153, 135, 58, 119, 88, 43, 45, 171, 64, 27, 124, 117, 173, 190, 183, 87, 47, 116, 50, 108, 42, 155, 181, 140, 156, 164, 54, 102, 176, 133, 25, 185, 142, 78, 62, 55, 187, 139, 24, 194, 201, 79, 154, 129, 158, 144, 111, 3, 66, 128, 180, 70, 178, 59, 84, 150, 72, 177, 30, 18, 61, 57, 188, 191, 166, 199, 109, 26, 37, 6, 148, 44, 105, 112, 179, 157, 49, 34, 145, 56, 114, 122, 123, 160, 170, 172, 101, 169, 40, 19, 51, 99, 120, 29, 186, 149, 22, 4, 28, 203, 189, 193, 126, 41, 94, 86, 152, 134, 161, 69, 23, 80, 147, 100, 15, 97, 110, 31, 81, 0, 131, 67, 7, 39, 93, 107, 17, 1, 38, 76, 68, 73, 77, 115, 198, 168, 195, 202, 182, 130, 85, 83, 71, 113, 92, 196, 127, 12, 48, 121, 65, 96, 5, 103, 11, 74, 184, 151, 159, 90, 175], [1, 0, 1, 0, 1, 1, 0, 1, 1, 0, 1, 1, 0, 1, 0, 1, 1, 0, 0, 0, 1, 1, 0, 0, 0, 0, 1, 1, 1, 0, 1, 0, 0, 0, 1, 0, 1, 1, 1, 0, 1, 0, 1, 0, 1, 0, 0, 0, 1, 0, 1, 0, 1, 0, 0, 0, 1, 1, 1, 1, 1, 1, 0, 0, 0, 0, 0, 0, 0, 1, 0, 1, 0, 0, 0, 1, 0, 0, 0, 0, 0, 1, 0, 1, 0, 1, 1, 0, 1, 0, 1, 0, 0, 1, 1, 0, 0, 1, 1, 1, 0, 0, 0, 0, 1, 1, 1, 0, 0, 0, 1, 1, 0, 1, 0, 1, 1, 0, 0, 1, 0, 1, 0, 0, 1, 0, 0, 0, 1, 1, 0, 1, 0, 1, 1, 1, 0, 0, 0, 1, 1, 1, 1, 0, 0, 1, 1, 0, 1, 0, 1, 0, 0, 0, 1, 0, 0, 1, 0, 0, 0, 1, 1, 1, 0, 1, 1, 1, 0, 0, 0, 1, 1, 1, 1, 1, 1, 1, 0, 1, 0, 0, 1, 0, 0, 1, 0, 1, 1, 0, 1, 1, 1, 0, 0, 1, 0, 0, 1, 0, 1, 0, 0, 0]]
Fitness:  140.30127795073392
Gens:  [0, 1, 2, 3, 4, 5, 6, 7, 8, 9, 10, 11, 12, 13, 14, 15, 16, 17, 18, 19, 20, 21, 22, 23]
Inds:  [143.115926897108, 143.1414025154476, 142.5436842470837, 142.00287178817382, 141.5662821506906, 141.47834519361288, 141.77830812926544, 141.6232892431137, 141.4384505148185, 141.29160102284405, 140.7294095635115, 141.185732214236, 140.30127795073392, 140.30127795073392, 140.69176660159667, 140.69176660159667, 140.69176660159667, 140.73008540190642, 140.73008540190642, 140.73008540190642, 140.73008540190642, 140.7744548233598, 140.87925661940665, 141.0575698357662]

