GA: poly5b_pack

Execução 1:
Parametros: Pop=5000, CXPB=0.75, MUTPB=0.15, Parada=100
Tempo de Inicio (hh:mm:ss.ms) 2026-04-28 14:12:41.633787
gen	min    	max    	avg    	std     
0  	118.947	123.939	121.472	0.645279
1  	118.912	123.207	121.146	0.605164
28 	117.792	123.082	120.233	0.86792 
Tempo de Termino (hh:mm:ss.ms) 2026-04-28 14:15:30.988387
Tempo Total (hh:mm:ss.ms) 0:02:49.354600
Individuo: [[6, 21, 227, 156, 295, 239, 216, 301, 297, 137, 211, 0, 212, 79, 208, 321, 323, 143, 150, 36, 310, 305, 60, 131, 38, 276, 371, 341, 135, 315, 118, 29, 139, 256, 261, 30, 233, 9, 313, 168, 320, 223, 111, 13, 3, 214, 352, 166, 97, 103, 274, 127, 259, 96, 281, 221, 69, 27, 124, 207, 11, 193, 37, 152, 19, 28, 75, 121, 367, 128, 228, 258, 198, 145, 336, 257, 363, 199, 68, 327, 153, 334, 331, 353, 351, 99, 51, 141, 178, 348, 76, 186, 253, 71, 45, 176, 322, 191, 202, 240, 58, 195, 366, 275, 77, 167, 114, 255, 72, 369, 252, 329, 91, 236, 102, 204, 359, 360, 262, 42, 302, 298, 309, 175, 292, 184, 50, 192, 43, 24, 64, 249, 355, 33, 354, 308, 303, 287, 15, 159, 288, 330, 243, 155, 337, 328, 343, 80, 180, 146, 93, 63, 144, 278, 284, 8, 140, 95, 119, 293, 267, 273, 350, 210, 173, 59, 230, 112, 188, 154, 87, 232, 35, 183, 98, 162, 285, 324, 49, 370, 279, 245, 250, 130, 190, 4, 205, 316, 270, 134, 78, 234, 41, 311, 122, 123, 201, 177, 326, 92, 32, 187, 61, 26, 14, 161, 110, 349, 317, 345, 307, 289, 312, 229, 115, 290, 339, 237, 55, 138, 213, 319, 217, 271, 179, 314, 66, 104, 242, 222, 18, 31, 73, 362, 318, 52, 357, 260, 129, 46, 333, 74, 169, 172, 10, 189, 291, 2, 40, 226, 272, 209, 12, 196, 106, 365, 269, 296, 157, 147, 148, 54, 16, 7, 86, 164, 163, 200, 100, 34, 17, 286, 101, 94, 84, 53, 142, 306, 170, 361, 81, 344, 342, 358, 109, 105, 67, 48, 1, 335, 304, 299, 182, 47, 283, 219, 356, 225, 247, 241, 160, 340, 113, 107, 132, 88, 254, 264, 300, 263, 268, 372, 280, 368, 364, 238, 39, 85, 83, 89, 57, 346, 25, 338, 246, 126, 116, 235, 347, 82, 56, 117, 203, 120, 22, 149, 136, 108, 165, 23, 90, 231, 332, 282, 171, 220, 62, 218, 224, 294, 265, 206, 325, 215, 151, 197, 244, 277, 266, 5, 70, 174, 181, 248, 158, 194, 44, 185, 125, 251, 133, 20, 65], [0, 0, 0, 0, 0, 0, 0, 0, 0, 0, 1, 0, 1, 1, 0, 0, 0, 1, 0, 1, 0, 1, 1, 1, 1, 1, 0, 1, 0, 0, 1, 1, 0, 0, 0, 1, 1, 0, 1, 0, 0, 0, 1, 0, 1, 1, 1, 1, 0, 0, 0, 1, 1, 1, 1, 0, 1, 0, 0, 1, 0, 0, 0, 0, 0, 0, 1, 1, 1, 0, 1, 0, 1, 0, 0, 0, 0, 0, 0, 0, 1, 0, 1, 1, 0, 1, 0, 0, 1, 1, 1, 1, 1, 1, 0, 0, 0, 1, 0, 0, 1, 0, 0, 1, 0, 1, 1, 1, 0, 0, 0, 0, 1, 1, 0, 0, 0, 0, 0, 1, 0, 0, 0, 1, 1, 0, 1, 1, 1, 1, 1, 0, 0, 1, 1, 0, 1, 0, 0, 0, 1, 1, 1, 0, 1, 1, 1, 1, 0, 1, 1, 1, 1, 1, 1, 1, 1, 0, 1, 0, 0, 0, 1, 0, 1, 0, 0, 0, 0, 1, 1, 0, 0, 1, 0, 1, 0, 0, 1, 1, 1, 0, 1, 0, 1, 1, 0, 1, 1, 0, 1, 1, 0, 0, 0, 1, 1, 1, 1, 0, 1, 0, 1, 0, 0, 1, 0, 0, 0, 0, 0, 0, 1, 1, 1, 1, 1, 1, 0, 0, 1, 1, 0, 1, 1, 1, 0, 0, 1, 1, 0, 1, 1, 1, 1, 1, 1, 0, 1, 1, 0, 1, 1, 0, 0, 0, 1, 0, 0, 0, 1, 0, 0, 1, 1, 0, 0, 0, 1, 1, 1, 1, 0, 1, 1, 1, 1, 1, 0, 1, 1, 0, 1, 1, 1, 0, 1, 1, 0, 1, 0, 1, 1, 1, 1, 1, 0, 0, 0, 1, 1, 0, 1, 0, 1, 1, 0, 0, 0, 1, 1, 1, 0, 1, 1, 1, 1, 0, 0, 1, 0, 0, 0, 0, 0, 1, 0, 1, 0, 1, 1, 1, 0, 0, 0, 1, 0, 0, 0, 0, 1, 0, 1, 1, 0, 0, 0, 1, 0, 1, 1, 0, 1, 1, 0, 0, 0, 0, 1, 1, 1, 1, 1, 1, 0, 0, 1, 0, 0, 1, 1, 1, 1, 1, 1, 1, 0, 1, 0, 1, 0, 1, 0]]
Fitness:  117.61179964007198
Gens:  [0, 1, 2, 3, 4, 5, 6, 7, 8, 9, 10, 11, 12, 13, 14, 15, 16, 17, 18, 19, 20, 21, 22, 23, 24, 25, 26, 27, 28]
Inds:  [118.94679964007186, 118.91179964007193, 118.29929964007195, 118.29929964007195, 118.29929964007195, 118.29929964007195, 118.29679964007201, 118.29679964007201, 117.96429964007196, 118.2467996400719, 118.20929964007193, 118.234299640072, 118.11929964007196, 118.2467996400719, 117.96679964007188, 117.92679964007199, 117.92679964007199, 117.61179964007198, 117.92679964007199, 117.64179964007188, 117.86179964007196, 117.75929964007202, 117.78429964007199, 117.65679964007197, 117.74679964007203, 117.719299640072, 117.79179964007197, 117.79179964007197, 117.79179964007197]

