GA: poly4a_mod_sep

Execução 1:
Parametros: Pop=5000, CXPB=0.75, MUTPB=0.15, Parada=100
Tempo de Inicio (hh:mm:ss.ms) 2026-04-28 14:11:07.031775
gen	min    	max    	avg    	std    
0  	12071.6	12901.4	12535.5	106.686
1  	12133.5	12851.4	12479.2	101.257
34 	11952.1	12816.1	12338  	143.071
Tempo de Termino (hh:mm:ss.ms) 2026-04-28 14:15:03.441076
Tempo Total (hh:mm:ss.ms) 0:03:56.409301
Individuo: [[334, 256, 196, 55, 210, 39, 136, 111, 40, 165, 179, 169, 105, 218, 75, 201, 379, 254, 152, 427, 393, 236, 0, 11, 291, 127, 234, 304, 41, 16, 20, 9, 253, 422, 423, 86, 85, 305, 420, 219, 84, 10, 1, 261, 8, 27, 208, 43, 68, 164, 81, 12, 293, 137, 122, 144, 93, 361, 406, 354, 64, 109, 24, 156, 51, 101, 392, 343, 247, 76, 303, 49, 272, 245, 241, 107, 189, 412, 147, 207, 176, 13, 192, 273, 227, 287, 204, 78, 128, 264, 363, 95, 267, 102, 397, 339, 328, 390, 313, 377, 185, 45, 129, 255, 240, 319, 338, 110, 79, 74, 166, 143, 382, 53, 167, 67, 332, 96, 399, 414, 69, 268, 77, 108, 88, 212, 383, 138, 387, 243, 182, 312, 48, 25, 126, 181, 281, 197, 231, 307, 388, 407, 142, 37, 18, 369, 59, 124, 72, 292, 308, 113, 214, 325, 329, 380, 232, 290, 337, 323, 238, 188, 302, 306, 310, 123, 186, 322, 191, 177, 252, 30, 106, 375, 31, 21, 288, 133, 321, 97, 187, 35, 385, 381, 415, 34, 216, 6, 83, 160, 28, 112, 205, 222, 62, 73, 33, 296, 372, 233, 80, 269, 257, 314, 352, 344, 235, 155, 330, 360, 315, 121, 426, 356, 149, 114, 56, 42, 174, 301, 418, 90, 342, 391, 345, 403, 294, 289, 5, 318, 350, 239, 94, 217, 200, 413, 132, 347, 341, 52, 104, 163, 223, 140, 14, 158, 260, 335, 134, 161, 44, 38, 3, 2, 54, 250, 154, 98, 229, 193, 146, 298, 4, 130, 203, 359, 228, 248, 100, 115, 58, 408, 226, 65, 259, 316, 279, 249, 7, 82, 230, 87, 370, 276, 26, 71, 92, 180, 364, 221, 175, 91, 89, 242, 286, 317, 145, 266, 324, 365, 116, 141, 170, 297, 246, 386, 47, 274, 183, 195, 22, 29, 118, 46, 199, 395, 151, 61, 225, 263, 159, 172, 220, 224, 416, 184, 410, 135, 326, 367, 394, 362, 244, 202, 198, 409, 271, 103, 320, 70, 178, 425, 404, 190, 358, 162, 309, 120, 99, 258, 336, 378, 402, 411, 405, 213, 421, 398, 262, 357, 299, 389, 366, 373, 148, 139, 119, 353, 384, 419, 209, 278, 401, 285, 23, 60, 206, 215, 371, 355, 396, 283, 333, 340, 237, 15, 251, 125, 295, 194, 19, 17, 66, 275, 348, 400, 270, 311, 346, 131, 157, 351, 277, 376, 50, 265, 368, 282, 327, 280, 374, 117, 150, 211, 284, 300, 168, 349, 424, 331, 171, 173, 57, 63, 32, 153, 417, 36], [0, 0, 0, 1, 0, 0, 1, 0, 1, 1, 0, 1, 0, 1, 0, 1, 1, 0, 1, 0, 0, 1, 0, 1, 1, 1, 1, 0, 0, 0, 1, 0, 1, 1, 1, 0, 0, 0, 1, 0, 0, 1, 0, 0, 1, 1, 0, 1, 1, 0, 1, 1, 0, 0, 1, 0, 0, 1, 1, 1, 1, 1, 1, 0, 1, 1, 0, 0, 0, 0, 1, 0, 1, 0, 1, 0, 0, 1, 0, 0, 0, 0, 0, 0, 0, 0, 0, 1, 1, 0, 1, 0, 0, 1, 0, 0, 1, 1, 1, 1, 0, 1, 1, 0, 1, 0, 1, 0, 1, 0, 0, 0, 1, 0, 1, 0, 1, 1, 0, 1, 1, 1, 1, 1, 0, 0, 0, 0, 1, 0, 0, 1, 1, 1, 1, 1, 1, 1, 0, 1, 1, 0, 0, 1, 0, 1, 0, 1, 1, 1, 0, 1, 1, 0, 1, 0, 0, 1, 1, 0, 0, 1, 0, 0, 1, 1, 0, 1, 1, 1, 1, 0, 0, 1, 1, 1, 1, 0, 1, 1, 1, 0, 1, 1, 1, 0, 1, 0, 1, 0, 0, 0, 0, 0, 1, 1, 1, 0, 0, 1, 1, 0, 1, 0, 0, 0, 0, 0, 1, 1, 0, 0, 1, 0, 0, 0, 1, 1, 1, 1, 0, 0, 0, 0, 1, 0, 0, 1, 1, 1, 0, 1, 1, 0, 1, 0, 0, 0, 1, 1, 1, 0, 0, 0, 0, 0, 1, 1, 0, 1, 1, 0, 0, 0, 1, 0, 0, 1, 0, 1, 0, 0, 0, 1, 1, 1, 1, 0, 0, 1, 0, 0, 1, 1, 0, 0, 0, 1, 1, 1, 1, 1, 0, 0, 1, 0, 1, 0, 0, 1, 1, 0, 1, 0, 1, 1, 0, 1, 0, 1, 1, 1, 0, 0, 0, 1, 0, 1, 0, 1, 0, 1, 0, 0, 1, 1, 1, 0, 0, 1, 1, 1, 0, 0, 1, 1, 0, 0, 0, 0, 0, 1, 0, 1, 0, 1, 0, 1, 0, 0, 1, 0, 1, 0, 0, 1, 1, 0, 1, 0, 1, 0, 0, 0, 0, 1, 0, 1, 0, 1, 0, 0, 1, 0, 1, 1, 0, 0, 0, 0, 1, 0, 0, 1, 0, 0, 0, 0, 1, 1, 1, 1, 1, 0, 1, 1, 1, 0, 1, 0, 1, 1, 0, 1, 0, 1, 1, 0, 1, 0, 1, 0, 0, 1, 0, 1, 0, 1, 0, 1, 0, 0, 1, 1, 0, 0, 0, 1, 1, 1, 1, 0, 1, 0, 0, 1, 0, 0]]
Fitness:  11872.086258025687
Gens:  [0, 1, 2, 3, 4, 5, 6, 7, 8, 9, 10, 11, 12, 13, 14, 15, 16, 17, 18, 19, 20, 21, 22, 23, 24, 25, 26, 27, 28, 29, 30, 31, 32, 33, 34]
Inds:  [12071.561215819711, 12133.493632200833, 12040.42730362112, 12072.757520007528, 12004.05198132579, 12004.05198132579, 12004.05198132579, 12004.05198132579, 11990.273829954021, 12004.05198132579, 12005.81343121394, 11996.371274840569, 11996.371274840569, 11996.371274840569, 11973.024568880195, 11916.879713481985, 11893.345580922287, 11983.43867227468, 11997.493192666394, 11963.576582191488, 12001.32714044151, 11979.70276698909, 11879.544393123715, 11872.086258025687, 11872.086258025687, 11872.086258025687, 11872.086258025687, 11872.086258025687, 11872.086258025687, 11872.086258025687, 11872.086258025687, 11872.086258025687, 11904.538152814082, 11952.054087597824, 11952.054087597824]

