GA: poly4a_sep

Execução 1:
Parametros: Pop=5000, CXPB=0.75, MUTPB=0.15, Parada=100
Tempo de Inicio (hh:mm:ss.ms) 2026-04-28 14:11:15.835100
gen	min    	max    	avg  	std    
0  	10003.6	10420.2	10207	60.5429
1  	9964.87	10411.3	10176.5	58.0613
30 	9874.38	10350.3	10096.6	82.0482
Tempo de Termino (hh:mm:ss.ms) 2026-04-28 14:13:29.407076
Tempo Total (hh:mm:ss.ms) 0:02:13.571976
Individuo: [[138, 127, 202, 16, 269, 112, 145, 155, 65, 106, 103, 39, 35, 222, 239, 139, 208, 149, 179, 108, 43, 50, 186, 273, 193, 62, 34, 122, 140, 237, 249, 41, 194, 120, 235, 200, 142, 49, 98, 66, 55, 223, 220, 226, 257, 267, 84, 147, 165, 229, 261, 26, 28, 105, 5, 52, 18, 189, 246, 132, 275, 238, 64, 76, 167, 184, 185, 101, 178, 162, 11, 37, 22, 247, 74, 51, 15, 9, 20, 80, 94, 19, 54, 255, 270, 154, 121, 212, 254, 231, 14, 1, 152, 217, 144, 123, 27, 160, 68, 244, 198, 58, 24, 215, 6, 188, 82, 97, 102, 90, 38, 56, 85, 128, 143, 260, 181, 233, 263, 236, 161, 177, 95, 44, 192, 67, 146, 33, 36, 207, 45, 72, 110, 204, 157, 240, 166, 250, 163, 92, 25, 118, 232, 264, 99, 0, 2, 12, 131, 205, 151, 227, 77, 130, 137, 259, 171, 210, 115, 176, 83, 17, 195, 216, 228, 8, 71, 78, 168, 136, 75, 201, 156, 96, 79, 31, 175, 153, 111, 124, 57, 114, 91, 256, 214, 258, 272, 135, 234, 73, 169, 48, 174, 100, 159, 89, 211, 196, 63, 46, 133, 126, 125, 251, 191, 248, 187, 29, 21, 190, 3, 60, 47, 69, 107, 158, 224, 252, 93, 104, 23, 53, 81, 10, 109, 119, 7, 70, 134, 150, 253, 243, 206, 230, 221, 86, 129, 173, 183, 30, 42, 170, 88, 141, 268, 245, 61, 113, 32, 87, 197, 262, 209, 180, 219, 274, 148, 271, 199, 225, 241, 218, 164, 40, 4, 213, 203, 116, 182, 59, 13, 172, 242, 266, 265, 117], [1, 1, 0, 1, 1, 1, 0, 0, 1, 1, 1, 0, 0, 1, 0, 0, 0, 0, 0, 0, 0, 1, 1, 0, 0, 0, 0, 1, 0, 0, 0, 1, 0, 0, 0, 0, 1, 0, 0, 0, 0, 0, 1, 0, 0, 0, 1, 1, 0, 1, 1, 1, 0, 1, 1, 1, 0, 0, 0, 1, 0, 0, 1, 0, 0, 1, 1, 0, 0, 1, 1, 0, 1, 1, 0, 1, 0, 0, 1, 1, 0, 1, 1, 0, 1, 0, 0, 1, 0, 1, 0, 1, 1, 1, 0, 0, 0, 1, 0, 0, 0, 1, 1, 0, 0, 1, 0, 1, 1, 1, 1, 1, 0, 0, 0, 0, 1, 0, 0, 1, 0, 0, 1, 0, 1, 0, 1, 0, 0, 0, 0, 1, 0, 0, 1, 1, 1, 1, 1, 0, 1, 0, 0, 1, 0, 0, 0, 1, 0, 1, 0, 1, 1, 1, 1, 0, 1, 0, 1, 0, 0, 0, 0, 0, 1, 0, 1, 0, 1, 0, 0, 0, 0, 1, 0, 1, 1, 0, 1, 1, 1, 0, 1, 1, 1, 0, 1, 0, 0, 0, 0, 0, 0, 0, 0, 0, 1, 0, 1, 0, 1, 0, 1, 1, 0, 0, 1, 0, 0, 0, 1, 1, 0, 1, 1, 1, 1, 1, 0, 0, 0, 0, 1, 0, 1, 1, 0, 0, 1, 1, 1, 0, 1, 0, 1, 1, 1, 1, 0, 0, 0, 0, 1, 0, 0, 1, 0, 0, 1, 0, 1, 1, 0, 0, 1, 0, 0, 0, 1, 1, 1, 1, 0, 0, 1, 1, 1, 1, 0, 0, 1, 1, 0, 1, 1, 1]]
Fitness:  9835.725983803239
Gens:  [0, 1, 2, 3, 4, 5, 6, 7, 8, 9, 10, 11, 12, 13, 14, 15, 16, 17, 18, 19, 20, 21, 22, 23, 24, 25, 26, 27, 28, 29, 30]
Inds:  [10003.59348380324, 9964.870983803236, 9980.80848380324, 9945.438483803237, 9955.553483803245, 9932.185983803245, 9919.36348380324, 9913.353483803248, 9871.510983803235, 9880.593483803237, 9880.593483803237, 9880.593483803237, 9895.71348380323, 9876.040983803237, 9861.300983803236, 9861.300983803236, 9859.513483803246, 9861.300983803236, 9861.300983803236, 9835.725983803239, 9863.420983803246, 9856.553483803245, 9892.440983803244, 9890.760983803239, 9875.745983803243, 9887.785983803235, 9880.85098380325, 9878.71348380324, 9878.71348380324, 9866.475983803237, 9874.380983803236]

