GA: poly3a_pack

Execução 1:
Parametros: Pop=5000, CXPB=0.75, MUTPB=0.15, Parada=100
Tempo de Inicio (hh:mm:ss.ms) 2026-04-28 14:10:01.673738
gen	min    	max   	avg    	std    
0  	7070.15	7349.1	7207.64	38.9563
1  	7056.7 	7319.08	7188.14	36.5192
17 	7009.18	7311.48	7143.99	49.0267
Tempo de Termino (hh:mm:ss.ms) 2026-04-28 14:11:00.856069
Tempo Total (hh:mm:ss.ms) 0:00:59.182331
Individuo: [[7, 115, 42, 36, 98, 160, 149, 89, 148, 172, 134, 52, 35, 133, 183, 74, 121, 45, 77, 103, 5, 116, 164, 168, 206, 190, 107, 185, 205, 139, 44, 128, 166, 120, 39, 23, 106, 24, 123, 104, 187, 196, 4, 132, 66, 49, 19, 118, 83, 147, 57, 75, 8, 91, 146, 194, 210, 43, 114, 174, 176, 136, 109, 68, 69, 37, 20, 18, 15, 17, 29, 82, 157, 184, 84, 97, 203, 175, 180, 32, 70, 108, 170, 191, 202, 198, 173, 158, 207, 113, 73, 21, 51, 156, 135, 189, 167, 197, 201, 154, 199, 161, 129, 0, 117, 87, 41, 142, 102, 81, 130, 165, 90, 85, 208, 94, 110, 144, 122, 2, 3, 10, 64, 152, 71, 30, 79, 188, 182, 155, 25, 12, 145, 163, 86, 16, 65, 151, 153, 13, 137, 48, 72, 209, 34, 177, 1, 99, 101, 162, 171, 141, 96, 93, 127, 53, 186, 59, 60, 178, 159, 119, 88, 124, 27, 111, 22, 200, 80, 28, 112, 126, 78, 140, 143, 193, 54, 92, 204, 40, 31, 38, 11, 95, 169, 181, 131, 33, 195, 192, 14, 138, 6, 67, 179, 76, 58, 50, 100, 125, 150, 63, 47, 55, 61, 46, 9, 26, 62, 56, 105], [1, 0, 0, 1, 0, 1, 0, 0, 1, 0, 0, 0, 1, 1, 1, 0, 1, 1, 0, 1, 1, 0, 1, 1, 0, 1, 1, 1, 1, 1, 1, 1, 0, 1, 0, 0, 1, 1, 0, 1, 1, 1, 0, 0, 0, 0, 0, 1, 0, 0, 1, 0, 1, 1, 0, 1, 1, 1, 1, 1, 0, 0, 0, 1, 0, 0, 0, 1, 1, 1, 0, 0, 1, 1, 1, 0, 0, 0, 1, 1, 0, 1, 0, 1, 1, 1, 1, 1, 1, 1, 0, 1, 0, 0, 0, 0, 0, 0, 1, 1, 1, 0, 0, 0, 1, 1, 1, 1, 0, 1, 0, 0, 0, 1, 0, 0, 0, 0, 1, 1, 1, 1, 0, 0, 0, 0, 1, 0, 0, 1, 1, 0, 0, 0, 0, 0, 0, 1, 0, 0, 0, 1, 1, 1, 1, 1, 0, 0, 0, 0, 0, 0, 0, 1, 1, 1, 1, 1, 1, 1, 1, 1, 1, 1, 1, 1, 1, 1, 0, 1, 1, 0, 1, 1, 0, 0, 1, 1, 1, 0, 1, 0, 0, 0, 1, 0, 1, 1, 1, 0, 0, 1, 0, 0, 0, 1, 0, 1, 0, 0, 0, 1, 1, 1, 1, 0, 0, 1, 0, 0, 1]]
Fitness:  7007.358237852429
Gens:  [0, 1, 2, 3, 4, 5, 6, 7, 8, 9, 10, 11, 12, 13, 14, 15, 16, 17]
Inds:  [7070.153237852427, 7056.695737852431, 7055.4382378524315, 7046.410737852427, 7043.13573785243, 7014.028237852431, 7007.358237852429, 7007.358237852429, 7007.358237852429, 7015.885737852432, 7008.128237852427, 7008.128237852427, 7020.18323785243, 7018.71323785243, 7020.18323785243, 7015.445737852427, 7014.7157378524325, 7009.178237852433]

