GA: poly4b_pack

Execução 1:
Parametros: Pop=5000, CXPB=0.75, MUTPB=0.15, Parada=100
Tempo de Inicio (hh:mm:ss.ms) 2026-04-28 14:11:25.397315
gen	min    	max    	avg    	std     
0  	96.3976	100.505	98.4939	0.595059
1  	95.9226	100.413	98.179 	0.554358
13 	95.5276	100.29 	97.5232	0.742719
Tempo de Termino (hh:mm:ss.ms) 2026-04-28 14:12:32.292628
Tempo Total (hh:mm:ss.ms) 0:01:06.895313
Individuo: [[205, 12, 27, 31, 181, 206, 203, 276, 35, 126, 251, 236, 46, 196, 283, 141, 16, 85, 78, 263, 258, 261, 213, 269, 156, 36, 94, 139, 142, 76, 237, 210, 45, 106, 235, 162, 268, 227, 153, 209, 90, 163, 200, 81, 201, 239, 136, 157, 26, 180, 28, 53, 54, 15, 95, 208, 170, 214, 231, 257, 289, 99, 32, 226, 98, 84, 77, 147, 191, 64, 272, 18, 61, 178, 175, 65, 7, 204, 286, 244, 292, 262, 279, 110, 171, 184, 148, 199, 102, 270, 39, 119, 140, 20, 50, 68, 113, 74, 128, 299, 217, 51, 111, 293, 29, 188, 234, 300, 275, 212, 56, 10, 9, 11, 242, 0, 259, 246, 69, 5, 66, 252, 297, 284, 149, 288, 248, 194, 247, 80, 186, 182, 63, 93, 13, 253, 43, 267, 241, 87, 101, 169, 155, 131, 96, 83, 287, 185, 177, 240, 146, 118, 211, 225, 152, 216, 164, 47, 107, 52, 271, 172, 114, 129, 124, 104, 220, 301, 273, 274, 202, 58, 100, 120, 144, 115, 112, 151, 88, 75, 255, 285, 290, 121, 123, 133, 215, 25, 117, 143, 71, 41, 17, 67, 37, 42, 24, 108, 150, 48, 30, 264, 165, 198, 33, 223, 57, 6, 4, 132, 245, 116, 73, 109, 38, 79, 92, 91, 190, 298, 250, 243, 183, 179, 40, 34, 130, 70, 256, 173, 134, 195, 222, 294, 8, 19, 277, 145, 291, 228, 232, 161, 82, 302, 230, 168, 278, 189, 86, 59, 207, 89, 249, 176, 266, 23, 105, 265, 122, 233, 193, 238, 1, 72, 295, 3, 260, 280, 103, 55, 282, 281, 174, 44, 160, 192, 166, 254, 219, 229, 62, 138, 158, 135, 127, 197, 137, 154, 159, 97, 218, 296, 14, 221, 224, 2, 125, 21, 22, 167, 187, 60, 49], [0, 0, 1, 0, 0, 0, 0, 0, 0, 1, 1, 0, 1, 1, 0, 0, 1, 1, 1, 0, 1, 1, 0, 0, 0, 1, 0, 1, 1, 1, 0, 1, 1, 1, 1, 0, 1, 0, 0, 0, 1, 0, 0, 1, 1, 0, 0, 1, 0, 1, 0, 0, 1, 1, 0, 0, 1, 0, 0, 1, 0, 1, 0, 1, 1, 1, 1, 0, 1, 1, 0, 1, 1, 1, 1, 0, 1, 0, 1, 1, 0, 0, 0, 1, 0, 0, 1, 1, 0, 1, 1, 0, 1, 1, 0, 0, 0, 1, 0, 0, 1, 1, 0, 0, 1, 0, 1, 0, 0, 1, 0, 1, 0, 0, 1, 1, 0, 1, 1, 1, 1, 0, 1, 1, 0, 0, 0, 0, 0, 0, 1, 1, 1, 1, 1, 0, 0, 1, 1, 1, 0, 1, 1, 1, 0, 0, 1, 1, 1, 1, 1, 0, 1, 0, 1, 1, 1, 0, 0, 0, 1, 1, 1, 0, 0, 1, 0, 0, 0, 1, 1, 0, 1, 1, 1, 1, 0, 0, 0, 1, 0, 0, 1, 0, 1, 1, 1, 0, 1, 1, 1, 0, 0, 0, 1, 1, 1, 1, 1, 1, 1, 1, 1, 0, 0, 1, 1, 1, 1, 0, 0, 1, 0, 0, 1, 0, 0, 0, 0, 1, 0, 0, 0, 1, 1, 0, 0, 0, 1, 0, 0, 0, 1, 0, 0, 1, 1, 0, 1, 1, 1, 1, 1, 1, 0, 1, 0, 0, 0, 1, 1, 1, 0, 0, 1, 0, 1, 0, 0, 1, 1, 1, 1, 1, 0, 1, 1, 0, 0, 1, 1, 0, 0, 1, 1, 1, 1, 0, 0, 0, 0, 1, 0, 0, 0, 0, 0, 1, 0, 0, 1, 0, 0, 0, 1, 0, 1, 1, 0, 1, 0, 1, 0]]
Fitness:  95.26512297540492
Gens:  [0, 1, 2, 3, 4, 5, 6, 7, 8, 9, 10, 11, 12, 13]
Inds:  [96.39762297540494, 95.92262297540488, 95.26512297540492, 95.26512297540492, 95.70512297540489, 95.70512297540489, 95.70512297540489, 95.59512297540492, 95.59512297540492, 95.58512297540493, 95.48512297540489, 95.43512297540488, 95.52762297540491, 95.52762297540491]

