GA: poly4a_mod_pack

Execução 1:
Parametros: Pop=5000, CXPB=0.75, MUTPB=0.15, Parada=100
Tempo de Inicio (hh:mm:ss.ms) 2026-04-28 14:11:05.018703
gen	min    	max    	avg    	std    
0  	11535.7	12100.2	11816.1	85.2953
1  	11496  	12116.2	11772.2	80.9844
39 	11299.7	12023.6	11656.4	115.449
Tempo de Termino (hh:mm:ss.ms) 2026-04-28 14:15:36.967041
Tempo Total (hh:mm:ss.ms) 0:04:31.948338
Individuo: [[224, 187, 76, 152, 16, 37, 194, 294, 360, 252, 198, 234, 350, 106, 161, 10, 354, 91, 108, 223, 273, 403, 378, 162, 404, 266, 154, 227, 284, 388, 419, 341, 117, 242, 276, 235, 93, 319, 18, 295, 226, 53, 193, 239, 356, 19, 23, 201, 104, 110, 314, 259, 49, 279, 349, 143, 147, 141, 256, 167, 102, 328, 325, 160, 287, 107, 105, 131, 79, 238, 280, 398, 320, 394, 30, 163, 379, 67, 245, 369, 56, 232, 318, 90, 7, 395, 329, 393, 405, 343, 155, 99, 31, 151, 118, 212, 255, 340, 100, 233, 33, 268, 135, 29, 121, 409, 415, 384, 4, 390, 408, 275, 337, 237, 387, 310, 386, 166, 274, 97, 65, 244, 410, 257, 327, 150, 236, 289, 204, 412, 362, 286, 142, 48, 382, 373, 216, 291, 169, 372, 215, 355, 15, 241, 342, 188, 303, 112, 74, 249, 261, 206, 26, 247, 406, 426, 267, 265, 331, 132, 114, 170, 113, 126, 111, 94, 359, 6, 8, 83, 213, 317, 366, 225, 389, 301, 344, 179, 374, 330, 305, 220, 21, 42, 297, 391, 87, 92, 377, 148, 230, 164, 358, 264, 55, 11, 133, 324, 138, 365, 9, 68, 251, 73, 203, 82, 43, 338, 159, 209, 64, 38, 174, 109, 283, 292, 171, 293, 173, 367, 423, 315, 352, 248, 217, 181, 185, 250, 98, 39, 345, 402, 407, 420, 136, 145, 139, 40, 175, 45, 46, 353, 13, 17, 71, 172, 326, 214, 120, 189, 130, 192, 44, 69, 421, 182, 119, 59, 157, 34, 218, 36, 28, 221, 271, 66, 368, 272, 253, 176, 115, 22, 12, 5, 70, 72, 78, 180, 80, 296, 228, 285, 231, 396, 207, 183, 278, 357, 184, 211, 418, 333, 397, 380, 146, 336, 75, 122, 0, 168, 269, 58, 334, 134, 309, 101, 277, 196, 96, 89, 186, 116, 304, 427, 311, 191, 263, 302, 149, 156, 290, 383, 52, 200, 128, 262, 208, 129, 61, 32, 24, 2, 422, 414, 381, 27, 57, 60, 144, 62, 399, 246, 351, 288, 413, 177, 332, 281, 371, 392, 376, 299, 178, 81, 197, 229, 348, 411, 417, 77, 306, 260, 95, 1, 254, 416, 103, 307, 199, 47, 51, 375, 282, 190, 401, 339, 370, 346, 316, 322, 54, 50, 14, 258, 385, 219, 86, 364, 298, 312, 127, 300, 205, 124, 323, 158, 202, 222, 347, 195, 240, 321, 3, 63, 210, 363, 270, 41, 25, 308, 123, 20, 361, 400, 243, 313, 140, 425, 424, 153, 165, 88, 125, 137, 84, 35, 85, 335], [1, 0, 0, 0, 0, 1, 1, 0, 1, 1, 1, 0, 1, 0, 0, 1, 0, 0, 1, 1, 0, 0, 0, 1, 0, 1, 0, 1, 1, 0, 0, 1, 1, 0, 1, 1, 0, 0, 1, 0, 0, 0, 0, 1, 0, 1, 0, 1, 1, 0, 1, 0, 1, 1, 0, 0, 1, 0, 1, 0, 0, 1, 0, 1, 0, 1, 1, 0, 1, 0, 0, 0, 0, 1, 1, 0, 1, 0, 1, 0, 1, 1, 1, 0, 0, 1, 0, 1, 0, 1, 1, 0, 1, 0, 1, 1, 1, 1, 1, 0, 1, 1, 0, 1, 1, 1, 1, 1, 0, 0, 1, 1, 1, 0, 1, 0, 0, 0, 1, 1, 0, 0, 0, 0, 1, 0, 1, 0, 0, 0, 0, 1, 1, 1, 1, 0, 1, 0, 0, 1, 1, 1, 0, 1, 1, 0, 0, 0, 1, 1, 1, 0, 1, 1, 1, 1, 1, 1, 0, 0, 0, 1, 0, 0, 1, 1, 1, 0, 0, 1, 0, 1, 1, 0, 1, 1, 1, 1, 1, 1, 0, 0, 1, 0, 0, 0, 0, 1, 1, 0, 0, 1, 0, 1, 0, 1, 1, 1, 1, 1, 0, 0, 1, 1, 1, 1, 0, 0, 1, 0, 1, 1, 0, 0, 1, 0, 0, 1, 1, 0, 0, 1, 1, 0, 1, 0, 1, 1, 1, 0, 0, 1, 0, 0, 0, 0, 1, 0, 0, 1, 0, 1, 1, 0, 0, 0, 0, 1, 1, 0, 1, 1, 1, 0, 0, 0, 1, 0, 0, 1, 1, 0, 0, 0, 0, 1, 0, 0, 1, 0, 1, 0, 1, 0, 0, 0, 0, 1, 0, 0, 1, 1, 0, 1, 0, 0, 1, 0, 1, 1, 0, 1, 0, 0, 0, 1, 1, 1, 0, 0, 0, 0, 0, 1, 0, 0, 0, 0, 0, 0, 0, 1, 1, 1, 1, 1, 0, 0, 1, 1, 0, 0, 0, 1, 0, 0, 0, 1, 1, 1, 0, 0, 0, 0, 0, 0, 1, 1, 0, 0, 1, 1, 1, 1, 1, 1, 1, 1, 0, 1, 1, 1, 1, 0, 0, 0, 1, 0, 1, 1, 0, 1, 1, 0, 0, 0, 0, 0, 1, 1, 0, 1, 0, 0, 1, 1, 1, 1, 0, 0, 1, 0, 0, 0, 0, 0, 1, 1, 1, 1, 0, 0, 0, 0, 1, 1, 1, 1, 1, 0, 0, 0, 1, 0, 0, 0, 1, 1, 1, 0, 0, 0, 1, 0, 0, 1, 1, 0, 1, 0, 1, 0, 1, 1, 0, 1, 0, 0]]
Fitness:  11288.07798368962
Gens:  [0, 1, 2, 3, 4, 5, 6, 7, 8, 9, 10, 11, 12, 13, 14, 15, 16, 17, 18, 19, 20, 21, 22, 23, 24, 25, 26, 27, 28, 29, 30, 31, 32, 33, 34, 35, 36, 37, 38, 39]
Inds:  [11535.74713533224, 11496.001694218088, 11487.355928349656, 11484.37490639528, 11411.571715782566, 11411.571715782566, 11411.934749102043, 11424.662547677033, 11423.190500181992, 11404.395415476702, 11373.715085780053, 11379.565876984638, 11369.148759436604, 11379.34196428636, 11377.196918892992, 11356.092720377073, 11356.092720377073, 11356.092720377073, 11369.14718526709, 11351.266415119557, 11341.167552292038, 11341.167552292038, 11341.167552292038, 11341.167552292038, 11341.167552292038, 11305.646027757322, 11305.646027757322, 11305.646027757322, 11288.07798368962, 11288.07798368962, 11330.47802643709, 11322.173208638933, 11322.173208638933, 11330.47802643709, 11330.47802643709, 11329.451226578401, 11325.563721100429, 11294.771296031602, 11299.688984486238, 11299.688984486238]

