GA: poly2b_sep

Execução 1:
Parametros: Pop=5000, CXPB=0.75, MUTPB=0.15, Parada=100
Tempo de Inicio (hh:mm:ss.ms) 2026-04-28 14:09:44.173793
gen	min    	max    	avg    	std     
0  	48.7843	50.9093	49.8423	0.311144
1  	48.6493	50.9118	49.6866	0.297348
37 	48.1518	50.7443	49.2698	0.419984
Tempo de Termino (hh:mm:ss.ms) 2026-04-28 14:11:13.716216
Tempo Total (hh:mm:ss.ms) 0:01:29.542423
Individuo: [[46, 38, 21, 58, 55, 84, 28, 61, 26, 12, 14, 47, 50, 83, 125, 70, 95, 27, 78, 148, 127, 124, 98, 19, 57, 120, 121, 43, 37, 13, 34, 49, 80, 53, 91, 89, 96, 68, 79, 40, 117, 131, 6, 9, 146, 76, 97, 71, 67, 114, 86, 20, 54, 75, 65, 113, 126, 142, 109, 116, 133, 111, 135, 82, 108, 118, 8, 44, 69, 149, 87, 143, 106, 74, 33, 107, 60, 17, 0, 41, 139, 132, 72, 100, 16, 22, 24, 59, 90, 93, 115, 85, 18, 10, 112, 25, 64, 66, 5, 15, 81, 48, 128, 123, 145, 147, 56, 129, 144, 140, 141, 77, 23, 32, 31, 35, 11, 52, 137, 30, 42, 88, 110, 45, 63, 94, 119, 62, 102, 92, 51, 99, 138, 3, 39, 73, 105, 130, 122, 104, 29, 134, 36, 101, 103, 1, 136, 7, 4, 2], [0, 0, 1, 0, 0, 0, 0, 1, 0, 0, 0, 1, 1, 1, 1, 0, 1, 1, 0, 1, 0, 0, 1, 1, 1, 1, 0, 1, 0, 1, 1, 0, 1, 1, 1, 0, 1, 1, 0, 1, 1, 0, 1, 1, 1, 0, 1, 1, 0, 0, 1, 0, 1, 0, 0, 0, 1, 1, 0, 0, 0, 1, 0, 0, 1, 1, 1, 1, 0, 0, 1, 1, 0, 0, 1, 1, 0, 0, 0, 1, 0, 0, 1, 1, 1, 1, 0, 0, 1, 0, 1, 0, 0, 1, 1, 0, 1, 1, 0, 0, 1, 1, 1, 1, 0, 0, 1, 0, 1, 0, 0, 1, 1, 1, 1, 0, 0, 0, 1, 0, 0, 1, 0, 1, 0, 0, 1, 1, 1, 1, 1, 1, 1, 1, 0, 0, 1, 1, 0, 0, 1, 1, 1, 0, 1, 1, 0, 1, 0, 0]]
Fitness:  48.084329634073214
Gens:  [0, 1, 2, 3, 4, 5, 6, 7, 8, 9, 10, 11, 12, 13, 14, 15, 16, 17, 18, 19, 20, 21, 22, 23, 24, 25, 26, 27, 28, 29, 30, 31, 32, 33, 34, 35, 36, 37]
Inds:  [48.784329634073146, 48.6493296340732, 48.509329634073175, 48.34182963407317, 48.509329634073175, 48.34432963407317, 48.254329634073166, 48.254329634073166, 48.41682963407318, 48.35682963407318, 48.37182963407315, 48.23682963407319, 48.13182963407318, 48.30932963407318, 48.25182963407319, 48.22682963407318, 48.22682963407318, 48.13182963407319, 48.20432963407319, 48.10932963407319, 48.10932963407319, 48.24932963407316, 48.24932963407316, 48.19432963407321, 48.16682963407318, 48.1518296340732, 48.084329634073214, 48.16682963407318, 48.15682963407317, 48.17932963407319, 48.09682963407318, 48.17932963407317, 48.216829634073186, 48.29182963407319, 48.086829634073155, 48.11182963407319, 48.11182963407319, 48.151829634073145]

