GA: poly2a_pack

Execução 1:
Parametros: Pop=5000, CXPB=0.75, MUTPB=0.15, Parada=100
Tempo de Inicio (hh:mm:ss.ms) 2026-04-28 14:09:11.254916
gen	min   	max    	avg    	std    
0  	4564.1	4744.33	4656.23	26.2513
1  	4541.62	4733.34	4642.66	25.1945
28 	4514.84	4713.56	4606.95	35.1491
Tempo de Termino (hh:mm:ss.ms) 2026-04-28 14:10:16.620969
Tempo Total (hh:mm:ss.ms) 0:01:05.366053
Individuo: [[56, 62, 80, 83, 7, 2, 64, 23, 11, 21, 26, 115, 122, 118, 127, 53, 129, 130, 94, 1, 12, 29, 31, 28, 13, 88, 105, 85, 37, 33, 52, 45, 116, 87, 17, 8, 6, 32, 30, 79, 102, 121, 97, 71, 134, 133, 140, 124, 93, 19, 48, 22, 65, 42, 3, 4, 36, 27, 112, 5, 63, 9, 35, 70, 104, 81, 41, 110, 132, 34, 82, 106, 137, 57, 84, 108, 75, 59, 74, 51, 54, 114, 117, 68, 10, 60, 40, 43, 15, 125, 139, 0, 24, 14, 76, 16, 69, 119, 44, 20, 136, 50, 49, 46, 91, 89, 92, 95, 58, 61, 98, 47, 120, 126, 25, 103, 77, 78, 100, 38, 113, 18, 39, 138, 111, 67, 107, 128, 131, 73, 72, 55, 109, 99, 96, 66, 90, 86, 135, 123, 101], [1, 0, 1, 1, 0, 0, 0, 0, 1, 1, 0, 1, 0, 1, 1, 1, 1, 1, 0, 0, 1, 0, 0, 0, 1, 0, 0, 0, 0, 0, 1, 1, 0, 0, 1, 1, 0, 0, 0, 1, 1, 1, 0, 1, 1, 1, 1, 1, 0, 1, 0, 1, 0, 1, 1, 1, 1, 1, 1, 0, 1, 0, 0, 0, 0, 1, 0, 1, 0, 1, 0, 0, 0, 0, 0, 1, 0, 1, 0, 0, 0, 0, 0, 1, 0, 1, 0, 0, 0, 1, 1, 1, 0, 1, 1, 1, 1, 0, 1, 1, 0, 1, 1, 1, 0, 1, 1, 0, 1, 0, 0, 0, 1, 0, 1, 0, 1, 0, 0, 1, 1, 1, 0, 0, 0, 1, 0, 0, 0, 0, 0, 1, 0, 0, 0, 0, 0, 0, 0, 0, 1]]
Fitness:  4484.097991901621
Gens:  [0, 1, 2, 3, 4, 5, 6, 7, 8, 9, 10, 11, 12, 13, 14, 15, 16, 17, 18, 19, 20, 21, 22, 23, 24, 25, 26, 27, 28]
Inds:  [4564.102991901619, 4541.620491901619, 4541.620491901619, 4538.6279919016215, 4534.122991901621, 4528.852991901622, 4537.35799190162, 4504.3729919016205, 4537.09799190162, 4527.660491901619, 4526.82799190162, 4520.855491901619, 4516.12549190162, 4506.590491901622, 4497.622991901621, 4497.622991901621, 4519.85549190162, 4484.097991901621, 4484.097991901621, 4484.097991901621, 4486.077991901621, 4486.077991901621, 4486.077991901621, 4514.097991901621, 4510.835491901622, 4513.945491901618, 4512.872991901621, 4515.127991901621, 4514.842991901622]

