GA: poly5a_pack

Execução 1:
Parametros: Pop=5000, CXPB=0.75, MUTPB=0.15, Parada=100
Tempo de Inicio (hh:mm:ss.ms) 2026-04-28 14:12:13.182590
gen	min    	max    	avg  	std    
0  	12621.4	13094.5	12858	69.4033
1  	12615.5	13067.4	12822.6	65.9551
31 	12465.8	13024.2	12732  	91.7676
Tempo de Termino (hh:mm:ss.ms) 2026-04-28 14:15:08.684601
Tempo Total (hh:mm:ss.ms) 0:02:55.502011
Individuo: [[86, 189, 311, 290, 259, 170, 64, 195, 198, 322, 248, 319, 184, 297, 100, 286, 317, 140, 87, 213, 26, 70, 260, 143, 315, 308, 264, 20, 19, 103, 42, 91, 55, 244, 73, 234, 347, 348, 233, 8, 90, 7, 265, 150, 115, 69, 0, 210, 201, 336, 334, 149, 181, 117, 305, 45, 225, 175, 283, 224, 339, 302, 68, 104, 23, 139, 112, 16, 226, 157, 145, 309, 345, 243, 219, 141, 29, 194, 9, 200, 307, 342, 186, 287, 89, 128, 214, 293, 120, 37, 177, 276, 164, 333, 277, 66, 121, 183, 12, 241, 13, 171, 1, 125, 250, 31, 62, 180, 136, 272, 331, 235, 107, 172, 303, 292, 185, 289, 324, 247, 208, 301, 343, 44, 18, 163, 330, 320, 282, 142, 111, 49, 40, 94, 314, 337, 133, 113, 349, 63, 313, 114, 39, 327, 36, 41, 10, 15, 294, 101, 202, 209, 106, 281, 53, 22, 146, 124, 43, 197, 97, 251, 256, 78, 217, 329, 326, 299, 61, 178, 296, 92, 144, 275, 215, 254, 223, 158, 155, 228, 148, 205, 137, 174, 156, 271, 312, 162, 119, 5, 95, 203, 288, 17, 34, 72, 255, 268, 306, 83, 108, 232, 236, 161, 109, 190, 338, 96, 4, 59, 85, 266, 245, 263, 168, 2, 3, 231, 193, 126, 239, 300, 60, 279, 323, 129, 167, 6, 204, 295, 285, 74, 176, 50, 230, 304, 328, 188, 134, 11, 47, 75, 38, 212, 207, 58, 81, 14, 84, 332, 153, 71, 79, 154, 262, 52, 135, 321, 257, 152, 173, 132, 131, 118, 222, 274, 278, 27, 93, 116, 33, 138, 28, 102, 110, 191, 123, 65, 99, 56, 199, 127, 267, 67, 25, 105, 192, 211, 182, 291, 261, 242, 240, 187, 273, 229, 196, 237, 218, 30, 77, 206, 249, 252, 46, 51, 48, 258, 80, 82, 88, 221, 253, 166, 21, 57, 238, 160, 227, 269, 220, 179, 76, 216, 298, 325, 54, 130, 35, 122, 318, 165, 151, 159, 346, 147, 169, 246, 316, 340, 270, 341, 280, 284, 335, 98, 32, 24, 310, 344], [1, 0, 0, 0, 1, 1, 1, 0, 1, 0, 0, 0, 0, 1, 1, 0, 0, 0, 0, 1, 0, 0, 0, 0, 0, 0, 0, 0, 0, 1, 0, 0, 0, 0, 1, 0, 0, 0, 0, 1, 1, 0, 1, 1, 0, 1, 0, 0, 1, 1, 1, 1, 0, 0, 0, 1, 1, 1, 1, 1, 1, 0, 0, 0, 0, 0, 0, 0, 0, 1, 1, 0, 1, 1, 1, 0, 1, 1, 0, 1, 0, 1, 1, 0, 0, 0, 0, 1, 0, 1, 1, 1, 0, 1, 0, 1, 0, 1, 1, 0, 0, 0, 0, 1, 0, 0, 0, 1, 0, 0, 1, 0, 1, 0, 0, 1, 1, 0, 0, 1, 1, 1, 0, 0, 0, 0, 1, 1, 0, 0, 0, 1, 0, 0, 1, 0, 0, 0, 1, 0, 0, 0, 1, 0, 0, 0, 0, 1, 1, 1, 1, 1, 0, 1, 0, 1, 0, 1, 1, 1, 0, 1, 1, 0, 0, 1, 0, 1, 0, 0, 0, 0, 1, 0, 1, 1, 0, 1, 1, 1, 1, 0, 0, 0, 1, 0, 1, 1, 0, 0, 0, 1, 1, 1, 0, 1, 0, 1, 0, 1, 0, 0, 1, 1, 1, 0, 0, 1, 0, 1, 0, 1, 0, 1, 0, 1, 0, 0, 1, 1, 0, 1, 1, 0, 1, 0, 0, 1, 0, 1, 0, 0, 1, 1, 0, 0, 1, 0, 0, 0, 1, 1, 1, 0, 1, 0, 0, 0, 1, 0, 1, 1, 1, 0, 0, 0, 1, 1, 0, 0, 1, 1, 0, 1, 0, 1, 1, 1, 0, 0, 0, 0, 1, 0, 1, 1, 0, 0, 0, 0, 0, 0, 0, 0, 0, 0, 0, 1, 0, 1, 1, 1, 1, 1, 0, 1, 0, 1, 1, 0, 0, 0, 0, 0, 1, 0, 1, 1, 0, 0, 0, 0, 0, 1, 0, 1, 0, 0, 0, 1, 0, 1, 1, 1, 1, 0, 1, 0, 1, 0, 0, 0, 0, 0, 0, 1, 1, 0, 0, 1, 1, 0, 1, 1, 1, 0, 0, 1, 0, 1]]
Fitness:  12422.873729754041
Gens:  [0, 1, 2, 3, 4, 5, 6, 7, 8, 9, 10, 11, 12, 13, 14, 15, 16, 17, 18, 19, 20, 21, 22, 23, 24, 25, 26, 27, 28, 29, 30, 31]
Inds:  [12621.441229754062, 12615.513729754059, 12598.748729754057, 12569.286229754054, 12579.203729754037, 12557.416229754057, 12539.333729754057, 12539.333729754057, 12550.33372975406, 12534.296229754047, 12521.698729754045, 12482.796229754045, 12510.698729754045, 12506.14622975404, 12494.86872975405, 12494.86872975405, 12462.841229754045, 12462.393729754056, 12462.393729754056, 12462.393729754056, 12422.873729754041, 12462.393729754056, 12462.841229754045, 12473.881229754057, 12473.881229754057, 12468.601229754062, 12468.601229754062, 12452.37622975406, 12454.056229754055, 12454.056229754055, 12465.798729754051, 12465.798729754051]

