GA: shapes0_mod_pack

Execução 1:
Parametros: Pop=5000, CXPB=0.75, MUTPB=0.15, Parada=100
Tempo de Inicio (hh:mm:ss.ms) 2026-04-28 14:12:51.402245
gen	min    	max    	avg    	std     
0  	121.474	127.392	124.463	0.821975
1  	121.217	126.779	124.051	0.768371
24 	120.361	127.331	123.06 	1.05524 
Tempo de Termino (hh:mm:ss.ms) 2026-04-28 14:14:47.560283
Tempo Total (hh:mm:ss.ms) 0:01:56.158038
Individuo: [[130, 80, 211, 166, 169, 33, 0, 278, 210, 200, 157, 208, 240, 247, 253, 244, 95, 225, 71, 239, 252, 212, 213, 36, 209, 226, 126, 9, 112, 96, 219, 227, 117, 110, 230, 120, 94, 16, 25, 8, 254, 274, 290, 74, 69, 154, 222, 294, 295, 38, 139, 42, 235, 275, 269, 195, 78, 61, 133, 93, 145, 50, 6, 149, 251, 19, 116, 281, 161, 3, 47, 81, 217, 77, 100, 286, 24, 31, 11, 223, 216, 2, 89, 192, 52, 109, 87, 261, 297, 119, 174, 99, 160, 246, 202, 105, 218, 131, 144, 55, 49, 40, 44, 30, 158, 143, 64, 242, 53, 35, 256, 178, 231, 288, 270, 257, 171, 142, 249, 233, 262, 121, 48, 46, 185, 124, 41, 67, 58, 123, 107, 148, 190, 7, 73, 115, 72, 106, 29, 104, 197, 284, 108, 215, 57, 237, 159, 271, 285, 132, 273, 224, 266, 164, 177, 18, 162, 102, 135, 250, 17, 43, 90, 173, 245, 194, 165, 26, 13, 113, 183, 296, 138, 125, 221, 127, 60, 236, 241, 229, 291, 260, 82, 259, 206, 280, 184, 27, 146, 199, 292, 289, 293, 198, 155, 98, 122, 34, 70, 83, 232, 163, 234, 265, 264, 220, 76, 243, 28, 204, 141, 22, 151, 267, 207, 10, 114, 152, 12, 134, 59, 282, 97, 65, 205, 140, 172, 170, 276, 153, 180, 20, 168, 137, 263, 118, 255, 187, 23, 45, 14, 66, 196, 283, 248, 21, 32, 63, 86, 181, 147, 186, 111, 51, 54, 188, 129, 75, 136, 238, 228, 189, 156, 268, 1, 5, 4, 15, 128, 101, 272, 79, 182, 277, 56, 88, 37, 176, 214, 175, 258, 103, 150, 203, 287, 201, 68, 179, 91, 62, 167, 193, 191, 92, 39, 84, 279, 85], [1, 0, 1, 0, 0, 0, 0, 1, 1, 0, 0, 0, 1, 0, 1, 0, 0, 0, 0, 0, 1, 0, 1, 1, 1, 0, 1, 1, 1, 1, 0, 1, 0, 0, 0, 0, 0, 0, 1, 1, 1, 0, 0, 1, 1, 1, 1, 1, 0, 0, 1, 1, 1, 1, 0, 0, 0, 0, 1, 0, 0, 1, 1, 1, 0, 0, 1, 0, 0, 0, 1, 1, 0, 0, 1, 1, 1, 1, 1, 0, 0, 0, 0, 1, 1, 1, 0, 0, 0, 1, 0, 0, 0, 0, 1, 1, 1, 1, 0, 0, 1, 0, 1, 1, 0, 0, 1, 0, 0, 1, 1, 1, 1, 0, 1, 1, 0, 1, 1, 0, 1, 0, 0, 0, 0, 0, 1, 0, 1, 1, 1, 1, 0, 1, 1, 0, 1, 0, 1, 0, 0, 0, 0, 1, 0, 1, 0, 1, 1, 1, 0, 1, 0, 1, 1, 1, 0, 0, 0, 1, 0, 0, 0, 0, 1, 0, 1, 1, 0, 0, 1, 1, 0, 0, 1, 1, 0, 0, 1, 0, 0, 1, 0, 0, 0, 0, 1, 0, 1, 1, 0, 0, 1, 1, 0, 0, 1, 0, 1, 1, 0, 0, 0, 0, 0, 1, 0, 0, 0, 1, 0, 0, 0, 0, 1, 0, 0, 1, 0, 0, 1, 0, 1, 1, 0, 1, 0, 0, 0, 1, 0, 0, 0, 1, 0, 1, 1, 1, 0, 1, 0, 0, 0, 0, 1, 0, 0, 0, 1, 0, 1, 1, 1, 1, 1, 1, 1, 0, 1, 1, 0, 0, 0, 1, 0, 0, 0, 0, 0, 0, 0, 0, 0, 0, 1, 0, 1, 1, 1, 0, 0, 1, 1, 1, 1, 0, 1, 1, 1, 0, 0, 0, 0, 0, 1, 0, 0, 0]]
Fitness:  120.12340882455571
Gens:  [0, 1, 2, 3, 4, 5, 6, 7, 8, 9, 10, 11, 12, 13, 14, 15, 16, 17, 18, 19, 20, 21, 22, 23, 24]
Inds:  [121.47396162362108, 121.21722127068946, 120.83673240721122, 120.63451048987781, 120.63451048987781, 120.63451048987781, 120.76932960612281, 120.7361572170296, 120.51654998656846, 120.51654998656846, 120.42844473774012, 120.7170747919491, 120.63598284307393, 120.12340882455571, 120.35446995087234, 120.16943834651042, 120.1445755120388, 120.18434547105657, 120.40542180531266, 120.50609979680281, 120.4921787240613, 120.26688350757682, 120.32684259668699, 120.15002335126321, 120.36125962700406]

