GA: shapes1_sep

Execução 1:
Parametros: Pop=5000, CXPB=0.75, MUTPB=0.15, Parada=100
Tempo de Inicio (hh:mm:ss.ms) 2026-04-28 14:15:11.382408
gen	min    	max    	avg    	std     
0  	117.318	122.623	120.114	0.714909
1  	117.25 	122.023	119.74 	0.666889
16 	116.245	122.113	118.921	0.899097
Tempo de Termino (hh:mm:ss.ms) 2026-04-28 14:17:01.018344
Tempo Total (hh:mm:ss.ms) 0:01:49.635936
Individuo: [[270, 351, 254, 10, 6, 69, 106, 96, 265, 239, 391, 334, 94, 178, 388, 206, 188, 150, 205, 377, 8, 153, 363, 345, 259, 320, 302, 370, 340, 18, 332, 321, 174, 258, 356, 156, 222, 378, 251, 315, 65, 17, 73, 55, 393, 168, 341, 116, 25, 308, 288, 129, 16, 397, 236, 354, 122, 282, 355, 349, 1, 75, 77, 84, 131, 196, 264, 319, 323, 326, 390, 369, 177, 242, 389, 362, 19, 383, 175, 331, 293, 154, 24, 0, 93, 99, 226, 146, 148, 78, 104, 88, 291, 114, 29, 184, 376, 89, 13, 14, 118, 304, 287, 241, 11, 387, 2, 54, 306, 169, 126, 113, 7, 83, 133, 108, 310, 375, 230, 208, 268, 180, 324, 102, 280, 344, 227, 289, 186, 228, 71, 172, 395, 224, 76, 198, 220, 56, 41, 346, 21, 244, 400, 46, 87, 160, 347, 278, 223, 64, 60, 246, 176, 30, 27, 359, 401, 309, 342, 247, 267, 252, 52, 335, 32, 211, 42, 22, 357, 303, 232, 170, 249, 307, 360, 85, 210, 296, 139, 313, 72, 179, 117, 137, 74, 152, 193, 274, 61, 119, 269, 218, 159, 271, 238, 48, 229, 53, 141, 82, 182, 248, 110, 112, 272, 207, 98, 276, 403, 100, 221, 350, 398, 281, 348, 161, 386, 283, 194, 298, 275, 217, 121, 158, 187, 373, 135, 199, 225, 20, 39, 213, 166, 364, 330, 219, 190, 311, 197, 200, 290, 237, 127, 132, 128, 189, 80, 327, 372, 245, 284, 70, 257, 155, 149, 86, 67, 59, 256, 195, 212, 338, 367, 124, 47, 379, 201, 111, 358, 68, 36, 35, 235, 163, 144, 329, 374, 97, 45, 384, 333, 204, 318, 107, 125, 162, 352, 365, 297, 157, 43, 44, 105, 91, 255, 66, 134, 63, 4, 9, 151, 216, 95, 33, 191, 233, 101, 140, 62, 292, 171, 164, 385, 143, 214, 317, 325, 147, 5, 12, 51, 145, 90, 273, 37, 366, 260, 322, 301, 382, 316, 130, 402, 337, 250, 185, 380, 381, 277, 192, 57, 31, 138, 314, 394, 266, 285, 181, 209, 115, 203, 79, 202, 142, 50, 240, 261, 392, 262, 58, 336, 234, 15, 396, 173, 215, 165, 300, 92, 294, 253, 3, 263, 123, 26, 109, 343, 231, 243, 295, 368, 136, 120, 103, 28, 312, 371, 279, 305, 361, 353, 49, 23, 183, 38, 167, 40, 328, 299, 339, 399, 286, 34, 81], [0, 0, 1, 0, 1, 1, 0, 1, 0, 0, 1, 1, 0, 1, 1, 0, 1, 0, 1, 0, 0, 1, 0, 1, 1, 1, 0, 0, 1, 0, 1, 1, 1, 0, 0, 1, 0, 0, 1, 0, 1, 0, 1, 1, 0, 1, 0, 1, 0, 0, 0, 0, 1, 0, 0, 1, 0, 0, 1, 0, 0, 0, 0, 0, 0, 0, 1, 0, 0, 1, 1, 1, 1, 1, 0, 0, 0, 1, 1, 1, 1, 0, 0, 0, 0, 1, 0, 0, 0, 1, 1, 0, 1, 0, 0, 0, 1, 0, 0, 1, 0, 0, 1, 0, 0, 1, 0, 1, 1, 1, 0, 1, 0, 0, 1, 1, 1, 0, 1, 1, 0, 1, 0, 1, 1, 1, 0, 1, 1, 0, 0, 0, 1, 1, 0, 0, 1, 0, 0, 1, 0, 0, 1, 1, 1, 0, 0, 1, 1, 1, 1, 1, 1, 0, 0, 1, 0, 0, 1, 1, 1, 0, 0, 1, 0, 1, 0, 1, 1, 1, 0, 1, 0, 1, 0, 0, 1, 0, 0, 0, 0, 1, 1, 1, 0, 0, 0, 1, 1, 0, 0, 1, 0, 0, 0, 0, 1, 0, 1, 0, 1, 1, 0, 0, 0, 0, 1, 0, 1, 0, 1, 1, 1, 1, 1, 0, 0, 1, 0, 1, 1, 0, 1, 1, 0, 0, 1, 1, 0, 1, 0, 1, 0, 0, 1, 0, 0, 0, 1, 1, 1, 0, 1, 1, 1, 1, 0, 0, 1, 0, 0, 0, 1, 1, 1, 1, 1, 1, 0, 0, 1, 1, 0, 0, 1, 0, 0, 1, 1, 0, 0, 1, 0, 0, 1, 0, 1, 1, 1, 0, 0, 1, 0, 0, 1, 1, 0, 1, 0, 1, 1, 1, 1, 0, 0, 0, 1, 0, 1, 1, 0, 1, 0, 0, 0, 1, 0, 1, 0, 0, 0, 1, 0, 1, 1, 0, 1, 1, 0, 1, 0, 0, 0, 0, 1, 1, 1, 0, 1, 0, 1, 0, 1, 1, 1, 0, 1, 1, 1, 0, 1, 1, 1, 1, 1, 0, 0, 0, 0, 1, 1, 1, 1, 1, 0, 1, 0, 0, 1, 1, 0, 0, 0, 1, 1, 1, 0, 1, 0, 0, 0, 1, 1, 1, 1, 1, 1, 0, 1, 1, 0, 0, 1, 1, 1, 1, 0, 1, 1, 1, 1, 0, 1, 0, 1, 1, 0, 1, 0, 1, 1, 0, 1, 1]]
Fitness:  116.15022345530885
Gens:  [0, 1, 2, 3, 4, 5, 6, 7, 8, 9, 10, 11, 12, 13, 14, 15, 16]
Inds:  [117.31772345530884, 117.25022345530893, 116.99772345530893, 116.75772345530896, 116.99772345530891, 116.15022345530885, 116.63522345530886, 116.70272345530893, 116.66022345530895, 116.69022345530897, 116.51522345530888, 116.51522345530888, 116.51522345530888, 116.56272345530887, 116.64522345530897, 116.49522345530893, 116.24522345530889]

