GA: shapes1_mod_pack

Execução 1:
Parametros: Pop=5000, CXPB=0.75, MUTPB=0.15, Parada=100
Tempo de Inicio (hh:mm:ss.ms) 2026-04-28 14:14:44.605782
gen	min    	max   	avg    	std     
0  	97.3923	101.95	99.5821	0.604983
1  	97.0398	101.465	99.2566	0.572672
32 	96.0447	101.33 	98.4755	0.811642
Tempo de Termino (hh:mm:ss.ms) 2026-04-28 14:17:58.845954
Tempo Total (hh:mm:ss.ms) 0:03:14.240172
Individuo: [[261, 243, 214, 101, 141, 361, 162, 110, 100, 167, 176, 231, 198, 352, 310, 278, 263, 311, 329, 180, 191, 114, 185, 202, 326, 235, 322, 16, 40, 364, 358, 46, 28, 223, 229, 293, 0, 351, 287, 175, 128, 188, 324, 331, 360, 148, 47, 57, 20, 226, 253, 154, 317, 25, 51, 341, 315, 250, 365, 201, 332, 39, 189, 342, 8, 32, 258, 205, 92, 248, 149, 241, 244, 63, 106, 144, 15, 279, 228, 272, 227, 99, 334, 368, 239, 43, 77, 11, 112, 218, 225, 56, 292, 283, 271, 336, 182, 117, 73, 296, 275, 108, 38, 338, 85, 139, 233, 7, 195, 370, 335, 236, 372, 260, 290, 48, 215, 74, 130, 134, 257, 44, 330, 344, 304, 237, 60, 83, 273, 132, 284, 136, 150, 240, 10, 142, 137, 359, 217, 303, 184, 79, 54, 252, 369, 356, 328, 312, 345, 95, 17, 219, 166, 267, 264, 158, 88, 230, 313, 194, 340, 78, 55, 42, 109, 26, 64, 30, 98, 206, 186, 52, 265, 115, 19, 355, 133, 107, 31, 354, 138, 232, 126, 119, 82, 69, 216, 111, 204, 151, 62, 1, 159, 224, 282, 70, 270, 262, 346, 24, 285, 366, 280, 367, 50, 168, 41, 102, 242, 179, 37, 21, 61, 246, 281, 301, 80, 91, 2, 125, 234, 172, 170, 254, 349, 325, 266, 294, 116, 104, 207, 316, 96, 13, 113, 302, 353, 157, 222, 339, 308, 71, 76, 300, 221, 35, 255, 72, 173, 103, 363, 269, 268, 129, 29, 53, 161, 196, 289, 81, 200, 49, 34, 4, 291, 288, 256, 65, 323, 220, 6, 297, 169, 5, 118, 123, 124, 152, 208, 75, 58, 327, 350, 199, 357, 174, 14, 298, 213, 177, 307, 319, 122, 362, 249, 309, 295, 203, 120, 181, 89, 155, 333, 163, 165, 121, 259, 321, 245, 314, 211, 274, 22, 97, 171, 373, 183, 59, 3, 192, 210, 160, 90, 12, 9, 66, 318, 212, 140, 86, 348, 276, 343, 238, 197, 299, 131, 68, 286, 135, 67, 105, 36, 87, 127, 190, 164, 145, 84, 33, 193, 45, 143, 320, 94, 18, 277, 156, 247, 306, 371, 251, 347, 337, 178, 147, 146, 23, 93, 209, 153, 27, 305, 187], [1, 1, 1, 0, 1, 1, 1, 1, 1, 1, 0, 1, 0, 0, 1, 0, 0, 1, 1, 0, 0, 0, 0, 1, 0, 1, 0, 1, 0, 1, 0, 0, 1, 1, 1, 0, 1, 1, 1, 1, 1, 1, 0, 0, 0, 0, 0, 0, 1, 1, 1, 0, 1, 1, 1, 0, 1, 1, 0, 0, 1, 0, 0, 0, 1, 1, 1, 0, 0, 1, 0, 0, 1, 0, 0, 1, 1, 1, 0, 1, 0, 1, 1, 0, 1, 1, 1, 0, 0, 1, 0, 1, 1, 0, 1, 0, 0, 0, 1, 0, 1, 0, 1, 0, 1, 1, 1, 1, 0, 0, 1, 1, 1, 0, 0, 1, 0, 1, 0, 1, 0, 1, 0, 0, 1, 1, 1, 1, 1, 0, 1, 1, 1, 0, 0, 0, 1, 0, 0, 0, 0, 0, 0, 0, 1, 0, 0, 0, 0, 0, 1, 1, 1, 0, 0, 1, 1, 1, 0, 1, 1, 1, 0, 0, 1, 1, 1, 0, 1, 1, 0, 1, 0, 1, 1, 1, 0, 1, 0, 0, 1, 0, 1, 0, 0, 1, 1, 1, 0, 1, 0, 1, 0, 1, 1, 0, 1, 1, 0, 0, 1, 1, 1, 0, 1, 0, 0, 0, 1, 1, 0, 1, 1, 0, 0, 0, 0, 1, 0, 1, 1, 1, 1, 0, 0, 0, 0, 0, 1, 1, 0, 0, 1, 1, 0, 1, 0, 0, 1, 1, 0, 1, 1, 0, 1, 1, 0, 0, 0, 0, 1, 1, 0, 0, 0, 1, 1, 0, 0, 1, 0, 1, 0, 0, 1, 0, 0, 1, 0, 0, 1, 1, 0, 0, 0, 0, 0, 0, 0, 1, 1, 0, 0, 1, 1, 0, 1, 1, 0, 1, 1, 1, 0, 0, 0, 0, 1, 1, 0, 0, 1, 1, 0, 1, 0, 1, 0, 1, 1, 0, 1, 0, 1, 0, 1, 1, 1, 1, 1, 0, 0, 1, 1, 0, 0, 0, 0, 1, 0, 0, 1, 1, 0, 1, 1, 0, 0, 0, 0, 1, 0, 1, 0, 1, 0, 1, 1, 0, 0, 1, 1, 1, 1, 1, 1, 0, 1, 0, 0, 1, 0, 1, 0, 0, 1, 1, 1, 0, 1, 1, 0, 0, 1, 0]]
Fitness:  96.01497779324274
Gens:  [0, 1, 2, 3, 4, 5, 6, 7, 8, 9, 10, 11, 12, 13, 14, 15, 16, 17, 18, 19, 20, 21, 22, 23, 24, 25, 26, 27, 28, 29, 30, 31, 32]
Inds:  [97.39229846136666, 97.03983672057323, 97.02313140460944, 96.77407591086212, 96.77407591086212, 96.66185051668417, 96.64281877743377, 96.80055658661995, 96.70120172754864, 96.76984892770149, 96.62860638760779, 96.41860118478161, 96.5615178255999, 96.5055779342035, 96.35627240691954, 96.56741611153535, 96.47001500578122, 96.47001500578122, 96.40808225881787, 96.40808225881787, 96.40808225881787, 96.01497779324274, 96.01497779324274, 96.14682720672663, 96.3729617058886, 96.07563718028092, 96.07563718028092, 96.07563718028092, 96.03806524390154, 96.07563718028092, 96.07259800414893, 96.3912579554596, 96.04469902619083]

