GA: shapes1_mod_sep

Execução 1:
Parametros: Pop=5000, CXPB=0.75, MUTPB=0.15, Parada=100
Tempo de Inicio (hh:mm:ss.ms) 2026-04-28 14:14:52.522662
gen	min   	max    	avg    	std     
0  	98.243	103.176	100.889	0.649959
1  	98.6686	103.088	100.561	0.61658 
37 	97.2206	102.462	99.6965	0.888563
Tempo de Termino (hh:mm:ss.ms) 2026-04-28 14:18:34.692630
Tempo Total (hh:mm:ss.ms) 0:03:42.169968
Individuo: [[175, 336, 359, 81, 370, 331, 348, 111, 215, 211, 234, 129, 207, 330, 90, 165, 164, 6, 173, 277, 333, 284, 303, 188, 121, 242, 184, 259, 345, 59, 150, 181, 56, 100, 61, 320, 288, 301, 79, 152, 236, 282, 279, 197, 238, 180, 51, 42, 37, 125, 337, 35, 117, 349, 116, 48, 104, 217, 367, 139, 141, 200, 227, 130, 221, 47, 39, 229, 323, 118, 63, 122, 24, 50, 36, 32, 278, 289, 107, 146, 103, 226, 98, 123, 178, 75, 174, 149, 300, 194, 344, 209, 183, 136, 28, 341, 307, 274, 342, 216, 87, 43, 161, 310, 260, 218, 69, 223, 232, 124, 201, 60, 148, 158, 162, 23, 182, 196, 271, 263, 230, 105, 109, 31, 322, 326, 356, 346, 44, 46, 290, 132, 219, 172, 261, 334, 311, 362, 157, 140, 156, 361, 208, 78, 190, 155, 220, 147, 246, 177, 297, 176, 268, 231, 233, 65, 70, 71, 13, 72, 329, 269, 179, 38, 170, 204, 114, 273, 143, 306, 327, 254, 153, 154, 151, 244, 127, 350, 195, 21, 68, 34, 267, 314, 16, 7, 270, 371, 360, 222, 302, 160, 67, 291, 113, 77, 317, 293, 373, 112, 120, 262, 88, 324, 281, 351, 5, 110, 52, 185, 339, 119, 1, 368, 133, 95, 45, 115, 369, 286, 243, 167, 355, 251, 237, 309, 80, 92, 235, 89, 276, 82, 332, 94, 138, 135, 292, 203, 131, 85, 205, 64, 145, 57, 202, 84, 93, 347, 354, 86, 17, 18, 299, 304, 256, 239, 29, 8, 49, 321, 335, 283, 338, 163, 357, 137, 192, 3, 27, 287, 241, 206, 257, 19, 73, 264, 272, 305, 325, 298, 186, 83, 96, 159, 312, 343, 166, 199, 10, 9, 22, 144, 62, 54, 247, 228, 248, 171, 198, 142, 11, 134, 126, 224, 358, 253, 15, 101, 193, 55, 168, 313, 212, 275, 41, 66, 4, 353, 74, 245, 20, 285, 296, 97, 352, 340, 315, 240, 76, 2, 0, 210, 308, 26, 214, 266, 191, 364, 250, 258, 265, 366, 319, 316, 187, 189, 106, 14, 294, 255, 169, 365, 249, 25, 295, 372, 225, 280, 318, 363, 252, 30, 91, 213, 99, 102, 12, 58, 40, 108, 328, 33, 53, 128], [0, 1, 0, 1, 0, 1, 0, 0, 0, 1, 0, 0, 1, 0, 1, 0, 0, 0, 1, 1, 0, 1, 0, 1, 1, 1, 0, 1, 1, 0, 0, 1, 0, 1, 0, 1, 1, 1, 0, 0, 1, 0, 1, 1, 0, 1, 1, 1, 1, 1, 0, 1, 0, 0, 0, 0, 1, 0, 0, 1, 1, 0, 0, 1, 0, 0, 1, 0, 1, 0, 0, 0, 0, 0, 1, 0, 0, 1, 0, 1, 0, 0, 0, 1, 0, 0, 1, 0, 1, 0, 0, 0, 1, 0, 1, 0, 0, 0, 1, 1, 1, 1, 1, 1, 0, 0, 1, 1, 1, 0, 1, 1, 1, 1, 1, 1, 0, 0, 0, 1, 1, 1, 1, 1, 0, 1, 0, 0, 1, 1, 0, 0, 0, 0, 0, 0, 1, 0, 0, 1, 1, 0, 1, 1, 0, 0, 0, 1, 1, 1, 1, 0, 1, 1, 0, 1, 0, 1, 0, 1, 1, 1, 1, 1, 1, 1, 0, 1, 0, 0, 1, 1, 1, 1, 1, 1, 0, 0, 1, 1, 1, 1, 1, 1, 0, 1, 1, 0, 1, 1, 1, 0, 0, 0, 1, 1, 1, 0, 1, 0, 0, 0, 1, 1, 1, 1, 0, 1, 1, 1, 0, 1, 0, 1, 1, 0, 0, 0, 1, 1, 1, 1, 1, 0, 1, 0, 0, 1, 1, 1, 0, 0, 1, 1, 1, 0, 1, 1, 1, 0, 0, 1, 0, 1, 1, 0, 0, 0, 1, 1, 1, 1, 0, 0, 1, 0, 0, 0, 0, 1, 0, 1, 1, 1, 0, 0, 0, 0, 1, 1, 0, 0, 1, 1, 0, 1, 0, 1, 1, 0, 0, 1, 1, 1, 1, 1, 1, 1, 1, 0, 1, 1, 1, 1, 0, 0, 1, 0, 1, 0, 0, 0, 1, 1, 0, 1, 1, 0, 1, 0, 1, 1, 1, 1, 0, 0, 1, 0, 1, 0, 1, 1, 1, 1, 1, 1, 1, 1, 1, 0, 0, 0, 0, 0, 1, 1, 1, 1, 1, 0, 0, 1, 1, 1, 1, 0, 1, 1, 1, 1, 1, 0, 1, 0, 1, 1, 1, 0, 0, 0, 0, 0, 1, 0, 0, 0, 0, 1, 0, 1, 0, 0, 0, 1]]
Fitness:  97.00793066809706
Gens:  [0, 1, 2, 3, 4, 5, 6, 7, 8, 9, 10, 11, 12, 13, 14, 15, 16, 17, 18, 19, 20, 21, 22, 23, 24, 25, 26, 27, 28, 29, 30, 31, 32, 33, 34, 35, 36, 37]
Inds:  [98.24304933527598, 98.668605953879, 98.2901036923708, 98.06725984329454, 97.93290415329567, 97.50660904201466, 97.39111241853033, 97.39111241853033, 97.39111241853033, 97.3495968652785, 97.3495968652785, 97.39111241853033, 97.3343555756952, 97.3343555756952, 97.29174291178079, 97.39111241853033, 97.37581285511173, 97.15922951306587, 97.15922951306587, 97.07540175137326, 97.03674165782418, 97.03674165782418, 97.03674165782418, 97.03230128346334, 97.05095320201166, 97.05095320201166, 97.00793066809706, 97.25854716674974, 97.27180036223065, 97.28707876367966, 97.28707876367966, 97.34357980225629, 97.34357980225629, 97.27067289433627, 97.45003930820891, 97.40494259401908, 97.37864666584315, 97.22055530442688]

