GA: shirts_mod_pack

Execução 1:
Parametros: Pop=5000, CXPB=0.75, MUTPB=0.15, Parada=100
Tempo de Inicio (hh:mm:ss.ms) 2026-04-28 14:15:14.820633
gen	min    	max    	avg    	std    
0  	322.357	340.216	331.672	2.33741
1  	322.357	339.458	330.438	2.17574
Tempo de Termino (hh:mm:ss.ms) 2026-04-28 14:20:32.826013
Tempo Total (hh:mm:ss.ms) 0:05:18.005380
Individuo: [[704, 681, 179, 207, 667, 453, 461, 515, 577, 128, 356, 686, 192, 490, 425, 645, 556, 55, 264, 300, 263, 339, 141, 392, 165, 590, 255, 271, 97, 459, 327, 534, 183, 513, 329, 151, 256, 253, 455, 62, 60, 85, 136, 174, 202, 100, 620, 341, 166, 153, 382, 68, 655, 104, 79, 694, 550, 322, 117, 131, 324, 190, 361, 114, 186, 412, 652, 624, 575, 589, 592, 391, 81, 234, 169, 229, 349, 533, 524, 26, 147, 160, 143, 443, 705, 283, 15, 468, 346, 669, 605, 69, 195, 118, 408, 247, 511, 177, 318, 54, 612, 471, 460, 480, 586, 44, 507, 239, 260, 678, 410, 193, 545, 92, 73, 107, 194, 542, 551, 638, 682, 59, 350, 14, 2, 290, 452, 691, 270, 696, 514, 249, 635, 45, 502, 310, 39, 184, 380, 711, 24, 307, 120, 236, 458, 662, 53, 552, 631, 393, 442, 398, 308, 296, 78, 102, 259, 258, 27, 266, 252, 246, 366, 449, 314, 509, 127, 274, 601, 674, 710, 416, 576, 40, 217, 302, 129, 187, 149, 519, 707, 90, 142, 157, 665, 713, 312, 660, 289, 518, 537, 277, 152, 406, 4, 48, 204, 334, 211, 462, 640, 700, 649, 594, 508, 297, 347, 170, 359, 123, 446, 708, 608, 185, 476, 405, 615, 609, 145, 17, 421, 521, 83, 294, 570, 499, 642, 84, 419, 213, 208, 28, 568, 475, 71, 316, 74, 209, 122, 130, 132, 231, 3, 357, 495, 530, 282, 399, 602, 503, 626, 526, 319, 121, 41, 37, 95, 124, 278, 469, 493, 664, 315, 531, 447, 135, 250, 401, 42, 492, 332, 61, 223, 517, 353, 548, 125, 23, 150, 11, 445, 671, 498, 396, 539, 19, 450, 284, 242, 400, 248, 269, 287, 196, 487, 144, 637, 706, 693, 138, 337, 304, 251, 10, 317, 235, 617, 549, 431, 555, 293, 426, 267, 505, 188, 536, 547, 543, 82, 532, 579, 108, 618, 565, 415, 51, 663, 65, 651, 512, 331, 390, 75, 355, 422, 470, 702, 336, 520, 411, 76, 244, 12, 451, 650, 646, 377, 463, 500, 559, 692, 13, 482, 323, 619, 424, 197, 417, 529, 233, 472, 164, 395, 581, 98, 88, 541, 561, 510, 280, 342, 58, 103, 86, 535, 326, 496, 43, 485, 414, 639, 611, 647, 687, 544, 600, 268, 32, 286, 659, 257, 527, 354, 309, 584, 525, 126, 182, 306, 159, 173, 295, 34, 162, 291, 387, 441, 643, 653, 154, 409, 501, 540, 698, 344, 261, 237, 644, 49, 214, 516, 715, 384, 484, 89, 245, 29, 18, 330, 87, 403, 582, 429, 146, 91, 57, 70, 279, 656, 557, 148, 553, 474, 226, 203, 20, 35, 163, 243, 64, 155, 370, 607, 654, 358, 374, 616, 383, 220, 489, 632, 574, 303, 697, 486, 680, 301, 372, 340, 436, 427, 31, 218, 63, 311, 113, 716, 351, 685, 599, 657, 111, 167, 139, 423, 634, 254, 440, 578, 198, 604, 428, 36, 338, 230, 168, 701, 625, 227, 240, 523, 683, 689, 610, 606, 633, 456, 72, 109, 596, 386, 56, 46, 189, 320, 265, 275, 433, 368, 369, 176, 201, 180, 225, 465, 5, 305, 363, 478, 25, 335, 325, 666, 695, 603, 262, 566, 348, 210, 483, 378, 292, 360, 7, 373, 200, 661, 546, 116, 47, 371, 679, 96, 80, 588, 658, 494, 613, 497, 333, 564, 376, 52, 437, 434, 438, 94, 156, 299, 158, 362, 171, 216, 397, 699, 688, 522, 597, 1, 221, 276, 714, 133, 622, 585, 134, 99, 375, 595, 636, 464, 206, 623, 593, 668, 709, 627, 367, 101, 50, 105, 178, 418, 272, 6, 33, 232, 9, 703, 273, 504, 432, 563, 506, 365, 191, 224, 106, 181, 281, 448, 298, 477, 717, 591, 614, 345, 238, 402, 222, 571, 388, 0, 137, 328, 16, 175, 321, 641, 673, 538, 288, 528, 562, 77, 67, 569, 215, 573, 381, 364, 677, 343, 629, 580, 558, 488, 567, 630, 466, 140, 457, 676, 394, 112, 241, 110, 554, 228, 219, 587, 598, 690, 30, 93, 8, 352, 22, 413, 672, 560, 628, 172, 66, 491, 712, 420, 481, 467, 572, 21, 444, 454, 313, 119, 379, 389, 199, 648, 435, 38, 205, 285, 675, 404, 161, 212, 385, 115, 479, 684, 670, 439, 473, 407, 430, 583, 621], [0, 1, 0, 0, 1, 0, 1, 0, 0, 0, 1, 0, 1, 1, 0, 0, 0, 0, 1, 1, 0, 1, 0, 1, 1, 1, 1, 1, 1, 0, 1, 0, 0, 0, 1, 0, 1, 0, 0, 0, 0, 0, 1, 0, 0, 0, 1, 0, 1, 1, 0, 1, 0, 1, 0, 1, 1, 0, 0, 1, 1, 1, 1, 1, 1, 1, 0, 0, 0, 1, 0, 1, 1, 0, 0, 1, 0, 0, 0, 1, 1, 0, 1, 0, 0, 1, 0, 0, 0, 1, 1, 0, 0, 1, 1, 1, 0, 1, 0, 1, 0, 0, 0, 1, 0, 0, 1, 1, 1, 0, 0, 0, 0, 0, 0, 1, 0, 0, 1, 1, 0, 1, 1, 0, 1, 0, 1, 1, 0, 1, 0, 1, 1, 1, 1, 1, 0, 1, 1, 0, 1, 1, 0, 1, 1, 0, 1, 0, 1, 0, 0, 0, 0, 0, 1, 0, 1, 0, 1, 1, 1, 1, 1, 1, 1, 1, 1, 1, 0, 0, 0, 1, 1, 0, 0, 0, 1, 0, 1, 0, 1, 0, 1, 1, 0, 1, 1, 1, 1, 1, 1, 1, 0, 1, 0, 0, 1, 0, 1, 0, 0, 0, 0, 0, 0, 0, 1, 1, 1, 1, 1, 1, 1, 0, 1, 1, 0, 0, 0, 1, 1, 0, 1, 1, 0, 1, 0, 0, 1, 0, 0, 1, 1, 1, 1, 1, 1, 0, 0, 0, 0, 1, 1, 0, 0, 0, 1, 1, 1, 1, 0, 0, 0, 1, 0, 0, 1, 0, 0, 0, 0, 0, 0, 1, 1, 1, 0, 0, 0, 0, 1, 1, 1, 1, 0, 1, 1, 1, 1, 1, 0, 1, 0, 1, 0, 1, 1, 0, 0, 1, 0, 0, 1, 0, 0, 0, 1, 1, 0, 0, 0, 1, 0, 1, 1, 1, 1, 0, 1, 1, 1, 1, 0, 1, 0, 1, 1, 0, 1, 0, 0, 0, 0, 1, 1, 1, 1, 0, 1, 0, 0, 0, 1, 1, 0, 0, 1, 0, 1, 0, 0, 1, 0, 0, 0, 0, 0, 0, 0, 1, 0, 0, 0, 1, 0, 0, 1, 0, 0, 0, 1, 1, 1, 0, 1, 0, 0, 1, 0, 0, 0, 0, 1, 1, 0, 1, 0, 1, 0, 0, 0, 1, 1, 0, 0, 1, 0, 1, 1, 0, 0, 0, 0, 1, 1, 1, 1, 0, 0, 0, 0, 1, 1, 0, 0, 1, 0, 1, 1, 1, 0, 1, 1, 0, 0, 0, 0, 0, 1, 1, 1, 0, 0, 1, 0, 0, 1, 0, 1, 1, 1, 0, 1, 1, 0, 0, 1, 1, 0, 1, 1, 0, 1, 1, 0, 0, 1, 0, 1, 0, 0, 1, 0, 0, 0, 0, 1, 0, 0, 1, 0, 0, 1, 0, 0, 1, 1, 0, 1, 0, 0, 1, 1, 0, 0, 0, 1, 1, 1, 1, 0, 1, 0, 0, 1, 1, 0, 1, 0, 1, 0, 1, 1, 1, 0, 1, 0, 1, 1, 0, 1, 0, 0, 0, 0, 1, 0, 0, 1, 1, 1, 0, 0, 1, 0, 0, 1, 1, 0, 0, 0, 0, 1, 1, 1, 1, 1, 0, 0, 0, 1, 0, 0, 0, 1, 0, 0, 1, 0, 0, 0, 1, 0, 1, 1, 0, 0, 0, 1, 1, 0, 0, 0, 1, 1, 1, 0, 0, 0, 1, 0, 1, 1, 0, 0, 1, 1, 1, 0, 1, 1, 0, 1, 1, 0, 0, 1, 0, 0, 0, 0, 0, 0, 1, 0, 1, 1, 1, 1, 1, 1, 0, 0, 0, 0, 1, 1, 1, 0, 1, 1, 1, 1, 1, 1, 0, 0, 0, 1, 0, 0, 1, 1, 0, 0, 0, 1, 0, 1, 1, 0, 1, 1, 0, 1, 0, 0, 0, 0, 1, 1, 0, 0, 1, 0, 0, 1, 0, 1, 0, 1, 1, 0, 1, 1, 0, 0, 1, 0, 0, 1, 1, 1, 0, 1, 0, 1, 0, 0, 1, 0, 0, 1, 0, 1, 0, 0, 1, 1, 0, 1, 0, 0, 1, 1, 1, 1, 1, 1, 0, 1, 0, 0, 1, 0, 1, 0, 0, 0, 1, 0, 0, 0, 0, 1, 0, 0, 0, 1, 0, 0, 1, 1, 1, 0, 0, 1, 1, 0, 1, 0, 1, 1, 0, 1, 1, 1, 1]]
Fitness:  317.2133697227608
Gens:  [0, 1, 2, 3, 4, 5, 6, 7, 8, 9, 10, 11, 12, 13, 14, 15, 16, 17, 18, 19, 20, 21, 22, 23, 24, 25, 26, 27, 28, 29]
Inds:  [322.35694796838675, 322.35694796838675, 322.38220396953943, 322.43442112639553, 321.9914806227234, 321.4895666595155, 320.0008896337628, 320.38878159671106, 319.4574385210649, 320.3548956768938, 320.6515969720489, 318.1049621804738, 319.36223470547105, 319.36223470547105, 319.36223470547105, 319.36223470547105, 318.82798510855383, 318.82798510855383, 317.89620297060634, 317.89620297060634, 317.2133697227608, 317.9871100141148, 317.9871100141148, 318.1029255941938, 319.0007750349637, 320.25042299226124, 320.0237543606808, 319.9714136106913, 319.9753243268358, 319.211656596681]

