GA: swim_sep

Execução 1:
Parametros: Pop=5000, CXPB=0.75, MUTPB=0.15, Parada=100
Tempo de Inicio (hh:mm:ss.ms) 2026-04-28 14:16:46.371012
gen	min    	max    	avg    	std    
0  	21134.1	22462.8	21778.6	177.799
1  	21099  	22301.5	21684  	165.5  
19 	20756.4	22165.4	21474  	228.576
Tempo de Termino (hh:mm:ss.ms) 2026-04-28 14:21:06.773584
Tempo Total (hh:mm:ss.ms) 0:04:20.402572
Individuo: [[451, 248, 559, 569, 744, 811, 767, 644, 327, 21, 5, 132, 177, 109, 87, 90, 469, 747, 202, 315, 636, 260, 377, 522, 152, 443, 278, 756, 600, 262, 593, 896, 675, 506, 459, 544, 426, 411, 358, 836, 828, 924, 623, 196, 645, 868, 213, 686, 624, 356, 824, 598, 525, 614, 906, 835, 851, 269, 473, 903, 48, 480, 795, 389, 191, 144, 160, 711, 277, 303, 516, 487, 900, 635, 338, 445, 456, 267, 142, 866, 696, 460, 297, 620, 153, 193, 122, 239, 234, 513, 681, 246, 65, 359, 920, 424, 210, 331, 151, 49, 704, 170, 129, 351, 717, 901, 336, 942, 652, 780, 904, 585, 189, 316, 59, 671, 736, 791, 576, 483, 818, 46, 171, 79, 416, 137, 275, 233, 462, 370, 157, 888, 567, 302, 825, 16, 847, 491, 286, 484, 29, 282, 14, 659, 346, 190, 850, 564, 314, 664, 914, 640, 727, 26, 36, 6, 178, 925, 923, 34, 318, 899, 687, 420, 713, 448, 40, 918, 802, 25, 574, 621, 328, 82, 677, 589, 719, 638, 52, 941, 720, 625, 84, 601, 810, 575, 533, 554, 355, 263, 339, 175, 933, 777, 515, 86, 369, 70, 281, 954, 402, 692, 873, 266, 466, 535, 545, 556, 741, 508, 446, 62, 829, 18, 409, 115, 709, 857, 30, 401, 455, 494, 661, 927, 349, 549, 468, 698, 241, 618, 255, 807, 732, 892, 877, 245, 283, 673, 162, 608, 217, 551, 440, 128, 887, 206, 955, 822, 860, 174, 587, 898, 721, 838, 779, 432, 235, 498, 492, 688, 715, 452, 738, 265, 146, 541, 165, 372, 344, 735, 504, 403, 639, 337, 588, 352, 922, 205, 405, 782, 814, 626, 550, 23, 471, 399, 183, 117, 604, 774, 362, 584, 167, 181, 119, 730, 309, 138, 875, 552, 951, 769, 64, 497, 948, 813, 726, 943, 913, 505, 919, 871, 433, 865, 319, 507, 436, 493, 599, 928, 649, 198, 607, 39, 305, 474, 185, 73, 135, 324, 54, 606, 74, 136, 155, 759, 815, 882, 251, 268, 796, 561, 218, 663, 772, 148, 870, 226, 127, 423, 743, 907, 159, 450, 534, 916, 76, 841, 938, 852, 512, 382, 51, 792, 724, 762, 7, 597, 936, 703, 947, 478, 293, 881, 391, 770, 357, 388, 180, 47, 75, 563, 959, 958, 299, 481, 95, 592, 783, 902, 656, 643, 215, 83, 523, 373, 685, 182, 809, 192, 13, 298, 532, 539, 4, 808, 397, 20, 447, 345, 444, 647, 706, 379, 390, 693, 781, 543, 387, 408, 667, 658, 929, 207, 227, 270, 944, 104, 570, 897, 565, 572, 114, 615, 751, 547, 553, 716, 805, 610, 605, 333, 861, 734, 264, 891, 486, 37, 885, 225, 312, 457, 748, 602, 321, 910, 31, 557, 322, 763, 596, 684, 292, 931, 398, 9, 579, 78, 862, 859, 755, 853, 880, 826, 38, 125, 335, 256, 827, 252, 609, 680, 238, 768, 889, 611, 908, 586, 250, 699, 595, 725, 430, 580, 617, 438, 939, 53, 475, 172, 231, 855, 710, 449, 419, 650, 289, 728, 279, 96, 361, 247, 11, 705, 296, 258, 0, 188, 568, 773, 848, 856, 33, 691, 32, 17, 27, 655, 509, 577, 485, 421, 19, 470, 495, 208, 380, 434, 562, 61, 413, 343, 101, 105, 630, 141, 935, 439, 463, 274, 68, 186, 102, 211, 81, 179, 437, 429, 428, 287, 99, 224, 304, 244, 123, 934, 501, 629, 790, 295, 472, 753, 488, 555, 323, 145, 694, 273, 845, 393, 842, 396, 740, 150, 156, 3, 536, 957, 749, 761, 376, 111, 131, 707, 490, 66, 317, 832, 854, 325, 603, 530, 334, 946, 566, 58, 56, 332, 143, 147, 1, 342, 291, 187, 697, 222, 28, 454, 214, 92, 739, 926, 937, 571, 223, 799, 60, 164, 294, 404, 788, 284, 308, 91, 330, 257, 737, 754, 531, 662, 911, 8, 106, 812, 197, 209, 71, 817, 537, 840, 949, 800, 360, 88, 702, 441, 24, 435, 646, 712, 120, 69, 229, 648, 945, 879, 676, 628, 932, 722, 878, 306, 383, 259, 366, 634, 583, 85, 793, 895, 482, 521, 50, 519, 631, 786, 41, 632, 776, 894, 867, 952, 527, 230, 347, 219, 195, 590, 665, 893, 653, 843, 794, 560, 821, 378, 500, 348, 121, 884, 385, 236, 118, 42, 529, 619, 173, 546, 760, 806, 820, 622, 872, 510, 169, 395, 651, 116, 199, 149, 221, 787, 158, 253, 89, 240, 285, 616, 301, 300, 558, 654, 216, 237, 695, 517, 271, 668, 930, 313, 220, 176, 912, 839, 670, 831, 750, 849, 307, 804, 134, 642, 876, 354, 869, 168, 581, 953, 844, 524, 410, 502, 757, 467, 503, 778, 464, 364, 261, 130, 163, 784, 542, 771, 288, 353, 107, 406, 374, 10, 371, 496, 950, 830, 57, 22, 311, 816, 669, 594, 77, 400, 100, 67, 633, 921, 886, 775, 418, 113, 272, 837, 548, 864, 729, 905, 819, 363, 683, 320, 407, 708, 637, 394, 184, 194, 276, 139, 110, 909, 733, 422, 499, 511, 752, 785, 823, 465, 591, 846, 526, 833, 280, 43, 126, 375, 723, 133, 72, 12, 890, 718, 746, 573, 582, 365, 682, 514, 528, 381, 415, 161, 666, 700, 915, 476, 689, 758, 2, 45, 386, 612, 417, 94, 425, 627, 672, 442, 745, 578, 766, 690, 797, 228, 917, 80, 15, 956, 858, 518, 200, 789, 243, 765, 461, 679, 254, 290, 657, 538, 801, 154, 124, 97, 341, 414, 203, 874, 764, 453, 166, 201, 140, 232, 742, 477, 44, 63, 412, 242, 714, 520, 458, 479, 326, 731, 340, 863, 641, 540, 55, 204, 803, 613, 427, 660, 112, 108, 674, 940, 798, 310, 392, 93, 103, 35, 329, 384, 489, 834, 249, 368, 701, 431, 678, 350, 98, 367, 212, 883], [0, 1, 0, 0, 0, 0, 0, 0, 0, 0, 0, 1, 1, 1, 1, 0, 0, 1, 1, 1, 1, 1, 0, 0, 0, 0, 1, 0, 1, 0, 0, 0, 0, 0, 1, 1, 0, 1, 0, 1, 1, 0, 0, 1, 0, 1, 1, 0, 1, 0, 1, 0, 0, 0, 0, 1, 1, 1, 0, 0, 1, 0, 1, 1, 1, 0, 1, 0, 1, 0, 0, 1, 1, 1, 0, 0, 0, 0, 1, 1, 1, 1, 0, 1, 0, 0, 0, 0, 1, 1, 0, 0, 0, 1, 0, 0, 0, 0, 0, 1, 0, 0, 0, 1, 1, 0, 0, 1, 0, 0, 0, 1, 0, 0, 1, 1, 1, 0, 1, 1, 0, 1, 0, 0, 1, 1, 1, 1, 1, 0, 1, 1, 0, 1, 0, 0, 1, 0, 0, 1, 1, 1, 0, 1, 1, 1, 0, 0, 1, 1, 1, 0, 1, 1, 0, 1, 0, 0, 0, 1, 0, 0, 0, 0, 1, 0, 0, 0, 1, 1, 1, 0, 0, 1, 1, 1, 1, 1, 1, 1, 0, 1, 1, 0, 0, 0, 1, 1, 0, 0, 0, 0, 1, 1, 0, 0, 1, 1, 0, 0, 1, 1, 1, 1, 1, 0, 1, 1, 0, 0, 0, 1, 0, 1, 0, 0, 0, 1, 1, 1, 0, 1, 0, 0, 1, 0, 1, 1, 0, 0, 1, 1, 1, 0, 0, 1, 0, 1, 1, 0, 1, 1, 0, 0, 0, 1, 1, 1, 1, 1, 1, 0, 1, 0, 0, 0, 0, 1, 1, 0, 1, 0, 0, 0, 1, 0, 1, 0, 0, 1, 0, 0, 1, 0, 1, 0, 1, 1, 1, 1, 1, 0, 1, 0, 1, 0, 0, 0, 0, 1, 0, 1, 1, 1, 0, 0, 0, 1, 1, 0, 1, 0, 1, 1, 1, 1, 1, 1, 1, 1, 1, 1, 1, 0, 0, 1, 1, 0, 0, 1, 0, 1, 0, 1, 1, 1, 1, 0, 0, 1, 1, 0, 0, 1, 0, 0, 0, 1, 1, 1, 0, 0, 0, 0, 0, 0, 0, 1, 1, 1, 1, 0, 0, 0, 1, 0, 1, 0, 1, 0, 1, 1, 1, 1, 0, 1, 1, 0, 0, 1, 0, 1, 1, 1, 1, 0, 0, 0, 1, 1, 1, 0, 0, 1, 1, 1, 1, 0, 1, 1, 0, 1, 1, 0, 0, 1, 0, 0, 0, 0, 1, 1, 0, 1, 0, 0, 1, 0, 0, 1, 0, 0, 1, 1, 1, 0, 0, 1, 1, 1, 1, 0, 0, 1, 1, 0, 1, 0, 1, 1, 1, 1, 0, 1, 1, 1, 0, 1, 0, 0, 1, 0, 0, 1, 1, 0, 1, 0, 1, 0, 0, 1, 1, 0, 0, 1, 0, 0, 0, 1, 1, 1, 0, 1, 0, 1, 1, 0, 1, 1, 0, 0, 0, 1, 1, 1, 1, 0, 1, 1, 1, 0, 0, 1, 0, 0, 0, 0, 0, 0, 1, 0, 1, 0, 0, 1, 0, 0, 0, 0, 1, 1, 0, 1, 1, 1, 0, 1, 0, 1, 0, 0, 0, 0, 0, 0, 1, 1, 1, 1, 0, 1, 1, 1, 1, 0, 1, 0, 0, 1, 1, 0, 1, 0, 0, 1, 1, 1, 1, 0, 1, 0, 0, 1, 0, 0, 0, 0, 0, 1, 0, 0, 0, 0, 1, 0, 0, 0, 1, 0, 0, 0, 0, 1, 0, 1, 1, 0, 1, 1, 1, 1, 1, 1, 0, 1, 1, 1, 1, 1, 1, 0, 0, 0, 0, 0, 0, 1, 1, 0, 1, 0, 0, 1, 1, 1, 1, 0, 1, 1, 0, 0, 1, 0, 0, 0, 0, 1, 1, 1, 1, 0, 1, 0, 0, 0, 0, 0, 1, 1, 0, 1, 1, 1, 0, 0, 1, 1, 0, 0, 0, 1, 1, 0, 0, 0, 0, 1, 1, 0, 0, 1, 1, 1, 1, 0, 1, 0, 0, 0, 1, 0, 1, 0, 0, 1, 1, 0, 0, 0, 1, 1, 0, 0, 1, 1, 1, 0, 0, 0, 1, 0, 0, 1, 0, 1, 0, 1, 0, 1, 0, 1, 0, 0, 0, 1, 0, 1, 1, 0, 1, 1, 1, 1, 1, 1, 1, 0, 0, 0, 1, 1, 1, 1, 0, 1, 1, 0, 1, 0, 0, 1, 0, 0, 1, 1, 0, 0, 1, 1, 1, 1, 0, 1, 0, 1, 1, 1, 1, 0, 0, 0, 0, 0, 1, 1, 1, 0, 1, 0, 0, 0, 0, 0, 0, 1, 0, 1, 1, 1, 1, 1, 1, 1, 0, 1, 1, 1, 0, 0, 0, 1, 1, 1, 1, 0, 1, 1, 1, 1, 1, 1, 1, 0, 0, 0, 0, 0, 1, 0, 1, 1, 0, 1, 1, 1, 1, 1, 1, 0, 1, 0, 1, 1, 1, 0, 1, 1, 1, 1, 0, 0, 1, 1, 1, 1, 0, 1, 0, 1, 1, 1, 0, 1, 1, 1, 1, 1, 0, 0, 0, 0, 1, 1, 0, 0, 0, 0, 0, 0, 1, 0, 1, 1, 1, 1, 1, 0, 1, 1, 0, 0, 0, 0, 0, 1, 1, 0, 0, 1, 0, 0, 1, 0, 0, 1, 0, 0, 0, 1, 1, 0, 1, 1, 1, 0, 1, 0, 1, 0, 0, 0, 0, 1, 1, 0, 0, 1, 1, 0, 0, 0, 0, 0, 1, 1, 1, 0, 1, 0, 0, 1, 0, 0, 1, 0, 1, 0, 1, 0, 1, 0, 0, 1, 0, 0, 0, 0, 1, 0, 0, 1, 0, 0, 0, 0, 0, 1, 0, 1, 0, 0, 0, 1, 1, 1, 1, 0, 1, 0, 1, 0, 1, 1, 0, 0, 0, 0, 1, 1, 1, 1, 0, 0, 1, 0, 1, 1, 1, 0, 0, 1, 0, 0, 0, 1, 1, 0, 1, 1]]
Fitness:  20745.966090281978
Gens:  [0, 1, 2, 3, 4, 5, 6, 7, 8, 9, 10, 11, 12, 13, 14, 15, 16, 17, 18, 19]
Inds:  [21134.07859028194, 21098.953590281915, 21057.40109028191, 21103.243590281945, 21029.15359028195, 21034.72359028191, 20960.716090281938, 20960.716090281938, 20745.966090281978, 20745.966090281978, 20774.31609028198, 20827.616090281907, 20860.31609028191, 20860.31609028191, 20876.556090281916, 20908.058590281973, 20796.703590281933, 20893.968590281947, 20848.758590281952, 20756.423590281942]

