GA: trousers_pack

Execução 1:
Parametros: Pop=5000, CXPB=0.75, MUTPB=0.15, Parada=100
Tempo de Inicio (hh:mm:ss.ms) 2026-04-28 14:17:10.723112
gen	min    	max    	avg    	std    
0  	345.077	358.649	352.318	1.95546
1  	345.139	358.884	351.298	1.87918
40 	341.209	357.812	348.534	2.62205
Tempo de Termino (hh:mm:ss.ms) 2026-04-28 14:21:02.617289
Tempo Total (hh:mm:ss.ms) 0:03:51.894177
Individuo: [[97, 32, 36, 319, 106, 246, 343, 253, 182, 249, 296, 155, 299, 159, 349, 100, 13, 38, 43, 52, 406, 19, 259, 398, 149, 300, 174, 63, 110, 117, 136, 350, 234, 434, 152, 22, 154, 170, 241, 197, 193, 34, 113, 194, 71, 430, 433, 185, 41, 50, 344, 337, 66, 35, 42, 255, 351, 218, 166, 64, 435, 389, 378, 345, 298, 415, 138, 216, 428, 217, 362, 238, 237, 325, 423, 137, 184, 55, 271, 293, 386, 420, 278, 114, 167, 176, 231, 283, 179, 177, 239, 99, 39, 195, 267, 6, 162, 202, 391, 123, 321, 46, 75, 93, 153, 431, 23, 29, 27, 225, 25, 282, 342, 274, 30, 44, 105, 150, 414, 111, 326, 61, 221, 165, 47, 45, 196, 60, 3, 148, 104, 131, 359, 370, 102, 140, 91, 279, 143, 206, 403, 198, 229, 409, 62, 180, 427, 405, 265, 135, 24, 187, 133, 199, 88, 260, 367, 172, 156, 379, 412, 168, 304, 341, 358, 320, 286, 178, 294, 288, 18, 235, 72, 316, 418, 263, 281, 173, 336, 400, 411, 323, 58, 228, 128, 208, 227, 78, 126, 8, 413, 120, 339, 240, 361, 125, 384, 315, 205, 301, 211, 303, 214, 12, 11, 360, 94, 258, 338, 244, 382, 139, 16, 219, 313, 262, 67, 290, 291, 226, 410, 273, 200, 112, 121, 388, 220, 335, 357, 417, 276, 266, 292, 381, 122, 397, 408, 81, 203, 270, 347, 175, 354, 257, 390, 324, 223, 141, 331, 422, 353, 108, 254, 340, 242, 37, 243, 302, 348, 251, 401, 392, 364, 307, 103, 31, 169, 107, 387, 328, 5, 317, 306, 207, 92, 164, 318, 124, 372, 352, 421, 222, 201, 157, 204, 272, 20, 80, 76, 230, 192, 424, 310, 385, 371, 1, 399, 284, 57, 248, 250, 295, 51, 373, 82, 245, 374, 118, 355, 144, 69, 233, 311, 26, 54, 236, 287, 393, 356, 161, 377, 280, 369, 416, 426, 73, 40, 275, 264, 261, 87, 70, 142, 86, 190, 109, 171, 33, 0, 160, 134, 247, 212, 21, 14, 383, 333, 407, 419, 297, 77, 191, 308, 277, 334, 101, 2, 49, 366, 327, 213, 346, 84, 363, 365, 85, 186, 17, 89, 147, 183, 15, 269, 215, 402, 252, 285, 380, 396, 95, 90, 130, 146, 68, 268, 129, 53, 9, 404, 429, 232, 145, 151, 209, 119, 83, 48, 98, 163, 376, 432, 181, 289, 28, 74, 127, 332, 314, 322, 394, 189, 56, 96, 188, 312, 210, 329, 256, 132, 10, 115, 4, 59, 330, 375, 79, 309, 395, 224, 368, 425, 116, 7, 65, 158, 305], [0, 0, 1, 1, 1, 0, 1, 1, 1, 0, 0, 0, 1, 0, 1, 1, 0, 0, 0, 1, 0, 1, 0, 1, 0, 0, 1, 1, 1, 1, 1, 0, 1, 1, 1, 1, 0, 0, 1, 0, 1, 0, 0, 1, 1, 0, 0, 1, 1, 1, 0, 0, 0, 0, 1, 1, 1, 0, 1, 1, 0, 1, 1, 0, 0, 1, 0, 0, 1, 1, 0, 0, 1, 1, 1, 1, 0, 1, 0, 1, 0, 0, 0, 0, 0, 0, 0, 1, 0, 0, 1, 1, 0, 1, 0, 1, 0, 0, 1, 0, 1, 0, 1, 0, 0, 0, 0, 0, 0, 1, 1, 1, 1, 1, 0, 1, 0, 0, 1, 0, 0, 1, 0, 1, 0, 1, 1, 1, 1, 1, 1, 1, 0, 0, 1, 0, 1, 1, 1, 0, 0, 0, 1, 0, 0, 1, 0, 0, 0, 1, 0, 0, 1, 1, 1, 0, 0, 1, 0, 1, 1, 0, 0, 0, 1, 0, 1, 1, 0, 1, 1, 0, 0, 0, 0, 0, 0, 1, 1, 1, 0, 0, 1, 1, 1, 0, 0, 0, 0, 1, 0, 0, 1, 0, 0, 1, 0, 0, 0, 0, 1, 1, 1, 1, 1, 0, 0, 0, 1, 0, 1, 1, 1, 1, 0, 1, 0, 1, 1, 0, 0, 0, 1, 0, 0, 1, 1, 1, 1, 1, 0, 1, 1, 0, 1, 1, 1, 0, 0, 0, 1, 1, 0, 1, 1, 1, 1, 1, 0, 1, 0, 0, 0, 0, 0, 1, 0, 0, 0, 1, 1, 0, 1, 0, 1, 1, 0, 0, 0, 0, 1, 1, 1, 0, 0, 0, 0, 1, 1, 0, 0, 0, 0, 1, 0, 0, 1, 1, 0, 1, 0, 1, 1, 0, 0, 1, 1, 1, 1, 1, 0, 0, 1, 0, 0, 1, 1, 1, 1, 1, 0, 1, 0, 1, 1, 0, 1, 1, 0, 1, 0, 1, 1, 0, 0, 1, 1, 0, 1, 0, 1, 1, 1, 0, 1, 1, 0, 0, 1, 1, 0, 1, 0, 0, 1, 1, 1, 1, 0, 0, 0, 1, 1, 1, 1, 0, 1, 0, 1, 1, 1, 0, 0, 1, 0, 0, 1, 1, 0, 0, 1, 1, 0, 0, 1, 1, 1, 0, 1, 0, 0, 1, 0, 0, 1, 1, 0, 1, 1, 1, 0, 0, 0, 1, 1, 1, 0, 0, 0, 1, 0, 1, 1, 0, 0, 0, 1, 1, 1, 1, 1, 0, 0, 1, 1, 0, 1, 0, 0, 1, 1, 1, 1, 0, 0, 0, 1, 0, 0, 1, 1, 1, 1, 1, 0, 0]]
Fitness:  340.59165416916613
Gens:  [0, 1, 2, 3, 4, 5, 6, 7, 8, 9, 10, 11, 12, 13, 14, 15, 16, 17, 18, 19, 20, 21, 22, 23, 24, 25, 26, 27, 28, 29, 30, 31, 32, 33, 34, 35, 36, 37, 38, 39, 40]
Inds:  [345.07665416916626, 345.1391541691662, 344.49415416916605, 342.51665416916626, 342.51665416916626, 343.5191541691661, 343.90665416916613, 342.7466541691664, 342.10415416916635, 342.24665416916594, 343.1841541691658, 342.70665416916637, 342.56165416916593, 342.56165416916593, 342.48915416916594, 342.56165416916593, 342.55665416916617, 342.1166541691662, 341.0791541691661, 342.0316541691662, 342.0091541691662, 341.6566541691663, 341.79415416916635, 341.7316541691662, 342.0316541691664, 341.98165416916663, 342.05665416916605, 341.84665416916596, 340.9691541691662, 340.59165416916613, 340.9691541691662, 340.9691541691662, 341.35165416916595, 341.4991541691659, 341.2366541691656, 341.6641541691659, 341.59165416916653, 340.7291541691664, 341.59165416916653, 340.6641541691658, 341.20915416916597]

